0.993852
1
1
0.999818
1
1
1
0.999999
1
1
1
1
0.999999
1
1
1
0.999998
1
0.999999
0.999999
1
1
1
0.999999
0.999998
1
1
1
1
1
0.999994
1
0.999991
1
1
1
1
1
0.999998
1
1
0.999995
1
0.99341
1
1
0.999999
0.999999
1
1
0.999981
1
1
1
0.999995
0.999976
0.999999
0.999999
0.999969
0.999997
0.999998
0.999936
1
0.999991
0.999927
0.999996
0.999999
0.999999
1
0.999998
0.999994
1
1
1
1
0.999999
0.999999
1
0.999985
1
1
1
1
1
1
1
1
1
0.534781
0.993359
0.355875
0.997131
0.994183
0.932829
0.908338
0.866195
0.925844
0.898458
0.966325
0.883681
0.638533
0.998164
0.878794
0.590078
0.83404
0.794804
0.913008
0.897071
0.986613
0.530097
0.815775
0.622596
0.591141
0.617814
0.988301
0.835453
0.994783
0.82829
0.327402
0.0665463
0.830728
0.807153
0.690758
0.857613
0.60936
0.684482
0.768067
0.813221
0.388488
0.786215
0.775439
0.651539
0.988655
0.952774
0.986828
0.998112
0.964055
0.127548
-0.207874
0.948025
0.579931
0.926395
0.861763
0.679009
0.923623
0.624716
0.980842
0.735016
0.886849
0.687781
0.612417
0.619579
0.888837
0.929291
0.326122
0.938603
0.374216
0.997777
0.304724
0.749427
0.828831
0.992689
0.922554
0.91649
0.639207
0.828697
0.999321
0.859317
0.92083
0.788645
0.273742
0.991928
0.761104
0.776914
0.930354
0.665157
0.916541
0.937788
0.677261
0.907779
0.742269
0.915485
0.805404
0.986318
0.944358
0.754503
0.489405
0.85124
0.818825
0.812289
0.273276
0.781638
0.909505
0.643659
0.52044
0.496606
0.918633
0.994924
0.581912
0.763161
0.732415
0.372999
0.929612
0.846093
0.64546
0.822922
0.854127
0.567034
0.728826
0.750799
0.74894
0.788033
0.234885
0.550059
0.740851
0.784658
0.74103
0.784235
0.940125
0.956748
0.937716
0.923798
0.909659
0.579046
0.832394
0.722721
0.530134
0.955747
0.780782
0.1609
0.899443
-0.0566963
0.271945
0.823692
0.921574
0.996054
0.984986
0.85668
0.776562
0.691773
0.642438
0.773109
0.79123
0.961887
0.762434
0.885528
0.877213
0.881081
0.896083
0.932564
0.812635
0.797555
0.917734
0.076817
0.868686
0.79943
0.724951
0.88861
0.886617
0.964756
0.980896
0.685114
0.598194
0.924262
0.693743
0.482632
0.776873
0.441453
0.775382
0.990116
0.98852
0.991603
0.951854
0.547838
0.874519
0.97947
0.268702
0.177719
0.453589
0.937796
0.721256
0.852954
0.369213
0.478715
0.122297
0.970108
0.797785
0.715943
0.778738
0.78739
0.716156
0.709558
0.824452
0.869466
0.99656
0.691151
0.799275
0.745973
0.835124
0.831402
0.823741
0.0886711
0.833041
-0.0468601
0.523507
0.684071
0.763338
0.740087
0.927026
0.882531
0.935182
0.99067
0.834869
0.767298
0.459221
0.868324
0.87448
0.794891
0.697379
0.768112
0.512993
0.736795
0.628136
0.63569
0.847355
0.804068
0.758274
0.757924
0.697905
0.778041
0.957271
0.942574
0.288163
0.981602
0.948482
0.691848
0.0219702
0.761061
0.861114
0.966971
0.808074
0.941827
0.968053
0.385383
0.401085
0.459052
-0.185622
-0.271436
0.888345
0.924114
0.840472
0.743439
0.203285
0.492654
0.724659
0.257769
0.897524
0.794056
0.908044
0.94394
0.826544
0.248787
0.638093
0.713891
0.987281
0.950234
0.884004
0.961721
0.00146961
0.830302
0.819536
0.90686
0.868042
0.673715
0.56689
0.903051
0.950457
0.812223
0.84138
0.996963
0.808248
-0.469587
0.4808
0.849477
0.987785
0.84752
0.908982
0.940468
0.423448
0.106673
0.667148
0.819246
0.798946
0.692799
0.967463
0.342857
0.781223
0.806941
0.621174
0.931744
0.654709
0.847027
0.928504
0.577093
0.0660289
0.791361
0.0545336
0.954179
0.17196
0.550353
0.365048
0.943634
0.719111
0.884165
0.118617
0.868746
0.432137
0.852236
0.499114
0.966979
0.953774
0.886494
0.420041
0.385038
0.558868
0.947336
0.980698
0.992363
0.817871
0.818596
0.88159
0.0667215
0.372996
0.955875
0.842386
0.119329
0.682302
0.980321
0.978824
0.820947
0.969354
0.948736
0.849546
0.599215
0.892984
0.658828
0.739824
0.897436
0.125481
0.768256
0.909846
0.538335
0.793615
0.41009
0.992405
0.958379
0.686741
0.963918
0.251755
0.957442
0.994956
0.899138
0.838032
0.765084
0.958172
0.962657
0.81383
0.767764
0.428606
0.453321
0.757917
0.703354
0.928476
0.887084
0.119074
0.624748
0.962322
0.994682
0.826622
0.0667921
0.560341
0.542606
0.75372
0.932377
0.174747
0.931012
0.767332
0.942426
0.89577
0.584264
0.743997
0.926944
0.539338
0.971524
0.908551
0.949785
0.853483
0.445221
0.514274
0.771758
0.864946
0.960113
0.911772
0.882216
-0.417472
0.957069
0.762528
0.709027
0.976039
0.491418
0.748371
0.969957
0.943882
0.65774
0.867726
0.92352
0.0787434
0.700161
0.837494
0.873768
0.972741
0.909405
0.964685
-0.323103
0.691531
0.946466
0.913861
0.799666
0.47467
0.96663
0.984655
0.633068
0.971903
0.92723
0.88112
-0.596097
0.99994
0.776154
0.916655
0.89842
0.856415
0.778836
0.811518
0.735477
0.978676
0.712992
0.525216
0.437372
0.765
0.682193
0.385423
0.946731
0.933713
0.944249
0.742399
0.955262
0.923088
0.905819
0.740044
0.76289
0.926044
0.874082
0.432123
0.820427
0.816806
0.959949
0.831355
0.684717
0.991192
0.761588
0.937533
0.827114
0.483789
0.886842
0.842021
0.950037
0.646209
0.911365
0.969559
0.87354
0.354964
0.8939
0.87767
0.717171
0.971059
0.867236
0.907107
0.313902
0.789394
0.541241
0.974209
0.89137
0.835161
-0.0891445
0.885661
0.743543
0.804626
0.786655
0.776866
0.874782
0.98196
0.842789
0.768332
0.905884
0.966779
0.769086
0.0690734
0.789157
0.82091
0.830871
0.963886
0.696826
0.98758
0.806338
0.815883
0.964147
0.877702
0.983249
0.989976
0.798305
0.672085
0.683631
0.99573
0.952013
0.167867
0.98231
0.986269
0.351691
0.865175
0.645087
0.356007
0.797485
0.488589
0.968807
0.899451
0.941908
0.555909
0.915101
0.923834
0.886224
0.906161
0.961939
0.977812
0.838605
0.921677
0.332678
0.986692
0.868999
0.974504
0.940128
0.786714
0.864988
0.916202
0.681575
0.978946
0.967976
0.787192
0.991722
0.67887
0.972979
0.43965
0.791291
0.80619
0.845284
0.837156
0.965712
-0.128183
0.828638
0.97941
0.837748
0.598447
0.989741
0.892634
0.963848
0.751906
0.861314
-0.120708
0.978797
0.926628
0.871983
0.274208
0.854095
-0.00659494
0.426085
0.600355
0.880278
0.969365
-0.0898559
0.916358
0.903385
0.845438
0.863386
0.0129356
0.818669
0.76044
0.843652
0.221145
0.984917
0.988676
0.911323
0.991142
0.562274
0.971507
0.744756
0.350234
0.511767
0.983962
0.973456
0.580438
0.825291
0.559873
0.781763
0.918585
0.881448
0.835698
0.749314
0.940242
0.784167
0.86699
0.980675
0.708274
0.940772
-0.305634
0.593344
0.94633
0.455859
0.930374
0.937864
0.819778
0.850455
0.881595
0.960369
0.97138
0.860583
0.364967
0.762819
0.734015
0.964224
0.114091
0.426936
0.794288
0.99808
0.738024
0.975127
0.96431
0.539521
0.89931
0.99134
0.850928
0.517906
0.93054
0.93258
0.867345
0.997347
0.705898
0.61055
0.802537
0.646508
0.742394
0.993936
0.601008
0.986999
0.960768
0.883357
0.340035
0.943412
0.494566
0.59123
0.739094
0.724954
0.975527
0.813226
0.967667
0.696139
0.357724
0.897294
0.894396
0.836963
0.609684
0.952487
0.979039
-0.143761
0.609445
0.337287
0.84397
0.330824
0.376918
0.752923
0.76994
0.883704
-0.106582
0.755979
0.609393
0.973194
0.902133
0.643466
0.851204
0.888474
0.368181
0.775776
0.944896
0.205061
0.8255
0.570925
0.702102
0.95249
0.879173
0.806534
0.914559
0.790978
-0.393114
0.980158
0.21462
0.936744
0.985742
0.803824
0.998528
0.929923
0.16603
0.985538
0.842419
0.907136
0.686047
0.589489
0.623649
0.779892
0.995867
0.896198
0.952313
0.923871
0.943359
0.231412
0.534601
0.878623
0.840008
0.460815
0.517563
0.665801
0.575179
0.899799
0.978843
0.930967
-0.498665
0.858616
0.327282
0.83851
0.928982
0.834548
0.986938
0.777475
0.886933
0.0657894
0.721404
0.785522
0.943186
0.512763
0.87365
0.97401
0.879875
0.528994
0.50608
0.954056
0.357613
0.615209
0.488668
0.965714
0.179936
0.734871
0.874928
0.841917
0.187907
0.94179
0.903671
0.954668
0.231678
0.962567
0.906314
0.771629
0.867149
0.768059
0.774547
0.913279
0.989082
0.873316
0.740121
0.948056
0.806062
0.466495
0.76157
0.993747
0.998859
0.672209
0.597548
0.979223
0.993129
-0.258305
0.865235
0.768921
0.965991
0.743373
0.650143
0.797119
0.594294
0.698426
0.960628
0.808463
0.919288
0.837792
0.776734
0.968602
0.849605
0.962386
0.99349
0.506251
0.827088
0.694796
0.811895
0.843849
0.563774
0.596439
0.650718
0.847919
0.810894
0.991627
0.974518
0.916891
0.82344
0.911766
0.0829393
0.71944
0.923692
0.926768
0.758873
0.338937
0.974444
0.72698
0.33963
0.377256
0.720432
0.621211
0.311052
0.934475
0.845875
0.819931
0.27568
0.927444
0.99907
-0.327598
0.86928
0.853688
0.958915
0.958853
0.79359
0.797555
0.85638
0.670038
0.886359
0.693217
0.331987
0.889607
0.531357
0.461545
0.721526
0.0107363
0.528633
0.965369
0.790652
0.924684
0.949259
0.856998
0.657518
0.528
0.99237
0.763897
0.783855
0.401437
0.614333
0.682373
0.821091
0.692882
0.988674
0.901805
0.149019
0.758623
0.00694527
0.824499
-0.242855
0.0914635
0.985686
0.819484
0.962052
0.82023
0.256752
0.287023
0.959143
0.864057
0.142132
0.901439
0.439116
0.836011
0.962636
0.957511
0.488621
0.732423
0.621769
0.982825
0.54472
0.532342
0.946137
0.831022
0.913036
0.519512
0.7474
0.844092
0.451035
0.661318
0.662675
0.789479
0.519371
0.843699
0.759422
0.339859
0.925804
0.615102
0.901722
0.909873
0.983854
0.996656
0.977828
0.646437
0.958078
0.85916
0.340701
0.862737
0.610512
0.793644
0.789587
0.899524
0.931294
0.701989
0.910859
0.950693
0.877325
0.22153
0.994238
0.983109
0.849458
0.922921
0.886924
0.969259
0.966742
0.780539
0.960315
0.649861
0.915361
0.780724
0.82237
0.789442
0.739615
0.0401789
0.734008
0.76032
0.95715
0.704314
0.767508
0.315221
0.979705
0.427419
0.938851
0.869583
0.820941
0.562977
0.410443
0.654893
0.789926
0.894642
0.742408
0.995671
0.967087
0.987847
0.977136
0.70396
-0.00677449
0.756443
0.782951
0.922644
0.87864
0.582542
0.641041
0.898104
0.748138
0.938264
0.936556
0.719473
0.587373
0.59612
0.494271
0.690087
0.914702
0.980345
0.988781
0.927518
0.910643
0.713799
0.612544
-0.367169
0.906154
0.738612
-0.167265
0.281329
0.706554
0.930828
-0.0367418
0.463438
0.612709
-0.30633
0.943171
0.676609
0.91488
0.855403
-0.108244
-0.50962
0.947843
0.902608
0.597529
0.840558
0.990248
0.491316
0.945844
0.405009
-0.205454
0.986156
0.537731
0.962535
0.891324
0.989421
0.831413
0.196337
0.660862
0.917802
-0.149916
0.703996
0.827971
0.82799
0.532719
-0.167112
0.121614
0.754264
0.930666
0.781834
0.725416
0.902331
0.917306
0.251753
0.359947
0.986659
0.780778
0.489214
0.635904
0.788903
0.858186
0.879573
0.987467
0.992029
0.91812
0.901873
0.5315
0.745106
0.947915
0.43804
0.896432
0.995515
0.34653
0.73155
0.807621
0.878778
0.467094
0.931951
0.946665
0.930735
0.906637
0.969498
0.968692
0.442948
0.754747
0.958499
0.673854
0.903277
0.929321
0.882331
0.956542
0.918314
0.977814
0.532099
0.897895
0.90937
0.756258
0.752252
0.0600806
0.970141
0.907844
0.90429
0.885494
-0.318788
0.977313
0.944316
0.85848
0.765736
0.167122
0.686828
0.689531
0.842757
0.647765
0.640107
0.140918
0.642704
0.610783
0.839146
0.916551
0.0120901
0.910409
0.873329
0.591482
0.473706
-0.363788
0.852115
0.854654
0.163289
0.873181
0.943246
-0.0260746
0.63272
0.826596
0.811045
0.172608
-0.346202
0.898469
0.835797
0.757315
0.497705
0.967645
0.00788011
0.80675
0.847797
0.743328
0.897713
0.632386
0.634522
0.950699
0.865783
0.735972
0.996578
0.798215
0.854091
-0.113194
0.963644
-0.319993
0.993099
0.786927
0.76177
0.616243
0.450602
0.302328
0.899221
0.858982
0.837655
0.958951
0.685943
0.864436
0.471307
0.834874
0.607659
0.8243
0.991712
0.583466
0.852478
0.887374
0.982576
0.985983
0.693618
0.930344
0.921842
0.618971
0.970942
-0.220221
0.83787
0.939578
0.64879
0.880834
0.93682
0.747682
0.827079
0.807464
0.349501
0.867854
0.645895
0.873682
0.805229
0.814296
0.748122
0.517821
0.748691
0.218503
0.918483
0.968048
0.963047
0.817064
0.940087
0.965195
0.863304
0.899746
0.177627
0.795934
0.834974
0.684593
0.889697
0.587675
0.776055
0.855549
0.991492
0.650271
0.920325
0.581585
0.658714
0.751189
0.443578
0.514244
0.914781
0.826058
0.623066
0.948501
0.739726
0.698613
0.849311
0.987322
0.941544
0.864136
0.97795
0.783864
0.741558
0.471054
0.746899
0.909417
0.939835
0.829017
0.322915
0.988017
0.804761
0.446964
0.833482
0.799186
0.726781
0.790804
0.999039
-0.0139273
0.808074
0.740117
0.954696
0.991983
0.749517
0.838856
0.875006
0.812998
0.626655
0.612402
0.655682
0.894167
0.99035
0.957803
0.870732
0.324488
0.850614
0.97426
0.38752
0.959099
0.93476
0.672191
0.875756
0.871496
0.760154
0.69078
0.910588
0.693493
0.838278
0.614577
0.964825
0.91901
0.623409
0.875573
0.998937
0.57187
0.922304
0.918882
0.473389
0.900175
0.95015
0.578416
0.70875
0.995491
0.984418
0.977068
0.976402
0.920868
0.370098
0.323315
0.798282
0.966085
0.786878
0.936621
0.92363
0.982148
0.891063
0.957954
0.853062
0.950284
0.987142
0.89603
0.698078
0.445821
0.928621
0.350123
0.674494
0.814001
0.850527
0.789654
0.607853
0.972093
0.990548
0.889619
0.69394
0.490439
0.961233
0.913315
0.770904
0.790184
0.683654
0.967489
0.93091
0.933959
0.413957
0.971124
0.637616
0.940584
0.46543
0.946841
0.833896
0.937255
0.853221
0.97534
0.776039
0.419375
0.675093
0.711796
0.898724
0.780468
0.8606
0.420267
0.72859
0.924021
0.992097
0.974248
0.876636
0.898775
0.760259
-0.073582
0.941722
0.425606
0.570292
0.796115
0.844107
0.826768
0.670439
0.637821
0.955143
0.199552
0.76632
0.469954
0.864394
0.374269
0.992481
0.682387
0.651
0.730394
0.515079
0.845178
0.552299
0.709608
0.00293929
0.892142
0.936346
0.995101
0.979794
0.908748
0.915624
0.729873
0.506482
-0.0382829
0.838744
0.983664
0.866586
0.618686
0.883377
0.953673
0.948544
0.989923
0.981178
0.690735
0.857795
0.520804
0.734718
0.56645
0.993844
0.882833
0.279926
0.506646
0.497009
0.264825
0.843164
0.932615
0.638324
0.658973
0.903175
0.232894
0.750064
0.434282
0.443901
0.737982
0.883413
0.877451
0.982084
0.821744
0.898924
0.346569
0.705345
0.760015
0.747936
0.711858
0.427872
0.836887
0.849022
0.873995
0.982168
0.740402
0.93284
0.961186
0.960638
0.946958
0.677149
0.820465
0.491303
0.796751
0.0232794
0.971641
0.723667
0.937663
0.928173
0.855788
0.684807
0.830118
0.795248
0.589904
0.881398
0.724673
0.889396
0.982804
0.501549
0.949135
0.668255
0.818428
0.853403
0.693936
0.559539
0.766456
0.35863
0.668086
0.791205
0.962608
0.979269
0.849065
0.978036
0.806448
0.837605
0.892734
0.927118
0.822545
0.879723
0.904252
0.906927
0.480814
0.737722
0.950758
0.940977
0.611333
0.576756
0.951247
0.966948
0.873083
0.67575
0.243595
0.964677
0.669669
0.828468
0.941984
0.732163
0.864802
0.889336
0.990743
0.809987
0.795464
0.575752
0.944226
0.957579
0.964682
0.727225
0.66917
0.460511
0.873364
0.380564
0.794927
0.981609
0.889633
0.906643
0.518809
0.954185
0.984219
0.548298
0.929302
0.811321
0.979643
0.887925
0.79361
0.950182
0.349352
0.890201
0.844083
0.52263
0.795789
0.835125
0.562422
0.535937
0.452114
0.972335
0.784306
0.963745
0.543695
-0.0263514
0.889625
0.861261
0.95137
0.624376
0.993403
0.898972
0.907855
0.464499
0.855055
0.681159
0.982281
0.936342
0.92152
0.952582
0.425137
0.941802
0.407792
0.78847
0.740656
0.655322
0.862527
0.968093
0.64561
0.813762
0.631668
0.93181
0.180215
0.579555
0.54099
0.50887
0.477278
0.565443
0.126704
0.727388
0.88204
0.99243
0.987147
0.532871
-0.448946
0.876007
0.0731976
0.750435
0.918173
0.640993
0.81837
0.77979
0.837723
0.387119
0.743505
0.714602
0.971041
0.76997
0.37009
0.992241
0.773439
0.66366
0.887932
0.973491
-0.346576
0.996078
0.842483
0.254145
0.875033
0.922234
0.207095
0.570464
0.971938
0.612006
0.824568
0.97562
0.666013
0.701003
0.790892
0.707877
0.764063
0.898431
0.871344
0.724362
0.801814
0.00942532
0.968162
0.551328
0.895908
0.861461
0.831239
0.995631
0.91829
0.299593
0.759842
0.751396
0.655856
0.44024
0.499933
0.988782
0.837899
0.994668
0.751607
0.470214
0.629319
0.916692
0.920785
0.988197
0.97872
0.363731
0.846671
0.681035
0.998427
0.80501
0.877623
0.724507
0.915405
0.962109
0.950409
0.801998
0.963678
0.946753
0.805234
0.80023
0.880269
0.0775409
0.91232
0.967687
0.262754
0.776678
-0.0612935
0.933628
0.848851
0.907887
0.917626
0.770361
0.857477
0.61393
0.987587
0.861105
0.978161
0.92834
0.649205
0.979699
0.856699
-0.222588
0.61121
0.99135
0.849456
0.980607
0.947736
0.929812
0.528784
0.893761
0.693507
0.795874
0.880959
0.96321
0.767111
0.942838
0.896087
0.86367
0.672543
0.976639
0.913969
0.929696
0.803866
0.829005
0.727147
0.895777
0.916736
-0.192712
0.928127
0.249377
0.918679
0.82763
0.971488
0.765821
0.870636
0.897775
0.716655
0.925984
0.0262613
0.8724
0.877823
0.850117
0.984805
0.905654
0.973481
0.881591
0.891711
0.984342
0.129201
0.724817
0.818093
0.959696
0.350361
0.0659611
-0.167681
0.854687
0.471963
0.962376
-0.0733232
0.938104
0.966952
0.91542
0.661324
0.938026
0.802021
0.970985
0.76482
0.87044
0.905317
0.736622
0.831039
0.167681
0.921579
0.595886
0.969939
0.476483
0.995283
0.794405
0.580729
0.998835
-0.060921
0.393817
0.497393
0.809629
0.983438
0.988203
0.874805
0.914901
0.275435
0.972703
0.677649
0.630017
0.984087
0.971282
0.503294
0.898891
0.694276
-0.0655356
0.187235
0.999357
-0.316301
0.607602
0.996546
0.0502439
0.892597
0.994397
0.804581
0.734503
0.978651
0.836127
0.800914
0.40043
-0.084287
0.739839
0.608628
0.970753
0.926679
0.0665293
-0.305095
0.92067
0.620025
0.928715
0.796059
0.60125
0.771383
0.482831
0.623032
0.970021
0.772617
0.930798
0.551718
0.831282
0.76277
0.0357459
0.542647
0.870748
0.936931
0.864013
0.996418
0.573369
0.604335
0.688543
0.940714
0.869196
0.977111
0.964058
0.867004
0.396996
0.721994
0.985685
0.288276
0.948676
0.990497
0.774158
0.907304
0.914123
0.474589
0.615173
0.694376
-0.26921
0.837503
-0.0804287
0.972549
0.836063
-0.0987608
0.646103
0.76475
-0.217544
0.468347
0.923936
0.879026
0.999506
0.433757
0.903221
0.653253
0.945331
0.591539
0.602845
0.967638
0.802109
0.565044
0.993176
0.996105
0.762228
0.978684
0.690494
0.987791
0.838164
0.77128
0.88605
0.579814
0.969202
0.796858
0.893905
0.932053
0.463819
0.96702
0.651887
0.663765
0.830198
0.781942
0.9448
0.940766
0.651151
0.676183
0.915718
0.8702
0.796178
0.573701
0.90487
0.959484
0.635781
0.568484
0.788424
-0.166869
0.920783
0.989324
0.917874
0.996717
0.452965
0.97587
0.659666
0.699643
0.783655
0.993635
0.95854
0.969526
0.940036
0.912979
0.935841
0.934362
0.870134
0.799586
0.943291
0.977841
0.997488
0.940164
0.391134
0.902722
0.983652
0.86551
0.744387
0.310411
0.958094
0.880452
0.819993
0.798539
0.867975
0.928693
0.980696
0.979269
0.970665
0.904934
0.900937
0.915356
0.994497
0.91003
0.791851
0.906664
0.426519
0.365454
0.716138
0.744255
0.763094
0.857687
0.713871
0.490862
0.876969
0.443626
0.936417
0.974006
0.932286
0.880617
0.830163
0.766474
0.94236
0.624055
0.897951
0.936044
0.966271
0.216788
0.915418
0.990734
0.013522
0.519219
0.920778
0.697318
0.58521
0.558679
0.869999
0.961561
0.922136
0.973611
0.694453
0.729236
0.956612
0.831472
0.996024
0.924111
0.94105
0.928218
0.834226
0.926269
0.796767
0.928176
0.925048
0.538336
0.459019
-0.215417
0.44846
0.915558
0.967175
0.67634
0.730965
0.807066
0.57955
0.10645
0.894215
0.867166
0.771227
0.936605
0.942889
0.93793
0.688486
0.809118
0.905386
0.160775
0.654895
0.507433
0.680357
0.947172
-0.28791
0.501553
0.909889
0.95752
0.560368
0.334407
0.781991
0.980267
0.89907
0.864431
0.951568
0.993434
0.52915
0.643532
0.960882
0.927663
0.684278
0.784529
0.978254
0.643824
0.84706
0.998993
0.841492
0.971391
0.930602
0.314196
-0.23937
0.837382
0.986835
0.967468
0.556537
0.978816
0.646485
0.91522
0.591929
0.788192
0.794676
0.875036
0.823022
0.961259
0.938501
0.630505
0.969205
0.91239
0.533071
0.930182
0.985342
0.87933
0.634578
0.803921
0.934981
0.640291
0.983356
0.781519
0.894021
0.886434
0.743169
0.570894
0.655062
0.866159
0.972968
0.698504
0.420364
0.774827
0.514877
0.866031
0.58525
0.835065
-0.105708
0.922283
0.919534
0.787215
0.918991
0.967305
-0.149177
0.000751562
0.7936
0.950706
0.894494
0.698189
0.734183
0.738841
0.602646
0.968143
0.805425
0.893594
-0.0882274
0.938711
0.932216
0.95586
0.714066
0.731986
0.504816
0.939395
0.768258
0.958196
0.803866
0.767673
0.833576
0.921576
0.837481
0.969894
0.882714
0.854784
0.964484
0.936143
0.975999
0.553212
0.997986
-0.674306
0.937426
0.969073
0.703292
0.0124125
0.851253
0.920961
0.872463
0.855786
0.857653
0.410154
0.133655
0.999026
0.865657
0.562631
0.927784
0.861686
0.648586
0.777401
0.745736
0.988403
0.54694
0.961117
0.950707
0.808932
0.785122
0.842766
0.724247
0.865267
0.720778
0.878245
0.951166
0.978009
0.979375
0.938578
0.686643
0.896063
0.994734
0.989831
0.897508
0.916291
0.94786
0.934952
0.486128
-0.2626
0.84506
0.0643361
0.199649
0.783613
0.793427
0.649286
0.0309072
-0.113595
0.233354
0.930839
0.880835
0.265483
0.55386
0.974802
0.716931
0.935314
0.86783
0.688037
0.732096
0.981084
0.982407
0.959802
0.894256
0.80146
0.8922
-0.62322
0.281586
0.973587
0.935763
0.928981
0.83086
0.716149
0.802817
0.968293
0.481959
0.517723
0.758104
0.780643
0.845061
0.814213
0.721646
0.712491
0.742762
0.263857
0.925999
0.638124
0.786868
0.556852
0.838449
0.991439
0.660519
-0.0609891
0.799673
0.690362
0.832571
0.985234
0.542413
0.916528
0.111499
0.958423
0.780781
0.730139
0.873579
0.584968
-0.214536
0.725179
0.754871
0.424904
0.70664
0.152792
0.987189
0.782146
0.678143
0.76183
0.984259
0.980659
0.839263
-0.0287922
0.716247
0.864876
0.587433
0.775972
0.779237
0.553999
0.816087
0.981382
0.945916
0.517378
0.630344
0.840858
0.869087
0.999713
0.779114
0.869057
0.886395
0.385228
0.996402
0.808786
0.918511
0.206362
0.846913
0.762845
-0.315914
0.981069
0.76071
0.987876
0.981972
0.634488
0.86619
0.818328
0.797758
0.362402
0.953629
0.362209
0.891928
0.00553713
0.182458
0.927361
0.684094
-0.635448
0.903002
0.482836
0.955946
0.934128
0.947604
0.868017
0.755681
0.971718
0.292336
0.785476
0.997341
0.899173
0.810555
0.569006
0.573119
0.692146
-0.211072
0.671012
0.33438
0.883546
0.813266
0.473395
0.751598
0.943482
0.451141
0.909547
0.860166
0.911892
0.878268
0.932164
0.832517
0.38835
0.219397
0.981032
0.939957
0.216446
0.965738
0.892021
0.659045
0.921669
0.764454
0.908338
0.953502
0.754939
0.498511
0.900276
0.45013
0.835468
0.534095
0.681771
-0.115599
0.868868
-0.366673
0.895065
0.942891
0.709685
0.949374
0.758382
0.729105
0.457931
0.90886
0.810373
0.649679
0.774545
0.691954
0.943461
0.00760065
0.407024
0.769887
0.86018
0.567389
0.911984
0.91565
0.628513
0.86041
0.971558
0.648207
0.616263
0.927488
0.561601
0.664959
0.746528
0.727434
0.975555
0.305628
0.917392
0.73493
0.869394
0.767188
0.834348
0.813772
0.416785
0.838265
0.645918
0.887687
0.886827
0.978061
0.5096
0.509685
0.990663
0.435644
0.950079
0.531854
0.731575
0.615467
0.785955
0.839981
0.962977
0.379102
0.992024
0.994462
0.877093
-0.0266302
0.510926
0.369618
0.406519
0.242808
0.711065
0.955813
0.588734
0.252951
0.846592
0.953782
0.515893
0.918984
0.795813
0.931091
0.987115
0.927141
0.900652
0.683262
0.900284
0.903824
0.590597
0.646455
0.772249
0.947991
0.806409
0.893586
0.993454
0.904083
0.961617
0.240098
0.0828082
0.919965
0.856194
0.948723
0.626097
0.734166
0.0562206
0.656575
0.892341
0.960136
0.635768
0.286335
0.948041
0.71226
0.672671
0.90678
0.732014
0.751642
0.731457
-0.531692
0.668389
0.951553
0.955824
-0.210415
0.579531
0.953645
0.893735
0.406253
0.953011
0.831492
0.987199
0.988402
0.398349
0.949505
0.634769
0.655104
0.958723
0.96617
0.826845
0.911052
0.886172
0.84197
0.848863
0.984941
0.961957
0.477575
0.92768
0.927896
0.959214
0.23637
0.97771
0.798207
0.925378
0.0130767
0.382875
0.729895
0.883109
0.67989
0.930105
0.744163
-0.0933515
0.528891
0.924425
0.948802
0.488588
0.601253
0.870238
0.948736
0.0536626
0.921104
0.950595
0.791965
0.208287
-0.181588
0.266195
0.835702
0.957029
0.401514
0.931194
0.784799
0.65923
0.654998
0.92878
0.792992
0.263312
0.77246
0.902045
0.886183
0.646732
0.759248
0.597507
0.922165
0.107729
0.993771
0.939696
0.920657
0.999862
0.978555
0.507604
0.889884
0.969942
0.619739
0.487253
0.875691
-0.103846
0.476535
0.344978
0.801764
0.923292
0.959703
0.817504
0.801275
0.693252
0.956572
0.786161
0.927217
0.834701
0.861784
0.81317
0.911876
0.965595
0.783139
0.389519
0.74902
0.960865
0.313234
0.991248
0.944833
0.868273
0.988218
0.847153
0.942265
0.99911
0.460735
0.681456
0.97027
0.799188
0.784314
0.0626924
0.6893
0.861203
0.459274
0.770154
0.507306
0.875954
0.899267
-0.149107
0.897268
0.897402
0.963991
0.759124
0.893379
0.733972
0.975682
0.917634
0.940354
0.567333
0.846685
0.986205
0.985704
0.875975
-0.0473603
0.629355
0.83329
0.939618
0.994944
0.916143
0.931464
0.943093
0.608181
0.987498
0.963997
0.71946
0.987403
0.96213
0.810777
0.889395
0.975729
0.999584
0.962619
0.550399
0.18225
0.960051
0.73545
-0.182522
0.875921
0.821502
0.985721
0.730652
0.204086
0.907884
0.548615
0.847651
0.438278
0.875165
0.94514
0.603317
-0.105406
0.623867
0.208588
0.870706
0.99396
0.751723
0.917463
0.319346
0.900167
0.902497
0.980763
0.741497
0.958042
0.180696
0.894389
0.974484
0.206448
0.873366
0.796538
0.827351
0.91063
0.18092
-0.407085
0.915772
0.838483
0.986256
0.134331
0.813625
0.603466
0.751896
0.981242
0.489278
0.969418
0.513284
0.890617
0.035576
0.862688
0.907982
0.763366
0.563805
0.852597
0.585654
0.819217
0.863639
0.603181
-0.247651
0.828257
0.912907
0.782593
0.944449
-0.155612
0.832661
0.931576
0.887188
0.605807
-0.0841152
0.987399
0.952199
0.313119
0.981016
0.679971
0.428187
0.789275
0.921659
0.729214
0.714376
0.973661
0.969711
0.948401
0.693637
0.915506
0.818727
0.728654
0.948777
0.958128
0.964799
0.996491
0.976501
0.985158
0.740126
0.906069
0.413867
0.971431
0.869139
0.949754
0.676604
0.874705
-0.000312179
0.476395
0.853397
0.832747
0.970798
0.997959
0.923951
0.0559479
0.960869
0.898332
0.989368
0.996379
0.517037
0.149562
0.984514
0.948208
0.679427
0.936283
0.743148
0.777574
0.677541
0.752329
0.659759
0.151912
0.648274
0.877275
0.384158
-0.0442646
0.843167
0.519691
0.896337
0.913825
0.540364
-0.0458715
0.542853
0.737995
0.83417
0.841907
0.763444
0.518685
0.986052
0.478442
0.810509
0.906023
0.872571
0.998151
0.945623
0.828817
0.892035
0.792329
0.976814
0.961564
0.402938
0.961553
0.796213
0.360431
0.684715
0.817282
0.773936
0.606264
0.682115
0.930666
0.976847
0.683577
0.899035
0.774198
0.759987
0.854874
0.922651
0.231069
0.473916
0.999401
0.847596
0.955095
-0.0681025
0.600599
0.908024
0.800841
0.920971
0.844028
0.118313
0.944187
0.607039
0.933187
0.158973
0.528196
0.652533
0.657834
0.0130749
0.86422
0.70042
0.345806
0.747096
0.647527
0.700245
0.964234
0.56321
0.593021
0.794683
0.935673
0.500032
0.975692
0.777451
-0.207092
0.0468136
0.940391
0.927134
0.586169
0.958936
0.825007
0.840704
0.877895
0.555753
0.692158
0.298885
0.974873
0.946123
0.917124
0.821853
0.700265
0.700939
0.735246
0.466218
0.397412
0.728221
0.844217
0.505037
0.928227
0.962228
0.845994
0.986628
0.334396
0.821477
0.846138
0.925569
-0.100427
0.30207
0.909416
0.647135
0.680556
0.809452
0.497497
0.860337
0.689751
0.846964
0.980839
0.996941
0.787872
0.881528
0.52232
0.792863
-0.274268
0.805665
0.732547
0.592059
0.313618
0.751499
0.860961
0.984123
0.816939
0.87101
0.976444
0.995423
0.77949
-0.196621
-0.236977
0.94149
0.852423
0.845634
0.28415
0.255921
0.871652
0.841367
-0.343069
0.96673
0.881266
0.954061
0.664209
0.892701
0.927124
0.243286
0.805621
0.980526
0.351786
0.486416
0.78074
0.852617
0.981557
0.946031
-0.0519165
0.909429
0.778156
0.402901
0.854694
0.851582
0.577567
0.813719
0.936683
0.900277
0.961403
0.677372
0.930473
0.642468
0.587594
0.918512
0.938242
0.125949
0.856743
0.910887
0.984864
0.93528
0.748506
0.467559
0.829738
0.965824
0.980061
0.92906
0.735184
0.988046
0.980088
0.78167
0.867291
0.167074
0.721634
0.995279
0.971031
0.949202
0.982378
0.98943
0.485351
0.97959
0.566915
0.600792
0.538324
0.948167
0.880143
0.940881
0.772595
0.777369
0.962164
0.707294
0.425118
-0.325252
0.95192
0.552382
0.980678
0.904557
0.896684
0.913932
-0.0353308
0.989942
0.798674
0.790726
0.908674
-0.173375
0.879455
0.709011
0.298947
0.769121
0.754545
0.705808
0.889927
0.675004
0.694962
0.763095
0.24508
0.257799
0.757417
0.851161
0.960493
0.324087
0.954787
0.957957
0.596089
0.791288
0.764462
0.908475
0.678843
-0.0104531
0.537006
0.693726
0.863462
0.561238
0.772118
0.636692
0.900189
0.757357
0.898343
0.948993
0.871039
0.983979
0.571611
0.337811
0.976344
0.0856212
0.444315
0.80781
0.536423
0.932877
0.426502
0.678285
0.903214
0.612354
0.416703
-0.115428
0.799577
0.770092
0.74186
0.831169
0.611473
0.810242
0.350485
0.64649
0.888644
0.879345
0.864323
0.657039
0.927676
0.623643
0.941785
0.986457
0.643702
0.885833
-0.148134
0.945803
0.752633
0.503265
0.934578
0.935892
0.605963
0.481594
0.358306
0.888025
0.990752
0.715588
0.841311
0.907095
0.0109818
0.536863
0.893691
0.867001
0.891383
0.63197
0.457929
0.753895
0.879206
0.29257
0.729368
0.353772
0.865302
0.988364
0.0514314
0.93607
0.693073
0.546684
0.947567
0.993416
0.781851
0.850847
0.89732
0.901509
0.223085
0.419556
0.920333
0.996003
0.958601
0.880999
0.746665
0.941358
0.350579
0.990369
0.699684
0.950205
0.629642
0.974463
0.760198
0.943734
0.471544
0.978351
0.762927
0.8787
0.796531
0.695296
0.489335
0.537938
0.531821
0.824601
0.975467
0.883967
0.964343
0.972396
0.994458
0.447027
0.913837
0.825683
0.717155
0.361675
0.852822
0.979401
0.754687
0.928678
0.806156
0.112296
0.597992
0.934625
0.906346
0.487437
0.922917
0.439308
0.890762
0.591074
0.994834
0.398796
0.937833
0.956434
0.823514
0.817347
0.728147
0.738444
0.927376
0.963624
0.594419
0.778765
0.92605
0.505312
0.687176
0.764944
0.353503
0.720609
0.999514
0.975714
0.828105
0.960116
0.920781
0.688418
0.872824
0.784035
0.536471
0.984855
0.999679
0.974496
0.311096
0.996306
0.857518
0.923296
0.723642
0.962019
0.695056
0.742497
0.820069
0.428114
0.955623
0.673128
0.870807
0.362843
0.380648
0.737593
0.882416
0.846117
0.818352
0.870341
0.928332
0.844385
0.89283
0.847376
0.891795
0.927577
0.747564
0.964526
0.827611
0.863764
0.901839
0.936109
0.937403
0.968856
0.563687
0.693098
0.955803
-0.337929
0.9679
0.677002
0.991223
0.76401
0.986849
0.343204
0.948186
0.915109
0.701804
0.541107
0.922531
0.721471
0.955956
0.850772
0.902434
0.663368
0.952398
0.966075
0.993792
0.962243
0.917183
0.892484
0.405114
0.801924
0.955064
0.97811
0.777162
0.907144
0.387722
0.889421
0.50352
0.77428
0.900602
0.981766
0.471971
0.683414
0.777073
0.941903
0.671127
0.959671
0.8527
0.849963
0.937808
0.872547
0.875118
0.967184
0.84863
0.641247
0.993281
-0.670778
0.938129
0.812218
0.94672
0.723289
0.908859
0.930866
0.889972
-0.242002
0.92007
0.95785
0.787022
0.840911
0.974581
0.851022
0.77145
0.796913
0.526655
0.799609
0.550419
0.831094
0.352698
0.810126
0.86811
0.879097
0.783347
0.451089
0.923117
0.772428
0.996961
0.88884
0.863107
0.893595
0.905337
0.412853
0.727915
0.923591
0.569377
0.708191
0.805302
0.676899
0.956566
0.960915
0.995498
0.924801
0.626647
0.913572
0.641398
0.969845
0.562643
0.908431
0.455706
0.971021
0.862713
0.751511
0.529203
0.646934
0.843309
0.769171
0.6506
0.30549
0.99427
0.341258
0.906087
0.634426
0.901471
0.974348
0.940119
0.731029
0.462765
0.646534
0.875599
0.93092
0.137693
0.711973
0.699939
0.6619
0.836559
0.476065
0.510989
-0.191335
-0.205158
0.999864
0.939901
0.926126
0.390643
0.822817
0.915088
-0.209363
0.978219
0.895802
0.994941
0.794087
0.457022
0.85238
0.633226
0.942039
0.984217
0.580476
-0.00476817
0.742084
0.978229
0.934711
0.535455
-0.0903853
0.961974
0.884664
0.518183
0.958626
0.397726
0.963402
0.99338
0.946964
0.91204
0.931954
0.854151
0.79414
0.689684
0.768733
0.993537
0.783963
0.944342
0.886566
0.314794
0.669734
0.857649
-0.322717
0.797337
0.86528
0.990339
0.0694728
0.718213
0.763372
0.42548
0.866501
0.677724
0.946793
0.879374
0.770043
0.901615
0.866483
0.85158
0.906003
0.865544
0.964309
0.744154
0.815652
0.834201
0.727833
0.892748
0.727814
0.828336
0.794053
-0.145719
0.992631
-0.064532
0.727078
0.888489
0.625409
0.708968
0.781666
0.0926465
0.933725
0.995894
0.829151
0.771629
0.788829
0.891963
0.44045
0.9757
0.873226
0.976431
0.900304
0.660681
0.862593
0.787688
0.912877
-0.0461093
0.994617
0.954411
0.880881
0.915357
0.561763
0.846625
0.128368
0.88216
0.793517
0.996242
0.547494
0.801891
0.871421
0.780524
0.890673
0.778415
0.703455
0.873939
0.130748
0.960601
0.984288
-0.233525
0.646506
0.620116
0.117538
0.184847
-0.290443
0.653251
0.72122
0.63043
0.933751
0.809336
0.882708
0.840198
0.987376
0.269509
0.864876
0.916445
0.746415
0.786966
0.868575
0.850931
0.885772
0.75644
0.620995
0.941762
0.944708
0.855697
0.671643
0.877308
0.720501
0.121753
0.668924
0.952693
0.980008
0.97056
0.860682
-0.150967
0.877233
0.987044
0.96596
0.89984
0.821364
0.944181
0.811061
0.76621
0.878033
0.344821
0.206469
0.873191
0.747342
0.487804
0.991956
0.98939
0.875604
0.813383
0.862923
0.826634
0.996416
0.807802
0.0169272
0.904804
0.902258
0.563893
0.700117
0.969295
0.733334
0.938981
0.556395
0.98291
0.958053
0.718351
0.90649
0.939106
0.95317
0.992815
0.473828
0.558994
0.757876
0.4065
-0.0142915
0.854062
0.537054
0.834125
0.90896
0.902465
0.990273
0.667377
0.592251
0.901159
0.442601
0.841463
0.925126
0.982297
0.218837
0.958672
-0.0875558
0.888373
0.520286
0.846861
0.845201
0.825152
0.604875
0.649841
0.872267
0.828564
0.702761
0.838307
0.982271
0.744574
0.636704
0.753615
0.541467
0.826425
0.947543
0.5218
0.876037
0.916342
0.772137
0.941883
0.858495
0.727154
0.706428
0.557002
0.704964
0.845999
0.563525
0.812308
0.597129
0.754677
0.929924
0.66217
0.349415
0.81567
0.89925
0.800294
0.665565
0.969356
0.32296
0.0949925
-0.416753
0.9669
0.807146
0.984909
0.671825
0.788636
0.901693
0.978782
0.841337
0.960239
0.898565
0.860654
0.974094
0.387566
0.942485
0.456575
0.901748
0.503764
0.878107
0.0354165
0.85021
0.702163
-0.0757447
-0.640758
0.389124
0.643469
0.625111
0.796572
0.606712
0.952641
0.917869
0.775953
-0.172547
0.3847
0.68254
0.943901
0.761797
0.978917
0.935243
0.851083
0.952773
0.812669
0.630094
0.87513
0.756426
-0.114193
0.78438
0.936541
0.96603
0.640207
0.768553
0.32363
0.887399
0.969795
0.873469
0.909381
0.872226
0.854218
0.598715
0.888195
0.751939
0.918104
0.763493
0.532765
0.696958
-0.724128
0.637521
0.93467
0.581202
0.833929
0.809187
0.577683
0.914288
0.65507
0.942179
0.873845
0.937247
0.665189
0.520675
0.310167
-0.0776109
0.795292
0.967306
0.757315
0.950424
0.739264
0.812734
0.830738
-0.128032
0.99301
0.814783
0.498934
-0.385002
0.266391
0.938488
0.901036
0.813899
0.555374
0.986125
-0.0262728
0.920046
0.645344
0.87239
-0.247493
-0.0244005
0.656609
0.881545
0.676593
0.820814
0.470266
0.765192
0.799032
0.777727
0.81959
0.775387
0.91719
0.713617
0.761241
0.974009
0.683756
0.999231
0.881873
0.764484
0.909992
0.747943
0.652534
0.549668
0.849429
0.849515
0.942614
0.906891
0.745202
-0.0886864
0.941231
0.885507
0.627767
0.976041
0.990121
0.909455
0.947487
0.761631
0.838521
0.890255
0.251364
-0.312018
0.777147
0.8357
0.957591
-0.196062
0.884988
0.957379
0.963135
0.645567
0.78634
0.850448
0.937761
0.870849
0.544361
0.459163
0.991815
0.9127
0.620711
0.61791
0.759246
0.921798
0.770566
0.857334
0.927265
0.853493
0.764502
0.897449
-0.0512104
0.97236
0.900244
0.827653
0.250941
0.88268
0.586698
0.940611
0.948289
0.6371
0.715499
0.765352
0.832846
0.893698
0.845885
0.892286
0.897964
0.642922
0.783169
0.993138
0.994888
0.400855
0.615811
0.195009
0.891553
0.839245
0.608759
0.964983
0.445637
0.878441
0.937049
0.981984
0.974375
0.945868
0.931364
0.840639
0.914269
0.0907325
0.860607
0.84555
0.948249
0.702392
0.750251
0.689008
0.945648
0.96641
0.171046
0.733404
0.821917
0.864972
0.943042
0.984704
0.996084
0.531591
0.895872
0.25938
0.960677
-0.268142
0.90905
0.428859
0.996903
0.90482
0.941835
0.627191
0.936934
0.350681
0.874968
0.891687
0.667469
0.875986
0.917988
0.988488
0.978061
0.84478
0.933851
0.620921
0.935963
0.619683
0.926758
0.97228
0.855018
0.88938
0.959491
0.975963
0.829586
0.758749
0.924735
0.891436
0.961363
0.89289
0.712658
0.825191
0.954271
0.918023
0.562576
0.906046
0.831248
0.431513
0.410835
0.779582
0.674262
0.591647
-0.299296
0.90315
0.794373
0.63466
0.663371
0.732215
0.876112
0.197159
0.759088
0.720491
0.8238
0.546636
0.992819
0.873455
0.838348
0.847699
0.297859
0.588977
0.950575
0.865604
0.814257
0.954189
0.934726
0.980982
0.998993
0.936799
0.816451
0.506091
0.846453
0.990963
0.868255
0.938008
0.841474
0.414083
0.801243
0.990306
0.789827
0.514401
0.984457
0.825803
0.772972
0.577472
0.360983
0.64859
0.925552
0.973161
0.811964
0.659303
0.736085
0.612367
0.844582
0.526433
0.819015
0.588523
0.807669
0.825137
0.542342
0.907417
0.719384
0.528695
0.516474
0.470972
0.776847
0.921207
0.38982
0.760753
0.990454
0.671297
0.996597
0.76073
0.781215
0.884632
0.669665
0.353622
0.537084
0.781022
0.894535
0.8478
0.902374
0.524525
0.977201
0.979954
0.937891
0.941352
0.924858
0.648999
0.433443
0.452385
0.807391
0.780578
0.798159
0.664035
0.736541
0.923585
0.516754
0.738689
0.984323
0.943074
0.570671
0.735749
0.844236
0.986413
0.358573
0.837356
0.551264
0.979483
0.641572
0.462431
0.941753
0.903773
0.998526
0.97456
0.865115
-0.128328
0.895889
0.806661
0.970201
0.247693
0.476327
0.949892
0.982697
0.983997
0.40104
0.839397
0.68437
0.764726
0.563286
0.926244
0.930219
0.799243
0.463905
0.99855
0.834459
0.988028
0.695299
0.773543
0.891691
0.950488
0.925522
0.659435
0.271247
0.654534
0.97015
0.619823
0.921641
0.79768
0.964694
0.558701
0.485914
0.762887
0.807978
-0.176547
0.76516
0.661658
0.970826
0.647819
0.900453
0.900387
0.307187
0.953625
0.939307
0.959496
0.899153
0.983168
0.960852
0.958191
0.942224
0.819106
0.964256
0.68507
0.318646
0.88268
0.67805
0.310911
0.917171
0.64067
0.930553
0.76044
0.872365
0.706787
0.892536
0.0993108
0.98392
0.958999
0.852378
0.960942
0.270824
0.970999
0.991965
0.968232
0.86462
0.818654
0.631445
0.64015
0.7586
0.950062
0.980362
0.978448
0.91332
0.777943
0.704747
0.864428
0.906323
0.656642
0.975524
0.681575
0.836771
0.885202
0.556841
0.577729
0.43254
0.929638
0.634479
0.78262
0.786125
0.30872
0.521123
-0.162434
0.740572
0.77594
0.404241
0.853362
0.357047
0.99994
0.905833
0.656615
0.592002
0.789813
0.938649
0.931585
0.370595
0.805393
0.962557
0.518464
0.414458
0.998425
0.962932
0.830023
0.816925
0.116399
0.361351
0.914527
0.921251
0.467522
-0.0658498
0.927231
0.997679
0.741204
0.972424
0.994684
0.98548
0.99387
0.902722
0.781276
0.838431
0.957262
0.917005
0.88108
0.56347
0.940314
0.989754
0.517194
0.401602
0.780631
0.853758
0.844572
0.992842
0.934949
0.839652
0.899495
0.955628
0.827613
0.998824
0.826049
0.671389
0.760834
0.65377
0.962389
0.979363
0.555625
0.867145
0.884393
0.846566
0.402381
0.896882
0.890765
0.777846
0.936606
0.98295
0.926367
0.842829
0.988435
0.679558
0.930475
0.997973
0.945319
0.888257
0.438035
0.797034
0.730867
0.713919
0.676217
0.969137
0.374317
0.829931
0.158095
0.917665
0.655759
0.192056
0.904046
0.787707
0.239312
-0.318764
0.924439
0.771172
0.630941
0.760447
0.892682
0.998685
0.912103
0.954224
0.652238
0.660608
0.846738
0.800146
0.506705
0.869883
0.175292
0.701941
0.532471
0.493561
0.391409
0.682109
0.948804
0.809092
0.240916
0.948844
0.986938
0.796073
0.916609
0.771219
0.740247
0.709232
0.518206
0.682538
0.421932
0.826272
0.951492
0.995619
0.745412
0.910092
0.6844
0.939463
0.98433
0.996793
0.52066
0.815095
0.786499
0.950641
-0.466934
0.122585
0.976762
0.869961
0.488129
0.952907
0.994067
0.521924
0.90347
0.988607
0.700915
0.78497
0.672664
0.867624
0.250914
0.441478
0.920174
0.531581
0.704836
0.808894
0.886946
0.98779
0.657658
0.943744
0.823785
0.38041
0.679272
0.619528
0.62282
0.888702
0.962034
0.690279
0.784351
0.979445
0.64063
0.54497
0.947941
0.856719
0.946475
0.759508
0.965089
0.930493
0.488264
0.971722
0.360298
0.289099
0.654268
0.883826
0.538788
0.943375
0.528967
0.997691
0.685291
0.907366
0.854007
0.908947
0.799745
0.906804
0.753188
0.977805
0.0498498
0.979227
0.775325
0.984147
0.91328
0.566464
0.914764
