1.0065
1.22697
0.845868
1.09521
1.36743
1.5206
1.16115
1.52662
1.32254
0.853503
1.46231
1.17584
1.18492
1.49798
1.11907
1.35545
1.47439
1.36505
1.20898
1.13292
1.55679
0.936704
1.1965
1.38226
1.10415
1.06179
1.5491
1.29043
1.35252
1.51681
1.32288
1.31598
1.35731
0.883609
1.32775
1.15968
0.967318
1.37167
1.49932
1.16065
1.16428
1.07767
1.05351
0.624573
1.05436
0.854735
1.04606
1.24225
0.594971
1.33786
1.43747
1.53936
1.33643
1.56774
0.842898
1.32775
1.3487
1.296
0.938052
1.29173
1.48261
1.54553
1.42625
1.36348
1.2816
0.839662
1.25946
1.25714
1.08689
0.925525
1.24776
1.5494
1.23079
1.45573
1.30978
1.3928
1.43881
0.795358
1.06489
1.39112
1.41008
1.53264
1.08158
1.39938
0.893678
1.37616
0.631792
0.849847
1.30416
0.744913
1.49694
0.968612
1.0563
1.09249
1.4227
1.28872
1.26254
0.965097
1.50832
1.53179
1.28003
1.42193
1.46243
0.453168
1.53075
1.18396
1.56265
1.14316
1.28723
1.42026
1.23568
1.12439
1.3833
1.43941
1.54785
0.703326
0.892732
1.09125
1.55615
0.747785
1.54785
0.89089
0.87185
1.0003
0.503559
1.5592
1.55631
1.12343
0.783474
1.36238
1.32327
1.24332
1.31621
1.42082
1.05121
1.39208
1.27628
1.43461
1.11866
1.29402
1.31532
1.27264
1.32819
1.39
1.52042
1.14053
1.5287
1.15632
0.92076
0.939182
1.04283
1.43714
1.33774
1.3687
1.48527
1.03102
1.415
0.92618
0.849758
1.5148
1.09047
1.52329
1.40473
1.44125
1.53047
1.18503
1.05493
1.38882
1.38563
0.992902
1.47176
1.43271
1.32433
1.11062
1.5394
1.44479
1.43245
1.50434
0.844214
1.38637
1.33329
1.56965
1.1806
1.12224
1.42841
1.1674
1.27403
1.5404
1.18099
0.718413
1.54998
0.906535
1.2352
1.1975
0.767729
0.909197
1.26517
1.40271
1.04273
1.42165
1.09675
1.50746
0.957918
1.14831
1.36433
1.23037
1.24632
1.22221
1.20841
1.33937
1.38687
1.2399
1.54537
1.27021
1.1769
0.959074
1.30011
1.01681
0.826604
1.3081
1.51058
0.937719
1.08583
0.868869
1.27841
0.976482
0.969162
1.19967
1.49033
1.41848
0.876159
1.53276
1.37584
0.848015
1.53212
1.15108
0.86528
1.13296
1.2777
1.36294
1.40958
1.11561
1.39295
0.46606
1.44014
1.56021
1.52009
1.55584
1.45051
1.39617
0.67718
1.16338
0.777915
1.28393
0.943629
1.42027
0.808471
1.38404
1.20503
0.876468
1.07821
0.975079
1.43661
0.801689
0.432629
1.4758
0.907809
0.95478
1.0331
1.50085
1.00183
1.33194
0.95562
1.49521
1.03149
0.97542
1.41109
1.45862
1.34576
1.35311
1.3627
1.07358
1.18446
0.778799
1.4921
1.43047
1.4639
1.36499
0.584082
1.55032
1.22691
1.41415
1.20208
0.911649
0.865881
0.892729
1.43038
1.23073
1.3425
1.12489
1.00505
1.30923
1.05332
1.11445
1.3517
0.999801
1.21299
1.18743
1.04317
1.07871
0.925959
1.53014
1.31042
1.51229
1.5443
1.56082
0.67562
1.01619
1.55851
1.37304
1.1663
1.46979
1.2829
1.30643
1.29944
1.38207
0.867274
1.32403
0.828788
0.892922
1.52543
1.29743
1.31479
0.451681
0.956846
0.675152
1.15079
1.43119
1.35814
0.973819
1.01852
0.481136
1.32956
1.20864
1.51304
0.85905
1.2379
1.28685
0.939857
0.855047
0.922574
0.476088
1.1861
1.41403
1.52319
1.33422
1.14803
1.08067
1.17901
1.50189
0.97614
1.30308
0.771058
1.48007
1.14244
1.45119
1.41483
1.28799
1.41019
1.42391
0.898874
0.714911
1.43091
0.977929
1.33353
0.959225
1.33102
1.31216
0.854905
1.49563
1.10771
1.50664
1.33303
0.848413
1.12976
0.764888
1.37534
1.23932
1.05732
1.54864
1.36515
1.41857
1.14964
0.828166
1.38153
1.5289
0.819976
0.312644
1.13239
1.42754
1.01194
1.10056
0.920073
1.10463
1.29878
0.794114
1.36497
1.0091
1.2694
1.4215
1.27521
1.55731
1.07901
0.826355
1.35811
1.38392
1.02327
1.39441
1.54534
1.30074
1.5098
0.927714
1.01935
1.00066
1.13206
1.51897
1.30107
1.49444
1.37721
0.975738
1.50584
1.3778
1.00887
0.678488
1.05924
1.53979
1.29383
1.47789
1.29313
0.91039
1.49251
1.30699
0.790628
0.876893
1.46458
0.771274
0.679869
0.929355
1.27889
1.44731
1.5018
0.858444
1.5454
1.11647
1.50162
1.36179
1.44411
1.44461
1.45359
1.47488
1.39806
1.05889
0.924916
1.565
1.23764
0.848244
0.886091
0.533432
0.848179
1.18742
1.45549
1.38765
1.42033
1.1913
0.946009
1.06754
1.41841
1.33165
1.32227
1.54404
1.42841
1.34863
1.48788
0.873844
1.13798
0.979148
1.50015
0.790704
1.13687
1.50783
1.48763
0.803602
1.45686
1.33309
1.19953
1.33069
1.49608
1.51648
1.50801
1.05598
1.15298
1.51489
1.49651
0.791472
1.32334
0.768088
1.00498
1.2277
1.00661
1.40571
1.50691
0.496289
1.27367
1.47819
1.39413
1.25586
1.15117
0.999979
1.27135
1.47522
1.44258
1.33147
1.46261
0.674411
1.39645
0.702174
1.51451
1.01911
0.489686
0.889727
0.435944
0.628372
1.38889
1.34976
1.35808
1.25163
1.28455
0.682128
1.25586
1.52366
1.32637
0.670557
1.31149
1.11479
1.45156
0.880644
1.31309
1.32932
1.31114
1.13754
1.39334
1.28719
1.46481
1.12165
1.19963
0.918857
1.27883
1.31193
1.01164
1.29066
1.33573
1.40642
1.22748
1.12256
1.01679
1.17631
1.24412
0.748581
1.17565
1.05167
1.43242
1.16008
0.991442
1.5671
1.53789
1.35458
1.49559
1.20795
1.39559
0.91425
1.40048
1.19008
1.38901
1.36784
1.53685
1.55108
0.864055
1.38882
1.12228
1.10958
0.813237
1.40328
1.1867
1.2066
1.3548
1.48576
1.53417
1.0371
1.51177
1.04538
1.47102
1.02658
1.49933
1.28494
0.785465
1.06159
1.44316
1.48494
1.26676
1.22503
1.54897
1.40927
1.1465
1.31692
1.25702
1.06163
1.51805
0.918986
1.44473
1.52525
1.46983
1.37733
1.54992
1.38386
1.24219
1.31217
1.42249
1.3777
1.15992
1.34513
0.728542
1.13774
1.33793
0.860394
1.56552
1.23766
0.740598
0.846118
1.18258
1.55896
1.18065
0.780223
1.45377
1.44824
1.50587
1.39794
1.08454
1.08502
1.04087
1.44658
1.46759
0.961516
0.875746
1.43303
1.15701
0.417132
1.14544
1.02556
1.35395
0.968621
0.889682
1.26624
1.3136
0.578862
1.44513
1.34904
1.39366
1.23655
1.07967
1.2217
1.41384
1.19275
1.29522
1.32492
1.33606
1.22061
1.08237
1.44674
1.13124
1.5063
1.39225
1.44455
1.112
1.5007
1.19501
1.3255
1.38436
1.32051
1.54585
1.54999
0.461449
1.22401
0.985692
1.36438
1.36356
1.50287
0.892611
1.35539
1.17193
1.21201
0.757573
1.40796
1.46878
1.5225
1.51825
1.20254
0.883606
1.47956
0.759617
1.41256
1.33435
0.937357
1.53695
1.38383
0.789985
1.39414
1.05044
1.30482
1.55246
0.730375
1.49363
1.55834
1.52314
0.993174
1.55761
1.53423
0.964213
1.52843
1.08982
1.53136
1.09842
0.950144
1.54153
1.23173
0.821871
1.37802
1.19995
1.14539
1.15851
1.5137
1.48583
0.96868
1.49504
0.927339
1.08827
1.17034
1.07683
1.05317
1.37521
1.35745
1.52775
1.18257
1.16475
1.56805
1.22852
1.26592
1.44827
0.91394
1.09822
1.17267
0.994944
1.03393
1.38361
1.39075
1.16565
1.53038
1.35764
0.802327
1.55896
0.915234
1.38532
1.55433
1.14368
1.31153
1.49391
1.20313
1.54949
1.34807
1.08562
0.613986
1.50061
1.42323
0.945876
1.52427
1.44153
1.09256
1.41846
1.38218
1.51345
1.27726
0.798489
1.43206
0.727743
1.51118
1.32202
1.52659
1.33993
0.729659
0.918059
1.36307
1.45526
1.52812
1.24264
1.44694
1.31242
1.04804
1.26213
1.06027
0.848167
1.49437
1.42787
1.55914
1.51712
1.19468
1.38274
1.38224
1.05111
0.899285
1.51633
1.54137
1.43874
1.12557
1.22794
1.30086
1.38274
1.22657
1.27953
1.47804
1.20229
1.34078
1.40638
0.894943
0.972438
0.821729
1.30004
1.35726
0.483177
0.850675
1.38609
1.13937
1.35107
1.47544
1.25708
1.23156
1.39777
1.34019
1.45758
1.37385
1.09659
1.44854
1.21917
1.4152
1.15605
1.12922
1.20679
0.803916
1.27276
1.17359
1.43818
1.21898
1.09388
1.52476
1.4457
0.892235
1.10969
0.715782
1.25207
1.54085
1.3787
1.09306
1.41403
1.45773
1.30972
1.2815
0.94733
1.48696
1.53521
1.14635
1.05052
1.55487
1.10143
0.697047
0.915875
1.20326
1.39428
1.28486
0.7613
1.2697
1.3119
0.973993
1.53777
1.43232
1.37413
1.53117
0.952929
1.26759
1.54711
1.11561
1.43656
1.42881
1.29776
1.18073
0.846259
1.27061
1.54754
1.05878
0.884999
0.951324
1.40608
0.97685
1.40166
1.11866
0.985529
1.55035
1.36076
1.35345
0.544786
1.49004
1.3241
1.33262
0.785487
1.22268
1.32725
0.804511
1.43654
1.22184
0.941154
0.893443
1.24554
0.884116
1.40091
1.13808
1.36416
1.55767
1.2674
0.946789
1.53972
1.51889
1.21311
0.806421
1.27164
1.51871
1.03578
1.36937
1.25333
1.30443
0.47349
1.5683
1.10578
0.882525
1.38738
1.03935
1.26871
1.2721
0.913333
1.55993
1.26867
1.27889
1.19909
1.48336
1.20414
1.43636
0.808228
1.19797
0.600972
1.06081
1.03073
1.06246
1.51767
1.3202
1.55107
0.626897
1.52864
1.49758
1.47489
1.31676
1.3101
1.36054
1.5079
1.5294
0.888606
0.820419
1.31875
0.713376
1.27385
1.21768
1.16062
1.44934
0.711558
1.52393
0.864747
1.37579
1.22273
1.35628
1.50446
1.47885
1.16371
1.42588
1.41091
0.83676
1.31585
1.47074
1.38605
1.3398
1.34556
1.32681
1.55536
0.694548
1.23751
1.18446
1.16328
1.45358
1.37652
0.553959
1.34786
1.43741
1.4499
1.01024
1.26522
1.13897
1.41094
1.55722
1.50027
1.48095
0.937698
1.40252
0.957532
1.36308
0.901425
1.39379
1.41194
1.00203
1.08092
0.668677
1.19967
1.12934
1.35319
0.853139
1.34146
1.42805
1.08385
1.21628
0.675688
1.17236
1.41946
1.01205
1.44091
1.50699
1.54122
1.43374
0.869679
1.12328
1.40543
1.37609
1.2778
1.55007
1.0862
1.15168
1.24029
1.20444
1.3414
1.36768
1.17141
1.29009
0.589275
1.56137
0.945809
0.449702
1.07239
1.46145
1.53328
1.20791
1.26983
1.50551
1.05654
1.25792
1.50177
1.49094
1.50367
0.865824
1.04988
1.24409
1.53179
1.51578
1.4054
0.532923
1.3735
1.44507
1.01433
0.950108
1.05585
0.931686
1.21021
1.45546
1.28917
1.34281
1.16218
1.39403
1.55163
0.370371
0.91826
0.93085
1.28649
1.47578
1.10321
1.11771
1.13152
0.776343
1.4342
1.32644
1.44934
0.992745
1.51038
0.974802
0.832488
0.976712
0.900616
1.26016
0.700631
1.27959
0.929376
1.27538
1.45156
1.45669
1.32781
1.07476
1.45924
0.900427
0.708863
1.36481
1.10518
1.09068
1.49106
1.54589
1.42974
1.2871
1.42884
1.56729
1.37161
0.986649
1.52785
0.952379
1.42951
0.763256
0.993031
1.20611
0.991597
0.611461
1.10934
1.54876
1.37058
1.48947
0.613606
1.30973
1.37733
1.31118
0.99835
1.53411
1.21535
1.41126
1.43718
1.54369
0.804588
0.884554
1.48785
0.844245
0.743825
1.44576
1.54553
1.28432
1.35558
1.03978
1.24731
1.07542
1.39593
1.30896
1.33026
0.983652
1.2002
1.42847
1.43667
1.24873
1.03869
1.31446
1.44304
1.26848
1.33281
1.37657
0.975158
1.3499
1.14488
1.32723
1.20084
1.50847
1.25221
1.3808
1.16424
0.802908
1.41339
1.35854
1.48307
1.56286
1.00573
0.728151
1.4565
1.43305
0.873351
1.18991
1.35586
1.15772
1.04695
1.13993
1.37355
1.50856
1.23489
0.629388
1.29488
1.29681
1.08209
0.75802
0.962563
0.886937
1.16092
1.10729
1.26634
0.876838
1.22308
1.54913
0.95763
1.45893
1.03624
1.13489
1.33566
1.13818
1.48419
1.04027
1.53716
1.55731
0.794965
0.728013
1.47249
1.13566
1.43383
0.398158
1.49424
1.23227
1.46648
0.85463
0.897768
1.47496
1.50573
1.5707
1.19547
1.43371
1.25606
1.48285
1.55007
1.29516
1.43704
0.935864
1.02864
1.26791
0.8779
1.31902
0.962222
1.44381
1.1207
0.957917
1.41983
1.2642
0.934142
1.56514
1.32007
1.21441
1.53869
1.50968
1.48267
0.983137
0.759888
1.40982
1.50359
1.45031
1.44888
1.56716
1.04162
1.53826
1.00592
0.61159
1.33585
1.13916
1.50807
1.11076
1.19304
0.701306
1.41434
1.04521
1.51036
0.997114
1.47016
1.41742
0.859471
1.20853
1.01307
1.42101
1.33849
1.11444
1.42171
1.03226
0.816463
1.30916
1.26981
0.962863
1.50273
1.0814
0.774666
1.40153
1.41664
1.28443
0.771456
1.4305
1.53007
1.28989
1.54348
1.50474
0.6889
1.51752
1.5541
1.52067
1.28061
0.674338
1.54204
1.46587
1.49431
0.842202
1.35984
1.34937
1.34964
1.44147
0.835226
1.29231
1.30505
1.34845
1.03709
1.30156
1.34924
1.05826
1.56298
1.52997
1.54571
1.1687
1.11987
1.32112
1.03031
1.36544
1.11245
1.42317
1.43254
1.23871
1.38159
1.17915
1.51688
1.23881
0.957791
1.33422
1.46139
1.10198
0.919061
1.26391
0.870511
1.24977
1.00511
1.23591
0.843511
1.37385
0.684813
1.54504
1.5403
1.43158
1.36699
0.668213
1.24322
1.21794
0.797447
1.38655
1.14727
1.43063
1.13979
1.22839
1.06305
1.06407
0.92947
1.28729
1.03886
1.46199
0.733174
0.894992
1.17854
0.575122
1.41517
1.3065
1.39193
1.04504
0.776833
0.962218
1.44085
0.947024
1.00338
1.08719
1.21804
1.30441
1.51559
1.37335
1.42119
1.4357
1.21343
1.15148
0.948859
1.14836
1.38156
1.56329
1.21022
1.56097
1.5581
1.52784
0.735474
1.55371
1.17636
1.25313
1.51672
1.27786
0.915778
1.25329
1.36036
1.1406
1.25696
1.41088
1.25962
1.38665
0.507741
1.47864
0.765329
0.840634
1.51821
1.27882
1.32508
1.44479
1.30061
1.20615
1.38796
1.01383
1.36768
0.958708
1.44024
1.07933
0.947385
1.54058
1.36282
1.01149
1.26317
1.482
1.23984
1.30697
1.18823
1.03934
1.25034
1.56689
1.13114
1.31694
1.18043
1.02493
1.41062
1.00496
1.54351
0.665888
1.19481
1.14871
1.25284
1.15899
0.915745
1.37094
1.52995
1.53327
1.33598
0.757311
1.31313
0.89891
1.38305
1.39794
1.30599
1.41254
1.56737
1.19927
1.25583
1.25107
1.31143
1.22281
1.30792
1.26906
1.25753
0.891153
1.50569
1.56823
1.22129
0.899609
1.34109
1.19762
0.991983
1.26737
1.33014
1.47881
1.454
0.612081
1.51241
1.27651
1.45248
1.29861
0.832114
1.18699
1.2576
1.18745
1.43266
1.33014
1.54571
1.18988
0.960467
1.18496
1.46685
1.54328
1.47255
1.36681
1.34477
1.24523
1.469
1.31272
1.28378
0.908455
1.02874
1.11135
1.38584
1.19744
1.37764
1.34851
1.53172
0.822564
1.29199
1.49607
0.900606
1.51558
1.42739
0.953095
1.55557
1.35986
1.18847
1.53321
0.904276
1.19429
1.44895
1.29254
1.46412
1.31225
1.05241
1.53429
0.759525
1.28917
1.19343
0.421815
1.1718
1.27517
1.11886
1.16951
1.05994
1.49841
1.27634
1.17329
1.31294
1.16381
0.800115
1.12609
1.41613
1.15031
1.50826
0.544009
0.992445
1.15899
1.37167
1.44775
1.18805
1.24261
0.482575
1.5048
1.37802
1.55639
0.767629
1.45254
1.13678
1.14864
0.552484
1.12931
0.485726
1.48396
0.983324
1.32995
1.1142
1.27299
1.48206
1.48727
0.79229
1.53572
1.43845
1.51095
1.4275
1.24596
0.794275
0.969344
1.33722
1.42273
0.943203
1.38361
0.514976
1.37923
1.47608
1.35126
1.26175
1.12491
0.983358
1.45653
1.36967
1.36206
0.723129
1.26197
0.960449
1.4643
1.09512
1.16893
1.31544
0.729715
1.16011
1.36021
1.12589
1.37506
1.41304
1.42193
1.39137
1.25833
0.728279
1.50624
1.5195
0.941316
1.51628
1.5011
1.36444
1.33593
1.37856
1.45598
1.22496
1.00684
1.25206
1.14442
1.5456
1.06514
0.72966
0.887738
1.5174
0.661805
1.33579
1.0835
1.41098
1.19763
1.27115
1.25689
1.41995
1.33599
1.31214
1.13282
1.42739
1.19235
1.13626
1.49932
1.02249
1.14878
1.20437
1.23802
1.47838
1.43007
1.44744
0.730545
1.28837
1.10162
1.02999
1.54378
1.49645
0.934619
0.6243
1.56716
1.19083
1.26566
1.40234
1.42073
0.914359
1.06873
1.28701
1.40227
1.39391
1.28354
1.48542
1.50471
1.54772
1.34929
1.18655
1.27072
0.876254
0.986243
1.48236
1.49522
1.05009
0.969343
1.19822
0.923284
1.36458
1.42523
1.172
0.711314
1.20372
1.50835
1.47995
1.14635
1.15606
1.14085
1.54162
0.933929
1.54546
1.43212
1.00414
1.03227
1.29447
1.10451
1.55444
1.29295
1.33679
0.785342
1.08327
1.44242
1.15332
1.51064
1.29986
0.940677
0.706994
1.31004
1.25198
1.35917
1.39236
1.45635
0.885557
1.20398
1.39
1.55505
1.16807
1.20595
1.22081
1.55105
1.02457
0.926322
0.86831
0.488908
1.56402
1.41563
1.13965
1.14968
1.50395
1.42329
1.45211
1.44051
1.28494
1.28835
0.98989
1.34942
1.38571
0.939866
0.887774
1.42638
0.807364
1.20627
1.24757
1.50351
1.08277
1.37799
1.49673
1.32671
1.54388
1.10878
1.4448
0.61541
0.86564
1.09696
1.42909
1.39835
1.40915
1.46992
1.44191
0.676442
1.47826
1.26273
1.02574
1.30498
1.45014
1.35501
1.19744
1.00558
1.40344
1.56427
1.07093
1.45543
1.15275
1.47479
1.37578
1.32211
1.19493
1.53646
1.46869
1.3144
0.748152
1.16678
1.30006
1.41311
1.32647
0.697169
1.45608
1.35932
1.46611
0.989161
1.32696
1.29991
1.47231
1.36453
1.08387
1.29846
0.948675
1.3059
1.45014
1.18933
0.952457
1.20843
1.47901
1.14854
1.19113
1.10229
0.378102
1.05433
1.10197
1.26835
1.19529
0.948085
1.16325
0.845925
1.10644
1.23098
1.40162
1.40599
0.978325
0.474811
0.900618
1.19035
1.48549
1.09525
1.41443
1.21599
1.47458
1.38693
1.03566
1.53685
1.44593
0.545293
1.42076
1.52885
0.684859
1.11309
1.50254
1.3527
0.86873
0.724807
1.46446
1.24505
1.43962
0.923312
1.5385
1.40365
1.30685
1.02906
0.871652
1.55601
1.01579
1.32905
1.06355
0.868388
0.801743
1.31282
1.44048
1.16889
1.22164
1.52616
1.39875
1.16297
1.46943
1.4797
1.38864
0.516723
1.05524
1.37982
1.22258
1.27385
1.52005
1.26181
1.44535
1.09498
1.26259
1.16915
1.4518
0.992752
1.38473
1.3784
1.32313
1.43724
0.968374
1.5203
0.884358
0.897231
1.07569
0.93963
1.41421
1.56881
0.50465
1.15012
1.07031
1.1472
1.38828
0.792314
1.0814
1.12578
1.13931
0.887886
1.35976
1.46779
0.910694
0.584758
0.683967
0.752661
0.68051
1.1982
0.927104
0.818325
0.962349
1.17887
1.37683
0.953534
0.914375
1.46708
0.699637
1.44953
1.31282
1.53365
1.50644
0.491297
1.37248
1.09964
0.94149
1.25002
1.26298
0.984647
0.747746
1.45687
1.48745
1.33541
1.39918
1.48098
1.40104
0.786407
0.737582
1.13114
1.4636
1.32096
1.36288
1.38603
1.53188
1.1743
0.936773
1.02076
0.870216
1.49757
1.38389
1.4146
1.48285
1.34457
1.19495
1.19282
1.08532
1.28271
1.13855
1.06464
1.22762
0.753919
1.10559
1.30997
1.22649
0.785504
0.902931
0.886569
1.39986
1.18377
1.26128
0.805016
1.30112
1.54818
0.936866
1.4415
1.55368
1.4785
1.24371
1.20575
1.29821
0.542558
1.47384
0.873668
1.55059
1.2403
1.15467
1.22794
1.08989
0.874568
1.528
1.38565
1.06787
0.637943
0.746491
1.32247
1.53496
1.46357
1.27079
1.53572
1.21761
1.1726
1.10401
1.31692
1.30259
0.93923
1.23803
1.22229
1.0202
0.940962
1.1839
1.06017
0.786877
0.842012
0.805454
0.785856
1.45266
1.04575
0.903573
1.36486
1.42366
1.34294
1.12747
1.51377
0.920139
0.87118
1.5664
1.22013
1.42539
1.09014
1.15471
1.34618
1.3116
1.19124
1.26061
1.37111
1.06585
0.721747
0.527424
0.793047
0.670648
1.37602
1.52005
1.30581
1.3646
0.452089
1.32709
1.53398
1.54034
1.13195
1.48524
1.36911
1.55914
0.84864
1.46618
1.39456
1.45395
1.37285
0.702006
1.2124
1.2047
1.43919
0.780906
1.12184
1.1066
1.062
1.41315
1.44141
1.1632
1.134
1.35353
0.702208
1.00284
1.56768
1.3161
1.4929
1.23745
1.27666
0.56412
1.30239
1.57012
0.99515
1.2982
1.22103
1.25509
1.03327
0.813864
1.19816
1.497
0.959287
1.3705
1.54653
1.56408
1.20575
0.892164
0.886757
1.12273
0.47262
1.55657
0.883806
1.41397
1.03092
0.890187
0.821729
1.12496
1.19652
0.811665
1.34907
1.55335
0.528652
1.52983
0.70724
1.06375
1.36138
1.06955
1.52843
1.34563
1.50462
0.845878
0.859685
1.32717
1.54345
0.995519
1.47377
0.800247
0.793736
0.871982
1.35921
1.19782
1.44605
1.39227
0.743475
0.857869
1.53252
1.56399
1.41971
0.667919
1.50893
0.701706
1.36136
1.41146
1.28525
1.43787
1.27675
1.43577
1.56616
1.12547
1.46716
1.30315
1.40333
1.3887
1.42798
1.1692
1.43642
1.25026
0.945903
1.4804
1.33185
1.32558
1.02921
1.42877
1.52525
1.557
1.0326
1.35102
1.3641
1.14198
1.45755
1.54839
1.28758
1.31479
1.3517
1.16681
1.11779
1.50283
1.49259
1.22703
1.2813
1.48527
0.594066
1.06375
0.994567
1.0492
1.46333
1.37497
1.50113
1.08837
1.41718
1.32366
1.21124
1.16123
1.37362
1.16643
1.47206
1.20562
1.32669
1.31231
1.13676
0.828608
1.03454
1.19704
1.46976
1.06936
0.592443
0.964492
0.773889
0.873758
1.48864
0.857978
1.5327
1.13307
1.14043
1.55578
1.37198
0.554496
1.46004
0.485786
1.38771
1.30751
0.701114
1.22288
1.21716
0.958764
0.765995
1.23709
1.30055
1.28662
1.47997
1.51682
0.765685
1.40658
1.17309
1.50511
0.722182
1.37677
1.35632
1.31187
1.18602
1.5258
1.36205
0.296512
1.24571
0.765775
1.17405
1.53704
0.980468
0.833186
0.856244
0.976121
1.5137
1.39447
1.25179
1.55312
0.553524
1.56147
1.48445
1.43882
0.926108
0.861577
1.4876
1.32064
0.972932
0.735605
0.896126
0.900106
1.5606
1.53221
0.872423
0.745793
1.37469
0.325271
1.13136
1.31465
1.52586
1.36335
0.925725
1.24097
1.20673
0.84855
1.48564
1.56212
0.985871
1.35468
1.3833
1.18483
1.48759
1.55584
0.785474
1.45417
1.4766
1.39772
1.27289
0.821264
1.55889
1.54296
1.421
1.31806
1.07406
1.43007
1.48932
1.51763
0.870218
0.999277
1.3336
0.64674
0.703027
0.654405
0.853431
0.898022
1.11636
1.15497
1.54171
1.31994
1.43414
0.816548
1.10456
1.30628
1.0421
0.83742
0.77901
1.41534
1.30168
1.42449
1.34639
1.45211
1.17521
1.5126
0.669939
0.840123
1.34776
1.06555
1.26682
1.55853
1.42714
1.04697
0.691114
1.01728
1.38673
1.54305
1.2049
1.40571
1.42859
1.30824
1.37307
1.11435
0.44677
1.56237
0.784933
1.16348
1.02603
1.49764
1.55987
1.45948
1.56576
1.13218
0.883623
1.00908
1.33523
1.44187
1.35692
1.46705
1.46455
1.55386
0.993828
0.904521
1.47065
1.33729
0.851745
0.569276
0.755791
1.51886
1.54742
1.48809
1.30153
0.928201
1.1046
1.08699
1.01349
1.04211
1.07703
1.49905
1.29656
1.11524
1.47458
1.55187
0.943188
1.09947
0.84965
0.838173
1.41075
0.898573
0.861456
0.678701
1.02514
0.8955
1.44802
0.934614
1.14597
0.98296
0.992425
1.36213
1.38308
1.43426
1.06108
0.898174
1.32511
1.37969
1.51064
0.716576
1.149
1.49749
1.48005
0.908024
1.29672
0.983367
0.664039
1.37612
1.47556
0.917658
1.15749
1.44372
1.34956
1.5225
1.45229
1.51889
1.14273
0.935605
1.21915
1.19582
0.476887
1.43617
0.930652
1.52177
1.17728
1.29053
1.45402
0.996608
1.51127
1.44079
1.1762
1.37757
1.46126
1.17799
1.17055
0.863766
1.01237
1.42242
1.22784
1.54408
0.807976
1.24379
1.14968
1.03984
1.30783
1.29871
1.1056
1.22462
1.52562
1.52158
0.743347
0.683382
1.47358
0.992616
1.4785
1.45195
0.794784
1.54027
1.03707
1.54632
1.29187
1.30118
0.888589
1.51244
1.41798
0.531738
1.3462
1.27055
0.785289
1.23531
1.53811
1.39403
1.39874
1.52646
1.4682
1.55102
0.78195
1.22903
1.39842
1.54998
1.3794
1.5567
1.09422
1.21625
1.24164
1.14468
1.31512
1.29554
1.50575
1.12064
1.50382
1.3065
1.21192
1.04463
1.41542
0.978267
1.39992
1.44762
1.49675
1.51278
1.37176
1.56201
1.19605
1.46963
1.53459
1.27908
1.53734
1.05695
1.2085
1.5596
1.37455
1.48977
1.48711
1.2109
0.911144
1.08946
0.903192
1.53036
0.919838
1.49449
1.49651
1.2764
1.17504
1.25714
1.33852
1.1563
1.39081
0.813598
1.38025
0.828461
1.00786
1.30169
1.49659
1.14308
1.33498
1.48515
1.17458
1.00697
1.10217
1.0978
1.14713
1.29123
0.811894
1.31616
1.11676
1.15468
1.36637
0.580003
1.4297
1.52572
1.33616
1.49112
1.40952
1.328
1.33911
1.23086
1.47614
1.26931
1.36371
1.51536
1.5323
1.46013
1.2832
1.00842
1.4467
1.17873
0.626339
0.643634
1.37876
1.23524
1.3553
1.45099
1.24847
1.51999
0.795333
0.385215
0.730764
1.53777
1.35988
1.39961
0.810225
1.22039
1.42496
1.10046
1.32145
1.2045
1.29829
1.39009
1.43322
1.07503
1.28322
0.871315
0.672946
0.797912
0.84781
1.05008
0.961679
1.25343
1.20634
1.45063
0.956606
1.52439
1.10791
1.51804
1.08071
1.52112
1.37883
1.4918
1.2144
0.585824
1.49096
0.899093
1.39131
1.04835
1.1592
1.49474
0.673267
0.957775
1.25893
0.95162
0.758121
1.47433
1.53139
1.45014
1.02279
1.06058
1.36562
1.40171
1.46231
0.989403
1.48248
1.40057
1.0005
1.0845
1.29837
1.28855
1.12705
1.5252
1.54931
0.997521
0.54503
1.23293
1.38836
1.13819
1.28697
1.37293
1.43855
1.45143
1.35811
1.02075
1.52497
1.14977
1.47635
1.43691
1.40657
0.445639
1.422
1.33431
1.23984
1.29602
1.29089
0.63754
0.72266
1.32284
1.10108
1.50523
1.31256
0.60491
0.671022
1.48886
0.678866
0.836831
1.54919
1.19773
0.797893
1.42033
0.964844
1.34795
0.896901
1.50919
1.06717
1.37677
0.865108
0.841502
1.42199
1.34391
1.28907
1.09633
1.44374
1.11098
1.16595
1.57058
0.730321
1.44804
1.53606
0.609609
1.42826
1.13184
1.36843
1.14026
0.744579
1.14515
0.789415
0.831805
1.20854
1.15258
1.32461
0.965989
1.56079
1.02561
1.21229
1.56927
1.14187
1.26282
1.45703
1.31796
1.22141
1.29971
1.56611
1.56419
1.49125
1.04431
1.23149
1.54788
0.566691
1.02524
1.10652
1.20041
1.41254
1.15525
1.3467
1.10333
1.48628
1.06519
1.03898
0.905329
1.07794
0.953749
1.52652
1.09625
1.13154
1.03717
0.752595
0.964168
1.53459
1.19481
1.51162
1.16599
1.39506
1.46505
1.29669
1.42779
1.31591
1.54922
0.948007
0.930676
1.56495
1.52323
1.42828
0.841539
0.724195
1.45063
1.30074
1.48392
0.800439
1.27768
0.891039
1.35291
0.604868
1.26061
1.38271
0.949648
0.822099
1.11797
1.53081
1.27726
1.54803
1.26042
1.54992
1.37186
1.03862
1.54479
0.910515
1.0613
1.27091
1.38248
1.34569
1.26764
1.2281
1.43999
1.34559
0.690588
0.90778
1.35
1.50956
1.05107
0.725978
1.4736
1.53635
1.21998
1.03028
0.957654
1.52514
1.3399
1.18794
1.33152
0.941603
1.38647
1.21045
1.3932
1.34726
1.4744
0.937653
1.15243
1.40914
1.27863
1.15499
1.54907
1.3016
1.09977
1.4483
1.21638
1.38845
1.40475
1.33182
1.43814
1.25177
1.20215
1.21012
1.05994
0.968658
1.38259
1.2221
0.532555
1.01115
1.36015
1.25528
1.45002
1.09557
1.26599
1.12921
1.10319
1.51278
1.26069
1.52335
1.53575
0.912972
1.09285
1.37102
1.09847
0.819178
1.46194
1.55435
1.33243
1.03974
1.44877
1.49039
1.01552
1.45119
1.46752
1.48993
1.3015
0.986978
1.54287
1.56169
1.44211
1.22288
0.983696
1.06775
1.54128
1.08161
1.45414
1.06753
0.836232
0.881859
0.756383
0.830921
0.981779
1.46649
1.01755
0.772786
1.18959
1.22123
1.26305
1.24048
1.37434
1.03613
1.02324
1.56366
1.34579
1.14463
0.711684
1.34093
1.22002
1.08844
1.18957
1.2797
1.23788
1.38552
0.667111
1.14793
0.974382
1.40747
0.796255
1.48959
1.18231
1.44941
1.45798
1.52818
1.06899
1.53319
1.26944
0.696148
1.13738
0.782791
1.49648
1.45494
1.51963
0.765953
1.40608
0.869823
1.29872
1.25287
0.957598
1.23958
1.08296
0.780818
1.55158
1.55914
1.36052
1.1747
1.491
0.862335
1.45242
0.541149
1.53117
1.56246
1.54183
1.24351
1.25885
1.42045
1.28893
1.28073
0.857458
1.1459
1.1247
1.25186
1.39786
0.735249
1.19527
0.952587
1.33755
1.00978
0.876207
1.49183
0.994575
0.824541
1.48643
1.30628
1.29827
1.11767
1.07484
1.29903
1.33473
1.34131
1.51785
0.98772
1.42563
1.30825
1.22404
1.37641
1.385
1.28961
1.4692
1.4631
1.30353
1.51101
0.892845
1.43337
0.872783
1.48716
1.19246
1.2524
1.10728
1.16955
1.01704
0.885693
1.10396
0.978069
1.54586
0.735447
0.968159
1.49106
1.47666
0.949582
1.30278
1.56079
1.32718
1.18839
0.851054
1.42273
0.563631
1.47427
1.28205
0.670793
0.50299
1.21956
1.19093
1.27417
1.26208
1.09416
0.830132
0.622854
1.08023
1.47887
0.734006
1.51492
1.51981
1.43146
1.38571
1.49295
1.0165
1.37074
1.15869
0.845111
1.32562
0.772708
1.01382
1.55896
1.34695
1.44092
1.43926
1.30093
1.56625
0.964983
1.33648
1.38999
0.810666
1.32537
1.22748
1.31048
1.51137
1.41538
0.902763
1.51043
1.05064
1.35917
1.22603
1.50515
1.27604
1.3425
1.54486
1.45513
1.33546
1.28398
1.23033
1.36328
1.32731
1.09882
1.32594
0.803316
1.55071
1.32102
1.09122
1.12597
1.10237
1.54168
1.23932
0.786398
0.757342
1.08989
1.56842
1.34882
1.33152
1.42755
1.09192
1.54038
0.986094
1.06926
0.692986
0.976119
0.763234
1.02722
1.17644
1.35124
0.975296
0.533428
1.07421
1.33542
0.937362
0.95153
1.44092
1.51434
1.06153
1.45979
1.44565
1.53124
1.34181
1.0007
0.941163
1.06519
0.917446
1.19357
1.11961
1.38392
1.3089
1.45374
1.36806
0.950639
1.5509
1.20064
1.07231
1.48445
0.823166
1.26566
0.402259
1.35119
1.48083
1.55498
0.75687
0.904826
1.46139
1.23428
0.648579
1.38603
1.13204
1.36726
1.47912
1.52867
1.42221
1.23199
1.22144
0.819033
1.37404
1.35442
1.38202
1.21695
1.46335
1.53488
0.936419
1.26813
0.736666
1.18867
1.26042
1.25511
1.23398
0.850105
1.53371
1.26013
1.12658
1.49847
0.340639
1.43913
1.53429
1.52452
1.27174
1.24236
1.56115
1.53007
1.12211
0.905468
1.18916
1.55706
1.07919
1.20654
1.31559
0.687346
1.53012
1.51075
0.596431
0.859157
0.921513
1.2539
1.23848
1.25888
1.42884
1.4136
1.1112
1.53166
0.824041
1.22508
0.948961
0.902883
1.40778
0.97756
0.817772
1.36974
1.27576
1.11786
1.38193
1.06308
1.11792
1.42545
1.01626
1.29947
1.4736
1.12475
1.3141
1.37204
1.37643
1.29814
1.49131
1.38098
0.480545
1.12501
1.22619
0.923275
1.51498
1.24177
1.43808
0.893486
1.25553
1.31011
0.878549
1.34586
1.35796
1.46102
1.23328
0.847456
1.04142
1.51853
1.15369
1.56488
1.45647
1.08796
1.40196
1.24242
1.06145
0.880712
1.50192
1.55488
1.44784
1.53203
1.53838
1.54351
1.435
1.10087
1.4981
0.255334
0.491245
1.221
1.04255
1.27935
1.07613
1.25246
1.09882
1.34544
0.938974
1.54265
1.27286
1.24392
1.52809
0.896316
1.27994
1.19413
1.50606
1.41915
1.06074
1.17392
0.710451
1.41587
1.18396
1.04205
1.02247
1.22889
1.34701
0.784592
1.51492
1.32329
1.31086
1.28163
0.995172
1.05603
1.29352
1.49192
0.881216
1.49516
1.16099
1.5162
1.37267
1.38438
1.38665
1.36566
1.0678
1.28828
1.29244
1.433
0.949406
1.26001
1.27328
1.03768
1.5146
0.954295
1.40401
1.2695
1.25702
0.914232
1.29827
1.46086
1.49486
1.31459
1.48855
1.41465
1.48288
1.00801
0.998899
1.10197
1.31617
1.07867
0.986402
1.21689
1.1373
1.37136
0.962344
1.46232
1.297
0.767091
0.763201
1.4123
1.27956
1.39813
1.47954
1.14368
0.704145
1.08369
1.54559
1.37055
1.47439
1.28175
1.3199
1.32259
1.33862
1.24625
1.09985
0.883159
1.17161
1.37969
1.32224
1.3636
1.48889
0.856829
1.39342
1.24959
0.895531
1.55543
1.165
1.49033
1.44449
1.3698
1.01007
1.2482
1.55551
1.54178
0.929415
0.739547
1.48132
1.26365
1.49614
1.55108
0.646483
1.50685
1.28077
1.14328
0.765078
1.01719
1.11661
1.48641
1.3689
1.47967
1.01795
1.44768
0.700596
0.679671
1.1029
1.48292
0.884049
0.942783
1.3528
1.33431
1.43507
0.986179
0.559337
1.15618
1.39579
1.54992
1.1811
1.20893
1.2667
0.579671
1.30561
0.978404
0.924239
0.871838
1.43107
1.33579
0.760562
1.56427
1.1381
1.52723
1.03659
1.5436
0.776317
0.693262
1.33686
1.05312
1.46697
0.783581
1.13075
1.39893
0.689773
1.37319
1.35489
1.39075
1.10598
0.941611
1.37848
1.49112
1.51926
0.928848
1.47708
0.78039
1.32313
1.15574
1.48083
1.52731
0.729561
1.52623
1.44208
1.2912
1.30731
0.717278
1.40283
1.40865
1.29846
1.47537
1.43642
1.32045
1.17663
0.908454
1.55938
0.601774
1.4181
1.31632
1.49082
1.18317
1.53291
1.18959
1.43075
1.49685
1.4661
1.16846
1.28691
1.21534
0.921684
1.552
1.3385
1.55541
1.3225
1.28943
1.48684
1.53179
1.21879
0.883593
1.10454
1.46943
0.509144
1.12926
1.5294
1.26458
1.27336
1.31172
0.792123
1.32595
1.37335
1.09938
1.38398
1.38585
1.24892
0.791271
1.37167
1.46274
1.30871
1.31339
1.20785
1.23448
1.45859
1.10139
1.18699
1.33532
1.36213
1.50642
1.14093
1.51461
1.45438
0.824748
1.26029
1.4541
1.37142
0.887429
0.992794
0.816638
1.47783
0.788104
1.2122
1.00765
0.854273
0.872099
1.46875
1.28913
1.14593
1.50301
1.34031
1.23603
0.646251
0.976781
1.4663
0.950247
1.09851
1.51137
1.10655
1.50982
0.729186
1.09004
0.927609
1.54455
1.3801
0.933814
1.48984
1.50171
1.09521
1.33623
1.53884
1.33447
0.75835
1.10245
1.2905
1.56514
1.49131
0.933359
1.41468
1.11302
1.48034
0.78682
1.50838
1.453
0.531006
0.918706
1.4973
1.03889
1.17488
1.50666
1.4382
1.46384
0.993638
1.33429
0.547705
0.972503
1.25927
1.23922
1.37923
1.44522
1.50947
0.968892
1.27442
1.27901
1.27481
0.709815
0.65179
1.41755
1.33924
0.976337
1.50923
1.52277
1.15165
1.37937
1.03858
1.36824
1.30913
1.17282
1.14536
1.19857
1.24584
1.28201
0.866993
0.911092
1.45094
0.439819
1.05512
1.54843
1.52734
0.856088
1.50569
1.49685
1.52927
1.14918
1.01933
1.17056
1.45226
1.41204
1.28652
1.14914
1.48104
1.32482
1.17551
1.30536
1.25709
0.707409
1.48408
0.77012
1.25516
1.26925
1.52409
1.34244
1.41446
1.46215
1.43029
0.925173
1.247
1.27784
1.38894
1.23202
1.2038
1.53264
1.45197
1.35048
1.24725
1.35542
1.32352
1.55023
1.2958
1.23432
1.17322
1.21434
1.38218
1.4653
1.3805
1.30422
1.25859
0.719806
1.18566
1.12611
0.905174
1.49149
1.46255
1.40227
1.06696
1.53609
1.21806
1.53746
1.42964
0.968996
0.938767
1.45962
1.02472
1.30931
1.41234
0.893398
1.22087
0.953836
1.07844
1.20875
0.915442
0.853274
0.553629
0.993883
1.50189
0.966739
0.9605
1.56562
1.31036
1.43697
1.33467
1.34372
1.38426
1.43728
0.757136
0.982783
0.972957
1.46584
1.49229
1.07067
1.40951
1.21266
1.45874
0.493821
1.42681
1.2377
1.00364
0.997254
1.47489
0.70967
1.40533
0.779798
1.42458
1.10928
1.21748
1.4518
0.934864
1.29775
1.38137
1.09703
1.34938
1.28354
1.39078
1.50459
1.11347
1.53362
0.807094
0.810911
0.930622
1.45082
1.44172
1.31266
0.884803
1.18113
0.627309
1.21367
1.24074
1.48848
1.06005
1.53075
1.2597
1.46752
1.39171
0.868486
0.823698
1.08202
1.37042
1.21657
0.498572
1.30852
1.05123
1.38785
0.950359
1.49841
1.32794
1.2504
1.44522
1.56671
1.54553
0.948801
1.03813
1.33472
0.933869
1.55923
1.50241
1.51226
1.36961
1.06635
1.03472
1.28825
0.888464
0.785938
1.49105
1.56951
1.1603
1.18297
1.25104
1.56964
1.19229
0.541545
1.25906
1.41526
1.10601
1.16275
1.47357
1.35917
1.32232
1.43913
1.03083
1.35354
1.39379
1.43762
1.20751
0.873584
1.1342
1.52995
1.05257
1.34425
1.29478
0.726541
1.43722
0.93421
1.5085
1.16842
1.37654
1.07967
1.4157
0.97324
1.33936
1.05952
0.988663
1.02616
0.87523
0.966074
1.12676
1.17894
1.01026
1.19724
1.56835
1.27598
0.798803
0.950087
1.30732
1.45604
0.790017
1.01448
1.05829
1.30187
1.55032
1.45171
1.49966
1.27781
0.780054
0.893304
0.785239
0.887276
1.2432
1.14955
1.53707
1.04118
0.867469
1.48991
1.45518
1.35172
1.46924
0.695208
1.18139
0.897413
1.03088
1.05819
1.52913
1.16816
0.644755
0.573697
0.764874
1.06893
1.26561
