1.53343
1.36406
1.07597
1.41529
1.17971
0.562926
1.27039
1.28564
0.940956
1.1041
0.631177
1.05252
1.2139
1.06503
1.2888
1.41366
1.52922
0.812116
1.39244
1.19779
1.28442
1.03504
1.31463
1.35123
1.38374
1.44091
1.42329
1.35871
1.48193
1.27755
1.16554
1.43457
1.42977
1.11483
0.682499
0.952275
1.30454
1.36138
1.09649
1.07987
1.35151
0.948683
1.48641
1.50422
1.13219
1.22566
1.34288
1.4546
0.843386
1.52916
0.59342
1.39692
1.13818
1.14148
1.03925
1.33064
1.24758
1.4118
1.1952
0.685294
1.56543
1.18693
1.1892
1.31143
1.23011
1.38675
1.03765
1.18318
1.3769
1.55831
1.06702
0.983555
1.15241
1.37577
1.4651
1.39525
1.46581
1.34056
1.25534
1.10839
1.48415
1.49608
1.04049
1.28271
1.38898
1.06353
1.54034
1.19932
1.40914
1.09009
1.37403
0.876075
0.941742
0.874705
1.10851
1.5107
1.01683
1.35608
1.40447
1.17359
1.42238
1.5258
1.02614
1.34776
0.966876
1.35101
1.419
1.48319
0.979502
1.44879
0.919064
1.30479
1.52005
1.15579
1.19431
1.05881
0.58823
1.11078
1.28153
1.08992
0.790845
1.31862
1.30884
1.43984
1.10183
1.18116
1.2126
1.56373
1.3445
0.887915
0.930777
1.04325
0.933409
1.39198
1.50245
1.56451
1.28878
1.50703
1.02013
0.944617
0.832025
1.40441
1.32385
0.754127
0.907217
1.13273
1.35883
1.41416
1.51052
1.05473
1.07558
1.19718
1.37098
1.33598
1.45411
1.02903
1.36572
1.03292
0.502353
1.49998
1.0349
1.10415
1.12524
1.4797
1.41245
0.787593
1.25445
1.36544
1.43821
1.41155
1.44184
1.45666
0.746121
1.53783
0.684554
1.09402
1.38566
1.45208
1.32225
0.835512
1.50758
0.750721
0.99093
1.55841
1.37288
1.31323
1.3805
1.54118
0.802366
1.15312
1.11628
0.976636
1.18462
1.53545
1.37951
1.47335
1.03368
1.07746
1.40723
1.42958
1.25983
1.39512
1.42576
1.2576
1.13032
0.814426
1.38409
0.967568
1.14011
0.597074
0.82751
1.02163
0.8887
1.14561
1.36718
0.89547
1.33265
1.35233
1.43149
1.2133
1.37198
1.24434
1.27341
0.705766
0.751707
1.50055
1.54519
1.13387
1.05269
1.52708
1.1735
1.55017
1.18238
0.943492
1.49375
0.77087
1.32819
1.25731
1.09765
1.06634
1.13946
1.30011
1.30534
1.3195
1.51309
1.31596
1.48745
1.53018
0.866951
1.43948
1.09892
1.488
1.35464
1.48347
1.40858
1.22547
1.25987
0.833081
0.868393
1.44428
1.36575
1.28856
0.760036
1.20045
0.72467
0.952789
0.847923
1.32279
1.54711
1.44725
0.921375
1.37602
0.949726
1.15836
0.983032
1.12733
1.5684
1.52458
1.19993
0.429208
1.56315
1.27034
1.15192
1.13952
1.38662
1.5538
1.41118
1.45623
1.28166
1.26746
1.22054
1.29621
1.2951
0.876101
1.05122
1.38715
1.21039
1.43679
1.35396
1.51247
0.961004
1.25583
1.01575
1.29865
1.49008
1.50801
0.845707
1.52699
1.2939
1.47614
1.49437
1.43473
1.51287
1.5574
0.971509
1.56866
1.16955
0.624909
0.766306
0.908499
0.885457
1.11086
0.728575
1.33425
1.1667
1.34762
1.52274
1.27863
1.41551
1.22807
1.2575
1.20941
1.56863
1.37223
1.4932
1.44279
1.45303
1.15031
1.35452
1.35168
1.11711
1.10806
0.758687
1.01848
1.44097
1.16232
1.40439
1.56903
1.01486
0.890103
1.28468
1.37565
1.54172
1.36955
1.23771
1.2704
1.20647
1.34476
0.771997
1.1356
0.970355
1.2642
1.38001
1.2293
0.620374
0.862342
1.5316
1.39834
1.39301
1.5596
1.45704
0.828698
1.52821
1.32756
1.11418
1.27216
1.08912
1.13784
1.41398
1.312
1.03439
0.593518
1.53108
1.5472
0.663894
1.53817
1.42311
0.719584
1.31657
1.23506
1.18249
1.07482
1.04733
1.21025
0.921209
0.971402
0.975603
1.27647
1.28334
1.28267
0.802967
0.674836
1.0092
1.07486
1.11826
1.27911
1.52946
1.2348
1.42832
1.28894
1.16092
1.54922
1.53221
1.47078
1.42313
1.53997
0.519554
1.40515
1.48353
1.47608
1.50006
1.32876
1.12472
1.285
1.07189
1.28411
1.52745
1.02382
1.40685
1.0615
1.18976
1.2182
0.962054
1.45463
1.46826
0.723812
1.46525
1.37266
0.860863
1.09003
1.28202
0.86752
1.49231
1.28624
1.2193
1.13892
0.827868
1.54681
1.48267
1.39627
1.33724
0.876397
1.2601
0.887469
1.02206
1.43427
1.24468
1.38376
0.821423
1.23722
1.11799
1.02406
1.45579
1.18167
1.11784
1.56951
1.37783
1.25471
1.38737
1.21657
1.53215
1.45782
1.27939
1.01351
1.09697
1.56231
1.10989
0.710249
1.43882
1.52788
0.819399
1.4842
1.18689
0.952942
1.40794
1.11438
1.56686
0.627768
1.37151
0.816322
0.858114
1.24409
1.43931
1.3487
1.03589
1.01359
0.785467
1.04181
1.55678
1.4508
1.36307
1.51865
1.03255
1.55668
0.467095
1.30327
1.53665
1.2293
1.31953
1.21513
1.43723
1.55984
0.717316
1.00874
1.15432
1.30117
1.4647
0.879316
1.36382
1.39204
0.870389
1.49626
1.28939
0.965901
1.38659
1.4577
0.754765
1.12001
1.52604
1.42557
0.463136
0.940922
1.15598
1.56107
1.38313
1.09558
1.51532
1.4766
0.983139
1.46274
0.72432
1.37471
1.35033
1.24319
1.38099
1.56055
1.32384
1.33159
1.25088
1.14248
1.46231
1.17837
1.41038
1.52617
1.33733
1.52177
1.52678
1.51657
1.27694
1.13252
0.887308
1.46077
1.34674
1.4756
1.30928
1.01949
1.43075
1.35501
1.43211
1.29892
1.3909
1.37191
1.42789
1.30739
1.02471
1.5015
1.12477
1.56616
1.16957
1.13774
1.50952
1.20739
1.4469
1.30944
1.20809
0.635904
1.55384
1.29776
1.45198
1.11288
1.53102
1.46642
1.42585
1.56481
0.855352
1.51938
1.31547
1.00082
1.48322
1.40927
1.32026
0.832468
1.22793
1.01151
1.44996
1.22262
1.28735
1.00396
1.51964
0.952729
1.3189
0.605323
1.49688
1.01604
1.56323
1.56387
1.36263
1.41629
1.32932
1.5567
1.0681
0.779762
1.25153
1.29735
0.93788
0.905053
1.4499
1.22813
1.52357
1.28551
1.16929
0.814688
1.07662
1.44787
1.55645
1.20529
1.15019
1.25503
0.964487
1.54284
0.889903
0.919369
1.28411
1.13411
1.33032
1.3388
0.788075
1.21947
1.49259
0.728002
0.920909
1.4152
1.37951
1.41415
1.14167
1.47547
1.03026
1.42604
1.21603
1.40387
1.39825
1.34006
1.562
1.56268
1.4231
0.883232
1.39967
1.14499
1.30387
1.55889
1.18541
1.48898
0.898718
1.17935
0.778153
0.316773
1.45395
1.43275
1.28051
1.52128
1.08292
1.52861
1.15432
1.49675
1.15182
1.48754
1.48267
1.26842
1.07414
0.759708
1.53374
1.23405
0.857983
1.2871
1.53534
1.49314
1.16683
1.26234
0.876043
1.53914
1.55865
0.4802
0.90274
1.14709
1.1844
1.22525
0.900124
1.3864
1.53539
1.34043
1.5126
1.56405
0.823038
1.32951
1.39683
1.29494
1.40011
1.49106
1.36038
1.4186
1.48959
1.45663
1.2704
0.926784
1.49709
1.32044
1.48077
1.36254
1.01211
1.31307
1.35691
1.56451
1.38106
1.37979
1.21832
0.96887
1.49216
1.2913
1.49051
1.54864
1.4355
1.23765
1.23483
1.12293
1.12253
1.47648
0.802051
1.47329
1.17193
1.56994
1.08243
1.06075
1.28366
1.2663
1.12205
1.46221
1.33603
1.44968
1.47074
0.926345
1.04231
1.42538
0.483944
1.0235
1.16796
1.48557
1.38942
1.42286
1.30978
1.40599
1.43954
1.24879
1.13663
1.07412
1.34901
1.4387
1.21517
0.934382
1.28694
1.22965
1.43531
1.43271
1.45494
1.35839
0.791149
1.4585
1.15738
1.27206
1.32691
1.37335
0.518124
1.55749
1.4869
1.54597
1.22137
1.483
0.631491
1.39286
1.23189
0.645111
1.482
1.36525
1.46071
1.03538
1.40822
1.47538
0.499398
1.3798
1.169
1.56845
0.980879
1.53136
1.54784
1.15085
1.48809
1.54858
1.14127
0.999082
1.5037
0.961395
0.976518
0.918225
0.658055
1.00736
0.995454
1.00184
1.2426
1.38429
1.30226
1.5221
0.704899
1.07586
1.42465
1.47176
0.910601
0.838167
1.0334
1.14537
0.632373
1.07948
1.56393
1.20338
1.56042
0.896158
0.98391
1.45235
1.55346
1.33616
1.22765
1.17703
1.10587
0.7121
0.860117
1.18508
1.32901
0.849945
1.27442
1.39546
1.28586
1.33001
1.13211
1.13833
1.22949
1.21544
1.22092
1.38553
0.971799
1.54681
1.08469
0.501261
1.53069
0.985966
1.42961
0.920002
1.50128
1.43716
1.076
0.794103
0.818719
1.47697
0.99197
1.54955
1.33817
1.32706
1.43412
1.4569
1.42606
0.987213
0.848921
1.477
1.36283
1.41647
1.21665
1.35211
1.48974
1.05728
0.82378
1.1183
1.42037
1.27787
1.53627
0.913757
1.54553
1.16457
1.36235
1.42687
0.805461
1.36054
1.42844
1.52989
1.17313
1.25497
1.09677
1.11868
1.1729
1.45764
0.945525
0.989614
0.961015
1.08971
1.51895
1.12536
1.17147
1.27614
0.966205
1.18007
1.5624
1.29193
0.98585
1.549
1.38264
1.25663
1.51895
1.32983
1.38075
1.02692
1.39255
1.53454
1.56848
1.3993
1.47728
1.42477
0.932423
1.05775
1.04806
0.829255
1.37155
1.37633
1.35164
0.838521
1.29662
0.939169
1.04921
1.18752
1.06004
0.965463
0.834291
1.02077
0.700766
1.27357
0.922256
1.34507
1.55978
1.12898
1.45844
1.4015
1.46593
1.1952
1.27014
1.21807
0.508643
1.02477
1.47274
0.889045
1.4593
0.836063
1.53206
1.26068
0.940919
1.38066
1.24758
1.06821
0.998796
1.50605
1.39995
1.55415
0.291314
0.843345
1.51167
0.885235
1.14733
1.55561
0.790145
1.46071
1.18231
1.35224
1.05732
1.3053
1.19442
1.26884
1.48451
0.899
1.36074
1.13549
1.00008
1.17802
1.48454
1.53044
0.817797
1.52665
1.29238
1.44982
1.29136
1.41434
1.44994
1.19821
1.4348
1.20451
1.44535
1.37471
1.32649
1.38066
0.915668
1.10682
1.10811
1.5261
1.42841
1.56939
1.09887
1.56586
1.51363
1.36718
1.37637
1.21442
1.27187
0.510718
0.835691
0.882379
1.4643
1.45859
1.45334
1.39906
0.865721
1.3462
1.49642
1.15766
1.02127
1.42192
1.28945
1.26605
1.49397
1.06148
1.32199
1.14904
1.40302
1.15969
1.17981
1.19406
1.19836
1.27525
1.24742
1.47534
1.21814
0.612304
0.914359
0.492554
1.43177
1.56662
1.3585
1.34092
1.40221
1.26487
1.50978
1.35951
1.34063
1.47605
1.29472
1.14429
1.30447
0.977424
1.34392
1.0791
1.33908
1.17035
1.55418
1.20405
1.41802
0.780488
1.47878
1.26394
1.2863
1.03211
1.53386
1.53771
0.613446
1.36679
1.44541
1.30974
1.02242
1.34178
0.963997
0.825091
1.23104
1.5505
1.33036
0.852622
0.850467
1.5033
1.38146
1.31417
0.862372
1.46909
1.56835
1.47915
1.3229
1.5141
1.06453
1.45856
1.09603
0.945586
0.995369
1.27947
1.41452
1.28487
1.44694
1.5334
0.874739
0.740662
1.0722
0.808883
1.23442
1.31239
1.36715
1.1193
1.3715
1.41925
1.34951
0.702674
0.963946
1.52983
1.35433
0.902057
1.39683
1.18752
0.927691
1.27123
1.17537
1.48619
0.878642
1.03411
1.37509
1.07964
1.40803
1.27573
1.19585
1.29776
1.44328
1.16806
1.26701
1.05763
0.879443
1.12793
1.55828
1.53466
1.15898
1.24016
1.47813
1.02278
1.29446
1.15998
1.43864
0.96703
0.939728
1.45715
0.844967
1.06501
0.850997
0.81723
1.21482
1.23532
1.56146
1.11145
1.26854
1.37077
1.23404
1.20881
1.37298
1.35223
1.11958
1.1192
1.44359
1.0854
1.08503
1.24816
1.47674
1.48922
1.17538
1.18373
1.55669
1.1066
1.51465
1.20208
1.5577
1.53514
1.39117
1.42452
1.25365
0.408028
1.2418
0.940987
0.837178
1.49388
1.1769
1.01253
1.4347
0.405525
0.862243
1.53075
1.38581
1.51896
1.56393
1.26267
1.05529
1.50355
1.43081
1.42101
0.880208
1.46584
0.948377
1.49472
1.53199
1.30039
1.43787
0.8089
0.894838
0.662678
0.698512
1.27538
1.50422
1.49883
1.51828
1.50758
0.58249
1.18357
1.50085
0.814736
1.30029
1.31156
1.41412
1.14697
1.18336
1.20872
1.39611
1.30499
1.48445
1.14379
1.44661
1.31281
1.25644
1.16968
1.52287
1.56286
0.919222
1.1751
1.50758
1.04341
1.40797
1.15726
1.48066
1.44866
1.14838
1.24041
1.26493
1.11431
1.52445
0.992026
1.2
1.12908
1.20561
1.38075
1.17153
1.09181
1.31214
1.38597
0.854558
1.22547
1.13986
1.5628
1.27001
1.45924
1.26115
1.5531
1.5438
0.93547
1.06592
1.57067
1.32521
1.43727
0.939184
1.15045
1.20497
0.989849
1.54504
1.33516
1.38345
1.12349
1.56625
0.813711
1.06012
1.53435
1.36706
1.51688
1.11108
1.5432
1.44449
1.07687
1.4443
1.33237
1.49069
1.56268
1.0433
1.4522
1.33443
1.47255
1.34538
1.21055
1.10781
1.07272
1.41165
0.87485
0.860128
1.45868
0.963988
1.36541
1.31591
1.09538
0.993695
1.33497
1.45481
1.32355
1.52363
1.36518
0.887116
1.06547
0.905327
1.4689
1.1845
1.39788
1.18297
1.55664
1.49259
1.24171
1.46556
0.975978
1.2011
0.90049
1.50085
1.50556
1.07319
1.46169
1.4959
1.4375
0.816907
1.239
0.817911
1.23033
1.30131
1.37148
1.14549
1.27514
1.0318
1.41736
1.20487
0.882464
1.18301
0.913185
1.07992
1.22764
1.42884
1.32
1.14422
1.45362
1.31376
1.12614
0.818495
0.528265
1.50159
1.41523
0.752852
1.40515
0.926576
1.15819
1.07479
1.16298
1.04007
1.11906
1.39199
1.35177
1.29561
1.30457
1.29398
1.49425
1.27583
1.22443
1.41321
1.56051
0.798756
1.12289
0.90359
1.41989
0.476509
1.33648
1.02891
1.2459
1.21905
1.40661
1.56268
1.54736
1.2801
1.01498
1.51782
1.06328
0.834342
1.51078
1.44722
1.52836
1.01095
0.995306
0.779063
1.30438
1.27162
1.38936
1.23834
1.05016
0.942132
0.858048
0.65585
1.38706
0.976727
0.798199
1.0902
1.34215
1.4693
0.819226
1.38044
0.706473
1.4747
1.04063
1.29843
1.30827
1.48601
0.825788
1.49553
1.30966
1.31421
1.32831
0.893448
1.11335
1.13878
1.10559
1.30028
0.864866
1.14469
1.27787
1.09923
1.31886
1.3563
1.50477
1.54375
1.50413
1.20866
0.760828
0.832515
1.56134
1.47421
1.30523
1.40122
1.55682
0.892445
1.34118
0.851336
1.33441
1.46986
1.43981
0.977589
1.497
0.714257
1.18058
1.21547
1.30863
1.32574
1.4891
1.4492
0.990831
1.45656
1.33617
0.863987
1.18198
1.15605
1.25702
1.23315
1.51461
1.51143
1.0852
1.06674
1.33803
1.56588
0.923369
1.51011
1.33328
0.704396
1.05267
0.699997
1.18082
1.38651
1.19416
1.09233
1.39893
1.37503
1.30523
0.18742
0.88223
1.41557
1.28926
1.32769
1.11503
1.56568
1.4801
1.10224
1.46963
1.48463
0.994925
1.08216
1.07276
1.35935
0.846407
0.539414
1.06103
1.24654
1.52867
0.793767
0.976857
1.1228
1.40525
1.20275
1.48337
1.21742
1.31319
1.4932
1.28577
1.4184
1.55053
1.43907
1.25699
1.13058
0.850426
1.36407
1.54192
0.915272
0.931371
1.39664
1.43759
0.781819
1.18258
1.4674
1.43627
0.949415
1.37249
1.462
1.56854
0.501353
0.871947
0.890662
1.50789
1.33381
1.54345
0.815104
1.34435
0.955483
1.27455
0.930874
1.47985
0.782532
1.31843
1.25491
1.47124
0.856441
1.50667
1.50856
0.924353
1.52581
1.07002
1.14723
1.20692
0.861736
1.4022
1.01388
1.1943
1.46117
1.05078
1.46028
0.892128
0.991506
0.963029
1.54546
0.827198
0.46039
1.30204
1.46946
0.96441
1.18416
0.695316
0.756315
0.930437
1.44032
0.964201
1.43599
1.56407
0.645287
1.48279
1.52369
1.23299
1.44817
0.823219
1.54754
0.508174
1.09233
1.30486
1.44122
1.57
1.09409
1.30975
1.30096
0.751831
0.895057
1.41206
1.47292
1.07239
1.22862
0.978394
0.813258
1.31408
1.4637
1.50593
1.23906
1.452
1.14462
1.23725
1.09731
1.55615
1.04551
1.45789
1.56903
1.42989
1.09779
1.50073
1.12496
1.19343
0.79866
0.838201
1.10647
1.06592
1.10499
1.24394
1.55853
0.589279
0.841734
0.782128
1.30985
1.38762
0.99977
1.51431
0.641449
1.37497
1.56555
1.30644
0.943148
1.16291
0.691048
1.46255
1.48763
0.550684
0.704799
1.05745
1.40797
1.36937
1.34143
1.50636
1.11713
1.54845
0.875152
1.10492
1.07877
0.572745
1.106
1.07858
1.53598
0.989851
1.26911
1.46421
1.41579
0.965424
0.997202
1.03696
1.46808
1.45094
1.1215
1.0184
0.679
1.08813
0.859643
1.22466
1.44424
1.49054
1.56921
1.51587
1.53637
1.01611
0.668456
1.45686
1.33623
1.09603
1.44799
1.23868
1.26608
1.30473
1.18872
1.40289
1.36619
1.33132
1.49221
1.2718
0.9599
1.47016
1.30522
1.08698
0.598095
1.23395
1.2892
1.09182
1.3015
1.49776
1.30062
1.1463
1.22023
0.73146
1.11526
0.466578
1.35245
1.19828
1.15973
1.09182
1.29068
1.56005
1.44953
1.49871
0.842139
0.830141
0.946152
1.02191
1.13286
0.948435
1.24113
1.17568
1.39859
1.48327
1.15324
1.20852
1.31161
1.2681
1.02872
1.46218
0.530127
1.06688
1.49047
1.30147
1.36805
1.51321
0.753043
1.3292
1.23755
0.883148
0.938106
1.17385
1.413
1.42168
1.13354
1.16052
1.04973
1.35069
1.51156
1.22171
1.39331
0.980157
1.11403
1.50385
1.46028
1.05746
1.56732
1.53924
1.30253
1.06361
1.51199
1.36469
0.792401
0.849624
1.09453
1.49026
0.668173
1.32765
1.23781
1.48457
1.18145
1.14676
0.938709
1.46725
1.28505
1.50731
1.1348
1.12628
1.39093
1.56102
0.887271
1.45236
1.45745
1.54111
1.10921
1.46875
1.24724
0.893093
1.12215
0.974625
1.48959
1.50761
0.934542
1.49813
1.31837
0.271509
1.47096
0.971018
1.33654
0.548821
1.33211
1.06106
1.06215
1.09781
1.03706
1.26353
0.818996
1.46725
1.56561
1.04112
1.52922
1.54456
1.44836
0.945862
1.14258
1.33318
1.31029
0.80645
1.41767
1.17611
1.29786
1.39528
1.37976
1.48549
1.49051
1.13413
1.46097
0.893552
1.30457
1.1887
1.38572
1.1434
1.0149
1.55996
1.25955
1.38261
1.33359
1.24734
0.585583
1.01244
1.37634
1.28118
1.42719
1.06602
1.47873
1.23751
1.2773
1.35489
1.53227
1.0664
1.33648
1.10921
1.22171
1.18435
1.53389
1.4569
1.28618
0.971609
1.22183
1.40911
1.53435
1.44107
1.50104
1.47908
1.49498
1.38839
0.931736
1.3851
1.56662
1.30745
1.48359
1.27583
1.10251
1.20202
1.05577
1.26819
0.58894
0.968214
1.33023
1.4515
1.33208
1.41591
1.5014
1.22954
1.39397
0.869968
1.32838
1.46869
1.38314
1.54046
0.704005
1.55761
1.29789
1.25557
1.30239
0.617727
1.36453
1.25611
1.4701
0.7165
1.36157
0.918976
0.800079
1.42539
1.41628
1.33485
0.874446
1.45917
0.523618
0.904235
1.18726
1.02149
1.44405
1.04502
1.21357
1.48863
1.36089
0.880736
0.823469
0.772487
1.17168
1.47695
1.41397
0.809727
1.08772
0.56025
1.56921
1.09031
0.886956
0.817105
1.55297
1.49883
1.43198
1.34889
1.0429
1.27697
1.1276
1.45039
1.54208
0.832125
1.41415
1.41434
1.54092
1.51367
1.19868
1.47065
1.55738
1.21625
1.53295
1.21388
1.4603
0.858182
1.51999
0.952233
1.50604
1.23502
1.49363
1.24886
1.52787
1.17829
1.25278
1.36012
0.611474
0.960372
1.52427
1.33052
0.655228
0.905729
0.792127
1.43371
1.44034
1.12069
1.39689
1.3823
1.19199
1.03623
1.06228
1.08593
1.17524
1.25946
0.87652
1.3482
1.48566
0.981346
1.38128
1.01867
1.49714
1.03166
1.05199
0.939794
1.11869
1.52433
1.3983
1.38622
1.5327
1.47206
0.785393
1.0934
1.53342
1.16324
1.56561
1.18707
1.10358
0.648793
1.04135
1.29307
1.25676
1.55636
1.44833
1.05714
1.41736
1.28878
1.23039
1.56578
1.38907
0.944147
1.13959
1.1841
1.09587
1.37985
1.54937
1.21099
0.89294
1.45395
1.28596
1.34457
1.29422
1.10586
0.882878
0.819536
1.07219
1.23169
1.32287
1.43371
0.850719
1.3361
1.25419
1.01296
1.14315
1.23202
0.886528
1.08934
1.49229
1.16632
1.37976
1.11814
1.43525
1.04959
1.4548
1.46731
1.32376
1.37683
1.34714
1.01504
0.583038
0.815321
1.18482
1.16497
0.813509
1.44155
1.33949
1.44415
1.34131
1.31282
1.28252
1.20202
1.39459
1.39022
1.40116
1.38361
1.38373
1.03768
0.666785
1.24126
1.38845
1.30887
1.19306
1.15091
1.39442
0.928354
1.11588
1.19985
1.35699
1.11254
1.28067
1.07662
0.946686
1.09481
1.19415
1.44706
1.13171
1.51095
0.92503
1.38674
1.364
1.42224
1.00524
0.529424
1.32649
1.15095
1.27158
1.14255
1.11405
1.17317
1.15962
1.47685
1.4494
1.01421
1.01594
1.4716
0.838163
0.739403
0.912151
1.50067
0.669528
1.38516
1.27526
1.40314
0.917844
1.33281
1.2015
1.56021
1.4797
1.22294
1.51468
0.88766
1.52891
1.51062
1.28362
1.40696
1.43075
1.00675
1.10776
1.48604
1.23149
1.38839
1.21325
1.38386
0.867286
0.527594
1.17009
1.37842
1.46312
0.814374
1.22732
1.1019
1.36063
1.26272
1.3731
1.56579
1.47047
1.5107
1.40957
1.05653
1.25626
1.21371
1.53795
0.972152
1.17379
1.45856
1.52161
1.16005
1.34469
1.56005
1.08551
1.20757
1.03333
1.2967
1.24067
1.21572
1.44209
0.878098
1.34828
0.238912
0.859098
1.38031
1.51327
1.10839
1.04052
1.35305
1.41409
1.11853
1.53233
1.02019
1.10518
1.42619
1.40011
0.990314
1.49749
1.37683
1.15606
1.27187
1.18265
1.45819
1.48004
1.35258
1.49488
0.784552
1.23227
1.32788
1.40621
0.532135
1.49626
1.36566
1.48788
0.807535
1.39769
1.52977
1.31556
1.55364
1.29202
1.4907
1.15158
0.883467
1.51792
1.53692
0.766487
1.49057
1.41826
1.29735
0.84759
1.54534
1.5418
1.41242
1.55001
1.42841
1.43673
0.551112
1.27353
1.54262
1.45979
0.814513
1.51764
0.724621
1.41437
1.23276
1.13819
1.35373
0.929424
1.29586
1.40633
1.31465
1.31976
1.37095
1.33908
1.48154
0.655184
0.964503
1.10996
1.39366
1.30359
1.42508
1.53606
0.791077
1.46323
1.28805
1.21305
1.2204
1.35614
1.00089
0.78815
1.12888
0.456972
1.0689
1.46215
1.11561
1.06953
1.36488
0.797933
1.02057
0.948966
1.41464
1.3612
0.857853
1.00008
1.26215
1.18548
1.53936
0.953027
0.8996
1.25663
1.34131
1.1236
1.29758
0.604443
1.56057
1.40826
0.612093
1.14315
1.46258
1.14318
1.21469
1.06481
0.827175
1.40556
1.01086
1.31815
1.45564
1.4511
1.52705
1.55747
0.841036
1.26035
1.49473
1.13239
1.18647
1.29687
1.23873
0.96908
1.52574
1.5648
1.50983
0.881333
1.5362
1.50862
1.48377
1.46197
1.42354
1.31522
1.36712
0.779291
0.935234
1.45406
1.52005
1.42878
1.13158
0.593475
1.5195
1.45408
0.681864
0.602693
0.780058
1.32831
1.06466
1.24461
1.33491
1.32825
1.35426
0.595632
1.19173
1.57006
1.0924
1.2585
1.29887
1.3059
0.799407
1.55444
1.29595
0.903605
0.926888
1.39354
1.28551
1.47491
1.52647
1.16052
1.42631
1.33532
1.11554
1.35658
1.39589
0.730001
1.54052
1.28372
1.47176
1.1974
1.15909
0.747568
1.21797
1.54348
1.08539
1.01279
1.53301
0.626583
1.39099
0.559214
1.28048
1.01723
1.24015
0.876047
1.38293
1.47752
0.960924
1.43741
1.49669
0.934486
1.36711
1.38869
1.15149
1.21735
1.47682
1.25458
1.14228
1.08292
1.54388
1.34852
1.48316
1.46764
1.44073
0.800416
0.864703
0.826952
1.16473
1.23059
1.55548
1.52287
1.12867
1.36026
1.20562
1.14931
0.60641
1.30118
1.22992
1.26464
0.44654
1.55456
1.57031
0.957925
1.28347
1.25519
0.961976
1.17045
1.4346
1.51993
1.35098
1.09496
1.23363
1.23603
1.10646
1.31054
0.927146
1.1645
1.38656
1.25832
1.25688
1.12725
1.23732
0.725344
0.7332
1.55896
1.1402
1.42511
1.15338
1.13783
1.48285
1.32737
1.54849
1.1777
1.04521
1.29694
0.79316
1.36382
1.26573
1.38597
1.28242
1.06828
1.36263
0.65547
1.25695
1.16322
1.25028
0.822207
1.37403
1.47746
1.20372
1.05767
1.41252
0.752979
1.04643
1.00054
1.38015
1.20764
1.24103
1.5415
0.915059
1.29294
1.49348
0.794966
1.34884
1.56677
1.33141
1.12218
1.45749
1.37627
1.02906
1.43526
0.8813
1.27213
1.36503
0.911612
1.14526
1.55297
1.42687
1.35868
1.43066
1.03318
1.37764
1.00392
1.45611
1.27838
1.33924
1.455
1.18475
0.945746
1.02494
0.761923
0.694462
1.00404
0.902455
1.19684
1.4544
0.889706
1.38566
1.0266
1.37938
1.26343
1.20692
0.591042
1.26592
1.26315
0.926521
1.41934
1.5374
1.56701
1.41397
1.2163
1.28633
1.12549
1.43996
1.0662
1.21982
1.35059
1.54482
0.789509
1.02714
1.36182
1.39596
1.28157
1.00096
1.20012
1.56458
1.29558
1.56426
0.941823
1.56646
1.2377
0.714855
1.09953
1.3905
1.40655
1.13051
1.05115
1.50752
1.35957
1.33798
1.5305
1.024
1.54537
1.3141
1.56811
0.737577
1.51458
1.08933
1.196
1.27484
1.55609
0.973375
1.21359
0.582747
0.949538
1.36576
1.4865
1.15716
1.06153
0.603145
0.782979
1.32092
0.779686
1.51517
1.27143
1.45033
0.926996
1.22865
1.34795
1.29528
1.41798
1.50208
1.11767
1.15912
1.25965
1.329
1.54861
1.33658
1.23247
0.732788
1.49467
1.15805
1.15765
1.40393
1.23764
1.17134
0.82893
1.35808
1.26835
1.06946
1.01605
1.32643
1.51131
0.858211
1.28945
1.17608
1.08021
0.824022
1.37719
0.809193
1.55014
1.49639
1.48806
1.45798
1.38094
1.49287
1.23363
0.727515
1.23408
1.33252
0.984236
1.45137
1.35298
1.56378
1.167
1.39887
1.24107
1.44251
1.04788
1.37509
1.48475
1.10743
1.56974
0.885948
1.45543
1.12645
1.47544
1.46643
1.21044
1.49443
0.967845
1.22535
1.4459
1.55361
1.2331
1.49914
1.46903
1.31591
1.20676
1.43816
0.660455
1.21631
1.28125
1.48383
1.36893
0.850344
1.49109
1.45945
1.48417
1.51377
1.28414
0.807525
1.08119
1.30039
1.23785
1.32371
1.52536
1.27313
1.30333
1.04812
0.919674
1.42395
1.5371
1.23758
1.04721
0.90408
1.55676
1.56524
1.21527
1.36188
1.31675
1.12353
1.36986
1.06613
1.22359
0.907148
1.23941
1.3599
1.2388
1.01134
1.41347
1.38867
1.44304
1.31414
1.05381
1.40413
0.655164
1.38099
1.52393
1.23531
0.886963
1.32059
1.2608
1.38864
1.12598
1.40079
0.358038
1.31421
1.09082
1.40234
1.24393
1.35402
1.22119
0.96332
1.3864
1.09402
0.71864
1.42014
1.42127
1.47127
1.47574
1.46484
1.27264
0.672472
0.655525
1.4695
1.25303
0.716236
0.634966
1.54156
1.55822
1.54968
1.55332
1.54601
1.5291
1.32421
0.766369
0.879366
0.538978
1.43426
1.0133
1.54717
1.37322
1.435
1.55603
1.17084
1.16326
1.56457
1.02319
0.820406
1.35711
1.46973
1.31326
1.36656
0.555343
0.84848
1.51871
1.40946
1.3351
1.49672
0.827298
1.2798
1.53899
1.35345
1.22521
1.06251
0.864216
1.41514
1.41069
1.27204
1.38411
1.3053
1.44953
1.33303
1.46472
1.3522
1.06762
1.09888
1.0086
0.836748
1.1411
1.54345
1.22145
1.0719
1.43087
1.50404
1.40164
1.52442
1.43907
1.268
1.52342
1.24836
0.939493
0.800078
1.38553
1.52036
1.21273
1.49427
0.748217
1.13844
1.38771
1.39165
1.3621
1.51468
1.12401
1.07475
1.30757
1.02614
0.808864
0.877144
1.32152
1.47139
0.969844
0.929468
1.46237
1.21583
1.44532
0.395832
1.10867
1.00639
1.53038
1.02712
1.30688
1.36145
1.4974
0.787665
0.526922
1.1803
1.31471
1.47041
1.5496
0.923691
0.829428
1.03961
0.85425
1.39977
1.23796
1.35966
0.753203
1.08968
1.30754
1.35437
1.47269
1.31162
0.801458
0.759268
1.00103
1.17349
1.2666
1.47128
0.794101
1.36647
1.23919
1.11214
1.53447
1.53078
1.32668
1.11723
1.0397
0.849917
1.52606
1.45991
1.35779
1.30497
1.51064
1.49544
1.10491
0.923827
0.779264
1.38182
1.55621
0.837495
1.37116
1.29484
1.54491
1.33504
1.40215
1.36378
1.44344
0.914145
1.45263
1.35807
1.49333
1.25008
1.21005
0.918901
1.25047
1.5268
1.2937
0.73244
1.45543
1.00132
0.794871
1.54744
1.5129
1.07912
1.53676
0.802644
1.2419
1.26383
0.769002
1.44541
0.654922
1.51707
1.49828
1.38398
1.19045
1.54839
1.55981
1.30858
1.41959
1.22398
1.15849
0.882148
1.42067
1.18231
0.808159
1.22937
1.49764
1.18324
1.53661
1.0292
1.46817
1.54817
1.27915
1.23852
1.12766
1.45383
1.47715
0.929817
1.34834
1.44442
1.11702
0.713081
1.26634
1.37708
1.01928
1.22245
1.359
1.2871
1.24118
0.647403
1.26311
1.38317
1.37609
0.91251
1.42166
1.38633
1.31868
0.60369
1.34269
1.44247
1.19411
1.46271
1.53316
1.54627
1.38254
0.796675
0.444744
1.56573
1.3268
0.947191
1.28194
1.43361
0.921745
1.4102
1.56433
1.02741
0.48876
1.16319
1.17669
1.49982
0.946499
1.30789
0.989783
1.36457
0.754224
1.53533
1.07061
1.54397
1.51156
0.940284
1.57049
1.37011
1.42233
1.34366
1.30441
1.48316
1.48708
1.26509
0.603278
1.24593
1.53792
0.897866
1.3492
1.1077
1.23765
1.24789
0.921661
1.23027
1.32252
1.47991
1.01201
1.49892
1.47004
1.09196
1.25901
1.52971
1.12122
1.18477
1.02698
1.54143
1.40707
1.32274
1.54888
1.49859
1.06213
1.39292
1.23786
1.56762
1.19646
0.962538
1.37808
1.19875
1.38898
1.29266
1.45171
1.01421
1.3582
1.10237
0.709198
1.54076
1.1066
0.976502
0.492681
1.14871
1.33682
1.14529
1.2793
1.19704
1.43993
1.49929
1.41875
1.23589
1.3307
1.4006
1.00417
1.55917
0.649946
1.15439
1.06703
1.28827
1.33135
1.56485
1.33058
0.803201
0.970151
0.83711
1.42391
0.854331
1.53823
0.899516
1.09305
1.31903
1.03553
1.31903
1.0313
1.54333
1.30443
0.78765
1.07607
0.830186
0.926327
1.23441
1.30824
0.475938
1.53734
1.40529
1.25405
1.34476
1.42279
1.27493
1.36251
1.17868
1.49712
0.747491
1.1931
1.16548
1.04747
1.18219
1.00755
1.20928
0.751433
0.436553
1.19311
1.01491
1.38858
1.30909
0.661093
1.42983
1.40614
0.975468
1.47519
1.53685
1.44027
1.27411
1.52843
1.49343
0.833282
1.23635
1.40712
1.00301
0.899783
1.37469
0.94161
1.37602
1.56646
1.55731
1.45918
1.46449
1.3792
1.41044
0.547708
0.762576
1.28753
0.667337
1.35295
1.43318
0.863035
1.11714
1.10251
0.953843
1.12361
1.4674
1.24867
1.41121
1.18107
1.4604
1.29586
0.901086
1.27583
1.31032
1.34432
1.25865
0.766883
1.54085
1.2681
1.16683
1.24428
0.948132
1.34244
1.49345
1.41576
1.29865
0.967178
1.52416
1.18485
1.26071
1.40401
1.55578
1.45641
1.3361
1.53227
1.38721
0.941731
1.28112
0.698752
1.37844
1.56573
1.46931
1.35453
1.51785
1.15665
1.27799
1.53191
0.885621
0.816618
1.17446
1.55198
1.54681
1.03205
1.21664
0.920534
1.37907
1.51131
1.3143
1.49969
1.27091
0.810554
1.25984
1.05012
1.42041
1.05512
0.9773
1.38723
1.05897
0.967988
1.48138
1.53919
1.0932
1.46734
1.25105
1.32183
1.16796
1.37895
1.53417
1.31742
1.34632
1.05226
1.36859
1.45758
1.55076
0.876043
1.46206
1.55737
1.09601
0.942353
1.40001
1.14221
1.35277
0.919815
1.23621
1.38112
0.734122
1.27615
0.564179
1.38578
0.789468
0.852849
0.949964
1.12867
1.2514
1.32209
1.54418
1.31446
1.42045
0.97141
1.38597
1.35014
1.25504
1.25542
1.51559
1.44762
1.06034
1.2984
1.29167
1.4084
1.3404
0.820115
1.50373
1.27286
1.42582
1.20268
1.09144
1.5072
1.29462
1.05824
0.955265
1.47418
1.43131
1.46341
1.01223
0.768853
1.49173
0.563757
0.893783
1.50575
1.08651
1.08941
1.06905
1.49457
1.39453
1.34845
1.27244
1.02998
1.54418
1.06023
1.15738
1.30612
1.54217
1.47746
1.52562
0.892057
1.16949
1.48613
1.52769
1.29183
1.36986
1.37994
1.07258
1.47697
1.18391
1.33817
1.13377
1.1839
1.20898
1.52555
1.45432
0.831197
1.1059
1.03543
1.51192
0.942349
1.3592
1.31132
1.28538
1.07537
1.05177
1.3769
1.25411
1.35439
1.51889
1.56054
1.43673
1.39831
0.59246
1.24016
1.05283
0.830441
1.42808
1.54131
1.55236
1.55624
1.32215
1.29542
1.13104
1.31294
1.11078
1.25233
1.37516
0.806446
1.49688
1.03563
1.20601
0.986473
1.10856
1.21188
0.840713
1.30466
0.78858
1.3597
1.38591
1.0634
1.366
1.53472
0.958302
0.919271
1.28493
1.0825
0.664286
1.52106
1.20037
1.5393
1.33755
1.25952
1.21109
1.21664
1.29837
0.545094
0.872297
0.923421
1.28893
1.38839
1.11702
1.2062
1.26227
1.16403
1.27353
1.26346
1.31656
0.888696
1.3732
0.882693
1.39428
1.42162
1.23501
0.992757
1.31411
1.10777
1.1171
1.1994
1.43263
1.50428
1.38836
1.43734
1.56579
1.45709
1.4383
1.37603
1.56369
1.00846
1.28587
1.55456
0.804743
1.53945
0.861641
1.41502
1.36076
0.999517
1.06996
1.32485
1.52934
1.41872
1.03706
0.780489
1.52836
1.07525
0.85332
1.25751
1.31774
1.45899
1.47314
1.13177
1.21419
1.18449
1.54821
1.44089
1.1382
1.40531
1.33755
1.17151
0.868064
1.42125
1.40908
0.797575
1.21885
1.51394
1.46209
1.46922
1.45696
1.36538
1.37593
1.41952
0.740505
1.47142
0.867847
1.40566
0.889882
1.27303
1.28309
1.20373
1.54375
1.06787
1.3469
0.890591
0.876359
1.24467
1.50563
1.14497
1.35295
0.686913
1.08813
0.817688
1.32145
1.22719
1.24535
0.952809
1.39264
1.112
0.956683
1.47792
1.29066
1.07399
1.13912
1.14076
1.29992
1.14254
1.23008
1.35082
0.885058
1.04332
1.51671
0.91953
1.421
0.719104
1.29699
0.900578
1.33022
1.32026
1.45358
1.42613
1.28684
1.532
1.10723
1.34153
1.00941
0.95689
0.691513
1.55932
1.01484
1.45759
1.11804
1.52293
1.5541
1.34099
1.36786
0.931218
1.51327
1.12027
1.44615
0.59815
1.48754
1.33511
1.4156
1.31937
1.31831
1.26643
1.36974
1.3307
1.50917
1.09617
1.37802
1.37614
1.46654
1.16354
0.893706
1.39632
1.20702
1.36251
1.28418
1.42551
0.949689
1.02691
1.44405
1.12644
0.789638
1.34275
1.35352
1.12306
0.682557
1.1485
1.24386
0.699022
1.38308
1.04833
1.22962
1.45905
0.983328
1.32249
1.07499
1.51433
0.877076
1.50163
1.41341
1.41292
1.00368
1.39475
1.21103
0.975647
1.25799
1.2779
1.36394
1.18192
1.1046
1.45835
1.15895
1.45156
1.34507
1.42378
1.20606
1.50044
1.31263
1.052
1.23567
1.5126
1.27308
1.37196
1.48037
1.41675
1.39191
1.11765
1.31186
1.10981
1.05409
1.4663
1.54003
1.26398
0.885848
1.26083
1.32542
1.22242
1.42014
1.25395
1.12606
1.49475
1.14832
1.3838
1.112
0.844945
1.2312
0.787812
1.1651
1.32651
1.48212
1.33347
1.48337
1.44725
0.878891
1.42206
0.689238
1.42576
1.23978
1.55725
1.08668
1.35151
1.41869
0.907824
1.28097
0.42464
1.37714
1.33039
1.37204
1.51905
1.28472
1.03109
1.16873
1.53911
1.53948
0.686704
0.911602
1.24554
0.890417
1.42312
1.00719
1.30547
1.47441
0.936155
1.30931
0.664298
1.13854
1.42421
1.30909
1.03494
1.09326
1.1623
0.807181
1.48178
0.924442
1.09087
1.53091
0.570056
1.01209
0.950904
1.46287
1.46887
1.10825
1.40883
1.54433
1.42021
1.03525
0.888044
1.42459
1.27014
0.859886
1.28707
1.20993
1.18963
1.37111
1.4169
1.19545
1.13474
0.928661
0.981315
1.30484
0.990128
0.685652
1.32202
0.94721
1.38875
1.38895
0.948293
1.35389
1.50232
1.40815
1.3167
1.3565
1.56616
0.778417
1.30384
1.49602
1.21568
0.88589
0.753124
0.981427
1.5129
1.04304
1.26573
1.26535
1.25381
1.24605
1.46102
1.22346
0.994134
1.46382
1.31086
1.19973
1.32926
1.33441
1.20392
1.56329
0.968334
1.07911
0.87977
0.726512
1.16005
1.38529
1.34688
1.40559
1.34582
1.30934
0.831394
1.52995
0.844386
1.2491
1.22846
1.27275
1.30489
1.3582
1.37783
1.23635
0.712987
1.03972
1.10063
1.08401
0.677163
1.44547
1.30571
1.35093
1.02977
1.15653
1.22839
1.45321
0.903968
1.32964
1.15376
1.3708
1.46145
1.52364
1.15708
1.05557
0.971699
1.31692
1.45967
1.28748
1.30409
1.16372
1.54033
1.26433
1.2836
1.21671
0.994277
1.43408
1.54772
1.48849
1.18674
0.69934
1.24315
1.44099
1.18337
1.36119
1.50685
1.04373
1.29187
1.00408
1.38488
1.32502
1.25344
1.34098
1.48451
1.34673
1.47524
1.34519
1.23727
0.543714
0.760763
1.37634
0.963564
0.500289
1.46962
0.778636
1.04877
1.23127
1.47464
0.755056
0.945592
0.812512
1.13036
0.84815
1.25252
1.49391
1.17463
0.999911
1.06407
1.27436
1.08043
1.25333
1.32454
1.56738
1.26365
1.53423
1.20915
0.974977
1.56826
1.02471
1.36712
1.4131
1.27382
1.02191
1.07988
1.03681
1.00469
1.47718
1.10989
1.37391
1.3983
1.0735
1.08689
1.41026
1.25387
1.41681
1.33441
1.41758
1.48334
1.23356
1.07416
1.1647
1.18022
1.1815
0.922928
1.51672
1.18521
1.12478
1.50936
0.984418
1.43506
1.39834
1.44071
1.56396
0.858837
1.36207
1.22176
1.51657
1.52445
1.17091
0.611928
1.26759
1.4105
1.40673
1.05385
1.36922
1.30688
1.27314
1.19449
1.36238
1.33485
1.07247
0.802655
1.49369
1.52742
1.27344
1.10385
1.51377
1.42474
0.529539
1.00486
1.28875
1.2904
1.27193
1.06598
1.1131
1.13259
1.52152
0.891886
1.48187
1.39391
0.992759
1.45214
1.29081
1.08042
1.38746
1.29047
1.23321
1.35855
1.03759
0.622318
0.977369
1.34493
1.26003
1.53624
1.07688
1.48962
1.51758
1.42082
0.657737
0.947428
1.41023
1.29824
1.48586
1.56356
1.33121
0.992593
1.08423
1.41038
1.52054
1.17041
1.43968
0.931516
0.834302
0.741215
0.710026
1.30125
0.653369
1.22113
1.31575
1.56407
0.971263
1.38808
1.25452
0.576857
1.15519
1.40048
0.389249
1.56677
1.34281
0.97645
1.37341
1.51504
0.83276
1.2709
0.806045
0.755714
0.942987
1.17611
0.542434
1.47559
1.52073
1.55407
1.56819
1.21833
1.2527
1.23842
1.29935
0.408714
0.872381
1.01117
0.236115
1.33344
1.44793
1.35358
1.37466
0.892213
1.01796
1.40419
0.736981
1.34906
1.36503
1.24216
0.953102
0.835872
1.33297
1.37322
0.840312
1.52864
1.42002
0.976334
1.19624
0.838514
0.927508
1.51435
1.38647
1.47795
0.977816
1.04732
1.46802
0.825085
1.45653
0.433551
0.98567
1.41446
0.751841
0.617901
0.810822
1.02213
1.08782
0.314267
1.02857
1.42255
1.41118
1.55322
1.00726
1.14226
1.08562
1.4612
0.502845
1.13312
1.42871
1.33246
1.46526
1.10657
1.0643
0.862146
1.27675
1.37154
1.123
1.15544
1.54357
1.4947
1.18732
1.22151
1.31234
1.49798
0.884831
1.38619
1.01831
1.3181
0.628319
1.52638
1.22204
1.55657
1.27838
1.40147
1.49271
1.21399
1.54467
0.903115
1.33742
0.750523
1.23791
1.51095
0.818703
1.15405
0.789792
1.51
1.49455
0.791971
1.54844
1.40939
1.01188
1.40406
1.42298
1.36509
1.53179
0.777366
0.845539
1.49558
1.08996
0.733628
1.24256
1.32154
1.05907
1.08051
0.850322
1.25665
1.455
1.3797
1.52678
1.41292
1.36737
1.18808
0.888989
0.908037
0.764128
1.00798
1.06542
1.45355
0.598096
1.03502
1.50251
1.2958
1.49709
1.21248
1.29037
0.557189
0.833486
1.435
1.3165
0.91064
1.4597
1.30899
1.53023
1.42372
1.45468
1.25066
1.51251
0.664703
1.13402
1.34976
1.43891
0.808271
0.929584
1.15336
1.15526
1.32366
1.41736
1.30011
0.767512
1.31544
1.26693
0.977101
1.34572
1.24789
1.28551
1.26926
0.881607
1.41254
0.921185
1.26998
1.51565
1.18561
1.50266
1.01446
1.13623
1.34363
1.28691
1.07947
1.46114
0.901289
1.38019
1.4156
1.1598
1.5661
1.26029
1.06898
1.22112
1.29358
1.0346
1.08555
1.28507
1.02355
1.04077
1.39864
1.54061
1.49671
1.23363
1.27366
1.33617
1.00968
1.5614
1.45936
1.34394
1.53166
1.54974
0.751859
1.17333
1.34319
1.25239
0.938501
1.55123
1.23906
1.52403
1.31938
1.15504
1.21149
1.22404
0.843025
1.24236
1.53948
0.981468
1.35642
1.33491
1.35863
1.37154
1.35789
0.964379
1.35345
1.53676
1.34301
1.51368
1.36609
1.47396
1.35542
1.18995
0.843171
1.49847
1.11472
1.41816
1.44845
1.26416
1.55541
1.10472
0.956751
1.12449
1.04085
1.22942
1.01362
1.24003
1.54442
1.32177
1.31774
0.548819
1.07295
1.45641
1.38271
1.00899
0.918996
1.26746
1.3563
1.31231
1.56683
1.53343
1.03107
0.954099
0.541609
0.578842
0.941745
1.48941
1.42628
1.33424
1.27895
1.35223
0.642969
0.946411
1.44464
1.38948
0.812837
1.37198
1.27358
0.94914
0.763591
1.27702
1.50156
0.975673
0.801956
1.49314
0.81644
1.50278
0.988551
1.42458
1.47022
1.1974
1.2617
0.935639
1.55206
0.300216
0.688279
1.23205
1.24876
1.01271
1.12605
1.3025
1.29098
0.923864
1.34116
0.970204
1.54449
1.4693
0.613721
1.20843
1.36874
0.851338
0.868068
1.50122
1.39936
0.673755
1.33541
0.836123
1.28202
1.30528
1.15309
1.4152
1.19633
1.26583
1.35423
1.41143
1.09592
1.20264
1.38254
1.17704
1.45577
1.01289
1.47464
1.50471
1.51278
1.38833
0.487241
1.50679
1.27525
0.989973
0.850444
0.975964
0.469486
1.42119
1.40209
1.39909
0.664082
1.30555
1.16292
1.38063
1.25638
1.37972
1.49342
1.19835
1.01906
1.44018
1.28623
1.14307
1.54273
1.34513
1.38094
1.32259
1.37322
1.39006
1.47651
1.31401
1.23066
0.964136
0.867293
1.3607
1.43931
1.48935
1.13292
1.02456
1.50535
1.40992
0.805257
1.13807
0.986955
1.52836
1.31209
1.32448
1.08956
1.37248
1.11954
1.44633
1.30868
1.27997
1.27618
1.072
1.09438
1.51575
1.27997
1.29598
0.792304
1.10167
0.91042
1.2256
0.869089
1.53417
1.17108
1.43586
1.04459
1.28869
1.08033
1.3295
1.29814
1.22242
1.15978
1.45832
1.25028
1.07055
1.56762
0.867884
1.33168
1.5661
1.34619
0.531349
1.29692
1.26234
1.42656
1.4705
1.31036
1.43697
1.17492
0.639467
0.585641
1.2808
1.42058
1.54855
1.35513
1.26195
1.30599
1.27828
1.43038
1.05083
0.98245
1.35776
0.693552
1.11009
1.09276
1.35295
0.849666
1.00033
1.52393
1.40927
1.51058
1.22703
1.24107
1.12422
1.34124
1.06172
0.856564
1.31079
0.919454
1.2208
1.18501
1.45192
1.27347
1.51969
1.15045
0.973905
1.16264
1.12339
1.42902
1.13656
1.44541
1.2617
0.969405
1.40692
1.40543
1.26452
1.56063
0.801763
1.51538
0.81397
1.10299
1.32583
1.46768
1.22901
1.19458
1.36994
0.97532
1.199
0.0612713
1.07572
1.05612
1.24789
1.51191
0.654195
0.975022
1.41007
1.37941
1.06544
1.14073
1.55664
1.54919
1.38054
1.44427
1.25625
1.2353
0.946535
1.46353
1.44979
1.27289
0.856019
1.20992
1.33397
1.26938
1.49987
1.23435
1.45196
1.35483
1.54256
1.20855
1.43777
1.16451
0.684059
1.41174
1.05594
0.735926
1.56491
1.38212
1.27618
0.908125
1.37913
1.48095
1.43718
