0.998714
1.41952
1.36656
1.21795
1.39273
1.50874
1.38957
1.07654
1.52696
1.52397
1.39379
1.40416
1.34031
1.47194
0.902837
0.878028
1.39441
1.39283
1.49504
1.54446
0.790659
1.5487
1.06122
1.09817
0.642752
1.38504
1.00338
1.44713
1.26954
1.35944
1.26391
0.478366
1.19088
1.27446
1.28303
1.17987
1.15713
0.686985
1.01029
1.06067
1.27828
0.990762
1.47955
0.45074
1.25477
1.51101
1.34789
0.879428
1.24865
1.36899
1.22327
1.37114
1.47207
0.86439
1.20496
1.08328
1.40297
1.26495
1.04381
0.952677
1.5616
1.21384
1.07238
0.918765
0.893715
1.34732
1.45974
1.23919
1.565
1.21768
1.29317
1.48687
0.93292
1.15107
1.53654
1.37801
1.40166
1.5548
1.31301
1.2574
1.46482
1.08043
1.56897
0.966447
1.12028
1.44685
0.921142
1.33968
1.37863
1.09061
1.14609
0.912792
1.46151
1.5096
1.54485
1.01616
0.525236
1.1039
1.4797
0.579648
1.34068
1.5287
1.44236
1.34002
0.973512
1.20042
1.13791
1.51434
1.42625
0.853171
1.44854
1.09292
1.50637
1.35301
1.43346
1.1105
1.33689
1.39143
1.39936
1.25069
0.905484
1.56127
0.621773
1.17488
1.51088
1.25464
1.0714
1.56521
1.05557
1.46255
1.20552
1.52751
1.49547
0.667586
1.44922
1.28471
1.382
1.49822
0.941063
0.624365
1.53084
1.1469
1.27098
1.24638
1.41625
1.10367
1.52183
0.581625
1.27347
1.38351
1.22541
1.20844
1.56549
1.07877
1.40463
1.53997
1.44738
1.32423
1.31067
1.43676
1.4376
1.22936
1.55502
1.21715
1.503
1.20873
1.53785
1.55801
1.53287
1.05423
1.3532
1.4475
1.20968
1.52855
1.20292
0.888143
1.13138
1.51941
1.21112
1.2532
1.2235
1.52891
1.33472
1.06518
1.34238
1.37266
1.1913
1.43198
0.728273
1.0097
1.36924
1.17519
1.54962
0.929198
1.33573
1.25606
1.56561
1.39707
1.26631
0.899317
1.49639
0.898564
0.888059
1.45917
0.904909
1.15865
1.09484
1.48224
1.49027
1.5085
1.14321
0.599369
0.996935
1.30017
1.50491
1.20376
1.35539
1.18502
1.32643
0.972611
1.27443
1.21247
1.45562
1.56863
1.13491
1.40537
1.21547
1.14549
1.12719
1.21482
1.0207
0.994418
1.14522
1.13461
1.47581
1.16534
1.10818
1.52712
1.35664
1.52577
1.36113
1.42113
1.02505
0.929958
1.02587
1.38355
1.10313
1.14937
1.20627
1.33592
1.20927
1.14978
1.33321
0.875861
0.786438
1.23125
0.795108
1.07894
1.29852
1.22154
1.55065
1.02005
0.991363
1.46397
1.50593
0.719539
1.17372
1.27465
1.36219
1.1466
1.18561
1.36463
0.853831
0.956693
0.774913
1.54095
1.56996
0.654361
0.696437
1.48408
1.44885
1.22057
1.42132
0.766621
1.32265
1.55007
1.54366
1.02598
1.24415
1.23693
1.29358
1.21049
1.26247
1.21301
1.21566
1.23186
1.22486
0.698515
0.716454
1.00869
1.40413
1.18654
1.46458
1.26003
1.13549
1.51388
1.37916
1.54272
1.38529
1.22632
1.45151
1.38497
1.47556
1.51327
1.38833
1.19084
1.40655
0.89051
1.34331
0.968725
1.35284
0.996015
1.36711
1.31155
1.16068
1.49685
1.56585
1.01663
0.347407
0.99562
1.4932
1.17919
0.836208
1.54345
1.17268
1.08785
0.812352
1.35176
1.41338
1.37372
0.944506
0.896516
1.52537
1.14959
1.18794
1.26601
1.27477
1.1894
0.966068
1.49437
0.971762
1.37565
1.51486
1.38945
1.38504
1.51168
1.47335
1.33946
0.588288
0.914794
1.55465
1.51385
1.37242
1.26508
1.26275
1.56689
1.40023
0.928787
1.47047
1.30137
1.472
0.800865
1.27583
1.31133
1.07412
1.30049
1.0249
1.14368
1.45303
1.07414
1.21657
0.869113
1.21103
1.29675
1.01747
1.25034
0.852899
1.35144
0.709831
0.27225
1.03138
1.0008
1.19579
1.28316
1.20313
1.10478
1.48855
1.21423
1.28169
1.43958
1.42113
1.30318
1.37217
1.13502
1.29061
0.636203
1.02981
1.40803
1.42548
1.20869
1.44746
1.2221
1.06207
1.41006
1.20009
1.26189
1.09649
1.21461
1.49195
1.30488
0.811658
1.55794
1.27155
1.29043
1.43531
1.22698
0.832921
1.19714
1.54998
1.54638
1.30919
1.2984
1.24719
0.893918
1.52983
0.984415
1.07343
1.48779
1.39769
1.14443
1.47675
1.36755
1.2215
1.12821
1.54241
1.50318
0.873126
1.18707
0.856705
0.990538
1.56317
1.39174
1.43556
1.38668
1.31947
0.994493
1.26401
1.34992
1.17746
0.902855
1.35561
1.36332
0.975763
1.4766
1.05704
1.24935
1.54861
1.33523
1.39174
1.45785
1.55786
1.39918
1.43266
1.00256
1.32284
0.778135
1.31319
1.13979
0.827606
1.54907
1.25339
1.14428
0.540918
1.01701
1.56848
1.17846
1.49248
0.88476
1.28831
1.43152
1.55132
1.28284
1.17803
1.54299
0.974286
1.3731
1.31342
1.17283
1.46972
1.18703
0.654959
0.556805
0.958771
1.48334
1.25532
0.729168
1.10175
1.10723
1.52654
1.53472
1.46138
1.14121
1.50396
1.21877
1.0796
1.0297
1.4604
1.46271
1.19064
1.25533
1.36194
1.474
0.978631
1.38143
1.22404
1.43876
1.44756
1.039
1.04298
1.21122
1.00074
0.479198
1.46949
1.52224
1.18238
0.651731
1.14887
1.45585
1.20679
1.07405
1.55084
0.988386
1.03327
1.35957
1.53655
1.02074
0.812648
1.38178
1.31897
1.22781
1.52121
0.897361
1.49118
1.50312
1.39155
1.00893
1.33717
1.52626
0.736644
1.39423
1.46364
1.18074
0.69271
0.985343
1.31096
1.43273
1.1129
1.14209
0.969551
1.20516
1.01905
1.34078
1.2681
1.23125
1.35133
1.48671
1.56829
1.13714
1.56617
1.34689
1.53349
1.49712
1.51987
1.47568
1.2324
0.866632
1.5144
1.03399
1.3209
1.18241
1.16799
0.94559
1.05585
1.46117
1.24009
1.46545
1.4812
1.52384
0.95204
1.16773
1.08216
0.71731
1.35617
0.78128
1.5026
1.18191
1.0344
1.05079
1.53804
1.29925
0.951836
1.3462
0.850571
1.53992
1.25682
1.16839
0.778597
1.35517
1.51718
1.24883
1.52995
1.09003
1.10704
1.47804
1.22942
0.853575
1.23389
1.51272
1.05231
1.49847
0.766269
1.36949
1.35545
1.39986
1.42508
1.50453
1.3373
1.51993
1.49994
0.924281
1.50489
1.14868
0.872934
0.832679
0.929656
1.32586
1.31067
0.556595
1.42551
0.769783
0.746798
1.13589
1.37845
1.07236
1.41549
1.4379
1.3751
1.08654
1.09717
0.97207
1.25411
1.27685
1.32089
1.2843
0.986458
1.23554
0.93584
1.53614
1.33906
1.07717
1.3278
0.66168
1.42135
0.886412
1.53789
0.992832
1.21607
1.46765
1.27865
0.978031
0.419838
1.54058
1.52871
1.27034
1.36911
1.11146
1.51908
1.48769
1.29136
1.40141
1.17064
1.30118
1.46587
1.23357
1.22314
1.1675
1.18877
1.43841
1.06306
1.19475
1.16079
1.47519
1.40857
1.19317
1.11968
1.33284
1.24434
1.23744
0.88145
1.09896
1.21175
1.08634
0.47079
0.893765
1.43403
0.626174
0.719453
1.57019
1.54011
1.0586
0.99574
1.1812
1.2291
1.48898
1.28086
1.09394
1.00704
1.52323
1.30222
1.29922
1.17581
1.44596
1.32171
1.44356
1.07204
1.55277
1.36277
0.602865
1.24103
1.36113
1.24064
1.35653
1.38504
1.4032
1.33814
1.07371
1.20255
1.21755
1.3913
1.43923
1.29846
0.951586
0.641874
1.31991
1.45303
1.47187
1.08111
1.21888
0.961527
1.37618
1.27555
1.21859
0.933417
1.26399
1.30691
1.51596
0.756122
0.986695
1.0562
1.16366
1.2836
1.27762
1.21891
1.50177
1.07891
1.46786
1.33999
0.927398
1.23771
1.1269
0.598558
1.4334
1.06914
1.36301
1.07925
1.5525
0.975683
1.27203
1.42684
1.49241
1.24364
1.12254
1.0519
1.47752
1.18226
0.605432
1.1149
1.06504
1.28615
0.742247
1.51229
1.17406
1.44076
1.4006
1.39853
1.54813
1.03091
1.47507
1.40272
1.32048
1.52824
1.51663
1.25336
0.820814
0.812604
0.453325
1.55468
1.18584
1.4593
0.902992
1.43149
1.53976
0.979303
1.51067
1.41668
1.3297
1.15412
1.16147
0.933502
1.51791
0.402931
1.50111
0.744811
1.50822
1.39248
1.03772
0.358815
1.49988
1.31221
1.27685
1.0541
1.03329
0.951063
1.28328
1.4686
1.19035
1.28239
1.37297
1.25958
1.05904
0.941664
1.24702
1.44531
1.28376
0.884498
0.953074
1.34817
0.950045
1.53081
0.950846
1.4774
1.0618
1.50098
0.929551
1.35694
1.36051
1.45451
1.0384
0.91562
1.28175
0.882322
0.963167
0.924488
1.19789
1.22573
1.44848
1.02206
1.43134
1.38237
1.18578
1.10436
0.679282
1.06368
1.29966
1.2231
1.52407
0.890717
1.55456
1.40481
1.11029
1.47249
1.26631
1.2772
1.29462
1.09091
1.20075
1.19757
1.35839
1.20749
1.17141
1.0913
1.18923
0.867203
1.45899
1.2533
1.55081
1.25027
1.09853
1.08039
1.50355
1.01823
1.35501
1.42946
1.20245
1.55963
1.01138
1.28819
1.38255
1.19517
0.792639
0.825913
1.38765
1.27882
1.40095
1.03695
1.16092
1.31648
1.35783
1.12968
1.20915
0.950411
1.44276
1.36872
1.38211
1.3466
1.38276
1.32498
1.22599
1.53179
1.13205
0.690838
1.30239
1.40933
1.17915
1.22448
1.25028
1.19278
0.51251
0.756778
1.45487
1.54766
1.3567
1.40364
0.900307
1.5352
1.32067
1.18323
0.828554
1.32395
0.918666
0.857086
1.46142
0.941401
1.48114
0.711809
1.29554
0.927158
0.968895
1.31064
1.04621
1.23285
0.948482
1.33328
1.35217
1.34698
1.33152
0.965619
1.40467
1.1663
1.34432
0.803416
1.52891
1.4603
1.28764
1.44307
0.491139
1.54788
1.24161
1.53261
1.10108
1.2822
1.14559
1.1199
0.921823
1.47869
1.25438
1.52534
1.21997
1.21201
0.473522
0.844103
1.28602
1.35076
0.704926
1.45991
1.34901
0.371901
1.48169
1.09491
0.970803
1.55123
1.34513
1.23221
0.743471
0.768342
0.965848
1.34112
1.55712
1.28347
0.601995
1.1888
1.03543
0.836384
0.972166
1.55682
0.731492
0.942036
1.01324
1.06139
1.43593
0.984862
0.888444
1.10948
1.12847
1.17246
0.395809
1.29894
1.35064
1.15935
1.47556
1.47913
1.44627
0.683559
1.04237
1.53098
1.45767
1.23262
1.27601
1.28926
1.29992
1.12794
1.30634
0.96138
0.858026
1.02821
1.43453
1.40066
1.12976
0.863667
0.663111
1.3487
1.53713
1.07954
1.52546
1.43266
0.442833
1.51773
1.43098
1.01595
1.18277
0.658771
1.54925
1.24734
1.38994
0.45729
1.5155
0.977593
0.766554
0.688461
1.41844
1.42756
1.21397
1.51495
1.52611
1.2989
0.551427
0.967652
1.49651
1.56611
0.774832
1.54962
1.2857
0.586617
1.51425
1.3458
1.52219
1.36967
1.09978
1.3507
0.990492
1.50508
0.988161
1.42924
1.19855
1.08209
0.666024
1.47699
1.28685
0.722299
0.799315
0.959062
1.35426
1.40587
1.25371
1.15532
1.43328
1.42748
1.0802
1.48506
1.52067
1.11912
1.45669
1.32863
1.19018
0.651612
0.404223
1.42199
1.22028
1.36843
1.47111
1.45899
1.56799
0.700207
1.13568
1.08227
0.896828
1.56623
0.644457
1.41684
1.34939
1.19658
1.35358
0.978458
1.37714
0.573034
0.968289
1.30719
1.16018
0.995896
0.89137
0.803076
1.35574
1.22252
1.19345
1.13972
1.45453
0.849141
1.11187
1.55504
0.653092
0.965615
1.16338
1.46071
1.21605
1.44971
1.44276
1.2081
1.55865
1.47348
1.34419
1.3235
0.957589
1.26969
0.733863
0.676471
1.52729
1.32101
1.26458
0.884994
1.24676
1.41526
0.882656
1.57037
0.922899
1.25664
1.55847
0.89451
1.43359
1.38093
1.51174
1.29555
1.45027
1.42323
1.52577
1.32453
1.27307
1.55348
1.25158
1.42637
1.33958
1.32359
0.952962
1.33529
1.46961
1.14618
1.21767
0.627177
1.30321
1.24088
0.972216
1.21722
1.01598
1.0961
1.35245
1.20143
0.777002
1.42687
1.35476
1.15339
1.31326
1.3398
1.5173
1.48561
1.4606
0.935198
1.53615
1.0877
1.46708
1.00572
0.789743
1.26932
1.18766
0.640018
0.903092
1.43353
1.29159
0.836947
1.10634
1.03139
1.44329
1.33529
0.880199
0.953323
1.35445
0.774056
1.03833
1.13676
1.1029
1.37217
1.35594
1.13566
1.43793
1.07676
0.895994
1.22757
1.48482
1.03914
1.51247
0.935598
1.20019
0.620194
1.30622
1.16424
0.759226
0.909153
1.44442
1.3257
0.965922
1.55047
0.67479
0.774503
1.34391
1.37602
1.43827
1.51403
1.40964
1.53124
0.881125
0.673205
1.36004
1.09427
1.17796
1.56158
1.41038
1.22398
1.36799
1.2139
0.971394
1.05756
1.22151
0.982739
0.549776
1.43987
1.1171
1.38671
1.02647
1.37553
0.773567
1.42421
0.935234
1.26323
1.36964
1.33539
1.20301
0.654181
1.06748
1.19248
1.15515
0.175496
1.31111
0.978913
1.4929
0.853788
1.36213
1.15485
0.672381
1.25535
0.964577
0.675749
0.981933
1.35308
1.44848
1.2938
1.18834
0.763033
1.28408
1.11518
1.32995
1.35095
0.663352
1.07517
1.50084
1.14664
1.33686
0.669558
1.30045
1.10349
1.05249
1.35133
1.32229
1.28993
1.46979
1.07957
0.644925
1.26351
1.28055
1.12456
1.35623
0.88238
1.37372
0.285979
0.922958
1.55084
1.4899
1.46513
1.19232
1.08077
1.2336
1.26071
1.32762
1.50361
1.40727
1.45752
1.03724
1.36063
0.852034
1.53966
1.18199
1.00017
0.691554
0.928488
1.20058
1.51681
0.610164
1.53209
1.33447
1.26199
1.44045
1.48065
1.5588
1.14919
0.805833
1.38796
0.968805
0.797248
1.33617
0.969341
1.19009
0.971784
0.499006
1.49195
1.03902
1.43239
1.40896
0.861653
1.03396
0.80837
0.759653
1.5672
1.31926
1.0613
0.851388
1.16717
1.21846
1.02578
1.19219
1.08664
1.10125
1.44688
1.14549
1.34489
1.52546
1.19014
1.11971
0.96674
1.41783
1.19815
1.33585
1.36856
1.30359
1.56781
1.32271
1.46396
1.16394
1.34453
1.30843
1.3851
1.56298
1.53464
1.182
1.34544
1.21794
0.98221
1.48959
1.2305
0.502411
1.4184
1.12712
0.665943
1.51761
1.22658
0.480216
1.33108
1.31963
1.39633
0.731846
1.13926
1.2469
1.36376
1.20156
1.3155
1.43624
1.42533
1.3726
1.48723
1.32721
1.1463
1.38075
1.38836
1.22294
1.53966
1.22735
1.50098
1.03216
1.02892
1.54012
1.56555
1.15692
1.00487
1.09936
1.27361
1.45165
1.31919
1.25933
1.46878
0.772491
1.44264
1.46624
1.30029
1.06113
1.32558
1.44824
1.14079
0.965771
1.18376
1.0417
1.16662
1.10491
1.48163
1.42517
1.23253
1.54649
1.51498
1.37441
0.796969
1.117
1.32442
1.08961
0.8494
0.836753
1.05819
1.30928
1.27347
1.1408
1.33256
1.23912
1.03419
1.47286
1.07544
1.40215
0.943555
1.01369
0.728049
1.35178
1.51914
0.985252
1.26445
1.46584
0.623411
1.48883
0.9963
1.34269
1.05606
1.29858
0.800383
1.36369
0.726004
1.23803
1.03664
1.06809
1.27388
0.916757
0.786715
1.42747
1.05119
1.0201
1.5294
1.33691
0.897083
1.5675
1.36899
1.01381
1.52363
1.47659
1.40358
1.44861
1.47636
1.19524
1.09401
1.37543
1.4857
1.37115
1.44221
1.01584
1.11961
1.51443
1.22508
1.27994
0.903215
0.832344
1.16105
1.48394
1.35874
1.22679
0.789523
0.812487
1.0657
0.866071
1.22894
1.50934
1.13183
1.36862
1.22125
1.15996
0.81309
1.11227
1.50599
1.46096
1.52946
1.36949
1.02692
1.39158
0.887876
1.18784
1.07967
0.877151
1.41409
0.666163
1.17382
1.08707
1.11508
0.742832
0.905954
1.47145
1.46941
1.5179
1.25477
0.877403
1.55114
1.18463
0.958049
1.52005
1.30719
0.858311
1.54924
0.954652
1.39955
1.18188
1.51793
1.10062
1.40166
1.10745
1.0828
0.709366
0.914175
0.458467
1.04488
0.647953
1.21423
1.21826
0.684121
1.11044
1.3092
1.50315
1.06522
1.52175
0.82937
1.16892
1.50223
0.831486
0.823086
0.996716
1.26519
1.07468
1.32284
1.45954
1.03247
1.50514
1.24332
1.57022
1.48022
1.49663
1.10402
1.39428
1.07719
1.04118
1.19919
1.46157
0.944725
1.23848
1.401
1.48106
1.50978
1.46047
0.791941
0.990149
1.07026
1.53899
0.956987
1.22174
0.997545
1.32429
1.33541
1.22403
1.20359
1.5181
1.54263
1.37749
1.40946
1.49321
1.49893
1.12482
1.54531
1.49394
1.36955
1.05669
1.38435
1.28872
1.29789
0.819328
1.20689
1.33146
1.1783
1.2337
1.45945
1.06888
1.21201
0.992994
1.54522
1.37988
0.804104
1.34839
1.51425
1.51376
1.40141
1.48769
1.08334
1.32171
1.36178
1.5617
0.908982
1.0801
1.56311
0.993791
1.31378
0.994788
1.32857
1.3482
1.46789
0.800441
1.27723
0.811997
1.57025
1.30934
1.23887
1.3693
0.488576
1.46872
1.0182
1.51578
0.855675
1.2078
0.85805
1.16204
1.2624
1.18186
1.36793
0.792337
1.24944
1.13737
0.957114
1.18653
1.25144
1.22508
1.52772
0.799034
1.47847
1.26847
1.55487
0.991878
1.16969
1.55438
1.55053
0.584739
1.41384
1.33736
1.16311
1.31742
1.37201
0.567675
1.25328
0.944101
1.44742
1.32087
1.3532
1.49902
1.46528
1.5472
1.45918
1.01619
1.50514
1.26182
0.883092
1.46277
1.39103
1.25107
1.46022
1.35239
1.24306
1.38317
0.883185
1.49963
1.43856
1.41014
1.49669
0.783168
0.80074
1.03262
0.92059
1.25843
1.45186
1.53206
1.11322
1.03546
1.42724
1.17173
1.31415
0.902923
1.56341
1.52659
1.43687
0.931006
1.10968
1.00705
1.25085
0.649854
1.5454
1.22872
1.27924
0.847586
1.56568
1.55902
1.02099
0.802956
1.47588
0.986472
0.723818
0.963179
1.01202
1.33937
1.19054
1.09378
1.15171
1.02898
1.28659
1.10598
1.51125
1.24866
1.20483
1.52818
0.9831
1.51315
1.18176
1.06982
1.38442
0.785268
1.49831
1.15811
1.05962
1.48445
0.964509
1.42829
1.5291
0.867749
1.32966
0.778063
0.80111
1.32076
1.33618
1.33896
1.54992
0.968556
1.27107
1.307
0.593154
1.22476
0.541418
1.32655
1.41078
1.39354
1.53432
0.72825
1.54644
1.45481
1.2576
1.30062
1.49844
1.23667
1.41489
1.41928
1.42755
0.786675
1.41341
1.4067
0.992939
1.22001
1.06144
1.07169
1.24821
1.30185
1.46108
1.14916
1.46489
1.12096
1.43106
1.03595
1.30899
1.31976
0.975169
1.2437
1.18771
1.53111
1.29852
1.10402
1.35047
1.30495
0.827838
0.674324
1.12077
1.43864
0.772824
1.55218
1.28354
1.25638
1.26586
1.36833
0.962483
0.509263
0.862318
0.87437
1.56436
1.11717
1.16517
1.04818
1.41758
1.02414
1.24094
0.998784
0.96732
0.610908
1.33284
1.3772
1.41736
0.880477
1.36174
1.44282
0.713858
1.55705
1.56372
1.28185
1.43864
0.981707
1.3612
1.26266
1.22875
1.45039
1.30871
1.28748
1.43118
0.982087
0.968503
1.47754
1.32964
1.47666
1.45641
0.937797
1.53307
1.1461
1.4475
1.02207
1.1285
0.847661
1.33339
1.21852
1.34948
1.3609
1.40556
1.44658
1.47292
0.926724
0.860854
1.41027
1.18047
1.46274
1.31982
1.29973
1.24103
1.15944
1.23292
0.978849
1.38659
1.55853
1.3095
1.10025
0.469753
1.49512
1.45125
1.55606
1.33093
1.43223
1.09082
1.41848
0.973927
0.912921
1.36613
1.18587
0.852621
1.412
1.06256
1.54467
1.44694
1.30171
0.83877
1.3349
1.56088
1.2647
1.22872
1.44039
1.56015
0.906921
1.33896
1.1958
0.935403
1.41045
1.30362
1.19185
1.45063
1.38376
1.36058
1.27275
0.975677
1.26989
1.40178
1.29687
1.19471
0.597851
0.984569
1.55789
1.50526
0.673216
1.05139
1.22372
1.41501
1.41467
1.38864
0.857054
0.891893
1.30479
1.42958
0.62878
1.17029
1.29557
1.25574
1.25355
1.10501
1.52229
1.30786
1.12442
1.52482
1.56652
1.03605
1.43273
0.939941
0.943565
0.998063
0.803103
1.15238
1.08251
1.02289
1.07232
0.805444
1.55564
1.31668
1.2466
1.51414
1.05177
1.05788
1.2109
1.05048
1.36269
1.51828
1.35033
1.36799
1.46446
1.19706
0.81964
1.16072
1.47783
1.33993
0.713848
1.1763
1.27549
1.31774
1.00978
1.22177
0.705537
1.12989
1.39775
0.931808
1.35082
0.916491
1.14998
1.49623
1.2122
0.770731
1.43907
0.69093
1.00642
1.48371
1.36725
1.53337
1.35786
0.940098
1.37652
1.33535
1.48978
1.05467
0.821609
1.29782
1.26182
0.794498
1.4181
1.34776
0.883342
1.44645
1.1418
0.626248
1.10218
1.48402
1.35028
1.5247
0.615979
0.801678
0.847753
1.10285
1.19724
1.53655
1.14458
1.33466
1.09689
1.48993
1.06602
0.97599
1.44298
1.4355
1.51049
1.3425
1.19829
1.21431
1.27749
1.34519
0.981078
1.03383
0.964578
0.978872
0.857545
1.05719
1.30966
1.51394
1.46765
1.27398
0.787029
1.12725
1.4089
1.45983
0.272526
1.33428
1.1656
1.29605
1.14187
1.26669
0.948112
0.868423
1.31306
0.720205
0.677675
1.46775
1.23735
1.48763
1.13481
1.27816
1.39063
1.38915
1.09984
1.54937
1.23544
1.13238
1.07604
0.979581
1.54461
1.14697
0.834466
1.5048
0.951528
1.30118
1.0906
1.12902
1.38171
1.19002
1.42008
1.47139
1.29412
1.18291
1.25337
1.07804
1.2608
1.3703
0.629904
1.33278
1.12265
1.24629
1.24012
1.08714
1.10485
1.27344
1.25355
0.859898
0.95324
1.48869
1.20718
1.3868
1.44565
1.3625
1.06485
0.693491
1.35986
0.661408
1.45497
1.55474
1.40627
1.46209
1.18712
1.48745
1.4955
1.31376
1.45126
1.55599
0.554557
1.49281
0.875776
1.55744
1.08321
1.22291
1.11903
1.4031
1.42351
1.42839
0.384883
1.08924
1.50862
1.48187
1.46633
0.918641
1.52751
1.34463
1.54546
1.51064
1.46691
1.34788
1.1783
1.09012
1.07322
1.3324
1.54259
0.974873
0.971455
0.9163
1.39419
1.22713
1.56591
1.52862
1.44867
1.23272
1.36658
1.38895
1.34995
1.10215
1.31294
0.913654
1.42082
1.41752
1.35414
1.235
1.11278
1.06695
1.4501
0.576609
0.671492
1.32492
1.44011
1.05549
1.3058
0.80619
1.49229
1.08783
0.791685
1.003
1.08026
1.26964
0.73813
1.40921
1.43656
1.21202
1.1119
1.27694
1.19018
0.835891
1.48242
1.27155
1.17378
1.4022
0.998436
1.44159
1.44215
1.49608
1.35989
0.785084
1.235
1.26689
0.714803
1.45665
0.94979
1.41787
1.44854
1.45788
1.4318
1.26594
0.947044
0.926579
1.31534
1.34877
0.744919
1.48468
0.764443
1.39323
1.27496
1.40147
1.42489
1.45023
1.09339
1.46332
1.46531
1.35114
1.31692
1.49106
0.94533
1.47409
1.49838
1.08316
1.20764
1.44805
1.25445
0.860057
1.19208
1.38641
1.09901
0.964652
1.27978
1.16564
1.51007
0.827939
1.44701
1.33139
1.22794
1.47021
1.28815
0.892378
1.14674
1.40998
1.44504
1.49424
1.38231
1.47516
1.55187
1.20584
1.27704
1.0453
0.980163
0.874811
0.875963
1.03857
1.56286
1.41416
1.08264
1.51079
1.33529
1.3572
0.952943
1.55798
0.98421
0.990849
1.06278
1.12096
0.764778
1.22184
1.1767
1.40259
1.27583
0.779292
1.15565
1.41446
1.41438
1.07756
1.17819
1.28376
1.43195
1.10574
1.134
1.16128
0.696339
1.24976
1.37593
1.27875
1.46284
0.984632
1.50874
1.17717
0.733638
1.02777
0.622337
0.769604
1.46341
1.51675
1.49449
1.42712
1.17722
1.19777
0.889543
1.08305
0.89177
1.31523
1.05932
1.40438
1.14127
0.905091
1.51027
1.43124
1.25683
1.35602
1.25637
1.39273
0.615685
0.912361
0.957982
1.31777
0.87058
1.44765
1.16736
1.34181
1.06605
1.15392
1.04076
1.31966
1.27082
1.04444
1.25246
1.43414
0.773095
1.53692
0.537381
1.22139
1.53108
1.43041
1.26051
1.28166
1.41421
1.33911
1.35452
1.20176
1.35401
1.43934
1.51101
1.55361
1.51092
1.2448
1.3497
1.38299
1.33529
1.29304
0.550888
1.11071
1.06209
1.3072
1.33535
0.965439
1.42094
1.07377
0.977469
1.44021
1.45973
1.43254
1.5338
1.05324
1.55291
1.54534
1.47108
0.981397
1.38035
0.79295
1.54
1.46308
1.50575
1.2457
1.48622
1.42582
1.41523
1.17118
1.10538
1.1728
1.18852
1.10668
1.41551
1.55396
1.14563
1.03553
1.21904
1.51663
1.03652
1.03056
1.03736
1.09931
1.51593
0.921834
1.27796
1.33516
1.17161
1.07329
1.4642
0.939781
1.2335
1.25932
1.4553
1.16803
1.33774
1.18541
1.43715
1.4231
1.49198
1.51779
0.379912
1.50226
0.685952
1.07515
1.25753
1.51749
1.42338
1.33636
1.50153
1.45162
0.713512
1.13198
1.53184
0.848054
0.900851
1.2182
1.5603
1.17371
1.21891
1.50263
1.22444
1.49388
0.588724
1.42184
1.25156
1.56041
1.31389
1.45125
1.36737
1.35139
1.25894
0.853341
1.29833
1.48775
1.55157
1.24402
1.34326
1.27547
0.909342
1.06158
1.42193
1.46034
0.776307
1.54446
1.09156
1.36924
1.06899
1.19304
1.433
1.51351
0.902232
1.44501
1.22637
1.52264
1.51255
1.27787
1.40735
1.48733
1.0199
1.48169
1.56152
1.25175
0.958172
1.5344
0.966887
1.4507
1.50511
1.51916
1.21504
0.982734
1.33196
1.17274
1.17981
1.38985
1.21863
1.23137
1.31092
1.51908
1.05602
1.53765
1.11076
1.53478
1.50605
0.970636
0.806312
1.04006
0.966955
1.42074
1.51092
1.45686
1.2359
1.55389
1.03965
1.05134
1.18541
1.10842
1.39453
1.30492
1.5334
1.05269
1.55738
0.803631
1.37141
1.33611
1.54241
1.54296
0.767527
1.3329
1.56311
1.53466
1.48365
1.55145
1.26019
1.52183
1.06683
1.24164
1.46433
1.51804
1.53163
1.37066
1.57002
1.44713
0.795536
0.979419
1.02395
1.4244
1.43697
1.55886
1.55905
1.54369
1.10579
0.944926
1.42728
1.48426
1.52364
1.26982
1.39624
1.47452
1.37117
1.52562
1.41044
1.49161
1.27139
0.982843
1.49724
1.45617
1.51131
0.853544
0.891807
1.50208
1.44508
1.34632
1.40481
0.462328
0.98611
1.07704
1.31323
1.12057
1.14345
1.51853
0.85483
1.4499
1.56081
1.02129
1.4929
0.600795
1.2113
1.44867
1.33175
0.853692
1.47605
1.54168
1.53905
1.5404
1.43184
1.21732
0.969884
1.29707
1.44553
1.16524
1.56597
0.80998
1.53105
1.44725
1.16072
1.11927
1.48855
1.19235
1.39348
1.04656
1.34482
1.16879
1.27027
1.12736
1.17909
1.16756
1.54672
1.45451
1.34015
0.942038
0.759709
1.44535
0.850262
1.31686
1.51116
0.987946
1.339
0.834885
1.19597
1.08858
1.40494
0.630094
0.74291
1.45868
1.45066
0.882058
1.27105
1.03886
1.56408
1.32196
1.19993
1.44928
1.11425
0.692562
1.00559
1.536
1.40196
0.811112
1.3156
1.455
0.944029
1.42632
1.42801
0.879546
1.42428
0.838888
0.909277
1.14133
1.01809
1.43645
1.37413
1.14771
1.46022
1.50006
1.49786
1.1954
1.23164
1.49186
1.31225
0.993917
1.49308
1.43568
1.39275
1.56384
1.49862
1.45689
1.27298
1.09395
1.06103
1.30276
1.25503
1.09901
1.50702
1.54224
0.989107
1.35389
0.741634
0.893731
0.348486
1.4848
1.48298
1.02213
1.44267
1.52635
1.28494
0.63638
1.42218
1.45334
1.10298
0.929945
1.24425
1.43543
1.02318
0.624467
1.54403
1.32011
1.03142
1.49045
1.22661
1.20425
1.10211
0.32022
0.773767
1.50714
1.45073
1.2808
1.36815
1.29595
1.51137
1.20069
1.22138
1.43571
1.15651
1.31262
1.4848
1.39775
1.36173
1.38715
1.47997
1.48203
1.47027
1.52568
1.33952
0.999223
1.44471
1.15218
1.46936
1.47176
1.11676
1.29723
0.97645
0.759143
1.2281
0.934466
1.49175
1.45094
0.974257
0.468246
0.866815
1.06963
1.37839
0.975659
0.953694
0.770097
0.947265
1.08185
1.22771
1.43246
0.38107
1.13811
0.829334
1.54326
1.38006
1.50234
1.40701
1.16491
1.51481
0.649375
1.39323
1.17561
0.90752
1.44415
1.16854
1.386
0.686038
1.42946
0.880755
1.41347
1.22216
1.16171
1.29504
0.728849
1.19008
1.22002
0.879371
1.30594
1.28668
1.39682
1.47826
1.55062
1.54862
1.41895
1.22942
1.08879
1.41427
1.35358
1.12001
0.84494
1.21286
1.39911
1.5682
1.08077
1.44013
1.4099
1.2167
1.10562
1.52513
1.32619
1.494
0.876505
1.16485
1.47887
1.33524
1.03695
1.41509
1.55059
0.977053
1.5022
1.39955
0.416595
1.147
1.54577
1.42162
1.16723
1.39825
1.39062
1.38019
0.898831
0.869113
0.771491
0.56473
1.52155
0.751516
1.44098
1.30953
1.55297
1.3592
1.06302
1.42656
1.25891
1.13978
1.56127
1.34892
1.46648
1.46679
1.5214
1.37761
1.12733
1.01617
1.11978
1.3346
1.13067
0.711046
0.964445
1.464
1.40766
1.49776
0.903493
1.25111
1.31673
0.872802
1.05956
1.3833
1.32422
0.817839
0.828005
1.00842
1.3851
1.25111
0.894136
1.27666
0.780352
0.751375
0.82756
1.54092
1.44639
1.43057
1.17088
1.32492
1.11111
1.2718
1.54385
0.666381
1.44601
1.54357
1.45557
1.10231
1.05998
1.06309
1.51419
1.07037
1.18979
1.37893
1.30408
1.13252
0.941362
1.20117
1.28678
1.00616
1.23447
1.51144
1.26013
1.01057
1.49645
1.52623
1.14398
1.26439
1.20332
1.2368
1.2989
0.986726
1.08264
1.37282
1.34563
1.35384
1.09278
1.2648
0.53436
0.835624
1.21768
0.923431
1.32663
1.44202
0.952366
1.35177
1.43642
1.52427
1.39701
1.08471
1.46694
1.06553
1.15699
1.26778
1.22067
0.967042
1.06842
1.32706
1.16052
1.38384
0.824124
0.854745
1.12804
0.874672
1.20727
0.816731
0.899319
1.18857
1.42218
1.50306
1.27577
0.67546
1.04374
1.41959
1.4812
0.950248
0.831246
1.52928
1.36749
1.56695
1.53631
1.46188
1.51388
1.27225
1.07274
1.36257
1.4127
1.34319
1.02492
1.51746
1.28933
1.36774
1.51474
1.46896
1.05953
0.885668
1.51596
1.08292
1.42828
0.905682
1.53264
1.56321
0.99534
0.978263
1.39881
1.37238
1.33265
1.50691
1.45225
1.3557
1.05205
1.54473
1.37727
1.1937
1.1564
1.24405
1.34507
1.43814
1.52771
0.853328
1.15151
1.03311
1.22375
0.753945
1.40249
1.31035
1.038
1.48089
1.48736
0.8444
0.852819
0.97283
1.21642
0.884625
1.17703
1.42002
1.0136
1.50202
1.25549
1.07469
1.46841
1.54943
0.882861
0.746508
1.25708
0.979363
0.959218
1.47255
1.52861
1.37946
0.852749
1.10818
1.32127
1.49106
1.03375
0.864939
1.4651
1.17287
1.41452
1.53392
0.868647
1.5393
1.14053
1.55914
1.40457
1.39521
0.874848
1.37054
1.08782
1.43089
0.90655
0.963712
1.29269
1.45629
1.23327
0.713356
1.05391
1.34125
1.51107
1.29494
1.49795
0.664414
0.704091
1.05164
0.712354
1.49198
0.690528
0.999524
1.51853
1.29995
0.825607
1.24098
1.27097
0.945893
1.5436
1.51938
1.50039
1.17964
1.35202
1.30093
1.07868
1.49859
1.22048
1.33011
0.877341
1.33321
1.28657
0.976403
1.38566
1.19557
1.0601
0.807713
1.45076
1.04804
1.46059
0.765819
1.13547
1.13683
1.47648
1.53034
1.07089
1.38615
1.10177
1.03645
1.30246
1.56536
1.51492
1.23195
1.40627
1.39596
0.908132
1.55741
1.40054
1.48353
1.13079
1.10211
0.936849
1.42057
1.27295
1.06849
0.974111
0.624597
1.18317
0.962342
1.38969
1.14254
0.986493
1.08376
1.40407
1.11568
1.32479
1.24837
1.22106
0.724429
0.894127
1.21045
1.15305
1.22891
0.709409
1.55146
1.0538
1.2737
1.20967
1.25259
1.07323
0.959912
1.36063
1.43765
1.48426
0.820642
1.32888
1.27781
1.35089
1.1891
1.52986
0.858822
1.13003
0.917108
1.5291
1.45658
1.40729
1.20761
0.704107
1.29414
1.40011
1.26835
1.30201
1.45248
1.46734
1.44092
1.10641
1.18923
1.36
1.20757
1.37514
1.40831
1.21051
1.42786
1.36107
1.50092
0.386269
1.47682
0.742869
1.36846
1.26861
0.965538
1.37238
1.17842
1.36512
1.48974
1.51133
1.26183
1.50566
0.74411
1.51764
0.631412
1.34475
1.55093
1.48389
0.863817
1.42434
0.981855
0.783063
1.36856
1.35926
1.4435
1.46427
0.952362
1.25728
1.27882
1.13211
1.42723
1.44251
0.797085
0.903229
1.32549
1.34889
1.42141
1.37487
1.09162
0.966068
1.50905
1.25278
0.880373
1.45571
1.35814
1.41582
1.52427
1.2083
1.29941
1.52039
0.408451
1.47672
0.855881
1.3754
1.00957
1.46483
1.2168
1.14167
0.752119
1.24323
1.49014
1.07869
1.34482
1.25148
1.51959
1.46624
1.15938
0.616085
1.55851
0.854281
0.489673
1.15732
0.621845
1.56718
1.24351
1.03161
1.51808
1.30505
1.35793
1.25253
1.28449
0.512288
1.21136
1.41678
1.09078
1.56054
1.18099
1.20016
1.07918
1.52176
0.957018
1.32221
1.25658
1.37303
1.3137
1.13272
1.11539
1.28076
0.944087
1.30511
0.744379
1.26965
0.818474
1.25559
1.31111
1.56628
1.55175
1.41452
1.47795
1.18047
0.810395
1.04786
1.47616
1.46387
1.55532
0.953111
1.24935
1.23835
1.1051
1.54513
1.16008
1.49942
1.43433
1.39716
1.36519
1.27581
1.16538
1.17094
1.51578
1.38757
0.808023
1.31853
1.16548
1.40104
1.1021
1.16334
0.844221
1.25334
0.917218
1.46018
1.29947
1.38206
0.778644
0.72057
1.21593
0.711355
1.04961
1.24836
1.34366
1.13333
1.48941
1.50733
1.51144
1.10817
1.13202
1.29189
0.625489
1.40088
1.45525
1.11404
0.867504
1.43155
0.861653
1.1727
1.28435
1.26599
1.25901
0.871981
1.41542
1.37994
1.16404
1.37798
1.36743
1.27231
1.21247
1.29998
1.20354
1.24206
0.836297
1.45205
1.39295
1.5022
1.1993
1.43029
1.1047
1.40149
1.42869
1.47238
0.886794
1.2533
1.06916
1.54955
1.48071
0.985665
1.32045
1.55181
1.00278
1.10018
1.3058
1.02148
0.691209
0.698944
1.39236
0.89331
0.498944
1.49988
1.19495
1.53643
1.18238
1.21566
0.52788
0.892673
1.36706
1.25811
1.22055
1.34845
1.52421
0.741714
1.56787
1.24654
1.41701
1.56984
1.20732
1.3543
1.53191
1.37518
1.50589
0.684306
1.33363
1.34782
1.32747
1.13475
1.50474
0.745586
1.47654
1.1714
0.815006
1.39063
1.38483
1.21527
0.453469
0.566764
1.529
1.20189
1.55529
1.40878
1.26317
1.5077
1.29491
1.15348
1.27653
1.0108
0.850316
1.42794
1.11158
1.21221
1.0232
1.26778
1.25586
1.21957
1.03354
0.8989
1.36111
1.40413
1.3547
1.41885
0.727661
0.993624
1.13199
1.24738
1.15292
0.849863
0.877316
1.55313
1.10979
1.40722
1.37091
0.894484
1.13442
1.53618
1.56501
1.06794
1.38827
1.14861
1.49303
0.973246
1.05584
1.03353
1.24953
1.15526
1.10133
1.27729
0.785507
1.23667
0.688859
0.89255
1.16518
1.26035
1.07828
1.23983
1.223
0.951739
1.45386
1.27953
1.50838
0.920352
1.34804
1.24564
1.22398
1.56762
0.758338
1.5473
1.48855
1.46487
1.0735
0.908331
1.26847
0.753387
1.22132
1.53725
0.399938
1.50055
1.39326
0.336417
1.0051
0.994245
1.34043
1.01072
1.4403
0.691701
0.681685
1.45647
0.830506
0.854967
1.17921
1.51596
1.16232
1.55783
1.19665
0.782727
1.07559
0.962486
1.29966
1.13687
1.24812
1.28624
1.20399
1.37455
1.45235
1.08519
1.42301
0.740599
0.522855
1.29789
1.38386
1.5148
0.858763
1.38355
1.41514
1.21703
1.09371
1.17894
1.35204
1.13507
1.42462
1.53264
1.26407
1.25853
0.93815
1.0371
1.52655
1.42341
0.78591
1.4639
1.42283
1.41928
0.748431
1.34346
1.26513
1.3953
1.49334
1.35658
1.32057
1.27723
1.45438
1.38492
1.3611
1.38075
0.954378
1.3263
1.45232
1.04998
0.880544
1.01971
1.06668
0.844873
1.30882
0.757624
1.46089
1.39183
1.38205
1.29383
0.936269
1.04254
1.53619
0.992087
0.807536
1.48978
1.45148
1.19765
1.35514
0.789889
1.53635
1.20091
0.935585
1.04599
1.05511
1.51217
1.52931
1.12337
1.52867
1.56192
1.54882
1.56499
1.08653
1.49206
1.44633
1.45122
1.21028
1.43305
1.47734
1.44839
1.26125
1.49241
1.12695
1.0912
0.397919
1.55477
1.08928
1.52476
1.37596
1.18839
1.21168
1.23182
1.33946
0.939702
1.16239
1.31692
1.23977
1.2624
1.54868
1.4868
1.55725
1.21022
1.42637
1.37335
0.697153
1.32757
1.37568
1.0874
1.39114
0.669917
1.13774
0.908302
0.889209
1.50834
1.51131
0.517161
1.19262
1.12767
1.41152
0.515831
0.870007
0.549744
1.41329
1.32662
1.00878
1.28932
1.35158
1.01892
0.982089
0.875963
0.990205
1.2419
1.12961
1.40289
0.86378
1.52311
1.01404
0.966898
0.991237
1.43616
0.698164
1.42434
0.830221
1.45143
0.806768
1.23951
1.4298
1.36597
1.41381
1.32171
0.437028
0.93942
1.24216
1.12127
0.719239
0.971419
1.30674
0.950418
1.33902
1.18317
0.758255
1.48489
1.02562
1.50195
1.23945
0.742504
1.49541
1.50933
1.19252
1.33259
1.54276
1.48886
1.07333
1.53972
1.52959
0.982105
1.49963
1.12438
1.20862
1.54594
0.918131
1.39385
1.39645
1.10586
0.972934
0.921724
1.40054
1.28475
0.585896
0.749107
1.49975
1.23127
1.31534
1.09765
0.965934
1.13771
1.34513
1.08651
0.752835
0.761445
1.38597
0.844631
1.4334
1.38448
1.01792
1.09182
1.0489
1.51382
1.07099
1.54711
1.20244
1.25381
1.06348
1.28073
1.45494
1.16783
1.02107
1.43124
1.40726
0.799715
1.18869
1.01935
1.36201
0.923577
0.309942
1.18884
1.45881
0.945831
1.56311
1.19318
1.50605
1.42307
1.49354
1.16929
0.606697
1.52158
1.44639
1.22735
1.11207
1.4902
1.51046
1.47856
1.26465
1.37764
1.00496
1.4294
0.631999
1.44725
0.763606
1.0069
1.44147
1.13394
1.06173
0.687352
1.47607
1.46918
1.21491
1.51544
1.3096
1.19593
1.4561
1.54394
1.48644
0.978777
0.886625
1.27592
0.877946
1.04776
0.869171
0.804613
1.31679
1.53319
1.39036
1.39196
0.654844
1.14448
1.5509
0.673078
0.606723
1.37422
1.46843
0.795972
1.51277
1.29517
1.39094
1.45933
1.38653
1.40639
1.27506
1.47016
1.12219
0.568321
1.38951
1.31566
0.898283
0.888393
1.16354
1.00393
1.10638
1.50483
1.41869
1.36413
1.5465
1.35014
1.17478
0.475445
0.908882
1.22022
1.01866
0.755448
1.1775
0.761217
1.29142
0.954967
0.84036
1.32238
1.47001
1.4334
1.24716
1.23117
1.00576
0.602268
1.33808
1.48415
0.817607
0.800572
1.20285
1.08566
1.07959
1.18121
0.996747
1.50801
1.54137
1.0613
1.56991
0.970873
1.16879
1.11529
0.814344
0.859479
1.34626
1.23879
1.04772
1.56201
1.37279
1.24559
0.919823
1.15198
0.811966
1.10596
1.30346
1.53221
1.51908
1.3125
0.796893
1.08371
1.21064
1.39614
1.22547
1.51428
1.5669
1.4084
1.47614
1.46016
0.873909
1.06218
1.33026
1.22917
1.18403
1.30536
1.10388
1.25797
0.882828
1.31181
1.56198
1.40512
1.26004
1.1804
1.52122
0.95015
1.07093
0.736126
0.923117
1.45823
1.43901
0.953904
0.93668
1.05478
1.28858
0.912214
1.48806
1.55487
1.43753
1.21875
0.856178
1.15299
1.38448
1.52021
1.38348
1.41166
0.824472
1.27825
1.56164
1.30131
1.28328
1.38485
1.33479
1.28202
1.52464
1.43158
0.821412
