1.27283
1.34632
0.854007
0.459698
1.08768
0.848712
0.902977
0.752731
1.13575
1.32514
1.42637
1.21758
0.412517
1.49235
1.54583
1.26995
1.56646
0.73126
0.94128
0.720312
1.12008
1.55789
1.21077
0.770524
1.09388
1.41341
1.33723
1.02443
1.39574
1.34419
1.46025
1.02392
0.58125
1.43322
1.37901
0.998977
1.40246
0.736369
1.22203
1.29081
1.35297
1.20294
1.27627
1.32429
1.23609
0.842448
1.13117
1.26087
1.17435
1.25329
1.18955
1.1258
0.862054
1.20913
1.35483
1.42458
1.34992
1.39317
1.02371
1.42526
1.50376
0.800149
0.807271
1.17025
1.01847
0.831572
1.41369
1.33455
0.941819
0.760728
1.3275
1.2553
0.866311
1.06815
1.28086
1.51095
1.1192
0.760591
1.23266
1.10346
0.895829
1.41576
1.43266
0.998423
1.37328
0.785301
1.02213
0.989546
1.28592
1.26377
1.31947
1.05417
1.34713
1.01639
1.31408
1.25484
1.5283
1.15086
0.766681
1.09328
0.345204
0.960338
1.03365
0.885338
0.900577
1.05479
1.13261
0.937857
1.21156
1.12462
1.55551
1.54732
1.40617
0.768934
1.29666
1.24775
1.44584
1.21455
1.55444
1.3393
1.52329
1.47099
1.55428
1.33026
0.637988
1.28989
1.55213
0.988372
1.34773
1.18771
1.31736
1.21136
1.21306
1.3592
1.24351
1.17541
1.52775
1.44421
1.45368
0.998496
1.17723
1.20548
1.39938
1.15185
1.14891
1.35052
0.973913
1.19587
1.21784
1.49088
1.32158
0.890512
1.49361
1.3065
1.19329
1.3986
0.8941
0.971871
1.15831
1.00973
1.34009
1.39878
1.22508
1.05485
1.53853
1.36054
1.37366
0.528073
1.02444
1.03005
1.04367
0.794277
1.06256
1.46182
1.23783
1.24093
0.846955
1.52056
1.00836
1.05255
0.793892
1.33943
1.20976
0.679878
1.37857
1.49288
1.4992
1.09065
0.858062
1.44716
1.56936
1.3213
1.2476
0.711313
1.2113
1.47077
1.24016
0.770551
1.41594
1.56382
1.38823
1.01074
0.629719
1.11656
1.22463
1.19396
1.24527
1.54211
1.16649
1.2502
1.06117
1.21701
1.37929
1.49627
1.37433
1.21225
1.29494
0.703857
1.42465
1.4199
1.21064
1.1655
1.33316
1.4226
0.85981
1.56481
1.39093
1.41112
1.36169
1.46519
1.47164
1.45687
0.92682
1.48487
1.23809
1.36974
1.31972
1.16145
1.52621
1.45512
1.20048
1.38982
1.37659
0.825492
1.29818
0.459433
1.4636
0.839484
1.18106
0.635227
1.27513
1.33642
1.18547
1.29776
1.11235
0.761397
1.19955
1.1866
1.56506
1.56387
1.50251
1.20738
1.06864
1.53667
1.11757
1.5324
0.895528
1.01706
1.52898
0.570072
0.959759
1.264
1.33369
1.06114
1.21429
0.704944
1.47945
1.53368
0.888797
1.33406
0.764038
1.17742
1.31856
1.34866
1.18562
1.00594
1.0806
0.877802
0.894411
0.813912
1.02428
1.27174
0.89768
1.22933
1.51521
1.46719
1.30378
1.04049
1.4872
1.29548
1.36369
1.03347
1.04118
1.32296
1.56692
1.28419
1.13811
1.20499
0.908774
0.917042
1.53658
1.35486
1.27781
1.3166
1.38566
1.19244
1.49002
1.22667
1.38988
1.16378
1.44027
1.11568
1.42349
1.00531
1.32435
1.54846
1.56149
0.954463
0.474185
1.49877
1.36108
1.41926
1.33792
1.12497
1.51883
0.915055
0.96001
1.33893
1.16703
0.820822
1.55889
1.20418
0.904529
1.24529
1.28242
1.22982
0.554977
1.25182
1.36879
0.904282
0.899089
0.935062
1.38321
1.16078
1.49961
1.21741
0.874172
0.605996
1.1138
1.06333
1.48833
0.901128
1.36961
1.36905
1.40638
1.38932
1.07607
0.753049
1.36426
1.38218
1.15335
1.2727
1.37853
1.22989
1.08438
1.23189
0.639235
0.728092
1.18486
1.299
0.803188
1.34673
1.25305
1.42693
1.334
1.27331
1.19612
1.39497
1.15232
1.16312
1.28899
1.36743
0.695913
0.96435
1.4955
0.748911
1.34676
1.53386
1.42779
1.26436
1.3641
1.5236
0.872023
0.920606
1.3941
1.40682
0.988807
1.33095
1.34629
0.982454
1.37209
0.863834
1.47
1.50737
1.11484
1.23065
1.52088
1.45635
0.712542
1.34033
1.42773
1.2864
1.50733
0.960966
1.34664
1.06727
0.915928
0.818448
1.28888
1.25278
1.50954
1.53375
0.886959
1.46814
1.30289
1.26621
1.07971
1.33347
1.26183
1.52736
1.35101
1.00574
0.793886
1.51758
0.946067
1.33667
1.18275
1.54275
1.16866
1.50758
1.56274
1.14468
0.899776
1.54424
1.36001
0.718043
0.371117
1.45524
1.55142
1.39819
1.29351
1.49036
1.23572
1.22463
1.41273
1.34794
1.53218
0.725846
0.811871
0.967917
1.25214
1.33303
1.31067
0.973851
1.4363
1.48169
1.1417
1.2257
0.841946
0.763317
1.01882
1.53197
1.02311
1.45246
1.08433
1.16172
0.932847
1.54858
1.39453
1.03698
0.994101
0.970973
0.496492
1.31559
1.5418
0.999814
1.49767
0.734703
1.14288
1.10846
1.27261
1.40388
0.907977
1.37209
1.46578
1.536
1.54342
1.42249
0.953454
1.51697
0.929089
1.26451
1.5581
0.605635
1.41594
1.36238
0.998099
1.48808
1.47979
1.52464
1.41199
1.0222
1.30865
1.52196
1.28856
1.54284
1.02458
1.40231
0.998336
1.1006
1.01074
1.49694
1.16968
1.38505
0.943406
1.40789
1.45727
1.42543
1.3522
1.21787
1.43059
1.37198
1.31078
1.19314
1.29104
1.52836
1.48365
1.54943
1.28157
1.48322
1.33252
1.16039
1.36489
0.854981
1.3492
1.30302
1.44645
0.795385
1.16749
1.42465
1.20264
1.56134
0.782923
0.803206
0.611087
0.924727
1.53521
1.51578
1.4566
1.31988
1.54986
1.51895
1.06236
1.09031
1.05079
1.24467
1.21583
1.1049
0.830672
1.03056
1.46218
1.36425
1.54498
1.16338
1.46141
0.710076
1.1655
1.50679
1.25734
1.24487
1.55236
0.977433
1.42434
1.53279
1.07725
1.48855
1.22523
1.56555
1.31297
0.630256
1.40822
1.04854
1.32019
1.28465
0.457275
1.24677
1.06559
1.46489
0.587693
1.41421
1.55255
1.51639
1.33865
1.1729
1.01252
0.810483
1.49705
1.49679
1.33005
1.50997
1.21472
1.45098
1.53527
1.50459
1.38231
1.12597
1.21605
1.29446
1.48279
1.03326
0.944163
1.48114
1.44082
1.44141
1.50514
1.12617
1.44108
1.52115
1.24033
1.39475
1.54293
0.894887
1.09892
1.05056
1.20154
1.34402
1.26016
0.978845
0.991954
1.00342
1.09971
0.975713
1.1776
1.40145
1.54672
0.949287
0.86094
1.37101
1.48861
0.999948
1.48518
1.56573
1.53832
1.39681
1.44076
1.20294
1.36339
1.05302
1.36095
1.23786
1.55667
1.3143
1.07119
1.26561
1.11013
1.09237
1.52225
1.03175
0.911904
1.41026
1.30059
0.828932
0.834142
1.23643
1.42499
1.34586
0.890258
1.13882
1.39292
0.743162
0.744622
1.23039
0.952048
1.39174
1.22528
1.16444
1.01816
1.17618
1.31717
1.11132
1.31133
1.24261
1.28576
1.41881
0.931602
1.06409
0.788314
1.03332
1.04551
1.2706
1.30748
0.984641
1.41984
1.3828
1.34225
1.29982
1.46353
0.873128
1.32916
1.26413
0.780193
1.4165
1.15719
1.27576
1.39949
1.12922
0.931667
1.39512
1.12041
1.44418
1.05492
1.12682
1.4932
1.20627
1.00355
0.669441
1.33095
0.907161
1.18498
1.3915
0.889175
1.47345
1.31959
0.800004
1.15665
1.27755
1.41733
1.49633
1.52207
1.49421
1.50061
0.872685
1.06076
1.55635
1.17717
1.50456
1.28853
1.16916
1.43396
1.03091
0.850819
1.06522
1.26835
1.08769
1.43494
1.49779
1.01043
1.00652
0.841992
0.807714
1.04937
0.903852
1.52809
1.28408
1.31515
0.977151
1.44295
0.991577
1.24865
1.42612
0.77594
0.649469
1.24833
1.29212
1.39608
1.17845
1.06222
1.34557
1.09895
1.53954
1.06596
1.08233
1.25297
1.50186
1.35345
1.37469
1.30006
1.14757
1.44232
1.22484
1.30055
1.48475
1.36375
1.33987
1.09566
1.52012
1.15248
1.48863
1.39295
1.44245
1.46975
0.9823
1.41391
1.01231
1.14757
1.1049
1.51822
1.39584
1.29294
1.32594
0.75707
1.36538
1.21377
1.05627
1.39199
1.2549
1.07537
1.2721
1.03397
0.831053
0.990016
1.52219
1.32006
1.30998
0.942912
1.40237
1.14496
1.12806
1.1371
1.27251
1.48083
0.682163
1.36587
1.33369
0.839586
0.620373
0.68775
1.1232
1.06455
1.11029
1.33271
1.38842
1.35245
1.264
1.32341
0.817253
1.25376
0.803398
1.31364
1.05099
0.820543
1.01162
1.30252
1.25945
1.55749
1.42847
0.80228
1.35576
0.818534
1.39932
1.33679
1.22546
0.549952
0.846671
1.42727
1.4071
1.51672
1.16684
1.07608
1.19659
1.33127
1.48328
1.49782
0.549836
1.32127
1.09943
1.37938
1.21932
1.54223
1.18245
1.40588
0.912049
1.4789
1.1718
1.53359
1.53093
1.3736
0.908107
1.32844
0.955374
0.918746
1.38007
1.40865
1.33839
0.856142
1.22385
1.35364
1.51956
0.516084
0.934174
0.64684
1.40417
1.00094
0.907344
1.39759
1.5614
1.09057
1.16803
1.56433
1.43978
1.21767
0.921766
1.49847
1.37739
1.34651
1.03518
1.22526
0.918454
0.939475
1.12754
1.36528
0.622022
1.45469
1.10947
0.655062
1.43759
0.556762
0.896505
1.18837
1.23732
1.24429
1.04047
1.4413
1.37023
0.798248
1.29196
1.41835
1.24892
1.27688
0.985589
0.950445
1.2548
1.54676
1.10203
1.09526
1.17573
1.23999
1.00811
1.35448
1.44615
1.37573
1.36463
1.41922
1.44239
0.637481
0.778301
0.745863
1.4415
1.53942
1.2419
1.13969
0.967736
1.44289
1.23589
1.47574
0.972572
0.831867
0.942644
1.13964
1.39278
1.34553
1.30574
0.884411
1.5316
0.882507
1.07834
1.40747
1.11869
1.17694
1.38162
1.51712
1.4058
0.968006
1.3665
1.33136
1.05223
0.922414
0.837034
1.47237
1.3592
1.56103
1.35505
0.924577
1.55102
1.38345
1.2674
1.4163
1.03659
1.26269
1.19349
1.54607
1.49284
0.985726
1.56945
0.849617
1.54658
1.23027
1.41378
0.679072
0.893367
1.28252
1.18007
1.03866
1.52091
0.661571
0.820122
1.1956
1.0516
1.1887
1.46172
0.798263
0.82404
1.56213
1.41946
1.42792
1.48858
1.40172
1.36312
1.37957
1.05275
1.32661
1.48102
1.39813
1.30083
1.10492
1.48537
0.982592
0.833448
1.32057
1.00184
0.968402
1.44497
1.31035
1.52427
1.28716
1.50605
1.30771
0.878951
1.27902
1.12523
1.1047
1.50624
1.30409
1.2925
1.45663
1.12425
1.39127
0.99121
1.14153
1.2956
0.637565
1.55015
0.731289
1.09607
0.990718
1.1521
0.917836
1.37689
0.869911
1.4297
1.21339
0.841195
0.993018
1.33926
1.38915
1.19442
1.23532
1.47397
1.39081
1.31433
0.980971
1.49986
1.45705
0.892435
0.987184
1.46826
0.905701
1.21277
0.769648
1.07255
1.19414
0.554057
1.51908
1.42736
1.05557
1.3235
0.661501
0.520662
1.01642
0.913512
1.29599
1.0862
0.860995
1.07545
1.14342
1.29507
1.42017
1.47429
0.833804
0.553414
0.829828
0.56287
1.43938
1.50199
1.24164
1.44099
1.40865
1.47231
1.26818
0.985638
1.4479
1.12882
1.42853
1.56095
1.0796
1.08452
0.4014
1.26617
1.47918
0.614505
1.3065
1.27551
1.11499
1.51721
1.32309
1.36226
1.10828
0.940105
1.39794
1.38678
0.922204
1.36182
1.51165
1.41644
1.43673
1.44221
1.47938
1.07599
1.50564
1.41637
1.38076
1.08889
1.05875
1.0099
1.46163
1.05498
1.01114
1.36639
0.978338
1.43938
1.15679
1.51516
1.49816
1.5104
1.21092
0.451091
1.13932
1.44599
1.41619
1.20432
1.0131
1.27512
1.54571
1.56304
1.27478
1.28004
0.833975
1.36725
0.439899
1.56228
1.17796
0.928094
1.11812
1.22476
1.47452
1.26607
1.21767
0.694064
1.05782
1.43211
0.658769
1.00948
1.43845
0.659649
0.800278
0.851741
1.46571
0.836291
0.881709
1.40747
1.01601
1.00125
0.991461
1.48074
1.02664
1.23041
0.668857
1.07946
0.961304
1.41923
1.12563
1.1046
1.52539
0.911934
0.931434
1.37733
1.16308
1.48218
1.26823
1.22677
1.54491
0.667713
1.33877
1.32788
1.07589
1.42659
1.18989
1.48696
1.13901
1.09456
1.42668
1.28958
0.722937
1.22943
1.18027
0.542966
0.840945
1.54583
1.1958
1.44771
1.54803
1.3721
1.45716
1.56811
1.04138
1.3763
1.29827
1.33466
1.25612
1.30549
1.33817
1.24293
1.35044
0.835334
1.49786
1.29697
0.931972
1.05942
1.48429
1.16782
1.04322
1.02274
1.48824
1.54836
1.16392
1.45924
1.22145
1.32045
0.977827
1.08355
1.34679
1.40017
1.1064
1.13436
0.529014
1.05193
1.00705
1.54529
1.22463
1.20483
1.27011
1.55132
1.15873
1.254
1.51366
1.55297
1.14836
1.14904
1.08159
1.44931
1.36095
0.874178
0.747054
1.30903
1.13791
0.96932
1.38448
1.01648
1.49421
1.03916
0.812835
1.35701
1.00479
0.779252
1.50758
0.935625
1.51458
1.42564
1.15465
1.39276
1.55334
1.34125
0.880826
1.31422
1.37509
1.49934
1.36568
1.20062
1.48515
1.31616
1.20058
1.43993
1.35308
1.36069
0.88427
1.46489
1.26254
1.42539
1.42767
1.36954
1.16093
1.18989
1.17241
1.28497
1.39995
1.24177
0.582642
1.29764
1.00054
1.46791
1.44116
1.56004
1.21488
1.37444
1.32979
1.17128
1.41829
1.48457
1.31913
1.52451
1.53971
0.893633
1.16882
1.24995
0.480417
1.31773
1.38053
1.52543
1.1916
1.35695
1.0036
0.842827
0.595366
0.723715
1.40816
0.811396
0.885764
0.639356
1.35414
1.23726
1.52283
0.979252
0.584049
1.45017
1.02487
1.53185
0.95997
1.36441
1.35888
1.03223
1.53423
1.17547
1.39577
1.15785
1.07867
0.999371
1.31029
1.37298
1.38976
0.970082
1.02721
1.31862
1.31445
1.09466
0.803069
0.77099
1.0949
1.27461
1.25843
1.27716
0.909364
1.1272
1.24886
1.00116
1.08655
1.23832
1.13283
1.32492
1.00992
0.809558
0.71952
1.13528
1.48481
1.01488
0.940315
1.31786
1.35227
0.844473
1.15108
0.919521
1.27879
1.42428
1.25291
1.45572
1.52363
0.857942
0.996824
1.0916
1.04601
1.37864
1.35114
1.16396
1.14376
0.334561
1.31359
1.16089
0.980682
1.1495
1.24385
0.745166
1.28939
1.31326
1.02906
0.984827
1.26899
1.1272
1.52516
1.18059
1.12733
1.3319
1.53548
0.924661
1.03028
1.14851
0.974647
0.806279
1.50006
1.31086
0.809631
1.23785
1.42863
1.00248
1.47081
1.55212
0.72556
1.28427
1.4467
1.04508
0.79968
1.5218
1.24354
1.41607
1.50859
1.20706
1.49455
0.93853
1.0863
1.23189
1.31667
1.3451
0.700011
0.748848
1.14901
0.771178
1.47059
1.39534
0.739754
1.47209
1.19214
1.4902
0.845536
1.3047
1.4557
1.26439
1.39822
1.55697
1.22184
1.45708
1.51976
1.44988
1.0517
1.10566
1.43935
1.41647
1.04866
1.3998
1.46114
0.904601
1.51183
1.53223
1.47108
1.07798
1.00827
1.43149
1.46525
1.23803
1.43907
1.06348
1.07813
1.21781
1.557
1.36452
1.00837
1.42471
1.10733
1.53502
0.561621
0.847824
0.397061
1.52206
1.52335
1.41656
1.55938
1.45143
1.34225
1.54455
0.985172
1.10279
1.23267
1.05682
1.33391
0.940296
0.894568
0.78229
1.19799
1.015
1.0728
1.3518
0.944243
1.38616
0.630821
1.39292
1.13838
1.36038
1.37721
1.36696
1.51021
1.32448
0.9777
1.37316
0.850008
1.01184
1.07869
1.16105
1.41583
1.3482
1.53563
1.31407
1.49379
0.915306
1.3981
0.909
1.04868
1.34983
0.991842
1.51547
1.40857
1.18841
1.4323
1.32767
0.857788
0.835309
1.30729
1.42995
1.54195
1.56823
1.26204
1.34482
1.20418
1.05201
1.2559
1.43155
1.00006
0.960342
1.35761
1.36619
1.41718
1.10736
1.39902
1.15415
1.31382
0.786645
1.48751
1.48977
1.02991
0.372746
1.00929
1.51009
1.1169
1.41483
1.41367
1.03326
1.54571
1.47841
1.04443
1.47414
0.718381
1.29063
1.13407
1.13599
1.48343
1.19931
1.41617
1.40178
0.986108
0.843086
1.21234
1.31455
1.36835
1.19632
1.25463
1.3941
1.5683
1.15972
1.45414
1.51012
1.39535
1.54479
1.34544
1.19513
0.449008
1.10603
1.24485
1.32149
1.55834
1.44135
1.31117
1.24763
1.01681
1.52494
1.54612
1.34682
0.640003
1.18281
1.30856
1.22742
0.951081
1.11757
1.35496
1.46992
1.01589
0.62518
1.14936
1.07001
0.997837
0.778927
1.10879
1.53675
1.0814
0.821724
1.23828
1.42391
1.51678
1.53203
1.4959
0.777033
0.559963
1.54366
1.56756
1.42093
0.908343
1.39156
0.718742
1.19868
0.83204
0.902829
1.3959
1.28461
1.51296
0.9513
1.29941
0.795128
1.0744
1.0631
1.47157
1.46212
1.33899
1.22028
1.55052
1.34626
0.558262
1.13892
0.473668
1.19927
1.56826
0.685767
1.22931
0.891262
1.22875
1.0662
1.50648
1.41106
1.17135
1.07662
1.44967
0.71954
1.22236
1.18974
1.49268
1.52317
1.24603
1.52432
1.41353
0.790264
0.917295
1.33566
1.40518
0.890063
1.42323
1.25079
1.54788
1.49443
1.5089
0.827442
0.538481
1.40069
1.20143
1.38532
1.11717
1.47016
0.411686
0.962997
0.928913
1.42384
1.15994
0.949154
1.47062
0.940844
1.26906
0.932448
1.43322
1.36194
0.642333
0.828707
1.50813
1.42699
0.878198
1.18311
1.29408
0.808054
1.35673
1.13871
1.54394
1.36949
1.56167
1.52543
1.42335
1.40327
0.996943
1.39385
0.54757
1.07325
1.45626
0.641328
1.18861
1.31342
1.54403
1.38913
1.46663
1.32846
1.31963
1.03756
1.07114
1.15132
0.835542
1.23418
1.04378
1.53672
1.11349
1.2656
0.504122
1.42243
0.59067
1.49345
1.32847
1.01856
1.38497
1.13343
1.35114
1.16112
0.721674
1.20048
1.33955
1.34787
1.34422
1.52038
1.27174
0.993872
1.21286
1.25111
1.49885
1.18768
0.934095
1.23866
1.5429
0.842342
1.13219
1.4804
0.930853
1.29884
1.41934
0.953848
1.27495
0.767295
0.902747
1.27876
1.31809
1.45377
1.17203
1.31476
0.985149
1.48823
0.799404
0.906029
1.16365
1.29732
1.31323
1.4861
1.23105
1.48671
0.97721
1.21084
0.78637
1.53148
1.21803
0.822288
1.25856
1.50752
0.986983
1.3683
1.46358
1.37382
1.49504
0.929049
1.53108
1.3665
1.53081
1.31452
1.44208
1.10217
1.12138
1.35334
0.762699
0.884378
1.46838
1.26881
1.40803
1.4782
1.4407
1.50233
1.40361
1.44328
1.42927
1.50287
1.32376
1.01057
0.952569
0.902518
0.717582
1.29231
1.40314
1.552
1.50981
0.985381
1.28894
1.29959
1.11403
1.14838
1.29206
1.40661
0.748198
1.18139
1.55058
1.41514
1.56819
1.56494
1.23014
0.720125
0.747389
1.1093
1.09368
0.864677
1.43297
1.47832
1.11138
1.46065
1.26893
1.20366
1.35823
1.09402
1.10976
0.738032
1.16325
1.43333
1.24628
1.17452
1.55926
1.55932
1.46206
0.90929
1.44894
1.04705
1.07697
1.43919
1.25609
1.19304
1.47087
1.20516
1.53337
1.48837
0.745042
1.48984
1.173
1.49449
1.10814
0.578567
1.01467
1.35564
1.34388
1.41471
1.50767
1.46452
0.787533
0.768566
0.658468
1.28703
1.49229
1.50787
1.29383
1.51675
0.774479
0.924336
0.961667
1.03963
0.909029
1.27264
1.36891
1.1034
1.01789
1.56744
1.2097
1.33425
1.5603
1.14968
0.949054
1.50712
1.19331
0.540717
1.18626
1.0925
1.3102
0.964594
0.884532
1.53178
1.52812
0.953167
1.47081
1.51419
1.18264
1.00394
0.698018
1.01244
1.09611
0.8723
0.911129
1.43238
1.44319
1.51963
1.49532
1.08482
1.40178
1.36837
1.4853
1.42218
1.50202
1.31931
1.36622
0.798379
1.40531
1.56058
1.21273
1.26413
1.46501
1.45481
1.25856
1.54896
1.55071
1.19064
0.797769
1.121
1.34497
1.28029
1.41184
1.05774
1.19789
1.26573
1.31808
1.46415
0.812767
1.38287
0.999374
0.93879
1.37203
1.20728
1.15477
1.54327
1.40064
1.05164
0.389723
0.929208
1.20627
1.34643
0.718635
1.32287
0.695735
1.28768
1.04377
1.30486
1.46317
1.46108
1.00047
1.51019
1.20029
1.19697
0.959686
1.27952
1.30435
1.47869
1.49124
1.49247
1.10094
0.991042
1.30991
1.29097
1.45635
1.21162
1.01997
1.0988
0.980158
1.47105
1.26995
1.4483
1.29906
1.51932
1.54449
1.36731
0.870643
1.46645
1.40134
1.14998
1.26664
0.672214
1.03886
1.01619
1.29415
0.570415
1.03034
0.706348
1.27011
1.49486
1.50474
0.907054
1.43587
1.51247
1.16258
1.31635
0.950217
1.09201
1.31888
1.05802
1.34656
0.968574
1.16157
0.861812
0.976559
1.54635
1.1669
1.35345
1.40481
1.40624
1.20624
0.813936
1.18554
1.53105
1.27832
1.12196
1.06166
1.51361
1.54925
0.606788
0.882869
1.26874
1.07176
1.14564
1.20222
1.55459
1.26307
0.675145
1.3594
1.31912
1.22236
1.44128
1.08878
1.44175
1.20026
0.802128
1.39388
1.03524
0.86065
1.40987
1.26567
1.35132
1.35345
1.3224
0.983046
0.696069
1.41054
1.47617
1.52916
0.316973
1.4403
1.56655
1.38494
1.08002
0.603499
1.19606
0.905169
1.2029
1.53301
1.14181
1.56463
1.5646
1.33581
1.07335
1.50538
0.970292
1.19206
0.992268
0.802193
1.40351
1.37363
1.33115
1.12766
1.08759
1.55236
0.368485
1.55876
1.06298
1.54594
1.48172
1.19871
1.54266
1.00265
0.991705
1.22626
1.44058
1.57067
0.972841
0.674251
1.2503
1.14187
1.32364
0.776445
0.903822
1.20366
0.644549
1.24776
1.49571
0.980572
1.43827
1.24351
1.22099
0.77835
1.05535
0.662706
1.13201
1.54125
0.845167
1.50293
0.948834
0.510806
1.27084
1.32397
1.24162
1.08019
1.40444
1.27257
1.51211
1.3923
0.592784
0.873197
0.793339
1.05121
1.13737
1.38833
0.778058
0.764166
1.53579
1.15667
1.07853
0.984477
1.05402
1.26205
1.13414
1.32088
1.53456
1.5301
1.36254
1.30732
1.47905
0.737179
1.43711
1.10143
1.41149
1.09828
1.43177
1.37966
1.02317
1.33453
1.41943
0.83143
1.46955
1.00058
1.17293
1.24423
1.54047
1.1768
1.19486
1.39109
1.19462
1.16683
1.15277
1.54546
0.985994
1.0373
1.55676
1.39224
1.40877
1.15495
1.53492
1.41545
1.24637
1.5445
1.50978
1.17565
1.51361
1.328
1.35058
1.51737
0.979131
1.09868
1.34558
1.45085
0.828416
1.56778
1.24804
1.51594
1.32914
1.54174
1.44104
0.874071
1.16643
1.29351
1.42889
1.48442
0.873673
1.42518
1.10266
1.55202
1.33711
1.5343
1.35775
1.17815
1.52323
1.14637
1.39416
1.34582
1.18116
1.18838
1.4037
1.35842
0.912767
1.10081
0.858662
0.581477
1.4647
1.37291
1.19284
1.18112
1.35732
1.26362
1.09644
0.939557
0.84908
1.25696
1.22361
1.16085
1.54006
1.33943
0.391556
1.51442
0.955896
1.31515
0.934162
1.20077
1.50605
1.38094
1.44907
1.23474
0.89878
1.43827
1.49271
1.40224
1.52751
1.45813
1.16803
1.48861
1.11707
1.08957
1.02507
1.07107
1.22065
0.983394
1.11839
1.37067
1.18344
1.27251
1.52986
1.36861
1.23799
1.20287
1.54774
0.498605
1.24058
1.29554
1.24158
1.17062
1.46423
1.43654
1.22304
1.3801
1.02964
1.23926
1.44635
1.21189
0.927936
1.32364
0.918936
1.25323
1.22509
0.777705
1.19111
1.49284
0.884086
1.09854
1.34675
0.971463
0.978027
1.22281
1.30656
1.35408
1.28583
1.53817
1.18831
0.812441
1.11634
1.35026
1.42428
1.39559
1.46507
1.47216
1.21527
1.32964
0.555761
1.56964
1.0205
1.39922
1.514
1.02612
1.55981
1.00321
1.23147
1.21181
0.953742
1.38996
0.979565
1.52521
1.45272
1.50746
1.36765
1.02137
1.34901
1.5605
1.41273
1.28481
1.11098
1.42545
1.02242
1.04624
1.14743
1.5465
1.38224
0.896595
1.49593
1.31812
0.725483
0.702574
1.56781
1.22904
1.44455
1.3635
1.56974
1.44054
1.27335
1.11417
0.907494
1.25925
1.43519
0.686602
1.49002
1.41736
1.43531
1.20048
0.975277
1.04445
0.992837
1.56976
1.07863
1.29345
1.23854
1.02933
1.51009
1.07938
1.28394
0.797566
1.04354
1.12128
1.24396
1.15566
1.52769
1.56594
0.72164
1.3052
0.666984
1.55938
1.32108
1.40541
1.38889
1.23964
1.12934
1.47277
1.31298
1.42583
1.07864
1.14981
1.29494
1.1864
1.09902
1.33761
1.41446
1.54925
1.31181
1.24409
1.20895
1.36899
0.769107
1.36045
0.815767
1.32118
0.830713
1.31193
1.50911
1.01108
1.29182
0.909508
1.20804
1.42696
1.09586
1.01863
1.11385
1.42967
1.3341
1.32665
0.972832
1.08113
1.37889
1.11139
1.491
1.32882
1.49599
1.16577
1.22158
1.12865
1.0719
1.3028
1.43155
0.761472
1.56414
1.28386
1.49879
1.2871
1.0576
1.43691
1.33924
1.55551
1.51016
1.23276
0.602873
1.04984
0.941456
1.31424
1.09363
0.988222
1.38291
0.707683
1.21266
1.38622
1.34701
1.27861
1.29862
1.46967
0.911123
1.11628
1.30017
1.50098
1.54272
1.19462
1.25509
1.28112
1.34551
0.920596
1.13481
0.932208
1.25782
1.26125
1.0068
1.40587
1.26266
1.34012
0.829416
0.941443
1.28659
1.52598
0.949122
0.762084
1.48506
1.30476
0.992212
1.00537
0.905011
1.34206
0.95497
1.55726
0.81416
1.22677
1.44687
1.17386
1.1664
1.11274
1.14964
0.836978
0.620192
1.55095
0.818836
1.44721
1.19835
1.11584
1.31825
1.34382
1.42835
1.48267
1.38094
1.50225
1.37755
1.22762
1.28675
1.06375
0.902775
0.896141
1.24886
0.992823
1.29237
1.41423
1.54181
1.06071
1.56463
1.52268
1.56155
0.420695
1.52021
0.774497
1.43968
0.601087
0.867158
0.85513
1.14603
1.191
1.50648
1.55084
1.03094
1.51926
1.26605
1.03909
1.2337
1.35876
1.49682
1.19953
1.1213
1.33246
1.46
1.51639
1.22911
1.18778
0.822701
1.02441
1.16796
1.51064
1.25162
0.916432
1.52445
1.43051
1.26836
1.51755
0.849156
1.34492
1.33034
1.07276
1.3149
1.05584
1.35189
1.32574
0.764192
1.494
0.8157
1.36211
1.14361
1.38461
1.37804
0.945357
1.51043
1.5236
1.20136
1.32385
0.862211
1.22665
1.37628
1.51046
0.951116
0.912917
1.31873
0.719696
0.835899
0.896371
1.06667
0.706932
1.27576
0.720005
0.957714
1.38659
1.38758
0.9717
1.03333
1.56582
1.00586
0.90927
1.37346
1.40333
1.38963
1.32824
1.44208
0.87389
1.42017
0.985636
1.46783
1.04104
1.21967
1.29478
1.32485
1.46967
1.40466
1.24384
1.46734
0.689373
1.54664
1.55902
1.19976
1.54632
1.06201
1.14415
1.50049
1.47905
1.02392
1.04229
0.67589
1.36488
1.52879
1.54369
0.71236
0.918678
1.40029
1.52977
1.30314
1.22372
1.06382
1.06029
1.52641
1.33796
1.5427
1.02492
1.45512
1.00046
1.46887
0.973177
1.46739
1.06333
1.27116
1.14583
1.55709
0.720865
1.30937
1.54638
1.38535
1.00278
1.15084
1.33391
1.04749
1.08992
1.54259
1.42702
0.613189
1.34704
1.43876
1.32781
1.08734
0.863428
1.01675
1.4268
1.07441
1.0843
1.52482
1.39292
1.48432
1.29069
1.56095
1.20477
1.35207
1.24777
0.862074
0.886802
0.671335
1.31452
0.530751
1.0115
0.629479
1.05436
1.43519
1.48693
1.18864
1.56811
1.39819
1.25149
1.203
1.56768
1.41928
1.482
1.37618
1.3467
1.46323
1.30315
1.15251
1.25098
1.40087
1.44379
0.979435
0.816208
1.12624
1.18251
1.37104
1.41946
1.10849
1.45094
0.953982
1.24715
1.1165
1.40605
1.30818
1.17685
1.20454
1.20018
0.945596
1.56733
1.46614
0.749199
1.27889
1.31067
1.28958
1.03162
1.23146
0.931351
1.38299
1.27327
0.941571
1.28996
0.992676
1.49401
1.33115
1.48221
1.21395
1.09697
1.55039
1.10333
1.30621
1.43408
1.39596
1.3462
1.41736
1.06395
1.41453
1.24708
1.2032
1.31982
0.981679
0.945696
1.43137
0.913198
0.864715
0.97671
0.883026
1.29171
0.59179
1.37612
1.40008
1.45683
0.795633
1.10183
1.54556
1.28471
0.856561
0.927908
1.54797
1.38249
1.27873
0.946186
1.53637
0.894761
1.4515
0.97568
1.38321
1.46109
1.40524
1.04633
1.26016
0.938622
1.42286
1.38063
0.864237
1.35476
1.55064
0.712908
0.710485
1.2662
1.55509
0.942112
1.05173
1.45801
1.10074
1.40925
1.47547
1.22165
1.40902
1.1381
1.1334
1.52555
0.751874
0.846048
1.02892
1.44467
0.971597
1.39156
1.32586
1.44771
1.14938
0.710406
1.02764
0.868301
1.44483
1.34207
1.38044
1.32108
1.5265
0.971538
1.11057
1.45026
1.11574
1.47418
0.950812
1.31282
1.47844
1.07482
0.794368
1.03831
1.49804
1.07678
1.35189
0.93509
0.761953
1.03695
1.35264
1.02063
1.34196
1.30536
0.921084
1.00785
1.1879
1.16676
1.43876
1.13101
1.31706
1.26631
1.12259
1.26656
1.01871
1.28798
1.01143
1.18423
1.40534
1.51883
1.07086
1.01779
1.02933
1.46602
1.45213
1.24609
1.26625
1.48696
1.30521
1.04526
1.12016
1.56686
1.52311
1.52928
1.5096
0.598592
0.780059
1.51816
1.30764
0.847938
1.28917
1.4451
1.4902
1.55261
1.43074
0.966405
1.55273
0.671155
1.494
1.3621
1.04367
0.955107
0.91876
1.26746
0.881071
0.947488
1.50972
1.05162
1.46838
1.43617
1.27825
0.825335
0.799127
1.18007
0.936002
1.4755
1.38572
1.26054
1.01295
1.47553
1.23053
1.16856
1.34378
1.54504
1.48904
0.776695
1.51321
1.56491
1.29684
1.19317
1.15916
1.50593
0.986314
0.644527
1.45887
0.53688
1.55201
0.852267
1.27473
1.48765
1.06871
1.27276
1.24256
1.35483
1.43796
1.0728
1.17955
1.12365
1.03646
0.991145
0.900347
1.03639
1.08438
1.13198
1.40715
1.00857
1.4491
1.46814
1.26772
0.999807
1.54375
0.978135
1.11662
0.723648
1.33114
1.54278
1.45401
0.865584
1.03907
1.41037
0.447331
1.50171
0.888366
1.00017
1.24667
0.97759
0.429875
1.46372
1.45536
1.22554
1.34347
1.44085
1.42656
1.42387
1.44488
1.22327
1.54479
1.28086
0.617547
1.37674
0.862771
1.34065
1.41835
1.52085
1.28048
0.98786
1.16645
1.56536
1.18936
0.667748
1.48411
1.17472
1.15892
1.34385
1.43981
1.29928
1.34545
1.29707
1.11751
1.06375
1.04543
1.26304
1.15373
1.50374
1.22547
0.885139
1.49382
1.20908
1.44405
0.826112
1.48754
1.43537
1.00706
1.43716
0.539011
1.46399
0.95862
1.49786
1.56884
1.51223
1.55871
1.17214
1.38047
1.00038
1.04502
0.772308
0.767691
1.12455
1.10691
0.81103
0.595517
1.31136
1.21478
1.3219
1.43224
0.581405
0.870773
1.45598
0.849292
1.54559
1.21077
1.05669
1.19248
1.23618
1.03604
1.38671
0.926474
1.14736
0.683929
0.682397
1.26976
1.37688
0.90864
1.42039
1.50798
1.51532
1.44544
0.596802
0.940754
1.03582
1.07113
0.601342
1.54027
0.755953
1.51532
1.39465
1.53404
1.39633
1.54403
1.27296
1.326
1.49008
0.819291
1.51241
1.47669
1.53658
0.932898
0.748092
1.19875
1.14827
0.756584
1.22405
1.24441
1.36949
1.37656
0.899733
1.24099
0.72651
1.37814
1.20541
1.22274
1.39713
1.48567
0.552623
1.18481
1.39692
1.5407
1.41582
1.03801
1.40689
1.32849
1.17716
0.797909
1.48151
1.04476
0.686409
1.47856
1.03227
1.23467
1.03336
1.48218
1.00284
1.52079
1.21047
1.46053
1.4173
1.05115
1.30258
1.05328
1.46912
1.4804
0.973173
1.54864
1.5689
1.11641
0.935228
1.54702
0.728527
1.39391
0.445542
1.51547
0.376812
0.796722
1.30955
1.09263
1.42903
0.834166
0.858504
1.42292
1.44682
1.11926
1.42603
1.56939
1.01676
1.05247
1.28926
0.439344
0.592805
0.981127
1.12671
1.22852
1.11308
1.49369
1.1837
1.05613
1.39168
0.940929
1.33767
1.2503
1.39831
1.51755
1.2196
1.19685
0.606585
0.874915
0.604451
1.28496
1.04662
1.42243
1.39274
1.07437
1.54491
0.741564
1.15705
1.5078
1.29342
1.2964
1.19704
1.38243
0.678959
1.44239
1.36519
0.804569
1.45498
1.08961
1.40543
1.18995
0.972525
1.37923
1.35561
1.48855
1.30808
0.966715
1.37055
0.409981
1.53194
1.28811
1.10366
1.47055
1.55846
1.47608
1.36232
1.15518
0.692458
1.37298
1.30062
1.4313
1.50177
1.18821
0.889372
0.981636
1.06445
0.812053
0.947346
1.5375
1.55163
1.25907
0.901041
1.32366
1.55505
1.37935
1.4593
0.582272
1.52904
1.4122
0.772689
0.683377
1.15786
1.54314
0.831053
1.38615
1.0685
1.15378
1.38345
1.25516
1.47415
1.51113
1.25583
1.41887
1.28315
1.42014
1.35089
0.952194
1.51807
1.49259
1.46977
1.46476
1.20297
1.28214
1.46538
1.50523
1.26426
0.802409
1.39255
1.14103
1.02603
0.695994
1.35576
1.52348
1.01371
1.55426
1.26963
1.38783
1.41823
1.05114
1.5581
1.44897
0.865442
1.34197
1.20147
1.07106
1.13557
1.20201
1.53789
1.29726
1.17534
0.757365
1.15839
1.29374
0.603058
0.989101
1.56167
0.764548
1.52033
1.28602
1.39509
1.11935
0.904473
1.23538
1.36224
1.08299
0.942649
1.30384
1.48625
1.42199
1.39342
1.28856
1.52247
1.23176
1.4643
1.40735
1.2779
0.727248
1.26637
1.54882
1.54931
1.43851
0.974892
1.39912
1.49186
1.06388
1.14556
1.15465
1.14314
1.39354
0.924577
1.55664
1.48187
1.4758
1.42773
1.13969
1.13019
1.13218
0.924267
1.55938
1.13374
1.38684
1.33315
1.20162
0.826394
1.22034
1.31459
1.50055
1.56766
1.56692
1.33553
0.966172
1.51229
0.788765
1.549
1.55688
0.681036
0.618964
1.34967
1.37173
0.854571
1.25124
0.844554
1.47872
1.29795
1.06201
1.44691
1.00342
1.41699
1.12323
1.33764
0.970008
0.998721
1.35227
1.25797
1.42057
1.46931
1.50923
1.56304
1.4289
1.20656
1.01851
1.14669
1.19806
1.54949
1.33312
1.08657
1.55322
1.285
1.33962
1.4419
1.3724
1.16468
0.455679
0.548402
0.945701
1.4254
1.40364
1.2932
1.19374
1.11863
1.37279
1.26644
1.19499
0.854786
1.28054
0.560223
1.35051
1.33767
1.04593
1.56213
1.30801
1.37621
1.22557
1.09215
0.773248
1.41001
1.25397
0.8998
1.00209
1.48843
1.56985
1.41186
1.50018
1.35448
0.908925
1.31692
1.27338
1.31679
0.752786
1.05328
1.26171
1.43309
0.704032
0.968361
1.50269
1.06041
1.14174
1.37084
1.12096
1.29862
1.14684
0.554858
0.520791
1.33028
1.01601
1.03766
1.2326
0.845912
1.32391
1.19586
0.85022
1.12938
1.39305
1.43771
1.20846
1.53398
1.26874
1.53076
1.51694
1.06424
1.5414
1.25352
1.37969
1.18805
0.913285
1.40667
1.13945
1.19862
0.99951
0.731559
1.41662
1.32061
1.50599
1.42656
1.04388
1.21609
0.898169
1.47305
0.977739
1.4371
1.49914
0.883847
1.26892
1.48665
1.52141
1.20797
1.1805
1.56182
1.42565
0.757305
0.957133
1.53435
0.977
0.986321
0.785382
1.51917
0.998563
1.10791
0.958048
1.45068
1.37101
0.860387
1.40747
1.04419
0.825787
1.23518
1.24796
1.41622
1.26663
1.42255
1.55016
1.37534
1.22039
0.796947
1.02779
1.2689
0.835552
1.12959
1.13678
1.08293
1.24686
1.25962
1.38626
1.28424
0.847331
1.15217
1.13804
1.05575
1.32359
1.31963
1.44116
0.683418
1.49786
1.52931
0.883399
0.50579
0.49735
1.43679
1.37556
0.93151
0.986626
1.55523
1.3166
1.34112
1.05388
1.56668
1.3072
0.910705
0.984115
1.35326
1.19197
1.21995
0.865609
0.892966
0.75284
1.11234
0.999956
0.854301
0.759082
1.18304
1.03183
0.827357
1.47035
1.40193
0.906787
1.44232
1.54088
1.00295
0.889712
1.01228
1.18136
1.10319
0.477276
1.32254
0.94687
1.38131
1.28614
1.19109
0.913236
1.06186
0.977888
1.01057
0.87287
0.697677
1.42366
1.17338
0.978763
1.27621
1.0737
1.13461
1.30403
1.45438
1.1476
1.17221
0.917064
0.727847
1.51966
1.48974
1.15405
0.911052
0.926551
1.06973
0.625688
1.53777
1.36675
1.43818
1.35001
1.47041
1.10943
1.47213
1.41773
1.00823
0.807951
1.45114
1.40258
0.923191
1.50105
1.13387
1.14195
0.804293
0.849202
1.08382
1.47332
1.26176
1.07572
1.33572
1.57025
1.18212
1.51306
0.970574
1.53195
1.03009
0.851571
1.10654
1.5356
1.15659
1.30254
1.42139
1.3582
0.679847
1.48772
0.939706
1.28118
1.554
0.600815
1.42446
1.44824
1.01299
1.02665
1.44522
1.2251
0.971395
1.10969
1.52537
0.631825
1.54757
1.39526
1.31073
1.25426
1.34309
1.43925
1.45887
1.17342
1.25301
0.581911
0.810833
1.54855
0.832322
1.30903
1.21546
0.731014
0.977884
1.14375
0.652169
1.14816
1.53765
1.39438
1.51333
1.17273
1.43124
1.16425
1.27815
0.95895
0.972936
1.40184
1.43698
1.29599
1.40132
0.773258
1.02763
1.31812
1.51767
1.44959
1.38373
0.755002
1.41118
1.52476
1.45432
1.31231
1.52794
1.43322
1.32371
1.16777
1.35951
1.35411
1.44235
0.802543
0.701754
1.49161
1.24025
0.811309
0.60881
0.695135
1.25602
1.49939
0.925635
1.2513
1.4611
0.986486
0.90658
1.24872
1.27411
1.3631
0.856886
1.02127
1.08333
0.77553
1.54034
1.51486
1.08548
1.52989
1.34413
1.51866
1.43494
1.2438
1.51657
1.17285
1.54189
1.53765
0.79349
1.14075
0.896994
0.867493
1.52922
1.41512
1.48172
1.4819
1.30214
1.04416
0.485712
0.991479
1.18508
0.826224
1.03523
1.05069
0.734916
1.22132
1.46386
0.899571
1.54314
0.738066
1.46464
1.55444
1.05458
1.29983
1.08871
1.03135
1.06703
1.00464
0.965982
1.52913
1.39435
0.847019
1.25773
1.25008
1.3373
1.20313
0.570758
1.31534
1.29795
1.42705
1.43636
1.51865
0.643187
1.14358
1.45168
1.09703
1.06521
1.3393
0.923882
1.15892
1.19186
1.02628
1.46163
1.08485
1.0536
1.53136
1.29554
1.31326
1.228
1.39467
0.993932
1.46992
1.05646
1.41764
1.41875
1.46053
1.55242
1.14396
1.39329
1.36675
1.10273
1.39968
1.29751
1.57049
1.10005
1.41693
0.953239
1.09883
1.49835
1.56564
1.54293
1.14867
1.4281
0.980982
1.25509
1.48396
1.32048
1.30182
1.49522
1.51993
1.51786
1.39078
0.439239
0.547597
0.971751
1.46768
1.09291
0.293805
0.625947
1.33918
1.49792
1.52671
1.05416
1.47755
1.21989
1.05149
1.31616
1.1915
1.43161
1.416
1.44129
1.27787
0.883973
1.46096
