1.56308
0.816644
1.43106
1.12423
0.741157
1.55447
1.37578
1.49207
1.46538
1.02076
1.44119
1.48039
1.51816
1.45512
1.334
1.25525
1.16086
1.50024
1.05911
1.19731
1.48925
1.41801
1.12142
0.886576
1.4273
0.929112
1.51509
1.50312
1.1982
1.56658
1.40809
0.865451
1.15105
1.34074
1.28589
0.944216
1.49851
1.19307
1.45113
1.52155
1.34801
1.39292
1.23221
1.36606
0.999516
1.5363
1.49545
1.43654
1.2665
1.15289
0.787372
1.51627
1.26922
1.54418
1.18213
1.23315
1.01402
1.13293
1.32377
1.5066
1.51938
1.26468
1.12245
1.3415
1.35303
1.53966
1.44488
1.21713
1.27158
1.13346
1.32992
1.27708
1.38272
1.19199
1.07848
0.930076
1.1693
1.43491
1.56866
0.949198
0.904324
1.38404
0.983818
1.56437
1.48959
1.32866
1.27005
1.56625
0.949368
1.23957
1.03261
1.29174
1.52356
1.40425
1.11023
0.922045
1.3297
1.16088
0.561022
1.34283
1.35545
1.07684
1.52042
0.761966
0.580572
1.48653
1.06264
0.797574
1.4294
1.26912
1.55763
1.50673
1.26189
1.16124
1.24158
1.29216
1.01147
0.808626
1.16968
1.35464
1.1137
1.49951
1.0772
1.29694
0.512609
1.53258
1.3253
1.32489
1.34212
1.51755
1.18804
1.34498
0.927616
1.31395
0.716387
0.964038
1.50116
1.54023
1.56631
1.42916
0.841225
0.715503
1.31004
1.03993
1.2619
0.706727
1.32938
1.35564
1.20856
1.36525
1.20353
1.32944
1.13292
1.411
1.14964
1.39995
1.41511
0.855047
1.36069
1.38401
1.55554
1.37024
0.823005
1.46501
1.33661
1.29091
1.35317
1.0885
0.7355
1.38901
1.17994
1.45718
1.32445
1.15625
1.33367
1.13918
1.10108
0.720161
1.35732
1.35901
1.0448
1.18957
1.10709
0.961008
1.14327
1.26375
0.902611
0.962648
1.18111
1.41469
0.877712
0.840659
1.39943
1.31704
1.15038
0.793986
1.17389
1.33365
1.39605
1.27506
1.23571
1.18982
1.4804
1.43189
1.47185
1.19186
0.54749
1.44388
1.17466
1.56976
1.19087
0.830027
1.37416
1.20511
0.948751
1.36411
1.20471
0.944353
1.56903
0.718006
1.19737
1.41097
1.35861
1.44867
1.49296
1.2241
1.53734
1.30188
1.19343
1.30289
0.959541
0.908484
1.55017
0.534232
1.35804
1.366
1.42169
1.43494
1.33429
1.19579
1.33844
1.17823
1.56491
1.22679
1.3815
0.813206
1.50697
1.49455
1.32208
1.07655
1.28893
1.50413
1.34178
1.36476
1.47991
0.87821
1.38931
1.51987
0.786165
1.31029
0.905859
0.898068
0.898188
1.55078
1.19786
0.99067
1.38706
0.619042
1.11897
0.925993
1.24799
1.31716
1.52259
1.43778
1.44135
1.30804
1.20023
1.32749
1.52201
1.12191
1.25472
1.52733
1.35448
1.28691
1.206
1.16201
1.24455
1.4974
0.931455
1.20784
1.27921
1.5614
0.912231
1.36881
1.11342
1.03189
1.21748
1.47335
0.732661
0.951617
1.46587
1.19284
0.71303
1.05998
1.19699
1.32734
0.727701
1.48876
1.01097
0.716628
1.56668
1.41954
0.857852
1.11526
0.935983
0.947836
1.47854
1.04907
0.953887
0.890953
1.44516
1.26166
1.50575
1.4663
1.00831
0.869181
0.90631
1.2477
0.854791
0.86304
1.50248
1.48763
1.3945
0.615807
0.935691
0.520841
0.829822
0.839158
1.55268
1.55462
1.3622
1.12239
0.900506
0.990566
1.41217
1.29151
1.12327
1.0852
1.46047
1.41576
1.02399
0.837946
0.859318
1.53087
1.54365
1.12841
1.3445
1.30229
1.09877
1.48527
1.0845
1.07772
1.45895
1.4655
1.23231
1.455
1.56005
1.27401
1.44968
0.529316
1.56878
1.13816
1.32228
1.28016
1.05879
1.53502
0.790047
1.5113
1.53867
1.47617
1.38019
1.30505
0.935218
1.48641
1.47697
1.56686
1.45896
1.44698
1.54559
0.611775
1.29578
1.28811
1.52506
1.36279
1.26911
1.2626
1.44168
1.50322
1.47415
0.882186
1.41223
1.09198
1.29657
0.688221
1.07278
1.01669
1.349
1.19859
0.959469
1.25383
1.42711
1.33955
1.06086
0.399016
0.924876
1.2958
1.36135
1.22709
1.31734
1.56231
1.23655
1.30713
0.983909
1.46952
1.23014
1.08389
1.48996
1.28468
1.55216
1.03972
1.31028
1.44273
1.11863
1.04403
1.29602
1.35337
1.21935
1.22664
1.00705
1.36618
0.792437
1.44579
1.4024
1.53667
1.41854
1.45155
1.51785
1.1823
1.43502
1.33403
0.952814
1.12895
1.18567
1.21224
1.48193
1.46212
1.35851
0.952121
1.42425
1.39453
1.53014
1.43968
0.742688
1.37213
1.45583
0.774455
0.964939
0.789933
1.22657
1.43562
1.26294
1.51241
1.55389
1.33328
1.48371
1.031
0.878845
0.872564
1.51645
1.43217
1.47853
1.36109
1.5335
1.53762
1.12632
1.06464
1.19022
1.23861
1.31045
1.50465
1.34782
0.941305
1.08844
1.25284
0.763211
1.23654
1.45768
0.831308
0.914419
1.30779
0.615232
1.17461
0.699428
1.4739
1.435
0.978472
1.20333
0.974867
1.45214
1.3002
1.32099
1.18703
1.11594
1.12015
0.832347
1.35572
1.56154
1.56396
1.29309
1.16985
1.25252
0.786131
0.949918
0.64693
1.26266
1.54055
1.08257
0.91392
1.29611
1.24075
1.28796
0.899719
1.29129
0.952391
1.0154
1.272
1.41545
1.54595
0.973702
1.39588
1.29236
1.05234
1.36513
1.46952
1.34376
1.1728
0.955765
1.34889
1.2337
1.53246
1.31187
1.19258
1.4006
1.51025
0.728444
0.971137
0.760435
0.94784
1.40537
1.49513
1.12476
1.21129
0.901777
0.934121
1.22862
0.975167
1.00529
1.08312
1.55401
1.3713
1.43785
0.963472
1.04182
1.43574
1.10662
1.40079
1.49688
0.950985
1.44648
0.938115
1.28535
1.17526
1.53441
1.20849
0.945373
1.39602
1.27244
1.13552
0.881332
1.46927
1.48151
1.19061
1.27359
1.21943
1.48331
1.40855
1.26035
1.35901
1.05598
1.52665
1.32492
1.25942
1.2911
1.33208
1.5606
1.45475
1.34264
0.231702
1.17625
1.41516
1.24243
0.96623
1.12949
1.39397
1.28074
0.794358
0.655435
1.36763
1.11635
1.362
1.0307
1.37518
0.935422
1.56372
1.28636
1.36157
1.01538
1.04416
1.54357
1.23544
1.54449
1.5041
1.19458
1.19514
0.766861
0.950329
1.24967
1.44914
1.44301
1.26458
0.364768
0.74935
1.30653
0.96818
1.09135
1.08485
1.39413
1.14764
1.24435
1.20294
1.18845
1.36044
1.3481
0.939793
0.715412
1.19048
1.1491
1.53154
0.781513
1.01549
0.903265
1.54595
1.33177
1.3928
1.26673
1.07329
1.17407
1.2477
1.50896
1.21839
0.858808
1.238
1.47703
1.14546
1.44221
1.13373
1.48775
1.4366
1.06192
1.41743
1.12333
1.25288
1.22064
1.22447
1.48567
1.37503
0.972286
1.07058
1.32978
1.49253
1.19855
1.10938
1.17984
0.992193
1.3746
1.53893
1.49602
1.54024
1.25631
1.42166
1.16118
1.30017
0.912257
1.49718
0.654688
1.43094
1.18541
1.42023
0.777272
1.3022
1.45587
0.824349
0.834337
0.819137
1.32152
1.22936
1.43855
1.23603
1.16962
0.941147
1.39707
1.06953
1.43442
1.46229
1.54223
1.34513
1.27113
1.44553
1.19297
1.275
1.37988
1.24574
0.847209
1.309
0.857634
1.46893
1.55505
1.3612
1.36619
1.23496
0.901668
1.52882
1.2919
1.31089
0.567527
1.02135
0.929137
1.33811
1.30176
1.30821
1.42107
1.36812
1.21624
1.35539
1.54351
1.01435
1.04062
1.37379
1.5501
1.09006
1.4499
1.56884
1.12312
1.14223
1.01324
1.47911
1.55825
1.37019
1.4602
0.763593
1.51663
1.2406
1.51981
0.939317
1.53728
1.14622
0.807997
1.56248
1.49564
1.30052
0.813387
1.41242
1.54641
0.795473
1.50813
1.48733
1.33045
1.16007
0.886094
0.976158
1.56292
1.02641
1.54192
0.894877
1.44153
1.27916
1.28099
1.41622
1.0896
1.25397
1.47568
0.900079
1.27851
0.945487
1.51854
0.918058
0.829376
1.15888
1.39115
1.24415
0.802673
1.19136
1.24164
1.45924
1.31402
1.55095
1.35339
0.593625
0.78454
1.52604
1.43027
1.20707
1.45614
1.0569
1.11822
1.46568
1.32567
1.21416
1.54357
1.25336
1.44971
0.942311
1.30985
0.756067
0.799859
1.02124
1.19956
1.17534
0.992591
1.49057
1.51613
1.00483
1.32404
1.47412
1.43406
1.1156
1.19848
1.53575
1.41605
1.40271
1.48922
1.14616
1.5606
1.36427
0.885132
1.50742
1.10702
1.53191
1.11028
1.5309
0.949708
1.50483
0.850746
1.3176
1.06954
1.53157
0.939617
1.40425
1.56816
1.1003
1.23877
1.3346
1.21817
1.54088
1.0722
1.53667
0.890352
0.761271
0.969055
1.17542
1.38025
1.42499
1.51946
1.52916
0.751022
1.45149
1.55175
1.36556
0.898707
1.55995
1.53423
1.33048
1.46832
1.09147
1.05526
1.44248
1.26369
1.50369
1.45924
1.16803
1.46427
1.11295
1.04868
1.45487
1.16331
0.544072
1.42499
1.15043
1.37814
1.51205
1.25278
0.349452
1.40026
1.46912
1.36695
1.51455
1.55551
1.30245
1.46397
1.56469
1.39326
1.56152
1.51358
1.06453
0.986408
1.16967
0.93823
1.55197
1.38007
1.51549
1.55477
1.04576
1.244
1.05037
1.10593
1.26074
1.17652
1.13758
0.640681
1.04086
1.34951
1.20973
1.26559
1.29966
1.14321
1.34576
0.905639
1.37829
1.50746
1.00828
0.863204
0.842962
1.24873
1.17601
0.817268
0.989914
1.18752
1.06995
1.55773
1.2324
1.29634
1.13789
1.39949
1.47807
1.3373
1.49388
0.978789
1.40364
1.08248
1.32902
0.945518
1.32297
1.21827
1.05535
1.33774
1.52053
1.08548
1.28973
1.32829
1.12648
1.02458
1.49881
1.46286
1.35327
1.45408
1.31355
1.10047
1.17213
1.56848
1.56366
0.985999
0.781879
1.10228
1.26784
0.817086
1.51636
1.40258
1.13056
1.56153
1.29351
0.461032
1.56985
1.44295
1.39335
1.28032
0.822902
1.39026
1.2807
1.17075
1.23059
1.35551
1.03816
1.11371
1.00432
1.39521
0.893022
1.55987
1.04307
1.29852
1.45927
1.35304
1.48518
1.00929
0.53148
1.42099
0.377379
1.23738
1.24338
1.31667
0.603215
1.42544
1.46147
1.565
1.09656
0.782659
0.915955
0.858399
0.938564
1.15708
1.03177
1.43017
1.46458
1.48573
1.07062
1.22374
0.879283
1.48935
1.49816
1.4865
1.41182
1.45484
1.47108
1.41668
0.801817
0.687411
1.39583
0.565358
0.973991
1.46016
1.06111
0.54007
1.47286
0.992947
1.12944
0.780771
1.3052
0.925016
1.242
1.42162
1.45469
1.46568
1.01331
1.21555
0.643129
1.2505
1.00121
1.27576
1.07226
0.873621
1.15451
1.35019
1.44427
1.455
1.49884
1.27764
0.918711
1.31408
1.01349
1.1122
1.06236
1.44596
0.659361
1.50948
1.32435
1.46499
1.5451
0.946787
1.44073
1.55194
0.933878
1.07932
1.16914
1.47532
1.12971
1.51675
1.30568
1.43596
1.00927
1.02071
0.790956
0.668721
0.821527
1.55145
0.945246
0.920384
0.847423
1.42568
1.54023
1.50232
1.32838
1.5269
1.00191
1.36014
1.21449
1.03444
1.04322
1.35414
1.53569
0.946501
1.55548
1.47654
1.0497
0.689072
1.46439
1.40753
0.501511
1.2615
0.786431
1.22651
1.24892
1.52048
1.35481
1.47936
1.51217
1.25044
1.26337
1.43802
1.4131
1.56323
0.80431
0.350489
1.27888
0.54722
1.18903
0.451641
1.45838
1.57043
1.26625
1.03806
0.845726
1.41092
1.29205
1.01862
1.47157
1.2256
0.762004
1.43408
0.884518
1.44541
1.4815
1.17457
1.34344
1.39397
0.917076
1.41217
1.0051
1.26951
1.54088
1.19363
1.56007
1.43691
1.17074
1.12114
1.33293
1.49767
1.25638
0.715153
1.45587
1.03412
1.17278
1.41986
0.725833
1.52806
1.41463
1.55364
1.36119
1.12774
1.51584
1.35785
0.72769
1.5556
0.637681
1.44092
1.38237
1.26277
1.57056
1.30552
1.56904
1.51415
0.744512
1.54766
1.12833
0.776662
1.53128
1.52232
0.338692
1.22179
1.33623
0.558166
1.57046
0.900032
1.43252
0.905043
1.19809
1.18718
0.771385
1.4709
1.29814
1.15979
1.43993
1.04321
1.2549
1.42363
1.53157
1.17485
1.05467
1.35186
1.25358
0.669471
1.19664
1.29334
1.25509
1.19268
1.47078
0.498752
1.36051
1.47292
0.664446
0.985007
1.28531
1.10149
1.03741
1.41044
1.45795
1.02918
1.12581
1.03595
0.99828
1.34673
0.841323
1.36169
0.68428
1.2992
1.4173
0.691413
0.611397
1.43581
0.724594
0.944873
0.953463
1.29469
1.53032
1.40958
1.1317
1.35004
1.53496
1.0892
1.51724
0.876203
0.287554
1.05697
1.53209
1.00921
1.56201
1.11929
1.33397
0.96338
1.28368
1.03851
1.3482
0.693816
1.44768
0.929898
1.40277
1.38709
1.05222
0.892992
1.04909
1.17449
1.32913
1.38261
1.18792
1.20401
1.41058
1.41248
1.20418
1.26298
1.54559
1.29605
1.17675
0.876218
0.946804
1.30751
0.694116
0.782249
1.02113
0.418417
1.25529
1.37139
1.30311
1.40592
1.01997
1.32385
1.47685
1.49945
0.328303
1.4639
1.04875
0.911151
0.670876
0.7849
1.49767
0.972619
1.27098
1.12275
1.21894
1.51263
1.29706
1.43867
1.51541
0.827985
0.991254
1.19273
1.40979
1.25939
1.41738
1.48212
0.734764
0.964095
1.5458
1.16478
1.34601
1.41977
1.45875
1.15447
1.42896
1.52427
1.0383
1.39261
1.22496
1.41545
1.00459
1.17494
1.25653
1.06163
1.44693
1.40444
1.16496
1.16178
1.40092
0.984639
1.46163
1.12454
1.1977
0.921002
1.50722
0.977065
1.5183
1.08319
0.565502
1.5451
1.56605
1.05346
1.0596
1.36138
1.51859
1.54125
1.07981
1.37203
1.29024
1.50336
1.13791
1.55177
0.763978
1.01801
1.28608
1.28264
1.46802
1.30813
0.897961
1.14568
1.43007
1.18231
1.15625
1.21699
1.54554
1.05482
1.488
1.30411
0.787249
0.43887
1.15325
1.27283
1.20675
1.26843
1.46806
1.32481
1.27232
1.19016
1.19822
1.52395
1.28551
1.11689
0.9673
1.33748
1.20423
1.48745
1.48386
1.56991
1.43697
0.658119
1.47139
1.33403
1.51357
1.38833
0.71309
1.47464
1.5511
0.967173
1.1769
1.53072
1.12414
1.34683
1.42767
1.41261
0.767702
1.54204
1.09555
1.52873
1.36396
1.36185
1.24073
1.22277
1.26574
1.29081
0.991964
1.53295
0.94099
1.2697
1.0042
1.19593
1.11513
1.36974
0.940536
1.05095
1.343
0.515681
1.50465
0.425922
1.30017
1.29247
1.49382
0.642013
1.42877
1.44861
1.43762
1.46423
0.592859
1.54211
1.24329
1.32963
1.2043
0.990731
1.52616
1.2124
0.968537
1.28977
1.3257
1.51571
1.22324
0.77302
1.55557
1.15867
1.5163
1.45496
1.46403
1.2511
1.30086
1.18079
1.30846
1.00203
1.10511
1.36332
1.34134
1.20223
1.4944
1.11454
1.04663
0.861337
0.744707
0.881114
0.77632
1.42181
1.23583
1.50492
1.45709
1.56024
1.05647
1.21441
0.853483
1.32866
1.34353
0.80288
1.39775
1.26463
1.4584
0.523269
1.13245
1.35402
1.53172
1.26628
1.41671
0.954881
1.42378
1.50353
1.0054
1.49005
1.04332
1.35286
1.00663
1.56817
1.42952
1.34161
0.639249
0.853674
1.53982
1.51027
0.833975
1.51009
1.40073
1.14765
1.08741
1.32146
1.21793
1.44971
1.2794
0.718782
1.1804
1.42767
1.51066
1.41125
1.45567
1.53368
1.05135
1.4071
1.33192
1.02424
1.27005
1.46053
1.42196
0.664853
1.11016
1.43654
0.893571
0.968373
0.740143
1.18988
1.29529
0.81217
1.43882
1.54833
1.40729
1.30574
1.40091
1.51963
1.38603
1.39459
1.27445
1.45801
1.52228
1.41321
0.731214
1.19655
1.25663
1.52492
1.46292
1.09118
1.50942
0.723392
1.55288
1.41606
1.37542
1.06532
1.15026
0.538174
0.83083
0.817182
1.5276
1.19061
1.22222
1.22884
1.3425
0.800867
1.30074
1.52432
1.3817
1.18778
1.09405
1.20412
0.888531
1.24366
1.14703
0.341173
1.53705
0.709501
0.73859
1.19488
0.901477
1.47354
1.22113
1.53591
1.42776
1.13585
0.920725
1.31156
1.27525
1.52589
1.08444
1.49961
1.30758
1.21671
1.29887
1.31755
1.12645
1.16604
1.29405
1.13016
1.38392
1.13448
1.51596
0.596157
1.26869
1.08741
1.53459
1.31893
1.2045
0.645757
1.49241
1.309
0.961971
1.15415
1.16054
1.13306
1.37982
1.2608
1.50465
1.20113
1.01014
1.38971
1.37802
1.26311
1.54235
1.4793
1.30918
1.01791
1.30439
1.26679
1.26883
0.535868
0.97715
0.768364
1.41287
1.33039
1.07763
1.32862
1.3263
0.573548
0.898865
1.16398
1.26922
1.37478
1.45985
1.51278
1.33811
1.46924
0.869114
1.51012
1.19947
1.27981
1.36763
1.51719
1.51064
1.05249
1.18929
0.995503
1.50348
1.31749
1.44608
0.930074
0.663699
1.02759
1.25676
1.56304
1.21826
1.54763
0.466324
1.32485
1.04052
1.36191
1.49186
0.866281
1.07718
1.21273
1.30758
1.3178
1.09628
0.883322
0.696013
0.918487
1.48377
1.22561
1.47783
1.19061
1.55578
1.48206
1.56146
1.18627
1.47084
0.845372
1.18242
1.49666
1.17333
0.632516
1.19795
1.11907
0.980604
1.43947
1.09864
1.35967
1.30476
1.35108
1.12015
1.24006
0.869667
1.45825
1.32746
1.47599
1.23908
1.46855
0.798122
0.393423
1.49584
1.14154
1.10426
1.5214
1.34839
0.916512
1.39369
0.824283
1.30621
1.31806
1.4297
0.96818
1.13272
1.4269
0.93166
1.10566
1.54406
0.830291
1.55632
1.20758
1.43319
1.08079
1.06124
1.1387
1.51993
1.00451
1.38168
1.34623
1.22489
1.46761
1.49196
1.17061
1.01052
1.06413
1.45931
1.25918
1.09759
1.56805
1.26842
1.4574
1.44202
0.722958
1.3665
1.33047
1.54437
1.39095
0.745647
1.44971
0.821657
1.48601
1.22676
1.15008
1.30039
1.39037
0.916524
1.32671
1.05086
1.45605
1.4092
0.61717
1.16118
0.84237
1.08675
1.23575
1.39386
1.38404
0.834631
1.53885
1.52256
1.54394
1.40091
1.36432
0.582698
1.25066
1.25294
1.49744
1.2567
1.20235
0.867841
1.0043
0.980387
1.45842
1.09064
1.48947
1.4015
1.18497
0.617876
1.40577
0.902061
1.38082
1.11303
1.17887
0.767959
1.4016
0.843817
1.39596
1.5298
1.35639
1.45894
1.44328
1.22697
0.868608
0.764387
1.56173
1.19583
1.33418
1.49786
1.53676
1.25529
1.07406
1.45343
1.24617
1.56485
1.55606
1.10278
1.37798
0.92994
1.55499
0.710857
0.813704
1.02265
1.4083
1.18746
0.863659
1.26368
1.07101
0.669236
0.633386
1.56066
1.46858
0.794883
1.00502
0.709531
0.854215
1.3846
1.43728
0.935344
0.280695
0.672451
1.40506
1.21508
1.26468
1.09796
1.40636
0.630215
1.39149
1.17558
0.831583
1.52189
1.33604
1.45122
0.672406
1.37117
1.35782
1.28789
1.2764
1.09962
1.29827
1.517
0.663595
1.09183
1.54778
1.5523
1.2468
1.01206
1.5305
1.18179
1.36734
1.43129
1.52653
1.19025
1.55325
1.06689
1.37165
1.44255
1.51157
1.37048
1.56533
1.53227
1.48052
1.13185
1.35087
0.803783
1.26925
0.976562
1.31043
0.950825
1.4148
0.738509
1.3918
1.54821
1.35733
1.20648
1.47519
0.970504
0.831009
1.27657
1.50646
1.30994
1.55541
0.585927
1.48512
1.22375
1.23008
1.5104
1.55862
0.944413
1.41196
1.17001
1.33661
0.882573
1.03461
1.54198
0.748414
1.40512
1.10804
1.01697
1.45518
1.49663
1.40939
1.4804
0.952416
0.763732
1.0597
1.42218
0.913219
1.43393
1.4918
1.27455
1.09932
1.22839
1.49495
1.39422
1.47323
1.04972
0.705895
1.29639
1.19946
1.50862
0.980902
0.402924
1.12496
1.52015
0.893166
1.32209
0.988876
1.55261
0.842517
1.36541
1.41426
1.55316
1.13554
1.5105
0.693336
1.1089
1.47237
1.54058
0.453345
0.938161
1.39391
1.46074
1.38603
0.786195
1.33102
1.07565
1.54733
1.56558
0.76589
1.34009
1.23771
0.814972
1.31787
1.41514
0.661624
0.922024
1.2014
1.33077
0.56427
1.03487
1.11801
1.52265
1.50859
1.44455
1.33023
1.43753
1.19718
1.34628
1.35577
1.38939
1.30625
0.811003
1.49075
1.27414
1.13808
1.55694
1.54919
1.50205
1.44702
1.20634
1.49121
0.804331
1.49871
1.37286
1.26813
0.543164
1.49296
1.44898
0.959193
0.616023
1.45642
1.55528
1.45692
0.604422
0.840893
1.459
1.44267
1.39961
1.13195
1.38025
1.29501
0.977118
0.817664
1.28041
0.447694
0.824753
1.00185
1.33102
1.30761
1.0827
1.36463
1.24119
1.2712
1.39459
0.928039
1.23951
1.26391
1.42255
1.43063
0.678897
1.34801
1.54976
1.31073
0.467828
1.18251
1.21003
1.54406
1.21058
1.56521
1.53667
0.97108
1.11617
1.03653
1.38814
1.3289
1.52959
1.16779
0.832792
1.28767
1.08286
1.5475
1.54858
1.09847
1.42175
1.03878
1.53478
1.30525
1.18383
1.25092
1.24097
0.727433
1.03
1.51082
0.769527
1.2064
0.807967
0.823718
1.55944
1.28862
1.27787
0.740929
1.24828
1.41341
1.33239
1.36662
1.25924
0.600214
1.48451
0.716518
1.1943
1.04162
1.22171
1.01433
1.13772
0.846601
1.27754
0.845357
1.05534
1.23951
1.30969
1.26922
1.23592
0.841745
1.12377
1.43283
0.392965
1.43011
1.05318
0.975023
1.55651
1.44224
1.01133
1.35456
1.4443
1.13805
1.35064
1.5363
1.48261
1.56439
1.23355
0.952228
1.55915
1.40688
1.35173
1.02116
1.40197
1.51822
1.01292
1.32534
1.19343
1.12726
1.49431
1.46619
1.45254
1.55653
1.25378
1.23932
0.780968
1.53869
0.713667
1.40441
1.36404
1.411
1.09361
1.53116
1.44977
1.07303
1.2449
1.39208
0.509589
1.06527
1.3267
1.48818
1.38504
1.44934
1.49487
1.30172
1.2903
0.668118
1.48083
1.23502
1.5251
0.812998
1.08014
1.1421
1.06362
1.06985
1.28938
0.970166
0.868939
1.54772
1.33822
1.07777
1.26692
0.925873
1.52073
1.35407
0.932498
1.5621
1.49557
1.2096
1.2448
0.997632
1.12029
1.17014
1.24994
1.53176
1.4518
1.43968
1.20768
0.870963
1.27713
1.22171
1.43814
1.46894
1.2576
1.20299
1.09975
1.3606
1.32873
1.06829
1.26823
1.48022
1.43128
1.35964
0.913141
1.22901
1.3903
0.983145
1.54752
1.24329
1.25204
1.22112
1.38083
1.39998
1.31514
1.40184
1.51834
1.48714
1.06633
0.598885
1.49587
1.26544
1.41526
0.808378
1.42002
0.833519
1.11724
0.837351
0.884672
1.41831
1.13989
1.451
1.41369
1.32739
1.35
1.15275
1.24085
1.3805
0.636034
1.2599
1.37841
1.43091
1.01252
1.54986
1.46545
1.49291
1.26893
1.28354
1.35651
1.25599
1.41032
1.4169
0.954091
1.38123
0.816758
1.49474
1.22385
1.25297
0.653276
1.01198
0.808301
1.40395
0.780564
1.3356
1.11831
1.2829
0.946077
1.23211
1.16905
0.982597
1.38091
1.36357
1.52305
1.28894
1.4326
1.50376
0.570154
0.667762
1.45666
1.50813
1.26292
0.97639
1.17763
0.871601
1.30384
1.0152
1.28395
1.55032
0.980748
1.54125
1.46832
0.831271
1.43913
0.983396
1.01862
1.53319
0.890028
1.29916
1.28456
1.05725
1.37014
1.36544
1.47139
1.45907
1.56768
1.35589
1.08735
1.10018
1.28701
0.906471
1.51037
1.1994
1.14379
0.601379
1.46347
1.19259
1.30574
0.852573
1.04105
1.17677
1.36535
1.32691
1.07397
1.30463
1.20996
1.46912
1.1315
1.46184
1.51685
1.01903
1.30207
1.32826
0.910114
1.27027
0.114307
1.18198
1.35934
1.54369
1.17054
0.774711
1.08985
1.427
1.4313
1.51263
1.26772
1.11391
0.980375
1.26688
1.3993
1.28945
1.31196
1.56085
1.44654
0.615181
1.40481
0.322923
1.50673
1.33642
1.228
0.838771
1.26976
1.09235
1.30074
1.52409
1.54351
1.47954
1.56359
1.40995
1.54797
0.914905
1.39664
1.56335
1.07753
1.37677
1.23629
1.16601
1.56335
1.55151
1.19757
1.45242
1.30049
1.07376
1.41566
1.46117
0.951672
1.35283
1.5033
1.42437
1.44061
1.46576
0.793918
1.02867
1.19245
1.54831
1.55248
0.548269
1.16424
1.32769
1.05221
1.52705
1.13918
1.49825
1.53472
1.43491
1.09277
0.853458
1.24148
0.768632
0.943397
1.53319
1.2066
1.262
1.4001
1.52589
1.19994
1.37005
1.27837
0.667701
1.21267
1.25816
1.48285
1.13738
0.840232
1.36033
1.56614
1.23386
1.54345
0.898792
1.48886
1.52745
1.47257
1.27346
0.959228
1.46782
1.47225
1.55438
0.924789
1.39987
1.08099
1.46117
1.1211
1.3078
1.3171
0.89683
1.25348
0.922168
0.673192
1.47507
0.92594
1.55517
0.798822
1.2861
1.5418
1.51865
1.21605
0.879929
0.859309
0.673594
1.10457
1.49718
1.43537
1.47418
1.21762
1.40289
0.943908
1.03814
1.39289
1.36498
1.43863
1.56537
0.861531
1.42278
1.46034
1.41767
1.3361
1.45283
1.25301
1.54885
1.365
0.948984
1.29234
0.871045
1.3306
1.16111
1.44947
1.1476
0.952135
1.40334
1.37084
0.786358
1.50857
1.53331
0.995776
1.4536
0.859597
1.45497
1.30928
1.12642
1.09771
1.52728
0.885951
0.867065
1.55287
1.45868
1.33855
1.0372
0.786814
0.932241
1.51009
1.30815
1.54296
1.09202
1.26431
1.11302
0.797416
0.973722
1.52128
1.3791
1.22988
1.42742
1.18265
1.0264
0.988688
1.23843
1.25703
1.35064
1.12871
1.14683
1.55589
1.50685
1.19652
0.930072
1.06969
1.45512
0.969184
1.08678
1.06374
1.25224
1.49957
1.40246
1.25289
1.39459
0.949392
0.871365
1.26327
0.995883
1.35655
0.676374
1.26272
0.967693
1.17253
1.03496
1.20826
1.19606
0.842956
0.762189
1.5689
1.32051
1.40023
1.51956
0.851639
1.29897
1.21664
1.53411
0.443454
1.30738
1.14955
0.750634
0.691027
0.737433
0.864994
1.27736
1.56726
1.03226
1.53322
1.26637
1.43987
1.23164
0.907148
1.18109
1.10798
0.637976
1.2447
1.06368
1.29123
1.45736
1.46037
1.01996
1.25188
0.683807
1.52112
1.12354
0.798529
0.911287
1.24106
1.00502
1.11446
0.997191
1.21606
1.50777
1.50758
1.19291
0.954806
0.91475
0.965536
1.31675
0.848219
1.03274
1.04198
0.836117
1.03066
1.17868
1.41545
1.28073
0.876813
1.39831
1.49571
1.35926
1.30659
1.02127
1.34168
1.10716
1.50758
0.999669
1.04685
0.555225
1.09398
1.47534
1.06252
1.14653
1.38463
1.17399
1.45453
1.37531
0.920422
0.976701
1.27884
1.32298
1.48049
1.218
1.39908
1.31862
1.4884
1.13744
1.28783
1.38826
1.43288
1.40323
1.18745
1.29713
1.09717
1.50053
1.31339
1.52042
1.51373
1.4964
0.724272
0.840952
1.51675
1.46132
1.35957
0.68277
1.3958
1.54247
1.17141
1.421
1.01399
0.933289
1.01087
1.40268
1.29497
0.930813
1.42423
1.4951
1.20124
1.40129
1.46341
1.12273
0.906538
1.00452
1.55487
1.56318
1.54125
0.799336
1.41175
1.3476
1.09226
0.99486
0.847439
1.37129
0.905567
1.3939
0.651253
1.09106
1.48861
0.966761
1.33855
1.39311
0.611159
1.23923
0.852129
1.34018
1.53185
1.46605
1.45554
1.31881
0.601433
1.44531
1.34489
1.42995
1.4403
1.4977
1.50049
1.37291
1.06742
1.38982
1.24603
0.867229
1.39478
1.1427
1.50232
0.343793
1.48616
1.43858
1.14936
1.21898
1.14209
0.994682
1.3665
1.55401
0.927014
1.09201
0.865666
1.42468
1.55882
1.13055
1.5093
0.549186
1.37721
1.38201
1.57012
1.49011
0.655277
0.873674
1.38622
1.49253
0.775773
1.42039
0.853628
0.880997
1.07891
0.746623
1.09929
1.42835
1.38875
1.536
1.11865
1.1994
1.30094
1.41242
1.24982
1.51296
0.96606
1.01308
1.45957
1.46304
1.14456
1.34839
1.56518
0.802382
1.39472
1.13623
1.37565
1.50624
1.40951
1.09902
1.53979
1.17082
1.55917
1.56347
0.657185
0.734843
1.12659
1.06295
1.28268
1.33529
1.26543
1.44152
1.07981
1.35261
0.89777
1.42918
0.754686
1.2554
1.0674
0.980523
1.4542
1.52369
0.616663
1.02907
1.0903
0.938339
1.46832
0.976035
1.48651
1.21166
1.29619
0.671336
1.39726
0.737581
0.754242
1.15862
1.42606
1.52674
0.823755
1.22032
1.39967
1.2944
1.03042
0.891563
1.2495
1.46261
0.687769
1.55181
0.862559
1.27437
1.4483
1.55123
1.42617
1.09223
1.09525
1.5646
1.42581
1.36918
0.981022
1.44805
1.31654
0.965066
1.48969
1.5129
1.49532
1.32654
1.27595
1.54943
1.55801
0.496147
0.792598
0.996633
1.17194
1.54015
1.37067
1.25027
1.49935
1.51966
1.53835
1.34527
1.57039
1.43802
1.51413
1.48898
1.44138
1.13278
1.18047
1.20816
1.42279
0.835152
1.55694
1.1113
1.44207
0.656589
1.37329
1.3527
1.52653
1.48797
1.51733
1.25252
1.31988
1.47795
0.645415
1.53148
1.38187
1.09466
1.09395
1.3189
1.02151
1.25261
1.48935
0.833172
1.04162
1.3378
1.15454
1.31111
1.17426
1.38907
1.40018
0.509409
1.55374
1.07663
1.51779
0.901632
1.20392
1.52742
1.25427
1.42267
1.54975
0.64223
1.55905
1.18394
0.919284
1.50528
1.32919
1.2897
1.38156
1.35277
1.3928
1.03916
1.45033
1.10777
1.49767
1.37583
0.91274
0.719838
1.48477
1.31171
0.916626
1.06584
1.36438
1.05128
0.790108
1.18528
1.0805
1.40286
1.30112
1.30134
1.20104
1.3577
1.00653
0.775736
1.1243
1.50482
0.940688
1.17843
1.04265
1.2185
1.40774
1.43069
1.34882
1.02594
1.39562
1.22272
1.49865
1.53661
1.27139
1.42468
0.830564
1.12117
1.23939
1.49039
1.03622
1.42826
1.10594
1.34598
1.2366
1.56823
1.17882
0.986538
1.18699
1.03896
1.1047
1.36408
1.43359
0.996564
0.695802
1.43885
0.624357
0.983922
1.35152
1.39335
1.27326
1.16877
1.50752
0.932698
0.806772
1.36089
1.53137
1.18198
1.19515
1.37506
1.42973
1.34018
1.24918
1.25817
1.07496
1.16331
0.876342
1.46559
0.476758
1.49017
1.23615
1.02306
0.753104
1.36919
1.48543
1.35951
1.05208
1.31695
0.852707
1.05322
1.35317
0.93997
1.42807
1.45042
1.26276
1.26978
1.06069
0.938264
1.07586
0.852401
1.30884
1.42841
1.23286
0.894529
0.988773
1.07607
1.34009
1.37472
1.50605
0.922238
1.42651
1.56127
1.30404
1.20784
1.32738
1.20235
0.912407
0.830989
1.48199
1.39594
1.12315
1.48199
1.09388
1.32416
1.42829
1.41829
1.35461
1.32203
1.06975
1.54336
1.39673
1.24319
1.29935
1.00183
0.749508
1.31673
1.16736
1.1265
1.02996
0.901477
1.34529
1.24751
1.3389
1.02362
1.30403
1.41205
1.30925
0.915891
1.4353
1.47182
0.853886
1.16441
1.31825
1.18498
1.45033
1.46875
1.33096
1.37042
0.76747
0.893971
1.33503
1.15686
0.927841
1.41912
1.39583
1.42833
1.19359
1.297
1.17993
1.17379
0.933873
1.14903
0.971835
0.93636
1.39007
1.19186
1.19101
1.09538
1.36836
1.48947
1.26695
0.850879
1.41968
1.36563
1.45359
1.55664
1.28109
1.53026
1.37649
1.01583
0.72956
1.46633
0.619231
1.46498
1.42434
1.36285
0.995382
1.13198
1.55798
0.684409
1.14925
0.827647
1.20007
1.22878
1.24042
1.27327
1.00286
1.32157
1.5303
1.23758
0.842093
0.91087
1.52891
0.868897
1.31752
1.56875
1.41492
1.4566
1.004
0.971111
1.25857
1.02954
1.28287
1.1122
1.49424
0.514209
1.31666
1.28675
1.54923
1.35014
0.624248
0.468665
1.00976
1.41316
1.18621
0.742017
1.36849
0.911313
1.37017
1.44689
1.35545
0.80631
1.52288
1.32048
1.29843
1.22572
1.48953
1.13678
1.1539
1.30631
1.28911
1.28532
1.24661
1.15272
1.49799
1.52897
1.56884
0.763803
0.935974
1.33202
1.52598
1.54009
1.26253
0.849789
1.13397
1.01595
1.29611
0.995147
1.34964
1.23964
0.863748
1.55493
1.5272
1.44633
1.55957
1.26899
1.497
1.54266
0.799148
1.28175
1.12239
1.05739
1.39852
1.0863
1.3764
1.23643
1.28866
0.962385
0.781653
1.42239
1.49285
0.902614
1.15062
0.843615
1.5628
1.56543
1.33734
1.44781
1.35544
1.02533
1.38265
1.45623
1.39549
0.83572
1.25856
1.00248
1.31443
1.35295
1.01775
1.10341
1.13899
1.47035
1.51822
1.50373
1.40101
1.24177
1.26605
1.27787
1.36535
1.04204
1.33635
0.85495
1.10142
1.0996
1.33872
1.46556
0.155456
0.853362
1.23655
1.46657
1.45985
1.31187
0.934649
1.29085
1.28303
1.49173
1.35586
1.43987
1.10973
1.34231
1.4252
1.02032
1.20699
0.72851
1.27221
1.11289
0.839854
0.955177
1.56946
1.26993
1.08817
1.27764
0.493525
1.55584
1.37814
0.769556
1.38833
1.34736
0.998004
1.37734
0.962204
0.991887
1.40767
1.47458
1.19345
1.1736
1.2618
1.55425
1.5192
1.33083
1.40562
1.28488
0.694071
1.03879
1.2649
1.10599
1.50321
1.29725
1.29483
1.54287
1.52957
1.02408
1.24293
1.55804
1.54003
1.43587
1.10774
1.31476
1.37688
1.32619
1.26989
1.04071
1.54513
1.17085
1.56762
1.46611
0.962047
1.07388
0.65313
1.51562
1.3998
1.02215
1.09261
1.56317
1.43762
1.40707
1.55151
1.55175
0.779398
1.05595
1.4796
0.902673
1.36231
1.19822
0.859721
1.21266
1.55712
1.31572
1.06206
1.12801
1.50508
1.11902
0.878265
1.32085
1.13475
1.55987
1.0555
1.30558
1.15505
0.853773
1.10546
1.10907
1.34601
1.2977
0.620397
1.45148
1.44504
1.37184
0.914595
1.10703
1.41699
0.715692
0.904188
1.12252
1.21006
1.5278
0.834962
1.44073
1.3308
1.51461
1.41949
0.561968
0.492938
1.50673
1.43029
1.45561
1.3219
1.04019
1.49293
0.769274
0.992363
1.11427
1.50771
1.20273
1.56359
1.20396
1.46169
1.3918
1.45451
1.44768
0.932481
0.586346
1.2029
1.38202
1.35351
0.754301
1.2541
1.41541
1.27873
1.33589
1.22593
1.37379
1.22937
1.41713
1.02744
0.985593
1.45678
1.18068
1.54826
1.36205
1.16534
1.5567
0.95664
0.590912
1.46114
1.41712
1.53174
1.03815
1.10433
1.44633
1.23801
0.920974
0.958394
1.18199
1.05186
1.45113
1.55747
1.43528
0.914328
1.14796
1.15587
1.14241
1.13144
1.22829
1.08506
1.44738
1.55166
1.55511
0.999585
1.48053
1.22151
1.22978
1.26215
1.39831
1.08025
0.765224
0.858272
1.02932
0.40498
0.633432
1.42767
1.47035
1.5188
1.28913
1.16663
0.593726
1.32259
1.52433
1.35252
1.54169
0.944308
1.22748
1.37198
1.04539
1.49348
1.48616
1.29984
1.21958
1.2017
1.53963
1.10005
1.43747
1.22801
0.85097
1.27462
0.726396
0.870762
0.988828
0.780696
1.405
1.55964
0.898414
1.50033
1.27416
1.22018
1.29225
1.55619
1.3015
1.24795
0.59987
1.26232
1.4469
1.15245
1.31136
0.97892
1.22059
1.41631
1.28463
1.42664
1.09549
1.31093
1.51027
1.003
1.34801
0.929215
1.04277
0.916288
1.53374
1.28646
1.1772
1.0583
1.49825
1.16872
1.21092
1.06016
0.970563
1.2984
1.48788
1.05585
1.38746
1.33212
1.54594
0.543904
0.74044
0.66126
1.27882
0.784471
1.47768
1.34445
1.56445
1.31437
1.32907
1.39989
1.29795
1.36592
1.17181
1.43177
1.36257
1.283
1.53197
0.967503
1.33893
0.889401
1.41195
1.4257
1.43186
1.15344
1.52696
1.16312
1.14859
1.43165
1.38199
1.34757
1.23661
1.20735
0.735259
1.56814
0.366181
0.820212
0.811667
1.01918
0.779105
0.751094
1.03066
0.763553
1.18126
1.34329
1.33039
0.878677
1.29058
0.769668
0.981524
1.48558
1.52794
1.4302
1.41267
0.709188
0.757584
0.86573
1.23033
1.30257
0.631432
1.45056
1.26746
1.18785
0.796427
1.54125
1.14671
0.903816
1.12903
0.850334
1.0368
1.3425
0.747526
1.20351
1.43157
1.33867
0.75317
1.50272
1.23996
1.01798
0.864474
1.39754
1.09363
1.35439
0.635043
1.19113
1.55181
1.48359
1.33734
1.16011
1.54998
1.03396
0.95226
1.4717
1.01159
1.26308
1.20045
1.54172
1.10101
1.42545
1.35033
1.52158
1.41724
1.50171
1.53191
0.946025
1.55253
1.35245
1.24802
1.52338
1.06394
1.24151
1.30991
1.19109
1.12743
1.17924
1.25921
1.16164
1.24227
1.44771
1.52751
1.50514
1.37844
1.0125
1.48555
1.23927
1.32545
1.32334
0.820561
1.22074
1.41607
1.26586
1.22026
1.06501
1.09721
1.15578
1.18146
1.50711
0.641477
1.52097
0.721811
1.22599
1.27308
1.54742
1.54098
0.65766
0.656312
1.33921
1.2269
1.2167
1.25503
1.32051
1.55387
0.579627
1.06257
1.22353
1.56948
1.15596
0.880003
1.25477
1.31496
1.28312
0.717757
1.32914
1.55255
1.43999
1.32038
1.18548
1.44042
1.10791
1.53923
1.36088
1.56759
1.11712
1.56274
0.683194
0.87629
1.56158
1.53056
1.51517
1.31818
1.20488
1.45531
0.784386
1.56347
0.807599
1.3286
1.51461
1.36263
1.12963
1.03531
1.28137
1.31057
1.05262
1.24132
1.40997
1.00205
1.17029
0.844196
1.49535
1.41668
1.40305
1.13285
1.33438
1.35622
0.567314
1.44461
0.505357
0.990267
1.4807
1.11003
1.38833
1.46271
1.44335
1.51755
1.34112
1.51455
1.48371
1.45328
1.47807
1.32627
1.26816
1.40032
1.55273
1.4618
1.53979
1.39294
1.53655
1.40735
0.612682
1.0334
0.891742
0.879907
1.27238
1.22679
1.32567
1.51206
1.39989
1.40648
1.46869
1.52222
1.20641
0.930085
1.46427
0.951567
1.41183
1.46306
1.19341
1.08705
1.51905
1.29251
1.52122
1.46912
1.3079
1.55129
1.31766
1.01496
1.43231
0.996226
1.06087
1.49739
1.50073
1.19155
1.44716
1.40026
0.878514
1.42795
1.46541
1.4899
1.5174
0.999274
1.37354
0.767512
1.38069
0.956756
0.808239
1.09306
1.00624
1.51193
1.33892
1.323
1.38198
1.31736
1.09306
1.17508
0.92597
1.56201
0.673613
1.54766
0.74483
1.31761
0.918046
1.43451
1.24988
1.50696
1.41227
0.836122
1.48821
0.788302
1.24558
1.46366
0.8535
1.51798
1.38393
1.39559
1.15957
1.5181
1.22034
0.270611
1.01432
0.959559
1.45309
1.53136
1.56384
0.872026
1.04575
1.04074
1.426
1.41344
1.00633
1.04861
1.40419
0.498277
1.15312
0.879032
0.740318
0.850699
1.41769
1.51168
1.29892
1.51584
0.973469
1.51498
1.31463
1.25522
1.14852
1.01784
1.26125
1.3335
1.36855
0.701967
1.55171
1.34876
1.49704
1.25137
1.27056
1.22281
1.19603
1.34876
1.40769
1.42384
1.42159
1.42101
1.17311
1.51095
1.03779
0.594857
0.797598
1.03886
1.35045
1.47792
1.14899
1.42652
0.754189
1.30046
1.52604
1.18476
1.27283
0.498111
0.870855
1.4959
1.39775
0.863391
1.14432
1.42087
1.26375
1.07122
1.27949
1.41758
1.43476
0.643841
1.18329
1.44637
1.34371
0.988423
1.01863
1.38412
1.30156
1.39422
1.12672
1.02571
0.628863
1.06743
0.520757
0.86467
1.34275
0.955492
1.43328
0.731832
0.88202
1.40262
1.3634
1.42693
1.40036
0.739558
0.845709
1.19898
1.43787
1.26043
1.51147
0.935184
0.906953
0.673016
1.48158
1.24394
1.26529
1.06996
0.838856
0.953549
1.19173
0.975609
1.37934
0.971605
0.800114
1.50941
1.38286
1.13829
1.11791
1.30042
1.17386
1.26066
0.894855
1.01167
1.09971
1.4451
1.3375
1.43118
1.23091
1.50789
1.47967
1.2757
1.39982
1.48028
1.35039
1.00705
0.645216
1.43112
1.10059
1.22207
1.53362
1.14747
1.06529
1.49287
1.29015
1.16604
0.960457
1.40543
1.43488
0.988153
1.28035
1.2929
1.41409
1.32131
1.52745
0.796067
1.36569
1.04399
1.3462
1.07988
0.482882
1.40029
1.16722
1.32479
1.18348
0.877818
1.23376
1.06723
1.28166
0.862953
1.04098
1.48285
1.20183
1.14616
1.08451
1.07015
1.07086
0.876675
1.48005
1.43858
0.511133
1.15131
0.943036
0.837365
1.37404
0.991093
1.49792
1.25874
0.952641
1.31538
1.04833
1.36711
1.02022
0.80333
1.35982
1.31275
0.672485
1.15586
1.17482
1.26352
0.882705
1.36961
1.45623
0.802495
1.33892
1.53078
1.05621
1.18956
1.36251
1.51304
0.807732
1.45927
1.07932
0.946636
1.50715
1.53905
1.30694
0.972876
1.30362
1.35717
1.48322
1.00625
1.46112
1.22745
1.52427
1.18343
1.27461
1.20576
1.35526
1.02411
1.39525
1.31206
1.22456
1.29764
1.49712
1.34851
1.48374
1.33205
1.22884
0.674468
1.39565
1.49215
1.47477
0.769228
1.44842
1.22589
1.2558
1.45475
1.23189
1.4899
1.10612
0.742061
0.850414
1.43115
1.41057
1.09858
0.873983
1.29719
1.16052
1.47458
1.13882
1.09504
0.913357
1.16244
1.47599
0.832202
1.12103
1.16616
1.04561
1.48294
1.15309
1.30574
1.04254
1.24242
1.44461
0.933774
1.38617
1.30353
0.644772
1.49106
1.46881
1.53551
1.45519
1.24171
1.0905
1.30106
1.12732
1.10185
0.993487
1.56243
1.54264
1.51804
1.48212
1.30663
0.91342
1.25626
0.811844
1.28678
1.24982
1.35195
0.609455
0.824866
1.12083
1.03984
1.39
1.47121
1.48622
1.30296
1.56135
0.919057
1.37325
1.40258
1.32177
1.21548
0.744172
1.35439
1.17429
1.00212
0.516807
0.623633
0.774368
1.52183
1.3313
1.16442
1.14663
1.30492
0.890974
0.647723
1.38901
1.45248
0.875105
1.38703
1.5374
1.19283
1.19671
1.50063
1.52519
1.41143
1.23639
1.20425
1.46937
1.14871
1.44498
0.855427
1.05742
1.52989
0.705441
1.51403
1.42397
1.13393
1.53576
1.34645
1.52939
0.971748
1.20992
1.23466
1.20166
1.39149
1.23052
1.48754
0.608263
1.31748
1.48916
1.10642
1.12008
1.4045
1.53673
1.3329
0.552341
1.24387
0.757832
0.935583
1.56219
0.998425
1.4567
1.22776
1.52665
0.738011
1.55285
0.80732
1.44218
1.13731
1.25562
1.21853
1.22481
1.53355
1.0771
1.06374
1.34043
1.38221
1.109
1.24634
1.43722
0.989146
1.25921
1.1914
1.24893
1.03415
1.17975
1.56973
1.2749
1.48393
0.905694
1.02175
1.39924
0.838425
1.48334
1.05086
1.01026
1.4451
0.836426
1.34081
1.32317
1.55609
1.36061
1.5509
0.739569
0.821308
1.364
1.18319
1.52604
1.11563
0.734255
0.64394
0.356177
0.780389
0.694315
0.755474
1.18401
1.40382
1.0936
1.18589
1.35078
1.32819
1.42152
1.29751
1.44676
1.33658
0.840057
0.883404
1.55227
1.39298
0.880217
1.44473
1.55554
1.03408
1.36588
0.69352
1.46231
1.23573
1.39207
1.31062
1.49307
0.942922
1.42975
1.14706
0.940709
0.782597
1.01623
1.4435
0.897186
1.51113
1.05845
1.56634
1.2837
0.652507
1.39106
1.1863
0.77191
1.17122
1.54357
1.33864
1.12919
1.09483
1.51394
1.41125
1.52406
1.43229
1.54787
1.53044
0.937965
1.00043
1.24576
1.46522
1.42684
0.638865
1.47637
1.00593
1.37092
0.985673
1.50529
1.19275
1.21231
1.30504
1.55667
1.04631
1.17236
1.56054
1.4403
1.2681
0.843385
1.34314
0.805354
1.04719
1.50969
1.43192
1.41158
1.49297
1.44498
0.833837
1.26682
1.44239
0.844662
0.962826
1.15701
1.06906
1.19133
1.20091
1.15686
1.47639
1.40172
1.43808
1.37341
1.13285
1.02107
0.981416
1.54583
1.29779
0.856378
0.869023
1.23149
1.28945
1.28392
1.20738
1.26423
1.15906
0.878596
1.39152
1.15126
1.38259
1.31711
1.50966
1.39261
1.16501
1.51651
1.29536
1.27257
1.41607
1.21826
1.1652
1.3485
1.53612
1.45626
1.36028
1.55132
1.04085
1.20418
1.10093
1.05434
1.24203
1.36297
1.1371
0.6404
1.40271
1.12557
1.24209
1.10814
1.41285
1.24641
1.45731
1.48145
1.36556
0.863875
1.31266
1.46535
1.4542
1.39943
1.51562
1.21108
0.905296
1.24925
1.13453
1.13084
0.943703
0.81439
0.995045
0.936751
1.50214
1.5009
1.08638
1.24544
0.684965
1.51452
1.19259
1.50733
1.36338
1.20571
