1.53264
1.36407
1.07597
1.41536
1.1801
0.558044
1.27033
1.28543
0.941009
1.10413
0.622589
1.05247
1.21391
1.04105
1.28886
1.41607
1.52855
0.812116
1.39249
1.19808
1.28392
1.03398
1.31457
1.35106
1.38327
1.44073
1.42304
1.35596
1.48089
1.28462
1.1656
1.43457
1.42977
1.11876
0.678076
0.952885
1.30517
1.3615
1.09649
1.08134
1.35139
0.948783
1.48644
1.50419
1.13232
1.22476
1.34519
1.45251
0.842783
1.52934
0.5933
1.39692
1.13939
1.1457
1.03968
1.33067
1.24737
1.41199
1.19468
0.685224
1.56512
1.18765
1.19015
1.30966
1.23098
1.38674
1.03782
1.18324
1.37702
1.55819
1.06716
0.984064
1.17598
1.37577
1.46427
1.39214
1.46657
1.33924
1.25522
1.10839
1.48414
1.49608
1.04056
1.28291
1.38882
1.06745
1.54214
1.22105
1.40961
1.09009
1.3731
0.876599
0.941604
0.875021
1.10869
1.51088
1.01687
1.35639
1.40543
1.17459
1.42238
1.52537
1.02574
1.34708
0.967135
1.35108
1.43987
1.4831
0.8148
0.980535
1.44885
0.919872
1.30523
1.52005
1.15583
1.19417
1.06307
0.588306
1.11056
1.28835
1.08895
0.790916
1.31528
1.30909
1.43962
1.1034
1.18126
1.21227
1.56373
1.34538
0.887729
0.930822
1.04284
0.936051
1.39503
1.50238
1.56427
1.28881
1.50679
1.02013
0.944464
0.831863
1.40442
1.32385
0.754116
0.907266
1.13412
1.35826
1.41464
1.51101
1.05008
1.07621
1.19753
1.37098
1.33573
1.45398
1.02903
1.36606
1.0334
0.501068
1.50023
1.03283
1.10214
1.12401
1.47945
1.41363
0.787754
1.25471
1.36544
1.43824
1.41222
1.44264
1.45696
0.747201
1.53808
0.685209
1.09402
1.38349
1.45567
1.32225
0.835972
1.50771
0.750718
0.991232
1.55841
1.37294
1.31323
1.38112
1.52622
0.952731
0.802255
1.15299
1.11628
0.977022
1.18699
1.53575
1.37926
1.47335
1.03382
1.07718
1.40667
1.42976
1.25798
1.39503
1.42588
1.25798
1.12645
0.808836
1.3842
0.967939
1.14629
0.595192
0.82751
1.02106
0.888706
1.30157
1.14625
1.36665
0.895451
1.33267
1.35251
1.43146
1.21301
1.46096
1.24132
1.27318
0.705185
0.752198
1.49951
1.54478
1.13596
1.05347
1.52708
1.17444
1.5509
1.18244
0.943436
1.49437
0.770996
1.32781
1.25694
1.09764
1.06536
1.39279
1.14006
1.30055
1.30534
1.32215
1.51284
1.33483
1.5313
1.48748
1.53009
0.86662
1.44031
1.09913
1.48782
1.35395
1.48328
1.40871
1.22557
1.26081
0.833149
0.8684
1.44403
1.36558
1.2885
0.760206
1.20045
0.724493
0.952022
0.847352
1.32266
1.5472
1.44738
0.921663
1.37497
0.955201
1.15775
0.983628
1.12743
1.56959
1.52452
1.19993
0.428272
1.56317
1.26964
1.15278
1.1397
1.38748
1.55612
1.41156
1.4558
1.28121
1.26746
1.221
1.29628
1.29516
0.876399
1.05101
1.38865
1.20949
1.43685
1.35405
1.51137
0.965518
1.25192
1.02468
1.29865
1.49008
1.5088
0.845864
1.52699
1.29463
1.48849
1.49461
1.43494
1.52546
1.55711
1.35757
0.970134
1.5686
1.16855
0.624327
0.766133
0.907337
0.885432
1.11092
0.726534
1.33458
1.14412
1.34752
1.49412
1.27863
1.41539
1.22797
1.25747
1.20941
1.56893
1.37223
1.49302
1.44295
1.45315
1.15094
1.41906
1.35545
1.38097
1.35258
1.11731
1.10791
0.758687
1.0182
1.44054
1.16245
1.40569
1.56945
1.01534
0.890003
1.28506
1.37535
1.54172
1.36989
1.23681
1.2704
1.20679
1.34488
0.773265
1.13562
0.970504
1.2642
1.37976
1.22987
0.62042
0.921711
1.53191
1.39834
1.39103
1.55957
1.45704
0.828505
1.5284
1.32775
1.11552
1.27214
1.08905
1.13798
1.41406
1.31206
1.03382
0.593332
1.53084
1.5472
0.656689
1.53817
1.42311
0.720453
1.31651
1.23571
1.19576
1.08443
1.04755
1.21072
0.924099
0.9714
0.97612
1.27659
1.28272
1.28267
0.802916
0.673158
1.0087
1.07486
1.1175
1.27978
1.52946
1.2348
1.4289
1.28894
1.16092
1.54884
1.53233
1.47078
1.42203
1.53991
0.519806
1.40559
1.48396
1.47611
1.50064
1.33089
1.12675
1.28487
1.07143
1.28399
1.52745
1.02382
1.40636
1.06166
1.18982
1.218
0.962193
1.45395
1.46906
0.721509
1.46519
1.37248
0.860871
1.09003
1.28481
0.868478
1.49221
1.28627
1.21862
1.13892
0.827788
1.54693
1.48218
1.39639
1.33724
1.05451
0.877264
1.2608
0.886834
1.02205
1.43329
1.24358
1.38382
0.821553
1.24071
1.11561
1.024
1.45523
1.18176
1.11784
1.56951
1.3777
1.25661
1.38706
1.21651
1.53218
1.45875
1.2794
1.01317
1.10216
1.56231
1.11016
0.711146
1.43882
1.52784
0.821273
1.48581
1.18729
0.952942
1.40781
1.11539
1.56695
0.627817
1.37304
0.817154
0.858277
1.24342
1.43954
1.34851
1.03561
1.01534
0.7848
1.04181
1.55681
1.44962
1.36294
1.52476
1.03214
1.55728
0.46757
1.30302
1.53682
1.22919
1.3195
1.21573
1.43754
1.56005
0.717268
1.00874
1.15378
1.2998
1.46495
0.878445
1.36039
1.39201
0.870494
1.49626
1.28938
0.965901
1.38696
1.45776
0.754957
1.12001
1.52598
1.4256
0.463339
0.940922
1.15572
1.56126
1.38401
1.09592
1.51495
1.47675
0.981949
1.46261
0.724683
1.11867
1.37453
1.35033
1.24242
0.93758
1.40073
1.56022
1.32404
1.33165
1.25455
1.14321
1.46231
1.17838
1.41044
1.52635
1.33733
1.52036
1.41072
1.52702
1.51623
1.27786
1.13233
0.857235
1.4609
1.34701
1.47567
1.32101
1.01927
1.43007
1.35407
1.43205
1.29898
1.39022
1.37242
1.42645
1.30884
1.02371
1.50089
1.11954
1.56591
1.16991
1.13804
1.50544
1.20755
1.44622
1.3089
1.1998
0.635849
1.55355
1.29755
1.34178
1.45192
1.11288
1.52907
1.46648
1.42591
1.56494
0.854379
1.51926
1.31522
1.00082
1.48328
1.4105
1.3202
0.832222
0.865015
1.22855
1.01173
1.44996
1.22262
1.28443
1.00395
1.51992
0.952273
1.31745
0.605102
1.49688
1.01623
1.56311
1.56399
1.36251
1.41624
1.3307
1.55667
1.06811
0.779685
1.25024
1.29758
0.937341
0.904544
1.44996
1.22775
1.51654
1.2857
1.16915
0.814496
1.08347
1.44793
1.55743
1.20731
1.15072
1.25503
0.963622
1.54302
0.889473
0.918679
1.28201
1.1335
1.32995
1.33886
0.788433
1.21966
1.49259
0.727824
0.918992
1.41514
1.37938
1.41424
1.14062
1.47538
1.03033
1.42607
1.21603
1.40384
1.39811
1.33987
1.56311
1.56268
1.42274
0.884108
1.39967
1.14271
1.30378
1.55804
1.18357
1.48898
1.09792
0.899737
1.18113
0.776751
0.314974
1.45438
1.43276
1.28048
1.52122
1.08292
1.52849
1.15471
1.49675
1.14616
1.48765
1.48343
1.26855
1.07323
0.758694
1.52514
1.23425
0.856201
1.28716
1.53531
1.49314
1.16693
1.26228
0.876114
1.53915
1.55859
0.480176
0.902646
1.14709
1.18532
1.22538
0.899895
1.37609
1.53557
1.33949
1.51235
1.56393
0.822937
1.32638
1.39676
1.2948
1.40011
1.49125
1.36001
1.4186
1.49253
1.45693
1.27091
0.926581
1.49718
1.32136
1.24235
1.48077
1.36244
1.01199
1.31181
1.35694
1.56005
1.38143
1.38036
1.21832
0.969466
1.49504
1.28812
1.49057
1.5462
1.43549
1.23745
1.23386
1.1141
1.12278
1.47648
0.802051
1.47307
1.17154
1.56982
1.08244
1.06092
1.28386
1.26643
1.13044
1.46246
1.33587
1.44993
1.47099
1.28159
0.926106
1.04331
1.42538
0.471821
1.0233
1.16803
1.48541
1.38817
1.42366
1.30978
1.40605
1.43908
1.24602
1.13394
1.07393
1.34893
1.43907
1.21324
0.934618
1.28557
1.22946
1.43432
1.43402
1.56161
1.45481
1.35845
0.792955
1.45869
1.15847
1.27442
1.32686
1.3736
0.51464
1.55749
1.49149
1.54588
1.22113
1.48207
0.630825
1.39205
1.23183
0.64354
1.482
1.36525
1.4601
1.03519
1.40816
1.47531
0.498025
1.37996
1.16874
1.56842
0.980877
1.53136
1.54778
1.15141
1.48881
1.54803
1.14126
0.999363
1.50358
0.961619
0.976925
0.917925
0.658039
1.0073
0.994497
1.00184
1.24305
1.38386
1.3029
1.52198
0.704831
1.07503
1.42465
1.4709
0.910977
0.837674
1.03312
1.14561
0.632924
1.06814
1.56407
1.20337
1.56042
0.895685
0.983817
1.45322
1.5534
1.33585
1.21038
1.17703
1.10594
0.712259
0.860239
1.18482
1.32721
0.851653
1.27381
1.39213
1.28596
1.32982
1.13198
1.13831
1.22955
1.2153
1.20967
1.3838
0.971837
1.54681
1.07187
0.500953
1.5305
1.01349
1.43006
0.920064
1.5014
1.43704
1.07607
0.797018
0.818952
1.47685
0.992538
1.55041
1.37055
1.33529
1.32699
1.4342
1.4569
1.42617
0.987416
0.848853
1.47666
1.36312
1.41644
1.21741
1.35211
1.48978
1.05709
0.823292
1.11471
1.42512
1.27283
1.52702
1.53743
0.91361
1.54543
1.16471
1.36251
1.42693
0.8001
1.36109
1.42847
1.52989
1.17333
1.25516
1.09531
1.11697
1.17214
1.45746
1.17042
0.989614
0.969347
1.0897
1.51883
1.12597
1.17181
1.27621
0.966205
1.18007
1.56216
1.29193
1.22272
0.986941
1.54842
1.38274
1.25644
1.52137
1.32982
1.38036
1.02715
1.2626
1.39279
1.53454
1.56988
1.40017
1.47734
1.42471
0.932592
1.05747
1.0484
0.829255
1.37161
1.37375
1.3517
0.837688
1.2965
0.939243
1.04928
1.18995
1.05987
0.964732
0.834014
1.02141
0.700545
1.2732
0.923427
1.34516
1.55975
1.13178
1.45838
1.4015
1.46608
1.19658
1.27014
1.21794
0.507434
1.02499
1.47277
0.888926
1.45991
0.833015
1.53206
1.26061
0.940769
1.38106
1.24757
1.05844
0.999737
1.50605
1.40008
1.57019
0.295369
0.846574
1.51161
0.885462
1.14684
1.55561
0.790092
1.46126
1.44147
1.18014
1.35225
1.05734
1.30524
1.20836
1.26966
1.48451
0.899
1.35954
1.13482
1.00037
1.17795
1.23622
1.48435
1.53038
0.817936
1.52647
1.29206
1.44984
1.29085
1.41396
1.44907
1.19821
1.43251
1.20346
1.44547
1.37459
1.3269
1.38072
0.915766
1.10736
1.10812
1.52626
1.45961
1.56951
1.09888
1.56586
1.51357
1.36749
1.37637
1.21468
1.27167
0.510047
0.834774
0.881997
1.46353
1.45853
1.45328
1.39874
0.865534
1.34613
1.49688
1.15793
1.01665
1.42185
1.28926
1.25824
1.49391
1.14475
1.06232
1.32709
1.14851
1.40358
1.15942
1.17875
1.19271
1.19639
1.27545
1.24749
1.47536
1.21755
0.613879
0.914524
0.45665
1.43165
1.56665
1.37488
1.34453
1.40197
1.26509
1.50966
1.35995
1.34028
1.47614
1.29497
1.16687
1.3053
0.977114
1.344
1.0791
1.33874
1.17107
1.55471
1.20404
1.41802
0.780316
1.47896
1.26628
1.2863
1.03141
1.5338
1.53777
0.612733
1.36655
1.44393
1.30974
1.02261
1.34273
0.963947
0.823912
1.23099
1.5508
1.3302
0.850675
0.850288
1.5022
1.38159
1.3144
0.861683
1.46906
1.5686
1.47914
1.32089
1.51406
1.059
1.45875
1.09614
0.945534
0.995915
1.27978
1.41483
1.28503
1.44682
1.53395
0.874525
0.740574
1.07107
0.808955
1.23457
1.31244
1.36724
1.11821
1.37147
1.41903
1.34957
0.702275
0.963874
1.52995
1.35489
0.902291
1.39683
1.17802
0.937496
1.2711
1.1756
1.48651
0.87952
1.03411
1.37522
1.07988
1.40809
1.27538
1.15376
1.29821
1.44279
1.17032
1.26547
1.05672
0.880551
1.1305
1.55828
1.53466
1.15905
1.24022
1.47795
1.02208
1.29332
1.1603
1.43863
0.967542
0.938498
1.45733
0.844967
1.06501
0.850407
0.817216
1.21488
1.23532
1.56146
1.11343
1.27481
1.37077
1.10703
1.23473
1.20797
1.37304
1.35555
1.11845
1.11913
1.44368
1.07704
1.08503
1.24789
1.47697
1.4888
1.17689
1.18373
1.55669
1.08838
1.52114
1.20208
1.55801
1.5352
1.3916
1.42514
1.25365
0.408523
1.2418
0.940895
0.837184
1.4959
1.17795
1.01395
1.4346
0.397198
0.862328
1.53081
1.38588
1.51902
1.56399
1.26265
1.05484
1.50355
1.35631
1.43081
1.4211
0.880145
1.46584
0.95256
1.49469
1.53199
1.30036
1.4387
0.808813
0.894794
1.29415
0.662949
0.699185
1.27532
1.50422
1.49883
1.5181
1.50764
0.582971
1.18389
1.50428
0.807947
1.30099
1.31238
1.41483
1.14716
1.18367
1.23528
1.39574
1.30233
1.48855
1.14379
1.44411
1.31395
1.25728
1.16478
1.52287
1.56344
0.919212
1.1751
1.50905
1.04438
1.40042
1.15725
1.48091
1.44805
1.14818
1.24054
1.2609
1.11404
1.52427
0.992756
1.1997
1.12908
1.19606
1.3882
1.1759
1.09279
1.31214
1.36531
0.854387
1.22548
1.13972
1.56266
1.27034
1.45924
1.26099
1.5531
1.54349
0.935844
1.0662
1.57025
1.32517
1.43741
0.921848
1.15337
1.19652
0.983629
1.5454
1.33523
1.38174
1.12673
1.56189
0.813591
1.06026
1.53432
1.36637
1.51694
1.11084
1.54262
1.44443
1.07688
0.832253
1.4451
1.33238
1.48765
1.56317
1.04323
1.45206
1.33529
1.47268
1.34544
1.21898
1.10781
1.07294
1.41217
0.870869
0.86012
1.45865
1.02207
1.367
1.31515
1.09545
0.994172
1.33523
1.45386
1.32322
1.52201
1.36126
0.888298
1.06547
0.905015
1.46898
1.18093
1.47179
1.39707
1.18297
1.55627
1.49272
1.24171
1.46519
0.975655
1.2012
0.877343
1.50091
1.50556
1.07321
1.46059
1.496
1.4375
0.817566
1.24055
0.814212
1.23098
1.30207
1.37185
1.14569
1.27549
1.0318
1.41736
1.20516
0.876367
1.1867
0.913711
1.12771
1.23522
1.42909
1.32011
1.14309
1.45362
1.31414
1.12327
0.818491
0.518399
1.50134
1.41523
0.752776
1.40351
0.926581
1.15786
1.07479
1.16244
1.04028
1.11478
1.39174
1.35132
1.29561
1.30403
1.29355
1.49409
1.27519
1.22333
1.41321
1.56051
0.798532
1.12316
0.900517
1.42051
0.389434
1.33623
1.02883
1.24592
1.2182
1.40714
1.5628
1.54736
1.2808
1.01487
1.51785
1.0678
0.834306
1.51076
1.44502
1.5283
1.01173
0.995723
0.775061
1.30419
1.27162
1.38918
1.23615
1.05153
0.942269
0.8581
0.655833
1.38783
0.97667
0.798215
1.08664
1.34347
1.47002
0.819166
1.38087
0.705732
1.4739
1.04063
1.29824
1.30777
1.48601
0.826851
1.50355
1.30902
1.31421
1.3263
0.893614
1.11744
1.13905
1.10434
1.30072
0.865002
1.14394
1.27787
1.09876
1.31876
1.35623
1.50489
1.54363
1.50256
1.20894
0.760919
0.832515
1.53282
1.47415
0.777816
1.40029
1.55682
0.892007
1.34149
0.851483
1.33472
1.46967
1.44012
0.977707
1.49694
0.71192
1.18072
1.21553
1.30855
1.32555
1.47924
1.44642
0.990405
1.45687
1.33617
0.863987
1.18204
1.15566
1.2558
1.2281
1.51461
1.51199
1.08686
1.06715
1.33803
1.56588
0.923307
1.51115
1.33433
0.735584
1.0491
0.700616
1.18075
1.38645
1.20026
1.09167
1.4037
1.37671
1.30525
0.193288
0.880959
1.41557
1.28939
1.32712
1.11555
1.56572
1.47954
1.10203
1.47327
1.48432
0.995864
1.0823
1.07309
1.35939
0.846165
0.539399
1.06124
1.24686
1.52922
0.793711
0.976364
1.1251
1.40481
1.203
1.48337
1.21809
1.3166
1.49449
1.28538
1.4188
1.55068
1.43907
1.25699
1.13103
0.849976
1.36407
1.54192
0.912765
0.931676
1.39565
1.43657
0.781505
1.18277
1.4674
1.43596
0.950482
1.3704
1.4793
1.56903
0.501168
0.87149
0.890803
1.50875
1.33447
1.53679
0.815113
1.34657
0.955483
1.27487
0.930636
1.47991
0.782465
1.31921
1.25496
1.47125
0.856256
1.5067
1.50844
0.924353
1.52583
1.06957
1.15151
1.20673
0.861521
1.40266
1.01388
1.19496
1.46135
1.05077
1.46028
0.891615
0.990166
0.963247
1.5418
0.826785
0.460195
1.302
1.46878
0.968532
1.18416
0.695857
0.75622
0.929996
1.4404
0.964486
1.43531
1.56408
0.644571
1.48279
1.52322
1.23312
1.44922
0.823143
1.54748
0.509932
1.09244
1.39611
1.30555
1.44141
1.56958
1.09166
1.01974
1.3102
1.30084
0.755612
0.894979
1.41188
1.47274
1.07235
1.2219
0.981427
0.812819
1.31376
1.46331
1.50599
1.24219
1.45186
1.14144
1.23719
1.09511
1.55621
1.04485
1.45788
1.56909
1.42989
1.11696
1.50043
1.12496
1.19356
0.787738
0.838056
1.10678
1.06578
1.10519
1.24394
1.55963
0.589922
0.833606
0.782381
1.30947
1.38795
0.998504
1.51394
0.640774
1.37497
1.56543
1.30642
0.945818
1.16312
0.691044
1.46249
1.48772
0.550727
0.706111
1.0576
1.40797
1.36949
1.34131
1.50624
1.11722
1.54846
0.874375
1.12354
1.07899
0.574783
1.10538
1.07946
1.53543
0.987957
1.26936
1.46483
1.41579
0.965569
0.996756
1.03854
1.46788
1.45094
1.12148
1.01928
0.678995
1.08886
0.85964
1.22486
1.44473
1.4906
1.56927
1.52204
1.55224
1.01689
0.668089
1.45693
1.33636
1.09576
1.44799
1.23861
1.26602
1.30473
1.18875
1.40184
1.36232
1.33129
1.49221
1.2718
0.960378
1.47016
1.30476
1.08713
0.598136
1.23376
1.28882
1.09051
1.3029
1.49791
1.3015
1.14425
1.21883
0.73146
1.11887
0.464368
1.35258
1.19823
1.15965
1.09167
1.29075
1.56005
1.44793
1.49871
0.842375
0.83024
0.946535
1.02026
1.13286
0.94844
1.24145
1.17644
1.3986
1.48419
1.01367
1.15331
1.20882
1.30991
1.26688
1.02872
1.46117
0.530364
1.06694
1.49034
1.3015
1.36805
1.51309
0.752716
1.32932
1.23771
0.883137
0.926787
1.17404
1.41156
1.42205
1.13622
1.16052
1.04974
1.35097
1.01035
1.51159
1.22184
1.39331
0.978742
1.11104
1.50391
1.46053
1.05732
1.56524
1.53899
1.30146
1.07012
1.51211
1.36425
0.792546
0.853591
1.09487
1.4891
0.939262
0.668168
1.32759
1.23715
1.48546
1.18132
1.14717
0.938558
1.46717
1.2851
1.50801
1.13514
1.12547
1.39112
1.56114
0.887271
1.45217
1.45729
1.54113
1.10931
1.54339
1.46875
1.26202
0.891685
1.12175
0.974471
1.49002
1.50764
0.934611
1.49787
1.31818
0.24412
1.4709
0.970868
1.33623
0.548911
1.33212
1.06109
1.06508
1.09781
1.03226
1.26317
0.818504
1.46375
1.56549
1.04113
1.52928
1.54288
1.44836
0.94559
1.14294
1.33311
1.31029
0.806751
1.37684
1.17611
1.29795
1.40494
1.38019
1.48549
1.49057
1.13306
1.46094
0.893096
1.30449
1.11029
1.38659
1.14341
1.01466
1.55995
1.26109
1.38255
1.3335
1.24832
0.58579
1.00994
1.37627
1.28561
1.42694
1.0655
1.47772
1.23764
1.27736
1.35414
1.53227
1.06919
1.33642
1.04317
1.22159
1.18666
1.5331
1.45696
1.28513
0.998555
1.22184
1.40926
1.53844
1.44162
1.50272
1.43833
1.49522
1.38833
0.93431
1.38516
1.56628
1.30713
1.48175
1.2765
1.10258
1.2016
1.05605
1.27496
0.58894
0.967907
1.30806
1.33011
1.45168
1.33208
1.41718
1.50189
1.2167
1.39447
0.873411
1.32158
1.46881
1.38311
1.54052
0.705032
1.55792
1.29821
1.25555
1.30232
0.618103
1.3633
1.25336
1.47022
0.716833
1.36157
0.919686
0.795987
1.42526
1.4164
1.33441
0.874154
1.45924
0.523899
0.904263
1.18627
1.02213
1.4439
1.04502
1.34225
1.21326
1.48815
1.3593
0.880719
0.825793
0.769521
1.17313
1.47695
1.41347
0.808586
1.08375
0.556628
1.56921
1.09141
0.887059
0.817176
1.552
1.50688
1.43198
1.3493
1.04445
1.27232
1.128
1.44799
1.54208
0.831881
1.41415
1.41434
1.54092
1.51379
1.1986
1.47072
1.55778
1.22742
1.5312
1.21381
1.46022
0.858213
1.50948
0.951755
1.5052
1.23346
1.4962
1.24879
1.52849
1.17809
1.2504
1.36007
0.61141
0.961951
1.52427
1.33045
0.653583
0.905952
0.792324
1.43371
1.44034
1.12171
1.39701
1.3954
1.19199
1.03623
1.06228
1.08589
1.17637
1.26067
0.877193
1.3482
1.48475
0.98057
1.38268
0.874672
1.01849
1.49747
1.03237
1.05203
0.93985
1.1187
1.53235
1.3989
1.38802
1.53282
1.47816
0.78542
1.10982
1.52623
1.16265
1.56364
1.1872
1.10357
0.648883
1.04409
1.29307
1.25682
1.55697
1.44879
1.0564
1.41736
1.28852
1.23039
1.56574
1.01271
1.3892
0.944003
1.13978
1.18356
1.09841
1.37985
1.54998
1.21208
0.893468
1.45414
1.2852
1.3477
1.29422
1.10627
0.880489
0.817968
1.07224
1.23163
1.32268
1.43417
0.851152
1.33648
1.25413
1.01287
1.14265
1.23208
0.886662
1.08941
1.49229
1.16635
1.37976
1.11833
1.43525
1.04953
1.45471
1.43608
1.32155
1.37624
1.34663
1.01904
0.582045
0.815065
1.20222
1.16411
0.81351
1.44237
1.33993
1.44415
1.34006
1.31517
1.28134
1.20202
1.39447
1.39025
1.40153
1.38361
1.38361
1.03645
0.666761
1.25201
1.38883
1.30856
1.19268
1.15071
1.3943
0.930078
1.11574
1.19967
1.35705
1.11247
1.28054
1.07566
0.946132
1.09477
1.19416
1.44706
1.13182
1.51088
0.696866
0.925173
1.38654
1.364
1.42258
1.00683
0.529891
1.32655
1.14924
1.27053
1.14207
1.11052
1.17352
1.1598
1.47746
1.44953
1.01418
1.01594
1.4716
0.838341
0.739983
0.912151
1.50067
0.669404
1.38516
1.27437
1.40364
0.917618
1.33298
1.2017
1.56039
1.47697
1.22294
1.51486
0.887822
1.52885
1.51058
1.28303
1.4074
1.4265
1.00508
1.10347
1.48604
1.23148
1.38839
1.21404
1.38392
0.886777
0.527594
1.16895
1.3787
1.46337
0.814374
1.22732
1.10265
1.3607
1.32768
1.2625
1.37379
1.37229
1.47059
1.5146
1.4097
1.05606
1.25632
1.2138
1.53765
0.971842
1.17472
1.45961
1.52184
1.16005
1.34444
1.55999
1.08547
1.20779
1.04205
1.29632
1.24151
1.21324
1.44098
0.878836
1.35241
0.2217
0.857305
1.38038
1.51254
1.10837
1.03986
1.35292
1.41415
1.11893
1.53242
1.02018
1.07249
1.42597
1.40085
0.990201
1.49743
1.37608
1.15606
1.27474
1.18258
1.45838
1.4801
1.35239
1.49487
0.784558
1.23254
1.31168
1.40583
0.532009
1.49608
1.36537
1.48775
0.808626
1.39751
1.52956
1.26586
1.55371
1.29199
1.49075
1.15172
0.883795
1.51755
1.53722
0.766481
1.49055
1.41832
1.29748
0.847815
1.54479
1.5418
1.41242
1.55047
1.42872
1.43673
0.550591
1.27353
1.54254
1.45979
0.814455
1.51758
0.67883
1.41464
1.23163
1.13819
1.35405
0.929432
1.29383
1.40639
1.31524
1.31831
1.37063
1.3391
1.4819
0.655138
0.964277
1.11248
1.3936
1.30359
1.42515
1.53548
0.791238
1.46323
1.28506
1.21325
1.22041
1.35595
1.00115
0.788108
1.14529
0.452552
1.06522
1.46222
1.1156
1.06939
1.36541
0.798476
1.02091
0.948906
1.41522
1.3612
0.858095
1.00044
1.26144
1.18707
1.53936
0.95263
0.901284
1.25612
1.34156
1.12306
1.29758
0.603747
1.56082
1.40865
0.612281
1.14335
1.46261
1.14288
1.21481
1.06469
0.827096
1.40599
1.01133
1.31837
1.45471
1.45108
1.52696
1.55747
0.840973
1.26016
1.49473
1.13157
1.1863
1.297
1.24048
0.96908
1.55206
1.56486
1.51012
0.881587
1.53727
1.50832
1.48745
1.462
1.42341
1.31578
1.36701
0.779311
0.935092
1.45712
1.55285
1.42989
1.13218
0.593115
1.51957
1.45488
0.684993
0.602499
0.780064
1.32409
1.06459
1.24506
1.33488
1.32819
1.35458
0.595616
1.19123
1.57
1.09953
1.25869
1.29937
1.29615
0.79949
1.55459
1.29637
0.903704
0.926871
1.39348
1.28575
1.47493
1.52647
1.16052
1.42699
1.33526
1.11555
1.36295
1.39602
0.736174
1.54125
1.28385
1.47139
1.19737
1.15416
0.748566
1.218
1.5444
1.08508
1.01309
1.53301
0.621289
1.39099
0.559214
1.43728
1.28067
1.01693
1.22937
0.879921
1.38143
1.47734
0.960924
1.43747
1.46311
0.934439
1.36753
1.38733
1.15147
1.21599
1.47559
1.25458
1.1425
1.0832
1.54388
1.34808
1.48328
1.46758
1.44101
0.800126
0.86478
0.844302
1.16499
1.23066
1.5548
1.52262
1.12867
1.36045
1.20578
1.14924
0.607759
1.30137
1.22962
1.26413
0.445107
1.5545
1.57031
0.958939
1.27876
1.2555
0.961976
1.17055
1.43445
1.51987
1.35251
1.09567
1.23325
1.23081
1.107
1.30799
0.931668
1.16444
1.38656
1.2578
1.25684
1.12715
1.24061
0.726341
0.731204
1.55883
1.13993
1.42511
1.15318
1.13764
1.48285
1.32593
1.54794
1.17776
1.04507
1.29647
0.792767
1.36301
1.26592
1.38569
1.28242
1.06784
1.36152
0.655288
1.25701
1.16711
1.24963
0.822183
1.54504
1.38473
1.47752
1.20287
1.05473
1.41121
0.7583
1.04615
1.00054
1.37404
1.20862
1.2408
1.54186
0.915246
1.293
1.49353
0.794734
1.34895
1.56677
1.33136
1.11548
1.45761
1.3759
1.02992
1.4352
0.876985
1.27175
1.36503
0.911647
1.14308
1.55303
1.42687
1.3562
1.43014
1.03425
1.3778
1.00377
1.45684
1.27838
1.33849
1.455
1.18482
0.945755
1.01655
0.762936
0.665699
1.00401
0.902451
1.19698
1.45447
0.889547
1.3846
0.982591
1.3792
1.26407
1.2087
0.591042
1.27487
1.26315
0.926443
1.41922
1.53734
1.56048
1.41415
1.21605
1.28405
1.12516
1.43991
1.06655
1.21943
1.37134
1.54467
0.789222
1.027
1.36201
1.39594
1.28137
1.00052
1.20012
1.56462
1.29552
1.56446
1.43356
0.942511
1.56646
1.23796
0.714855
1.09974
1.3905
1.40649
1.13083
1.05135
1.50752
1.3593
1.33754
1.53026
1.03619
1.02335
1.54537
1.31397
1.56811
0.737408
1.51446
1.08934
1.196
1.27529
1.55609
0.973904
1.21359
0.583027
0.948108
1.36584
1.48641
1.15679
1.06745
0.603423
0.782638
1.32124
0.779759
1.51508
1.27244
1.4502
0.927299
1.23053
1.34901
1.29503
1.41631
1.50835
1.11767
1.16145
1.26311
1.32907
1.5482
1.33648
1.2348
0.732461
1.49467
1.13602
1.15659
1.40401
1.23735
1.1726
0.828868
1.35786
1.26944
1.06946
1.01604
1.33045
1.5115
0.858208
1.28926
1.17721
1.08049
0.823966
1.37683
0.809733
1.5498
1.49204
1.48812
1.4581
1.38634
1.49281
1.23405
0.727515
1.23408
1.33277
0.983094
1.45125
1.35323
1.56393
1.16623
1.3993
1.24177
1.44319
1.04647
1.37491
1.48328
1.10382
1.56037
0.885954
1.45506
1.12746
1.47544
1.46489
1.21064
1.49443
0.967845
1.22541
1.44535
1.55374
1.23341
1.49914
1.46903
1.31556
1.20735
1.43826
0.660535
1.21586
1.28099
1.48464
1.36893
0.849053
1.49106
1.45945
1.4842
1.51377
1.2858
0.808225
1.08454
1.30026
1.23778
1.3236
1.52526
1.275
1.30333
1.04791
0.916945
1.47486
1.42369
1.53704
1.23758
1.04832
0.904393
1.55676
1.56514
1.21533
1.36494
1.31692
1.12278
1.37018
1.06634
1.2243
0.907148
1.23968
1.35856
1.2408
1.01137
1.41328
1.3885
1.44292
1.31427
1.05164
1.40401
0.657647
1.38099
1.52393
1.23564
0.886951
1.32065
1.26074
1.38864
1.12584
1.40042
0.35805
1.31367
1.09078
1.40271
1.24377
1.35402
1.22696
1.02342
1.38485
1.09395
0.720001
1.42013
1.42133
1.47129
1.47574
1.46488
1.27212
0.67243
0.654216
1.46962
1.25265
0.716903
0.63484
1.54162
1.55822
1.54955
1.55332
1.54607
1.5291
1.32391
0.757472
0.88238
0.537446
1.43442
1.01282
1.54736
1.37534
1.43513
1.55645
1.17108
1.17019
1.56451
1.02285
0.820834
1.35714
1.46918
1.31326
1.36637
0.555031
0.84878
1.51871
1.40976
1.33516
1.49672
0.827298
1.28511
1.54284
1.35345
1.22385
1.06253
0.864282
1.41532
1.41069
1.27204
1.38411
1.29859
1.45008
1.33315
1.46415
1.35211
1.06754
1.09738
1.0086
0.835756
1.1412
1.54266
1.22268
1.07191
1.43118
1.51131
1.40152
1.52511
1.44286
1.2681
1.52348
1.2421
0.939345
0.800406
1.38752
1.52042
1.2126
1.49385
0.747536
1.13979
1.38808
1.39165
1.34955
1.51388
1.12394
1.07476
1.30738
1.02622
0.808065
0.877404
1.32089
1.47111
0.969923
0.929468
1.46133
1.21636
1.44325
0.409108
1.10858
1.007
1.53047
1.02628
1.30666
1.36039
1.49782
0.796381
0.527114
1.17942
1.31503
1.47114
1.54966
0.923935
0.828992
1.03971
0.854282
1.3998
1.23409
1.3596
0.749341
1.09022
1.30751
1.35462
1.47292
1.31162
0.802988
0.76034
0.998896
1.17334
1.26626
1.47125
0.794654
1.36615
1.23913
1.4728
1.11261
1.53447
1.53065
1.32667
1.12137
1.03823
0.850738
1.52641
1.45997
1.35792
1.30593
1.51058
1.49571
1.10518
0.92038
0.779263
1.38186
1.55621
0.837479
1.37116
1.29523
1.54461
1.35126
1.40203
1.36357
1.44325
0.907525
1.45242
1.35739
1.49339
1.25018
1.20966
0.919057
1.2504
1.5268
1.29377
0.732005
1.45549
1.00155
0.792132
1.54759
1.51278
1.0793
1.53676
0.802833
1.21429
1.28038
0.76614
1.44544
0.654902
1.51692
1.49828
1.38417
1.19048
1.54833
1.55935
1.30783
1.41973
1.22457
1.15848
0.881751
1.42113
1.18192
0.806448
1.2304
1.49782
1.27474
1.53692
1.02877
1.47461
1.54978
1.27921
1.23788
1.12743
1.45614
1.47728
0.913019
1.34795
1.44344
1.11615
0.712954
1.26616
1.24403
1.01925
1.22287
1.36404
1.28704
1.24127
0.64721
1.2631
1.38311
1.37609
0.913969
1.42193
1.38516
1.31862
0.60356
1.34269
1.44256
1.19414
1.46265
1.53316
1.54627
1.38283
0.794974
0.445112
1.56567
1.3263
0.947234
1.28194
1.43362
0.921745
1.4105
1.56427
1.0275
0.488412
1.16319
1.17663
1.49996
0.949332
1.30801
0.990205
1.36463
0.753743
1.53508
1.10787
1.54366
1.51284
0.940112
1.57049
1.37011
1.4223
1.34394
1.30447
1.48316
1.4872
1.26509
0.603266
1.24586
1.53762
0.896992
1.3492
1.10755
1.23764
1.24873
0.921293
1.23086
1.32203
1.47991
1.00849
1.4939
1.42705
1.4701
1.09196
1.26002
1.52971
1.12103
1.18098
1.02805
1.5415
1.40642
1.32284
1.54888
1.49856
1.06263
1.39242
1.23786
1.56778
1.1958
0.962538
1.37808
1.19875
1.38963
1.29117
1.46458
1.01054
1.35833
1.10248
0.709726
1.54076
1.10668
0.97642
0.492367
1.15742
1.33638
1.14374
1.28004
1.19678
1.43987
1.49984
1.41826
1.24138
1.33061
1.4006
1.00415
1.5594
0.649946
1.15448
1.01092
1.06906
1.28827
1.33147
1.56485
1.33365
0.803192
0.970151
0.838629
1.42384
0.854909
1.53383
0.899621
1.09298
1.3914
1.54806
1.03639
1.319
1.03112
1.54333
1.30446
0.788489
1.07544
0.830086
0.926322
1.2337
1.30735
0.476692
1.53734
1.40576
1.25398
1.37938
1.42317
1.27586
1.36251
1.17855
1.49651
0.746234
1.19304
1.16391
1.04768
1.18226
1.00835
1.20937
0.747824
0.434531
1.19291
1.01439
1.38864
1.30909
0.661101
1.43057
1.40583
0.971869
1.47513
1.53685
1.44027
1.27991
1.5283
1.49291
0.83268
1.23732
1.40622
1.00301
0.915697
1.37472
0.942191
1.37623
1.56887
1.55761
1.45942
1.46415
1.37913
1.40827
0.548376
0.762173
1.28807
0.66726
1.35348
1.43318
0.862933
1.11697
1.10284
0.953669
1.12306
1.4674
1.24854
1.41094
1.18046
1.46059
1.29592
0.9014
1.27551
1.30999
1.34463
1.25939
0.76686
1.54153
1.26804
1.16956
1.2464
0.948422
1.34256
1.49351
1.41545
1.299
0.966587
1.52705
1.18444
1.26077
1.40475
1.55578
1.45647
1.3361
1.53356
1.38609
0.941672
1.28115
0.698675
1.37472
1.56692
1.46845
1.35457
1.51795
1.15665
1.27755
1.53227
0.885574
0.816693
1.17537
1.55194
1.54687
1.03227
1.21728
0.921651
1.37932
1.51095
1.31499
1.49985
1.27155
0.810899
1.26055
1.05012
1.42038
1.05494
0.977349
1.38724
1.0574
0.968448
1.48126
1.53917
1.09314
1.46728
1.24753
1.32193
1.04197
1.16816
1.37901
1.53484
1.31723
1.34569
1.05114
1.36859
1.45826
1.55068
1.29307
0.875528
1.4632
1.56073
1.09601
0.942882
1.40001
1.14208
1.34065
0.918349
1.2361
1.38199
0.732041
1.27615
0.564266
1.38578
0.789454
0.852384
0.949651
1.12833
1.25484
1.32231
1.54418
1.31446
1.42057
0.971448
1.38572
1.35008
1.29802
1.25862
1.25545
1.51565
1.44756
1.0549
1.29913
1.28977
1.40815
1.34022
0.820111
1.50355
1.27241
1.42588
1.20223
1.09005
1.5072
1.29475
1.05906
0.954812
1.47415
1.43128
1.45991
1.05133
0.769153
1.49149
0.563637
0.893303
1.50575
1.08596
1.09123
1.06927
1.49476
1.39434
1.36774
1.258
1.02998
1.54412
1.06021
1.15732
1.30653
1.54211
1.47746
1.52592
0.889852
1.16949
1.48374
1.52901
1.29178
1.36986
1.38243
1.076
1.47662
1.18154
1.33842
1.13415
1.1839
1.20823
1.52568
1.45377
0.831446
1.10569
1.03632
1.51223
0.942343
1.3592
1.31141
1.28181
1.07814
1.05017
1.37872
1.25532
1.35502
1.51954
1.56268
1.43679
1.39453
0.589525
1.22821
1.05361
0.831682
1.42807
1.54128
1.55233
1.55627
1.32379
1.29504
1.13017
1.31294
1.11099
1.25223
1.37506
0.806608
1.49694
1.03585
1.20588
0.983868
1.10583
1.21319
0.840191
1.3034
0.788677
1.35964
1.38532
1.06256
1.36594
1.53481
0.96003
0.919744
1.29104
1.0825
0.663763
1.52099
1.20037
1.5393
1.33799
1.26304
1.20758
1.21645
1.29837
0.546394
0.872356
0.921909
1.29171
1.38851
1.11778
1.20654
0.717649
1.26202
1.16398
1.27136
1.26372
1.31661
0.888201
1.37326
0.881441
1.39304
1.42162
1.2395
0.693113
0.993334
1.31411
1.10781
1.11648
1.19973
1.43245
1.50428
1.38819
1.43734
1.56588
1.45709
1.43808
1.37453
1.56369
1.00853
1.28198
1.55468
0.804811
1.53979
0.861572
1.41529
1.36135
1.00162
1.06985
1.32492
1.53001
1.41872
1.03631
0.780127
1.52824
1.07527
0.853222
1.25751
1.31875
1.45893
1.47338
1.13144
1.21569
1.18415
1.54815
1.43845
1.1381
1.40531
1.33755
1.16965
0.868288
1.42079
1.40945
0.797849
1.21895
1.51269
1.46218
1.4692
1.45696
1.36325
1.37593
1.41952
0.741927
1.47167
0.867683
1.4075
0.889626
1.27189
1.28302
1.20427
1.37783
1.54375
1.06857
1.34579
0.891139
0.876822
1.24448
1.50563
1.14549
1.35308
0.686112
1.08817
0.817763
1.32128
1.22724
1.24561
0.952177
1.39259
1.11119
0.956835
1.47788
1.29066
1.07461
1.13522
1.14569
1.29992
1.14167
1.22995
1.35082
0.885489
1.03615
1.51671
0.91967
1.41851
0.71911
1.29597
0.898512
1.33039
1.32045
1.45358
1.42613
1.28684
1.532
1.10698
1.34131
1.00948
0.956824
0.699823
1.55908
1.01524
1.45767
1.06446
1.52232
1.55407
1.34099
1.36746
0.931153
1.5148
0.750752
1.12027
1.44513
0.59806
1.48751
1.33623
1.41542
1.31938
1.31717
1.26356
1.36974
1.31859
1.5093
1.09612
1.37715
1.37675
1.46671
1.16378
0.895046
1.39625
1.20718
1.36251
1.28443
1.42622
0.949227
1.02803
1.44368
1.13191
0.789734
1.34262
1.35314
1.12269
0.681101
1.14837
1.24415
0.699011
1.38296
1.0474
1.22962
1.44738
0.982934
1.3224
1.07545
1.51371
0.877474
1.50127
1.41372
1.41391
1.01109
1.39503
1.21101
0.97557
1.25797
1.27599
1.367
1.18146
1.10538
1.45924
1.15895
1.45156
1.345
1.42384
1.20615
1.4992
1.3212
1.05195
1.23567
1.52177
1.27308
1.36621
1.47979
1.41668
1.39207
1.11873
1.31143
1.11022
1.05714
1.46636
1.53939
1.26444
0.887678
1.26087
1.32542
1.22209
1.42014
1.25408
1.12618
1.49475
1.14825
1.38398
1.41087
1.07252
0.84513
1.22979
0.789473
1.16563
1.32733
1.48212
1.33369
1.48347
1.44707
0.878957
1.42317
0.678806
1.42483
1.23951
1.01495
1.55346
1.08746
1.35133
1.42039
0.908045
1.28006
0.410245
1.3773
1.33061
1.37229
1.51883
1.29406
1.03372
1.16826
1.53908
1.53954
0.686838
0.90928
1.24477
0.890575
1.42315
1.00726
1.30555
1.47462
0.936243
1.30931
0.664581
1.13537
1.41134
1.30915
1.03492
1.09415
1.1537
0.806023
1.48175
0.924515
1.09451
1.53094
0.566983
1.0162
0.950857
1.46272
1.46906
1.15713
1.40871
1.54433
1.42021
1.03503
0.888045
1.42465
1.27008
0.860114
1.28688
1.2111
1.18877
1.3715
1.41794
1.19567
1.48469
0.928396
0.981559
1.30405
0.989826
0.685733
1.32284
0.9474
1.38836
1.3892
0.94807
1.35401
1.50238
1.4081
1.31692
1.35726
1.56643
0.778693
1.31181
1.49587
1.21521
0.886389
0.752714
0.980911
1.5129
1.0429
1.26599
1.26835
1.25117
1.24464
1.46071
1.22346
0.996539
1.46377
1.31086
1.19973
1.33007
1.33434
1.33981
1.20392
1.56311
0.967858
1.07912
0.87881
0.727601
1.16053
1.38535
1.34732
1.40554
1.34582
1.31032
0.831498
1.53007
0.844237
1.24911
1.25606
1.27285
1.30511
1.35832
1.3787
1.34106
0.716455
1.03949
1.08741
1.08349
0.677063
1.44534
1.29403
1.35106
1.02792
1.14763
1.22761
1.45322
0.90396
1.32907
1.15329
1.37048
1.46397
1.52377
1.15732
1.05522
0.972139
1.3166
1.45955
1.28608
1.30409
1.16311
1.54027
1.26554
1.2835
1.21514
0.994478
1.43411
1.54778
1.48843
1.18681
0.70063
1.24272
1.44099
1.17954
1.36282
1.50673
1.0412
1.29113
1.00212
1.38488
1.32475
1.25353
1.34115
1.48402
1.34673
1.47544
1.34519
1.23817
0.543655
0.760812
1.37634
0.963782
0.500289
1.47105
0.779731
1.04818
1.23111
1.47114
0.754324
0.945453
0.792848
1.13063
0.848467
1.25336
1.49287
1.17518
0.999742
1.06375
1.27544
1.08056
1.25355
1.32536
1.56762
1.26404
1.53368
1.20915
0.974977
1.56796
1.02475
1.3645
1.41316
1.29409
1.02227
1.08008
1.0368
1.00492
1.4757
1.10899
1.38777
1.39831
1.07277
1.07889
1.40939
1.25647
1.41681
1.33441
1.41727
1.48347
1.23344
1.07262
1.1647
1.18561
1.18273
0.923354
1.51691
1.18626
1.12469
1.50948
0.984059
1.43506
1.39872
1.44129
1.56488
0.858781
1.36431
1.22164
1.51669
1.52452
1.17021
0.61159
1.2688
1.4105
1.40648
1.05352
1.36949
1.30448
1.27295
1.19862
1.36308
1.3351
1.07267
0.804001
1.49369
1.52583
1.27347
1.10385
1.4097
1.51405
1.42412
0.529979
1.00415
1.28879
1.29034
1.27251
1.06581
1.11412
1.13077
1.52183
0.891897
1.48169
1.39326
0.987575
1.45214
1.29081
1.08111
1.38777
1.29092
1.23508
1.35742
1.03738
0.62284
0.980025
1.3444
1.26003
1.53734
1.07694
1.4895
1.51033
1.4209
0.657345
0.947607
1.41038
1.29821
1.488
1.5635
1.33184
0.992447
1.08423
1.41047
1.52079
1.17035
1.43969
0.931122
0.83426
0.741386
0.710682
1.30112
0.651591
1.22015
1.31575
1.56405
0.971527
1.38805
1.254
0.629766
1.15505
1.40122
0.389221
1.56677
1.34288
0.976022
1.37086
1.51565
0.832792
1.27105
0.805662
0.756597
0.943069
1.17772
0.542423
1.47557
1.51938
1.55496
1.56817
1.2182
1.25182
1.23699
1.2989
0.40841
0.873177
1.01096
0.190826
1.33272
1.44738
1.35308
1.38113
0.890298
1.0179
1.40389
0.738392
1.349
1.36509
1.24217
0.954815
0.836554
1.33315
1.37322
0.840384
1.52852
1.41983
0.976328
1.19686
0.83858
0.926862
1.51433
1.38609
1.47777
0.97777
1.04678
1.46802
0.824495
1.45647
0.433534
0.985678
1.41446
0.751558
0.617819
0.811001
1.02265
1.07537
0.280157
1.02857
1.44485
1.41137
1.55322
1.00703
1.14249
1.07712
1.462
0.50617
1.13265
1.42847
1.33222
1.46513
1.10665
1.04462
0.862614
1.27708
1.37164
1.123
1.15554
1.56958
1.54272
1.48647
1.18726
1.22151
1.31062
1.49798
0.885002
1.38609
1.01944
1.31794
0.628528
1.52656
1.22178
1.55657
1.19599
1.27838
1.4006
1.49265
1.21349
1.5454
0.905745
1.33742
0.750188
1.23881
1.51101
0.819332
1.15492
0.789318
1.03411
1.51038
1.49418
0.832916
1.54838
1.40939
1.01258
1.40747
1.42526
1.36722
1.53423
0.770567
0.845543
1.49558
1.08996
0.733544
1.24263
1.32138
1.05886
1.07877
0.848564
1.25515
1.4542
1.37969
1.52616
1.41452
1.36737
1.18782
0.889016
0.90811
0.762913
1.00696
1.06437
1.4522
0.598093
1.03315
1.51523
1.2958
1.49721
1.21205
1.28541
0.557203
0.833175
1.44327
1.31753
0.910591
1.45976
1.30869
1.52827
1.42366
1.4547
1.25027
1.51286
0.66171
1.13401
1.3497
1.43882
0.80777
0.929634
1.15398
1.15446
1.32461
1.41804
1.30011
1.5454
0.767296
1.31528
1.26698
0.977217
1.34519
1.24789
1.28328
1.26919
0.88177
1.41254
0.92126
1.26995
1.51651
1.18521
1.5027
1.01446
1.13838
1.3435
1.28707
1.0751
1.46324
0.901369
1.38019
1.4157
1.15978
1.56805
1.25987
1.06919
1.22217
1.31117
1.03461
1.08547
1.28481
1.0237
1.0402
1.39723
1.5405
1.49622
1.23369
1.27366
1.33604
1.00954
1.5617
1.45936
1.34482
1.53172
1.55041
0.752043
1.17333
1.343
1.24964
0.937903
1.55129
1.24015
1.5239
1.3195
1.15461
1.21201
1.2236
0.852459
1.24454
1.53771
0.981396
1.35489
1.33485
1.35851
1.37154
1.35754
0.964065
1.35352
1.53713
1.34335
1.51342
1.36709
1.47396
1.35542
1.18983
0.843894
1.49871
1.11479
1.41752
1.44814
1.26522
1.55541
1.10381
0.956677
1.12415
1.04105
1.22982
1.01361
1.24023
1.54418
1.32171
1.31376
0.548731
1.0742
1.45626
1.37002
1.00892
0.918489
1.26593
1.35631
1.31269
1.56683
1.53459
1.03185
0.955
0.540897
0.578179
0.939937
1.48285
1.42604
1.33389
1.27914
1.35205
0.642427
0.946462
1.44464
1.38974
0.812754
1.37198
1.2719
0.947595
0.766416
1.27717
1.50339
0.976927
0.802358
1.49336
0.816452
1.50278
0.987779
1.42465
1.47194
1.19813
1.2609
1.08877
1.55224
0.300328
0.686425
1.23341
1.24896
1.01229
1.12409
1.39862
1.30288
1.29043
0.923587
1.34116
0.970288
1.54449
1.469
0.593296
1.20791
1.36986
0.851113
0.868236
1.50122
1.39955
0.67413
1.33786
0.837523
1.28157
1.30266
1.15282
1.41465
1.19606
1.26666
1.35495
1.411
1.09592
1.2032
1.3853
1.18024
1.45574
1.01095
1.47421
1.50379
1.5129
1.38783
0.487677
1.50703
1.27133
0.989333
0.849814
0.975448
0.464943
1.42335
1.40407
1.39962
0.664278
1.30568
1.16295
1.3805
1.2557
1.37982
1.49409
1.20849
1.01906
1.43974
1.28619
1.13791
1.54119
1.34494
1.38162
1.3224
1.37142
1.39007
1.4758
1.31364
1.2304
0.964136
0.867572
1.36104
1.44091
1.48935
1.13302
1.02443
1.50587
1.4202
0.804503
1.13864
0.9871
1.52867
1.31197
1.32599
1.09178
1.37279
1.11954
1.44449
1.30843
1.28029
1.27618
1.07298
1.09431
1.51596
1.28003
1.2962
0.792059
1.10473
0.909998
1.22577
0.869099
1.53447
1.17087
1.43611
1.03538
1.29015
1.08012
1.3295
1.29782
1.22252
1.15997
1.45832
1.25028
1.08133
1.56768
0.86811
1.33124
1.56658
1.36251
0.532416
1.2964
1.26234
1.42696
1.47073
1.3101
1.43716
1.17492
0.639202
0.58565
1.28119
1.4257
1.54865
1.35602
1.26195
1.30568
1.27854
1.4302
1.0509
0.982378
1.35776
0.694022
1.09212
1.09271
1.35326
0.849617
1.01129
1.52357
1.40859
1.51046
1.22697
1.24015
1.12414
1.34137
1.06207
0.856541
1.31066
0.919493
1.22077
1.18501
1.45192
1.2734
1.51969
1.15031
0.973834
1.16271
1.12401
1.42742
1.13656
1.4455
1.25933
0.968722
1.40692
1.40543
0.88454
1.26442
1.56055
0.801266
1.51547
0.813979
1.10301
1.32583
1.46769
1.2293
1.19475
1.3697
0.97532
1.19891
0.0912809
1.08604
1.05609
1.24741
1.51244
0.654676
0.975113
1.42193
1.37941
1.06545
1.13959
1.5567
1.54827
1.38041
1.4439
1.2576
1.23494
0.947283
1.46353
1.44976
1.27219
0.855855
1.20993
1.33378
1.26906
1.49988
1.23593
1.45205
1.35508
1.54244
1.20881
1.43334
1.16537
0.683885
1.41205
1.05633
0.721311
1.56518
1.38361
1.2764
0.907158
1.37913
1.48098
1.4369
