1.56317
0.816113
1.43074
1.12498
0.728308
1.55245
1.37572
1.49176
1.4607
1.02162
1.44107
1.48052
1.51822
1.45702
1.33359
1.25519
1.16293
1.51737
1.05906
1.19731
1.49905
1.42061
1.12171
0.888471
1.4268
0.928797
1.5152
1.5031
1.19721
1.56665
1.40808
0.865478
1.15038
1.34068
1.28604
0.944282
1.49597
1.19327
1.45131
1.52152
1.34797
1.39062
1.23453
1.37111
0.998197
1.53624
1.50117
1.43697
1.26618
1.15071
0.787075
1.51278
1.26915
1.54418
1.1833
1.23315
1.01245
1.13421
1.32438
1.43597
1.51953
1.25968
1.12149
1.34507
1.3516
1.53966
1.44528
1.21891
1.27078
1.14821
1.32932
1.27852
1.38277
1.19204
1.07834
0.930526
1.16889
1.43488
1.56817
0.947072
0.904069
1.3837
0.983921
1.56445
1.48923
1.33532
1.26998
1.56622
0.946839
1.24022
1.01444
1.29167
1.52354
1.40419
1.11023
0.922104
1.32951
1.16095
0.561038
1.3429
1.35526
1.07684
1.52012
0.761966
0.5808
1.48653
1.06507
0.797595
1.42933
1.27021
1.55786
1.50673
1.26215
1.16158
1.24187
1.28686
1.01144
0.808274
1.16956
1.35476
1.11458
1.07562
1.297
0.51419
1.53276
1.3253
1.32501
1.51571
1.18833
1.34499
0.927273
1.31379
0.716146
0.965083
1.5033
1.53956
1.56631
1.42927
0.841118
0.71914
1.31004
1.03993
1.26189
0.70604
1.32951
1.35545
1.20811
1.36512
1.20784
1.32965
1.12732
1.411
1.14824
1.39949
1.41474
0.855047
1.36057
1.38393
1.55554
1.37014
0.818001
1.46501
1.33497
1.29078
1.3522
1.09085
0.736832
1.38901
1.17987
1.45742
1.32452
1.15645
1.33414
1.13871
1.10162
0.720193
1.35739
1.38345
1.04439
1.18776
1.07393
0.961689
1.14054
1.26343
0.901756
0.962425
1.17867
1.41501
0.877634
0.840658
1.39967
1.31685
1.14627
0.790541
1.17427
1.33497
1.39574
1.35826
1.23467
1.19014
1.48022
1.43183
1.47197
1.18897
0.546992
1.44359
1.17548
1.57078
1.19035
0.829934
1.37428
1.19837
0.948738
1.36406
1.20411
0.944484
1.56903
0.719112
1.19698
1.41106
1.3586
1.44903
1.49293
1.22382
1.53732
1.30188
1.19331
1.30277
0.961017
0.908485
1.5501
0.533284
1.35804
1.36606
1.2271
1.43494
1.33196
1.19652
1.33833
1.17829
1.56396
1.22741
1.3815
0.813403
1.50624
1.49461
1.32265
1.07661
1.28904
1.50431
1.34197
1.36466
1.48028
0.87821
1.39011
1.51987
0.7865
1.30994
0.90626
0.898241
0.904309
1.55078
1.20072
0.982951
1.38757
0.618574
1.11973
0.926004
1.24812
1.31654
1.51941
1.43771
1.44024
1.3081
1.2003
1.32706
1.5214
1.11656
1.25337
1.52729
1.34284
1.28698
1.20627
1.16035
1.49657
0.931897
1.20875
1.27908
1.56146
0.910453
1.36831
1.11307
1.03177
1.21773
1.47335
0.732657
0.951452
1.46765
1.19315
0.714627
1.05997
1.19515
1.32743
0.727689
1.49167
1.01046
0.716844
1.56666
1.41926
0.859412
1.13771
0.936668
0.948185
1.47827
1.04956
0.953807
0.891297
1.44581
1.28175
1.50618
1.46255
1.00781
0.869747
0.906587
1.24557
0.855907
0.851064
1.5022
1.48757
1.3945
0.616664
0.935985
0.521047
0.829544
0.839904
1.54745
1.54907
1.36227
1.123
0.900244
0.990566
1.41236
1.29135
1.1228
1.08485
1.46059
1.41557
1.02411
0.838018
0.858737
1.53087
1.54363
1.1307
1.3445
1.30234
1.09888
1.4852
1.08258
1.0753
1.45895
1.4608
1.23231
1.45506
1.55957
1.27398
1.44968
0.529316
1.56872
1.13786
1.32298
1.27953
1.0557
1.53496
0.790119
1.51122
1.53866
1.47611
1.38019
1.30536
0.935312
1.48641
1.54247
1.5624
1.21142
1.44731
1.54559
0.612479
1.29543
1.28786
1.525
1.26912
1.26266
1.44147
1.50335
1.47357
0.882381
1.4123
1.09142
1.29529
0.688329
1.07378
1.01409
1.34929
1.19812
0.959567
1.25364
1.42909
1.33943
1.06131
0.399011
0.924947
1.29592
1.3613
1.23047
1.31846
1.56213
1.23554
1.30688
0.986215
1.46961
1.2302
0.932189
1.49063
1.28423
1.55221
1.0405
1.30825
1.4433
1.11842
1.04502
1.29551
1.35351
1.21917
1.22573
1.00705
1.36616
0.792238
1.44576
1.40429
1.53637
1.41847
1.45168
1.51767
1.18285
1.43518
1.33403
0.953682
1.12868
1.186
1.21289
1.47924
1.46225
1.37976
0.952305
1.42425
1.39484
1.52995
1.43993
0.742688
1.37254
1.45664
0.774442
0.964912
0.790061
1.21956
1.43562
1.26293
1.51269
1.55389
1.3329
1.48347
1.03885
0.87885
0.87318
1.51645
1.43229
1.47847
1.37047
1.53349
1.53852
1.12393
1.06396
1.18712
1.23932
1.31032
1.50465
1.34635
0.94039
1.08837
1.25323
0.763334
1.23932
1.45767
0.83361
0.914413
1.30779
0.615728
1.17445
0.701634
1.47421
1.43494
0.978472
1.20339
0.975072
1.44933
1.29958
1.32126
1.11132
1.1169
1.12191
0.831929
1.35568
1.56154
1.56408
1.29122
1.16917
1.25335
0.786454
0.951714
0.646851
1.26234
1.54052
1.08251
0.913643
1.29618
1.23771
1.30538
0.900435
1.29142
0.946303
1.01638
1.27168
1.41483
1.54577
0.973589
1.39594
1.2918
1.05262
1.36532
1.47038
1.33918
1.17393
0.504415
1.34926
1.2339
1.53246
1.30144
1.19156
1.40054
1.51614
0.728444
0.972666
0.758162
0.948003
1.40605
1.49786
1.12381
1.21129
0.900901
0.931449
1.22904
0.975071
1.00515
1.09642
1.55413
1.36896
1.4376
0.964664
1.04268
1.43288
1.10785
1.40079
1.49639
0.922409
1.44664
0.93856
1.28302
1.17462
1.53429
1.20823
0.945221
1.39621
1.27238
1.1466
0.882797
1.46933
1.48279
1.19061
1.27302
1.21949
1.48316
1.40843
1.26772
1.36032
1.05871
1.52522
1.32447
1.25949
1.2911
1.33215
1.56115
1.44799
1.34238
0.224353
1.17664
1.41516
1.24306
0.966185
1.12949
1.39348
1.28042
0.794148
0.655599
1.36767
1.11906
1.36234
1.03077
1.37518
0.937362
1.56372
1.28639
1.36064
1.01547
1.04389
1.54305
1.2356
1.54449
1.5041
1.19436
1.19514
0.76788
0.93302
1.24549
1.4492
1.44307
1.26337
0.367851
0.74935
1.31843
0.969835
1.08458
1.08395
1.39437
1.14764
1.25021
1.20294
1.19186
1.35988
1.34143
0.939631
0.715476
1.19055
1.15493
1.53191
0.781533
1.01525
0.90347
1.54595
1.3318
1.3931
1.2666
1.07343
1.1744
1.24673
1.50833
1.21842
0.858669
1.25744
1.47703
1.14593
1.4427
1.13345
1.49296
1.43664
1.05724
1.41746
1.12274
1.25249
1.22064
1.22444
1.48537
1.37481
0.973835
1.07065
1.3297
1.4932
1.19796
1.10965
1.18056
0.989115
1.37313
1.53917
1.49614
1.54015
1.26881
1.42231
1.16058
1.30017
0.911977
1.49731
0.65441
1.43081
1.184
1.4186
0.777434
1.30239
1.46458
0.824387
0.834337
0.819645
1.32152
1.22923
1.43736
1.24256
1.17174
0.940608
1.39707
1.06954
1.43383
1.46703
1.54134
1.34544
1.27113
1.44633
1.19416
1.27494
1.37976
1.24564
0.847307
1.30834
0.85756
1.46841
1.55529
1.36132
1.36594
1.23496
0.903926
1.52863
1.29193
1.31082
0.567108
1.02585
0.928329
1.33864
1.30308
1.30865
1.421
1.36818
1.21703
1.35539
1.54317
1.01326
1.0407
1.3739
1.55017
1.0902
1.44971
1.5689
1.12551
1.14214
1.01374
1.47914
1.55868
1.37019
1.4602
0.763862
1.51669
1.24074
1.51902
0.939589
1.53707
1.1477
0.808546
1.56248
1.49622
1.30011
0.813554
1.41248
1.54632
0.795671
1.50815
1.48726
1.33045
1.15766
0.828532
0.972157
1.56298
1.02635
1.54192
0.895732
1.44159
1.27951
1.2808
1.41619
1.08957
1.25306
1.4758
0.901011
1.27894
0.945403
1.51844
1.02771
0.829785
1.17422
1.39174
1.24403
0.802674
1.19136
1.24177
1.45948
1.3137
1.55071
1.35395
0.593609
0.782912
1.52601
1.43035
1.20977
1.45617
1.0568
1.11605
1.46653
1.32555
1.21452
1.54333
1.25342
1.45076
0.949262
1.31031
0.754688
0.799642
1.02175
1.19973
1.17357
0.998148
1.49063
1.51601
1.00478
1.32397
1.47403
1.43379
1.1156
1.19756
1.53521
1.41948
1.40271
1.48984
1.1463
1.56063
1.36438
0.885216
1.50786
1.10422
1.53185
1.11096
1.53096
0.949403
1.50489
0.829688
1.3167
1.04706
1.53157
0.939473
1.40192
1.56779
1.10033
1.23877
1.33861
1.21882
1.5407
1.07222
1.5367
0.890954
0.760291
1.04049
1.17491
1.37577
1.42471
1.51937
1.5291
0.751044
1.45169
1.54082
1.3655
0.898784
1.56028
1.53404
1.33403
1.46729
1.09057
1.05969
1.44255
1.26369
1.49834
1.45924
1.16862
1.46439
1.11322
1.05044
1.45506
1.16385
0.543952
1.42535
1.15138
1.36363
1.51205
1.25316
0.349646
1.39862
1.46992
1.36695
1.51449
1.55554
1.30245
1.46427
1.56475
1.39326
1.56152
1.51351
1.06431
0.986536
1.16972
0.93814
1.55242
1.38003
1.51474
1.5548
1.04533
1.24383
1.05103
1.10595
1.26045
1.17699
1.13635
0.644307
1.04106
1.34914
1.20973
1.26647
1.29966
1.13468
1.34576
0.906099
1.37851
1.53777
1.08449
0.863524
0.842927
1.2484
1.17614
0.817271
0.989772
1.18808
1.06995
1.55773
1.2324
1.29717
1.13781
1.39958
1.47961
1.33724
1.49372
0.978792
1.40308
1.08464
1.32902
0.944847
1.32353
1.22126
1.05493
1.33776
1.5206
1.08548
1.29015
1.32772
1.12567
1.02194
1.49882
1.46286
1.35295
1.55975
1.31349
1.10005
1.17233
1.56854
1.56378
0.985783
0.78189
1.10275
1.26829
0.817036
1.51623
1.40549
1.13028
1.56181
1.29541
0.460629
1.56988
1.44255
1.39342
1.28043
0.822648
1.39028
1.28178
1.17022
1.23059
1.35564
1.03724
1.11559
1.00437
1.3993
0.893022
1.55987
1.04349
1.29833
1.4593
1.35211
1.48524
1.01295
0.531441
1.42117
0.370621
1.23667
1.24322
1.31711
0.60313
1.42545
1.46559
1.565
1.09656
0.782656
0.91579
0.855571
0.938564
1.15665
1.00191
1.43017
1.46464
1.48561
1.07395
1.22374
0.879014
1.48935
1.49816
1.48638
1.41209
1.45515
1.47099
1.41674
0.795665
0.691971
1.39602
0.564036
0.975423
1.46016
1.06159
0.540788
1.47269
0.992976
1.13259
0.782768
1.30603
0.925163
1.2424
1.42156
1.45481
1.46568
1.01552
1.24245
0.643098
1.25036
1.00188
1.27595
1.06599
0.874253
1.15445
1.35045
1.44424
1.45487
1.49883
1.27749
0.918522
1.31402
1.01368
1.11187
0.973086
1.44578
0.6597
1.50948
1.3241
1.46551
1.5454
0.94708
1.44005
1.55194
0.932868
1.0791
1.17058
1.47519
1.13893
1.51675
1.30207
1.43547
1.00945
1.02042
0.790486
0.667783
0.821613
1.55155
0.943649
0.920772
0.849615
1.42568
1.53856
1.50293
1.52684
1.01801
1.36032
1.21317
1.035
1.04328
1.35383
1.53746
0.946419
1.55554
1.47672
1.05005
0.688982
1.46439
1.40544
0.501564
1.26115
0.786678
1.22424
1.24886
1.52036
1.35348
1.47987
1.51339
1.25089
1.26324
1.4383
1.41298
1.56237
0.804319
0.403024
1.27892
0.54713
1.19077
0.451613
1.45826
1.57055
1.26656
1.02912
0.846145
1.4108
1.29211
1.01844
1.47157
1.22539
0.762326
1.43648
0.88469
1.44547
1.48187
1.17417
1.34369
1.39398
0.916771
1.41292
1.0052
1.26919
1.54125
1.19488
1.55978
1.43697
1.1735
1.12099
1.33144
1.49504
1.25291
0.717249
1.45589
1.03599
1.17315
1.4198
0.725739
1.528
1.4146
1.55395
1.36176
1.12911
1.51507
1.35773
0.727708
1.5556
0.637607
1.44024
1.39081
1.26221
1.57016
1.30561
1.56835
1.51391
0.744516
1.54763
1.12813
0.775582
1.53128
1.52232
0.34233
1.22028
1.33629
0.557015
1.57077
0.898812
1.46159
0.904359
1.19254
1.18608
0.771109
1.4709
1.29802
1.15952
1.43999
1.04328
1.25528
1.42363
1.53178
1.17412
1.05464
1.35145
1.25365
0.668687
1.19665
1.29478
1.25506
1.1934
1.47053
0.498208
1.36054
1.47314
0.668024
0.985154
1.2854
1.10149
1.03743
1.4105
1.45788
1.02887
1.12372
1.03618
0.998393
1.34673
0.841323
1.36176
0.684185
1.29958
1.4173
0.691322
0.61136
1.43593
0.724505
0.944908
0.954219
1.29444
1.57037
1.40982
1.13191
1.35004
1.53496
1.08919
1.5173
0.911897
0.290207
1.05662
1.53093
1.00535
1.56201
1.11886
1.3302
0.969576
1.28346
1.03855
1.34754
0.694409
1.44792
0.929904
1.40274
1.38677
1.05222
0.892997
1.04914
1.17435
1.32945
1.37963
1.18667
1.19785
1.41503
1.41242
1.2051
1.26247
1.54559
1.29631
1.17485
0.876751
0.946789
1.30729
0.695442
0.782225
1.02135
0.418177
1.25576
1.37139
1.30308
1.4063
1.01972
1.32145
1.47676
1.49945
0.328193
1.4639
1.04811
0.911485
0.67088
0.78492
1.49743
0.999118
1.27098
1.12064
1.21917
1.51257
1.29751
1.43868
1.51461
0.827758
0.992282
1.19311
1.41007
1.25942
1.41738
1.48213
0.734897
0.962745
1.54586
1.16325
1.3445
1.41983
1.46188
1.15463
1.42903
1.52393
1.04096
1.39249
1.22469
1.41557
1.00452
1.17492
1.25653
1.06011
1.44691
1.40204
1.16936
1.16271
1.40094
0.984024
1.46145
1.11231
1.20466
0.920679
1.50722
0.978348
1.51814
1.07667
0.565584
1.5451
1.5666
1.04554
1.05876
1.36082
1.51859
1.54113
1.08023
1.37157
1.29024
1.50404
1.13824
1.55174
0.764239
1.01766
1.28602
1.28265
1.46802
1.30892
0.897354
1.14522
1.43032
1.18235
1.15615
1.2169
1.54549
1.05479
1.48775
1.30447
0.787228
0.438894
1.15322
1.21201
1.20701
1.26951
1.46798
1.32498
1.27227
1.18838
1.19353
1.52395
1.28615
1.11727
0.9673
1.33792
1.23896
1.48861
1.48386
1.56982
1.43697
0.658112
1.47133
1.33397
1.51333
1.38811
0.712937
1.47464
1.55074
0.966486
1.17736
1.53073
1.14164
1.34683
1.42872
1.41224
0.768305
1.54182
1.1527
1.52873
1.36386
1.3621
1.24458
1.22218
1.26548
1.29082
0.992076
1.52476
0.943695
1.2697
1.00282
1.19219
1.11513
1.36961
0.940935
1.05093
1.34281
0.515637
1.5046
0.424346
1.29891
1.29256
1.49376
0.642601
1.42744
1.44848
1.43716
1.46426
0.592594
1.54211
1.21575
1.32963
1.2043
0.991372
1.52458
1.2124
0.969473
1.28977
1.32174
1.51596
1.2352
0.773133
1.55551
1.15698
1.51516
1.45491
1.4639
1.24976
1.3015
1.18034
1.30853
1.00238
1.10538
1.36332
1.34244
1.20414
1.49746
1.11509
1.04577
0.86147
0.744363
0.881351
0.774613
1.42199
1.23544
1.504
1.45721
1.55828
1.05647
1.21446
0.85294
1.3286
1.344
0.802913
1.39732
1.26463
1.45805
0.522998
1.13064
1.35389
1.5327
1.26605
1.41611
0.954819
1.4236
1.5035
0.989109
1.49005
1.03531
1.35295
1.00563
1.56518
1.42958
1.3412
0.639278
0.854477
1.53975
1.51015
0.834457
1.51003
1.40073
1.14793
1.08758
1.32353
1.21778
1.4499
1.2794
0.588898
1.1804
1.42415
1.51055
1.41114
1.45564
1.53401
1.05303
1.4071
1.33141
1.02421
1.27216
1.46053
1.42224
0.670072
1.11037
1.43614
0.894445
0.958693
0.739881
1.19358
1.29478
0.814778
1.43876
1.54884
1.40729
1.30571
1.40067
1.51957
1.38448
1.39397
1.27447
1.45795
1.52192
1.41329
0.734087
1.19645
1.25695
1.52479
1.35877
1.12114
1.50948
0.723814
1.55287
1.41638
1.37546
1.06159
1.15331
0.53874
0.830744
0.816913
1.52763
1.19015
1.04959
1.22878
1.34239
0.800867
1.3003
1.52432
1.3817
1.18818
1.09432
1.20392
0.893537
1.24332
1.14703
0.342376
1.53691
0.7121
0.738402
1.19508
0.901595
1.47341
1.19265
1.536
1.42767
1.13655
0.92069
1.31162
1.27532
1.52485
1.08471
1.49992
1.30789
1.19888
1.29849
1.32734
1.12705
1.1639
1.29437
1.13083
1.38361
1.1489
1.51584
0.596265
1.26869
1.09106
1.53484
1.31767
1.20561
0.645939
1.49241
1.30919
0.961901
1.15512
1.09664
1.1334
1.3815
1.26349
1.50471
1.20476
1.01007
1.38962
1.37802
1.26311
1.54241
1.47918
1.3096
1.01877
1.30464
1.27008
1.26873
0.534389
0.976929
0.769492
1.43421
1.33039
1.07798
1.32966
1.3263
0.574187
0.899633
1.17875
1.26778
1.375
1.45985
1.51535
1.33949
1.46924
0.869102
1.51003
1.19921
1.27972
1.36765
1.51644
1.51076
1.05255
1.18929
0.995542
1.50452
1.31737
1.44621
0.929639
0.663556
1.02841
1.25657
1.56298
1.21761
1.54771
0.466485
1.32466
1.04114
1.36185
1.49094
0.866265
1.07796
1.21292
1.30739
1.33359
1.09341
0.88239
0.697362
0.919033
1.48383
1.22533
1.47446
1.19094
1.55633
1.48197
1.56146
1.18459
1.45383
0.845372
1.13581
1.49669
1.173
0.633989
1.19811
1.11887
0.980135
1.43938
1.09902
1.35982
1.30482
1.35108
1.11899
1.24006
0.869773
1.45832
1.32762
1.47617
1.23908
1.46897
0.79813
0.394862
1.49584
1.14154
1.10313
1.52024
1.3487
0.913229
1.39419
0.824279
1.3059
1.31786
1.43593
0.96762
1.13185
1.4269
0.931676
1.106
1.54339
0.830316
1.55621
1.20758
1.43272
1.08122
1.06116
1.13669
1.51957
1.00661
1.38168
1.34917
1.22515
1.46796
1.49199
1.17061
1.01052
1.06578
1.45945
1.25919
1.0969
1.56811
1.26981
1.45753
1.45905
0.721948
1.36687
1.33058
1.55444
1.39095
0.725542
1.44977
0.825031
1.48604
1.22798
1.15014
1.30084
1.39037
0.916207
1.32678
1.051
1.45635
1.40982
0.61717
1.16092
0.84259
1.09025
1.23504
1.39282
1.38448
0.834607
1.53885
1.52268
1.54394
1.40091
1.36693
0.587833
1.24954
1.25206
1.49681
1.25811
1.20107
0.868195
1.00534
0.979589
1.45901
1.09071
1.50413
1.40155
1.182
0.617876
1.40577
0.901787
1.38102
1.11377
1.17885
0.767152
1.40565
0.867543
1.39701
1.53049
1.35645
1.45901
1.44418
1.22671
0.868798
0.764207
1.56167
1.19583
1.33381
1.49786
1.53676
1.25522
1.07468
1.45357
1.24604
1.56461
1.55596
1.10231
1.37784
0.925175
1.55499
0.711171
0.813621
1.02254
1.40857
1.19979
0.86483
1.26394
1.08834
0.669239
0.633124
1.56079
1.46858
0.795574
1.00459
0.705544
0.853981
1.3846
1.43818
0.93593
0.280901
0.672781
1.405
1.21475
1.26465
1.09796
1.40624
0.630296
1.39149
1.17666
0.83154
1.52189
1.33604
1.45119
0.672327
1.37123
1.35792
1.28853
1.28226
1.08363
1.29776
1.51701
0.663552
1.09245
1.54742
1.5523
1.23738
1.01113
1.53038
1.18218
1.36756
1.43081
1.52653
1.19103
1.55328
1.06975
1.37146
1.44252
1.51163
1.37042
1.56533
1.53224
1.48108
1.13211
1.35104
0.801746
1.26899
0.976481
1.31021
0.950421
1.41477
0.73838
1.39242
1.54858
1.35733
1.20681
1.47519
0.971181
0.830951
1.27657
1.50647
1.30994
1.55337
0.59691
1.485
1.22212
1.23088
1.51052
1.55825
0.944719
1.41197
1.16756
1.33651
0.88687
1.03433
1.54162
0.748382
1.40518
1.10651
1.01699
1.45515
1.49645
1.40982
1.4804
0.952405
0.763423
1.05949
1.42181
0.915515
1.43362
1.4918
1.27669
1.09964
1.22846
1.49495
1.39509
1.47341
1.05029
0.705734
1.29709
1.19946
1.4604
0.980976
0.403005
1.12503
1.52009
0.893395
1.32189
1.00177
1.55261
0.842379
1.36433
1.41423
1.53692
1.16311
1.51046
0.731856
1.10683
1.47237
1.5403
0.451441
0.93752
1.39391
1.46074
1.38603
0.786195
1.33089
1.07642
1.54748
1.56558
0.766327
1.34028
1.23784
0.814474
1.31787
1.41027
0.701727
0.921951
1.2032
1.33303
0.564261
1.0089
1.11801
1.52246
1.50859
1.44461
1.33017
1.43748
1.19705
1.34625
1.35427
1.36545
1.30625
0.810891
1.49063
1.27361
1.13552
1.55694
1.54949
1.50205
1.44696
1.22099
1.4955
0.804525
1.49935
1.37244
1.26992
0.543165
1.49296
1.20085
0.959195
0.615241
1.55532
1.4566
0.604422
0.840063
1.45962
1.4427
1.39992
1.13219
1.38522
1.2952
0.979528
0.817176
1.28093
0.44786
0.824755
1.00197
1.33108
1.30755
1.08242
1.36475
1.24119
1.27158
1.39484
0.927981
1.24109
1.26356
1.42255
1.43069
1.34801
1.54968
1.25548
0.467745
1.17769
1.20993
1.54375
1.21043
1.56524
1.53673
0.972884
1.11448
1.03624
1.38585
1.3291
1.52885
1.16779
0.832914
1.28643
1.0813
1.54725
1.5487
1.08886
1.42107
1.03913
1.5349
1.30511
1.18267
1.24992
1.2419
0.725892
0.968961
1.51095
0.770002
1.20646
0.80793
0.812491
1.55944
1.28853
1.2764
0.740659
1.24834
1.41298
1.33205
1.36625
1.25854
0.599225
1.48445
0.717218
1.19621
1.04426
1.22167
1.01331
1.14154
0.846606
1.27807
0.845308
1.05688
1.23748
1.30915
1.26946
1.23594
0.841905
1.11825
1.42609
0.420452
1.43001
1.05336
0.974826
1.55651
1.44233
1.01298
1.35456
1.4443
1.14338
1.35058
1.53624
1.48267
1.56433
1.23331
0.952352
1.55928
1.40687
1.35255
1.02677
1.40178
1.51822
1.01292
1.32539
1.16932
1.12611
1.49896
1.46602
1.45254
1.55621
1.25376
1.24016
0.780968
1.53866
0.713684
1.40429
1.36359
1.41128
1.0936
1.53125
1.45008
1.0683
1.23851
1.39245
0.50954
1.07287
1.3268
1.48763
1.3851
1.44934
1.49489
1.30172
1.29002
0.667818
1.47933
1.23461
1.52509
0.813243
1.02118
1.14211
1.06327
1.06964
1.29028
0.96942
0.86915
1.54714
1.33827
1.06825
1.26861
0.925823
1.52073
1.36157
0.931955
1.55812
1.49555
1.20973
1.24479
0.94927
1.12015
1.16915
1.25
1.53176
1.4518
1.43948
1.20817
0.870573
1.30103
1.21911
1.43814
1.46924
1.25946
1.20309
1.09849
1.34113
1.32863
1.06869
1.26812
1.48016
1.43023
1.35964
0.913952
1.22726
1.39041
0.937283
1.54746
1.24206
1.25239
1.22307
1.38188
1.40054
1.31545
1.40067
1.51865
1.48714
1.06633
0.599236
1.49583
1.26553
1.41613
0.808627
1.56405
0.832252
1.11724
0.83272
0.885966
1.41874
1.13989
1.45186
1.41588
1.32741
1.34996
1.15216
1.24146
1.38081
0.672905
1.319
1.37757
1.43109
1.01238
1.54986
1.46403
1.49259
1.2688
1.28264
1.35658
1.25606
1.41044
1.4169
0.955537
1.38131
0.817137
1.49486
1.22372
1.25297
0.653238
1.01227
0.80823
1.40382
0.778767
1.32536
1.10832
1.28277
0.946492
1.23328
1.16905
0.983421
1.38025
1.36294
1.52146
1.28894
1.4326
1.50376
0.569681
0.667782
1.45641
1.50978
1.26263
0.976356
1.1769
0.871663
1.30428
1.01288
1.28391
1.55087
0.913902
1.54131
1.46817
0.831092
1.43901
0.984207
1.01874
1.53331
0.88883
1.2989
1.28506
1.04022
1.37011
1.36453
1.47127
1.45796
1.56774
1.35417
1.08684
1.09036
1.28701
0.905951
1.51043
1.1994
1.1465
0.601711
1.46304
1.19383
1.30517
0.851615
1.04098
1.17757
1.36589
1.32691
1.07315
1.30455
1.20901
1.46912
1.12853
1.46168
1.51685
1.02048
1.30198
1.32826
0.907537
1.27052
0.1188
1.18205
1.35879
1.54382
1.17054
0.774425
1.11272
1.42665
1.43127
1.51266
1.26765
1.11369
0.980385
1.26659
1.39937
1.29002
1.31196
1.56085
1.44664
0.615127
1.4049
0.322905
1.50712
1.33654
1.228
0.840152
1.2695
1.09271
1.30037
1.52445
1.54357
1.47918
1.56372
1.41044
1.5483
0.914932
1.39664
1.56335
1.07766
1.37668
1.23629
1.17786
1.56311
1.55163
1.19231
1.45248
1.30071
1.07599
1.41588
1.46096
0.953648
1.35304
1.50355
1.42397
1.4403
1.46584
0.794424
1.02898
1.19284
1.54839
1.55145
0.547811
1.17028
1.32753
1.04169
1.52693
1.13817
1.49827
1.53441
1.43223
1.09251
0.853197
1.24119
0.7687
0.943397
1.53319
1.2066
1.262
1.40007
1.52571
1.19857
1.37167
1.28055
0.667787
1.21254
1.25784
1.48267
1.1371
0.842955
1.35996
1.56612
1.23318
1.54357
0.871745
1.48873
1.52726
1.47265
1.27117
0.964309
1.46607
1.47237
1.55419
0.909273
1.39974
1.08147
1.4612
1.11941
1.30839
1.31711
0.896678
1.25342
0.922056
0.666659
1.47496
0.927219
1.55517
0.799198
1.28702
1.54189
1.51865
1.21647
0.880164
0.859464
0.672491
1.10504
1.49688
1.43525
1.47381
1.22025
1.40314
0.943551
1.03812
1.39354
1.36269
1.43803
1.56407
0.862393
1.42286
1.46034
1.41959
1.33629
1.45265
1.24921
1.54879
1.365
0.949271
1.29218
0.870618
1.33183
1.16285
1.45016
1.14207
0.98076
1.40345
1.43078
0.78677
1.50859
1.53524
0.995522
1.45309
0.859592
1.45517
1.30928
1.12637
1.09876
1.52722
0.884251
0.867065
1.55636
1.45862
1.33899
1.03674
0.786684
0.932159
1.51003
1.30827
1.54285
1.09195
1.26645
0.797837
0.974317
1.52128
1.37926
1.22988
1.4281
1.18239
1.02611
0.985373
1.23853
1.25714
1.35064
1.13008
1.14674
1.55976
1.50948
1.19699
0.929873
1.06969
1.45487
0.969978
1.08692
1.0638
1.25217
1.49908
1.40247
1.25092
1.39453
0.94952
0.886005
1.24847
0.995752
1.35655
0.676492
1.26233
0.966132
1.16836
1.08961
1.20665
1.19316
0.843158
0.762191
1.56329
1.31988
1.39596
1.5195
0.851719
1.30252
1.22291
1.5338
0.443795
1.30802
1.14814
0.749505
0.691075
0.737433
0.864994
1.27633
1.56713
1.03187
1.53346
1.28735
1.43987
1.23212
0.906214
1.18086
1.10769
0.638741
1.24709
1.06373
1.29136
1.45736
1.45678
1.0192
1.2508
0.683928
1.5221
1.12711
0.798697
0.91129
1.24023
1.00514
1.11555
0.998557
1.21569
1.50783
1.5074
1.19311
0.955211
0.914446
0.965484
1.317
0.84796
1.03282
1.04322
0.83758
1.03065
1.17925
1.41533
1.28111
0.87703
1.39819
1.49871
1.35941
1.30691
1.02173
1.34156
1.10176
1.50771
0.994705
1.04693
0.554704
1.09402
1.4751
1.06511
1.14645
1.38466
1.17409
1.45403
1.37525
0.921005
0.977025
1.2786
1.32232
1.48049
1.22025
1.39874
1.31922
1.48838
1.13764
1.28814
1.38836
1.43285
1.40328
1.18739
1.29713
1.09713
1.50064
1.3132
1.52042
1.51373
1.49651
0.724105
0.840793
1.51703
1.45137
1.35573
0.682875
1.39985
1.54247
1.15619
1.42048
1.01023
0.933273
1.01087
1.40339
1.29599
0.930813
1.42287
1.4951
1.20124
1.40184
1.46341
1.12307
0.906511
0.999689
1.55548
1.56715
1.54565
0.799331
1.41194
1.34476
1.07593
0.995313
0.847036
1.37129
0.90587
1.39357
0.651126
1.08896
1.48849
0.967296
1.3373
1.39323
0.611076
1.24003
0.853825
1.34006
1.53185
1.46587
1.45554
1.31875
0.601433
1.44534
1.34505
1.42995
1.44022
1.49776
1.50049
1.37217
0.921948
1.38932
1.25651
0.867427
1.39131
1.14317
1.50238
0.342544
1.48592
1.43768
1.1434
1.21826
1.14231
0.993616
1.36637
1.55401
0.927045
1.09188
0.865308
1.42465
1.55869
1.12015
1.50942
0.549197
1.37699
1.38276
1.57011
1.49014
0.653876
0.873674
1.38591
1.49253
0.775815
1.42045
0.853628
0.880994
1.07891
0.746427
1.09793
1.42859
1.38873
1.53655
1.11923
1.19925
1.30049
1.41199
1.24951
1.51296
0.962578
1.01449
1.45958
1.46298
1.14073
1.34832
1.56524
0.80226
1.39472
1.13737
1.37565
1.50642
1.40951
1.09882
1.53985
1.17008
1.55905
1.56353
0.657215
0.735553
1.1291
1.06298
1.28266
1.33519
1.26537
1.42628
1.07926
1.35286
0.903066
1.4305
0.754785
1.25562
1.06764
0.9801
1.4542
1.52387
0.651748
1.02609
1.08789
0.937774
1.46832
0.977158
1.47032
1.2107
1.29619
0.673159
1.3972
0.737443
0.754264
1.15599
1.42606
1.52691
0.823755
1.22041
1.40048
1.29415
1.02971
0.890055
1.24904
1.46255
0.69003
1.55187
0.859238
1.27436
1.44867
1.55113
1.42599
1.08713
1.09676
1.56539
1.42582
1.37176
1.44756
1.31673
0.964996
1.48968
1.5129
1.49532
1.32651
1.27589
1.55114
1.55734
0.496906
0.792436
0.996879
1.17038
1.54003
1.37017
1.25079
1.49932
1.51761
1.53771
1.34529
1.57026
1.43808
1.514
1.48892
1.44138
1.13377
1.18069
1.20778
1.42261
0.835322
1.557
1.11062
1.44165
0.656434
1.37335
1.35301
1.52653
1.48782
1.51724
1.2522
1.31988
1.48152
0.645383
1.53136
1.38268
1.09818
1.09422
1.31895
1.02108
1.25284
1.48938
0.833969
1.04243
1.33353
1.15454
1.31168
1.17406
1.38923
1.40024
0.50981
1.55398
1.07683
1.51785
0.902043
1.20346
1.52743
1.25406
1.42212
1.54968
0.642086
1.55905
1.18358
0.919058
1.50541
1.32913
1.28971
1.38255
1.35323
1.38802
1.03804
1.44888
1.1076
1.49779
1.37543
0.897332
0.721201
1.48477
1.31168
0.916653
1.06161
1.36382
1.04678
0.791861
1.18501
1.08057
1.40286
1.30099
1.30207
1.20143
1.35817
1.00653
0.775736
1.12408
1.50483
0.938192
1.18975
1.04259
1.21788
1.40787
1.42884
1.34876
1.02936
1.39551
1.2226
1.50153
1.53667
1.27136
1.42367
0.830279
1.12083
1.23934
1.49034
1.03495
1.42866
1.11159
1.34604
1.23518
1.56848
1.1788
0.986468
1.18853
1.03996
1.10706
1.36444
1.43359
0.99657
0.695961
1.43885
0.624335
0.983922
1.35152
1.39056
1.42761
1.17392
1.50752
0.932491
0.806368
1.36089
1.53147
1.18199
1.19587
1.37609
1.42972
1.33629
1.25212
1.25522
1.07565
1.17147
0.875396
1.46565
0.508762
1.49057
1.23596
1.02231
0.753252
1.36885
1.48527
1.35701
1.05185
1.31689
0.852129
1.05308
1.35339
0.940015
1.4279
1.45158
1.26309
1.26987
1.06069
0.937694
1.07565
0.852305
1.3101
1.42847
1.23286
0.894159
0.987976
1.07468
1.34068
1.37441
1.50581
0.922122
1.42638
1.55969
1.30385
1.20771
1.32736
1.20248
0.918243
0.830679
1.48163
1.39611
1.12282
1.48212
1.09388
1.32454
1.42847
1.41829
1.35448
1.32228
1.07325
1.54945
1.39673
1.24319
1.29916
1.00046
0.748968
1.31708
1.17214
1.13164
1.03005
0.901332
1.34516
1.24661
1.33821
1.02271
1.30432
1.41202
1.3093
0.915388
1.43532
1.4717
0.843249
1.16554
1.31825
1.18518
1.45039
1.46875
1.33089
1.37042
0.767762
0.890552
1.33498
1.15684
0.927552
1.4191
1.39583
1.42802
1.19353
1.29732
1.17884
1.17551
0.932418
1.15088
0.974438
0.93642
1.39227
1.19166
1.19117
1.09646
1.36837
1.48959
1.26695
0.774343
1.41956
1.32539
1.45359
1.55731
1.28006
1.5302
1.38147
1.0169
0.729064
1.46689
0.61903
1.46513
1.42304
1.36293
0.993934
1.13152
1.55789
0.684602
1.1481
0.827647
1.19993
1.22793
1.24113
1.2734
1.00241
1.32125
1.53027
1.23784
0.840986
0.9098
1.52905
0.868667
1.31752
1.56872
1.41498
1.45684
1.0024
0.97133
1.25913
1.02962
1.28258
1.11264
1.49382
0.51554
1.31654
1.28836
1.54923
1.35014
0.624475
0.468873
1.00975
1.18627
0.741503
1.36853
0.911628
1.3703
1.44526
1.35601
0.80631
1.5402
1.32177
1.29879
1.22513
1.48953
1.13675
1.15305
1.30606
1.30243
1.28532
1.24654
1.15507
1.49753
1.52897
1.5689
0.21919
0.935734
1.33196
1.52604
1.53944
1.26221
0.84931
1.13326
1.02527
1.2957
0.995389
1.34964
1.24002
0.864139
1.55493
1.52721
1.44633
1.55981
1.26833
1.49727
1.5429
0.799148
1.28175
1.12253
1.05781
1.40332
1.08568
1.37646
1.23622
1.28859
0.961714
0.780754
1.42208
1.49288
0.902476
1.14858
0.843423
1.56231
1.56518
1.33769
1.44645
1.35768
1.02801
1.38229
1.45444
1.39549
0.836608
1.25856
1.00299
1.27433
1.35295
1.01769
1.10354
1.13844
1.47035
1.5185
1.50373
1.40101
1.23473
1.2695
1.27774
1.36521
1.04306
1.33636
0.854599
1.12374
1.10345
1.33859
1.46559
1.06068
0.85227
1.23748
1.46694
1.46071
1.3118
0.934613
1.29751
1.28297
1.49173
1.35595
1.44802
1.10931
1.34231
1.4253
1.02032
1.20666
0.728573
1.27232
1.11348
0.839746
0.954726
1.56945
1.26993
1.08894
1.27742
0.493698
1.55603
1.37863
0.76934
1.38951
1.34736
0.997419
1.3774
0.961371
0.992322
1.40767
1.47531
1.19389
1.17399
1.26084
1.55423
1.51859
1.32964
1.40568
1.28429
0.693288
1.03651
1.26234
1.10171
1.50321
1.29667
1.29471
1.54293
1.52953
1.02414
1.24309
1.55859
1.54003
1.43574
1.10846
1.31479
1.37634
1.32654
1.27008
1.04043
1.5451
1.17078
1.56762
1.46596
0.958203
1.06179
0.653063
1.51556
1.39949
1.02447
1.09211
1.56323
1.43756
1.40655
1.55145
1.55175
0.779204
1.05714
1.47899
0.902135
1.09262
1.19874
0.859757
1.2153
1.55706
1.31559
1.06186
1.128
1.50508
1.11778
0.899317
1.32047
1.13507
1.55969
1.06016
1.30587
1.15339
0.857
1.10415
1.10685
1.34588
1.29726
0.620208
1.45172
1.44534
1.37206
0.916533
1.10702
1.40852
0.712427
0.903794
1.1225
1.21006
1.5278
0.834913
1.43756
1.33174
1.51657
1.41949
0.566524
0.503655
1.50673
1.43088
1.45555
1.32164
1.04127
1.49293
0.76937
1.00727
1.1126
1.50771
1.20273
1.56347
1.2081
1.46175
1.39218
1.45445
1.44778
0.932205
0.586464
1.20323
1.38336
1.35357
0.754153
1.2541
1.41548
1.28354
1.33566
1.22651
1.37223
1.22852
1.41787
1.03142
0.986259
1.45678
1.18088
1.55017
1.36201
1.16534
1.55551
0.955942
0.592389
1.4612
1.41702
1.51377
1.03787
1.10501
1.44596
1.23124
0.920906
0.957669
1.18151
1.05009
1.45085
1.5574
1.43608
0.916527
1.1485
1.15579
1.14235
1.12882
1.22917
1.08988
1.44824
1.55151
1.555
0.999962
1.48049
1.22151
1.23072
1.26247
1.39844
1.08025
0.7628
0.858279
1.03131
0.405878
0.633432
1.4277
1.47093
1.51899
1.28869
1.16265
0.593429
1.32177
1.52274
1.35245
1.54238
0.944687
1.22696
1.37204
1.04593
1.49351
1.48809
1.29984
1.21939
1.20179
1.53985
1.10005
1.32479
1.22852
0.84996
1.27468
0.667078
0.876948
0.989031
0.780281
1.39323
1.56006
0.899969
1.4996
1.27372
1.19985
1.29053
1.55664
1.30213
1.24798
0.599487
1.26215
1.44708
1.15165
1.31736
0.979303
1.21976
1.41644
1.28711
1.42747
1.09556
1.31009
1.51003
1.00271
1.34814
0.927749
1.03513
0.918081
1.5338
1.28653
1.17683
1.0583
1.49648
1.16826
1.21055
1.05993
0.970449
1.29085
1.48788
1.09333
1.38734
1.30843
1.54594
0.544296
0.740068
0.66127
1.27833
0.785134
1.47765
1.34452
1.56427
1.14419
1.3292
1.39985
1.29808
1.3662
1.17217
1.4305
1.36126
1.28341
1.53179
0.967459
1.33953
0.88956
1.41209
1.42588
1.4318
1.52696
1.16405
1.14845
1.43164
1.38175
1.34742
1.23997
1.21116
0.735289
1.56814
0.35077
0.820341
0.811451
1.02336
0.77777
0.751161
1.02946
0.763616
1.18126
1.34329
1.33152
0.880908
1.29193
0.76984
0.981783
1.48558
1.52806
1.43026
1.41267
0.709285
0.757516
0.866237
1.22891
1.30387
0.631412
1.45064
1.26753
1.18759
0.796416
1.54449
1.14831
0.903854
1.12974
0.850334
1.03559
1.34457
0.747597
1.20352
1.43143
1.33949
0.753416
1.50293
1.2401
1.01967
0.864379
1.40067
1.09326
1.3542
0.63697
1.19139
1.54192
1.48359
1.33741
1.16019
1.54998
1.0337
0.953005
1.47182
1.00638
1.26162
1.19606
1.54172
1.10097
1.42545
1.35033
1.52164
1.41718
1.50183
1.53179
0.945573
1.55256
1.35601
1.36456
1.52335
1.06357
1.24113
1.30979
1.1905
1.1275
1.17954
1.25894
1.1673
1.23858
1.44771
1.52751
1.50501
1.37854
1.01252
1.48543
1.23978
1.32627
1.32303
0.820606
1.22083
1.41422
1.26599
1.21703
1.06466
1.09868
1.15765
1.18073
1.51118
0.641469
1.52073
0.717635
1.22586
1.27503
1.54601
1.54098
0.657769
0.656133
1.3377
1.2269
1.21676
1.25512
1.3205
1.55361
0.579848
1.0517
1.2278
1.56945
1.15596
0.881363
1.25506
1.31474
1.28341
0.717505
1.32927
1.55248
1.44012
1.32378
1.18654
1.44054
1.10915
1.53947
1.35539
1.56759
1.05117
1.56248
0.682634
0.876583
1.56158
1.53062
1.51513
1.31825
1.20475
1.54852
0.784386
1.56317
0.806677
1.32097
1.51516
1.36381
1.129
1.02857
1.28137
1.31061
1.06215
1.24248
1.40998
1.00256
1.17015
0.842487
1.49535
1.41681
1.40295
1.13643
1.33435
1.35616
0.567314
1.44461
0.34318
1.02477
1.48061
1.11003
1.46329
1.44329
1.51737
1.34119
1.51529
1.48371
1.45309
1.47807
1.32574
1.2688
1.40008
1.55294
1.4624
1.53942
1.39312
1.53496
1.40738
0.612537
1.02856
0.891722
0.879719
1.27232
1.2268
1.32555
1.51238
1.4002
1.40636
1.46869
1.52222
1.21202
0.929775
1.46409
0.951799
1.41183
1.46317
1.1893
1.08099
1.51926
1.29291
1.52201
1.46946
1.3075
1.55129
1.31761
1.01619
1.4321
0.994936
1.06131
1.49767
1.50032
1.1913
1.44734
1.40076
0.878957
1.42791
1.46538
1.48977
1.5174
0.999564
1.37348
0.76773
1.38069
0.958251
0.808308
1.09167
1.00648
1.51232
1.35651
1.323
1.38211
1.31732
1.09381
1.17389
0.925911
1.56201
0.673281
1.54766
0.746049
1.3176
0.909219
1.4334
1.25438
1.50692
1.41202
0.835107
1.48824
0.788594
1.24341
1.46366
0.853634
1.51785
1.38393
1.3956
1.15505
1.51798
1.22334
0.31113
1.01267
0.959894
1.45309
1.53102
1.56604
0.870788
1.04613
1.04023
1.426
1.4135
1.00597
1.04685
1.40457
0.475471
1.1532
0.879058
0.740264
0.850747
1.41776
1.51119
1.29881
1.49633
0.970585
1.51523
1.31471
1.25381
1.16039
1.01752
1.26125
1.3335
1.36862
0.691188
1.55172
1.37895
1.49704
1.25137
1.2702
1.22437
1.19721
1.34908
1.40751
1.42406
1.42138
1.50936
1.17454
1.51223
1.03926
0.594987
0.797948
1.03978
1.35076
1.47225
1.14984
1.42661
0.754189
1.30055
1.52617
1.18614
1.27325
0.49495
0.87056
1.49584
1.39738
0.867138
1.14488
1.42094
1.26375
1.07238
1.27925
1.41758
1.43334
0.642915
1.18363
1.44627
1.34371
0.987626
1.01936
1.3839
1.30201
1.39422
1.12672
1.02596
0.62815
1.06723
0.522238
0.8642
1.34256
0.97177
1.4334
0.72706
0.882134
1.40227
1.36343
1.42705
1.39837
0.739932
0.845528
1.19976
1.43787
1.26052
1.51147
0.935139
0.91037
0.67372
1.48157
1.24412
1.26534
1.073
0.838769
0.954828
1.19379
0.972867
1.37895
0.970367
0.811637
1.50916
1.3833
1.13898
1.11791
1.30023
1.17354
1.26066
0.894971
1.01225
1.1
1.44516
1.33769
1.43118
1.23272
1.5093
1.48016
1.2757
1.40001
1.49865
1.3507
1.0072
0.64702
1.4318
1.1006
1.22316
1.53374
1.14802
1.06465
1.50951
1.29098
1.16544
0.960515
1.40469
1.43482
0.988153
1.28073
1.29262
1.41403
1.32063
1.5272
0.796067
1.36575
1.0438
1.34621
1.0782
0.482685
1.39918
1.16568
1.32479
1.1836
0.877928
1.23383
1.06674
1.28137
0.861092
1.06054
1.48285
1.20241
1.14643
1.06948
1.0703
1.0715
0.876675
1.47992
1.43858
0.511151
1.15124
0.943775
0.833892
1.37394
0.994263
1.49807
1.25889
0.960998
1.31607
1.04823
1.36675
1.0294
0.802995
1.3597
1.31376
0.672588
1.15586
1.17445
1.26358
0.888906
1.36942
1.45776
0.802442
1.33936
1.53078
1.05615
1.18963
1.36251
1.5124
0.808019
1.45945
1.08728
0.946636
1.50697
1.53899
1.30713
0.973911
1.30362
1.35714
1.48365
1.00626
1.46107
1.22788
1.52427
1.18539
1.27506
1.20467
1.35514
1.0221
1.39543
1.31175
1.22442
1.29776
1.49781
1.34883
1.48399
1.33224
1.23157
0.67446
1.39577
1.49216
1.47478
0.769256
1.44818
1.22588
1.25168
1.45469
1.23189
1.49014
1.10621
0.742112
0.850402
1.43144
1.40989
1.08851
0.874047
1.29722
1.16078
1.47464
1.14231
1.09484
0.913061
1.16105
1.47544
0.832453
1.12726
1.16757
1.0455
1.48405
1.15305
1.30567
1.04254
1.24332
1.44461
0.933996
1.38545
1.30365
0.64649
1.49088
1.46869
1.53673
1.45501
1.24171
1.09092
1.30549
1.12597
1.10185
0.992745
1.56262
1.54258
1.51847
1.48218
1.3059
0.913831
1.2558
0.811849
1.28564
1.2486
1.35345
0.609677
0.823776
1.12084
1.04738
1.38997
1.4712
1.4861
1.30277
1.56089
0.919059
1.37204
1.40227
1.31843
1.21547
0.744762
1.35445
1.17369
1.00292
0.516751
0.639028
0.774368
1.52183
1.33155
1.15882
1.1467
1.30528
0.890956
0.72044
1.38889
1.45248
0.874995
1.38734
1.5374
1.19224
1.19652
1.50126
1.52507
1.40902
1.23864
1.2013
1.46912
1.13393
1.44492
0.85497
1.10621
1.5302
0.705528
1.51402
1.42403
1.13373
1.53557
1.34632
1.52954
0.971913
1.21852
1.23525
1.20156
1.39199
1.23014
1.48763
0.605668
1.31748
1.48916
1.10518
1.12039
1.4045
1.53673
1.33284
0.547539
1.24213
0.757751
0.936713
1.56182
0.993987
1.45666
1.22747
1.52769
0.738057
1.553
0.807882
1.44147
1.19553
1.25556
1.21969
1.22464
1.53387
1.07892
1.05893
1.34043
1.38221
1.10347
1.24562
1.43636
0.9899
1.25876
1.1916
1.24886
1.01362
1.18037
1.56234
1.27365
1.4838
0.905796
1.02342
1.39943
1.48347
1.04959
1.0657
1.44405
0.838044
1.34094
1.32443
1.53325
1.36042
1.55078
0.74136
0.821049
1.36419
1.19566
1.5261
1.11335
0.734229
0.643943
0.356004
0.780407
0.69457
0.75537
1.18276
1.4037
1.09419
1.22904
1.32825
1.42154
1.29751
1.44679
1.33692
0.841132
0.883404
1.55287
1.393
0.880501
1.44475
1.55554
1.03304
1.36547
0.693363
1.46102
1.23549
1.39228
1.31054
1.48842
0.942557
1.42979
1.14761
0.941742
0.782773
1.01623
1.4435
0.8977
1.51099
1.05816
1.56634
1.2838
0.651411
1.39106
1.18211
0.77189
1.14107
1.54027
1.33689
1.13522
1.09174
1.51388
1.41125
1.52418
1.43235
1.54808
1.53044
0.938037
1.00155
1.24422
1.46522
1.42644
0.638915
1.47645
1.00471
1.37073
0.985821
1.50514
1.19238
1.21051
1.30485
1.55654
1.04536
1.17197
1.5606
1.44048
1.26829
0.843184
1.3445
0.805333
1.04754
1.50975
1.43192
1.41118
1.49297
1.44498
0.833956
1.26714
1.44227
0.848882
0.962826
1.15696
1.06946
1.19134
1.1913
1.15726
1.4759
1.40147
1.43808
1.37341
1.13284
1.02184
0.982259
1.54579
1.29779
0.855887
0.868945
1.34873
1.28973
1.28379
1.20718
1.26253
1.16026
0.878645
1.39141
1.15138
1.38267
1.31698
1.5096
1.39212
1.16429
1.51657
1.29449
1.27391
1.4165
1.21877
0.794794
1.34814
1.5363
1.45612
1.36059
1.55157
1.0405
1.20408
1.06727
1.05312
1.24229
1.36294
1.13663
0.641338
1.40258
1.13185
1.24196
1.10864
1.55035
1.24738
1.45725
1.48144
1.36556
0.861511
1.31285
1.46538
1.45414
1.39943
1.51562
1.21108
0.906934
1.24944
1.13479
1.13145
0.944006
0.812572
0.995007
0.936667
1.5011
1.50067
1.08527
1.24447
0.68506
1.51452
1.19161
1.50716
1.36301
1.20604
