1.00798
1.22732
0.846267
1.09475
1.35258
1.52073
1.15518
1.52632
1.32252
0.853412
1.46292
1.17591
1.18598
1.49798
1.11915
1.35455
1.47439
1.36505
1.20911
1.13235
1.55712
0.936371
1.19657
1.3822
1.10402
1.06067
1.54916
1.29044
1.35195
1.51681
1.32139
1.31414
1.35679
0.88361
1.33416
1.15992
0.966928
1.37217
1.50012
1.15844
1.16401
1.07885
1.05348
0.624442
1.05438
0.854614
1.04623
1.24306
0.596732
1.33422
1.43814
1.53942
1.33623
1.56774
0.8434
1.32743
1.3486
1.29891
0.937928
1.29187
1.48206
1.54607
1.42563
1.36366
1.27931
0.840763
1.25959
1.25799
1.08254
0.923639
1.2477
1.54888
1.23001
1.45568
1.30947
1.39258
1.43881
0.795828
1.06503
1.39137
1.41009
1.53295
1.08171
1.40305
0.893706
1.37489
0.631953
0.849506
1.30422
0.745138
1.49669
0.968192
1.05495
1.09386
1.41858
1.2886
1.26254
0.96502
1.50832
1.53178
1.28006
1.42193
1.46206
0.464079
1.53093
1.18416
1.56237
1.1437
1.28742
1.42026
1.23544
1.12794
1.3833
1.43737
1.54626
0.703766
0.892391
1.0909
1.55603
0.747723
1.5476
0.890882
0.871965
1.00191
0.502425
1.55914
1.55655
1.12393
0.77829
1.36238
1.32338
1.40846
1.24351
1.31609
1.42076
1.05099
1.39447
1.27577
1.43225
1.12164
1.28386
1.31522
1.27529
1.32775
1.38876
1.52042
1.14033
1.52886
1.15673
0.920509
0.939182
1.04283
1.43732
1.33692
1.36877
1.48454
1.03087
1.3277
0.9261
0.849352
1.51529
1.09039
1.51737
1.4047
1.44119
1.53047
1.1855
1.05473
1.38882
1.38565
0.992861
1.47194
1.43275
1.32106
1.10955
1.53943
1.44479
1.43318
1.5044
0.836484
1.38628
1.33304
1.56976
1.18192
1.12201
1.43007
1.16782
1.27478
1.54061
1.1814
0.722536
1.54986
0.911664
1.23514
1.19891
0.767526
0.909182
1.26514
1.40166
1.04683
1.42165
1.09665
1.50737
0.957769
1.14898
1.36287
1.2305
1.24635
1.22218
1.20853
1.33874
1.38715
1.24003
1.54754
1.2703
1.1767
0.958818
1.29846
1.01583
0.826265
1.30743
1.51058
0.937269
1.08575
0.868782
1.31061
0.976482
0.970202
1.19928
1.49033
1.4186
0.876139
1.53276
1.37721
0.8496
1.53276
1.15128
0.865183
1.13293
1.27772
1.36313
1.40921
1.11588
1.39274
0.465859
1.44125
1.56021
1.52018
1.55596
1.45088
1.39496
0.672519
1.16335
0.778019
1.28366
0.947039
1.4202
0.803048
1.38417
1.2049
0.876492
1.07662
0.974494
1.43648
0.801696
0.432015
1.47587
0.907788
0.955263
1.03299
1.50067
1.00014
1.33174
0.955601
1.49522
1.03207
0.974209
1.41115
1.45746
1.34457
1.35309
1.36263
1.07328
1.18443
0.778814
1.4921
1.43417
1.46329
1.34684
0.584261
1.55023
1.22729
1.41415
1.20117
0.911761
0.865881
0.888808
1.43041
1.23075
1.34236
1.12536
0.989712
1.31504
1.04998
1.11255
1.3512
1.00151
1.21664
1.18767
1.04282
1.07877
0.926096
1.53014
1.31061
1.51238
1.5443
1.55987
0.675615
1.01676
1.55856
1.37385
1.16657
1.46918
1.28726
1.29675
1.29945
1.38196
0.867422
1.32306
0.828818
0.884546
1.52506
1.29588
1.3582
0.452082
0.956322
0.673549
1.14709
1.43119
1.35876
0.973819
1.01852
0.481136
1.32957
1.20002
1.51264
0.857945
1.23835
1.2861
0.93962
0.85508
0.922574
0.461025
1.17833
1.41322
1.52311
1.33366
1.14763
1.08074
1.17862
1.50193
0.97614
1.30296
0.767429
1.47375
1.14223
1.45112
1.41477
1.2878
1.41044
1.42378
0.898753
0.714911
1.43084
0.979692
1.33353
0.963833
1.33095
1.31498
0.854914
1.49563
1.10504
1.5067
1.33301
0.847399
1.12935
0.761015
1.37515
1.23919
0.95903
1.54723
1.36515
1.41795
1.14957
0.828166
1.38109
1.52922
0.819337
0.301527
1.13161
1.42718
1.01
1.02217
0.91759
1.10361
1.29877
0.794096
1.36488
1.00905
1.26895
1.42144
1.2744
1.55731
1.07913
0.826535
1.35795
1.38392
0.874358
1.02378
1.39469
1.54531
1.30043
1.51126
0.927675
1.01836
0.975957
1.13549
1.52377
1.30115
1.4946
1.37654
0.976931
1.49884
1.37724
1.0938
0.67848
1.06075
1.53954
1.29383
1.47728
1.29275
0.908543
1.49289
1.3071
0.790663
0.876136
1.46458
0.766168
0.682071
0.929037
1.27889
1.44885
1.50443
0.859881
1.54388
1.11589
1.50124
1.36141
1.44525
1.44467
1.45346
1.47488
1.39806
1.05888
0.918142
1.565
1.23732
0.847861
0.88695
0.533882
0.847784
1.18778
1.45503
1.38765
1.42033
1.19219
0.946719
1.067
1.40574
1.3319
1.28742
1.53249
1.42841
1.3488
1.48764
0.874133
1.13794
0.979212
1.49981
0.791971
1.13663
1.50972
1.48757
0.803814
1.45686
1.3324
1.1994
1.3308
1.49694
1.51639
1.50844
1.05549
1.15298
1.51405
1.49645
0.79171
1.32044
0.768133
1.00505
1.22779
1.00664
1.40653
1.50159
0.496716
1.27334
1.47813
1.39379
1.25571
1.16902
1.00224
1.27135
1.47544
1.44258
1.33158
1.46258
0.673998
1.39645
0.381389
0.7116
1.51445
1.01951
0.489709
0.877019
0.435746
0.614913
1.38839
1.35083
1.35714
1.25085
1.28461
0.68126
1.25567
1.52329
1.32638
0.668598
1.31175
1.11479
1.45156
0.881439
1.30591
1.3297
1.31095
1.46519
1.14036
0.988701
1.39688
1.28723
1.46481
1.12177
1.14274
1.20104
0.916694
1.27914
1.31193
1.01092
1.29104
1.33573
1.40648
1.22748
1.12262
1.01646
1.17636
1.2558
0.748722
1.17551
1.04879
1.36849
1.16009
0.990049
1.56324
1.53795
1.35461
1.49538
1.20807
1.39558
0.91377
1.4011
1.18992
1.38926
1.36793
1.536
1.55114
0.861442
1.39
1.11428
1.10781
0.813837
1.40369
1.18468
1.20741
1.35436
1.48586
1.53417
1.03711
1.51177
1.05311
1.46952
1.02854
1.49926
1.2925
0.785251
1.13475
1.44287
1.48488
1.26691
1.22506
1.5483
1.40939
1.14643
1.31585
1.26433
1.06162
1.51804
0.957879
1.44485
1.52528
1.4697
1.37733
1.54971
1.38392
1.24818
1.31192
1.42243
1.37808
1.16005
1.34488
0.728319
1.1373
1.33805
0.861248
1.56484
1.23789
0.740956
0.84569
1.18703
1.55438
1.18036
0.780223
1.45377
1.44944
1.50562
1.39806
1.08545
1.08451
1.04156
1.44695
1.46919
0.961516
0.875493
1.4338
1.15701
0.417132
1.14551
1.02773
1.35408
0.968603
0.889717
1.26701
1.31379
0.578951
1.44621
1.34914
1.39304
1.23771
1.0796
1.22177
1.41384
1.19371
1.32246
1.32498
1.33682
1.22061
1.0822
1.44659
1.13057
1.50465
1.39216
1.44448
1.11261
1.50147
1.19442
1.32707
1.38492
1.32076
1.54626
1.54999
0.460998
1.22401
0.986134
1.36456
1.36366
1.50336
0.892725
1.35545
1.17074
1.21162
0.757527
1.40848
1.4697
1.52244
1.51834
1.20085
0.883299
1.48057
0.759973
1.4126
1.33447
0.93742
1.53695
1.46611
0.789696
1.39417
1.04957
1.30596
1.55246
0.730465
1.49333
1.557
1.31626
0.991808
1.55764
1.53417
0.964891
1.52843
1.09017
1.53099
1.09661
0.950169
1.54153
1.23156
0.824375
1.37945
1.19999
1.14462
1.15841
1.514
1.48616
0.967567
1.49504
0.927351
1.08841
1.17254
1.07121
1.05281
1.37497
1.46166
1.34945
1.52775
1.1827
1.16475
1.5671
1.22962
1.26657
1.44817
0.913862
1.0905
1.16962
0.994772
1.02938
1.38361
1.39075
1.16565
1.5305
1.3577
0.799992
1.55902
0.904253
1.38519
1.55416
1.14278
1.33064
1.3119
1.49389
1.20317
1.54681
1.34851
1.08519
0.613986
1.50257
1.42249
0.952054
1.52543
1.4419
1.09256
1.41877
1.37827
1.51352
1.2772
0.798855
1.43197
0.725405
1.51399
1.32253
1.5276
1.34005
0.729029
0.917987
1.35586
1.45522
1.52775
1.24506
1.44609
1.31021
1.0516
1.24855
1.07156
0.841676
1.49437
1.42787
1.55926
1.51709
1.43377
1.1956
1.38274
1.40036
1.38223
1.051
0.899308
1.51611
1.54116
1.43921
1.13252
1.22794
1.30086
1.38286
1.22765
1.27952
1.47709
1.20219
1.34078
1.40577
0.894829
0.972504
0.821207
1.30005
1.35789
0.472876
0.854955
1.38597
1.13243
1.34988
1.4785
1.2567
1.23127
1.39805
1.34025
1.45739
1.37407
1.11893
1.44854
1.21917
1.41607
1.15605
1.12881
1.2068
0.804068
1.27359
1.17359
1.43867
1.21885
1.09407
1.53942
1.44589
0.894104
1.11002
0.715096
1.25207
1.5407
1.37885
1.09306
1.41329
1.45764
1.30968
1.28201
0.947372
1.48696
1.53527
1.14644
1.05104
1.5548
1.10117
0.691588
0.914625
1.20352
1.39435
1.28462
0.761379
1.26783
1.3119
0.974393
1.37615
1.53789
1.43158
1.37422
1.5324
0.947417
1.26861
1.54675
1.13475
1.43636
1.42853
1.29776
1.18079
0.845944
1.27051
1.54693
1.05875
0.910694
0.949577
1.40608
0.976558
1.40097
1.11886
0.985678
1.54876
1.36107
1.36625
0.540798
1.49109
1.32432
1.33224
0.785461
1.22232
1.32712
0.804596
1.43654
1.22122
0.941073
0.889586
1.24554
0.884216
1.3726
1.13784
1.36372
1.55773
1.26734
0.944045
1.53966
1.51889
1.21449
0.80602
1.27218
1.51895
1.04231
1.36824
1.25367
1.30345
0.471828
1.5683
1.10566
0.882296
1.38824
1.03928
1.26813
1.27184
0.913407
1.55987
1.26862
1.28156
1.2079
1.48333
1.20473
1.43642
0.809744
1.20209
0.599373
1.06072
1.03074
1.06312
1.51669
1.32032
1.55122
0.626897
1.52789
1.50018
1.47489
1.31648
1.30991
1.36057
1.50793
1.5294
0.888604
0.82058
1.31818
0.713033
1.27551
1.21768
1.16082
1.44504
0.715941
1.52419
0.864747
1.37562
1.22649
1.35627
1.50446
1.4758
1.16318
1.426
1.41081
0.836605
1.31591
1.4703
1.38607
1.33987
1.34522
1.32681
1.55548
0.694309
1.23447
1.18426
1.16773
1.45358
1.37649
0.554057
1.34793
1.43802
1.45045
1.01056
1.42752
1.26529
1.14048
1.41081
1.55722
1.50058
1.48095
0.937909
1.39998
0.956158
1.36319
0.901475
1.39335
1.41033
1.00104
1.08111
0.670294
1.19967
1.12935
1.35233
0.853139
1.34154
1.4281
1.08388
1.21643
0.675987
1.17233
1.41971
1.01146
1.44079
1.50852
1.54204
1.43411
0.868274
1.12572
1.40537
1.37634
1.2778
1.55328
1.08623
1.14974
1.2399
1.20496
1.34103
1.36737
1.16919
1.29009
0.58936
1.56111
0.945775
0.449622
1.07263
1.46131
1.53328
1.21123
1.26995
1.50551
1.05648
1.25952
1.51614
1.48781
1.50391
0.865979
1.04981
1.24503
1.53166
1.51584
1.40555
0.533241
1.37248
1.44501
1.01396
0.951081
1.05583
0.930516
1.2104
1.45543
1.28917
1.34275
1.16092
1.39032
1.55157
0.365502
0.918398
0.926865
1.2892
1.47578
1.22417
1.10392
1.12827
1.1309
0.775394
1.42738
1.32654
1.44953
0.993146
1.51018
0.975821
0.833364
0.975584
0.901029
1.26016
0.701096
1.27952
0.928843
1.27509
1.45162
1.45696
1.32755
1.07476
1.45918
0.901406
0.708863
1.36488
1.10709
1.09068
1.49088
1.54534
1.43066
1.28666
1.42847
1.56732
1.37154
0.986029
1.52784
0.952642
1.42914
0.764532
0.993406
1.2062
0.993023
0.611696
1.10927
1.55071
1.365
1.48971
0.613497
1.30922
1.3764
1.31029
1.00575
1.5338
1.21503
1.41037
1.43742
1.544
0.804953
0.884642
1.48791
0.844193
0.743884
1.44719
1.54553
1.28419
1.35576
1.03921
1.24705
1.07542
1.39586
1.30808
1.32939
0.982699
1.20256
1.43109
1.43667
1.24248
1.03854
1.31446
1.44304
1.26739
1.33303
1.37666
0.975157
1.34978
1.14694
1.32687
1.20019
1.50847
1.25342
1.39665
1.18725
0.802902
1.41313
1.35823
1.48291
1.56298
1.00296
0.723994
1.45653
1.43311
0.872967
1.18998
1.24232
1.15265
1.04618
1.14194
1.37407
1.50789
1.23683
0.866226
1.29485
1.29687
1.08177
0.757939
0.962535
0.886695
1.15905
1.10162
1.2666
0.876812
1.2232
1.54901
0.958657
1.45878
1.03368
1.13467
1.33592
1.13895
1.48434
1.0424
1.53716
1.55749
0.795193
0.728109
1.47257
1.13565
1.43383
0.39852
1.49418
1.23239
1.47115
0.852733
0.895031
1.47508
1.50353
1.57055
1.19645
1.43365
1.25631
1.48273
1.54858
1.2952
1.43698
0.927949
1.02527
1.26612
0.876574
1.3186
0.96281
1.44393
1.12281
0.958924
1.4215
1.26445
0.934481
1.56616
1.31925
1.21465
1.53863
1.50965
1.48261
0.983105
0.759922
1.40976
1.50358
1.45008
1.44873
1.5668
1.05767
1.53838
1.00596
0.608965
1.33617
1.13916
1.50795
1.1113
1.1931
0.701545
1.41434
1.04533
1.51012
0.998235
1.47028
1.41594
0.85955
1.20846
0.975916
1.42126
1.33861
1.11273
1.4219
1.03281
0.812759
1.30922
1.27201
0.963173
1.50306
1.08158
0.774576
1.40144
1.41656
1.28449
0.77093
1.43063
1.53001
1.30137
1.5462
1.50339
0.688844
1.5173
1.55416
1.52109
1.2808
1.54827
0.673151
1.54156
1.50795
1.49541
0.841911
1.36022
1.34957
1.3497
1.44135
0.836614
1.29059
1.30435
1.34845
1.03709
1.30188
1.34924
1.05826
1.5653
1.52986
1.54589
1.16776
1.11989
1.32109
1.03031
1.36475
1.11229
1.42338
1.43254
1.23815
1.38221
1.17914
1.51743
1.239
0.957504
1.33548
1.46148
1.10184
0.927231
1.26388
0.870482
1.25448
1.0047
1.23591
0.843815
1.37379
0.684883
1.54507
1.54166
1.43084
1.36706
0.667932
1.24064
1.21859
0.795279
1.38799
1.14485
1.4297
1.13999
1.22852
1.06254
1.06247
0.929472
1.28716
1.04092
1.46251
0.733114
0.895076
1.45041
1.17987
0.575463
1.41511
1.306
1.39137
1.04497
0.776833
0.955992
1.44097
0.947547
1.4327
1.00297
1.08719
1.2182
1.30353
1.51571
1.37338
1.42224
1.43588
1.21387
1.15167
0.948838
1.14834
1.38156
1.56829
1.21035
1.56091
1.55798
1.52752
0.735476
1.55372
1.17785
1.25339
1.51706
1.27866
0.915717
1.25318
1.36036
1.14093
1.25696
1.41106
1.25962
1.38682
0.507908
1.46987
0.76783
0.841133
1.51821
1.27895
1.32515
1.47004
1.29817
1.20518
1.38768
1.01367
1.36787
0.9578
1.44356
1.08268
0.94739
1.54082
1.36176
1.01942
1.26323
1.48118
1.23984
1.30843
1.1885
1.03927
1.25045
1.56683
1.13066
1.31694
1.18073
1.02434
1.41062
1.00353
1.54351
0.665924
1.19832
1.14871
1.25265
1.15885
0.925499
1.37093
1.52992
1.53331
1.33108
0.757252
1.31268
0.897511
1.38348
1.39844
1.30839
1.41236
1.56749
1.20209
1.25541
1.25147
1.29453
1.22281
1.30818
1.27027
1.25647
0.891211
1.50489
1.56781
1.22148
0.899291
1.34319
1.19767
0.992418
1.26744
1.3305
1.47881
1.45561
0.612751
1.51223
1.27658
1.45414
1.29981
0.83135
1.18699
1.25753
1.18706
1.43235
1.32932
1.54571
1.186
0.960786
1.18568
1.46851
1.54328
1.47255
1.36681
1.34463
1.24527
1.46949
1.31338
1.28243
0.909542
1.0292
1.11105
1.38584
1.19731
1.37764
1.35039
1.53566
0.815801
1.29177
1.49605
0.900536
1.51468
1.19508
1.42742
0.95299
1.55557
1.3598
1.19236
1.53242
0.904276
1.19812
1.4496
1.29605
1.46399
1.3149
1.16709
1.05227
1.53356
0.763598
1.28937
1.17625
0.423715
1.1718
1.27519
1.119
1.17011
1.06007
1.4973
1.27805
1.17321
1.31313
1.16394
0.800208
1.12606
1.41625
1.15031
1.50887
0.543835
0.987348
1.15912
1.37164
1.44775
1.18751
1.24261
0.482653
1.5048
1.37802
1.55694
0.767975
1.45291
1.13717
1.14843
0.552505
1.12914
0.485438
1.48394
0.983511
1.32995
1.1129
1.27238
1.47801
1.4869
0.792095
1.53576
1.43848
1.51095
1.42796
1.24287
0.793739
0.972355
1.34407
1.42239
0.943153
1.38367
0.515043
1.37923
1.4778
1.35108
1.25914
1.12781
0.983087
1.45672
1.38094
1.36219
0.723129
1.26218
0.959633
1.46433
1.09512
1.16899
1.31463
0.727976
1.16038
1.36019
1.11837
1.375
1.41384
1.42199
1.39143
1.25833
0.729242
1.50618
1.5195
0.941507
1.51594
1.5011
1.36375
1.32512
1.37863
1.45519
1.22298
1.01765
1.25029
1.14321
1.1969
1.54578
1.04169
0.729476
0.887296
1.5174
0.664049
1.3361
0.999773
1.40293
1.19907
1.27079
1.25696
1.42307
1.33587
1.31212
1.13284
1.42661
1.19311
1.13058
1.49908
1.02235
1.53759
1.14849
1.20432
1.23803
1.47862
1.43007
1.44738
0.729927
1.28856
1.10221
1.03084
1.54082
1.49651
1.22037
0.930123
0.623143
1.56738
1.19082
1.26625
1.40271
1.42082
0.914365
1.05684
1.28736
1.40438
1.39323
1.47403
1.28328
1.48573
1.50474
1.54766
1.34879
1.18618
1.27079
0.876254
0.98734
1.48261
1.49841
1.05009
0.969551
1.1977
0.923536
1.36542
1.42261
1.17168
0.711574
1.20441
1.5092
1.47921
1.14671
1.15619
1.13968
1.54166
0.933712
1.54549
1.43212
1.0043
1.03202
1.29415
1.10451
1.55477
1.29288
1.33667
0.780573
1.08323
1.44239
1.15365
1.51076
1.29954
0.934783
0.706792
1.31022
1.2515
1.35857
1.3936
1.45672
0.88571
1.20503
1.38972
1.56225
1.16801
1.20496
1.22079
1.55105
1.02457
0.926535
0.868399
0.474998
1.56402
1.41573
1.13995
1.14969
1.50399
1.42304
1.45168
1.4405
1.28538
1.28692
0.97867
1.34956
1.38555
0.939075
0.887736
1.42653
0.838124
1.20564
1.24763
1.50339
1.08219
1.3782
1.497
1.32671
1.54369
1.11357
1.44473
0.614348
0.866874
1.09539
1.42921
1.39825
1.40908
1.46712
1.44287
1.31704
0.658728
1.4777
1.25862
1.02427
1.30486
1.45014
1.35464
1.20451
1.00559
1.40322
1.56433
1.07093
1.45568
1.15168
1.48279
1.37521
1.3202
1.19533
1.53634
1.46863
1.3207
0.754268
1.16548
1.30006
1.41285
1.16849
1.32668
0.697061
1.4562
1.35414
1.46611
0.989754
1.32507
1.34857
1.29586
1.47243
1.36453
1.08406
1.29865
0.948518
1.30893
1.45033
1.18935
0.953843
1.2084
1.47856
1.14814
1.191
1.10437
0.378483
1.05479
1.10197
1.2682
1.19492
0.948005
1.16518
0.846432
1.10644
1.23104
1.40162
1.40599
0.978356
0.474812
0.900625
1.19111
1.48549
1.09567
1.41613
1.22864
1.47464
1.38681
1.03573
1.53667
1.44611
0.545333
1.42082
1.52824
0.674597
1.11317
1.50261
1.3527
0.868564
0.849859
0.724888
1.4644
1.24519
1.43962
0.92391
1.53856
1.40386
1.30695
1.02871
0.87166
1.55601
1.01653
1.32923
1.06344
0.865181
0.801475
1.31282
1.44042
1.17123
1.22174
1.52604
1.39856
1.16291
1.46937
1.4797
1.38867
0.516876
1.05546
1.37957
1.22266
1.29272
1.51944
1.2616
1.44461
1.09483
1.26759
1.16669
1.45205
0.992029
1.38454
1.3782
1.32319
1.43701
0.970595
1.52031
1.46166
0.883262
0.897137
1.07461
0.940645
1.41446
1.56878
0.504326
1.14885
1.07016
1.14715
1.38819
0.792314
1.08051
1.12578
1.13934
0.887887
1.35976
1.46834
0.911353
0.585454
0.683874
0.752158
0.675681
1.19762
0.927155
0.824161
0.962431
1.17886
1.37845
0.953534
0.91506
1.46708
0.699451
1.44885
1.31168
1.53408
1.5069
0.491299
1.38746
1.09943
0.948789
1.25104
1.2674
0.984318
0.747744
1.45773
1.48745
1.33614
1.39918
1.48074
1.40667
0.786239
0.737567
1.13114
1.46249
1.32058
1.36244
1.38258
1.53188
1.17425
0.936627
1.02059
0.866311
1.4982
1.38699
1.41435
1.48285
1.3445
1.19573
1.19283
1.08501
1.28258
1.13895
1.07199
1.22725
0.753408
1.1058
1.30997
1.22754
0.783935
0.90298
0.886472
1.39986
1.18396
1.26259
0.805353
1.30049
1.54321
0.937164
1.44119
1.55117
1.47979
1.24035
1.20536
1.29827
0.539509
1.47997
0.874018
1.5371
1.24041
1.15352
1.22755
1.09003
0.87461
1.528
1.38528
1.06686
0.638426
0.746491
1.3225
1.53429
1.46436
1.27059
1.53582
1.21761
1.17426
1.10671
1.31569
1.30615
0.941117
1.23803
1.22228
1.02041
0.940962
1.1831
1.06022
0.773176
0.808342
0.805454
0.785744
1.45294
1.04537
0.90346
1.365
1.42372
1.34212
1.12743
1.51358
0.920208
0.871176
1.56658
1.22057
1.42533
1.09367
1.15438
1.17144
1.3485
1.31121
1.19111
1.25971
1.37154
1.06571
0.721747
0.527395
0.792968
0.667997
1.37602
1.51926
1.30586
1.36516
0.452081
1.32706
1.53398
1.54021
1.13164
1.4853
1.36824
1.5596
0.848375
1.46602
1.30703
1.39386
1.45398
1.37528
1.23751
0.701945
1.21181
1.20473
1.43944
0.779651
1.11504
1.10633
1.06026
1.41883
1.44184
1.1632
1.13386
1.35389
0.710132
0.994506
1.56732
1.31711
1.4929
1.23738
1.27532
0.564296
1.30428
1.56982
0.995154
1.29827
1.22249
1.25524
1.0314
0.813714
1.19777
1.49709
0.958559
1.37061
1.54655
1.56414
1.1849
0.892016
0.886873
1.39956
1.11932
0.472779
1.55651
0.883716
1.4139
1.02925
0.889109
0.822122
1.12482
1.19652
0.812074
1.34895
1.55335
0.526108
1.52983
0.70724
1.06402
1.3626
1.06968
1.52812
1.34657
1.50532
0.845369
0.859689
1.32717
1.54346
0.995002
1.47292
0.799568
0.793765
0.871934
1.3596
1.19753
1.4455
1.39239
0.743225
0.860106
1.53349
1.56408
1.4198
0.667814
1.50899
0.701588
1.36167
1.40795
1.28514
1.43368
1.27681
1.43574
1.56628
1.12567
1.46591
1.30327
1.40116
1.3869
1.42815
1.16939
1.43642
1.25042
0.946183
1.4804
1.3315
1.32391
1.0295
1.42863
1.52565
1.55688
1.03218
1.35224
1.36143
1.14215
1.45862
1.54847
1.28836
1.31524
1.3517
1.16424
1.12003
1.50293
1.29985
1.49253
1.22713
1.28068
1.48567
0.594192
1.06415
0.993453
1.04926
1.46325
1.36519
1.50113
1.08817
1.41705
1.32373
1.21145
1.16125
1.40594
1.16579
1.47139
1.20549
1.32626
1.31244
1.16478
1.13626
0.82946
1.0337
1.19992
1.46976
1.06922
0.592337
0.96374
0.77358
0.873884
1.48653
0.853165
1.53269
1.13303
1.14002
1.55511
1.37232
0.559021
1.4601
0.486222
1.38768
1.30739
0.700599
1.20967
1.21345
0.960047
0.765898
1.23713
1.30061
1.28576
1.47961
1.51682
0.764833
1.40658
1.17289
1.50498
0.722175
1.37951
1.35627
1.31169
1.18551
1.52591
1.36107
0.29695
1.24495
0.76585
1.17345
1.53655
0.981862
0.833407
0.855641
0.976561
1.51535
1.39447
1.24972
1.55886
0.553855
1.56181
1.48445
1.43852
0.925802
0.861342
1.48757
1.31994
0.969866
0.734706
0.896126
0.899998
1.56079
1.53215
0.872042
0.745505
1.37469
0.322106
1.13135
1.31446
1.52592
1.3636
0.925922
1.24082
1.20608
0.838571
1.48206
1.56125
0.986056
1.35447
1.38324
1.1967
1.48886
1.55603
0.785474
1.45279
1.47826
1.39797
1.27289
0.82077
1.55523
1.54296
1.4186
1.32544
1.07412
1.43001
1.48889
1.51758
0.877345
0.999337
1.33559
0.646712
0.70058
0.652925
0.853097
0.897998
1.1163
1.15373
1.54168
1.32026
1.43416
0.81593
1.10463
1.30625
1.04214
0.83717
0.779019
1.41534
1.29941
1.42653
1.3464
1.45217
1.17524
1.51247
0.669579
0.84125
1.34776
1.07256
1.26711
1.55834
1.42729
1.04697
0.691119
1.01683
1.3873
1.53796
1.20437
1.40571
1.42802
1.30751
1.37344
1.11631
0.446792
1.5621
0.785019
1.16468
1.02661
1.49856
1.56005
1.45988
1.56588
1.13218
0.883201
1.01484
1.33516
1.44239
1.35692
1.46706
1.46409
1.55389
1.06432
0.90445
1.47151
1.33733
0.851808
0.568912
0.755811
1.51853
1.54809
1.4891
1.30157
0.928188
1.10617
1.08796
1.01353
1.03354
1.07753
1.49486
1.29431
1.11452
1.47498
1.54803
0.943696
1.10063
0.849556
0.838245
1.41063
0.898719
0.86112
0.678103
1.02514
0.895939
1.44809
0.934945
1.14549
0.983251
0.995157
1.36332
1.38308
1.43433
1.06118
0.899737
1.32492
1.37969
1.51064
0.701942
1.14901
1.49746
1.48103
0.907961
1.29592
0.983074
0.663819
1.37605
1.47599
0.917386
1.15776
1.44367
1.34928
1.52287
1.4512
1.5195
1.14353
0.937396
1.21924
1.19582
0.476709
1.43614
0.931408
1.52177
1.17593
1.29085
1.45398
0.997448
1.51104
1.44036
1.17717
1.37611
1.46108
1.17802
1.17001
0.863229
1.01231
1.42452
1.22814
1.54392
0.809039
1.24393
1.14855
1.03984
1.30808
1.29735
1.11485
1.22548
1.52571
1.52164
0.740538
0.684315
1.47309
0.992616
1.4758
1.45322
0.794067
1.54056
1.03824
1.37316
1.29136
1.30117
0.888128
1.51235
1.41798
0.349904
1.3462
1.26823
0.786012
1.23272
1.53875
1.39292
1.39608
1.52639
1.46825
1.55126
0.770017
1.00698
1.22891
1.39849
1.54992
1.37942
1.55664
1.09337
1.21664
1.23767
1.14468
1.31452
1.29561
1.50575
1.11335
1.49339
1.31004
1.21224
1.04463
1.41538
0.978263
1.39992
1.44645
1.49681
1.51565
1.37167
1.56323
1.19502
1.46963
1.53459
1.2799
1.53792
1.05652
1.20732
1.55957
1.37562
1.48916
1.48744
1.21087
0.911307
1.08515
0.901905
1.53036
0.920216
1.49504
1.49755
1.27583
1.17558
1.25822
1.33858
1.15604
1.39071
0.813564
1.38019
0.828381
1.00751
1.30169
1.49651
1.14095
1.33359
1.48489
1.17458
1.00862
1.1058
1.09645
1.1006
1.29129
0.812086
1.31616
1.11635
1.15482
1.36637
0.579964
1.42899
1.52577
1.33621
1.49118
1.40964
1.32504
1.33911
1.22177
1.47633
1.26861
1.36466
1.51682
1.5323
1.46007
1.28436
1.00914
1.44645
1.17982
0.626248
0.643613
1.37876
1.23591
1.35545
1.45156
1.24583
1.52378
0.795179
0.383282
0.730903
1.53777
1.35776
1.39961
0.810166
1.22069
1.42503
1.10019
1.32114
1.20212
1.29825
1.39005
1.43417
1.07496
1.28583
0.87159
0.673054
0.798201
0.845862
1.0501
0.961872
1.25374
1.20097
1.4601
0.957206
1.5214
1.10651
1.5173
1.08065
1.51973
1.37883
1.49149
1.21171
0.585838
1.49065
0.898991
1.38746
1.07108
1.17233
1.49473
0.673355
0.957648
1.2591
0.951584
0.758632
1.4747
1.53138
1.45014
1.02279
1.06069
1.36238
1.40178
1.46261
0.990782
1.48249
1.40057
1.00023
1.08564
1.29916
1.28802
1.13872
1.5252
1.55065
1.0005
0.537578
1.23229
1.3883
1.13671
1.28709
1.37265
1.43867
1.45168
1.35805
1.02058
1.51382
1.15024
1.47635
1.43692
1.40547
0.446134
1.42289
1.33427
1.23963
1.29542
1.29072
0.637352
0.718407
1.32297
1.10177
1.50524
1.31288
0.60491
0.671202
1.4888
0.678725
0.838005
1.34732
1.19771
0.797482
1.4207
0.965717
1.52189
1.34782
0.896692
1.50891
1.06764
1.37677
0.861613
0.843746
1.42212
1.34361
1.28487
1.10123
1.44565
1.11098
1.16751
1.57043
0.730191
1.44802
1.53612
0.609501
1.42856
1.13302
1.36793
1.13912
0.744492
1.13914
1.33416
0.789497
0.831457
1.20876
1.15116
1.32454
0.963826
1.55584
1.02584
1.21795
1.56909
1.13589
1.2522
1.45804
1.31823
1.22122
1.29974
1.46487
1.56611
1.56407
1.49125
1.04063
1.23169
1.54788
0.597197
1.02619
1.10682
1.02851
1.41254
1.15479
1.34676
1.1045
1.48622
1.06536
1.03916
0.905715
1.07811
0.953787
1.52652
1.09821
1.13289
1.03759
0.75251
0.964523
1.53398
1.1943
1.51196
1.1659
1.41517
1.4652
1.29653
1.42792
1.31635
1.55209
1.0144
0.930891
1.56478
1.51802
1.42572
0.841837
0.723568
1.45265
1.30194
1.484
0.800771
1.27754
0.889229
1.35295
0.604545
1.26061
1.3833
0.949335
0.821773
1.11551
1.53148
1.27744
1.54852
1.26106
1.54992
1.37994
1.03881
1.54479
0.910515
1.0613
1.27091
1.38246
1.34556
1.26669
1.22784
1.43999
1.35826
0.692124
0.904352
1.35134
1.50964
1.05107
0.725906
1.47347
1.53653
1.22024
1.02742
0.957535
1.52494
1.33977
1.18798
1.33108
0.943475
1.38616
1.21175
1.39293
1.34713
1.47274
0.938092
1.15277
1.40902
1.2786
1.15732
1.54888
1.30183
1.10085
1.44818
1.21713
1.38803
1.40469
1.33172
1.43802
1.25198
1.20212
1.21074
1.05995
0.968646
1.38262
1.21723
0.534161
1.02143
1.35965
1.25586
1.45013
1.09577
1.26704
1.12975
1.10511
1.5126
1.26038
1.52332
1.53484
0.912736
1.09373
1.37117
1.10066
0.81938
1.46229
1.55688
1.33262
1.04032
1.44901
1.49106
1.01552
1.45131
1.46752
1.48996
1.3022
0.988814
1.54293
1.56056
1.44216
1.22159
0.983761
1.06835
1.54101
1.08161
1.4534
1.06521
0.836193
0.881296
0.756372
0.83092
0.982166
1.46649
1.1054
0.77338
1.18962
1.22082
1.26304
1.24093
1.37453
1.03613
1.02317
1.56359
1.34521
1.14432
0.710857
1.34106
1.2197
1.08844
1.18879
1.27887
1.23597
1.38595
0.666934
1.14808
1.00274
1.40884
0.796653
1.48953
1.17915
1.44839
1.45795
1.52827
1.06594
1.53325
1.26944
0.696017
1.13757
0.782002
1.4966
1.45496
1.51914
0.765555
1.40531
0.870152
1.29865
1.25932
0.957517
1.23939
1.08644
0.780921
1.55096
1.55914
1.36058
1.17454
1.49434
0.862381
1.45623
0.541182
1.53108
1.56246
1.54281
1.24339
1.25846
1.42014
1.28895
1.29827
0.85758
1.1462
1.11528
1.25279
1.39787
0.7352
1.19495
0.952525
1.33799
1.00964
0.876293
1.49167
0.994577
0.824541
1.48643
1.30656
1.29827
1.11873
1.07599
1.29909
1.33475
1.34181
1.51791
0.987847
1.4257
1.30263
1.2206
1.38541
1.38504
1.29189
1.46817
1.4631
1.30351
1.51101
0.9015
1.43556
0.872628
1.48333
1.19176
1.25246
1.10558
1.16949
1.01765
0.885638
1.10436
0.976571
1.54586
0.735483
0.964741
1.49093
1.48687
0.949433
1.30587
1.55987
1.32687
1.18916
0.851151
1.42255
0.563575
1.4669
1.28218
0.670198
0.503253
1.22631
1.19029
1.27423
1.26199
1.09384
0.830343
0.621958
1.08019
1.47188
0.733782
1.51538
1.51987
1.43146
1.38571
1.49294
1.0149
1.36986
1.15918
0.832216
1.32562
0.772447
1.01374
1.55902
1.34739
1.44104
1.43934
1.30093
1.56582
0.962601
1.33653
1.38988
0.810739
1.32553
1.22746
1.31856
1.51125
1.40853
0.902751
1.50884
1.04996
1.3592
1.22613
1.50524
1.27536
1.34244
1.54501
1.45491
1.33363
1.28322
1.2335
1.36338
1.32832
1.10004
1.32723
0.803046
1.55035
1.32102
1.09114
1.1259
1.10121
1.54192
1.4043
1.23913
0.786335
0.757035
1.09222
1.56842
1.34857
1.33158
1.42785
1.09016
1.54046
0.987937
1.0678
0.692901
0.976086
0.763284
1.02724
1.17955
1.3513
0.973475
0.533283
1.07135
1.33542
0.937665
0.95153
1.44085
1.51312
1.06173
1.46225
1.44424
1.53124
1.34732
1.00006
0.941199
1.06558
0.918588
1.19188
1.12127
1.38361
1.30941
1.45368
1.36755
0.950564
1.5509
1.20077
1.07218
1.48445
0.823166
1.26515
0.394004
1.35093
1.48235
1.55586
0.756961
0.90485
1.46169
1.23505
0.641295
1.38625
1.13096
1.36758
1.47905
1.52861
1.4227
1.23209
1.22087
0.818565
1.37404
1.35436
1.38224
1.21765
1.46338
1.53486
0.936419
1.2681
0.737519
1.18895
1.26023
1.25506
1.23357
0.850073
1.53417
1.26006
1.12692
1.49847
0.340301
1.4393
1.53417
1.52349
1.27212
1.24216
1.56112
1.53007
1.12513
0.905572
1.18772
1.56323
1.07939
1.20719
1.31392
0.683502
1.53015
1.5116
0.597978
0.859051
0.921021
1.25394
1.23819
1.26061
1.42881
1.4084
1.11112
1.5305
0.823641
1.2167
0.948399
0.911699
1.4076
0.977408
0.770493
1.37011
1.27653
1.11825
1.37914
1.06312
1.11793
1.43393
1.01554
1.29142
1.47746
1.1247
1.3142
1.36407
1.37637
1.29821
1.49131
1.43288
1.38067
0.481081
1.13336
1.2301
0.923285
1.51645
1.2412
1.43796
0.894374
1.25679
1.16068
1.3098
0.878545
1.34631
1.35809
1.46157
1.23328
0.847463
1.04198
1.51902
1.15443
1.5606
1.45641
1.07117
1.40233
1.24249
1.06167
0.880524
1.50211
1.55383
1.44741
1.53191
1.53844
1.54388
1.4355
1.10148
1.48469
0.242781
0.474966
1.18512
1.04261
1.27942
1.08078
1.25233
1.09868
1.34538
0.939051
1.55798
1.28564
1.23814
1.52813
0.896121
1.28019
1.19389
1.50595
1.41956
1.06078
1.17591
0.709742
1.41599
1.18429
1.04205
1.02241
1.22944
1.34765
0.784366
1.51437
1.32322
1.31048
1.28137
1.01851
1.04967
1.29212
1.49033
0.881298
1.4951
1.16098
1.5162
1.37235
1.3849
1.38665
1.36566
1.06752
1.28666
1.29155
1.43314
0.949212
1.26001
1.27283
1.05403
1.51446
0.954356
1.4042
1.2695
1.26231
0.91387
1.29725
1.46093
1.49394
1.31427
1.49014
1.40667
1.48289
1.00675
1.00087
1.09462
1.31635
1.07849
0.99352
1.21684
1.1436
1.37298
0.949478
1.46105
1.29275
0.767091
0.761034
1.41183
1.27961
1.39825
1.47948
1.14407
0.704156
1.08422
1.54553
1.3721
1.46995
1.28185
1.32056
1.32253
1.33848
1.24783
1.10005
0.883234
1.17104
1.37764
1.3218
1.36531
1.48405
0.856829
1.39874
1.25094
0.895529
1.55444
1.1686
1.49033
1.44449
1.36936
1.01016
1.24862
1.55551
1.53951
0.929423
0.738899
1.48138
1.26365
1.4962
1.55096
0.645989
1.50685
1.28048
1.14318
0.765282
1.01255
1.115
1.48622
1.37022
1.48068
1.01795
1.44774
0.7007
0.679946
1.1029
1.48295
0.884278
0.942021
1.35279
1.33299
1.43506
0.987273
0.559858
1.15425
1.39568
1.54992
1.18113
1.20871
1.26669
0.578914
1.30562
0.976326
0.927634
0.871738
1.43109
1.33548
0.76068
1.56413
1.13811
1.52772
1.03647
1.54348
0.938424
0.693173
1.33692
1.05334
1.46875
0.782509
1.12967
1.39782
0.689802
1.37226
1.35306
1.39081
1.10258
0.941859
1.37789
1.49167
1.51981
0.928762
1.47691
0.780299
1.32319
1.14424
1.48089
1.52731
0.703877
1.53633
1.44135
1.29139
1.30663
0.717308
1.40271
1.40859
1.29846
1.47516
1.43654
1.32038
1.1763
0.909642
1.55944
0.602637
1.41786
1.31619
1.49138
1.18317
1.53288
1.19403
1.43198
1.49685
1.46499
1.16968
1.2917
1.21534
0.921494
1.55297
1.33865
1.55569
1.32259
1.28943
1.48699
1.53178
1.21573
0.883417
1.10454
1.46938
0.509246
1.12927
1.5291
1.26491
1.27322
1.3122
0.792812
1.32596
1.37129
1.10029
1.38454
1.38585
1.24628
0.791995
1.37179
1.46274
1.3101
1.31339
1.20491
1.23473
1.00194
1.45819
1.09931
1.18594
1.33385
1.36273
1.50651
1.14127
1.51474
1.45435
0.824156
1.26028
1.45411
1.37142
0.887583
0.992031
0.816362
1.47783
0.787384
1.2122
1.00666
0.854687
0.872105
1.46911
1.28878
1.14586
1.50303
1.3404
1.23628
0.647769
0.976882
1.4663
0.950301
1.09754
1.51125
1.10542
1.50968
0.729195
1.09052
0.927609
1.54455
1.3801
0.933827
1.48829
1.50171
1.09559
1.33623
1.5389
1.33303
0.758432
1.10246
1.29047
1.56928
1.49094
1.29905
0.933196
1.41468
1.11207
1.47961
0.786906
1.50838
1.45251
0.530883
0.918706
1.49694
1.039
1.17488
1.5066
1.43814
1.46384
0.99356
1.33441
0.546174
0.972831
1.2593
1.23961
1.37932
1.44534
1.50867
0.96885
1.27409
1.27901
1.27436
0.709751
0.651345
1.41724
1.34269
0.984725
1.50875
1.52238
1.15154
1.37935
1.05416
1.36824
1.30906
1.17069
1.14557
1.19863
1.24596
1.28224
0.873328
0.908431
1.45113
0.439468
1.05511
1.54846
1.52117
0.853845
1.51131
1.49525
1.52709
1.14943
1.01988
1.1747
1.45177
1.19362
1.4122
1.28646
1.14889
1.47436
1.3255
1.178
1.31073
1.25824
0.705212
1.49149
0.770011
1.25426
1.26746
1.52372
1.34281
1.41452
1.46213
1.43029
0.923349
1.24776
1.27816
1.38709
1.23192
1.20391
1.53246
1.47659
1.35006
1.24719
1.35452
1.32412
1.55023
1.29567
1.23365
1.17322
1.21429
1.38237
1.46381
1.37938
1.34056
1.25888
0.730368
1.18551
1.12469
0.904781
1.18416
1.4626
1.51645
1.40296
1.0662
1.5364
1.23173
1.53795
1.42872
0.968669
0.937403
1.45928
1.02414
1.30935
1.41192
0.893398
1.2208
0.953989
1.07905
1.20868
0.913309
0.852205
0.5536
0.993292
1.50192
0.966814
0.960722
1.56523
1.31036
1.43861
1.3344
1.34413
1.38426
1.43716
0.755343
0.982085
0.972864
1.46584
1.49229
1.04348
1.40927
1.21266
1.45875
0.494743
1.42693
1.23731
1.00315
0.997251
1.4717
0.709592
1.40541
0.78234
1.42557
1.10831
1.21742
1.45217
0.935989
1.29784
1.38191
1.09703
1.34776
1.28611
1.39035
1.50434
1.11444
1.53508
0.806875
0.810912
0.92984
1.45082
1.44184
1.31233
0.884437
1.17991
0.627392
1.21371
1.24087
1.48859
1.06009
1.53059
1.25828
1.50027
1.39211
0.868411
0.809816
1.08944
1.37042
1.21846
0.498276
1.30903
1.05132
1.38776
0.941521
1.49828
1.32825
1.25162
1.44522
1.56677
1.54552
0.947885
1.0384
1.33554
0.933954
1.5603
1.5028
1.5122
1.36949
1.0666
1.03457
1.2878
0.882538
0.785969
1.49091
1.56972
1.15756
1.18205
1.25101
1.56982
1.19179
0.553441
1.25913
1.41532
1.10388
1.1651
1.47369
1.35817
1.32202
1.44454
1.03112
1.35411
1.34832
1.43861
1.20679
0.872997
1.13434
1.52922
1.0489
1.35758
1.29472
0.726028
1.43722
0.930556
1.50868
1.16709
1.38687
1.07732
1.41576
0.969688
1.3393
1.05977
0.989038
1.02507
0.874042
0.965187
1.12783
1.17901
1.00995
1.19801
1.56958
1.27602
0.798803
0.9509
1.30707
1.45604
0.789906
1.01335
1.05815
1.30245
1.5502
1.45134
1.50082
1.278
0.77536
0.89295
0.787732
0.887353
1.24318
1.14952
1.53093
1.04125
0.854675
1.48984
1.45506
1.35142
1.46848
0.692134
1.18146
0.897345
1.03081
1.05139
1.52916
1.16478
0.643877
0.573448
0.764877
1.06908
1.46826
1.26569
