0.999651
1.41952
1.36687
1.22023
1.39267
1.5085
1.38975
1.07662
1.52619
1.52397
1.39391
1.40432
1.34025
1.47201
0.902069
0.877906
1.39459
1.39254
1.49486
1.54455
0.790513
1.5492
1.06138
1.09883
0.644574
1.38535
1.0017
1.44774
1.27001
1.35932
1.26173
0.477817
1.18607
1.27424
1.28328
1.1773
1.15486
0.686448
1.0102
1.06068
1.27841
0.990633
1.47948
0.452873
1.25439
1.51085
1.34789
0.878702
1.24868
1.36958
1.22385
1.37005
1.47194
0.864388
1.20516
1.0831
1.40314
1.26507
1.0543
0.952761
1.56163
1.21384
1.07128
0.90547
0.891898
1.34701
1.45894
1.23978
1.56506
1.21769
1.29319
1.48831
0.935017
1.15067
1.53682
1.37814
1.40192
1.55468
1.31301
1.25743
1.46476
1.07979
1.55737
0.969609
1.12028
1.44685
0.921027
1.33943
1.37758
1.0914
1.1483
0.912897
1.46458
1.50899
1.54516
1.01616
0.525006
1.10383
1.47968
0.579702
1.34075
1.52879
1.44236
1.33999
0.973202
1.20051
1.13643
1.51434
1.42693
0.853907
1.4486
1.09202
1.50644
1.3537
1.4297
1.11027
1.33519
1.39155
1.39899
1.25317
0.905469
1.56146
0.622333
1.17544
1.51107
1.25371
1.0696
1.56451
1.05436
1.46298
1.20282
1.52745
1.49535
0.667491
1.44885
1.2849
1.26036
1.49825
0.940151
0.604642
1.52826
1.14663
1.27085
1.24693
1.41625
1.10286
1.52183
0.581592
1.2735
1.38311
1.22508
1.20867
1.56439
1.07891
1.40858
1.53945
1.44744
1.32461
1.31054
1.43627
1.43759
1.23118
1.55499
1.21714
1.503
1.20774
1.53777
1.55511
1.53282
1.05443
1.35314
1.44639
1.20952
1.52824
1.25444
0.889616
1.12928
1.51944
1.21136
1.25336
1.22268
1.52977
1.33516
1.06371
1.2911
1.37273
1.19363
1.43198
0.728336
1.00936
1.36902
1.17537
1.54968
0.928466
1.33579
1.25362
1.56561
1.39707
1.26631
0.900433
1.49651
0.898405
0.888773
1.45887
0.908972
1.15905
1.09504
1.48206
1.49075
1.50856
1.14258
0.599384
0.996857
1.30017
1.50651
1.19445
1.35526
1.18496
1.36438
0.972503
1.27455
1.21111
1.45629
1.56863
1.135
1.4058
1.21553
1.14403
1.12928
1.21518
1.01522
1.00428
1.14221
1.13468
1.47587
1.17213
1.10924
1.52721
1.35664
1.52577
1.36092
1.42116
1.02499
0.929963
1.02592
1.38777
1.10422
1.1503
1.21097
1.33745
1.20979
1.14931
1.33321
0.876867
0.787428
1.23195
0.795042
1.08507
1.29837
1.22207
1.55093
1.02005
0.993275
1.46387
1.50656
0.719426
1.17392
1.27257
1.36207
1.14734
1.18311
1.36463
0.853202
0.956774
0.774974
1.54101
1.56984
0.653336
0.696521
1.48353
1.44907
1.22025
1.42138
0.766674
1.32246
1.54992
1.54379
1.02598
1.24522
1.23738
1.29367
1.21017
1.26311
1.21335
1.21566
1.23286
1.22473
0.693532
0.716527
1.01014
1.40425
1.19252
1.46243
1.2601
1.13481
1.51419
1.38883
1.54302
1.38522
1.22651
1.45153
1.38497
1.47541
1.51345
1.38901
1.19071
1.39887
0.89051
1.34331
0.968784
1.3522
0.996033
1.36717
1.31175
1.15934
1.49681
1.56292
1.01601
0.348535
0.990599
1.49297
1.17948
0.831538
1.54101
1.17221
1.08744
0.811345
1.35264
1.41529
1.37285
0.944614
0.896923
1.52534
1.14945
1.18765
1.26717
1.27469
1.18442
0.965556
1.4948
0.97168
1.37565
1.51486
1.39007
1.38491
1.5118
1.47366
1.33943
0.588784
0.914097
1.55468
1.5131
1.37229
1.26819
1.26282
1.56689
1.40116
0.931609
1.47047
1.30087
1.47298
0.800865
1.27507
1.31124
1.07377
1.29808
1.02512
1.14342
1.45303
1.07399
1.21969
0.869113
1.21162
1.29707
1.01152
1.25034
0.852816
1.35281
0.709743
0.272261
1.03723
1.00096
1.19489
1.28418
1.20195
1.10381
1.48861
1.21417
1.28105
1.43958
1.42095
1.30371
1.37217
1.13502
1.29055
0.636175
1.04234
1.40828
1.43152
1.21103
1.44788
1.21898
1.06207
1.41211
1.19996
1.26208
1.09656
1.21471
1.49229
1.3054
0.811831
1.5594
1.26919
1.28274
1.43507
1.22619
0.833063
1.20582
1.55004
1.54595
1.31211
1.31635
1.24686
0.893866
1.52977
0.983402
1.05366
1.4878
1.39782
1.14408
1.47688
1.33786
1.22582
1.12678
1.54223
1.50324
0.873033
1.18694
0.856782
0.990774
1.56304
1.3792
1.43547
1.38668
1.31946
1.01317
1.2642
1.34954
1.17736
0.902283
1.3558
1.36328
0.975675
1.4766
1.05689
1.24776
1.54849
1.33611
1.39174
1.45798
1.55786
1.399
1.43041
1.00242
1.32246
0.778135
1.31219
1.13979
0.827801
1.54907
1.25509
1.14474
0.544107
1.01569
1.56848
1.17868
1.49294
0.882512
1.28717
1.433
1.55158
1.28309
1.17716
1.54299
0.975277
1.37372
1.3125
1.1724
1.47042
1.18608
0.655042
0.556954
0.958118
1.48322
1.25623
0.727899
1.10271
1.10737
1.54385
1.53472
1.45994
1.14121
1.50298
1.2208
1.07964
1.02863
1.46004
1.45546
1.18985
1.25588
1.36188
1.46976
0.979373
1.38255
1.22495
1.46277
1.44785
1.03915
1.04297
1.21035
1.0014
0.479196
1.46949
1.52428
1.18495
0.651814
1.14874
1.45608
1.2083
1.07444
1.55047
0.991647
1.0451
1.35939
1.53637
1.02937
0.810539
1.38199
1.26893
1.22638
1.52134
0.897282
1.49143
1.50312
1.39137
1.00894
1.33717
1.52629
0.741345
1.41131
1.46367
1.18073
0.692915
0.987936
1.31187
1.43229
1.12479
1.14322
0.963812
1.20153
1.02257
1.34075
1.26823
1.23125
1.35095
1.48671
1.56671
1.13798
1.5658
1.34582
1.5335
1.49682
1.51987
1.4774
1.23266
0.866633
1.5144
1.03112
1.32076
1.18241
1.16799
0.945742
1.05606
1.46409
1.23992
1.46524
1.4812
1.52244
0.95742
1.16792
1.08209
0.716151
1.35686
0.778878
1.50232
1.18191
1.03425
1.05086
1.53793
1.29912
0.951836
1.3477
0.850338
1.54021
1.25404
1.169
0.778217
1.35645
1.51712
1.24844
1.53142
1.09036
1.1068
1.47833
1.23002
0.853868
1.2335
1.49351
1.05309
1.49865
0.765615
1.37011
1.35564
1.39998
1.42187
1.50471
1.33767
1.51602
1.49994
0.924765
1.50505
1.14868
0.872405
0.83255
0.931265
1.3263
1.30985
0.556905
1.43014
0.770491
0.695396
1.13592
1.37851
1.07311
1.4155
1.43796
1.37492
1.08735
1.0969
0.972582
1.25326
1.27685
1.32058
1.28524
1.05052
1.23425
0.93553
1.5429
1.33893
1.07894
1.32757
0.660483
1.42113
0.886242
1.53789
0.995168
1.21626
1.46765
1.27896
0.971479
0.419936
1.54061
1.52844
1.2681
1.37011
1.11167
1.51908
1.48775
1.29047
1.40135
1.16985
1.3015
1.38274
1.23376
1.22333
1.16657
1.18913
1.43842
1.06228
1.19468
1.14868
1.47495
1.40853
1.20038
1.12104
1.33297
1.24486
1.24216
0.881424
1.09896
1.20767
1.08617
0.47079
0.890984
1.43416
0.627053
0.720209
1.57031
1.54005
1.06043
0.99589
1.17607
1.22877
1.48944
1.28093
1.09376
1.00704
1.52397
1.30181
1.29954
1.17575
1.4459
1.31963
1.44362
1.07328
1.55277
1.36371
0.602865
1.23945
1.36169
1.22249
1.35739
1.3851
1.28653
1.34106
1.0576
1.20183
1.21769
1.39137
1.44584
1.33705
0.951532
0.641869
1.31991
1.45318
1.47188
1.07945
1.21723
0.957577
1.37652
1.27553
1.21839
0.933515
1.26337
1.30593
1.51587
0.756383
0.98692
1.05837
1.16187
1.28405
1.27787
1.21893
1.50177
1.07767
1.46759
1.33306
0.930536
1.23616
1.12737
0.598362
1.43316
1.06927
1.3631
1.10935
1.55268
0.976783
1.27353
1.42641
1.49241
1.24442
1.12252
1.05204
1.47771
1.18238
0.606541
1.11665
1.0871
1.28646
0.742719
1.51198
1.17433
1.44082
1.40048
1.39813
1.54795
1.02243
1.47507
1.40274
1.32083
1.52751
1.51737
1.25355
0.822038
0.812412
0.459535
1.55487
1.20934
1.48316
0.902992
1.43093
1.53983
0.979154
1.51
1.41705
1.3297
1.15352
1.16171
0.934769
1.51816
0.402719
1.50111
0.744447
1.50826
1.39279
1.03772
0.359283
1.49975
1.31236
1.27685
1.05466
1.03342
0.951675
1.28347
1.46884
1.19035
1.28252
1.37354
1.25837
1.05879
0.941532
1.24683
1.44527
1.28379
0.885007
0.953137
1.35355
0.949759
1.53105
0.942189
1.4774
1.06947
1.50104
0.925404
1.35661
1.36119
1.45432
1.03826
0.915731
1.28277
0.882071
0.963167
0.924347
1.20015
1.22723
1.44855
1.02371
1.43232
1.38081
1.18591
1.0995
0.679099
1.06376
1.30006
1.22265
1.52392
0.892082
1.55456
1.40491
1.11179
1.47249
1.26618
1.27746
1.29405
1.09256
1.19734
1.19487
1.35839
1.21141
1.17127
1.09174
1.18902
0.867132
1.45887
1.25275
1.55212
1.25037
1.09587
1.08221
1.50354
1.01681
1.35514
1.42502
1.20471
1.51782
1.01129
1.28837
1.38472
1.19515
0.792565
0.825754
1.38758
1.2794
1.4007
1.03695
1.15973
1.31648
1.35826
1.17294
1.21298
0.949058
1.43679
1.36844
1.38314
1.34666
1.38261
1.32542
1.22593
1.53154
1.1348
0.691728
1.25021
1.40871
1.17848
1.2208
1.25021
1.18948
0.505881
0.756657
1.45586
1.54785
1.35595
1.4029
0.90027
1.53533
1.32086
1.18141
0.828543
1.3207
0.918308
0.862646
1.46142
0.941366
1.48396
0.711809
1.29568
0.92676
0.96856
1.31061
1.04614
1.23208
0.944663
1.33372
1.35232
1.34638
1.32875
0.965528
1.40439
1.17184
1.34332
0.802111
1.52894
1.46048
1.28764
1.44307
0.491129
1.54812
1.24116
1.53224
1.10108
1.28322
1.14831
1.12518
0.921288
1.47869
1.2549
1.5252
1.21957
1.21325
0.462732
0.845356
1.28589
1.35073
0.705124
1.45991
1.34882
0.3716
1.48181
1.09491
0.970951
1.55132
1.34513
1.23221
0.742731
0.768342
0.96585
1.341
1.55651
1.28284
0.601981
1.18838
1.03126
0.841372
1.02656
1.55453
0.730089
0.941213
1.01203
1.05718
1.43593
0.983466
0.887155
1.10907
1.12749
1.17254
0.394411
1.29921
1.35086
1.15845
1.47556
1.47557
1.44621
0.683449
1.04073
1.53099
1.45776
1.23262
1.27519
1.28974
1.30004
1.13103
1.30653
0.96138
0.85779
1.02886
1.43459
1.40066
1.13085
0.863732
1.34877
1.53701
1.0797
1.52546
1.43272
0.449393
1.51764
1.43081
1.01452
1.18311
0.659834
1.54919
1.24738
1.38976
0.449333
1.51397
0.982812
0.76624
0.689138
1.41746
1.42748
1.21384
1.5152
1.5251
1.29795
0.551592
0.97065
1.49657
1.56578
0.773377
1.54998
1.28579
0.585955
1.51425
1.3457
1.52458
1.36986
1.10121
1.3537
0.989223
1.50514
0.98803
1.42912
1.19868
1.08209
0.665458
1.47668
1.28685
0.722548
0.799315
0.962349
1.3557
1.40587
1.25363
1.16683
1.43322
1.42798
1.07997
1.48537
1.52067
1.12671
1.45638
1.30333
1.18969
0.65157
0.404936
1.42206
1.22002
1.36787
1.47237
1.45899
1.56878
0.700188
1.13371
1.08223
0.897325
1.56623
0.644476
1.41943
1.35014
1.18903
1.35358
0.978081
1.37715
0.573012
0.96801
1.30745
1.15715
0.995666
0.891604
0.804693
1.35586
1.22248
1.17626
1.14026
1.45696
0.849029
1.11255
1.55531
0.653228
0.965604
1.16545
1.46096
1.21599
1.4494
1.4427
1.21299
1.55865
1.47495
1.34332
1.32419
0.957362
1.2704
0.73253
0.718677
1.52736
1.32328
1.26407
0.89021
1.24716
1.41273
0.884118
1.57043
0.923429
1.25657
1.55859
0.892932
1.43316
1.38093
1.51186
1.29612
1.45027
1.42311
1.52583
1.33037
1.2723
1.55365
1.25154
1.42668
1.33833
1.34288
0.929447
1.33354
1.46998
1.14621
1.21754
0.627989
1.30365
1.2428
0.958235
1.21742
1.01813
1.09572
1.35277
1.20235
0.776929
1.42711
1.35908
1.15379
1.29941
1.341
1.51779
1.48558
1.46062
0.936397
1.53624
1.08793
1.46745
1.00285
0.789726
1.2693
1.18602
0.639858
0.901279
1.43371
1.29187
0.832515
1.1064
1.03139
1.44319
1.33536
0.880199
0.953709
1.35476
0.773769
1.0479
1.13627
1.10347
1.37198
1.35578
1.13569
1.43981
1.07682
0.895897
1.22786
1.48481
1.03893
1.51217
0.935449
1.19416
0.620171
1.30394
1.16424
0.758988
0.908716
1.44301
1.32498
0.965957
1.55303
0.686302
0.77347
1.34385
1.37578
1.43833
1.51403
1.40973
1.53124
0.882599
0.673015
1.36029
1.09523
1.17895
1.56158
1.41081
1.22343
1.36793
1.21312
0.969795
1.0588
1.22151
0.974401
0.55069
1.43959
1.3868
1.02351
1.37621
0.773661
1.42429
0.935234
1.26266
1.36958
1.33539
1.20268
0.653774
1.0695
1.19378
1.15521
0.170075
1.30694
0.978913
1.4929
0.852863
1.36223
1.15419
0.672348
1.2549
0.964428
0.675702
0.981784
1.35301
1.44848
1.2938
1.18986
0.764312
1.28411
1.11531
1.33045
1.35076
0.662424
1.0743
1.50082
1.14731
1.33837
0.667512
1.30036
1.10385
1.05262
1.35158
1.42281
1.29329
1.47174
1.07954
0.644993
1.26396
1.27682
1.12347
1.35711
0.882928
1.37372
0.182522
0.923332
1.55084
1.4899
1.46562
1.20986
1.07981
1.2326
1.26147
1.32737
1.50367
1.40694
1.45752
1.04034
1.36113
0.850594
1.53948
1.18218
1.00045
0.691912
0.926781
1.20065
1.51681
0.609385
1.53698
1.33372
1.25718
1.43981
1.48065
1.55508
1.15024
0.805784
1.38758
0.971985
0.797051
1.33731
0.969408
1.18955
0.972358
0.498941
1.4906
1.03637
1.43316
1.40908
0.861318
1.03454
0.808858
0.759543
1.5672
1.31925
1.07448
0.851989
1.16714
1.22275
1.03582
1.19199
1.08664
1.1032
1.44688
1.14549
1.34463
1.52678
1.19062
1.11897
0.96674
1.4177
1.19764
1.33585
1.36812
1.30359
1.56781
1.32278
1.4644
1.16444
1.34441
1.30792
1.38485
1.56567
1.53447
1.18172
1.34582
1.21794
0.986183
1.48959
1.23017
0.502606
1.4184
1.1263
0.666096
1.51856
1.22663
0.479691
1.33083
1.31969
1.39608
0.731996
1.15118
1.24593
1.36205
1.20307
1.3155
1.4366
1.4248
1.37266
1.48815
1.32342
1.15118
1.38063
1.38865
1.22307
1.53972
1.22418
1.5014
1.03357
1.02906
1.54024
1.56557
1.15666
1.0056
1.09957
1.2745
1.45165
1.31919
1.25657
1.46896
0.772427
1.44144
1.46642
1.30023
1.06099
1.32552
1.44833
1.14085
0.964955
1.18243
1.04104
1.1661
1.10606
1.48151
1.4252
1.23328
1.55409
1.51498
1.37441
0.797098
1.12146
1.32448
1.08966
0.849542
0.792661
1.05841
1.30928
1.27442
1.14083
1.33262
1.24177
1.03499
1.46986
1.07544
1.40215
0.94378
1.01612
0.728065
1.35242
1.51981
0.984825
1.26397
1.46584
0.623353
1.48883
0.996481
1.34262
1.0562
1.29968
0.800146
1.36706
0.729449
1.23817
1.03603
1.06794
1.27307
0.91699
0.748674
1.42752
1.04966
1.01952
1.52946
1.33278
0.898238
1.56726
1.37048
1.01381
1.52363
1.47682
1.40358
1.44861
1.48623
1.19537
1.3754
1.48549
1.37134
1.4419
1.01584
1.11995
1.51406
1.22508
1.27929
0.902567
0.833027
1.15995
1.48426
1.35793
1.22662
0.789523
0.813013
1.06555
0.866131
1.22881
1.50728
1.1309
1.36862
1.22125
1.16002
0.812247
1.11546
1.50599
1.46096
1.52928
1.37011
1.02685
1.39134
0.889721
1.1862
1.07974
0.879138
1.41409
0.666115
1.17316
1.08623
1.11726
0.742831
0.905702
1.47219
1.46941
1.5174
1.25503
0.878021
1.55102
1.24706
0.95916
1.51901
1.30758
0.858078
1.54925
0.955486
1.39955
1.1841
1.51811
1.15932
1.40166
1.06735
1.08254
0.710058
0.914906
0.460272
1.04558
0.64823
1.22671
1.21983
0.686338
1.11356
1.30931
1.50315
1.06386
1.52175
0.82937
1.16889
1.5025
0.831763
0.823051
0.995121
1.2648
1.07517
1.32284
1.46028
1.02877
1.5044
1.24396
1.57024
1.48025
1.4962
1.10108
1.39428
1.0765
1.03156
1.19591
1.46151
0.944716
1.23887
1.401
1.48089
1.50966
1.48469
0.79331
0.717095
1.06084
1.53917
0.956303
1.22216
0.997642
1.3246
1.33591
1.22261
1.20216
1.5181
1.54253
1.37715
1.40908
1.49357
1.49963
1.13117
1.54531
1.49394
1.36921
1.05696
1.38429
1.28875
1.29891
0.822454
1.20686
1.33133
1.17808
1.23557
1.45982
1.07117
1.22379
0.992587
1.54522
1.37954
0.804784
1.34951
1.51492
1.51376
1.40147
1.48757
1.07388
1.35521
1.36108
1.5617
0.909001
1.07266
1.56311
0.992675
1.31345
0.994659
1.32838
1.34823
1.46795
0.800475
1.27687
0.810312
1.57016
1.29875
1.23887
1.36961
0.488574
1.46906
1.0197
1.51599
0.855513
1.20792
0.8574
1.16406
1.2624
1.18143
1.36793
0.792225
1.25143
1.13918
0.955722
1.18278
1.245
1.2269
1.52748
0.798977
1.47844
1.26829
1.55169
0.990143
1.16989
1.55456
1.55053
0.586174
1.41403
1.3378
1.1637
1.31755
1.37193
0.567681
1.25265
0.944333
1.4475
1.32099
1.35326
1.50024
1.46528
1.54708
1.45918
1.01764
1.50507
1.26182
0.892289
1.46277
1.39109
1.25117
1.46022
1.35227
1.2457
1.38435
0.883338
1.4996
1.43823
1.40989
1.49786
0.783018
0.80219
1.05342
0.920604
1.25843
1.45125
1.53368
1.11349
1.03553
1.42718
1.17174
1.31383
0.902916
1.56353
1.52745
1.43302
0.932892
1.10987
1.00823
1.25079
0.646416
1.5454
1.22826
1.27905
0.847924
1.56275
1.55902
1.02164
0.788055
1.47576
0.98655
0.724663
0.963309
1.01238
1.33962
1.17716
1.09412
1.14785
1.02491
1.2864
1.10282
1.51119
1.24879
1.20509
1.52818
0.983099
1.51315
1.18184
1.06883
1.38416
0.784989
1.49813
1.15986
1.07996
1.48445
0.959895
1.42812
1.52549
0.86847
1.32948
0.777979
0.801509
1.31985
1.33752
1.3388
1.54992
0.968498
1.27147
1.30612
0.593472
1.22424
0.542712
1.32724
1.41199
1.39354
1.53432
0.713845
1.54638
1.45073
1.25772
1.30068
1.49844
1.23667
1.41489
1.39893
1.42758
0.786222
1.41248
1.40689
0.993681
1.22047
1.06177
1.07301
1.24802
1.30207
1.46099
1.14881
1.46488
1.12109
1.43106
1.03595
1.3113
1.32473
0.975238
1.24338
1.18752
1.53117
1.29929
1.10443
1.35054
1.30527
0.827862
0.673338
1.12509
1.43716
0.753469
1.55267
1.28379
1.25856
1.26497
1.3684
0.963754
0.484562
0.86271
0.874286
1.56448
1.12036
1.16603
1.04614
1.41866
1.02414
1.2428
0.999952
0.968887
0.610848
1.33328
1.37721
1.41137
0.8731
1.35903
1.44282
0.713863
1.55709
1.56353
1.28223
1.44221
0.982016
1.36126
1.26484
1.22268
1.45056
1.29618
1.2878
1.43124
0.982141
0.97089
1.47956
1.32617
1.47666
1.45359
0.937458
1.53307
1.14724
1.44439
1.02193
1.12844
0.847661
1.33331
1.21839
1.34841
1.36138
1.40661
1.44639
1.47286
0.926834
0.863275
1.41018
1.17994
1.46261
1.31982
1.30004
1.2399
1.15959
1.23354
0.979522
1.38659
1.55853
1.30947
1.1004
0.469858
1.4947
1.45156
1.55599
1.3313
1.43223
1.09098
1.41879
0.958618
0.911677
1.36614
1.18567
0.853346
1.412
1.06501
1.54669
1.44691
1.30172
0.838902
1.33496
1.56079
1.26478
1.23064
1.44042
1.56015
0.906676
1.3387
1.1959
0.933822
1.41035
1.30362
1.19114
1.45088
1.38407
1.36057
1.27372
0.969326
1.27037
1.4019
1.29827
1.1949
0.597682
0.985263
1.55789
1.50538
0.673135
1.05787
1.22392
1.4141
1.4148
1.38864
0.856641
0.891654
1.30479
1.4297
0.628775
1.2977
1.25685
1.25304
1.10447
1.52283
1.30816
1.12662
1.52525
1.5664
1.03602
1.44147
0.93873
0.942797
0.998001
0.802635
1.15165
1.08231
1.02382
1.08058
0.805583
1.5562
1.31693
1.24583
1.51412
1.05177
1.05788
1.21067
1.05149
1.36244
1.51811
1.35058
1.36799
1.46446
1.19881
0.825118
1.16132
1.47771
1.33937
0.713727
1.17585
1.26351
1.32529
1.00961
1.221
0.705537
1.13259
1.39701
0.931593
1.35082
0.922166
1.14957
1.49623
1.21227
0.784539
1.43907
0.690633
1.00262
1.48463
1.36762
1.53337
1.35876
0.940311
1.37652
1.33485
1.52348
1.05218
0.823954
1.29789
1.25669
0.795187
1.41718
1.34776
0.883247
1.45051
1.1413
0.625759
1.10361
1.48399
1.3489
1.5247
0.615205
0.801519
0.85041
1.10262
1.08955
1.53676
1.14214
1.33466
1.09689
1.48927
1.06637
0.979454
1.44304
1.43556
1.51049
1.34269
1.19882
1.21487
1.34413
0.980704
1.03219
0.965548
0.978849
0.857571
1.05246
1.30865
1.51388
1.46768
1.27342
0.776098
1.18995
1.40914
1.45974
0.273893
1.33805
1.1694
1.29618
1.14051
1.25958
0.953285
0.868641
1.31221
0.719664
0.677707
1.46794
1.23606
1.48769
1.13508
1.27809
1.38485
1.3891
1.10025
1.54925
1.23434
1.13447
1.07742
0.97973
1.54467
1.14709
0.834455
1.50382
0.951386
1.30125
1.09072
1.12942
1.38172
1.18686
1.42008
1.46716
1.29323
1.18291
1.25334
1.07828
1.26228
1.3698
0.631124
1.3308
1.12442
1.24821
1.24029
1.08711
1.10073
1.27366
1.254
0.849314
0.951669
1.4886
1.20548
1.38693
1.44584
1.36251
1.0691
0.696184
1.35938
0.661232
1.45538
1.55456
1.40627
1.46071
1.18851
1.48733
1.4955
1.31231
1.45141
1.55609
0.554253
1.49271
0.875084
1.55744
1.08323
1.22359
1.11999
1.40039
1.42418
1.4285
0.38941
1.0892
1.50862
1.48206
1.46004
1.52772
1.34457
1.54528
1.5107
1.46691
1.34792
1.18159
1.08717
1.07787
1.3324
1.54259
0.974265
0.970142
0.914929
1.39417
1.22708
1.56576
1.52843
1.44627
1.18799
1.36697
1.39069
1.35045
1.10061
1.31294
0.913589
1.42082
1.41746
1.35395
1.23468
1.1133
1.06437
1.44951
0.5765
0.671492
1.32548
1.44011
1.05627
1.30653
0.805427
1.54122
1.08616
0.791664
1.00636
1.08026
1.26964
0.73813
1.4089
1.43659
1.2139
1.11305
1.27686
1.1893
0.835891
1.48248
1.27327
1.17365
1.40266
0.998439
1.44171
1.44221
1.49571
1.36057
0.785221
1.26413
1.26689
0.714747
1.45665
0.948598
1.41806
1.44817
1.45788
1.43173
1.26616
0.94656
0.927928
1.3154
1.34879
0.744891
1.50964
0.765336
1.39273
1.27506
1.40197
1.42471
1.45023
1.09346
1.46344
1.4659
1.35876
1.32555
1.49106
0.945442
1.47409
1.49838
1.08389
1.20768
1.4459
1.25457
0.859971
1.21348
1.38715
1.09915
0.964631
1.27959
1.16467
1.51007
0.826275
1.4475
1.33139
1.228
1.47024
1.28826
0.892385
1.14648
1.4084
1.4451
1.49452
1.38236
1.47596
1.55187
1.20578
1.27429
1.05679
0.874839
0.875966
1.03707
1.56298
1.41417
1.08264
1.50998
1.3341
1.36242
0.952336
1.5581
0.984723
1.06248
1.11203
0.765411
1.22282
1.17495
1.40591
1.27563
0.779353
1.15619
1.41458
1.38254
1.059
1.17862
1.28379
1.43194
1.10571
1.13885
1.16218
0.696364
1.25021
1.37528
1.27876
1.46289
0.98178
1.50874
1.1775
0.739581
0.622185
0.770837
1.46316
1.51675
1.49424
1.42729
1.17459
1.19973
0.891678
1.08258
0.891875
1.31463
1.05549
1.40438
1.14227
0.905866
1.50936
1.43198
1.25759
1.3557
1.25606
1.39273
0.615046
0.912512
0.958066
1.31773
0.870445
1.44783
1.16763
1.34187
1.0673
1.15372
1.05057
1.32011
1.27069
1.04791
1.25298
1.43426
0.772523
1.53713
0.537443
1.2221
1.53192
1.42943
1.26173
1.28207
1.41434
1.33824
1.35452
1.20091
1.35389
1.43929
1.51364
1.55367
1.51092
1.2448
1.34976
1.38175
1.33529
1.29301
0.551095
1.11309
1.06222
1.2991
1.33566
0.96562
1.42094
1.07321
0.97739
1.43987
1.45961
1.43254
1.53313
1.05441
1.55291
1.54534
1.47237
0.981387
1.38035
0.793389
1.5403
1.46237
1.50575
1.24576
1.48619
1.42588
1.4152
1.17104
1.10779
1.17468
1.18897
1.11641
1.41675
1.55395
1.14593
1.03518
1.21924
1.51663
1.03688
1.03041
1.03703
1.10101
1.51727
0.924259
1.27787
1.33591
1.17092
1.07336
1.46348
0.939785
1.23357
1.25978
1.45543
1.16803
1.33654
1.18983
1.43722
1.42307
1.49149
1.51779
0.378961
1.50214
0.686243
1.07592
1.25827
1.51981
1.42341
1.33623
1.50153
1.45137
0.713867
1.13215
1.53184
0.847904
0.901503
1.14542
1.56018
1.17376
1.13576
1.50263
1.22476
1.49388
0.588748
1.4225
1.2518
1.5606
1.31395
1.45125
1.36724
1.35033
1.25457
0.851739
1.29839
1.48748
1.55175
1.24505
1.34319
1.27547
0.909061
1.05976
1.42193
1.45862
0.776307
1.54549
1.02683
1.36899
1.06551
1.19291
1.43303
1.51266
0.90244
1.44531
1.22836
1.52267
1.51258
1.27825
1.40754
1.48726
1.02028
1.48163
1.56152
1.20568
0.957922
1.5344
0.96685
1.45057
1.50511
1.48234
1.23075
0.98236
1.33196
1.17279
1.17911
1.38946
1.21615
1.23105
1.31137
1.52015
1.06009
1.5374
1.11063
1.53459
1.50624
0.970779
0.80626
1.03995
0.967026
1.42074
1.51089
1.45383
1.23486
1.55291
1.039
1.05134
1.18682
1.10055
1.40014
1.30359
1.53215
1.051
1.55738
0.807366
1.37148
1.33611
1.54296
1.54296
0.766399
1.33265
1.56311
1.5338
1.48696
1.5523
1.26039
1.52183
1.07083
1.24209
1.46427
1.51767
1.53165
1.37091
1.57002
1.44744
0.796195
0.979419
1.02357
1.42693
1.43697
1.55896
1.55905
1.54339
1.1061
0.944907
1.42728
1.4842
1.52485
1.27027
1.39602
1.47488
1.37117
1.52494
1.41069
1.4899
1.27213
0.977848
1.49743
1.45703
1.51113
0.853537
0.887608
1.5022
1.44733
1.34632
1.40419
0.462827
0.988871
1.09963
1.31345
1.12036
1.14495
1.51847
0.855083
1.44977
1.56069
1.01733
1.49345
0.60078
1.21175
1.44854
1.33102
0.853707
1.47697
1.54174
1.53911
1.5404
1.43182
1.21733
0.962879
1.29713
1.44461
1.16551
1.56604
0.810259
1.53026
1.44701
1.16072
1.11907
1.48867
1.19245
1.39236
1.04614
1.3457
1.16884
1.26983
1.12648
1.17919
1.17074
1.54672
1.45451
1.3409
1.00017
0.764065
1.44535
0.850743
1.31774
1.51113
0.987642
1.33912
0.84208
1.1961
1.08858
1.40506
0.630165
0.742666
1.45862
1.44802
0.881749
1.27069
1.03864
1.56408
1.32193
1.19969
1.45069
1.11465
0.692619
1.00524
1.53582
1.39317
0.813198
1.31566
1.45512
0.938019
1.42643
1.42826
0.879538
1.42503
0.835386
0.904941
1.15612
1.0156
1.4363
1.37412
1.14861
1.46022
1.50073
1.49789
1.19481
1.2317
1.49181
1.31241
0.998338
1.4932
1.43562
1.39126
1.56384
1.49868
1.4569
1.2733
1.0938
1.06102
1.3029
1.25504
1.09922
1.50581
1.54224
0.987341
1.35583
0.738126
0.893731
0.348464
1.48417
1.48298
1.02441
1.44245
1.52726
1.28494
0.636076
1.42212
1.45346
1.10503
0.930372
1.24338
1.43531
1.02306
0.624841
1.54382
1.31991
0.999943
1.48959
1.22613
1.20445
1.10107
0.32084
0.77405
1.50721
1.45116
1.2794
1.36831
1.29596
1.50991
1.20109
1.22145
1.43573
1.15695
1.31291
1.48487
1.40097
1.36157
1.38733
1.47954
1.48285
1.47025
1.52513
1.33959
1.0014
1.44345
1.15124
1.46906
1.47249
1.11886
1.29602
0.976422
0.759148
1.23098
0.934621
1.49176
1.45082
0.974711
0.358652
0.866366
1.06994
1.37845
0.97604
0.953917
0.770097
0.946489
1.0811
1.22843
1.42886
0.393785
1.13972
0.829248
1.54319
1.3797
1.50257
1.40757
1.16108
1.51761
0.649295
1.39304
0.966368
0.906132
1.44409
1.16854
1.38789
0.686025
1.42933
0.880866
1.41335
1.22115
1.16179
1.29497
0.728728
1.19265
1.22015
0.878518
1.30568
1.28805
1.39676
1.4781
1.551
1.54883
1.41878
1.22904
1.08906
1.41421
1.35358
1.12001
0.845592
1.21216
1.39911
1.56549
1.08134
1.44244
1.40998
1.21325
1.10518
1.52531
1.32627
1.31036
0.876517
1.16584
1.47915
1.33546
1.03283
1.41629
1.55065
0.976717
1.5044
1.39924
0.416529
1.14103
1.54632
1.42168
1.1677
1.39856
1.39031
1.38018
0.897662
0.869125
0.773182
0.564687
1.52155
0.749427
1.44079
1.30915
1.55242
1.35701
1.07183
1.4265
1.25811
1.14297
1.56121
1.34914
1.46654
1.46685
1.52152
1.37758
1.11855
1.01583
1.11978
1.33403
1.13079
0.711074
0.963922
1.46397
1.4076
1.49773
0.903546
1.25092
1.31654
0.874294
1.05922
1.38342
1.32378
0.817487
0.827772
1.08913
1.38553
1.25121
0.894415
1.27659
0.77855
0.750852
0.827576
1.54009
1.44535
1.43106
1.17187
1.32479
1.11285
1.2727
1.54385
0.671564
1.44626
1.54351
1.45557
1.09313
1.06487
1.06393
1.514
1.07239
1.19018
1.37892
1.30446
1.13265
0.941284
1.20215
1.28682
1.00602
1.23477
1.51254
1.25859
1.01042
1.50972
1.53026
1.14289
1.26439
1.20338
1.24009
1.30119
0.987675
1.08257
1.37263
1.34563
1.35376
1.09106
1.26492
0.533193
0.834901
1.21904
0.923663
1.32655
1.44233
0.953614
1.35089
1.43673
1.52506
1.39683
1.0861
1.46698
1.06595
1.15531
1.26784
1.22233
0.958256
1.07187
1.32687
1.15339
1.38468
0.824015
0.854969
1.12759
0.87467
0.81654
0.899319
1.18831
1.42218
1.50293
1.27588
0.676458
1.29561
1.43443
1.48114
0.950319
0.830508
1.52922
1.3688
1.56707
1.53601
1.46186
1.51388
1.27717
1.07374
1.36222
1.41268
1.34498
1.02364
1.51761
1.2882
1.36887
1.51523
1.46914
1.05432
0.885621
1.5159
1.08334
1.42937
0.904748
1.53292
1.56321
0.995375
0.977292
1.39887
1.37216
1.3329
1.50697
1.45214
1.35568
1.05222
1.54471
1.37634
1.19041
1.15646
1.24395
1.35401
1.43667
1.35327
0.814507
1.1655
1.0611
1.22333
0.755535
1.40243
1.30954
1.038
1.48089
1.4873
0.844513
0.852609
0.972846
1.21683
0.88506
1.1768
1.42087
1.0136
1.49602
1.25599
1.07335
1.46799
1.54846
0.882761
0.746644
1.25715
0.980535
0.959439
1.47231
1.52873
1.37845
0.87413
1.1069
1.32171
1.49078
1.03254
0.865085
1.46501
1.17419
1.41452
1.53395
0.86847
1.5393
1.1404
1.55511
1.4045
1.37963
0.875835
1.37045
1.08865
1.43086
0.90689
0.958611
1.2911
1.45727
1.23341
0.713227
1.0544
1.33987
1.51125
1.29589
1.49795
0.504775
0.702199
1.05037
0.712649
1.49155
0.689546
0.999631
1.5173
1.30118
0.824624
1.24134
1.27071
0.945893
1.5436
1.51883
1.50205
1.17964
1.35176
1.3017
0.637421
1.49871
1.2182
1.32912
0.877388
1.3368
1.28605
0.976955
1.38417
1.19588
1.06089
0.807544
1.45088
1.0484
1.46059
0.764481
1.13837
1.13841
1.47648
1.53036
1.07152
1.38783
1.10184
1.03716
1.30404
1.56543
1.51498
1.2315
1.40735
1.39571
0.909145
1.55776
1.40159
1.47991
1.13079
1.10176
0.936674
1.41989
1.27295
1.06906
0.974193
0.624597
1.18373
0.96198
1.3896
1.14228
0.985615
1.08305
1.40401
1.11832
1.32486
1.24924
1.21982
0.724068
0.894125
1.21058
1.15372
1.2317
0.729945
1.55146
1.05444
1.27377
1.20967
1.25259
1.15191
0.9602
1.35964
1.43765
1.48389
0.819803
1.32866
1.27787
1.35095
1.18923
1.52141
0.85905
1.13044
0.917067
1.52922
1.45672
1.40308
1.20833
0.703741
1.29402
1.4003
1.27576
1.30201
1.45285
1.46531
1.44005
1.10678
1.19068
1.35691
1.20733
1.37503
1.40794
1.20686
1.42785
1.3609
1.50092
0.385669
1.47688
0.733213
1.36753
1.26861
0.963497
1.38629
1.17881
1.36525
1.48991
1.51255
1.26163
1.50743
0.744191
1.51767
0.631234
1.34432
1.55102
1.48365
0.863264
1.42816
0.985808
0.784204
1.36856
1.35351
1.4435
1.46436
0.953283
1.25715
1.27959
1.13212
1.4311
1.44184
0.797429
0.903988
1.32851
1.34867
1.42144
1.37469
1.09127
0.967055
1.50856
1.25387
0.882102
1.45558
1.35895
1.4148
1.52427
1.20784
1.29656
1.52827
0.408273
1.47672
0.855447
1.37544
1.00857
1.46225
1.217
1.1417
0.753038
1.24295
1.49042
1.07897
1.34469
1.25148
1.51962
1.46624
1.15865
0.616519
1.55853
0.854032
0.492738
1.15779
0.622671
1.56726
1.24377
1.03016
1.5181
1.30498
1.35811
1.25265
1.28449
0.514327
1.21846
1.41681
1.08386
1.56073
1.181
1.19121
1.08064
1.52115
0.950847
1.32177
1.25713
1.37296
1.31231
1.15696
1.11533
0.965781
1.30536
0.744722
1.26972
0.817534
1.25564
1.30682
1.56927
1.5451
1.41452
1.47844
1.1829
0.810458
1.04801
1.47794
1.46399
1.55622
0.953106
1.24981
1.23848
1.10457
1.5451
1.15587
1.49943
1.43414
1.39791
1.36522
1.27588
1.16511
1.17369
1.51565
1.38753
0.805932
1.31783
1.16548
1.40054
1.10329
1.16431
0.842349
1.25618
0.917737
1.4604
1.29943
1.38206
0.77928
0.720348
1.21595
0.711355
1.07174
1.24873
1.34435
1.13307
1.48941
1.50721
1.51092
1.07301
1.13202
1.29234
0.624967
1.40057
1.45527
1.11628
0.867538
1.43162
0.861602
1.17266
1.28376
1.26669
1.25946
0.871981
1.41536
1.37976
1.16285
1.37782
1.36762
1.27244
1.21254
1.29991
1.20315
1.24123
0.836352
1.4518
1.3928
1.50229
1.19914
1.42997
1.1048
1.40085
1.4577
1.47216
0.886807
1.25464
1.0695
1.54949
1.47862
0.985439
1.32076
1.55181
1.00343
1.30232
1.02755
0.689844
0.698485
1.39236
0.893552
0.499739
1.50098
1.19495
1.5363
1.18248
1.21514
0.527924
0.879523
1.36718
1.25798
1.2186
1.34883
1.52445
0.741529
1.56787
1.24654
1.41701
1.57078
1.20686
1.35345
1.53197
1.37528
1.50589
0.684213
1.33552
1.34782
1.32766
1.10654
1.50471
0.74426
1.47616
1.17237
0.815362
1.3904
1.38477
1.2154
0.453763
0.566675
1.53065
1.20091
1.5556
1.40865
1.26317
1.50801
1.29453
1.15452
1.27637
1.0207
0.850277
1.42819
1.10327
1.21227
1.02298
1.26788
1.2558
1.21989
1.03318
0.919286
1.36195
1.40951
1.35458
1.36918
0.727502
0.987734
1.13258
1.24866
1.15292
0.858516
0.876264
1.54742
1.09174
1.40722
1.371
0.894763
1.13522
1.53725
1.56513
1.06967
1.38827
1.14918
1.49303
0.97316
1.05715
1.02941
1.25095
1.15558
1.10218
1.27988
0.785956
1.23454
0.689833
0.892973
1.16521
1.26032
1.07988
1.24
1.29628
0.953686
1.45039
1.27933
1.50807
0.90605
1.34729
1.24873
1.22431
1.56353
0.758459
1.54723
1.48849
1.46725
1.07055
0.905976
1.26753
0.749031
1.221
1.53725
0.40728
1.50061
1.4033
0.336026
0.997841
0.99432
1.34043
1.01102
1.4403
0.692013
0.681685
1.45635
0.83043
0.85539
1.17895
1.51596
1.17041
1.55816
1.19527
0.782649
1.07648
0.961322
1.29966
1.13728
1.24857
1.28538
1.20412
1.37419
1.45235
1.12048
1.42292
0.744876
0.522881
1.29789
1.38442
1.51461
0.858826
1.38367
1.41517
1.22333
1.09164
1.17948
1.35376
1.14804
1.42462
1.5363
1.26413
1.25836
0.938163
1.03702
1.52713
1.4232
0.785831
1.4639
1.424
1.41922
0.748741
1.34345
1.26733
1.39527
1.49334
1.3563
1.32026
1.27761
1.45457
1.38492
1.36088
1.38224
0.955403
1.32671
1.45236
1.05025
0.88063
1.01991
1.06682
0.845453
1.30783
0.757855
1.46129
1.39143
1.38286
1.29396
0.936152
1.03928
1.53649
0.993627
0.807698
1.48935
1.45346
1.19735
1.35489
0.768962
1.53638
1.20084
0.939711
1.04609
1.05332
1.51211
1.52916
1.12486
1.52867
1.56203
1.53853
1.56404
1.08692
1.4922
1.44802
1.45109
1.20817
1.43308
1.47728
1.44833
1.26144
1.49241
1.12557
1.09099
0.407382
1.5548
1.09016
1.52537
1.37596
1.18807
1.21175
1.23182
1.33962
0.939102
1.17529
1.31666
1.24094
1.26265
1.54945
1.48619
1.55725
1.20261
1.42619
1.37285
0.697485
1.3275
1.37606
1.08595
1.39017
0.669855
1.1378
0.896795
0.890855
1.50854
1.51168
0.517761
1.19258
1.14492
1.41152
0.520083
0.870007
0.549507
1.4202
1.32649
1.00885
1.2879
1.35164
1.02315
0.982306
0.875799
0.988234
1.24197
1.13043
1.40289
0.863156
1.52342
1.01296
0.967321
0.992676
1.44894
0.698247
1.42292
0.83085
1.45156
0.806849
1.23945
1.42958
1.36656
1.36718
1.3212
0.438428
0.93782
1.24203
1.12056
0.719111
0.971532
1.30829
0.950039
1.33902
1.18324
0.758209
1.48469
1.02541
1.50183
1.23951
0.74324
1.49681
1.5093
1.19272
1.33278
1.54261
1.48857
1.07344
1.53966
1.52824
0.982027
1.49991
1.1245
1.20915
1.54585
0.918252
1.39386
1.39652
1.1048
0.972934
0.923259
1.40054
1.28481
0.58662
0.749171
1.50012
1.23108
1.31528
1.10107
0.971249
1.13657
1.3455
1.08678
0.744804
0.761037
1.38125
0.844631
1.43371
1.38448
1.01785
1.09391
1.04896
1.51406
1.06898
1.54707
1.20223
1.25304
1.06321
1.28175
1.45494
1.16809
1.02078
1.42915
1.40781
0.800241
1.18615
1.02785
1.36226
0.92352
0.308327
1.18838
1.45887
0.94521
1.55944
1.19347
1.50575
1.42307
1.49391
1.16929
0.606628
1.52152
1.44664
1.22693
1.11788
1.4902
1.51027
1.47856
1.26465
1.37748
1.00401
1.4294
0.631984
1.44694
0.763701
1.00898
1.44156
1.14167
1.06218
0.723147
1.47607
1.46875
1.21506
1.51544
1.3101
1.19611
1.45531
1.54003
1.48644
0.980609
0.88666
1.27875
0.877707
1.04825
0.868014
0.804613
1.31686
1.53313
1.39032
1.39137
0.654823
1.09746
1.55078
0.673147
0.606486
1.37379
1.46846
0.79597
1.51276
1.2892
1.39094
1.45183
1.38491
1.35276
1.2748
1.4701
1.12219
0.568327
1.38932
1.31881
0.89832
0.888136
1.16245
1.00419
1.12286
1.50489
1.41835
1.36475
1.5465
1.35011
1.17482
0.479551
0.903213
1.2013
1.01407
0.755922
1.27551
0.760249
1.29193
0.9535
0.846604
1.32159
1.46998
1.43328
1.25265
1.23066
1.00347
0.606602
1.33818
1.48389
0.817374
0.800484
1.20392
1.08624
1.0814
1.18087
0.996704
1.50593
1.5414
1.06158
1.56985
0.971316
1.16886
1.11495
0.814118
0.860431
1.34619
1.26192
1.04285
1.5625
1.36983
1.24562
0.920057
1.15112
0.812207
1.10675
1.30346
1.53075
1.51963
1.31244
0.795031
1.0837
1.21201
1.39404
1.21312
1.51428
1.5667
1.40834
1.47611
1.4601
0.873824
1.06217
1.32888
1.22975
1.1843
1.30644
1.1122
1.25782
0.881882
1.31263
1.56225
1.40426
1.2651
1.18132
1.52112
0.951214
1.06074
0.737351
0.925322
1.45816
1.43901
0.95392
0.937076
1.04303
1.28902
0.912369
1.48812
1.55468
1.4375
1.219
0.856067
1.15299
1.38504
1.52018
1.38354
1.41254
0.823621
1.27755
1.56152
1.29884
1.28329
1.38541
1.33121
1.28188
1.5247
1.43212
0.821412
