0.745665
0.257504
1.0258
0.558382
0.925605
1.08918
0.689854
0.518044
1.00574
0.71993
1.14543
0.552354
0.417482
0.835246
0.703992
0.649538
0.258582
0.880039
0.460655
0.947981
0.292366
0.854776
0.316493
0.872064
0.913012
0.565465
0.714344
1.39856
0.201231
0.330947
0.488188
0.894928
0.463351
0.51111
0.988595
0.852627
0.727639
0.521447
0.762335
0.77223
0.506381
0.843643
0.619794
0.393981
1.17565
0.56036
0.324029
0.410461
0.956161
0.779023
0.991241
0.782311
0.713115
0.455126
0.542144
0.457073
0.402342
0.321364
0.5404
1.16399
0.33815
0.676536
0.429572
0.496308
0.99313
1.14584
0.820817
0.40395
0.766652
0.883155
0.771139
0.9907
0.815924
0.555026
0.373547
0.787748
0.65858
0.291293
0.787425
0.603
0.256104
0.619849
1.24022
0.681486
0.592518
0.622598
0.764604
0.49936
0.307731
0.757118
0.341507
0.855526
0.689883
1.05946
0.795625
0.598613
0.656302
0.653948
0.436288
0.564527
0.156342
0.659547
0.951819
0.836177
0.892353
0.574306
0.149742
0.565264
0.839123
0.631165
1.17161
0.81505
1.20213
1.02814
0.496615
0.53523
0.530571
1.09028
0.945844
0.799789
0.713187
0.974238
0.650696
0.909912
0.59955
0.587617
0.644777
0.580824
0.85092
0.323126
1.03846
0.758192
1.11653
0.786518
0.328197
0.60389
0.920307
0.492665
0.889965
1.08338
1.21155
0.853517
0.839315
0.301394
0.88641
0.686245
0.628312
0.541767
0.791225
0.524249
0.893381
0.607596
0.832795
1.01062
0.495006
0.376782
1.00327
0.433738
0.825124
1.17758
0.924193
0.741144
0.644495
0.511252
0.753453
0.684027
1.02976
0.835323
0.52596
0.385334
0.303541
0.413503
0.743801
0.942052
0.648393
1.17564
0.640496
0.957954
1.18856
0.382695
1.14903
0.162279
0.889317
0.748179
0.905354
0.647073
0.497152
0.232564
0.064357
0.916243
0.821956
0.934503
0.493033
0.76878
0.84735
0.809198
0.871204
0.79424
1.04174
0.824883
0.309585
0.165962
0.535631
0.650307
0.626184
0.543956
0.686466
0.794438
0.651689
0.857031
0.601414
0.980313
0.749102
0.858948
1.10534
0.567463
1.0122
0.705001
0.71321
0.524933
0.949043
0.919256
1.23257
0.289448
1.28666
0.802094
1.07438
0.967448
0.854462
0.670222
0.515312
1.0918
0.224139
0.411072
0.368892
0.678777
0.864563
0.270561
1.02653
0.246445
0.579179
0.755763
0.686108
0.268612
0.44275
0.517391
0.846795
0.415456
0.191489
0.982232
0.418445
0.825458
0.800425
0.730784
0.804689
0.951379
0.372441
0.378746
0.963448
1.19678
0.593871
0.847808
0.891021
0.915751
0.615609
0.611948
0.707205
1.13466
0.590297
0.982611
0.738088
0.940535
0.538311
0.6524
0.249836
1.07028
0.65909
0.806025
0.463425
0.777247
1.07741
0.24832
0.69439
0.799829
1.35517
0.238773
0.483998
0.520255
0.715129
0.813448
0.246444
0.484475
0.404334
0.673376
0.638947
0.823864
0.820867
1.17262
0.958252
0.911709
0.437949
0.49944
0.964564
0.6078
0.862565
0.795516
1.03733
0.741649
0.32937
0.996105
0.822695
0.91157
0.535325
0.916983
0.799064
0.700126
0.964333
0.0816386
0.825496
0.257856
0.716081
0.541763
1.07695
0.954489
0.833788
0.757932
0.740995
0.569521
0.907363
0.398144
1.25866
0.44167
0.241917
0.568203
0.29632
0.394578
1.1896
0.490027
0.925179
0.52301
0.688243
0.342877
0.604828
0.611124
0.462086
0.692507
0.665264
0.482872
0.911722
0.68333
0.991438
1.08137
0.50667
0.685708
0.275139
0.184227
0.685419
0.906961
0.990593
0.435992
0.659358
0.212339
0.866566
0.681009
0.661598
0.656
0.90085
0.804697
0.762146
0.711151
0.696186
0.846082
1.15843
0.649129
0.864267
0.683788
0.864424
0.708753
0.460436
0.989361
0.679038
0.259539
0.886133
0.734015
0.605453
0.502032
0.478756
0.859794
0.559416
1.37854
0.773011
0.346421
0.916615
0.4702
0.649338
0.904744
0.692976
0.950536
0.42661
0.487185
0.880703
0.540811
0.746991
0.689563
0.704518
0.653518
0.616382
0.642975
0.903687
1.22153
0.935697
0.616338
0.523425
0.638033
0.537215
0.400439
0.318067
1.09018
0.49161
0.549862
0.214677
0.597124
0.234843
0.793141
1.27311
0.408147
0.922761
0.429543
0.986631
0.316005
0.877195
0.699941
1.00478
0.600235
1.00693
0.844437
0.39485
0.773008
0.524733
0.877125
0.733856
0.450892
0.744587
0.892427
0.74492
0.872794
0.962247
0.887265
0.54949
0.755502
1.01731
0.565967
0.468227
1.09165
0.767003
0.192624
0.189466
0.351563
0.326489
0.615057
0.752002
0.630653
1.08863
0.632885
0.23091
0.726008
0.596419
0.924028
1.06901
1.03223
0.987666
0.483562
0.923723
0.995177
0.81025
0.619387
0.40167
0.243091
0.70271
0.425051
0.37526
0.776957
0.580327
0.489733
0.414637
0.714559
0.917338
0.410392
0.565055
0.907978
0.378955
0.928847
0.817802
1.17416
0.853933
0.383418
1.13233
0.996963
0.941627
0.899955
0.710925
0.90757
0.441886
0.745885
0.80953
1.02634
0.867324
0.517009
0.452496
0.514604
0.129391
0.704245
0.963827
1.32024
0.821567
0.490474
0.349553
0.940964
0.524556
0.269248
0.722104
0.978435
0.767661
1.3325
0.751721
0.131059
1.05114
0.934696
0.606842
1.08179
0.443679
0.782365
0.795982
0.933634
0.847632
0.91402
0.68967
0.761113
0.6761
1.31674
0.811064
1.15234
0.160488
0.388436
0.660868
0.523254
0.301056
1.0016
0.677288
0.981533
0.922389
0.919813
1.11791
0.720638
0.710142
0.170288
0.527977
0.4929
0.7167
0.390148
1.08118
0.426883
0.511486
0.279436
0.30008
0.731568
1.14442
0.627016
0.291014
0.764724
0.373767
1.25975
0.837775
0.940375
0.464156
0.556414
0.977324
1.30789
0.398519
0.512332
0.447084
0.462649
0.32205
0.552713
0.817147
0.596688
0.820926
0.597402
0.651966
0.632348
0.727792
0.494076
0.266157
0.537552
0.828199
0.986253
0.868434
1.02104
0.671577
0.392509
0.245105
0.921605
0.909328
0.861659
0.556927
0.285372
0.59018
1.04511
0.843399
0.719748
1.02346
0.698572
0.774464
0.868391
0.814895
1.16266
0.777211
0.808524
0.734972
0.360223
0.33174
0.81677
0.404976
1.15638
0.511189
0.988377
0.730847
0.658068
0.582046
0.188943
0.277383
0.580869
1.29266
0.19353
0.626154
0.850745
0.436093
0.73687
1.124
0.984859
0.81177
0.839598
1.03983
0.394145
1.07345
0.821793
0.531721
0.828886
0.432901
0.927371
0.96839
1.03335
0.678462
0.53746
1.01619
1.05986
0.747998
0.530432
0.970304
0.53936
1.26026
0.456719
0.834474
1.08291
1.2981
1.09994
0.587074
0.874373
0.794162
0.196878
0.872383
0.671717
0.531995
0.628881
0.567115
0.460717
0.700509
1.08814
0.197376
0.85604
0.465902
0.438609
0.567065
0.15548
0.63988
0.666988
0.710741
0.754261
0.587847
0.99431
1.44764
0.631733
0.388879
0.461059
0.779385
0.691511
0.48562
0.51343
0.699573
0.457233
0.439795
0.434392
0.562234
0.686797
0.960268
0.397972
0.84462
0.734149
0.52783
0.744353
1.04128
0.619926
0.937537
1.19483
0.589514
0.326309
1.40569
0.728189
0.6197
0.595416
0.667376
1.08156
0.797512
0.243
0.669461
0.373076
0.176635
0.966473
0.415097
0.720067
0.39472
0.461218
0.908335
0.922519
0.654643
0.87944
1.0464
1.0688
0.813744
0.664433
0.34416
0.810243
1.02779
0.570056
0.833542
0.448688
0.326218
0.0842543
0.650654
0.656304
0.661675
0.79595
0.813185
0.33983
0.756485
0.206404
0.451395
0.398149
0.35858
0.561747
0.83108
0.834291
1.1021
0.729215
0.547293
1.32867
0.876994
0.787857
0.307261
0.596296
0.645209
0.332685
0.531388
0.68759
0.67443
0.534724
0.667432
0.991686
0.634346
1.21347
1.21443
0.650783
0.400997
0.328143
0.599031
0.643056
0.662628
1.09134
0.666421
0.708615
0.517253
0.602647
1.2478
1.16389
0.737908
0.325086
0.754635
0.899947
0.817991
0.833303
0.603198
0.598812
1.05752
0.20793
0.445853
0.507425
0.673593
0.598382
1.36812
0.895657
0.505363
0.898596
0.508505
0.326434
1.00908
0.73707
1.09091
0.992592
1.11199
0.257831
0.690815
0.693818
0.490908
0.718333
1.11611
0.789551
0.541111
0.42724
0.923079
0.4003
0.625008
0.979978
0.843394
0.492813
0.573281
0.817499
0.76641
1.26604
0.826176
0.734879
1.00937
1.27635
0.612132
0.865609
0.830306
0.807935
0.863208
0.955119
0.943835
0.532908
0.685042
0.627129
0.844648
0.767569
0.737258
0.74512
0.94087
1.01862
0.726888
0.521562
0.778871
1.00022
1.18821
0.583179
0.356809
0.518098
0.714585
0.929755
0.894091
1.19957
0.729972
0.542112
0.386357
0.778746
0.464114
0.338039
0.409188
0.648285
0.500898
0.540322
0.762298
0.700793
0.906448
0.1937
0.815901
0.347035
0.631306
1.16026
0.532377
0.757647
0.152827
0.661724
0.558439
0.336906
0.762701
0.836603
0.903883
0.604814
0.742466
0.444235
0.681532
0.589409
0.374196
0.709391
0.525911
0.275298
0.885075
0.80109
0.197308
1.01784
0.490746
1.03572
0.445735
0.511225
1.04892
0.938155
1.09044
0.757507
0.355859
0.245447
0.576303
0.804141
0.850949
0.520555
0.623203
0.44515
0.836186
0.806431
0.285494
0.477813
0.664973
0.532839
1.01097
0.487721
0.632405
0.996178
0.566017
1.10012
0.734869
0.551744
0.777071
0.702177
1.03749
0.771495
0.90178
0.740489
0.91402
0.66259
0.66116
0.792719
0.221455
0.547475
0.414025
0.631903
0.931609
0.880379
0.634071
0.444464
0.695646
0.402939
0.389342
0.492401
0.317863
0.646045
0.925907
0.981284
0.875232
0.952443
0.253636
0.858646
0.425193
0.927696
0.441966
0.697491
0.883548
0.745865
0.59149
0.908699
1.17752
0.699211
1.13677
0.631881
0.769534
0.722995
0.586951
0.464074
0.476923
0.833723
0.746957
0.388267
0.74982
0.584545
1.09004
0.864728
0.59952
0.853991
0.237126
0.973463
0.744352
0.81323
1.0243
0.530177
0.780689
0.585315
1.15016
0.819969
0.390199
0.370269
1.41504
0.781827
0.325157
0.737939
0.661999
1.11155
0.994743
0.522815
0.966773
1.15136
0.669766
1.10778
0.721831
0.419949
1.12259
1.2904
0.718933
0.597869
0.575444
0.928046
0.509555
0.434405
0.365072
0.473148
1.36005
0.302021
0.885618
0.418546
0.671039
0.498467
0.136365
1.29491
0.349307
0.471909
0.306574
0.341234
0.904554
0.45971
0.782174
1.06821
0.770457
0.783705
0.273184
0.618292
0.748618
0.182163
0.779042
0.690505
0.805185
0.394955
0.571891
1.14833
0.76565
0.781411
0.918644
0.710291
0.224713
0.834786
0.820302
0.66668
0.927248
0.540198
0.700172
0.594825
0.513763
1.03757
0.705105
0.485798
1.00038
0.768581
0.636397
0.956889
0.471743
0.610375
0.484096
0.946452
0.438284
0.721174
0.51757
0.457936
1.06408
0.770329
1.12367
0.192013
0.434053
1.1809
0.264242
0.402718
0.426811
0.642543
0.284911
0.566368
0.932765
0.548136
0.486597
0.607645
0.784383
0.742321
0.793092
0.759981
0.799279
0.347528
0.652878
0.835609
1.20354
0.387772
0.497335
1.39512
1.37168
0.633239
0.539959
0.997989
1.05232
0.981762
0.309222
1.26179
0.755693
0.82585
0.79653
0.564023
0.45461
0.406365
1.11119
0.832564
0.327022
0.233257
0.641564
0.9854
0.793606
0.853773
0.755873
0.957273
0.452138
0.848764
0.720255
0.661599
1.09716
1.021
0.816784
0.799116
0.918541
0.450642
0.208456
0.805348
0.856718
0.612977
0.851241
0.526095
0.582934
0.536703
0.734004
0.707378
0.845602
0.522126
1.26333
0.731961
0.626667
0.928835
0.752767
0.77633
0.460097
0.944793
1.18548
0.628713
0.684387
0.965358
0.554752
0.706831
1.16062
0.474189
0.316306
0.680099
0.669562
0.791112
0.946645
0.708466
1.45212
1.06813
1.05901
1.19016
0.803342
0.684828
0.862386
0.935104
0.760443
0.427369
0.432664
0.84366
0.653857
0.927139
0.266288
0.896013
1.04619
0.835096
0.99722
0.598691
0.912053
0.4817
0.880342
0.698495
0.81357
0.883175
1.0271
0.665727
0.363218
0.36461
0.884318
0.810008
0.591969
0.586124
0.956878
0.906844
0.662652
0.305461
0.56028
0.450277
0.756057
0.837093
0.787476
1.10836
0.8072
0.365045
0.714063
0.650247
0.661988
1.33934
0.700514
0.831045
1.07124
1.28595
0.576679
0.715638
0.971389
1.23069
0.931489
0.71192
0.872994
0.741903
1.13258
0.714511
0.936441
0.701703
0.296453
0.993468
1.1785
0.797601
0.460479
0.697697
0.537135
0.408304
0.3392
0.507261
0.87611
1.01403
0.774417
1.03228
1.00074
0.646037
0.300697
0.865183
1.28726
0.508845
1.00049
0.729458
1.19109
0.875851
0.325772
0.61756
0.354874
0.505731
0.610819
0.965652
0.851719
0.311504
1.00171
0.544481
0.288906
0.861832
0.379203
0.788439
0.850831
0.470573
0.894518
1.45677
0.674435
0.625255
0.493937
0.566234
0.418631
0.576959
0.611077
0.472029
0.776422
0.637115
0.543556
0.944256
0.566043
1.30343
0.743426
1.0541
0.593225
0.735244
0.68885
0.582273
0.773057
1.15294
0.714429
0.870922
0.583051
0.768108
0.443349
0.275139
0.561445
0.722736
1.16453
0.286848
0.787324
0.25218
0.714406
0.591507
0.394959
0.693264
0.265069
0.629562
1.14006
0.445273
0.176232
0.948499
0.925389
0.410231
0.265237
0.507921
0.957393
0.845001
0.572507
0.779988
0.993508
0.353174
0.701013
0.214152
0.699572
0.661886
0.556753
0.396611
0.633632
0.661733
0.899685
0.925933
0.88557
0.225012
0.839406
0.878141
1.11875
0.765832
0.384032
0.434017
0.592943
0.642731
0.780715
0.282533
0.678635
0.869204
0.319024
0.75034
0.772138
0.687035
0.791901
0.633408
0.218904
0.376262
0.572978
0.549239
0.602966
1.06027
0.377377
1.13316
0.816836
1.31804
0.361927
0.863838
0.717859
0.210722
0.713946
0.34426
0.976534
0.357487
1.03606
0.792588
0.718978
0.249172
0.668755
0.824732
0.925512
0.429101
0.463476
0.845545
1.02895
0.920917
0.487997
0.720231
1.3078
0.500416
1.06765
0.418636
0.955397
0.722674
0.80431
1.15999
0.721303
0.38009
1.15083
1.03498
0.788654
0.464796
0.527265
0.520028
0.728807
0.749685
0.819554
0.745203
0.291466
0.633188
0.592561
0.814225
0.468434
0.490437
0.388402
0.274823
0.858103
1.02367
0.691539
0.384918
1.22377
0.74706
0.749615
0.688291
0.85976
0.989884
0.857899
0.236607
0.397169
1.03953
1.11944
1.18294
1.34924
0.352311
1.02614
0.25099
0.936334
0.808439
0.976466
0.383412
0.546791
0.348017
0.492376
0.575484
0.674918
1.40018
0.92098
0.337843
1.23247
0.938185
0.874657
1.28142
0.156289
0.92776
0.665758
1.10099
0.58684
0.62881
0.480848
0.564841
0.912067
0.855794
0.652038
0.867218
0.397209
0.350469
1.15622
0.501949
0.902352
0.613998
0.694724
1.08203
0.437477
0.500019
0.864666
0.597577
0.359217
0.416938
0.306496
0.94313
0.589491
0.943363
0.92881
0.91351
0.930486
0.794313
0.679242
0.435955
0.716445
0.52561
0.903797
0.983063
0.685835
0.803562
1.43475
1.27494
1.32022
0.95226
0.578924
0.413919
0.83767
0.739404
1.03538
1.04472
0.705337
0.645498
0.845805
0.690804
0.662595
0.614767
0.342936
0.814634
0.238536
0.569971
1.06445
0.729608
0.0344478
0.672674
0.637269
0.334931
0.853954
0.526182
0.890378
0.995299
0.338598
0.387125
1.03193
0.467747
0.340297
1.26368
1.41062
0.706907
0.685292
0.709001
0.809791
0.997188
0.539666
1.24464
0.620607
0.331477
0.214312
0.743116
0.925886
0.872268
0.725474
0.923944
1.13635
0.822873
0.547863
0.560576
1.06702
0.680592
0.860638
0.449328
0.398502
0.719584
0.746953
0.827905
0.101566
0.693269
0.638138
0.470134
0.645069
0.789619
0.555062
0.920975
1.20989
0.903642
0.710047
0.783001
0.961894
1.15125
1.02533
0.523806
0.361677
1.01097
0.940167
0.450804
0.334487
0.705551
1.20119
0.785534
1.0461
0.332215
0.57525
0.480967
1.0215
0.557317
1.20896
0.296399
0.929941
0.666064
0.925272
0.747743
0.559184
0.216572
0.772238
0.409167
0.986588
0.679291
0.546901
0.748018
1.26707
0.520954
0.97378
0.61399
0.886399
0.539394
0.513482
1.11268
0.562896
0.796762
0.896147
0.650997
0.276208
0.884159
1.1663
0.295586
1.01437
0.636373
1.06631
0.885219
0.851963
0.999082
0.330537
0.724835
0.204462
0.694861
0.974672
0.515885
0.20358
1.10301
1.13097
1.03689
0.572374
1.17011
0.626864
0.248533
0.693017
1.12281
0.406024
0.622723
0.760238
0.872183
0.692878
0.81884
0.878302
0.462668
0.5413
0.500802
0.358262
0.935752
0.779555
0.579148
0.843033
0.63054
0.3556
0.321198
0.771796
0.478543
0.825791
0.790564
0.653726
0.647623
0.5471
0.300583
0.993478
0.424026
0.834969
0.768675
0.838882
0.753026
0.681641
1.18689
1.18227
0.642842
0.0967303
1.21926
0.778252
0.793145
0.669055
0.488455
0.766826
0.919295
1.04475
0.829383
0.15813
1.04024
0.808655
1.24771
0.909649
0.551814
0.585165
1.11979
0.889254
0.545046
0.575627
0.457204
0.503859
0.86034
0.97655
0.598909
0.811909
0.790303
0.906588
0.999659
0.73878
0.62247
0.564741
0.619555
0.350014
0.470005
0.774937
0.714004
0.986199
0.691296
0.800281
0.654732
1.00918
1.15834
0.928938
0.733721
1.02709
0.532446
0.925262
0.618446
0.889759
1.26796
0.346317
1.10567
1.01124
0.415065
0.80013
0.67442
0.713311
0.558523
0.538358
0.724239
0.497453
0.91511
0.699069
0.762323
0.630762
0.522466
0.896605
0.67974
0.628142
1.02708
1.0765
0.505003
0.768708
1.08293
0.457052
1.13493
0.822801
0.932214
0.583183
1.1607
0.483984
1.24831
0.876977
1.18139
0.525009
1.23434
0.452383
1.18817
1.15223
0.328919
0.77893
0.769669
0.887888
0.600767
0.869494
1.22994
0.763603
0.675026
0.431956
0.252356
0.906223
0.724033
0.778637
0.286262
0.544782
1.09777
0.677169
1.32069
0.647755
0.434081
0.667729
0.428572
0.522907
0.859807
0.384832
0.834704
1.10418
1.35408
0.893001
1.05486
0.924121
0.855037
0.672272
0.540488
0.28324
0.829942
0.316416
0.52605
0.453694
0.592379
0.799979
0.443951
1.1197
0.559446
0.424058
0.519447
0.804673
0.819104
0.473722
0.887779
1.08518
0.723898
0.706088
0.674954
0.906285
0.929879
0.499193
0.507676
0.143467
0.773747
0.443489
0.914241
0.714939
0.467574
0.328222
0.63045
0.839206
0.479885
0.916997
1.26338
0.540361
0.780178
0.508844
0.976706
0.58468
0.83783
0.64368
0.703158
0.644525
0.791233
0.38916
0.640571
0.785059
0.588503
0.736232
1.41637
0.653824
0.60703
0.683846
1.17432
0.557882
0.616886
0.603566
0.74594
0.777134
0.409847
1.15829
0.718545
0.666623
0.941689
0.460037
0.744031
0.58471
0.729264
0.670768
0.867101
0.848623
0.905773
0.766556
0.70547
0.917464
1.04549
0.386827
0.747448
1.07924
1.30007
1.0513
0.845449
0.824
0.487171
0.479305
0.487999
0.780083
0.427102
0.62401
0.434203
1.0298
0.767534
1.14704
0.575967
1.02856
0.857888
0.674908
0.557801
0.171742
0.624443
0.323333
0.695729
1.055
0.845908
0.654043
0.622508
0.809061
0.476469
0.686467
0.384953
0.734403
0.59192
0.511588
1.03025
0.746012
0.884929
0.716122
1.00606
0.510048
0.673043
0.827162
0.394659
1.08455
0.85117
0.345703
0.350287
0.594088
1.3355
0.62778
0.451271
0.982508
0.830641
0.816332
0.471634
0.476018
0.736028
0.556362
0.215226
0.447538
0.286049
0.724179
0.492681
0.358011
0.41879
0.771356
0.914163
0.375947
0.808057
0.614099
0.633337
1.06965
0.730715
0.634543
0.750444
0.939058
0.39943
0.66836
0.816825
0.201947
0.760206
0.800817
0.82803
0.577246
1.05654
0.945718
0.637555
1.30342
0.561872
1.35041
0.265998
1.05225
0.219913
0.748553
0.877718
0.965687
1.08833
0.570195
1.24138
0.805297
1.08326
0.505163
1.09991
0.395297
0.575109
0.906122
0.802703
0.0887125
0.172455
0.559423
0.70464
0.530399
1.1477
0.96593
0.653579
0.721803
1.15889
0.303992
0.678079
0.612865
0.539449
0.622061
0.610288
0.635467
0.409088
0.851303
0.678289
0.216092
1.23697
0.348266
1.35003
1.1314
0.529537
1.03221
0.942682
1.06233
0.822292
0.647588
0.281252
1.06078
1.04308
0.760364
0.240699
0.937401
0.859367
0.850298
0.426405
0.458833
0.663394
0.372865
0.418232
0.919614
0.845155
1.20157
0.894414
0.654126
0.66653
0.734294
0.446112
0.961303
0.695313
0.803302
0.781808
1.06541
0.819277
0.909083
0.778044
1.21798
0.521099
0.0914642
0.320093
0.731446
0.350642
0.285432
1.00616
0.555353
0.19224
0.972558
0.902636
0.453423
0.598101
1.20888
0.602722
0.429925
0.709502
0.213884
0.371306
0.935941
1.03574
0.491779
0.902945
0.904384
0.632102
0.644136
0.802807
0.915974
0.397214
0.501959
0.61033
0.722215
0.52627
0.783187
0.638359
0.871039
0.748449
0.551011
0.599567
0.76436
0.813736
0.846088
0.823395
0.55266
1.11956
0.956182
0.980278
0.889316
0.982876
0.889243
1.14958
0.849843
0.626956
0.830274
1.24356
0.554022
0.638803
0.71594
0.826852
0.452455
0.135508
1.2801
0.570529
1.24447
0.70127
1.44825
0.797047
0.553232
0.988425
0.983679
0.245859
0.511934
0.503426
0.987278
0.414372
0.366352
0.524461
0.330089
0.827937
0.350409
0.301067
0.981983
1.08235
1.107
0.910731
0.415066
0.620226
0.693557
1.1535
0.4009
0.921907
0.549108
0.461597
0.603539
0.719567
0.873562
0.664529
0.739671
0.784698
0.786304
1.08251
0.460497
0.925005
1.00181
0.936283
0.596214
0.510276
0.164318
0.817229
1.10084
0.401966
0.492583
0.374991
0.549673
0.507712
0.437752
0.753677
0.180733
0.217918
0.931512
0.774852
0.682172
1.21678
0.924025
1.13104
0.444129
1.27859
0.635296
0.799773
0.337663
0.810252
0.536409
0.718487
0.508985
0.623981
0.643673
0.703798
0.750001
0.279222
0.658826
0.869692
0.531493
0.961255
0.680167
0.489706
0.764095
0.627303
0.574536
0.480514
0.457592
0.688659
1.14649
0.768394
0.400268
0.39757
0.905477
0.56568
0.892677
0.980402
0.642258
0.862179
0.652653
0.830599
1.09448
1.0069
1.03745
0.710346
0.511346
1.06786
0.423788
0.806798
0.977093
0.382253
0.607919
0.604579
1.33955
0.379995
1.30387
0.554115
0.537802
0.474262
0.686924
0.482906
0.318203
0.716532
0.766025
1.36177
0.784279
0.61537
0.487691
1.35205
0.980354
0.724258
0.30869
0.631771
0.640317
0.821001
0.616343
0.871356
0.338215
0.824688
0.981318
0.974677
0.605554
0.717758
1.00213
0.19025
1.15709
0.848801
0.179511
0.92582
0.421062
0.699073
0.90063
1.06809
0.177532
0.661786
0.271584
0.86179
0.746667
0.766991
1.1025
0.872931
0.561009
0.532383
0.745368
1.13627
0.273447
0.996553
0.867186
0.746343
0.439433
0.618134
0.795816
0.460582
0.868563
0.505279
0.383683
0.203839
0.564446
1.16485
1.39285
0.460957
0.40015
0.975046
0.570018
0.927452
0.942469
0.492983
1.25717
0.373955
0.860356
0.949141
0.368431
0.324309
1.03676
0.689313
1.03671
0.480779
0.947905
0.811424
0.565845
0.559804
0.468874
1.08299
0.708864
0.892616
0.549861
1.20616
0.861901
0.444091
0.301892
0.780419
0.837735
0.744588
1.26712
0.581601
0.369752
0.779115
0.849963
0.42976
0.992239
0.790175
0.936592
0.546458
0.874996
0.806015
0.773159
0.713585
0.563125
0.59582
0.902303
0.707472
0.679191
1.3313
1.21313
0.586634
1.16571
0.107055
0.591967
1.16556
0.882965
0.416473
0.652817
0.429848
0.898097
0.871206
0.319828
1.24168
0.780225
0.174436
0.278871
0.961055
0.489512
1.04604
1.00842
0.895286
0.925372
0.530827
0.490824
0.594492
1.04928
0.275923
0.305332
0.519403
0.841592
0.712649
0.786061
1.0026
0.832493
0.84722
0.981595
0.758763
0.913653
0.83181
0.41846
0.12889
0.799161
0.862607
1.13308
0.97276
0.372373
0.906864
1.36311
1.14891
0.65521
1.02205
0.6605
0.669431
1.32966
0.869234
1.37388
0.692163
0.189443
0.488805
0.835031
0.378422
0.692847
0.80763
0.518033
0.467696
0.757196
0.714173
0.524537
0.443684
0.83734
0.470924
0.739239
0.804524
0.990331
0.64683
0.567294
0.468609
0.856587
0.349119
0.526233
0.807959
0.539524
0.432045
0.834904
0.818579
0.203513
0.771558
0.937547
0.700745
1.11839
0.720111
1.03383
0.627482
0.995375
0.69666
0.958818
0.794391
0.442149
0.858234
1.27321
0.69088
0.954381
0.740999
0.460652
0.187695
0.637293
0.468572
0.594066
0.632998
0.690914
0.924164
0.386257
0.725453
0.719442
0.528738
0.847808
0.881856
0.843878
0.843179
0.6437
1.01064
1.05606
0.186939
1.03007
0.495091
0.444583
0.724302
1.14874
0.815576
0.374448
0.317814
1.29403
0.637968
0.4915
0.700091
1.05821
0.888758
0.954506
0.43094
0.64004
0.653593
0.770144
1.00845
0.39338
0.447183
0.866857
1.181
0.806412
0.504295
0.22465
0.910312
0.614398
1.29607
0.46413
1.01385
1.0286
0.728669
0.586389
0.220126
0.547257
0.624531
0.202456
0.444967
0.25106
0.973904
1.1042
0.817211
1.11864
0.687171
0.546306
0.612454
0.7512
0.548024
0.268905
1.30418
0.377042
0.730491
0.574918
0.986288
0.369765
0.412588
0.333445
0.425169
0.936995
0.394457
0.815493
1.45091
0.996633
0.913955
0.739519
0.992508
0.283087
0.828049
0.801704
0.547485
0.814827
0.629601
0.945297
0.802693
1.11632
0.409532
0.285719
0.935696
0.976429
0.794922
0.369115
0.96677
1.08698
0.479258
0.825925
0.719676
0.97221
0.484774
0.772008
0.639883
1.13578
1.04732
0.563638
0.580541
0.762005
0.834832
0.868508
0.60856
1.23801
0.905744
1.12414
0.975181
0.565512
0.195178
0.808118
0.250455
0.650386
0.485592
0.766681
0.387753
1.0021
0.60233
0.529876
1.00346
0.760925
0.574805
0.319065
0.368643
0.601905
0.329422
0.976258
0.48852
0.825575
0.45492
0.483912
0.268971
1.37053
1.08786
0.562951
0.94132
0.546103
0.657988
0.509354
0.280022
0.403797
0.620324
0.31259
0.666444
0.854667
0.563203
0.873495
0.734152
0.503161
0.362745
0.976889
1.17788
0.535481
0.644202
0.706862
0.969892
0.68425
0.760763
0.578574
0.549411
0.707293
0.856185
0.382786
0.700898
0.814126
0.343857
0.328602
1.17373
0.698354
1.11712
0.626129
0.271049
1.01916
1.04473
0.668432
1.10504
1.22395
1.16857
0.919055
0.271561
0.302712
0.2162
0.997638
0.447151
0.902462
1.33211
0.657754
0.262699
1.2117
0.55054
0.392226
0.290834
0.267436
0.379186
0.790325
0.873056
0.99276
1.16278
0.80314
0.641281
0.808353
0.444203
1.03245
0.418672
0.489221
0.836314
0.927165
0.304729
0.871828
0.99947
0.978974
0.718396
0.633947
1.04491
0.748701
0.895808
0.0594988
0.265847
0.57603
0.533796
0.527688
0.554658
0.803283
1.05138
0.788727
0.347774
0.63086
0.314237
0.994703
0.620419
0.596238
1.07337
0.430562
0.499689
0.904243
0.457268
0.193277
0.545303
0.179537
0.989241
0.48993
0.591671
0.601999
0.893203
0.650639
0.488242
0.941671
0.611198
0.789284
0.221741
0.715739
0.297607
0.608743
0.64843
0.448082
1.12806
0.977176
0.858778
0.373681
0.753015
0.270453
0.822388
0.853174
0.820523
0.475485
0.77859
0.84988
0.793132
0.841973
0.495329
0.475606
0.770154
0.508037
0.324441
0.771287
0.657111
1.05249
0.62929
0.659615
0.416592
0.661557
0.987456
0.995429
0.337474
0.556202
0.711905
0.23157
0.437698
0.667827
0.351963
0.646728
0.646581
0.878921
0.362843
0.875405
0.516038
0.800967
0.481143
0.391395
0.677731
0.355995
0.712817
0.611916
0.929574
0.747699
0.783362
0.469072
0.928561
0.500527
0.834096
0.841926
0.626503
0.595637
1.28254
0.319524
0.51309
0.33839
0.377633
0.789586
0.362507
0.78783
0.48032
0.564921
1.06033
0.535471
0.42249
1.28597
0.837935
0.587254
0.346931
1.07623
1.0019
0.981575
0.365352
0.87477
1.06765
0.171626
0.669619
0.51102
0.516186
0.551254
0.533148
0.645763
1.274
0.809367
1.08317
0.460894
0.645595
0.554828
0.503229
0.404725
0.824371
0.565039
0.488739
0.708272
1.27301
0.814938
0.712805
0.454044
0.934868
0.579581
1.07565
0.958782
0.414706
0.902327
0.425201
0.275481
1.14784
0.301626
1.03535
0.418184
0.718851
0.593269
0.974466
0.270035
0.705677
0.476278
0.313406
1.24607
0.887651
0.782587
0.922475
0.352594
0.588903
0.748792
0.811269
0.751683
0.757762
1.03687
0.561576
1.03363
0.754478
1.2954
0.653202
0.175841
0.243207
0.728627
0.680739
1.00032
0.738858
0.874744
0.936617
0.492744
0.396723
0.213154
0.855688
0.701163
0.504774
0.262722
0.403515
1.23507
0.887678
0.568757
0.401861
0.867482
0.825606
0.879346
0.761804
0.527638
0.627728
1.11502
0.177492
0.682301
0.680444
1.16491
0.544776
0.682419
0.389168
0.567587
0.540988
0.512908
0.260225
1.28141
1.26764
0.851919
0.423145
0.333373
0.701893
0.716445
0.890834
0.690599
0.882016
0.587449
0.679912
0.479463
0.861746
0.851304
0.492672
0.379524
0.47796
0.271145
1.13557
1.11156
0.732252
0.437582
0.418773
0.519107
0.888218
0.243851
0.775432
0.889386
0.4956
1.02764
0.473868
1.03435
0.547555
1.42455
0.796592
0.672463
0.775634
0.421253
1.27668
0.687931
0.884478
0.918479
0.680728
1.11634
0.30218
0.650697
1.22309
0.612186
0.461271
0.396036
0.462458
0.576651
0.76525
0.1337
0.977177
1.05625
1.31983
0.42636
0.457394
0.475377
0.774828
0.484554
0.678134
0.792879
1.053
0.161392
0.790342
0.780728
0.615547
0.52332
0.614887
0.847398
0.853353
0.381741
0.909258
0.985199
0.628914
1.06343
0.278005
1.2508
0.477379
0.733538
0.320244
1.30309
0.317845
0.739828
0.676401
0.688852
1.11689
0.491682
0.483702
0.829407
0.453438
0.819887
0.636112
0.496095
0.7038
0.431681
0.945715
0.557637
0.668417
0.645681
0.308039
0.813991
0.950654
1.37492
0.554302
1.21337
0.872364
0.826258
0.326764
0.769643
0.804388
0.242875
1.2012
0.86467
1.06759
0.456544
0.234098
0.462793
0.901014
0.172623
0.490815
0.836567
1.34814
0.401812
0.510754
0.509842
0.627401
0.872118
0.937947
0.774387
0.805807
1.19587
1.21076
0.282324
0.928327
0.57801
0.490166
0.68496
0.500583
0.55641
0.818066
1.162
0.958567
0.826097
0.870731
0.794013
0.300102
0.648092
0.340702
1.20633
0.323548
0.485786
0.792372
0.924494
0.68415
0.458694
1.35201
0.677052
0.670691
0.407027
0.376722
0.267461
0.80132
0.987441
0.664311
0.23401
0.698284
0.479853
0.567133
0.615732
0.753772
0.664702
0.580124
0.725468
0.124591
0.639673
0.873931
0.675682
0.613297
0.530596
0.770084
1.07541
0.833939
0.751813
0.722121
0.55297
0.60329
0.463207
1.09787
0.476335
1.10352
0.335134
1.15899
0.451032
0.735839
0.899498
0.237549
0.905845
0.576142
0.525418
0.807733
0.853436
0.240628
1.01816
1.09881
0.62213
1.01345
0.742457
1.3141
0.538934
0.80666
0.665757
0.664751
0.641803
0.975983
0.661461
0.503424
0.877991
0.328164
0.763435
0.588142
0.89874
1.20968
0.444575
0.679388
0.56262
0.472481
0.665963
0.467811
0.3349
0.975071
0.895817
0.825087
0.743974
0.753368
0.976992
0.985294
0.681293
0.288217
0.292083
0.790368
0.836688
0.962887
0.560743
0.284189
1.11384
0.842893
1.30069
0.791031
0.51532
0.609202
1.12768
0.722599
0.243077
0.633482
0.209662
0.925626
0.328461
0.687422
0.960088
0.447316
0.837948
0.47707
0.456577
0.972773
1.24363
0.608745
0.446567
1.0892
1.15218
0.679609
0.645663
0.640179
0.929385
0.973185
1.13213
0.402529
0.725832
0.990857
1.10001
0.897704
0.309016
0.34085
1.22842
1.33192
0.888449
0.620205
0.800269
0.680613
0.775001
0.990934
0.764187
0.854414
0.238966
0.835415
0.885561
0.377353
0.313924
1.25079
0.882231
0.524792
1.18932
0.696693
0.932445
0.906326
1.06232
1.04676
0.859107
0.538953
0.219653
0.359179
1.06288
0.48972
0.83122
0.916346
1.06712
0.508055
0.674761
0.747094
0.6614
1.03942
0.414336
0.30794
0.783712
0.906784
0.655295
0.339399
0.443239
0.935372
1.29905
0.613766
0.0790228
1.05845
0.472673
0.422093
0.393853
0.681185
0.707418
1.10664
0.631857
0.913563
0.771432
1.14603
0.324139
0.11591
1.11202
0.60884
0.400153
0.547496
1.05152
0.177623
1.18705
1.02845
0.908565
0.409832
0.952649
0.747162
0.825217
0.686162
0.520935
0.357764
0.532232
0.110407
1.14539
0.769336
0.579224
0.751919
1.17626
0.606808
0.783161
0.344985
0.525851
0.961023
0.88556
1.03342
0.705582
0.507523
0.325461
0.623806
0.751199
0.870812
0.452854
0.57042
0.270607
0.904818
0.810006
1.3765
0.454693
0.671097
1.03021
0.814628
0.8264
0.382188
1.23294
0.677167
0.79864
0.632075
0.486837
1.13291
0.655182
0.356132
1.00875
0.430276
1.0368
0.672441
1.11334
1.34916
0.812257
0.892978
0.612048
0.685658
0.119429
0.545059
0.161376
1.25143
0.337186
0.510032
0.561709
0.335842
0.559479
0.79142
0.50285
0.626235
0.581764
0.553134
0.289371
1.00801
0.99813
0.613077
0.600828
0.489466
0.510756
0.704584
0.429091
0.665117
0.692648
0.68748
0.423045
0.487501
0.150988
0.770924
0.968019
0.852107
1.10699
0.897687
1.11141
0.597053
0.750335
0.842606
0.997955
0.748746
0.841268
0.554236
1.30639
0.32487
1.07482
0.619399
0.479503
0.405229
0.987826
0.345674
0.713602
0.606996
0.395543
0.60977
0.603831
0.873955
0.328612
0.532114
0.708992
0.882799
0.710951
0.444372
0.825014
0.762684
0.621087
1.1154
0.818546
0.774527
0.9302
0.245865
0.876413
0.437759
0.326133
0.679374
0.718508
0.708548
0.251561
0.400218
0.448425
0.267886
0.872633
0.477163
0.95254
1.2385
0.394652
0.94321
1.01937
0.273904
0.524486
0.971147
0.360596
0.299892
0.307776
1.06483
1.2476
0.54758
0.449094
0.481123
1.12606
0.183329
0.864324
0.441537
0.691175
0.587386
0.485463
1.13824
0.464159
0.937801
0.389932
0.323175
1.26318
0.380742
0.343384
0.678497
0.850147
0.988481
0.848299
0.995029
1.08177
0.600871
0.835964
0.667588
0.74398
0.75386
0.689972
1.26426
1.07383
0.877883
0.678318
0.784357
0.74583
0.605653
0.65199
1.01149
0.384602
0.857935
0.690133
0.428828
0.470498
1.14845
0.737742
0.872596
1.14937
0.810386
0.46511
0.911646
0.715945
0.799944
0.685301
0.683602
0.715051
0.187147
0.639263
0.404439
0.334517
0.180921
0.93235
0.646846
0.50985
0.793828
1.2236
0.452406
0.771751
0.910829
0.1195
1.04089
0.875304
1.01792
0.650452
0.701252
0.674973
0.121368
0.766866
0.943682
0.891798
0.652646
0.721098
0.816115
0.446493
0.318024
0.794364
0.751806
0.699922
1.25576
0.466064
0.432923
0.749949
0.906941
0.41641
0.46602
0.460756
1.22619
0.861537
0.922363
0.836952
0.634008
0.211487
0.675496
0.534712
0.13177
0.348158
0.408739
0.944695
0.852254
0.38976
0.80554
0.37303
0.865843
0.81439
0.413085
0.823411
1.23277
0.819382
0.806062
0.98789
0.778402
0.747451
0.478764
0.691234
0.596911
0.650054
1.28321
0.524985
1.06015
0.669475
0.544996
0.426166
0.636406
0.893342
0.752249
0.752237
0.667546
0.734162
0.518206
0.603375
0.88891
1.27706
0.589599
0.781989
0.688417
0.860577
0.778404
1.27699
0.798852
0.937956
0.926932
1.06511
0.827523
0.699154
0.453369
0.62543
0.643962
0.821867
1.28288
0.827768
0.758649
0.696225
0.732606
0.886849
0.775007
1.21627
0.677968
0.619785
0.305344
0.303477
0.770844
1.21232
0.777776
0.447447
0.846284
0.765229
0.731848
1.24586
0.522851
0.294731
0.483677
0.264732
0.310632
0.373216
0.790858
0.528535
0.450321
0.667356
0.199
0.789816
0.526004
0.474064
1.19442
1.09308
0.496965
0.341163
0.549682
0.316759
0.779218
0.976137
0.239964
0.450504
0.816959
0.930147
0.902602
0.653096
1.02627
0.561351
0.625779
0.959073
0.597227
0.580272
0.647544
0.215187
1.07513
1.0352
0.720989
0.626165
1.19293
0.760348
0.818454
0.970948
0.677154
0.996369
0.605987
0.760335
0.430031
0.505218
0.527833
0.47893
0.727489
0.235849
0.596367
1.20088
0.447826
0.556726
0.943603
0.337842
0.562951
0.631382
1.32777
1.34119
0.451714
1.02077
0.787153
1.02523
0.456136
0.837493
0.614667
1.09076
0.641103
0.472833
0.44364
0.64013
0.692758
0.607126
0.544814
0.480013
0.175833
0.490884
1.14943
0.817535
0.425475
0.240631
0.547153
0.605878
0.873915
0.386606
0.949214
0.539505
0.438435
0.441664
0.329362
0.365319
0.818287
1.11136
0.56823
0.959582
0.976873
0.644034
1.12655
1.03327
0.818737
0.439572
0.230694
0.966832
0.863259
1.22342
0.871755
1.00027
0.765194
0.486967
0.643755
0.650041
0.936721
0.697807
0.893992
1.1208
1.35542
0.355193
0.965398
0.597466
0.662458
0.424859
0.364158
0.801288
0.286078
1.02218
0.547762
0.257066
0.52845
0.687998
0.823315
0.487674
1.08434
0.41655
0.926338
0.493283
0.684282
1.03392
0.576386
0.678902
0.450484
0.675557
0.499894
0.328999
0.701162
0.794102
0.596615
1.16423
0.506427
0.470644
0.826773
0.312442
1.07098
0.747366
0.755583
1.09442
0.686673
0.156486
0.999572
0.855259
0.365443
0.712674
1.00337
0.263679
0.980899
0.791166
0.584561
0.980404
0.848254
0.428681
0.752774
0.34896
0.720274
0.391464
1.00633
0.827019
1.04385
0.458615
0.915653
0.87115
1.09119
0.414473
1.23902
0.756823
0.457546
0.507616
0.440664
0.450548
1.08486
0.693721
0.654936
0.648118
0.372165
1.02689
0.387559
0.55908
0.702052
0.487638
1.01254
0.782331
0.880151
0.862228
0.538132
0.285764
0.396291
0.543216
0.408928
0.645696
0.998632
0.138891
0.739879
0.594613
0.514967
1.20854
0.47397
0.715168
0.998078
1.1146
1.36218
0.860236
0.880543
0.8061
1.07496
0.886235
0.29385
0.939844
0.818491
0.778236
0.477737
0.327387
1.14333
0.51191
0.607494
0.420563
1.18437
0.788276
0.780358
0.919324
1.10394
0.321409
0.841008
0.404984
1.35494
0.564145
0.617281
0.861897
0.528539
1.00558
0.878393
0.84344
0.277399
0.808368
0.419391
0.959519
0.729448
0.374855
0.750627
0.495987
0.917544
0.627234
0.341806
0.977784
0.485973
0.850924
0.509473
0.24422
0.570447
0.962356
0.38579
1.01627
0.404839
1.18039
1.06205
0.626553
1.15009
1.17701
0.37169
0.951918
0.886077
0.547848
0.357377
0.945319
0.851797
1.17331
1.11554
0.89492
0.350613
0.537701
0.785941
0.94977
0.964285
0.876312
0.717969
0.757682
0.562935
0.404666
0.864127
0.674733
0.923751
0.789532
0.863603
1.43502
0.625945
0.18818
1.38179
0.577658
0.581167
0.655554
0.669244
0.524485
0.572383
1.08286
0.762049
0.905343
0.893744
1.27196
0.533056
0.635277
0.419845
0.62496
0.771307
0.93108
0.56719
0.534619
0.503795
0.685517
0.661228
0.685104
0.499849
0.519691
0.653978
0.671543
1.06761
0.183629
0.556586
0.620281
0.799741
0.641458
0.42348
0.741288
0.383723
0.480134
1.15754
0.697364
0.835112
0.819759
0.642028
0.352473
0.409179
0.600458
0.848023
0.937601
0.686858
0.798067
0.819126
0.615637
0.601054
0.67154
0.534625
0.444364
0.507249
0.231075
1.06524
0.765386
0.643488
0.486542
0.563862
0.89722
0.743069
0.599973
0.426021
0.828203
0.893741
0.816313
1.05781
1.14732
0.622957
0.839631
1.21161
1.26564
0.37017
0.479783
0.587551
1.07698
0.673089
0.35876
0.973014
0.985405
0.939256
0.841363
0.478964
0.321314
0.999867
0.694222
0.591
0.671876
0.153046
0.418885
0.489866
0.61227
0.773302
0.657363
0.692312
0.605956
0.860835
0.87137
0.912325
0.842779
1.11924
0.558139
1.00556
0.689852
0.269404
0.56161
0.900992
0.462183
0.362541
0.944611
1.2663
0.341908
1.27436
1.02624
1.07202
1.00038
0.767352
0.857293
0.933746
0.672339
0.839332
0.95528
0.868244
0.676127
1.08522
1.17804
0.193519
0.151084
0.487506
0.745697
0.498048
0.512353
0.993746
1.19241
0.76232
0.756566
1.49062
0.966477
0.195367
1.23753
1.0332
0.721581
0.63424
0.268666
1.13371
0.929991
0.686909
0.502836
0.666736
0.787837
0.692996
0.716289
0.778856
0.421491
0.910303
0.941587
0.509818
1.19983
0.807901
0.789189
0.685777
0.639256
1.42744
0.8848
1.12329
1.20795
0.809688
1.20003
0.892955
0.283947
0.863986
0.997953
1.04934
0.925309
0.503377
1.30968
0.559351
0.705909
0.751049
0.943524
0.71527
0.583415
0.820964
1.16459
1.07674
0.706698
1.08196
0.300822
0.64965
0.561546
0.551709
0.807993
0.312926
0.814157
0.845259
0.777297
0.530908
0.667866
0.295842
0.761136
0.581715
0.684147
1.24254
1.07216
0.577296
0.565838
0.642695
1.27186
0.419092
0.582483
0.531117
1.10276
0.535534
0.486758
0.537514
1.1823
0.624078
0.914509
0.585745
1.21362
0.418627
0.567404
0.890983
0.536792
1.1737
0.58224
0.0705176
0.362593
0.818446
0.48148
0.331904
0.657753
0.18114
0.940628
0.77954
1.15699
0.888564
1.14312
0.598463
1.10687
0.933996
0.860355
0.579873
0.870919
0.813913
1.03167
0.572469
0.769914
0.296153
0.560207
0.601436
0.56424
0.413575
1.00079
1.01126
1.01215
0.614184
0.907705
0.883078
1.14817
0.675815
0.849292
0.695971
0.584916
0.677769
1.04988
1.26214
0.959537
0.26557
0.423342
0.708599
0.437635
0.706736
1.0556
0.343816
0.360649
0.549431
1.02159
1.02552
0.548596
0.51013
0.946939
0.859768
0.683886
0.699847
0.544555
0.303567
0.916805
0.461037
0.433663
0.939172
0.947077
0.516521
0.683377
0.653147
1.04984
0.55007
0.448557
1.23756
0.539775
1.13345
0.420061
1.17637
0.576151
0.740363
1.08069
0.56965
0.674253
0.676469
0.533667
0.230111
0.888362
0.81246
0.544412
0.632603
1.03128
0.859441
1.06944
0.45067
0.295414
0.868097
1.05052
0.334177
0.718092
0.901262
0.292743
0.597994
0.870247
0.56273
0.780928
0.602466
0.736999
0.919937
0.731981
0.522187
0.516819
0.65517
0.923951
0.61051
1.16988
0.346911
1.0527
0.635139
0.447589
0.87222
0.434278
0.458384
0.694103
0.713214
1.12241
0.48077
0.763519
0.702986
0.249583
0.827497
0.310084
0.77487
0.607545
0.653939
0.467857
0.988393
0.700691
0.217868
0.522194
0.803928
0.333641
0.976595
0.865758
0.605568
1.06918
0.382082
0.667497
0.904983
0.680755
0.554902
0.983929
0.477391
1.15824
0.764965
0.624292
0.487342
0.225756
0.691339
0.70664
1.38523
0.546803
0.491821
0.229554
1.26026
0.700567
0.845062
0.333041
0.490568
0.186173
0.185694
0.618797
0.667916
1.1502
1.11069
0.710687
0.553793
0.919347
0.637375
0.655189
0.886995
1.37408
0.738694
0.335568
0.846194
0.795829
0.507013
0.525888
0.794322
1.10422
0.904257
0.348817
0.746879
1.20668
0.65674
0.945987
0.321972
0.67682
0.614956
0.647154
0.493011
0.628871
1.53279
0.544706
1.36365
0.905839
1.05787
0.477641
0.684459
1.028
0.987443
0.471268
0.663212
0.823695
0.267464
0.974812
0.463664
0.851405
1.06023
0.488248
0.735597
1.22583
0.825099
0.423203
0.835613
1.25325
0.28468
0.845504
0.761363
0.428022
0.827001
0.707477
0.950366
0.679633
0.858407
0.617785
0.75904
0.64434
0.223667
0.780584
0.419639
0.566144
0.436939
0.244978
0.428644
0.580981
1.10798
0.50471
0.827718
0.637695
0.891292
0.927576
1.17001
0.621672
0.192609
0.599737
0.995531
0.479573
0.872682
0.544849
0.515654
0.683282
0.782192
0.893372
0.805088
0.730118
0.37964
0.921379
0.152052
0.329555
0.969937
0.381999
0.37484
0.743392
0.24134
1.00693
0.634545
1.01165
0.980756
0.81245
1.03095
0.835531
0.481281
0.982648
0.745733
0.611493
1.06447
0.680522
0.63422
1.02289
1.16544
0.866093
0.643664
0.457222
0.644149
0.502723
0.363234
0.369256
0.699728
0.947434
1.05178
0.399674
0.618816
0.316849
1.1218
0.676995
1.26691
0.669372
1.11974
0.651144
0.48486
0.805902
0.76916
0.35853
1.05964
0.951192
0.531885
0.451575
0.460759
0.81518
0.426415
1.11537
0.91934
0.731292
0.528297
0.123893
0.996892
1.10623
0.318492
0.363442
0.528935
0.91946
0.458663
0.866618
1.25144
1.00398
1.01449
0.444198
0.197057
0.823764
0.295458
0.69663
0.672948
0.856857
0.592527
0.904743
1.03558
0.27341
0.904835
0.749154
1.3521
0.424479
1.16969
1.27198
0.231507
0.547626
0.486182
0.794896
1.03116
0.530824
0.415327
0.771228
0.810007
0.470181
0.967038
1.03141
0.886627
1.19797
0.6463
0.193087
0.554798
0.906972
0.803918
0.951349
0.68319
0.507253
0.575688
0.800918
0.90504
0.899692
1.00417
0.709694
0.778464
0.715362
0.804882
0.748667
0.915701
0.91785
0.794937
1.12553
0.448349
0.655513
0.267319
0.730631
0.743769
1.48013
0.640771
0.708598
0.560865
0.60331
0.92862
0.739215
0.272849
0.625426
0.740246
0.693659
1.02369
1.1184
0.383756
0.443649
0.50364
0.935481
0.805548
0.43517
0.501348
0.488182
0.910344
0.455851
0.533412
0.539566
0.536386
0.451843
0.61124
0.384324
0.203719
0.572274
0.406004
0.750262
0.91475
0.896605
0.952876
1.00413
0.669461
0.461191
0.380471
0.699704
0.873681
0.496199
1.24168
