0.348523
0.508252
0.572678
0.845678
0.126827
0.561968
1.13
0.344765
0.466943
1.19359
0.845331
0.816405
0.471969
0.503003
0.469059
1.02031
1.03012
1.44533
0.460824
0.510613
0.330662
0.469651
0.733787
0.706584
0.350508
0.801381
1.06107
0.60442
1.03403
0.632447
0.593674
0.241717
0.611945
0.999529
0.574031
0.319817
0.637038
0.492911
1.19904
1.07506
1.20375
0.951075
0.528629
0.512843
0.614604
1.22083
0.812213
0.827989
0.745793
0.824054
0.432927
0.678954
0.796058
0.599623
0.968296
0.807012
0.695897
0.565922
1.04363
0.734996
0.567188
0.662235
0.277831
0.729688
0.481004
0.594003
0.907245
0.864184
1.01328
0.717124
0.700375
0.978788
0.802805
0.465431
0.0942296
1.29069
0.716379
0.8016
0.552995
0.6934
1.07376
1.12157
0.999945
0.925352
0.842182
0.968299
0.89317
0.563866
1.27863
1.22529
0.27212
0.283955
0.390366
0.578104
0.284117
0.804289
0.82449
0.454232
0.497601
0.458506
0.837773
0.849633
0.776053
0.346746
0.775075
0.770072
1.09897
0.641582
0.654513
1.11652
0.533081
1.16122
0.443669
0.810246
0.806901
0.471794
0.550883
0.974803
0.930146
1.13499
0.574799
0.956565
0.525986
0.582648
0.450622
0.900208
0.985279
1.30965
0.150413
0.746736
1.28904
0.744511
0.597115
0.839545
0.878286
0.912481
0.760654
0.938531
0.429957
0.73068
0.740519
0.691693
1.11417
0.795524
0.404395
1.19327
1.27117
0.908981
1.23663
0.42968
1.29884
0.397684
0.841
0.721084
0.60393
0.441048
1.02323
0.958303
0.920451
0.450678
0.346504
0.419753
0.511367
0.674062
0.794607
1.18376
1.20516
0.685432
0.824479
0.678053
0.749243
0.759055
1.05444
0.416758
0.354725
1.0645
0.744529
0.866585
0.454534
0.81704
0.487389
0.759245
0.852603
0.932151
0.611727
0.271937
0.934704
0.416234
0.879129
1.22355
0.458376
0.878667
0.451126
1.32277
1.11858
0.537638
0.373546
0.377965
1.08776
0.62692
0.854158
0.891283
0.717936
0.574837
0.732515
0.736617
0.362172
0.786131
0.388372
0.884927
0.734389
1.1205
0.910615
0.452119
1.18771
0.529783
0.664168
0.773792
0.455851
0.531473
0.861709
0.729595
0.356477
0.970882
0.383953
1.08292
0.31299
0.540214
0.444657
1.15381
0.702219
1.05177
0.539175
0.9268
0.796119
0.796918
0.707308
1.07709
0.677917
0.371539
1.24134
0.568175
0.426704
0.873074
0.732216
1.19291
0.283214
0.96634
0.733252
1.30664
0.255231
0.822416
0.663399
1.13101
0.244823
0.856128
0.642187
0.402589
0.729531
0.669875
0.898817
0.705331
0.55968
0.42847
0.421546
1.16757
1.04146
0.538043
0.457758
0.674195
0.603973
0.549425
0.671475
0.925946
0.699003
1.06844
1.06098
0.796749
0.517489
0.804133
0.619791
0.656113
0.752778
1.00828
0.947982
0.795919
0.315748
0.0449926
0.961692
0.639204
0.641236
0.820961
0.575653
0.767954
0.858751
1.27728
0.144906
0.498331
1.25512
0.642703
1.09564
0.546582
0.534217
0.749807
0.752855
0.526781
0.517757
0.28999
0.955605
0.945621
0.680624
0.270311
0.559814
0.255386
0.931073
0.918948
0.719105
1.11622
0.93873
0.505856
0.432978
0.304188
0.485615
0.859385
0.350458
0.626323
1.00377
0.702596
0.480145
0.78413
0.786008
1.00718
1.15361
0.670702
0.824233
1.01643
1.19042
0.655501
1.09594
0.769409
0.990955
0.992011
0.72215
0.675255
0.33499
1.22383
1.02068
0.976641
0.956892
0.433991
0.810389
0.598642
0.780914
0.806542
0.512584
1.31598
1.01833
1.07622
0.603262
0.470373
0.67034
0.321138
0.206591
0.360103
0.53574
0.312615
0.583874
0.546871
1.54459
0.779893
0.993462
0.362928
0.325254
0.857636
0.832503
0.730821
0.709212
0.714007
0.447827
0.375405
0.664634
0.88358
0.662983
0.499802
0.563435
0.157023
0.745699
0.656719
1.16557
0.979525
0.553238
1.10042
0.668915
0.816426
0.591703
1.08834
0.417374
0.882876
0.600543
0.810009
0.673157
1.09643
0.583951
0.386938
1.2146
0.306092
1.21477
0.508013
0.904346
0.349443
1.3725
0.743327
1.15852
0.73177
0.771547
0.460937
1.06597
0.433962
0.777341
0.623496
0.854213
0.569444
0.726287
1.05483
0.345076
0.457611
0.854105
0.603479
1.01503
0.465131
0.697855
0.607096
0.573523
0.318077
0.930889
1.0286
1.31627
0.932378
0.510891
0.614591
0.371017
0.829442
0.863217
0.257046
0.593302
0.46473
0.42698
0.80308
1.0906
0.500251
0.864129
0.684455
0.217488
0.961747
0.711551
0.60876
1.22708
0.758746
0.76377
0.7469
0.787923
0.399322
0.718784
1.1823
0.922099
0.337144
0.612965
0.437478
0.78445
1.01533
1.26407
1.16339
1.07124
0.970757
0.677429
1.24902
1.09764
0.510707
1.0248
1.06924
0.6824
0.675415
0.458313
0.743005
0.893161
0.311185
1.28264
1.09405
0.700781
0.572867
0.763323
0.529318
0.395762
0.54632
0.544023
0.736418
0.696422
0.363772
1.04576
0.408957
0.58786
0.655166
0.473336
0.717168
0.912264
0.77754
0.745504
0.898479
0.486138
1.03293
0.475572
0.396093
0.263691
0.908823
0.609179
0.884605
0.975514
0.619999
0.350541
0.784258
0.684896
0.645474
0.553274
0.962304
0.772105
0.66324
1.02353
0.594705
0.665021
0.877467
0.251509
0.31454
0.91931
0.818733
0.303016
0.761844
0.760928
0.488648
0.764799
0.702764
0.534794
0.272416
0.867068
1.03652
0.70727
0.446891
1.30183
0.789303
0.639821
1.05556
0.644401
0.580435
0.377537
0.58086
0.913034
0.755995
0.323474
0.0490784
0.712683
0.982342
0.311239
0.749481
1.01514
0.643133
0.893407
0.389435
0.798957
1.00011
0.384253
0.111675
0.282119
0.212717
0.25014
0.709769
0.459359
1.12108
1.32667
0.531688
0.628094
0.570842
0.950385
0.845523
0.413368
0.80267
0.307318
0.348553
0.73197
0.814333
0.921464
0.337668
0.759295
1.09826
1.02249
0.529367
1.1743
0.367687
0.753545
1.06122
0.75336
0.490755
0.647634
0.310942
0.279471
0.561983
0.787283
0.849768
0.835435
1.16618
0.614857
0.512408
0.579547
1.05005
0.716396
0.64412
0.955388
0.522654
0.528116
0.382182
0.71627
0.410067
0.702777
0.388647
0.68607
0.202649
0.860455
0.409793
0.625687
0.237863
0.734143
0.646718
0.661864
0.369725
0.958571
0.398345
0.276009
0.278299
0.448806
0.440884
0.397443
0.578402
0.83472
0.448657
0.564941
0.445545
0.86222
0.995863
0.623693
0.748329
1.0231
0.476721
0.843562
0.559079
0.823377
0.704528
0.597154
0.53989
0.990992
0.538194
0.713731
0.429252
0.763264
0.719959
0.720617
0.227272
0.831569
0.220132
0.858405
1.13923
0.903256
0.917661
0.729025
0.408623
0.984964
0.40663
0.857442
0.945713
1.02883
0.550857
0.830291
0.72538
1.05777
0.575346
0.792656
0.406677
0.740013
1.28355
0.835141
1.074
1.1701
0.404078
0.386766
1.01779
0.61034
1.06654
0.688208
0.530488
0.785172
0.596189
0.657106
0.209831
0.660439
0.331743
0.303106
0.332673
1.13875
0.767167
0.530792
0.31596
0.401692
0.277005
0.662318
0.403566
0.409292
0.536412
0.425658
0.619004
0.548475
0.854936
0.841788
0.499089
0.929555
1.47697
1.43131
1.43255
0.605693
1.02249
0.526791
0.985645
0.603973
0.488222
0.638431
0.403205
0.40758
0.844935
0.763709
0.734312
1.12814
0.709713
0.378695
0.455702
0.988787
0.587872
0.325079
0.330311
0.737551
1.06822
1.0269
0.61741
0.857689
1.22789
0.495408
0.594815
0.734415
0.794604
0.695921
0.844374
0.94845
1.26054
0.769258
0.662974
1.05439
0.485851
0.460458
0.649842
0.92675
0.579496
1.29315
0.901897
1.18736
0.853517
0.515711
0.180251
0.491257
0.626762
0.359192
1.1169
0.441467
0.19821
1.00328
0.336375
0.713422
1.29359
0.645475
1.02953
0.689563
0.795543
0.659306
0.691573
0.618029
0.394701
0.95104
0.780792
0.904491
0.850625
0.48779
0.702317
0.928862
0.669049
0.642367
0.691335
0.4089
0.677027
0.594773
0.199017
0.308086
0.725015
0.757763
0.907984
0.282632
0.716618
0.359776
0.841939
0.779345
0.572755
0.629051
0.744721
0.912344
0.969167
0.975702
0.865698
0.874174
0.245545
1.13317
1.10396
1.07358
0.871431
0.735552
0.448123
0.413159
0.908939
0.669776
1.14246
0.893902
1.02257
0.709901
1.2478
0.860388
0.229658
0.195757
1.24178
0.671409
0.605792
1.2369
1.00526
0.33233
0.381253
0.814819
0.643508
0.526535
0.319076
1.08216
0.503487
0.751351
0.442019
0.916259
0.950788
1.05571
0.357647
0.483824
0.913316
0.527562
0.849796
0.55319
0.128469
1.1606
0.612949
1.07316
0.991821
0.86447
0.833202
0.741508
1.10222
0.479089
0.807745
1.31764
1.17342
0.514682
0.413749
0.870367
0.476659
0.815711
0.831384
0.870177
0.789503
0.768479
1.10434
0.563756
1.11488
0.716011
0.880348
0.82249
0.324625
0.181629
0.672055
0.870274
0.782952
0.684665
0.995255
0.642711
1.04683
0.74183
0.186378
0.519851
0.753842
0.516493
0.47739
0.705845
0.844635
0.524014
0.562726
0.359174
0.656939
0.304936
1.04309
0.851868
0.867211
0.290522
1.18228
0.702327
0.952108
0.189102
0.48111
0.812139
0.511439
0.587284
0.12165
1.07656
0.8284
0.795532
0.741279
0.530813
0.246937
0.646144
0.97872
1.11876
1.26113
0.586816
1.22646
0.591554
0.631673
0.940956
0.311333
0.89278
0.21211
0.959933
0.941369
0.120324
0.962122
0.320363
0.318824
1.00914
0.804575
0.889946
1.24276
1.05928
0.481638
0.9907
0.622874
0.182679
0.642742
0.49249
1.191
1.02372
1.10752
1.0437
1.22129
0.464922
0.455943
0.645018
0.852017
1.03707
0.599612
0.850329
0.844625
0.581166
0.538908
1.09704
0.634701
0.643919
0.989979
0.767178
0.512836
0.672465
0.643871
0.746333
0.638588
1.01022
0.530412
0.501438
0.286226
0.759874
0.246504
1.30564
1.09482
0.5715
0.582899
1.1586
0.863485
0.177077
0.985311
0.490401
1.27296
1.19445
0.776815
0.43741
0.708773
0.417806
0.754024
0.742105
1.07665
0.514931
1.15069
0.931225
0.801287
0.411015
0.928021
0.507909
0.432374
0.41593
0.991402
0.628102
0.797737
0.873983
0.505467
0.883981
0.713654
0.493769
0.847221
0.889776
1.04439
1.02409
0.23864
0.615423
0.726207
0.275356
0.659754
0.566538
0.688055
0.882875
0.478253
0.842446
0.385898
0.834318
0.89036
0.782732
0.729225
0.880458
1.17734
0.895339
0.604902
0.589602
1.04984
0.833365
0.785394
0.388266
1.20713
0.629745
0.831336
0.259637
1.14382
0.897769
1.43431
0.699392
0.906881
1.04912
0.780729
0.708093
0.929948
0.424241
0.39253
0.600402
0.869934
0.763428
0.99499
1.10566
0.396174
0.25659
0.335367
1.13142
0.774762
0.874271
1.04365
0.538109
0.663492
0.874912
0.786717
0.455528
1.12223
0.434757
0.285158
0.210971
0.748689
0.747453
0.446968
1.0815
0.473062
0.200555
0.591839
0.744165
0.202114
0.47913
0.850837
1.18632
0.877232
0.43072
0.666927
0.603359
0.594246
0.750202
0.240375
0.827679
0.442367
0.939163
0.977266
0.813729
1.18141
0.997482
0.289655
0.588935
0.624066
0.99028
0.84158
0.490125
0.791754
0.999613
0.701626
0.964368
0.618355
1.20117
1.18201
0.699267
0.758678
0.951491
0.563827
0.631651
0.780653
1.03025
0.730922
0.354924
0.409985
0.246686
1.04222
0.879872
1.05835
0.656944
0.414459
0.944134
0.856447
0.888418
0.36437
0.643431
0.908773
0.227933
0.753101
0.552813
0.707923
0.446885
0.748154
0.633419
0.946622
0.888668
0.726358
0.584347
0.264031
0.368444
0.469937
0.932002
0.548837
0.734642
0.958067
0.703009
0.857452
0.430122
0.664954
0.718667
0.980238
0.914346
0.653258
0.471008
0.369786
1.13655
0.668392
0.511829
1.02098
0.340155
0.732469
0.582565
0.56156
0.573967
0.607518
0.331211
0.918743
0.514134
0.903531
0.589665
0.366372
1.24165
1.0497
1.24035
0.550091
0.706108
0.826185
0.296567
0.938019
0.401408
0.840335
1.19801
0.59427
0.741655
1.00129
1.18554
1.25341
1.14026
0.701163
1.36687
0.333847
1.08201
0.350232
0.764235
1.14961
0.625158
0.626258
0.439383
0.78225
0.754943
0.858981
0.530623
1.19358
0.575826
0.249805
0.610139
1.07076
0.387143
0.592536
0.950757
0.67417
0.5917
0.966708
0.593588
0.395823
0.450595
0.47742
0.715537
0.935226
1.0432
0.456105
0.802512
0.469283
0.902176
0.804802
0.561104
0.797385
0.567694
0.625241
0.298472
0.650088
1.0179
0.516178
0.660478
0.577165
0.744916
0.889087
0.774344
0.850188
1.27383
0.696067
0.625181
0.923883
0.8963
0.797093
1.07433
0.339123
0.651001
0.367748
1.10501
0.545017
0.459591
0.6889
0.429317
0.893729
0.637497
0.642428
1.01151
0.881687
0.333728
0.518072
0.955008
1.21542
0.427102
0.675067
1.29796
1.24845
0.667423
0.94179
0.959485
0.563539
0.436217
1.23939
0.687285
0.60149
0.928382
0.789497
0.46563
0.640628
0.647216
0.708669
0.78523
0.108135
0.659123
0.174256
0.888534
1.03313
0.849251
0.916303
0.509975
0.788694
0.558744
0.402195
1.12749
1.23376
0.447694
0.270771
0.762711
0.422783
0.592497
0.913597
0.475447
0.273349
0.616158
0.17784
0.479118
1.20281
0.375596
0.70766
0.632028
0.931676
0.597836
0.448789
0.658843
0.959163
1.03201
0.447934
0.667542
0.716442
1.15713
0.93925
0.539493
0.639214
0.731337
0.983285
0.872207
0.456708
0.766221
0.632717
0.810286
0.835181
1.01026
0.720349
0.132423
1.13821
1.20431
0.678214
0.374686
1.17429
0.471663
1.29301
0.596098
0.69891
0.920161
0.821252
0.741043
0.754117
0.573262
1.03002
1.27443
0.638183
1.01001
0.943183
0.501822
0.522247
0.779873
0.293685
0.732861
0.319291
0.767052
0.574254
1.05194
0.277175
0.507788
1.13435
0.795772
0.761727
0.456046
0.838595
0.253887
0.758932
0.340703
0.905334
0.632324
1.07791
0.884032
0.523703
0.399822
0.88802
0.415071
0.627429
0.377731
0.40418
0.594381
0.886236
0.689384
0.375698
0.367625
0.574438
0.635318
0.826107
1.03163
0.339226
0.9568
0.87253
0.214206
0.476379
0.272668
0.870386
0.756061
1.17106
0.993073
0.375659
0.440328
0.69801
0.674962
1.13969
0.621973
0.771792
0.297882
1.19162
0.877609
0.444436
0.768205
0.952515
1.1014
0.972028
0.367335
0.961684
0.393956
0.415295
0.554034
1.04476
0.208371
0.379003
0.904691
1.0002
1.02935
0.322828
0.197143
0.384912
0.487615
0.790385
0.55202
0.318461
0.871964
0.422057
1.06834
0.755732
0.962958
0.344923
1.06874
1.00995
1.00029
0.32313
0.771596
0.672458
0.600194
0.646404
1.03571
1.00191
1.06375
0.331578
0.405446
0.285033
0.903748
0.855592
0.334476
0.742789
0.867969
1.17758
0.505941
1.24164
0.979029
0.65674
0.382163
0.309374
0.459677
0.721108
0.719189
1.01523
0.690558
0.721715
0.893862
0.48752
0.58091
0.772789
0.907252
0.6293
0.497188
0.487353
0.230631
0.467048
0.724662
0.878879
1.09078
0.350233
0.960208
1.20337
0.85148
1.20335
0.849765
0.800848
0.691559
0.401648
0.804651
0.639637
0.409273
0.277407
0.907894
1.15436
1.03154
0.934552
0.538197
0.836291
0.46438
0.505955
0.974739
0.513678
0.854015
1.09465
0.569447
0.515489
0.442699
0.783761
0.313469
0.343838
0.955794
0.835551
0.61266
0.782124
0.764265
1.10092
0.391553
0.662445
0.93614
0.394017
0.833222
0.170411
0.914329
0.750433
1.00858
1.08733
0.732596
0.920162
0.926595
0.7608
0.762917
0.623145
0.455025
0.671385
0.644954
1.09946
0.720846
0.274416
0.435215
0.355539
0.429176
0.850945
0.951937
0.217696
0.479618
0.524817
0.721131
0.627104
0.630669
0.521921
0.706339
0.743896
0.613397
0.265297
0.507855
0.828579
0.799752
0.775623
0.676159
0.437759
0.308705
0.326063
0.755243
0.899562
0.525223
0.50172
1.05287
0.360347
1.27062
1.26231
0.367041
0.556434
0.503549
0.701682
0.345437
0.709237
0.653408
0.131808
0.827724
0.426228
0.450346
0.288931
0.856445
0.847331
0.919933
0.865184
0.608357
0.568484
0.993618
0.257924
1.20501
0.636697
0.651542
1.19052
0.396852
0.566559
0.597448
0.663748
0.185211
0.441222
0.672619
0.597057
1.08905
0.798541
0.467993
0.561091
0.297279
0.259053
1.0589
0.462885
0.838346
0.599017
0.820076
1.01501
0.502535
0.663844
1.08492
0.978742
0.545492
0.716417
0.467849
1.04597
1.04594
0.829393
0.592536
0.863021
0.940641
0.378456
0.55704
0.970667
1.34935
0.6021
0.556117
0.529296
0.698937
0.40866
1.05586
1.03172
0.752098
0.629405
0.731799
0.41025
0.885565
0.763252
1.09431
1.09776
1.21063
0.734072
0.779079
0.73768
0.661656
0.568828
0.172413
0.654659
1.14694
1.15665
0.577192
1.11581
0.428834
0.452921
0.426547
0.656442
0.684722
1.18652
0.624834
0.270293
1.07973
0.583188
0.34005
1.00469
0.375749
0.564743
1.19146
0.755023
0.787283
0.834171
0.550411
0.68191
0.975187
0.875111
0.321461
0.514014
0.461845
1.05654
1.12504
0.587394
0.778581
0.834044
0.754403
0.810939
0.969598
0.859889
0.451824
1.15976
1.14815
1.1801
0.658597
0.530104
0.614509
0.437394
0.7589
1.19619
0.856912
0.939903
1.11878
0.636564
0.69251
0.375009
1.05581
0.330114
0.835921
0.896681
1.2024
0.542248
0.444727
0.690882
0.574856
0.920693
0.521583
0.917913
0.491654
1.07646
0.588161
0.927056
0.71095
0.568854
0.560982
0.587353
0.619387
0.504271
0.270026
0.541464
0.47651
1.0477
0.872987
0.952964
1.07871
0.50086
1.079
0.70651
0.368407
0.860436
0.398592
0.524688
0.507468
0.411532
0.994626
0.112421
0.540469
0.135489
0.52567
0.324883
0.592295
1.08073
0.667699
0.438977
0.961147
0.515791
0.257675
1.29501
0.752286
0.495444
0.909148
0.673744
1.07632
0.994461
0.592416
0.758248
0.566347
0.871881
0.753597
0.685788
0.587894
0.649159
1.17263
0.804174
0.670554
0.655131
0.570069
1.22222
0.141128
0.922402
0.329059
0.867267
0.623978
1.06808
0.92379
0.944674
1.02242
0.382586
0.690048
0.623761
0.573676
0.689835
0.379492
0.753033
0.82314
1.05577
0.200035
0.261505
0.974846
1.26847
0.699128
1.29552
1.20542
1.17207
1.07816
0.339423
0.420727
0.796324
0.953925
0.410786
0.624815
0.610952
0.737578
0.434405
0.407502
0.62397
0.663476
0.473191
0.360702
0.95421
0.440977
0.77664
0.449656
0.130519
0.506086
0.941154
0.586563
0.611548
0.0987544
0.901772
1.01814
1.11641
0.484798
1.14754
0.43302
0.723341
0.39922
0.405109
1.33119
1.09759
0.840251
0.994436
1.11204
0.850904
0.272746
0.679221
0.677549
0.841376
0.597411
1.06758
0.985565
0.836582
0.725601
1.27546
0.740822
0.610243
1.19706
1.08039
0.601636
0.830496
0.674115
0.840499
1.0344
1.06618
0.899678
0.518348
0.393346
1.21082
1.17028
0.179935
0.189383
0.782334
1.14142
0.924986
0.656425
0.675331
0.933662
0.643457
0.519935
0.795316
1.23296
0.83384
1.1009
0.41243
0.339379
0.518076
0.980347
0.701966
0.766277
0.704192
0.189964
0.801648
0.767211
0.269702
0.638419
0.543592
0.986465
1.0588
0.508515
0.5566
0.607499
1.0389
0.740159
0.542789
0.676392
0.773575
0.688418
0.434952
0.578886
0.267843
0.666588
1.00131
0.377599
0.585748
0.682819
1.10992
0.646674
1.182
0.868493
0.93737
0.957156
0.687128
0.877398
0.626854
0.42461
0.717762
0.764561
0.441496
0.577837
0.639241
0.92567
0.247758
0.47121
0.306216
0.557613
0.893003
0.6004
0.746195
0.450459
0.29791
0.910492
0.399386
0.464615
0.924187
0.868293
0.880407
0.296096
0.712845
0.194513
0.687584
0.917904
0.464438
0.485387
0.367825
0.891221
0.786137
0.775884
0.903675
0.458633
0.632432
0.872193
0.732595
0.53164
1.23488
0.376206
1.01355
0.900059
0.825341
0.607708
0.346539
0.56986
0.786289
0.607917
0.524131
0.37331
0.774132
0.800456
0.585185
0.505594
0.414207
0.501321
0.587064
0.652492
0.808116
0.919176
0.483629
0.532602
0.960066
0.67442
0.370664
0.686737
1.40231
0.667409
0.545179
0.457742
0.803118
0.713094
0.411221
0.694044
0.362955
0.412294
0.797371
0.401187
0.682213
0.510129
0.540441
0.924974
0.712427
0.977622
1.00933
0.824459
1.0316
0.706309
0.864318
0.834878
0.985034
0.8432
1.06945
0.739662
0.386772
0.636564
0.525511
0.416257
0.635036
0.430986
0.253359
1.0343
0.573635
0.386178
0.585158
1.37293
0.649898
0.517545
1.28091
1.18991
0.356497
1.16622
0.749678
0.520658
0.320206
0.791163
0.612149
0.586734
0.758175
1.14133
0.726822
0.940775
0.501377
1.18424
0.474705
0.459135
0.662518
0.236378
0.3096
0.580481
0.930399
0.303981
1.03706
0.575278
0.603567
0.557997
0.68151
0.770587
0.248616
1.35344
0.380544
1.08648
0.772342
0.966192
0.502214
0.38677
0.429423
0.302085
0.818665
0.701816
0.414502
1.35671
0.772994
0.390384
0.843793
0.706194
0.74726
0.650966
0.963292
0.607873
1.20258
1.20697
0.822506
0.133232
1.22932
1.10831
0.875187
0.77279
1.16593
1.21214
0.843966
0.68344
0.36874
1.09377
0.523666
0.655018
0.729294
0.322549
1.13218
0.88199
0.542114
1.01086
0.931346
0.823777
0.619913
0.84453
1.07135
0.38522
0.838265
0.181762
1.00859
0.454907
0.386259
0.921653
0.956702
0.696781
0.505526
1.02763
0.526777
0.552203
0.711042
0.605909
0.361451
0.432995
0.978577
0.763804
0.976432
0.728789
0.53119
0.581876
0.764067
0.485472
0.855858
1.31081
0.3289
0.49589
0.763998
0.368959
0.764569
0.555446
1.1792
0.856472
0.29485
0.905342
1.09972
0.681955
0.674971
0.537106
0.497292
0.308146
1.229
0.701758
0.195672
0.416236
1.1602
0.529599
1.12948
0.102238
1.04934
0.754871
0.820732
0.80277
1.09691
0.807634
0.481144
0.227623
0.980493
0.784185
0.688518
0.564134
0.584878
0.351445
0.876528
0.649695
0.394186
0.733999
0.491978
0.483906
0.479014
1.12075
0.598566
0.902438
0.267472
1.06647
0.913444
1.23632
0.49622
0.543731
0.487342
1.24802
0.292233
0.419814
0.927746
0.415001
0.659694
0.325152
0.495683
0.709319
0.831546
0.938856
0.489989
0.631353
0.364581
0.804761
0.875657
0.436975
0.182063
0.691312
1.21813
0.682983
0.602452
0.416695
0.252221
0.404127
0.654791
0.342122
0.789372
0.387632
0.812985
1.02226
0.224582
0.231879
0.602925
0.419222
0.458401
0.395345
0.629646
0.990034
0.803156
0.972292
0.679916
0.869904
0.850564
0.32074
0.577933
0.72849
1.16403
0.848787
0.95285
0.75889
0.716195
0.630853
0.769006
0.499285
0.685203
0.49952
0.294907
1.12928
0.71118
0.704417
0.921453
1.1579
0.601333
0.703056
0.737273
1.32224
0.865908
0.666815
0.332945
1.06059
0.629487
1.20828
1.0934
0.573703
1.23749
1.29945
0.625736
0.831692
0.271473
0.769788
0.861398
0.493733
0.758207
1.15885
0.73584
1.27863
0.946678
0.964838
0.88307
0.858688
0.664873
0.557526
0.412047
0.484011
0.529817
0.419316
0.937847
0.989583
0.69981
1.04807
0.995722
1.0226
0.905496
1.22347
1.41519
0.851925
0.839617
0.736822
0.894043
1.08923
0.846592
0.752487
0.541613
0.539144
0.431889
0.58207
1.28786
0.359629
0.378587
1.10676
1.03574
0.391679
0.356857
0.226799
1.43694
0.767722
1.42209
0.895944
0.906344
1.35031
0.667517
0.767064
0.187931
0.966306
0.886842
0.256732
0.654799
0.973753
0.542473
0.541803
0.539721
1.26801
1.11622
0.638699
0.732865
0.341854
0.5303
1.30294
0.426146
0.587053
0.926976
0.558023
0.710529
0.638883
0.481884
0.944463
0.864493
1.1751
1.28693
0.994019
0.556361
0.627932
0.593937
0.523663
0.22778
0.29001
0.852318
0.589713
0.346713
0.860156
0.44303
0.909235
0.81387
1.016
1.01674
0.923973
0.59584
0.945799
0.324095
0.815891
0.536617
0.288196
0.50244
0.437911
1.28217
0.542053
0.981331
0.665083
0.609564
0.868684
0.493699
1.10275
0.761941
0.668526
0.945104
0.866368
0.878554
1.01361
0.775528
0.802822
0.910115
0.57537
0.277548
0.455528
0.744378
1.03344
0.825701
0.837089
1.01676
1.19881
0.808126
1.07393
1.26516
0.124819
0.933858
0.857126
0.215679
0.779471
0.642693
0.559001
0.693132
0.782246
1.15953
0.738283
0.809025
0.512874
0.817574
1.05432
0.366842
0.706549
0.201118
0.528439
0.466662
0.983946
0.822027
0.669517
0.980345
0.380831
0.335541
0.388088
0.777695
0.498395
0.206155
0.529701
1.2943
0.35433
0.901483
0.541798
1.12849
0.920326
0.402681
0.82838
0.226659
1.11475
0.0980003
0.715788
0.638745
0.918422
0.757974
0.943786
1.17424
0.699928
0.985843
0.570387
0.383805
0.642139
0.643532
1.11704
0.360429
0.163659
0.879448
0.66449
1.15431
0.828136
0.948343
0.997463
0.693366
0.233004
0.547982
0.556452
0.375978
0.886775
0.668378
1.07664
0.574023
0.668427
0.757578
0.662817
0.51357
0.810368
1.00512
0.785637
0.604318
0.723457
1.36608
0.892764
0.735216
0.774528
0.830645
0.463638
0.507419
0.766887
0.97956
0.961106
0.692191
0.327185
0.369462
0.318503
0.741094
1.1106
1.12688
1.08907
0.500037
0.101115
0.648727
0.800778
0.477251
1.06012
0.56258
0.668296
0.768565
1.09565
1.10335
0.741505
1.07394
0.664154
0.299905
0.957959
0.791999
0.740341
0.53093
0.307585
0.865587
0.661218
0.454085
0.684951
0.378214
1.18115
0.526849
0.480392
0.881408
0.417153
0.756733
0.647119
0.57764
0.773489
0.432207
0.465911
0.351719
0.993202
0.762868
0.687551
0.940188
0.292121
1.02701
0.394325
0.623461
0.509944
0.699723
0.29562
0.723183
0.678411
0.561418
0.444306
0.526224
0.998295
0.744006
1.15779
0.910963
0.287035
0.683703
1.0667
0.442163
0.63247
0.828345
0.602274
0.655391
1.21155
0.535187
0.949888
1.33377
0.521816
0.12605
1.21506
0.458624
0.168757
0.544205
1.32201
0.958781
0.497014
0.796912
0.742125
0.567627
0.750455
0.631532
1.0788
0.51581
0.460378
0.726849
0.577689
0.567404
1.10044
0.814549
0.272101
0.643001
0.505139
1.191
1.29907
1.26728
0.769353
0.932799
0.329772
0.791569
0.383479
0.495154
0.732997
0.500247
0.699468
0.677576
0.606897
0.679701
0.229719
0.630275
0.679896
0.649787
1.28553
0.96044
0.486709
0.520528
0.571841
0.966081
0.319301
0.569937
1.14371
0.940707
0.532582
1.37116
0.781575
0.642253
0.76123
0.546375
1.08885
1.21564
0.700979
1.29127
0.686489
0.567231
0.472074
0.974752
1.30749
0.840312
0.313432
0.842633
1.04483
0.560457
0.945786
0.52829
0.962863
0.656382
0.788801
0.492694
0.252765
0.688825
0.354369
1.13279
0.991876
0.722592
0.7393
0.918032
0.697006
0.426362
0.264843
0.831333
0.684207
0.689
0.897025
0.529853
0.331337
0.859484
0.701367
0.435951
0.651136
0.717542
0.336255
0.78791
0.536122
0.281872
1.03519
0.467537
0.91062
0.577155
0.76909
0.892809
0.290404
0.410286
0.403565
0.625127
0.581291
0.411325
0.382963
1.08161
0.688176
0.968158
0.872422
0.575569
0.677308
0.697105
0.490481
0.389049
0.364883
0.684315
0.713709
0.643467
0.637832
0.415948
0.773827
1.10888
0.511633
0.494583
0.848661
0.841494
1.46839
0.960043
0.644668
0.997891
0.694034
0.896673
0.938992
0.843176
0.502654
0.941412
0.684293
0.735938
0.418126
0.940083
1.42585
0.814223
0.957501
0.685937
0.688199
1.20271
0.849289
0.318965
0.92389
0.74663
0.286412
0.896519
0.891864
1.01126
0.881397
0.924749
0.851394
0.735276
0.522537
0.45027
0.912524
0.563206
0.331059
0.627084
0.667779
1.00978
0.895424
1.22784
0.565784
0.872666
0.687075
0.61342
0.343211
0.683107
0.485692
1.11433
0.245189
0.731659
0.727032
0.978978
1.01758
0.427856
0.617321
0.711231
0.15674
1.18036
0.564758
0.448539
0.691957
0.689566
0.541589
0.851722
0.847775
0.876844
0.396196
0.957571
0.850442
0.399226
0.559903
0.433807
1.08429
0.641991
0.655114
0.635955
0.215565
0.904972
0.482756
0.61267
1.0664
0.625565
0.374652
0.356991
0.956
1.16742
0.6351
0.954254
0.983855
1.02139
0.918281
0.612127
0.346612
0.912103
0.891074
0.62426
0.591038
1.05469
0.888297
0.635731
0.433345
1.24501
0.725655
0.844502
0.534247
1.06323
0.568999
0.651139
0.827355
0.717228
0.880774
0.736793
0.638187
0.466727
0.797491
0.420195
0.245948
0.669373
0.731835
1.17024
0.473609
1.05594
0.357273
0.58452
0.790813
0.723834
0.967271
0.602574
0.6332
1.22783
1.00373
1.25616
0.475411
0.875181
1.04309
0.221185
0.600472
0.765033
0.88991
0.143212
0.344173
0.767857
0.563359
1.04212
0.760104
0.642089
0.960869
0.717452
0.98555
0.470651
0.812261
0.639407
1.1793
1.06305
1.04521
0.794805
0.462954
1.24207
0.985068
0.584125
0.956327
0.774843
0.587979
0.588209
0.775624
0.420392
0.50745
0.939478
1.32373
0.74439
0.390342
0.484741
0.594392
0.52008
1.03759
0.82445
1.0201
0.770554
0.806843
0.953683
0.945078
0.0655706
0.478439
1.1365
0.846999
0.993217
1.13995
1.29728
0.664386
1.11309
0.838665
0.898144
1.25442
0.929471
1.03149
0.856373
0.824886
0.822928
0.387372
0.821118
1.3458
0.557917
0.57766
0.884278
0.694967
0.48191
1.08156
0.824228
0.61746
1.14481
0.545319
0.222674
0.799688
0.385608
0.83106
0.977391
0.40603
0.621805
0.307272
1.25759
0.659578
0.702817
0.94854
0.683493
1.05748
0.946024
0.413891
0.631977
0.445402
0.792149
0.836261
0.585057
0.418723
0.717938
1.15357
0.578975
0.880594
1.07349
0.731102
0.314715
1.01954
0.892082
0.509147
0.360776
1.00344
0.567524
0.936329
0.931537
0.337088
0.707447
0.564204
0.713939
0.702828
0.787655
0.806073
0.814751
1.26613
0.476914
0.443183
1.17832
0.546186
1.18012
0.108568
0.473159
0.878241
0.367835
0.738178
0.177233
0.961235
0.837632
0.738991
0.514571
0.624674
0.970226
0.718491
0.917998
0.745437
0.676098
0.60146
0.758383
0.56601
1.20277
0.756549
0.649281
0.27919
1.17161
0.748211
0.69885
0.511017
0.451973
0.49576
0.952857
0.73273
1.17256
0.394681
0.459297
0.544136
0.689866
0.720718
0.921245
0.551988
0.993028
0.344837
1.16231
0.57936
1.22731
0.863467
0.878505
1.15509
0.793158
0.739416
0.814305
0.430904
0.97629
0.791076
0.726439
0.14882
0.887263
1.2248
0.949323
0.9807
0.677468
0.924384
0.51815
0.799196
0.45353
0.275565
0.847245
0.842102
1.35728
0.528689
0.909592
0.633624
0.579128
1.13132
1.13397
0.775311
0.636538
1.16716
0.448191
1.03236
1.24907
1.05777
1.27805
0.189188
1.16659
1.25147
0.503705
0.71446
0.361937
0.535885
0.902862
0.605099
0.788107
0.576187
0.462019
1.23997
0.455223
1.45024
0.545951
1.01067
0.515811
0.92385
0.631596
0.775551
0.738136
0.579095
0.512277
1.09235
0.665058
1.17276
0.638994
0.927355
1.02924
0.403759
0.409275
0.456104
0.463141
0.593128
1.09249
0.809432
0.93752
1.19486
1.01661
0.981183
0.991327
0.704528
0.965801
0.409966
0.937229
0.509597
0.457894
0.550324
0.657096
0.801568
0.473692
1.05828
0.444231
1.03921
0.575519
0.401999
0.971057
0.250935
0.327486
0.533597
0.604268
0.98825
1.2589
0.683479
0.49126
0.839997
0.618444
0.870843
1.01028
0.484596
1.19136
0.586545
0.8941
0.572677
0.900804
0.459845
0.865052
0.990582
1.05789
0.625051
0.772999
1.14632
0.621185
0.542231
0.489351
0.410969
0.292184
0.770228
0.843345
0.74575
0.497584
0.654507
0.145899
1.09348
0.580377
0.539922
0.868463
0.255122
0.836377
1.28601
0.643179
0.142571
0.145838
0.422264
0.495445
0.591779
0.847647
0.523711
0.588412
1.02583
0.414989
0.987031
0.86935
0.969456
0.210177
0.890874
0.534622
0.512144
0.407256
0.493584
0.914707
0.891513
0.607839
0.519189
0.284684
1.15443
0.532011
1.10653
0.981628
1.19392
0.518532
1.17701
0.970585
0.593895
0.409638
0.824697
0.44322
0.496133
0.824177
0.56447
0.404938
1.13642
0.515324
0.896298
0.768337
0.951929
0.467878
0.636478
0.653724
0.762845
0.991938
0.55713
0.238108
0.81235
0.554732
1.16345
0.776692
0.661686
0.656503
0.295551
0.98282
0.531874
0.628795
0.527671
0.849813
0.876019
0.571608
0.690542
0.602174
1.19325
0.7167
1.08047
0.972136
0.512626
0.874901
0.893834
0.514798
0.906699
0.738205
0.634364
0.877086
0.687719
0.650918
0.451053
0.516815
0.578092
0.322072
0.305835
0.337169
0.40961
0.554959
0.880461
0.963525
0.665275
1.06768
0.640016
0.816007
0.240822
0.817631
0.420629
0.413082
0.495679
0.813077
1.02803
0.461014
0.74174
1.05783
1.01235
0.613239
0.939722
0.658463
0.628042
0.313984
0.130828
1.06693
0.698672
0.444759
0.355616
0.437779
0.83438
0.826299
0.820102
0.202836
0.978552
0.783338
0.715877
0.627027
0.739318
0.669287
0.903617
0.535773
0.226776
0.470622
0.584553
0.294598
0.662032
0.447503
0.810151
1.00469
0.153926
0.722905
1.00099
0.917034
1.11899
0.531151
0.92352
0.831259
1.17004
0.807188
0.318922
0.414915
0.847867
0.899389
0.552388
0.304647
0.894892
0.551813
0.44155
0.958033
0.865884
0.461768
0.941386
1.02196
0.582425
1.1272
0.317986
0.271764
1.22679
1.0786
0.654921
0.490786
0.787027
0.735244
1.2473
1.07794
0.467135
0.538
0.791186
0.925236
0.839616
0.175882
0.987094
0.801304
0.66504
0.83221
0.901913
0.665747
0.563303
0.489162
0.632519
0.528833
0.471765
0.397761
0.463759
0.935589
0.902341
0.798822
0.459952
1.06046
0.881854
0.473459
0.496162
1.02747
0.811938
0.714828
0.774681
1.0291
0.701289
0.538914
0.681748
0.84663
1.01778
1.15995
0.775914
0.937224
1.08753
0.510178
0.736635
1.02163
0.583531
0.779203
0.222601
1.03838
1.26088
0.430699
0.682349
1.15406
1.12908
0.5491
0.535402
0.645305
1.01635
0.972983
0.285826
0.929145
1.23102
0.762658
0.668031
0.269156
0.762042
0.400882
0.538534
0.599677
0.541653
0.610633
0.755483
0.6913
0.344228
0.458462
0.328438
0.394652
1.29096
0.97797
0.536396
0.286957
0.578072
0.780105
0.632505
0.846959
0.534487
0.87753
0.505384
0.672113
0.685094
0.833175
1.09094
0.495694
0.702353
0.602964
0.498203
0.871586
0.550111
0.70614
0.782338
0.725177
0.505814
0.760997
0.970196
0.709327
1.13437
0.8667
0.500524
1.09616
0.825412
0.525385
0.468758
1.12696
0.510967
0.842813
0.919284
0.455062
0.860656
0.618762
0.38146
0.75202
0.746233
0.904123
1.12148
0.419599
0.533848
0.400881
0.590833
1.29276
0.448911
0.992456
0.787626
0.757701
0.761885
1.01461
0.720562
0.727043
0.488073
0.421754
0.298152
0.506202
0.739443
0.579361
1.02003
0.861573
0.996534
1.12423
0.625944
0.856048
0.70197
0.429182
1.01462
0.261481
0.43734
0.977429
0.854109
0.281684
0.897736
0.577981
0.295105
0.559835
0.415441
0.347472
0.47115
0.523975
0.736965
0.829826
1.00933
0.83726
1.09502
0.585393
0.649088
0.578675
1.23334
1.28425
0.988615
0.867965
0.320497
0.371648
0.369992
0.242459
0.825865
0.553858
0.399049
0.928634
0.318142
1.09067
0.431725
0.494083
0.563366
0.874312
0.706341
0.516619
0.727727
0.815796
0.576988
1.20083
0.910655
0.70346
1.12471
0.772313
1.09881
0.709055
1.19012
1.11681
0.758609
0.97527
0.664639
0.472445
0.555857
0.785721
0.716927
0.743595
0.56659
0.744779
0.686167
0.636706
0.607327
0.951475
0.670034
0.63009
0.56108
0.468244
0.827465
0.485639
0.853015
0.756547
0.618208
1.07571
0.84628
0.877588
0.786424
1.01053
0.711796
1.35967
1.15757
0.446932
0.451756
0.77065
0.512092
0.98447
0.975024
0.167164
0.659467
0.789544
0.413854
0.669302
0.757991
0.408832
1.25191
0.606799
1.23763
0.735832
0.947211
0.620922
0.632293
0.814387
0.425233
1.05439
1.00518
0.720129
0.416643
0.23805
0.730429
0.735313
1.20237
0.60954
0.99162
0.751515
0.824051
0.242987
0.730628
0.34387
0.780627
1.01591
0.43175
1.07577
0.737177
0.620374
1.02462
0.664151
0.344129
0.306363
1.07498
0.863332
0.756409
0.665697
0.498514
0.901567
0.678069
0.521884
0.769146
0.91475
0.431387
0.642264
0.361198
0.779224
1.17166
0.710802
1.10149
0.537212
0.980435
1.26603
0.51939
1.42185
0.547871
0.790116
0.220823
0.835277
0.606087
0.773164
0.975639
0.695357
0.636594
0.571235
0.603245
0.355915
0.519338
0.472458
0.565155
0.612958
1.06404
0.668706
0.247891
0.84394
0.882024
0.850399
0.574081
1.02099
0.482311
1.03349
0.259941
0.913406
0.665601
0.81248
0.868858
0.806253
1.2934
0.469916
0.884358
0.959945
0.847119
0.845003
0.527195
0.837328
0.502445
0.446136
1.04022
0.438927
1.12067
0.641977
0.619318
0.929184
0.496767
0.123382
0.985213
1.4839
1.00641
0.468655
0.812288
0.703009
0.88116
1.33129
0.689432
0.468416
0.655852
0.410172
0.496629
0.673424
0.785542
0.847231
0.912862
0.74864
0.630635
0.580618
0.311621
1.00265
0.293709
0.707391
0.42316
0.636784
0.813537
1.01543
0.246054
0.705466
0.862797
1.02031
0.483233
1.14407
0.543689
1.12387
0.518291
0.690917
0.880149
1.12411
0.832828
0.768153
0.415009
0.792841
1.1217
0.549486
0.469084
0.590177
1.04867
1.18647
0.527637
0.404817
0.99096
0.972405
0.488817
0.524843
0.475777
0.757878
0.958129
0.655033
0.897534
0.905812
0.56597
0.463611
0.888845
0.977916
0.769409
0.337869
0.53932
0.45036
0.646671
0.516876
0.762233
0.849747
0.209964
0.510475
0.659651
0.573632
0.468072
0.422077
0.837351
0.723876
0.67775
0.500926
0.624979
1.026
1.09009
0.550146
0.772968
0.345859
0.469423
0.471097
0.920318
0.352015
0.794746
0.776346
0.481635
0.590198
0.4471
1.15146
0.834259
0.936982
0.605466
0.245926
0.53269
0.339794
0.465874
0.531321
0.988305
0.517775
1.43075
0.506414
0.304127
0.794817
0.486828
0.393812
0.98697
0.827225
1.20561
0.488449
0.543017
0.206875
0.814461
0.601054
0.766097
1.07643
0.461375
0.402286
0.726487
0.37071
0.266899
0.860375
0.775755
0.910491
0.518404
0.522975
0.535315
0.487133
0.787815
0.771767
0.566808
1.1583
0.492211
0.233864
0.477211
0.864203
0.622438
0.525767
0.619781
0.0993543
0.958565
0.802803
1.03649
1.09739
0.619393
0.950911
0.886673
0.782458
0.221648
0.725395
0.798607
0.455251
0.214688
0.213658
0.909072
0.351538
0.871634
0.694386
0.602548
0.306945
0.521249
0.682103
0.746168
0.754142
0.795742
0.577694
0.978953
0.578882
0.526516
0.719005
1.04773
0.932144
1.44365
0.716378
0.905979
0.840179
0.712827
0.684205
0.685558
0.639434
0.790728
0.715461
0.711114
0.9922
0.32836
0.629607
0.335696
0.683954
0.810364
0.678006
0.810716
0.776386
0.774613
0.835283
0.635553
0.331293
0.330914
0.636421
0.507624
0.567007
0.757005
0.577297
0.963176
0.788202
0.26677
0.35353
0.432023
0.104647
0.77328
0.631914
0.418095
0.884796
0.779811
0.948342
0.732299
0.715413
0.666533
0.340394
0.758096
1.03902
0.785221
0.21607
0.607337
1.22265
0.187997
0.601987
1.03348
0.540484
0.315532
0.54455
0.926962
1.02314
1.33037
0.769484
0.771713
1.15917
1.2826
0.664672
0.593452
0.540965
0.606581
0.519853
0.937966
0.738137
0.712035
0.861881
1.03322
0.314862
0.84162
0.85907
0.69388
1.0642
0.936008
0.486475
0.467817
0.873952
0.589702
1.04584
0.903335
0.297607
0.535335
0.899596
0.605321
0.483541
0.507104
0.66178
0.715298
1.17152
0.282686
1.02745
1.1519
0.608366
1.09843
0.511367
0.568934
0.486037
0.981079
0.239276
1.0692
0.994347
1.01187
0.902635
0.371737
0.896151
0.968819
0.43101
0.620418
0.495811
0.271343
0.374771
0.713274
0.667411
1.05442
1.09023
0.568792
0.262894
0.952132
0.440362
0.935251
0.734603
0.593832
0.942825
0.740682
0.551803
0.744865
0.980076
1.20532
0.767415
0.705031
0.595809
1.00936
1.21169
0.665607
0.69156
0.774617
0.468885
0.655547
1.288
0.738241
0.504355
0.629736
0.779891
0.702843
0.913414
0.525704
1.08849
0.56093
0.709282
0.50315
0.753193
0.662891
0.849193
0.817364
0.643503
0.803285
0.697249
1.32981
0.595195
0.781258
0.356856
0.568536
0.89353
0.859486
0.840245
0.543072
0.975514
0.917913
0.543454
0.408404
1.19953
0.476095
0.15911
0.704993
0.957336
0.966972
0.726351
0.855123
0.69687
1.11866
1.0943
0.820852
0.417337
0.939239
0.226103
0.441407
0.737109
0.743035
0.76264
0.59652
0.518107
1.25871
0.825262
1.23461
0.443959
1.11005
0.723263
1.00371
0.676864
0.878841
0.745178
0.85211
0.313933
0.775071
0.704157
0.645203
0.499875
0.565203
0.712248
0.84698
1.05417
0.268934
0.437094
0.9167
0.713929
0.684893
0.969939
0.882096
0.732089
0.372131
1.09205
1.23472
0.648876
0.45841
0.738182
0.457001
1.34792
0.817212
0.680196
0.928862
0.633036
1.10681
0.57449
0.391196
0.719134
0.411155
0.716496
0.824752
0.431112
0.352583
1.06889
0.761409
0.371422
1.36341
0.631593
0.420303
0.444021
0.611851
0.219856
0.709363
0.563826
0.648697
0.101948
0.41105
1.19498
0.938193
1.13306
0.989033
1.19453
0.747955
0.90519
0.465431
0.873698
0.727353
0.425265
0.606797
0.96016
0.456595
1.04285
0.56592
1.28975
0.5724
0.536571
1.25085
0.916406
0.742533
0.791135
1.16803
0.767188
0.643965
0.562427
0.89069
0.526803
0.354525
1.02767
0.638896
0.747821
0.598435
0.66685
0.953654
0.394191
0.758951
1.14016
0.778719
0.700865
0.28936
0.771123
0.622062
0.0827534
0.556371
0.544739
0.643861
0.655326
0.54082
0.845919
0.334795
0.792173
0.514172
1.09885
0.848021
0.724214
0.772298
0.691361
0.613629
0.862558
0.569341
1.00008
0.684174
0.436304
0.98811
0.379369
0.802297
0.738095
1.13429
1.02513
0.862887
0.756993
0.56333
0.457449
0.468871
0.719649
0.625012
1.0357
0.985941
0.652441
0.744375
0.436039
0.659563
0.842044
0.836692
0.403486
0.636798
0.464247
1.28827
0.8147
1.08428
1.29136
0.278443
0.982879
0.76937
0.784614
1.07394
1.15605
0.46384
1.32763
0.887852
0.732517
1.08997
0.502276
0.620232
0.865651
0.896869
0.522144
1.10571
0.629485
0.62675
0.464536
1.20804
0.505112
0.884297
0.942574
0.949954
0.932365
0.259861
0.679521
0.964068
0.838148
0.588431
0.654581
0.932193
0.284601
1.02198
0.403016
1.09527
1.07089
0.738183
0.70961
0.632975
0.62405
0.803223
0.679108
0.783063
0.979601
0.831885
0.485266
0.81513
0.954032
0.273144
0.765556
0.90997
0.71725
0.542281
0.337163
0.995671
0.88773
0.760385
1.21907
0.672159
0.8222
1.12732
1.21943
1.0185
1.20526
0.634586
0.996793
0.882105
0.640074
0.597041
0.640709
0.817393
0.355889
0.158389
0.329575
0.630505
1.05301
0.459897
1.03539
0.585124
0.899743
0.703636
0.468208
0.390827
0.263807
1.35182
0.786214
1.00722
0.444467
0.837701
0.755844
0.529152
1.24052
0.465702
0.899994
1.2865
1.27725
1.00945
0.864055
0.798323
0.414289
0.559328
0.465705
0.392083
0.801217
0.434715
0.324665
0.542904
0.19766
0.532874
0.350537
0.490528
0.567071
0.861735
0.770479
0.569779
0.735335
0.470879
