0.242784
0.510969
0.575171
0.858521
0.126827
0.561823
1.13055
0.345308
0.465506
1.19356
0.845267
0.816711
0.471969
0.50297
0.469059
1.01989
1.02997
1.44555
0.461044
0.510687
0.330941
0.469526
0.733852
0.707581
0.348952
0.801279
1.06096
0.604696
1.03403
0.632694
0.590196
0.241717
0.612224
0.999524
0.574022
0.319865
0.634935
0.4938
1.20012
1.075
1.20375
0.951132
0.528223
0.480634
0.614604
1.22095
0.812213
0.827428
0.745659
0.824484
0.433163
0.678982
0.786231
0.598959
0.967999
0.811302
0.69598
0.564288
1.04399
0.734942
0.567332
0.658909
0.277688
0.726232
0.48085
0.595807
0.906957
0.865001
1.01407
0.717124
0.704726
0.980834
0.802756
0.46447
0.0909775
1.29138
0.716263
0.801208
0.551803
0.693336
1.07381
1.12298
1.00058
0.925361
0.842174
0.968277
0.8921
0.56479
1.2781
1.22261
0.273529
0.283463
0.390277
0.578409
0.282223
0.805864
0.832916
0.452474
0.497492
0.456317
0.838017
0.851231
0.776086
0.346387
0.774952
0.769904
1.09879
0.641554
0.654287
1.11631
0.525809
1.16122
0.447105
0.810435
0.806839
0.47148
0.550937
0.973639
0.930102
1.13499
0.575113
0.95653
0.525986
0.548675
0.450633
0.900292
0.984793
1.3093
0.150677
0.745853
1.28866
0.744452
0.59752
0.845368
0.877736
0.91247
0.762612
0.938768
0.42886
0.729632
0.751423
0.691464
1.11434
0.79561
0.403964
1.19324
1.27096
0.91027
1.23709
0.430204
1.2992
0.397789
0.841159
0.721206
0.603723
0.440769
1.02212
0.958574
0.922683
0.454758
0.346142
0.419976
0.511414
0.628779
0.794792
1.18384
1.20337
0.685282
0.824983
0.67445
0.749447
0.757312
1.05461
0.415976
0.355277
1.06548
0.743352
0.866581
0.454692
0.817673
0.486959
0.75919
0.873362
0.932073
0.609763
0.269771
0.934315
0.417705
0.882698
1.22523
0.458817
0.87832
0.452366
1.32275
1.11855
0.537611
0.373707
0.378834
1.08777
0.628797
0.8539
0.881929
0.719037
0.574446
0.732893
0.73632
0.377719
0.785276
0.388436
0.884744
0.734076
1.12079
0.910549
0.451171
1.18746
0.538572
0.664542
0.773684
0.455783
0.531524
0.861709
0.729578
0.35537
0.969346
0.384128
1.08296
0.316014
0.537962
0.444764
1.15393
0.702021
1.05215
0.537505
0.928487
0.7932
0.797305
0.707398
1.07743
0.678018
0.371539
1.24374
0.566928
1.1414
0.42568
0.890479
0.731264
1.195
0.281702
0.96634
0.732865
1.30664
0.254732
0.822478
0.663737
1.13121
0.243385
0.856128
0.64086
0.40241
0.729101
0.671204
0.896745
0.7058
0.560395
0.425768
0.422223
1.16757
1.04211
0.538198
0.458364
0.674112
0.602987
0.549457
0.670999
0.925943
0.710242
1.06876
1.06107
0.796636
0.517489
0.803129
0.620701
0.655786
0.753277
1.00862
0.947804
0.795692
0.31576
0.025396
0.961444
0.639204
0.641526
0.650825
0.821219
0.575926
0.768974
0.859322
1.28126
0.143261
0.491971
1.2544
0.642811
1.09573
0.552808
0.490245
0.536362
0.751088
0.752717
0.526466
0.517979
0.290027
0.951109
0.945667
0.679632
0.270938
0.559814
0.255386
0.929735
0.917286
0.718562
1.11592
0.947489
0.50824
0.432988
0.30404
0.486363
0.859385
0.350673
0.62225
1.00385
0.702516
0.461195
0.783836
0.786023
1.00671
1.1536
0.669519
0.823704
1.01643
1.18881
0.654617
1.02929
1.09649
0.770721
0.992791
0.992101
0.719981
0.674853
0.335567
1.23283
1.02063
0.975265
0.957463
0.43415
0.809187
0.598642
0.780914
0.806635
0.512584
1.31564
1.01833
1.07622
0.603577
0.470286
0.664896
0.320154
0.207131
0.360328
0.534103
0.312615
0.584124
0.546727
0.956745
0.779815
0.525263
0.564113
0.971824
0.363085
0.321877
0.858589
0.83064
0.730707
0.710648
0.714417
0.44366
0.375579
0.661679
0.883384
0.662983
0.4968
0.563792
0.156968
0.74526
0.655977
0.602858
0.977856
0.553303
1.10729
0.669296
0.816426
0.590631
1.09117
0.419565
0.880263
0.600543
0.810749
0.671927
1.09657
0.581403
0.414067
1.21566
0.306092
1.21434
0.507139
0.956841
0.330826
1.37249
0.74328
1.15852
0.731013
0.771693
0.460787
1.06687
0.434009
0.777341
0.623536
0.854061
0.569563
0.726334
1.05429
0.347022
0.457202
0.85737
0.601482
0.99397
0.464793
0.697599
0.607034
0.573555
0.318312
0.934945
1.02779
1.31627
0.961066
0.511328
0.597438
0.371017
0.829001
0.863275
0.258174
0.592418
0.464941
0.42698
0.803102
1.09052
0.500973
0.864538
0.684143
0.214834
0.958476
0.71081
0.607831
1.22732
0.758746
0.764472
0.747006
0.786425
0.396591
0.717348
1.1823
0.922036
0.357781
0.827118
0.612716
0.436602
0.785172
1.01505
1.26764
1.16345
1.07124
0.970672
0.67764
1.24899
1.09858
0.512721
1.02453
1.07648
0.684
0.675415
0.455092
0.743255
0.893141
0.310976
1.28274
0.0518155
1.09439
0.700155
0.573086
0.763323
0.529245
0.395597
0.546455
0.541597
0.736083
0.695508
0.363709
1.04579
0.410503
0.587902
0.655609
0.48181
0.717089
0.912114
0.777784
0.743771
0.898942
0.484231
1.03038
0.475572
0.395555
0.264322
0.909
0.608968
0.884604
0.975222
0.624928
0.351018
0.781444
0.685215
0.645052
0.545332
0.966381
0.773025
0.663089
1.02396
0.595353
0.689721
0.878801
0.254596
0.314821
0.922113
0.819131
0.306066
0.761917
0.75956
0.488949
0.763721
0.704096
0.534479
0.273164
0.867091
1.03653
0.706676
0.44604
1.30185
0.788222
0.63672
1.05393
0.644197
0.580435
0.377127
0.580625
0.911028
0.755057
0.325087
0.0784766
0.712912
0.981808
0.31189
0.748367
1.01509
0.660022
0.893495
0.383477
0.798892
1.00011
0.382738
0.110936
0.28218
0.212934
0.240533
0.709717
0.458882
1.12108
1.32654
0.537842
0.628864
0.570161
0.954003
0.845555
0.41317
0.624094
0.307395
0.348943
0.731559
0.81398
0.921281
0.338669
0.759276
1.09808
1.02121
0.529665
1.1743
0.366393
0.751948
1.06099
0.755315
0.490353
0.645753
0.311018
0.281921
0.563326
0.786954
0.849768
0.835454
1.16618
0.614892
0.512492
1.09368
0.579855
0.748699
1.05044
0.716095
0.64408
0.955411
0.514241
0.528066
0.389372
0.71392
0.408867
0.702856
0.387978
0.685916
0.20212
0.860482
0.410054
0.625687
0.238917
0.734833
0.647713
0.661864
0.368702
0.958142
0.39844
0.275798
0.278357
0.448728
0.442581
0.397565
0.577915
0.835556
0.448778
0.566343
0.442197
0.865749
0.993713
0.623604
0.748091
1.02108
0.470453
0.84372
0.558953
0.769955
0.702683
0.593714
0.53757
0.99098
0.538345
0.7058
0.4286
0.762757
0.721278
0.72077
0.227776
0.831805
0.22026
0.858587
1.13923
0.903335
0.917771
0.728305
0.415637
0.984998
0.406041
0.86179
0.945781
1.02993
0.552134
0.831069
0.725337
1.05877
0.573417
0.791971
0.407197
0.740013
1.28934
0.835161
1.07381
1.1707
0.403845
0.386915
1.01664
0.61034
1.06671
0.687361
0.53
0.784165
0.592891
0.657068
0.209501
0.659144
0.330934
0.303137
0.333148
1.13873
0.767499
0.530758
0.316355
0.401692
0.277065
0.654524
0.402752
0.409423
0.536199
0.425875
0.619139
0.54962
0.855127
0.841885
0.51102
0.929659
1.48068
1.43106
1.43253
0.605322
1.02171
0.538756
0.984891
0.600777
0.488288
0.63855
0.399738
0.406137
0.844832
0.724897
0.735131
1.1262
0.709634
0.379115
0.452106
0.986719
0.588444
0.323361
0.329217
0.737095
1.06835
1.02678
0.617411
0.85841
1.22752
0.494291
0.594815
0.733996
0.794881
0.695146
0.843873
0.948784
1.26103
0.938161
0.663043
1.05256
0.486548
0.703105
0.460386
0.649842
0.476601
0.926451
0.579565
1.29213
0.901891
1.18766
0.854384
0.516212
0.178395
0.491257
0.625487
0.346365
1.11716
0.440373
0.19826
1.00382
0.334378
0.713094
1.29358
0.646106
1.02895
0.692538
0.794052
0.659194
0.691143
0.617873
0.395805
0.951074
0.781919
0.904596
0.850513
0.486159
0.702317
0.929388
0.666881
0.642874
0.696392
0.408867
0.676077
0.594846
0.19881
0.308587
0.724242
0.755961
0.9053
0.28266
0.716737
0.359765
0.841436
0.779245
0.572741
0.628493
0.744014
0.912694
0.969068
0.975602
0.865785
0.87462
0.245545
1.13302
1.10418
1.07353
0.871431
0.722667
0.448143
0.413488
0.908309
0.670027
1.14219
0.892003
1.02155
0.708059
1.24642
0.860484
0.22746
0.172941
1.24443
0.671409
0.605695
1.23703
1.00452
0.332421
0.378357
0.814819
0.649079
0.526459
0.318767
1.33182
1.08111
0.5044
0.751055
0.441551
0.916352
0.956189
1.05087
0.358011
0.483177
0.912172
0.534429
0.849596
0.55099
0.127992
1.15832
0.613275
1.07286
0.988376
0.864833
0.882821
0.741275
1.1035
0.478615
0.807695
1.31771
1.1738
0.514682
0.413588
0.870529
0.477346
0.815705
0.831381
0.870304
0.788203
0.767089
1.10454
0.562705
1.11515
0.716115
0.880398
0.821684
0.324521
0.181496
0.671513
0.870368
0.781831
0.684665
0.995234
0.632587
1.04574
0.744283
0.187263
0.51876
0.753457
0.516978
0.47408
0.697114
0.844509
0.522743
0.562726
0.35937
0.662521
0.304936
1.04269
0.85232
0.867211
0.291698
1.18228
0.702436
0.951938
0.187589
0.481123
0.811325
0.512302
0.587158
0.124635
1.0766
0.828771
0.795764
0.741039
0.530664
0.244201
0.646179
0.974747
1.11971
1.26088
0.590627
1.22662
0.590914
0.63187
0.941195
0.310872
0.891972
0.211191
0.960129
0.941416
0.120324
0.960995
0.319784
0.318743
1.01004
0.805716
0.889066
1.24243
1.0597
0.481638
0.991537
0.622957
0.18733
0.641586
0.492226
1.19003
1.0229
1.10774
1.04378
1.22135
0.464922
0.456215
0.642053
0.851712
1.03659
0.598938
0.850058
0.844593
0.581042
0.539215
1.09727
0.633565
0.643843
0.988656
0.776986
0.512636
0.673254
0.643782
0.745815
0.638699
1.01022
0.530295
0.501419
0.286259
0.764166
0.247152
1.31003
1.09351
0.573914
0.583127
1.15911
0.863485
0.178658
0.985238
0.490451
1.27297
1.19456
0.777088
0.438588
0.773049
0.709105
0.417929
0.754024
0.741654
1.0773
0.513178
1.14425
0.931209
0.801287
0.412534
0.925124
0.507823
0.432429
0.41593
0.991068
0.628368
0.797826
0.873734
0.504405
0.883981
0.714576
0.493839
0.846925
0.889743
1.04321
1.00202
0.238146
0.620057
0.725991
0.275101
0.658296
0.566418
0.687455
0.883306
0.479458
0.842406
0.383618
0.834784
0.889341
0.783036
0.740229
0.880551
1.17678
0.894705
0.605146
0.590348
1.05097
0.833536
0.785579
0.388896
1.20721
0.62977
0.831742
0.261414
1.14382
0.897799
1.4346
0.69793
0.906825
1.04914
0.780797
0.707581
0.929658
0.424325
0.389942
0.600501
0.882734
0.762028
1.00184
1.10577
0.396115
0.257722
0.334845
1.13078
0.775538
0.874397
1.04376
0.53749
0.663455
0.874614
0.785539
0.453773
1.12237
0.434233
0.286494
0.21042
0.749251
0.752729
0.446963
1.09956
0.472851
0.199703
0.591548
0.743513
0.202855
0.480605
0.854959
1.18632
0.876832
0.430776
0.667016
0.602649
0.594226
0.749435
0.24011
0.828719
0.44348
0.938738
0.977293
0.814011
1.18042
0.998416
0.289258
0.589416
0.622538
0.989977
0.841855
0.490125
0.791971
0.99962
0.701903
0.964964
0.616157
1.19592
1.18137
0.699267
0.758646
0.951393
0.563827
0.632458
0.780552
1.02979
0.730816
0.354581
0.412464
0.247677
1.0409
0.87905
1.05835
0.65848
0.411647
0.94412
0.856519
0.888002
0.364744
0.643914
0.961564
0.274089
0.753087
0.553033
0.706888
0.447448
0.748002
0.634204
0.947495
0.889357
0.727001
0.584297
0.262107
0.368619
0.469937
0.945089
0.548807
0.735168
0.957992
0.702959
0.856344
0.422949
0.668356
0.71937
0.954559
0.915355
0.652551
0.47133
0.370002
1.15723
0.66717
0.512722
1.02029
0.340397
0.468015
0.733226
0.582919
0.555192
0.571302
0.604939
0.33035
0.91872
0.512859
0.902997
0.589447
0.359203
1.28121
1.04985
1.24035
0.549097
0.702816
0.825944
0.29705
0.93807
0.401504
0.840335
1.19801
0.617201
0.728116
1.00116
1.18673
1.25307
1.13886
0.701508
1.36732
0.333847
1.07835
0.350314
0.764403
1.15453
0.625445
0.615147
0.439835
0.782402
0.754872
0.859031
0.529755
1.19221
0.575826
0.248832
0.610168
1.07125
0.384438
0.58743
0.95089
0.674008
0.591625
0.966708
0.428075
0.592043
0.395594
0.450408
0.481289
0.715992
0.93545
1.0432
0.456276
0.802552
0.469837
0.902199
0.805163
0.560968
0.797268
0.568794
0.624456
0.296996
0.64975
1.01801
0.516371
0.660481
0.575869
0.744916
0.891497
0.777825
0.85801
1.27383
0.694467
0.626148
0.923883
0.896333
0.796388
1.07917
0.341515
0.667164
0.36766
1.10515
0.543117
0.456313
0.690267
0.569629
0.430031
0.893729
0.63739
0.64138
1.01166
0.881687
0.334624
0.518146
0.954872
1.21569
0.427152
0.674419
1.29796
1.24852
0.669171
0.94179
0.959164
0.564233
0.436217
1.23939
0.687285
0.596675
0.92763
0.779895
0.464341
0.641361
0.647519
0.70815
0.785155
0.108135
0.659271
0.160945
0.877792
1.03267
0.851108
0.916718
0.512023
0.788707
0.558257
0.400851
1.12885
1.23376
0.447694
0.270766
0.762493
0.422783
0.59152
0.913634
0.476341
0.273378
0.61483
0.177783
0.4791
1.20282
0.375484
0.707628
0.632007
0.92997
0.592632
0.448628
0.675134
0.659145
0.959207
1.03215
0.447577
0.667521
0.716427
1.15713
0.939075
0.53907
0.638858
0.731275
0.983009
0.872007
0.456672
0.766708
0.632745
0.812335
0.835004
1.0032
0.722154
0.132958
1.13613
1.20414
0.678427
0.373237
1.1743
0.701492
0.471752
1.29321
0.59576
0.688455
0.919638
0.821265
0.741043
0.755508
0.574466
1.03028
1.27376
0.637659
1.00328
0.942742
0.501822
0.522279
0.779873
0.29409
0.732833
0.319277
0.767052
0.572843
1.05093
0.269983
0.507359
1.13919
0.796125
0.761817
0.456306
0.838652
0.256445
0.761249
0.338106
0.904256
0.633369
1.07754
0.884032
0.501732
0.400263
0.874327
0.415313
0.627291
0.377598
0.403995
0.594084
0.885969
0.686867
0.376084
0.368285
0.575677
0.636126
0.826647
1.02962
0.340145
0.956208
0.872294
0.204149
0.475507
0.263088
0.871103
0.756693
1.17139
0.993263
0.376948
0.439527
0.693181
0.674962
1.13969
0.621907
0.771709
0.297921
1.19163
0.877948
0.444222
0.768192
0.952944
1.10206
0.971964
0.367281
0.962649
0.391054
0.416516
0.575103
1.04589
0.208306
0.379914
0.904701
1.0005
1.02911
0.32323
0.19759
0.384887
0.487581
0.791804
0.551724
0.442132
0.318473
0.872303
0.421316
1.06834
0.756622
0.962939
0.344919
1.06876
1.01136
0.999639
0.331897
0.772898
0.671474
0.600272
0.646158
1.03546
1.0101
1.06392
0.33152
0.399026
0.28576
0.86637
0.908593
0.855841
0.334869
0.742735
0.867856
1.17752
0.505994
1.24144
0.950308
0.65674
0.381694
0.309382
0.459595
0.72124
0.718771
1.01506
0.692726
0.719128
0.893937
0.489113
0.580595
0.772283
0.90603
0.629391
0.490735
0.487394
0.230631
0.466257
0.723588
0.878375
1.09081
0.34987
0.959886
1.20254
0.850837
1.20335
0.857949
0.80391
0.691038
0.400514
0.804631
0.642112
0.409273
0.275735
0.907891
1.15416
1.03188
0.934312
0.490559
0.836954
0.465249
0.50223
0.975345
0.513533
0.854674
1.09461
0.568245
0.515489
0.443843
0.783761
0.312344
0.342666
0.955684
0.83619
0.576498
0.781074
0.775954
1.10092
0.39285
0.662323
0.936344
0.396822
0.833226
0.175719
0.914699
0.752125
1.00129
1.08677
0.734148
0.920639
0.92549
0.76166
0.762926
0.623581
0.454859
0.67195
0.643298
1.09956
0.721008
0.273691
0.434796
0.355641
0.434409
0.850987
0.95161
0.217401
0.476594
0.524774
0.720873
0.627881
0.63059
0.522404
0.705784
0.743536
0.614653
0.263702
0.507447
0.829912
0.800009
0.77442
0.676789
0.436925
0.308289
0.314751
0.755243
0.90015
0.648131
0.524788
0.500751
1.05312
0.360347
1.27082
1.26229
0.369086
0.55137
0.501536
0.701661
0.344176
0.706733
0.654606
0.128766
0.837433
0.426567
0.449377
0.288904
0.83238
0.847494
0.92042
0.865402
0.608487
0.568162
0.993882
0.259278
1.20595
0.637002
0.649156
1.19055
0.392479
0.564654
0.597692
0.658081
0.184214
0.440333
0.672733
0.594092
1.09167
0.797777
0.464523
0.56105
0.294544
0.259065
1.05728
0.462003
0.837751
0.702061
0.598378
0.81927
1.01485
0.502535
0.662545
1.08577
0.978877
0.545472
0.715941
0.471189
1.04597
1.04604
0.829493
0.592536
0.861145
0.940471
0.379897
0.55706
0.970462
1.34979
0.601462
0.556113
0.529559
0.698912
0.416371
1.05726
1.03182
0.753461
0.629936
0.728913
0.409616
0.88639
0.762993
1.09401
1.09766
1.20956
0.728992
0.780306
0.736349
0.661666
0.568971
0.17248
0.654659
1.14641
1.15669
0.576143
1.11606
0.427325
0.452397
0.426392
0.65696
0.684691
1.1865
0.625565
0.270293
1.07973
0.582763
0.339711
1.00469
0.375767
0.564747
1.1913
0.755105
0.788121
0.844356
0.550235
0.682996
0.974278
0.8752
0.321461
0.514173
0.460937
0.412524
1.05605
1.12504
0.586673
0.77657
0.827506
0.806949
0.838749
0.754291
0.811207
0.969414
0.860165
0.451743
1.15976
1.13842
1.18047
0.658123
0.530508
0.614519
0.437144
0.7589
1.19781
0.856732
0.939941
1.11878
0.636388
0.692902
0.374953
1.04897
0.328994
0.836193
0.896687
1.2025
0.542281
0.44048
0.691058
0.575903
0.925657
0.520847
0.91627
0.491654
1.07756
0.587961
0.926926
0.711241
0.568411
0.561434
0.58731
0.617997
0.50621
0.271088
0.539163
0.476421
1.04801
0.872527
0.952865
1.07663
0.50111
1.07893
0.706342
0.368257
0.860542
0.399081
0.525816
0.510499
0.506153
0.411198
0.994626
0.114376
0.540222
0.135489
0.52587
0.327647
0.592279
1.08071
0.66689
0.436537
0.961146
0.516069
0.257716
1.29501
0.753999
0.495311
0.885043
0.673164
1.07669
0.995208
0.591938
0.757476
0.566328
0.872038
0.752375
0.685819
0.587816
0.649288
1.17327
0.817699
0.670669
0.656327
0.570541
1.2224
0.177938
0.922461
0.32685
0.869594
0.624307
1.06802
0.923616
0.884752
1.02246
0.382505
0.68931
0.624929
0.573676
0.6888
0.379519
0.753268
0.8241
1.05615
0.178522
0.261275
0.942532
0.974757
1.26853
0.701412
1.29552
1.20431
1.17161
1.08782
0.337087
0.421147
0.796102
0.952068
0.407083
0.623992
0.61085
0.737262
0.434338
0.405001
0.623902
0.668412
0.473191
0.361915
0.954374
0.441561
0.77664
0.449341
0.130645
0.506047
0.941102
0.585452
0.609799
0.097685
0.904384
1.01969
1.11641
0.484852
1.14639
0.432919
0.723432
0.402977
0.405722
1.33067
1.09762
0.840229
0.994785
1.11278
0.850944
0.272861
0.679267
0.677552
0.841467
0.596861
1.06978
0.985565
0.836762
0.725601
1.26184
0.739948
0.610014
1.19716
1.08034
0.599676
0.836572
0.67384
0.839331
1.03435
1.06615
0.900017
0.518052
0.390018
1.21082
1.16995
0.179935
0.19086
0.782018
1.14231
0.925748
0.656205
0.676276
0.934004
0.643083
0.520103
0.794591
1.2331
0.833369
1.10228
0.412357
0.338404
0.518036
0.980457
0.701672
0.766504
0.705242
0.189794
0.797814
0.766824
0.269807
0.638872
0.543468
0.986478
1.05615
0.508621
0.556267
0.606869
1.03584
0.74003
0.509334
0.676268
0.771807
0.687591
0.434219
0.580201
0.268515
0.665997
1.00128
0.374655
0.578679
0.682819
1.10992
0.646689
1.182
0.869861
0.936759
0.957156
0.68709
0.877398
0.625833
0.538235
0.71523
0.76453
0.44018
0.577846
0.639099
0.925541
0.272126
0.464813
0.301399
0.556972
0.892979
0.601504
0.746492
0.453162
0.297924
0.910355
0.399374
0.464772
0.924965
0.868175
0.880198
0.296609
0.706462
0.195668
0.684662
0.918167
0.464438
0.484016
0.368193
0.891658
0.786542
0.775682
0.902354
0.458633
0.632844
0.871198
0.732992
0.532041
1.23488
0.376479
1.0147
0.900256
0.825341
0.608635
0.346047
0.569619
0.786271
0.604087
0.52403
0.375603
0.774132
0.800723
0.583131
0.507395
0.414207
0.501827
0.587064
0.648291
0.808137
0.919067
0.483526
0.5278
0.960012
0.670646
0.375406
0.571678
1.40246
0.668523
0.543827
0.459598
0.801718
0.712811
0.411526
0.690862
0.363085
0.413015
0.797339
0.39472
0.681327
0.51107
0.540309
0.928468
0.199561
0.712118
0.978298
1.00819
0.824627
1.03159
0.705556
0.86485
0.829604
0.983892
0.843051
1.06945
0.739662
0.384622
0.636583
0.522365
0.404885
0.639677
0.434018
0.254454
1.03431
0.57526
0.386664
0.585047
1.37251
0.649249
0.513624
1.28112
1.18806
0.819988
0.352494
1.16574
0.749678
0.519954
0.320739
0.790872
0.612064
0.587416
0.757865
1.14325
0.728046
0.94082
0.49999
1.18424
0.474773
0.441508
0.661976
0.234787
0.310045
0.580729
0.930095
0.304209
1.03708
0.577165
0.603644
0.556007
0.678021
0.771809
0.248167
1.35327
0.380578
1.0819
0.772257
0.966189
0.50217
0.39001
0.429667
0.301979
0.820961
0.701263
0.414636
1.35618
0.773043
0.390446
0.842492
0.706269
0.74732
0.650702
0.968113
0.60784
1.20109
1.20409
0.823411
0.133491
1.20467
1.10788
0.874965
0.772856
1.16645
1.21494
0.932772
0.68341
0.36873
1.0959
0.52398
0.655111
0.729296
0.322677
1.13248
0.882228
0.542114
1.01398
0.931408
0.823923
0.61878
0.844584
1.07136
0.385867
0.834929
0.181792
1.00927
0.454725
0.388677
0.919466
0.95665
0.696637
0.505548
0.424091
1.02777
0.527723
0.550299
0.711365
0.600875
0.362281
0.433094
0.978434
0.764117
0.976348
0.728636
0.531704
0.588884
0.766152
0.970046
0.483957
0.283289
0.855722
1.31076
0.327754
0.49589
0.764457
0.367682
0.76482
0.555446
1.17937
0.855956
0.29555
0.905985
1.09982
0.6831
0.675001
0.537153
0.497292
0.307869
1.22957
0.702372
0.194434
0.413816
1.18783
0.527661
1.12973
0.101178
1.04919
0.754592
0.820926
0.802749
1.09683
0.807165
0.481096
0.22786
0.980534
0.786307
0.688688
0.564138
0.585775
0.351274
0.875638
0.649614
0.390086
0.733999
0.491609
0.481851
0.477679
1.12059
0.602218
0.902444
0.267427
1.06576
0.913427
1.21377
0.499143
0.54033
0.487342
1.24802
0.292074
0.419532
0.927532
0.415029
0.658666
0.322641
0.495683
0.708536
0.833522
0.938776
0.489953
0.621268
0.363313
0.804697
0.873931
0.436595
0.18223
0.691335
1.21769
0.683096
0.602428
0.41845
0.252686
0.404485
0.653539
0.341873
0.790034
0.386982
0.810443
1.02218
0.218684
0.232336
0.600973
0.419167
0.458761
0.392751
0.628137
0.990303
0.80465
0.97458
0.679776
0.86991
0.850564
0.320898
0.577998
0.734087
1.1644
0.849458
0.952685
0.75853
0.716355
0.639583
0.769234
0.498908
0.685175
0.498601
0.292716
1.13047
0.71684
0.706974
0.918653
1.15835
0.602461
0.703922
0.737058
1.32548
0.865911
0.666809
0.338666
1.06066
0.632049
1.21551
1.09379
0.574346
1.23738
1.2992
0.62635
0.823348
0.271223
0.771996
0.86171
0.492104
0.757398
1.16582
0.735867
1.27709
0.946564
0.962856
0.88244
0.859688
0.663066
0.557871
0.411972
0.483299
0.529578
0.420909
0.937131
0.989222
0.700141
1.04689
0.99612
1.0226
0.905592
1.22483
1.41524
0.849845
0.839596
0.736755
0.894028
1.09517
0.847051
0.751769
0.544311
0.539252
0.428698
0.620716
1.28448
0.359938
0.378723
1.10759
1.03593
0.391517
0.356301
0.216724
1.43702
0.767576
1.42216
0.894846
0.906411
1.34889
0.677918
0.76756
0.188135
0.970575
0.883466
0.256732
0.693526
0.973481
0.542473
0.539678
1.09768
0.54001
1.26831
1.1174
0.639397
0.732352
0.341719
0.479576
1.30299
0.426031
0.586151
0.927675
0.564407
0.71055
0.633728
0.48191
0.944431
0.860595
1.17488
1.29383
0.993497
0.556876
0.627916
0.593301
0.523909
0.225026
0.289924
0.852453
0.5896
0.34662
0.835136
0.44303
0.910124
0.814486
1.01614
1.0169
0.926135
0.595352
0.945807
0.325021
0.815924
0.534417
0.287298
0.502185
0.436202
1.275
0.54144
0.981011
0.664426
0.607902
0.868476
0.481402
1.10303
0.76143
0.679783
0.945229
0.865996
0.878703
1.01358
0.774565
0.799604
0.912108
0.575428
0.276648
0.455528
0.74386
1.03563
0.826017
0.837378
1.01618
1.19891
0.807858
1.07531
1.26444
0.191924
0.934255
0.857196
0.2143
0.779902
0.632144
0.559048
0.677745
0.782141
1.15988
0.739309
0.808594
0.513642
0.817617
1.0543
0.365126
0.706475
0.201118
0.528752
0.464468
0.987103
0.821619
0.668262
0.980384
0.380953
0.335379
0.386421
0.776513
0.499306
0.206314
0.418493
0.529397
1.29391
0.354369
0.901495
0.541245
1.12868
0.921595
0.405185
0.847445
0.226131
1.11475
0.102278
0.715027
0.638835
0.918428
0.757662
0.943737
1.17262
0.699928
0.983982
0.570653
0.381798
0.642298
0.645638
1.11702
0.362918
0.161752
0.880127
0.664713
1.15383
0.828703
0.948351
0.99738
0.671985
0.232677
0.548017
0.555954
0.375046
0.885538
0.669724
1.07646
0.578526
0.668427
0.758331
0.662611
0.513636
0.80966
1.00392
0.785811
0.60567
0.723926
1.3661
0.89252
0.741254
0.774517
0.830083
0.463736
0.506464
0.766333
0.979461
0.96157
0.626036
0.31595
0.369581
0.316103
0.741006
1.11074
1.12676
1.08885
0.49924
0.100209
0.672354
0.800596
0.474169
1.05998
0.561813
0.668579
0.767674
1.09644
1.10359
0.74074
1.07359
0.663284
0.301908
0.846594
0.794541
0.711109
0.740427
0.556179
0.306336
0.86558
0.661142
0.453517
0.685032
0.378214
1.18115
0.52474
0.480392
0.883276
0.417133
0.78073
0.650338
0.576416
0.773449
0.433124
0.464906
0.344169
0.993202
0.763027
0.687527
0.940286
0.291554
1.02953
0.394394
0.619303
0.508392
0.874669
0.699525
0.294719
0.723387
0.678277
0.560945
0.443345
0.668339
0.52628
0.998059
0.744072
1.15774
0.911182
0.287049
0.683215
1.06668
0.442326
0.632687
0.829796
0.602389
0.656106
1.21198
0.537157
0.950829
1.30306
0.522022
0.123576
1.21557
0.702427
0.458574
0.167318
0.546433
1.32201
0.958766
0.49698
0.796821
0.741698
0.567767
0.750572
0.63058
1.07675
0.51571
0.458749
0.726239
0.577761
0.567008
1.10133
0.816345
0.270912
0.641926
0.505121
1.1906
1.29871
1.26608
0.774953
0.932291
0.32995
0.791502
0.383472
0.492587
0.733281
0.500247
0.699231
0.677516
0.605231
0.676611
0.230987
0.63511
0.678985
0.649894
1.28583
0.96044
0.484646
0.51485
0.571841
0.966046
0.31932
0.569904
1.14372
0.938979
0.531449
1.37049
0.781563
0.641918
0.760995
0.618242
1.09419
1.21571
0.700228
1.26055
0.686536
0.56685
0.468424
0.974764
1.26091
0.839653
0.318398
0.842518
1.04491
0.559559
0.944403
0.554814
0.956364
0.65482
0.788801
0.491152
0.252163
0.68885
0.354193
1.15663
0.993828
0.724981
0.739336
0.918032
0.697006
0.425137
0.266264
0.830866
0.685511
0.691492
0.647258
0.529877
0.331283
0.859567
0.697894
0.437286
0.650679
0.717191
0.336255
0.789052
0.535954
0.273865
1.03599
0.467431
0.910787
0.577248
0.768985
0.897371
0.28712
0.410292
0.403579
0.625127
0.576849
0.410949
0.383802
1.08142
0.687373
0.963575
0.870078
0.575737
0.673868
0.696844
0.490549
0.389681
0.364884
0.684987
0.713676
0.638364
0.637929
0.415914
0.773998
1.10866
0.511019
0.494632
0.84763
0.841705
1.47184
0.960043
0.643189
0.997945
0.694164
0.896634
0.941688
0.834096
0.502194
0.941588
0.684424
0.735266
0.422842
0.940023
1.42645
0.815084
0.955794
0.685934
0.690023
1.20269
0.852068
0.316415
0.923835
0.724261
0.273756
0.896482
0.892907
1.01082
0.864441
0.924738
0.851905
0.735538
0.522685
0.44512
0.911283
0.572091
0.331362
0.628405
0.667229
1.0091
0.895022
1.22804
0.565678
0.872564
0.687141
0.613889
0.340605
0.682819
0.485692
1.11429
0.241962
0.731678
0.721299
0.978975
1.01768
0.428464
0.618523
0.71151
0.156396
1.17972
0.56444
0.448013
0.692308
0.689461
0.541613
0.850836
0.84774
0.877074
0.396537
0.957915
0.85048
0.398706
0.560444
0.433782
1.08429
0.641991
0.655089
0.636192
0.216248
0.904671
0.48262
0.612479
1.06529
0.62558
0.374442
0.356991
0.955894
1.16742
0.633638
0.955806
0.983876
1.02097
0.919605
0.612018
0.343256
0.911989
0.891296
0.624312
0.592214
1.05469
0.88819
0.6323
0.432132
1.24502
0.724872
0.741947
0.844407
0.840752
0.531431
1.06315
0.568447
0.65013
0.827304
0.716762
0.881814
0.736549
0.639774
0.465051
0.797506
0.418645
0.24594
0.668722
0.731129
1.17019
0.475286
1.0561
0.35356
0.584324
0.791088
0.72389
0.967641
0.602898
0.6332
1.22786
1.00373
1.25616
0.474751
0.876974
1.04309
0.219273
0.600479
0.764601
0.890231
0.135708
0.345502
0.76751
0.563732
1.04139
0.759572
0.641359
0.962475
0.717259
0.984348
0.471769
0.813219
0.639313
1.17944
1.063
1.05739
0.806772
0.462047
1.24205
0.986012
0.582709
0.95723
0.774429
0.587059
0.594578
0.775713
0.420055
0.507536
0.940287
1.53371
0.745701
0.389871
0.482863
0.529807
0.520486
1.03714
0.824332
1.01993
0.782533
0.807569
0.953631
0.945039
0.0633399
0.472333
1.12626
0.846744
0.993507
1.13837
1.29717
0.67639
1.11316
0.83857
0.898528
1.25442
0.929651
1.03299
0.856776
0.824841
0.822681
0.377552
0.821385
1.34615
0.557917
0.575971
0.886324
0.695447
0.485228
1.08142
0.825261
0.618666
1.14473
0.544912
0.223596
0.80037
0.385554
0.832356
0.974851
0.407041
0.6217
0.307312
1.25724
0.659671
0.704247
0.947701
0.683411
1.05777
0.941891
0.415841
0.632233
0.444983
0.792271
0.836534
0.58411
0.382166
0.718047
1.18622
0.578408
0.883037
1.07321
0.731165
0.306602
1.02283
0.891203
0.510049
0.360695
0.994067
0.567576
0.938179
0.93149
0.326933
0.707503
0.563862
0.713616
0.693842
0.786946
0.795456
0.816853
1.26591
0.476492
0.443183
1.1759
0.544962
1.17996
0.106334
0.472956
0.878276
0.363591
0.738213
0.179266
0.960808
0.838043
0.739299
0.514752
0.623534
0.970596
0.718594
0.917402
0.745242
0.676499
0.596028
0.75832
0.565781
1.20294
0.756184
0.651458
0.27919
1.17213
0.748099
0.699037
0.510086
0.450554
0.496177
0.952471
0.732855
1.17247
0.394589
0.455684
0.544074
0.689849
0.720751
0.921366
0.551956
0.993028
0.344886
1.1599
0.579057
1.22738
0.862843
0.879977
1.15509
0.79512
0.738062
0.814302
0.430784
0.975639
0.791036
0.725718
0.148235
0.886855
1.22478
0.950723
0.98024
0.676931
0.924384
0.517462
0.276791
0.795186
0.453098
0.249337
0.846344
0.842102
1.35728
0.525352
0.909662
0.633916
0.578475
1.13171
1.13906
0.775226
0.631625
1.16698
0.447329
1.03236
1.24907
1.05781
1.27805
0.189188
1.16653
1.25177
0.505752
0.714254
0.378014
0.53574
0.901404
0.605085
0.788253
0.576187
0.462032
1.23927
0.454965
1.43996
0.557838
1.0106
0.514199
0.924157
0.632023
0.777322
0.738636
0.578051
0.512277
1.09231
0.663751
1.17333
0.637219
0.927267
1.02265
0.403419
0.409178
0.453912
0.46575
0.592393
1.09227
0.809421
0.938113
1.19486
1.01696
0.98171
0.991996
0.702825
0.926972
0.406616
0.937326
0.509581
0.457932
0.549274
0.6581
0.802082
0.473561
1.05859
0.444021
1.03901
0.5755
0.402991
0.971225
0.245097
0.319948
0.532414
0.607039
0.988256
1.25873
0.683626
0.49338
0.840051
0.61848
0.870843
1.01069
0.492711
1.19171
0.58663
0.90998
0.572547
0.925762
0.459813
0.865449
0.990552
1.05788
0.624222
0.776676
1.14632
0.621185
0.54303
0.494151
0.431426
0.232955
0.293001
0.769787
0.843386
0.745339
0.497584
0.654396
0.146624
1.09278
0.580874
0.538386
0.868612
0.254785
0.836126
1.2865
0.643863
0.146711
0.149485
0.421914
0.502099
0.591668
0.848722
0.52311
0.588418
1.02573
0.413934
0.986209
0.869062
0.971064
0.210104
0.890965
0.534274
0.510595
0.541919
0.406886
0.493003
0.91483
0.89159
0.607438
0.518701
0.283102
1.1538
0.530346
1.10663
0.985104
1.19233
0.518381
1.17924
0.971244
0.592417
0.409656
0.825051
0.441355
0.496371
0.826217
0.583441
0.404794
1.1364
0.515405
0.896093
0.770134
0.958061
0.466375
0.636136
0.653452
0.762523
0.991693
0.556385
0.238311
0.812142
0.848539
0.554012
1.1633
0.776692
0.667839
0.657539
0.295674
0.982795
0.532429
0.626515
0.525728
0.849986
0.876228
0.573952
0.691114
0.598209
1.19333
0.716725
1.08171
0.974571
0.512862
0.874996
0.893924
0.514428
0.906011
0.740104
0.635878
0.877174
0.687791
0.649599
0.450102
0.516815
0.572127
0.320672
0.305469
0.337489
0.40608
0.552906
0.879847
0.967786
0.664785
1.06539
0.639686
0.812267
0.239549
0.815089
0.420018
0.413168
0.495685
0.812946
1.02676
0.461028
0.741532
1.05784
1.01708
0.61312
0.939624
0.657784
0.62518
0.312468
0.130646
1.06711
0.696379
0.444613
0.355881
0.4377
0.834169
0.826341
0.82032
0.201969
0.978614
0.784925
0.71598
0.626409
0.739313
0.669287
0.903385
0.472556
0.224962
0.470362
0.583262
0.293929
0.664577
0.44943
0.811205
1.00524
0.156865
0.72209
0.998624
0.697869
0.916221
1.11924
0.53132
0.937703
0.831746
1.17022
0.806779
0.318922
0.412701
0.84782
0.901252
0.552388
0.304352
0.894834
0.551813
0.441316
0.95733
0.865884
0.452262
0.941446
1.02195
0.582425
1.12677
0.318917
0.270482
1.22156
1.07858
0.65366
0.490215
0.787073
0.735507
1.24593
1.07785
0.466293
0.534275
0.791186
0.921919
0.84344
0.176063
0.987191
0.802183
0.664983
0.832872
0.902317
0.66701
0.57046
0.489142
0.632564
0.528853
0.469944
0.397686
0.463933
0.935601
0.90305
0.798822
0.457819
1.05848
0.882062
0.472479
0.495539
1.02747
0.813579
0.714828
0.775713
1.02901
0.700368
0.538913
0.680715
0.847052
1.01559
1.15996
0.76538
0.936591
1.08685
0.509787
0.736491
1.02164
0.575053
0.778869
0.221961
1.03846
1.27014
0.431226
0.681167
1.15405
1.12942
0.549195
0.535637
0.645853
1.01669
0.972666
0.28552
0.925607
1.23038
0.762676
0.667924
0.268968
0.762412
0.400161
0.53906
0.600481
0.541699
0.610419
0.755554
0.691438
0.344017
0.458485
0.328267
0.395497
1.2906
0.972948
0.535599
0.289386
0.578414
0.779881
0.632466
0.846938
0.534206
0.877568
0.505718
0.699561
0.683932
0.83161
1.09094
0.49424
0.70231
0.603038
0.498541
0.872229
0.550159
0.705638
0.782395
0.725148
0.505814
0.760983
0.970397
0.708735
1.13437
0.866032
0.500834
1.09571
0.826399
0.524977
0.468607
1.12697
0.509844
0.841595
0.919186
0.452613
0.860872
0.617081
0.37924
0.751861
0.746862
0.905002
1.12212
0.419192
0.532526
0.401235
0.565354
1.29358
0.449349
0.992314
0.787268
0.758233
0.76186
1.01461
0.718151
0.727026
0.489779
0.424199
0.295963
0.504379
0.699111
0.579109
1.0275
0.861239
0.996337
1.1246
0.628214
0.855881
0.699396
0.429821
1.01337
0.261591
0.438701
0.977663
0.96737
0.283069
0.898103
0.579628
0.294789
0.560801
0.415447
0.347472
0.472334
0.525088
0.736764
0.830469
1.00933
0.837313
1.09548
0.583682
0.647326
0.578953
1.23337
1.28425
0.988305
0.870969
0.320476
0.37168
0.370204
0.242984
0.825366
0.55386
0.399017
0.928746
0.301529
0.318534
1.09043
0.428787
0.494146
0.563495
0.854779
0.706292
0.515498
0.726721
0.815564
0.576988
1.1993
0.910073
0.703324
1.12456
0.772479
1.11114
0.708962
1.19008
1.11679
0.758634
0.959873
0.659581
0.472302
0.557438
0.784982
0.713997
0.743703
0.566764
0.744213
0.686321
0.636705
0.608706
0.951445
0.648179
0.626107
0.558486
0.467962
0.861489
0.485603
0.85311
0.755577
0.618399
1.07571
0.847095
0.877588
0.786198
1.0112
0.711704
1.35972
1.15644
0.446145
0.450228
0.77058
0.512832
0.984255
0.968563
0.161342
0.658941
0.790345
0.414626
0.67062
0.757991
0.408004
1.25166
0.607257
1.23798
0.73403
0.947422
0.62082
0.632277
0.814115
0.426036
1.05463
1.00519
0.720452
0.416937
0.238017
0.730362
0.734705
1.20204
0.609554
0.991896
0.751424
0.824051
0.243203
0.730628
0.344032
0.780054
1.01682
0.431393
1.07572
0.737126
0.620318
1.02454
0.665025
0.344977
0.30699
1.07212
0.862914
0.756322
0.433875
0.668093
0.498369
0.901005
0.668298
0.520656
0.769281
0.914817
0.431416
0.953696
0.641888
0.361173
0.779291
1.17206
0.710606
1.10149
0.537909
0.980896
1.26603
0.519521
1.42185
0.547844
0.790231
0.220764
0.834693
0.601576
0.773308
0.975886
0.69736
0.636373
0.57149
0.603245
0.359951
0.519113
0.472328
0.565286
0.612958
1.06436
0.66867
0.25011
0.842983
0.881912
0.850598
0.574017
1.02089
0.482343
1.03349
0.36026
0.913402
0.663596
0.810606
0.876343
0.806049
1.29126
0.469114
0.880628
0.959934
0.847079
0.861537
0.523702
0.838289
0.502194
0.445731
1.03927
0.437859
1.12154
0.642915
0.618418
0.928057
0.498176
0.123382
0.985213
1.48413
1.00641
0.46801
0.749271
0.703089
0.880728
1.3314
0.689377
0.472098
0.647112
0.787703
0.409582
0.496589
0.673562
0.785544
0.847746
0.912292
0.748593
0.630518
0.579346
0.307775
1.00302
0.294294
0.708762
0.422479
0.637529
0.813717
1.01601
0.243603
0.707521
0.86151
1.0201
0.483293
1.14412
0.537034
1.12391
0.513621
0.691044
0.880727
1.1235
0.834728
0.768217
0.413907
0.792366
1.12167
0.548352
0.469166
0.590152
1.04815
1.18643
0.52767
0.405627
0.990926
0.977934
0.488795
0.525896
0.474267
0.757833
0.957939
0.655147
0.899745
0.905798
0.566036
0.463733
0.888804
0.978498
0.769326
0.338164
0.53938
0.450887
0.64197
0.521143
0.762174
0.831207
0.207661
0.508546
0.659397
0.574488
0.466762
0.421183
0.832861
0.720199
0.678399
0.500926
0.680159
1.02608
1.08902
0.549807
0.967766
0.772831
0.344769
0.471035
0.471016
0.920775
0.35353
0.794236
0.775579
0.481086
0.590291
0.449149
1.15146
0.832643
0.93716
0.605464
0.245926
0.533388
0.336244
0.462228
0.522031
0.988501
0.516581
1.43042
0.5051
0.300395
0.794381
0.485977
0.392903
0.987338
0.828009
0.97364
1.20561
0.488128
0.541402
0.206732
0.816064
0.600855
0.767366
1.07626
0.461426
0.402144
0.726536
0.371022
0.270004
0.860673
0.776425
0.910507
0.518192
0.523383
0.535061
0.488525
0.78744
0.773678
0.567726
1.15805
0.491073
0.234404
0.477211
0.864298
0.62244
0.525732
0.618923
0.100352
0.958819
0.802674
1.03685
1.09767
0.615492
0.950329
0.888329
0.782458
0.221648
0.722823
0.797742
0.449823
0.21445
0.214811
0.909737
0.320189
0.871665
0.694548
0.602519
0.306903
0.521817
0.682127
0.745018
0.754126
0.796157
0.577611
0.978976
0.581258
0.526516
0.719502
1.0476
0.927194
1.44324
0.716806
0.906237
0.840397
0.712643
0.68791
0.685669
0.639884
0.790563
0.715461
0.712154
0.989632
0.326986
0.630108
0.335864
0.683337
0.81068
0.677899
0.810573
0.775297
0.774684
0.83525
0.633941
0.330278
0.330875
0.636382
0.507962
0.56695
0.751236
0.577971
0.962547
0.788018
0.266832
0.353282
0.431647
0.103658
0.773626
0.630805
0.420616
0.884663
0.778331
0.948342
0.732366
0.715489
0.666195
0.336447
0.756217
1.03789
0.784396
0.214876
0.60904
1.21963
0.192457
0.602722
1.03313
0.513404
0.316729
0.544618
0.926993
1.02325
1.46671
0.769484
0.771847
1.15919
1.28175
0.664568
0.593001
0.538077
0.605971
0.516967
0.94283
0.738137
0.712084
0.861727
1.03283
0.312676
0.84162
0.851241
0.693819
1.06414
0.941636
0.486387
0.467817
0.874227
0.590256
1.04531
0.903427
0.298041
0.534082
0.899067
0.604278
0.483415
0.505943
0.661009
0.715197
1.17015
0.282618
1.03226
1.15143
0.612067
1.09737
0.501561
0.567324
0.486026
0.981079
0.239221
1.06628
0.994259
1.01208
0.902529
0.370551
0.897267
0.968398
0.431366
0.619472
0.486528
0.277912
0.374838
0.713426
0.666667
1.054
1.10449
0.567592
0.271268
0.962086
0.440362
0.93528
0.734118
0.593832
0.942889
0.739433
0.55317
0.743554
0.980416
1.20532
0.767763
0.706333
0.596397
1.00945
1.21176
0.665802
0.691785
0.774625
0.467753
0.655987
1.28781
0.742812
0.499934
0.628831
0.778822
0.702833
0.913414
0.526585
1.08832
0.56155
0.709255
0.500908
0.806064
0.661164
0.849016
0.81753
0.642659
0.791263
0.697285
1.3299
0.634765
0.782291
0.361022
0.568894
0.893558
0.859486
0.839422
0.542344
0.975599
0.919256
0.543268
0.402751
1.19398
0.476137
0.159102
0.705905
0.957324
0.967118
0.726471
0.854791
0.696903
1.11866
1.09424
0.821215
0.417337
0.939831
0.224457
0.443463
0.441161
0.737199
0.743405
0.762411
0.595033
0.517669
1.26055
0.824729
1.23454
0.444116
1.11038
0.723483
1.00306
0.677965
0.87795
0.745567
0.851866
0.313722
0.776249
0.702198
0.658754
0.499351
0.567046
0.712275
0.847022
1.05461
0.268215
0.437006
0.908102
0.713722
0.684893
0.972208
0.881506
0.732245
0.372131
1.09175
1.23477
0.648872
0.47683
0.738161
0.456546
1.34827
0.817168
0.680196
0.928598
0.63379
1.10723
0.570571
0.390219
0.411949
0.928265
0.720005
0.411127
0.716528
0.824814
0.43211
0.353415
1.0683
0.761037
0.369253
1.34541
0.631266
0.420842
0.442611
0.61139
0.216452
0.707474
0.775845
0.563034
0.648992
0.0999766
0.409072
1.19222
0.938213
1.13254
0.989124
1.21336
0.747955
0.905276
0.465446
0.873166
0.714114
0.426144
0.606908
0.96016
0.452028
1.04297
0.565859
1.28991
0.572814
0.550619
1.25096
0.914203
0.742764
0.790486
1.16853
0.754896
0.643807
0.562023
0.89069
0.526307
0.38028
1.02772
0.638216
0.74594
0.598317
0.666865
0.952905
0.394187
0.763
1.13998
0.778849
0.700868
0.288336
0.770366
0.620374
0.0873269
0.556379
0.545963
0.643769
0.65277
0.536421
0.845333
0.33509
0.791933
0.514134
1.10696
0.789165
0.724237
0.772211
0.693151
0.613516
0.861552
0.570571
0.999631
0.684189
0.43574
0.98751
0.379197
0.800828
0.736129
1.13429
1.02549
0.903229
0.643231
0.563032
0.457319
0.468185
0.719777
0.627099
1.03655
0.984368
0.650954
0.744515
0.436208
0.664767
0.842009
0.836351
0.403362
0.636919
0.466567
1.28827
0.814765
1.08294
1.29605
0.280502
0.982935
0.769178
0.784941
1.07424
1.15285
0.459545
1.32763
0.887694
0.732347
1.09008
0.502253
0.616326
0.865693
0.896154
0.519176
1.10566
0.630681
0.62675
0.464736
1.21418
0.505224
0.884595
0.942932
0.949308
0.932494
0.325494
0.678867
0.96425
0.838441
0.590081
0.654062
0.931737
0.284608
1.02202
0.400271
1.09279
1.07087
0.737938
0.712393
0.631631
0.623302
0.802824
0.67908
0.783403
0.979477
0.83144
0.485074
0.8154
0.95401
0.273609
0.765407
0.908381
0.716121
0.541221
0.33603
0.996665
0.887203
0.760579
1.21884
0.674949
0.822747
1.12732
1.22025
1.01929
1.20527
0.634498
0.937919
0.882195
0.639665
0.597041
0.640834
0.818481
0.348231
0.160983
0.330206
0.628826
1.0532
0.459897
1.03605
0.585178
0.898915
0.702817
0.468181
0.39225
0.263636
1.35221
0.785231
1.01103
0.444467
0.837343
0.755596
0.528734
1.24041
0.481723
0.90061
1.2865
1.2532
1.11524
1.00935
0.864505
0.798955
0.412731
0.55922
0.461176
0.394006
0.800441
0.434682
0.323796
0.54149
0.197897
0.532746
0.350321
0.517286
0.567129
0.861596
0.771098
0.569747
0.735219
0.471016
