0.681644
0.476592
0.489043
0.403003
0.363882
0.24106
0.474008
0.544996
0.824946
0.824102
1.32363
0.481027
0.477477
0.316965
0.833331
0.2593
0.617008
0.849532
0.963921
0.682138
0.627486
0.390726
0.551624
0.540365
1.10578
1.09267
0.391884
0.41238
0.68639
0.670551
0.79005
0.716202
0.808286
0.732231
0.17372
1.13875
0.897391
0.793913
0.831339
0.917565
0.266488
0.441244
0.316485
0.767678
0.676365
0.626715
0.356343
0.623364
0.311675
0.788506
0.389262
0.835986
0.792568
0.505646
0.941142
0.409363
0.206392
0.882991
0.53018
0.687958
0.591358
0.270303
0.338793
0.35553
0.457027
0.63882
0.572687
0.476353
0.786232
0.565811
0.467907
0.430145
0.63626
0.433338
0.703352
0.253027
0.333211
0.398618
1.113
1.06194
0.987489
0.801928
0.538709
0.658397
0.553207
0.304587
0.458536
0.649283
0.640185
0.586771
0.967677
0.476283
0.442875
0.635654
0.645302
0.586795
0.217213
0.553964
0.440767
0.685709
0.436292
0.698939
0.984682
0.568003
0.473804
0.504181
0.549693
0.608624
0.416242
0.334466
0.722158
0.455009
0.619615
0.665088
0.1932
0.388575
0.451764
0.780196
0.422935
0.55159
0.59765
0.564762
0.596513
0.0845624
0.361553
0.646889
0.751518
0.464926
0.396624
0.42429
0.38123
0.77075
0.564443
0.177147
0.452272
0.320358
0.682542
0.744724
0.392477
0.83274
0.907123
0.427156
0.708495
0.558841
0.481343
0.405502
0.725428
0.435619
0.596426
0.753903
0.723368
0.145259
0.752648
1.01859
0.633858
0.433675
0.524218
0.676383
0.29952
0.502292
0.862216
0.48125
0.612872
0.513035
0.454842
0.699356
0.569558
0.622254
0.448161
0.585399
0.642514
1.09585
0.469277
0.643587
0.617394
0.616081
0.607285
0.324103
0.491076
0.522757
0.858037
0.303821
0.648794
0.456556
0.766828
0.803367
0.67251
1.28808
0.537939
0.395866
0.40606
1.23206
0.658267
0.302909
0.931102
0.513781
0.681989
0.472569
0.504177
0.637536
1.05481
0.807419
1.05237
0.928168
0.420492
0.525229
0.443923
0.558038
0.681123
0.656028
0.920291
0.698021
0.488677
0.438311
0.995526
1.29513
0.48271
1.01526
0.350537
0.513044
0.734199
0.470634
0.507978
0.697991
0.733845
0.86935
0.421217
0.981657
0.78643
0.32327
0.296493
0.382039
0.667435
0.895172
0.611861
1.25175
0.655776
0.222769
0.421627
1.25659
0.949703
0.805987
0.572876
0.731432
0.470786
0.79829
0.72076
0.628503
0.40222
0.269859
1.14899
0.234673
0.804163
0.40273
0.515549
0.834723
0.431832
0.783791
0.718693
0.499024
0.638481
0.409431
0.617836
0.761998
0.634831
0.664921
0.737799
0.718432
0.888984
0.355029
1.07785
1.45374
0.579003
0.733374
0.572867
0.448787
0.664439
0.489473
0.337651
1.03981
0.223478
0.155747
0.20121
0.8319
0.431684
0.988179
0.685598
0.581084
0.482737
0.220307
0.583937
0.642753
0.820593
0.893142
0.128457
0.228762
0.318541
0.51846
0.647008
1.05445
0.765109
0.33758
0.253803
0.886819
0.893392
0.591535
0.816407
0.541664
0.695382
0.621037
0.373762
0.751648
0.791472
0.638403
0.424941
0.65755
0.563279
0.369704
0.315029
0.720115
0.460412
0.741191
0.228962
0.690856
0.514549
0.656174
0.160762
0.632123
0.435501
0.312848
0.7232
1.00386
0.861064
0.891222
0.792115
0.378018
0.430543
0.554935
1.05381
0.787986
0.161198
0.72957
0.861513
0.616831
0.361267
0.559618
0.456969
0.740039
0.253557
0.63794
0.449125
0.455563
1.04777
0.764042
0.434635
0.597857
0.647172
0.551078
0.418524
0.358672
0.688125
0.562855
0.321128
0.459274
0.497509
0.460353
0.462685
0.377586
0.739602
0.590698
0.660471
0.509651
0.382092
0.357395
0.674307
0.513678
0.972254
1.12746
0.541042
0.539449
0.947838
1.15587
0.45565
0.923511
0.271015
0.547855
0.541808
0.542098
0.923999
0.463457
0.311446
0.580906
0.201142
0.761704
0.113015
1.08983
0.346283
0.840653
0.2351
0.837315
0.399261
0.925897
0.677792
0.491392
0.533481
1.07208
0.454794
0.557434
0.166341
0.570281
0.404016
0.353892
0.560953
0.281313
0.627833
0.449467
0.684998
0.209536
0.146846
0.606103
0.941535
0.4988
0.674943
1.14633
0.529638
0.564805
0.455088
0.386923
0.56188
0.647885
0.675161
0.947634
0.516272
0.930011
0.41414
1.02447
1.16839
0.659219
0.591669
0.705324
1.22616
0.58903
0.880625
0.42438
0.916055
1.13447
0.534355
0.368247
0.567274
0.714804
1.31815
0.784425
0.712056
0.269471
0.431409
0.844567
0.374778
0.550379
0.415105
0.481817
0.191224
0.653289
0.726627
0.76648
0.657641
0.0815719
0.519407
0.665284
1.04548
0.187973
0.875767
0.619487
0.639782
0.601413
0.392228
0.492139
0.665202
0.652368
0.671764
0.466106
0.578799
0.604758
0.555124
0.373078
0.407053
0.704818
0.503386
1.03333
0.113186
0.589385
0.412889
0.304277
0.343719
0.683537
0.623095
1.36049
0.536317
0.446034
1.14948
1.17714
0.397896
0.673348
0.426232
0.43627
0.355399
1.02526
0.425122
0.724031
0.650855
0.478775
0.299526
0.728116
0.529431
0.563192
0.264623
0.460364
0.562866
0.654348
0.3426
0.86582
0.677841
0.614623
0.776992
0.609912
0.95481
0.877096
0.238207
0.550725
0.837904
0.694282
0.408019
0.507511
0.287594
0.382229
0.498585
0.482503
0.364126
0.643718
0.161166
0.31765
1.03944
0.400199
0.446819
0.927862
0.490088
0.362528
0.268796
1.02483
0.585482
0.535388
0.170811
0.845722
0.843263
0.414236
0.623618
0.487517
0.672022
0.570554
0.487106
0.679982
0.479512
0.723174
0.703204
0.381475
0.296332
0.935476
0.50108
0.291277
0.32055
0.524564
0.481267
0.416875
0.831906
0.567455
1.09365
0.296201
0.311831
0.356583
0.556379
0.300879
0.802486
0.551161
0.874159
0.380112
0.455582
0.64217
1.00397
0.858028
0.645603
0.644347
0.618454
0.546802
0.378718
0.315787
0.617674
0.345847
0.785623
0.355421
0.615523
0.431976
0.773452
0.208482
0.761726
0.923123
1.29507
0.581381
0.456326
0.192156
0.854047
0.623997
0.357488
0.571235
0.706767
0.42057
1.24099
1.08643
0.995893
0.65129
1.22295
0.364333
0.64982
1.07978
0.649983
0.589024
0.455163
0.420524
1.07015
0.90273
0.512587
0.552282
0.534758
0.7387
0.669335
0.537142
0.320421
0.645885
0.969931
0.355894
0.480517
0.837611
0.434403
0.844358
0.87616
0.554357
0.369683
0.770102
0.296057
0.517801
0.527692
0.90567
0.447978
0.470282
0.877191
0.257928
0.512151
0.302629
0.685935
0.761307
1.14424
0.51483
0.757747
0.456895
0.818891
0.342622
1.02992
0.530476
0.469918
0.854011
0.619834
0.167895
0.618574
0.584867
0.79014
0.571517
0.365988
0.550671
0.177394
0.769194
0.481801
0.82848
0.850669
0.486211
0.658931
0.293636
0.812204
0.487434
0.624611
0.464887
0.398414
0.646542
0.660567
0.867465
0.635363
0.538089
0.364986
0.506658
0.607196
0.915348
0.488554
0.612102
0.69241
0.378225
0.376552
0.715781
1.075
0.862142
0.389266
0.266171
0.434639
0.873616
0.363326
0.550638
0.430784
0.774624
1.24114
0.450201
0.744012
0.652108
0.91088
0.559864
0.699633
0.459459
0.509617
0.465197
0.441501
0.941722
1.22992
0.403139
0.406142
0.639992
0.835191
0.329155
0.53346
0.470446
0.640047
0.143392
0.430508
0.423388
0.566232
0.376023
0.426429
0.706602
0.544462
0.80273
0.615265
0.657281
0.288647
0.861808
1.19928
0.27545
0.96378
0.398331
0.497763
0.887379
0.861924
0.471437
1.14647
0.746099
0.885338
0.303802
0.877016
0.702827
0.614049
0.607832
0.297295
0.811553
0.665357
0.503908
1.24995
0.315876
0.487066
0.939609
0.514568
0.399861
0.322255
0.546027
0.738689
0.326375
0.575511
0.586846
0.480251
0.438329
0.714842
0.644916
0.676131
0.335713
0.638681
0.96889
0.706699
0.431975
0.997614
0.747922
0.219996
0.613761
1.14548
0.341726
0.611942
1.13662
0.522442
0.658198
1.12648
0.430939
0.448581
0.31993
0.526557
0.0507091
0.566804
0.275711
0.387839
0.969306
0.378402
0.558052
1.0215
0.356145
0.566768
0.610645
0.471782
0.760961
0.340153
0.647204
0.919988
0.320837
0.619641
0.35885
0.330657
0.512161
0.312708
1.26399
0.923065
0.453977
0.231948
0.410452
0.522752
0.381422
0.32861
0.309985
1.13729
0.781465
0.983526
0.528468
0.535555
0.533707
0.687695
0.927642
0.298464
1.11988
0.727634
0.607399
0.805981
0.823248
0.491234
0.571348
0.850136
0.395036
0.727784
0.228431
1.07156
0.515698
0.202433
0.36242
0.282334
0.433889
0.704666
0.692651
0.890162
0.912257
0.500597
0.712862
0.50295
1.03562
0.703186
0.715925
0.468335
0.538919
0.710923
0.283117
0.58994
0.230352
0.634614
0.492147
0.296779
0.368783
0.851426
0.476934
0.275729
0.360464
0.733524
0.833487
0.302488
0.806875
0.814782
0.595042
1.02495
0.403595
0.651635
0.753926
0.606123
0.791827
0.403729
0.830442
0.217921
0.452862
0.824093
0.359684
1.09447
0.507688
0.741796
0.638224
0.772676
0.365213
0.649293
0.411003
1.01051
0.694596
0.491678
0.787223
0.609326
0.492911
0.201391
0.547749
0.751132
0.999864
0.733635
0.796846
1.24701
0.466634
0.492133
0.485624
0.609132
0.778435
1.09115
0.644044
0.362482
0.982678
0.881837
0.727358
0.170835
0.48425
0.888832
0.39959
0.700369
1.1366
0.384071
0.58509
0.340983
0.774664
0.633824
0.676856
0.213024
0.452198
0.585896
0.341072
0.846114
0.511095
0.633699
0.932274
0.897379
1.41174
0.589879
0.762907
0.492989
0.570601
0.690584
0.399003
0.612594
0.407778
0.64354
0.858063
0.377152
0.69094
1.15144
0.569426
0.937856
0.38371
0.620078
0.478253
0.319778
0.527758
0.26667
0.996606
0.454016
0.663177
0.253025
0.71205
0.580874
1.40316
0.810114
0.454868
0.311488
0.628904
0.692985
1.03884
0.42573
0.746918
0.429312
1.03314
0.280773
0.728132
0.615664
0.656417
0.693589
0.921407
0.710101
0.749578
1.05843
0.227745
0.526297
0.338611
0.491673
0.237678
0.450519
0.187167
0.535306
0.92286
0.278975
0.852891
0.94861
0.341158
0.575075
0.205508
0.784841
0.487519
0.327662
0.875373
0.61276
0.87214
0.51739
0.63605
0.771692
0.381911
0.412732
0.544167
0.543683
0.524974
0.543172
1.04941
0.271382
0.13207
0.57795
0.789441
1.32814
0.895997
0.396271
0.491314
0.411465
0.604166
0.311091
0.485532
0.804463
0.599299
0.363703
0.740404
0.487853
0.528026
0.676187
0.402406
1.09836
0.52324
0.475442
0.521994
0.575108
0.473302
0.694762
0.989948
0.553207
0.372269
0.534773
0.836647
0.535431
0.47211
0.245916
0.634161
0.268851
0.352392
0.682455
0.560421
0.474859
0.330374
0.373635
0.732163
0.687186
0.609607
0.379897
0.383153
0.552541
0.652225
0.436828
0.41595
1.05851
0.875935
0.953408
0.541062
0.737945
0.774537
0.46665
0.298228
0.239453
0.649469
0.654664
0.639794
0.327537
0.630953
0.498996
0.502753
0.345679
0.911382
0.635142
0.915517
0.840935
1.18243
0.663314
0.72505
0.666865
0.937512
0.693723
0.565984
0.255496
0.207962
0.497252
0.739828
0.228879
0.701545
0.445664
0.37189
1.02337
0.381314
0.585663
0.806592
0.446287
0.546509
0.38576
1.00929
0.881209
0.308161
0.680526
0.554148
0.761585
0.777527
0.561945
0.624019
0.273122
0.512176
0.482121
0.288008
0.804902
0.859477
0.509842
0.48684
0.23366
0.828101
0.857892
0.415607
0.551927
0.591494
0.422177
0.48411
0.586568
0.266586
0.522883
0.730596
0.699822
0.422207
0.515371
0.721791
0.477519
1.19991
0.675661
0.699143
0.543534
0.867373
0.575033
0.63252
0.253932
0.341701
1.13395
0.861858
1.03687
0.773212
0.216411
0.601129
0.421518
0.621301
0.952049
1.12171
1.09234
0.582409
0.449164
0.50524
0.504012
0.148223
0.541119
0.827755
0.462473
0.218829
0.883962
0.870414
0.804113
0.892945
0.505196
0.820005
0.582151
0.298043
0.33175
0.340081
0.55663
0.644976
0.608133
0.432947
0.711417
0.354422
0.444569
0.256277
0.935454
0.729664
0.733214
0.36287
0.412813
0.631189
0.98667
0.414491
0.211461
0.65557
0.613264
0.223744
0.282775
0.730387
0.442842
0.542713
0.686421
0.301994
0.804797
0.493213
0.275547
0.640301
0.179982
0.55545
0.533557
0.787852
0.451605
0.642381
0.807744
1.01515
0.347503
0.569347
0.402358
0.57443
0.427405
0.559571
0.646303
0.761213
0.542947
0.923106
0.392313
0.304166
0.373952
0.763376
0.651736
0.289572
0.417859
1.11273
0.115159
0.507145
0.463995
0.463977
0.869146
0.568832
0.780545
0.454681
0.587923
0.904536
1.37516
0.800579
0.851936
0.567465
0.267665
0.850065
0.381143
0.55179
0.280749
0.508716
0.284974
0.368012
0.485513
0.382374
0.341987
0.732092
0.812586
0.501812
0.331036
1.08651
0.337959
0.314575
0.538922
0.691116
0.537294
0.510167
0.616565
0.237075
0.404175
1.1452
0.635894
0.837916
0.677643
0.41058
0.851836
0.882453
0.543479
0.494248
0.323619
0.878031
0.39582
0.919923
0.842475
0.414417
0.33231
0.70405
0.685904
1.02561
0.156209
0.339673
0.684633
0.787
0.225111
0.858829
0.761425
0.630016
0.534984
0.578565
0.459423
0.531056
0.572465
0.815531
0.596758
0.417865
0.478306
0.857419
0.322628
0.692891
0.440668
0.340221
0.529403
0.786564
0.800947
0.328743
0.19142
0.822691
0.410457
1.01756
0.460852
0.504081
0.250252
0.76247
0.664558
0.476517
0.424531
0.78505
0.900844
0.211264
0.68929
0.446835
0.529256
1.12842
0.421953
0.730531
0.76997
0.738046
0.653866
0.684916
0.42185
0.39972
0.524161
0.270932
1.17362
0.594518
0.595073
0.381228
0.446666
0.584058
0.835766
0.550965
0.500579
0.423348
0.923299
0.326391
1.04189
0.907158
0.664807
0.879974
0.418802
0.429285
0.324898
1.09465
1.01762
1.01281
0.55423
0.46027
0.531636
0.495015
0.678098
0.356279
0.381861
0.726108
1.00602
0.591751
0.358256
0.243025
0.861001
0.942337
0.441098
0.978733
1.09487
0.265035
0.810714
0.41885
0.35879
0.551202
0.257606
0.828923
0.389252
1.00976
0.769888
0.420264
0.5289
0.884065
0.453372
0.363041
0.807066
0.455798
0.557271
0.319129
0.369665
0.272687
0.258089
0.36616
0.318716
0.696559
0.645931
0.908592
0.395273
0.518313
0.348902
0.42369
0.447742
0.284633
0.895433
0.72821
0.536952
0.380682
0.433839
1.13148
0.570923
0.513026
0.971826
0.35156
0.64223
0.366599
0.627676
0.727736
0.572618
0.849106
0.426634
1.0856
0.285675
0.369918
0.45946
1.04673
0.508622
0.422864
0.618168
0.833754
0.781527
0.489055
0.452136
0.835957
0.547015
0.338454
0.502049
0.902282
0.423305
0.853286
0.537749
0.910019
0.299238
0.887184
1.04608
1.06619
0.361547
1.03791
0.550999
0.670662
0.274252
0.264219
0.37746
0.723133
0.462766
0.759349
0.470414
1.09421
0.514667
0.328569
0.513466
0.263365
0.554273
0.335228
0.768657
1.24251
0.812969
0.552023
0.914586
0.447312
0.705705
0.884513
0.169825
0.959421
0.417386
0.1924
1.14589
0.588455
0.5545
0.753354
0.160885
0.369369
0.477137
0.458937
1.10037
0.555736
0.81789
0.424795
0.617531
0.313241
0.713845
0.856291
0.577124
0.0768189
0.520333
0.789086
0.929251
0.754889
0.298172
0.272645
0.350937
0.39196
0.323975
0.747887
0.577343
0.519555
0.858915
0.485393
0.354294
0.983064
0.400562
0.448307
0.672911
1.01602
0.977759
0.874382
0.545051
0.864913
0.932285
0.740474
1.33128
0.573122
0.70861
0.578211
0.726645
0.427407
0.608806
0.813157
0.738178
0.884301
0.651344
0.632107
0.177769
0.525801
0.59381
0.683706
0.825085
0.664792
0.486848
1.44411
0.618446
0.629648
0.352769
0.41752
0.97371
0.479999
0.530132
0.649481
0.695657
0.479345
0.726793
0.51071
0.522201
0.600498
0.945349
0.822642
0.456434
0.455249
0.285976
0.552053
0.251771
1.03917
0.689416
0.67121
0.560231
0.303041
0.985305
0.384234
0.6225
0.637827
0.409348
0.499939
0.512549
0.367378
0.642855
0.40511
0.565058
0.965009
0.533387
0.798738
0.400665
0.15504
0.758408
0.123419
0.680101
0.319812
0.548216
0.400365
0.193588
1.07933
0.832902
0.504235
0.688461
1.1164
0.270484
1.00657
1.36261
0.649443
0.108642
0.913502
0.250661
0.667304
0.451019
0.451874
0.656867
1.09859
0.366995
0.86399
0.662516
0.477485
0.561513
0.965693
0.569652
0.397555
0.363735
0.701441
0.807926
1.10349
0.840703
0.253312
0.378027
0.754487
0.902641
0.761003
1.11435
1.01356
0.673602
0.365173
0.838112
1.1978
0.593443
0.877478
0.246755
0.914439
0.793936
0.909033
0.599221
0.561727
0.612333
0.947007
0.543129
0.484797
0.569374
0.507284
0.58899
0.574284
0.307184
0.278069
0.539456
0.663475
0.750272
0.488517
0.269566
1.02901
0.691542
0.469892
0.660308
0.85733
0.857601
0.253519
0.248747
0.41291
0.662707
1.12995
0.61681
0.391001
0.656224
0.563269
0.430291
0.480759
0.505887
0.638025
0.735298
0.33771
0.687992
0.851952
0.704719
0.588255
0.420048
1.01694
0.435628
0.65254
0.272698
0.337065
0.258059
0.23192
0.480579
0.971366
0.554254
0.388239
0.428783
0.529639
0.853971
0.963654
0.738341
0.605835
0.413723
0.48623
0.584463
0.428922
0.27604
0.29856
0.658557
0.46578
0.785312
0.547881
0.26687
0.440705
0.465957
0.203544
0.588333
0.964931
0.54444
0.858436
0.577825
0.440766
0.399171
0.514695
0.393557
0.434272
0.847549
0.595526
0.975757
0.52894
0.57477
0.854969
0.816994
0.934754
1.50325
0.525841
0.300442
0.581209
0.553839
0.646162
1.17157
0.807731
0.682079
0.638829
0.960609
0.737167
0.216325
0.485572
0.364746
0.982427
0.790253
0.875568
0.749393
0.75074
0.563451
0.483031
0.645846
0.343347
0.518922
0.535963
0.861249
0.544722
0.811057
0.374487
0.32192
0.142703
0.318904
0.710788
0.436601
0.472509
0.286505
0.10907
0.334854
0.48386
0.498345
0.523303
1.25604
0.459745
0.73576
1.26226
0.952269
1.0814
0.379936
0.580153
1.18163
0.676069
0.441116
0.921557
1.15115
1.06109
0.811919
0.552314
0.381709
0.455589
0.796394
0.585771
0.410323
0.297858
0.335227
0.437806
0.601396
0.666465
0.362737
0.617884
0.582032
0.419465
0.650564
0.300248
0.443767
0.809996
0.239199
0.880804
0.74806
0.772866
0.42357
1.34399
0.928001
0.372599
0.387079
0.549078
1.0741
0.289377
1.12852
0.744526
0.65396
0.516974
0.574664
0.765135
0.448172
0.193064
0.570321
0.294737
0.56296
0.340794
0.340737
0.781551
0.499981
0.329395
0.460505
0.354828
0.657193
0.826113
0.20162
0.575371
0.559108
0.556329
0.441741
0.829527
0.887783
0.365847
0.469246
1.12182
0.687533
0.79532
0.134322
0.524453
0.693953
0.717292
0.196419
0.92003
1.08595
1.06286
0.644901
0.594825
0.718644
0.914879
0.382263
0.428564
0.767681
0.36991
0.770502
0.207187
0.374658
0.391605
0.723168
0.468692
0.703849
0.549933
0.677275
0.740489
0.636586
0.427093
0.773854
0.615609
0.16456
0.880558
0.29595
0.278523
0.379091
0.403577
0.463139
0.377099
0.53105
0.441216
0.828264
0.837169
0.757088
0.344853
0.228797
0.3413
0.0696737
0.271398
0.362202
0.552063
0.408022
0.248293
0.613327
0.600996
0.513437
0.633691
0.921779
0.372448
0.915308
0.69858
0.817739
0.89806
1.13492
0.464458
1.17628
0.631106
0.515681
0.600151
0.478966
0.725548
0.393431
0.450418
0.640208
0.447668
0.481031
0.369068
0.515887
0.600153
0.8176
0.720733
0.612159
0.532337
0.240912
0.305742
0.800589
0.263753
0.341169
0.954949
0.388112
0.432867
0.662211
0.582471
0.739152
0.512938
0.693013
0.847898
0.792213
0.425185
0.869703
0.752919
0.490165
0.856747
0.385268
0.233811
0.446556
0.699698
0.461502
0.589339
0.434942
0.593455
0.973575
0.689776
0.110195
0.18186
0.834595
0.39168
0.750683
0.355936
0.793457
0.203747
0.88663
0.785858
0.436694
0.792659
0.637892
0.522589
0.676783
0.253111
0.715692
0.675767
0.650277
0.585299
0.390535
0.376796
0.350341
0.469857
0.489534
0.616603
0.77219
0.559427
0.829258
0.490129
0.580779
0.365314
0.330933
0.725068
0.345698
0.83451
0.760424
0.239233
1.08822
0.595099
0.412715
0.109649
0.273194
0.621909
0.948209
1.10813
0.726563
0.719725
0.66643
0.754997
0.357051
0.39164
1.06479
0.753528
0.689623
0.550269
1.29032
0.446716
0.185286
0.224813
0.769221
0.173293
0.447651
0.458011
0.407917
0.867029
0.512686
0.233041
0.160577
0.470016
0.252873
0.253605
0.817414
0.380248
0.677616
0.401756
0.280487
0.482192
0.601914
0.363812
1.00583
0.49137
0.420484
0.643315
0.546904
1.22338
0.795958
0.62361
0.657155
0.805089
0.643162
0.495492
0.210015
1.19202
0.721526
0.432377
0.352238
0.182814
0.168462
0.582621
0.236016
0.560373
0.698654
0.7624
0.156059
0.556316
0.5224
0.829256
0.542559
0.463356
0.523334
0.970097
0.425886
0.541643
0.76609
0.313981
0.195847
0.610923
0.383749
0.564985
0.73754
0.792509
0.580013
0.317624
0.602066
0.558025
0.189951
0.669369
0.408784
0.706343
0.153689
0.490783
0.836651
0.562567
0.660576
0.354762
0.271191
1.22454
0.514811
0.379314
0.884902
0.372891
1.03793
0.41582
0.333797
0.910786
0.822623
1.17349
0.407785
0.844953
0.217731
0.371464
0.171833
0.518375
0.282028
0.509966
0.529622
0.545078
0.480926
0.0795518
0.36754
0.546182
0.65021
0.884481
0.576664
0.525814
1.03998
0.738847
0.433976
0.466841
0.398819
0.451897
0.989405
0.805337
0.720594
0.481926
1.06395
0.500597
0.847201
0.840032
0.5675
1.18274
0.897965
0.92607
0.397359
0.485358
0.438379
1.10701
1.00251
0.448688
0.519127
0.920593
0.373566
0.43256
0.491943
0.612846
0.825931
0.527046
0.231131
0.503465
0.443226
0.644759
0.734206
0.799953
0.41235
0.478572
0.506714
0.146066
0.481191
1.07063
0.418852
0.485248
0.302589
0.730371
0.77782
0.432524
0.542058
1.1157
0.589909
0.710545
0.91074
0.724661
0.358883
0.676513
0.377897
0.201388
0.873203
0.795689
0.555255
0.529667
0.682444
0.487492
0.544022
0.687174
0.331148
0.805472
0.631513
0.812871
0.863951
0.871936
0.383281
0.493838
0.359589
0.693543
0.799482
0.783148
0.21389
0.456947
0.417739
0.300415
0.38079
0.515142
0.361141
0.616481
0.294001
0.367941
0.497041
0.563313
0.82221
0.876898
0.572591
1.08179
1.01319
0.690863
0.729995
0.839545
0.675903
0.957948
0.385183
0.568417
0.714737
0.47462
0.57095
0.758665
0.418208
0.564186
0.579902
0.953321
1.16805
0.368426
0.400234
0.84931
0.855967
1.04022
0.566499
0.628984
0.130288
0.819799
0.290675
0.450223
0.833654
0.523184
0.85361
0.763289
0.335524
0.446275
0.784855
0.482587
0.593544
0.664829
0.85046
1.09764
0.147511
0.805293
0.887971
0.493256
0.356843
0.396493
0.195508
0.706471
0.499143
0.881923
0.771529
0.35311
0.822225
0.363369
0.940046
0.699349
0.306963
0.310807
1.07526
0.965594
0.554295
0.311112
0.459397
0.995755
0.797751
0.547336
0.378064
0.653683
0.680802
0.396376
0.485329
0.954921
0.324926
0.478085
0.515265
0.699113
1.01818
0.393079
0.718871
0.954418
0.455281
1.05006
0.572619
0.118095
0.817282
0.738254
0.574794
0.218427
0.586304
0.309999
0.811806
0.366871
0.600673
1.12003
0.549115
0.288631
0.440149
0.726678
0.959499
0.755872
0.547293
0.683357
0.579691
0.564776
0.966197
0.770264
0.539539
0.414841
0.679481
0.400583
0.841442
0.431457
0.540509
0.468663
0.728406
0.653671
0.823311
0.188697
0.796493
0.654566
0.509486
0.358562
0.419969
0.139558
0.941608
0.768069
0.861678
0.362313
0.315856
0.914182
0.442975
0.455005
0.505278
0.34516
0.698139
0.381927
0.31283
0.627091
0.43394
0.39545
0.730947
0.521779
0.205185
0.47687
0.479822
0.249904
0.384219
1.22138
0.322736
0.843882
0.746831
0.638155
0.622165
0.719284
0.292538
0.281972
0.996165
0.483927
0.304093
0.948609
0.187627
1.0567
0.695947
0.858567
0.712395
0.916953
1.34114
0.639927
0.590721
0.517803
0.544967
0.958846
0.678641
0.307166
0.682552
0.331048
0.768128
0.287972
0.629559
0.394833
0.406954
0.479465
1.22473
0.759049
0.325865
0.753439
1.14788
0.47983
0.744743
0.615039
0.414218
0.651628
0.236488
0.512753
0.362115
0.734031
0.981758
0.546925
1.01991
0.618762
0.497387
0.648007
1.17487
0.618489
0.521201
0.270048
0.907644
1.02463
0.656894
0.454136
0.531004
0.385672
0.685321
0.487324
0.360052
0.776823
0.902536
0.561993
0.712456
0.653869
0.849059
0.441011
0.925976
0.272212
0.322878
0.901416
0.391595
0.665286
0.811279
0.692647
0.214659
0.442225
0.346538
0.693617
0.545347
0.397321
0.561479
0.492915
0.448381
0.464032
0.259063
0.865915
0.866701
0.593414
1.27111
0.27239
0.732131
0.500796
0.684805
0.486281
0.410169
0.322598
0.538421
0.849818
0.802716
0.554707
0.554249
0.547623
0.514711
0.733259
0.291691
0.560034
0.410394
0.741103
0.481634
0.78121
0.436487
0.86361
0.613453
0.462886
0.706219
0.675027
0.138658
0.720459
0.605958
0.245177
0.30883
0.469657
0.370943
0.662893
0.348444
0.90968
0.910444
0.465821
0.903479
1.12212
0.788617
0.388217
0.395156
0.610099
0.901268
0.689601
1.03475
0.507166
0.138321
0.419138
0.331741
0.552491
0.472716
0.963953
0.468809
0.418405
0.639599
0.517445
0.900529
0.390783
0.548595
0.912382
0.699118
0.892351
0.128022
0.755311
0.112006
0.683463
0.214413
0.430124
0.457364
0.563024
0.900113
0.543367
0.692204
0.704434
0.515751
0.77622
0.284923
0.803178
0.352728
0.630759
0.853109
0.716419
0.734585
0.545957
0.339993
0.537066
0.686378
0.271704
0.562015
0.713639
0.707272
0.535742
0.868639
0.516841
0.346117
0.608633
0.373611
0.758674
0.916461
0.799516
0.389599
0.936536
0.749437
0.571005
0.56587
0.534281
0.740786
0.712718
0.715359
0.322721
0.54853
0.11402
0.841321
0.259115
0.867752
0.606178
0.926917
0.672294
0.377726
1.35357
0.215105
1.25739
0.60005
0.770397
1.08575
1.02277
0.285367
0.952163
0.795725
0.557172
0.316582
0.482746
0.884844
0.618109
1.01954
0.770499
0.288665
0.619339
0.644321
0.603598
0.507521
0.408375
0.185397
0.490822
0.944412
0.924824
0.445234
0.503342
0.0562328
0.310621
0.458972
0.496008
0.42757
0.610169
0.308167
0.351197
0.791745
0.361068
0.5315
0.553044
0.86169
0.733609
0.740007
0.64106
0.520919
0.86715
0.506185
0.710894
0.350067
0.534502
0.343118
0.756621
0.610205
0.682239
0.585261
0.784769
0.397409
0.865213
0.3447
0.437076
0.266265
0.754474
0.652078
0.243593
0.500075
0.966333
0.817618
0.439182
0.233067
0.419707
0.408431
0.867964
0.419502
0.753093
0.637149
0.53624
0.472625
0.370484
0.34494
0.199914
0.602004
0.362708
0.478145
0.456578
0.242205
0.582114
0.291648
0.448527
0.439331
0.682226
1.22578
0.327253
0.796212
0.885802
0.389542
0.463094
0.940884
0.658046
0.951648
0.70703
0.362652
0.234526
0.206016
0.487623
0.468387
0.438383
1.00751
0.575443
0.790032
1.01284
0.765903
0.288411
1.25538
0.457746
0.488751
1.17199
0.512618
0.344422
0.701932
0.532722
0.559279
0.780481
0.610739
0.288226
0.251248
0.413005
0.882377
0.277213
0.679607
0.669194
0.6901
0.253589
1.00044
0.163767
0.999519
0.466529
0.896735
0.606242
0.407635
0.654841
0.527972
0.203935
0.261894
0.552482
0.957761
0.761905
0.444078
0.182075
0.913876
0.500176
0.942173
0.553006
0.470541
0.337551
0.718521
0.579778
0.361837
0.639968
0.638029
0.348927
0.5322
0.484555
0.288406
0.911772
0.704233
0.815484
0.387831
0.34753
0.635182
1.11893
0.953545
0.447114
0.610635
0.694887
0.518437
0.506736
0.662074
1.11466
0.855354
0.419923
0.863394
0.86215
0.944745
0.635852
0.663604
0.34059
0.509369
0.365356
0.93967
0.390217
0.723886
0.474324
0.377291
1.00483
0.673206
0.311493
1.19707
0.72803
0.451925
0.725266
1.32781
0.804743
0.436611
0.788926
0.420423
0.179738
0.707852
0.122729
1.14811
0.236553
0.717137
0.521252
0.402246
0.272298
0.291695
0.737274
0.172866
0.804215
0.50798
0.211943
0.911447
0.609832
0.438318
0.716698
0.209871
0.778644
0.543502
0.530672
0.317149
0.399632
0.261502
0.0845904
0.629587
1.14861
0.993379
0.380018
0.505844
0.500245
1.08391
0.938652
0.359148
0.357592
0.936173
0.426378
0.574894
0.501683
0.293136
0.512209
0.368321
0.66451
1.05767
0.433735
0.777727
0.861974
0.269873
0.391786
0.490798
0.680145
0.562694
0.579736
0.171941
0.355229
0.242945
0.610808
1.12457
0.680997
0.525271
0.626396
0.566628
0.52086
0.376349
0.622824
0.742603
0.517435
0.263724
0.468397
0.725039
0.510596
0.508812
0.687982
0.964489
0.584075
0.956334
1.12408
0.708067
0.620108
0.343471
0.566191
0.762489
0.736158
0.401105
0.531338
0.790266
0.624192
0.544237
0.820568
0.292545
0.0564835
0.408226
0.31561
0.549277
0.901215
0.576224
0.45225
0.283643
0.430436
0.31293
1.09802
0.944057
0.391522
0.738517
0.528227
0.434971
0.536217
0.728633
0.872452
0.502934
0.855496
1.15256
0.591834
0.706259
0.676801
0.561036
0.854025
0.708971
0.36633
0.214053
1.0266
0.671782
0.699561
0.533322
0.468049
0.767268
0.33482
0.346122
1.12855
0.224478
0.426762
0.841592
0.800768
0.539465
0.505103
0.59237
0.663069
0.363357
0.407059
0.247697
0.532374
0.853343
