0.621228
1.08691
1.20787
0.758965
0.671016
0.562402
0.339148
0.483716
1.27976
0.533547
0.7715
0.364639
0.849663
0.625931
0.568505
0.539558
0.98521
0.556629
0.350987
0.277443
0.28788
0.483411
0.646692
0.226872
0.460813
0.637953
0.848642
0.308022
0.780527
0.652897
0.774261
0.473221
0.685173
0.895289
0.640825
0.719247
0.569494
0.797554
0.550699
0.444315
0.34174
0.829665
0.28093
0.805219
0.889594
0.50434
0.646036
0.413464
0.803994
0.554252
0.637855
0.920033
0.724574
0.334884
0.768186
0.787574
0.359174
0.156119
0.766463
0.0580417
1.06899
1.06709
0.81746
0.724946
1.11404
0.782988
0.736334
1.09573
0.624389
0.543013
0.565937
0.513842
0.534761
1.21563
0.567049
0.595014
0.964038
0.613235
0.872766
0.908698
0.696357
0.573443
0.508856
0.429841
0.526324
0.576662
0.481746
0.496365
0.494558
0.223023
0.468261
0.301606
0.836491
1.03209
0.388371
0.529252
0.477461
1.43554
0.621492
0.535395
0.669001
0.637314
0.452656
0.822796
0.557172
0.57114
0.738444
0.47862
0.502371
0.417396
0.759871
0.522827
0.353102
0.472806
0.880323
0.709853
0.304071
0.470151
0.790121
1.07865
0.21412
1.12696
0.575782
0.735177
0.811008
0.366737
0.81083
0.575955
1.22087
0.431061
0.454549
1.03556
0.63071
0.284655
0.280923
0.372168
0.385319
0.866683
0.809283
1.02092
0.303064
0.545549
0.586099
0.722245
0.362202
0.599012
0.800897
0.631175
0.337728
0.618306
0.579502
0.582832
1.13744
0.607101
0.667957
0.555226
0.651724
0.724865
0.23007
0.514388
0.726731
0.202725
0.508662
0.73806
0.295108
0.530661
0.407762
0.464333
0.436808
0.429267
0.387376
0.904942
0.200423
0.581193
0.808031
0.811893
1.13372
0.436909
0.791729
0.70221
0.950585
0.524417
0.310441
0.536151
0.507203
0.61959
0.924369
0.592741
0.387061
0.769144
0.887986
0.712377
0.677136
0.967166
0.996719
0.634739
0.566884
0.927404
0.310337
0.782728
0.291839
0.544455
0.698517
0.910077
0.822241
1.31293
0.726901
0.426727
0.56348
0.646805
0.537388
0.407935
0.365928
0.575785
0.671092
0.603032
0.66098
0.46131
0.55756
0.615146
0.577014
0.884045
0.734113
0.42792
0.564908
0.463208
0.703832
0.617631
0.487776
0.480374
0.266498
0.547595
0.561591
0.42465
0.893628
0.400441
0.451522
0.636058
1.15097
0.537935
0.340868
0.345548
0.785014
1.09973
0.533407
0.657726
0.631737
0.387788
0.886915
0.591258
1.07595
0.893717
0.786425
1.14058
0.639032
0.483951
0.348994
0.463597
0.728638
0.821784
0.99985
0.499375
0.547048
0.685166
0.490516
0.45489
0.396297
0.557251
0.931208
0.533498
0.398956
0.488683
0.31287
0.311392
0.512865
1.03486
1.00942
0.511138
0.372296
0.897462
0.486874
0.417176
0.985028
0.358153
0.429619
0.498754
1.02577
0.725161
0.581954
0.841979
0.581478
0.610649
0.939265
0.135386
0.720326
0.812434
0.48499
0.496275
0.788231
0.703885
0.658345
0.716713
0.318883
0.582008
0.442449
0.393868
1.06138
0.359555
0.237148
0.599485
0.251752
1.04408
1.00707
0.732899
0.776664
0.686033
0.646199
0.640162
0.42294
0.479239
0.452082
0.554278
0.688281
0.310515
1.28387
0.242105
0.739638
0.365093
0.617443
0.434835
0.961968
1.22363
0.449658
0.549981
0.84945
0.247608
0.652354
0.773036
0.815955
0.43811
0.794351
1.24549
0.720415
0.675109
0.437314
0.882402
0.504878
0.854854
0.249198
0.838646
0.628953
0.430498
1.01392
1.21864
0.419284
0.653967
0.599602
0.52755
0.478827
0.977549
0.292966
0.683535
0.642318
0.470058
0.803459
1.0524
0.464643
0.468149
0.471655
0.987388
0.363426
0.181975
0.245765
0.655135
0.32456
0.805851
0.811935
0.523142
0.761055
0.682905
0.585967
0.545691
0.524701
0.494147
0.598196
0.462151
0.26368
0.427924
0.551413
0.468879
0.224808
0.34239
0.203791
0.309626
0.76196
0.775988
0.545142
0.742983
0.535411
0.561251
0.82765
0.555743
0.425473
0.521446
0.582452
0.832007
1.0386
0.666533
0.334494
0.434329
0.142316
0.589186
0.587816
0.429845
0.672761
0.747341
0.572026
0.517636
0.382394
0.625774
0.505839
0.949032
0.6954
0.456054
0.347891
0.134192
0.496667
0.332702
0.34446
0.941411
0.36138
1.19312
0.374465
0.592927
0.331168
0.902585
0.392793
0.393717
0.889198
0.758234
0.828626
0.452666
0.748448
0.567059
0.407128
0.266393
0.711264
0.51529
0.557634
1.2292
0.591386
0.439954
1.28202
0.693428
0.374752
0.270207
0.347179
0.0960364
0.556948
0.331608
0.422763
0.388052
0.522558
0.737689
0.413223
0.259104
1.31835
0.645515
0.7992
0.544376
0.420834
0.565381
0.476533
0.490561
0.974094
0.534023
0.280767
0.603106
0.497834
0.644269
0.6012
0.4496
0.496541
0.484811
0.67057
0.61146
0.664899
0.550538
0.603572
0.208367
0.695721
0.768663
0.825435
0.623166
0.730539
0.664047
0.199551
0.81803
0.246347
0.516082
0.417608
0.327559
0.606035
0.474365
0.733139
0.686482
0.38086
0.757665
0.662683
0.815292
0.534867
0.279153
0.7688
0.296893
0.754316
0.385679
0.813513
0.57516
0.673126
0.817148
0.586017
0.805535
0.47168
0.655984
0.721786
0.712617
0.499885
0.66987
0.319816
0.744107
1.03927
0.909152
0.324213
0.801203
0.412779
0.223133
0.57972
0.888806
0.688464
0.454614
0.26113
0.516422
1.11864
0.546869
0.508009
0.407291
0.602593
0.876578
0.600919
0.751673
0.825792
0.203404
0.410088
0.837592
0.824052
0.760358
1.02788
0.649408
0.54604
0.765248
0.459812
1.10275
1.02712
0.356387
0.546765
0.678152
0.298522
0.515287
0.858558
0.525019
0.61994
0.237679
0.404398
0.184105
0.567296
0.598282
0.23804
0.545127
0.224144
0.494733
0.491653
0.320292
0.347265
0.392782
0.57236
0.573795
0.67514
0.531864
0.270246
0.297371
0.731024
0.834902
0.511085
0.696507
0.675949
0.581485
0.809942
0.629544
0.643949
0.477326
1.09112
0.743976
0.524028
1.24245
0.698684
0.521532
0.430058
0.409712
0.969126
0.820106
1.11447
1.02777
0.802005
0.224747
0.591474
1.04021
0.870774
0.356224
0.875531
0.661274
0.810467
0.859929
0.597478
0.505425
0.806408
0.342967
0.257826
1.12318
0.743695
0.275838
0.227072
0.447934
0.589964
0.540877
0.389237
0.355677
0.931423
1.0468
0.933136
0.691216
0.569463
0.819112
0.462615
0.252762
0.431237
0.442261
0.700343
0.737553
0.374565
0.25304
0.724694
0.713196
0.428225
0.966982
1.08571
0.922908
0.460395
0.261433
0.7045
1.04057
0.343846
0.438328
0.403973
0.479727
0.599238
0.80976
0.429837
0.807059
0.467843
1.0683
0.712291
0.538124
0.471716
0.94809
0.500191
0.581741
1.03629
0.717137
0.439925
0.43471
1.00759
0.380081
0.794693
0.218277
0.463522
0.424631
0.652227
0.350599
0.691025
0.427901
0.560427
0.633374
0.650508
0.969062
0.93922
0.40212
0.35996
0.621249
0.27731
0.974254
0.798101
0.830193
0.976859
0.433993
0.649239
0.47123
0.572287
0.781224
1.0768
0.386565
1.20242
0.770934
0.653125
0.551978
0.500189
0.476921
0.183058
0.454066
0.859208
0.288634
0.45208
0.671694
0.324824
0.69931
0.689654
0.763818
0.588624
0.285865
0.848556
0.664603
0.527927
0.330537
1.09563
0.379938
0.853865
0.549131
0.203327
0.791123
0.181698
0.731126
0.455319
0.926062
0.800794
0.441497
0.168402
0.446208
0.925703
0.889186
0.569837
0.488365
0.116612
0.846885
0.768921
0.481946
0.462584
0.579741
0.449318
0.658401
0.606449
0.60634
0.763266
0.449634
0.596443
0.891073
0.374655
1.01852
0.552962
0.31434
0.602676
0.799831
0.528049
0.431248
0.469448
0.170837
0.53235
0.398955
0.494542
0.399886
0.644335
0.493508
1.15868
0.522736
0.321734
1.1711
0.997381
0.678332
0.713543
0.538284
1.2053
0.697133
0.606432
0.704329
0.755094
1.30717
0.401919
0.413828
0.598456
0.931636
0.475996
0.695085
1.26152
0.826181
0.593497
0.95249
0.631236
0.630279
0.583414
0.403222
0.93863
1.08521
0.757607
0.679912
0.653292
0.916188
0.708898
0.56256
0.536151
0.438831
0.72202
1.02552
0.327647
0.402907
0.51697
0.456805
0.726555
0.567186
0.37868
0.39362
0.516468
1.25471
0.399144
0.408833
0.590456
0.483226
0.777506
0.235769
0.798285
0.674663
0.545031
0.450689
0.440216
0.438877
0.762443
0.440094
0.520561
0.462028
0.43737
0.769029
0.831206
0.376588
0.684081
0.447069
0.958893
0.167251
0.318747
1.23348
1.23638
0.846108
0.289764
0.647944
0.66061
0.822871
0.397356
0.827294
0.379127
1.39789
0.4622
0.704381
0.621588
0.415655
0.733263
0.959627
0.361102
0.658804
0.659513
1.17152
0.819016
0.810017
0.680463
0.697516
1.14804
0.397566
0.61918
0.657608
0.616891
1.22328
0.892348
0.585133
0.530061
0.482937
0.744171
0.407909
0.370329
0.601108
0.859939
0.616095
0.670361
0.285832
0.552305
0.514121
0.696961
0.550551
0.623506
0.462224
1.2258
0.884373
0.4169
0.437875
0.471393
0.540382
0.526883
0.53663
1.24332
0.576797
0.374407
0.542762
0.699236
0.0867578
0.874999
0.672828
0.882387
0.482568
0.600233
0.481724
0.758136
0.563711
0.864055
0.400323
0.735837
0.802296
1.2731
0.604542
0.53039
0.340621
0.688566
0.491461
0.296703
0.542708
0.696821
0.301056
0.551718
0.375885
0.43454
0.695905
0.445453
0.22176
1.33473
0.825698
0.731472
0.776
0.685386
0.357457
0.601528
0.916854
0.499288
0.830007
0.648716
0.475143
0.714353
0.499835
0.588866
1.12305
0.367946
0.460973
0.385879
0.52177
1.12206
0.467774
0.52401
0.490481
0.666663
0.200695
0.418224
0.251141
0.616374
0.840412
0.477932
0.547333
0.614616
0.542967
0.550672
0.599436
0.202864
1.00706
0.564332
0.788209
0.328322
0.511069
0.989222
0.611953
0.650122
0.479767
0.394578
0.165012
0.41957
0.312903
0.85176
0.509738
0.486358
0.571864
0.116566
0.610993
0.281472
0.595027
1.23058
1.00477
0.333628
0.69033
0.983636
0.399238
0.47445
0.631087
0.999944
0.300022
0.643763
0.63105
0.618893
0.602525
0.360451
0.541826
0.505702
0.492126
0.749684
0.678212
0.639217
0.233646
0.643549
0.935613
0.2749
0.853208
0.948274
0.629729
0.278917
0.476459
1.24913
0.590146
0.424461
0.824082
0.544767
0.439594
0.629512
0.786756
0.541432
0.596044
0.840013
0.68105
0.811711
0.517367
0.410486
0.668999
0.212795
0.714147
0.881383
0.618687
0.695219
0.403488
0.594569
0.499684
1.46798
0.856824
1.18936
0.561954
0.389219
0.958545
0.671264
0.813932
0.421109
0.545243
0.661891
0.966133
0.631327
0.271351
0.339564
0.718432
0.761555
0.475166
0.290158
0.344336
0.550388
0.952081
0.344671
0.777807
0.403962
0.203002
0.649184
0.509417
0.398418
0.234962
0.863666
0.695017
0.22991
0.848813
0.531109
0.770561
0.309473
0.668769
0.338686
0.405705
0.557593
0.617796
0.597226
0.5437
0.541242
0.536728
0.598191
0.550276
0.352017
0.399496
0.971111
0.487699
0.38339
1.05001
0.948453
0.184757
0.599352
0.869556
0.153037
0.875786
0.613089
0.625923
0.694157
0.286587
0.588384
0.202765
1.03815
0.863501
1.21615
0.223923
0.362978
0.443135
0.264721
0.41128
0.489689
0.77576
0.90178
0.444378
0.606163
0.517166
0.729454
0.70004
0.783585
0.282313
0.201199
0.971221
0.595316
0.660152
0.593182
0.476349
0.330032
0.635395
0.434308
0.640647
0.696977
0.456056
0.510355
0.661035
0.816007
0.442749
0.721657
0.451167
0.842657
0.50107
0.19955
1.03226
0.527797
0.566361
0.338555
0.94761
0.83462
0.285673
0.561049
0.831785
0.607239
0.815794
0.44895
0.607138
0.836062
0.49537
0.498253
0.405351
0.529345
0.482379
0.83412
0.618633
1.20622
0.553324
0.676739
0.440011
0.770734
0.573607
0.410791
0.378936
0.361939
0.918027
0.485579
0.554306
0.414018
0.354652
0.766176
0.620498
0.788826
0.553402
0.586015
0.803306
0.227969
0.758198
0.82675
0.270572
0.228362
1.27686
1.14352
0.596005
0.558033
0.299988
0.731086
0.73625
0.393525
0.407912
0.702846
0.182202
0.889532
0.789961
1.01711
0.334216
0.508575
0.710583
0.641909
0.367585
0.817136
0.634471
0.333327
1.11172
0.758055
0.950909
0.535814
1.17398
0.534926
0.759829
0.553733
0.472038
0.494827
0.850797
1.02435
0.233493
0.401197
0.294283
0.787146
0.91725
0.595579
0.663926
0.794301
0.784532
0.4944
0.481442
0.239726
0.32842
0.493288
0.906863
0.558195
0.475392
0.502359
0.456637
0.53844
1.10212
0.664394
1.23697
0.510392
0.165214
1.02207
0.710749
0.702258
0.570364
0.534519
0.68128
0.522568
0.599668
0.546418
0.597998
0.397822
0.405043
0.198711
0.607158
0.317353
0.803367
0.747734
0.57687
0.381343
0.516471
0.817219
0.285933
0.380055
0.592236
1.202
0.327534
0.90843
0.654637
0.494348
0.945934
0.167785
0.737613
0.477029
0.51137
0.775547
0.446957
0.552159
0.518226
0.215636
0.348767
0.33185
0.419389
0.843635
0.434743
0.757321
1.06192
0.475857
0.519371
0.489463
0.444705
0.710664
0.900681
1.20856
0.791948
0.461142
0.274535
0.336579
1.15153
0.499446
0.593394
0.309434
0.833086
0.479902
1.00385
0.940608
0.395465
0.378436
0.313052
0.569896
0.659212
0.389119
0.379459
0.851639
0.834217
0.960279
0.123164
0.762579
0.397678
0.712499
0.3841
0.574794
1.18724
0.531713
0.52816
0.376545
0.67182
0.278297
0.82665
0.768026
0.65518
1.10645
0.783674
0.458775
0.901023
0.158867
0.568431
0.38761
0.757274
0.526602
0.415577
0.395175
0.34684
0.491778
0.226404
0.509096
0.912133
0.796426
0.506987
0.909397
0.285984
0.757893
0.794239
0.627885
0.287175
0.888042
0.925355
0.965613
1.13465
0.913279
0.722455
0.695898
0.536507
0.750706
0.422041
0.262609
0.605998
1.11233
0.380537
0.493439
0.506876
0.251104
0.991196
0.402312
0.898618
0.346588
1.02291
0.33819
0.408538
0.951222
0.747749
0.515022
0.348081
0.586166
0.580469
0.940501
0.441877
1.08432
0.0547319
0.377669
0.40064
1.38327
0.703441
0.278757
0.564155
0.647075
0.232094
0.829852
0.640572
0.137618
0.519555
1.01157
0.307805
0.502099
0.329572
0.855226
0.585877
0.996934
0.887154
0.367494
0.908964
0.409008
0.910046
0.871677
0.956395
0.303957
0.389868
0.336518
0.75673
0.844312
0.935517
0.620808
0.707935
0.361101
0.252572
0.568851
0.454011
0.578692
0.505698
1.04192
0.66248
0.450656
1.1792
1.11486
0.551754
0.541909
0.63937
0.610744
0.790714
0.95079
1.00008
0.57136
0.787794
0.80316
0.19776
0.470651
0.496909
0.683882
0.651332
1.13989
0.596767
0.957721
0.670087
0.343513
0.873697
0.885843
0.426265
0.46448
1.0613
0.54745
0.67645
0.439303
0.680048
0.786288
0.787605
0.25386
0.958719
0.603478
0.88413
0.520513
0.388606
0.836402
0.383404
0.893692
0.672444
0.838931
0.463744
0.532466
0.338847
0.543999
1.19983
0.677178
0.608221
0.472837
0.883826
0.359807
0.955223
0.508555
0.848601
0.691987
0.941906
0.77434
0.480624
0.271199
0.654096
0.405539
0.362521
0.886587
0.680107
0.744718
0.685864
0.403917
0.488394
0.348271
0.332154
0.751669
0.399325
0.29703
0.388592
0.595763
0.950757
0.923045
1.00944
1.07206
0.885267
0.632587
0.197477
0.467526
0.721817
0.984611
0.640169
0.678098
0.505047
0.446685
0.568825
0.661286
0.713812
0.470749
0.887158
0.738391
0.453265
1.15176
0.487631
0.131757
1.09047
0.706335
0.584939
0.406579
1.27891
0.833854
0.384822
0.433604
0.585309
0.391737
0.726019
0.419014
0.536683
0.777066
1.01704
0.667886
0.734116
0.227592
0.562067
0.615744
0.599553
0.340223
0.671505
1.25508
0.279978
0.184394
0.761175
0.995211
0.652122
0.846866
0.501788
0.331221
0.23539
0.429365
0.438159
0.463121
0.683037
0.707001
0.831823
0.660238
0.460011
1.05871
0.529009
0.22596
0.403998
0.681482
0.72376
0.645749
0.380854
0.737275
0.886895
0.941234
0.334694
0.439474
0.896296
0.643537
0.925944
0.484384
0.600572
0.48659
0.851049
0.665217
0.933101
0.821311
0.37996
0.915008
0.448222
0.615431
0.266214
0.371852
0.584255
0.402709
0.531846
0.580448
0.387181
0.976238
0.879798
0.829901
0.713878
0.62428
0.492269
0.863289
0.494725
0.59336
0.568658
0.693838
0.935438
0.669174
0.519177
0.466484
0.52361
1.05647
0.775307
0.65879
0.429657
0.232859
0.605378
0.331802
0.65047
0.389558
0.957319
0.449089
0.657904
0.18662
0.421758
0.938957
0.776008
0.167543
0.629966
0.321928
0.667608
0.468543
0.606801
0.157825
0.531349
0.518002
0.407901
0.511691
0.601812
0.799683
0.50549
0.454962
0.468475
0.970058
0.182045
0.427515
0.724562
0.578148
0.287781
0.678219
0.748685
0.917904
0.4095
0.594732
0.479069
0.35106
0.426685
0.310372
0.527425
0.629736
0.443094
0.740038
0.566455
0.431781
0.846581
0.512612
0.407033
0.354378
0.644247
0.602615
0.64675
0.87787
0.511918
0.424065
0.481612
1.17633
0.63424
0.646266
0.859645
0.46512
0.209101
0.55805
0.77595
0.284699
0.309493
0.515911
0.689598
0.452251
0.424383
0.535878
0.542134
0.651094
0.767491
1.00906
0.653093
0.621106
0.882289
0.202254
0.616553
0.569333
0.0969121
0.353482
0.483639
0.202413
1.23232
0.721359
0.529874
0.557127
0.355644
0.851745
0.601047
0.543575
0.523856
0.420271
0.862524
0.555994
0.743307
0.570161
0.712027
0.566747
0.260558
0.632668
0.624416
0.664592
0.400168
0.364499
0.383797
0.732036
0.518412
0.961093
0.448575
0.341552
0.291944
0.382606
0.593229
0.566531
0.77462
0.324384
0.281903
0.734449
0.322046
0.108469
0.809914
0.31925
0.41201
0.735817
0.422481
0.720666
0.613237
0.564122
0.378385
1.1884
0.936451
0.75717
0.596389
0.681447
0.577963
0.509568
0.43457
0.695549
0.953714
0.102514
0.491126
0.291026
0.390507
0.497388
0.203391
0.386357
0.518518
0.622903
0.574337
1.21286
0.961698
0.298191
0.626129
0.722297
0.941683
0.406531
0.498217
0.445087
0.629854
0.403777
0.613303
0.725092
0.599485
0.543255
0.308214
0.950788
0.535918
0.151885
0.40939
0.445355
0.431877
0.573161
0.328976
0.668634
0.726236
0.79695
0.426352
0.268438
0.520928
0.696281
0.461896
0.852277
0.787315
0.27963
0.768213
0.394478
0.745901
0.839985
0.75392
0.880831
0.481777
1.00852
0.254413
0.617462
0.885499
0.542239
0.510135
0.103496
0.628475
0.456261
0.633248
0.550885
0.785614
0.633036
0.655502
0.937385
0.2824
0.318858
0.780269
0.275474
0.419462
0.466328
1.05061
1.14216
0.543427
0.524547
0.951962
0.35546
1.21618
0.423809
0.292324
1.00851
0.707701
0.657056
0.877336
0.679595
0.640854
0.762817
0.830415
0.5254
0.424889
0.653044
0.666837
0.6276
0.607
0.38075
0.780155
0.75719
0.310138
0.330232
0.627818
0.451109
0.922056
0.832801
0.543545
0.250151
0.34572
0.876288
0.847389
0.931584
0.380493
0.493651
0.975477
0.845295
0.468698
0.241377
0.376965
0.503813
0.453257
0.571163
0.688929
0.751854
1.2072
0.424767
0.744916
0.392281
0.723573
0.658368
0.65286
1.19825
0.424415
0.84244
0.627895
0.25578
0.912577
0.835869
0.614393
0.492339
0.565329
0.535375
0.722815
0.44474
0.528489
0.550385
0.677352
0.440041
0.46557
0.365821
0.775742
0.848246
0.576439
0.719216
0.136011
0.817105
0.291242
0.900712
0.400424
0.305753
1.02247
0.664329
0.42722
0.316581
0.442402
0.615263
0.526773
0.780202
0.408105
0.2958
0.863949
0.402717
0.62844
0.753779
0.596968
0.634359
1.05906
0.781545
0.756866
0.620721
0.639756
0.426963
0.434435
0.787648
0.651048
0.653122
0.818555
0.494343
0.53385
0.485974
0.762727
0.393646
0.570333
0.651106
0.509096
0.338238
0.452834
0.557877
0.401541
0.89138
0.659841
0.416195
1.05536
0.640061
0.433369
0.84977
0.687202
0.473589
0.398679
0.0935185
0.403834
0.311616
0.601184
0.385036
0.510813
0.864149
0.309231
0.610422
0.588395
0.604597
0.866911
0.472399
0.481487
0.894761
0.527536
0.332435
0.505202
0.639995
0.966247
0.352436
0.481942
0.361089
0.738701
0.535444
0.367235
0.301355
0.40926
0.384547
0.543276
1.0492
1.02288
1.25641
0.772204
1.02511
0.694653
0.449034
0.221379
0.519992
0.64718
0.572046
0.633668
0.748581
0.37002
0.473442
0.432115
0.590923
0.584556
0.178137
0.679284
0.856565
0.599498
0.571001
1.05968
0.305145
0.60382
0.636681
0.536681
0.493629
0.796369
0.351944
0.843087
0.560758
0.702783
0.661491
0.432354
0.496523
0.423204
0.272054
0.905242
0.588784
0.590774
0.433042
0.822044
1.02733
0.858539
0.755518
0.577165
0.892043
0.658446
0.433956
0.579679
0.754103
0.379178
0.678775
0.74063
0.751194
0.966363
0.910539
0.303548
0.472936
1.20657
0.377688
0.496898
0.783382
0.3883
0.827401
0.691692
0.397043
0.792652
0.767646
0.756713
0.249452
0.288505
0.655862
0.612882
0.459185
0.553145
0.48348
0.712984
0.420301
0.321717
0.627226
0.690974
0.739425
0.752021
0.880668
0.463721
0.92039
0.87094
0.50251
0.75263
0.645617
0.821339
0.826259
0.784349
0.631598
0.779848
0.59058
0.770032
0.433751
0.479829
0.664176
0.725642
0.254745
0.577798
0.554068
0.846983
0.654761
0.670046
0.660547
0.599174
0.754751
0.867369
0.777588
0.437699
1.0052
0.99274
0.697572
0.239056
0.675476
0.549794
0.200296
0.60242
0.650649
0.48276
0.416254
0.81754
0.405466
0.546972
1.11983
0.671529
1.03053
0.255835
0.424584
0.717183
0.636485
0.646471
1.03696
0.451478
0.609376
0.790368
0.398204
0.617831
0.426544
0.732137
0.341607
1.17379
0.200163
0.200027
0.877733
0.251954
0.773538
0.36169
0.990425
0.35035
0.316262
0.864864
0.730406
0.309459
0.767163
0.805275
0.447346
0.595484
0.819854
0.852818
0.865613
0.551799
0.362365
0.48468
0.463249
0.527581
0.965096
0.757261
0.477813
0.321786
0.329786
0.382242
0.779206
0.71876
0.372958
1.09241
0.135642
0.787432
0.397231
0.690282
0.604622
0.48485
0.465552
0.518545
0.977216
0.627658
0.624287
0.547356
0.504028
0.299671
0.936734
0.696515
0.48493
0.586995
0.17055
0.323721
0.827647
0.534854
0.664691
0.527792
0.746575
0.612661
1.14704
0.623529
0.435955
0.699096
1.17838
0.531901
0.222463
0.516227
0.366264
0.829209
1.1398
0.805711
0.37713
0.982356
0.708619
0.823673
0.661072
0.722541
1.13222
1.07003
0.685787
0.470359
0.442805
0.557323
0.369026
0.672233
0.558459
0.55983
0.523208
1.04494
0.215606
0.44086
0.938752
0.652766
0.975313
0.414727
1.03028
0.568745
0.230139
0.361149
0.210018
0.538194
0.903438
0.460496
0.286026
0.723913
0.434053
0.73536
0.244435
1.03453
0.497068
1.21622
0.184034
0.7101
0.489433
1.0534
0.947748
0.369706
0.764826
0.0819962
0.735622
0.141894
0.486623
1.03897
0.635553
0.649178
0.611505
1.02093
0.181985
0.284895
0.697875
0.564937
0.537912
0.723463
0.788654
0.373951
0.227524
0.337021
0.705049
0.733567
0.830447
0.913445
0.650663
0.495504
0.288524
0.595197
0.618768
1.00441
0.126285
0.479522
0.801548
0.192408
0.450864
1.07513
0.51435
0.940588
0.477879
1.25557
0.536197
0.852658
0.583571
0.690384
0.727085
0.308851
0.458474
0.746384
0.740809
0.683231
0.553168
0.398846
0.459002
0.548209
0.929668
0.454061
1.17034
0.511821
1.22147
1.03841
0.46719
0.740228
0.39727
0.104454
0.601127
0.544291
0.479104
1.07955
0.98205
0.948326
0.509448
0.892505
0.738228
0.6307
0.288969
0.303562
0.384488
0.402559
0.533362
0.479619
0.644764
0.20837
0.721198
0.445901
1.06246
0.330429
0.210956
0.726623
0.881368
0.436502
0.389445
0.504428
0.88543
0.379197
0.136954
0.809894
0.862665
0.65999
0.51951
0.344557
0.539803
0.543167
0.16921
0.259654
0.505881
0.434266
0.564092
0.911615
0.331143
0.288757
0.550654
0.593793
0.814911
0.704817
0.266404
0.410498
0.393612
0.983674
0.485601
1.20366
0.81811
0.661105
0.917412
0.802512
0.620611
0.573792
0.4538
0.210004
0.538891
0.385851
0.510037
0.338424
0.781929
0.515128
0.400646
0.481893
0.210962
0.492455
0.57279
0.886246
0.57356
0.250595
0.366183
0.462924
0.218864
0.95289
0.376455
0.840019
0.569571
0.536353
0.576151
0.686962
0.944536
0.571713
0.420864
0.548626
0.57545
0.354545
0.856435
0.530104
0.719881
0.587741
0.478348
0.59934
0.834739
0.597597
0.387147
0.214541
0.607552
0.598539
0.402984
0.451191
0.515328
0.387246
0.553915
0.472335
0.626726
0.640842
0.718974
0.340173
0.682492
1.07269
1.06959
0.838781
0.271221
0.162435
0.269095
0.607628
0.251828
0.631618
0.80055
0.407426
0.330915
0.505587
0.606354
0.820994
0.607022
0.46544
0.387756
0.802243
0.787595
0.768738
0.904711
1.00301
0.418782
0.361471
0.824909
0.760082
0.296291
0.746824
0.332694
0.649177
0.584314
0.83523
0.499939
0.774084
0.632791
0.465757
0.104494
0.499562
0.335055
0.52566
1.07689
0.535909
0.564492
0.542741
0.439708
0.490174
1.0256
0.264979
0.44644
0.617084
0.492235
0.791669
0.192863
0.617853
0.710415
0.718225
0.776888
0.507108
0.721771
0.395599
0.34582
0.499147
0.579641
0.550589
0.6055
0.421822
0.603291
0.295974
0.49159
0.366318
0.816598
0.437491
0.573145
0.341251
0.913654
1.12371
0.193461
1.25653
0.500346
0.878592
0.552284
0.770608
0.30556
0.52025
0.491893
1.05904
0.489258
0.694606
0.575428
0.787633
0.377335
0.506008
0.192063
0.404734
0.566083
0.412314
0.341584
0.539134
0.777268
0.546871
0.246111
0.414946
0.838986
0.861006
0.737288
0.511225
0.657047
0.92375
0.403037
0.281161
0.612457
0.588446
0.816351
0.283025
0.972285
0.363531
0.79541
0.928091
0.392413
0.146965
0.855732
0.216033
0.657919
0.628969
0.646002
0.790004
0.433779
0.670357
0.685784
0.428082
0.622723
0.796284
0.377254
0.710362
0.632939
0.6071
0.678604
0.328011
0.26948
0.583083
0.784322
0.473554
1.04354
0.964194
0.455638
0.633966
0.326816
0.714613
0.485489
0.643971
0.637813
0.846362
0.445831
1.1204
0.442956
0.482456
0.908986
0.568168
1.09903
0.317386
0.636591
0.556598
0.576887
0.443984
0.649373
0.970874
0.563567
0.245211
0.898428
0.734062
0.884539
0.762984
0.694366
0.820737
0.912999
0.653632
0.600968
0.476805
0.753479
0.380706
0.385393
0.848927
0.902699
0.597634
0.908539
0.69024
0.569354
0.616226
0.808708
0.627062
0.569626
0.702599
0.704527
0.720052
0.386267
1.11864
0.854536
1.21884
0.37482
0.61168
0.715381
0.61999
0.6801
0.539075
0.345084
0.590309
0.576561
0.462726
0.934831
0.907436
0.651094
0.758719
0.732764
0.512954
0.971329
0.529704
0.31867
0.871006
0.210041
0.805185
0.597752
0.535345
0.263352
0.594208
0.874111
0.733015
0.436831
0.413863
0.656596
0.48092
0.563296
0.521914
0.767882
0.484313
0.558584
0.607156
0.410364
0.954643
1.03365
0.836916
0.356196
0.771632
1.06134
0.798142
0.487947
0.655601
0.555991
1.14577
0.528014
0.309928
0.960204
0.274176
0.358738
0.239965
0.503386
1.0396
0.82688
0.240245
0.869999
0.339227
0.754762
0.918918
0.929253
0.636953
1.16858
0.546825
0.218098
0.246063
0.541
1.00744
0.422113
0.809813
0.658616
0.436854
0.45783
0.233915
0.83681
0.7668
0.531186
0.456149
0.470328
0.854084
0.535622
0.57528
0.452974
0.641655
0.749511
0.809448
0.861171
1.04714
0.208513
0.136788
0.795039
1.05191
0.471109
1.06928
0.865476
0.551029
0.838388
0.494173
0.873783
0.52486
0.144501
0.422277
0.454912
0.684921
0.328333
0.511741
0.196883
0.33311
0.653464
1.18342
0.294879
0.359719
0.254454
0.755479
0.690273
0.80441
1.1267
0.674311
0.918675
0.752302
0.487601
0.28731
0.422415
0.561194
0.585915
0.541572
0.912478
0.864003
0.772773
0.725155
0.319019
0.195452
0.483955
0.816306
0.493913
0.863816
0.365001
0.353289
0.432357
1.08315
1.04145
0.73932
0.434546
0.429754
1.02943
0.690436
0.453374
0.608733
0.68668
0.746547
0.551368
0.916047
0.678063
0.838692
0.428316
0.616293
0.783196
0.617363
0.34179
0.519671
0.639996
0.758227
0.346046
0.778022
0.455698
0.489131
0.852627
0.598991
0.927521
0.489104
0.81485
0.523053
0.433483
0.97893
0.417852
0.351904
0.283453
0.44755
0.888219
0.446643
1.30292
1.03334
0.845658
0.542293
0.508134
1.32618
0.440588
0.968541
0.837799
1.06317
0.484983
0.35999
0.567903
0.721816
0.385323
0.349879
0.351527
0.264562
0.748017
0.749189
