0.463987
1.28626
0.88342
0.338171
1.13769
0.808904
0.438579
0.769205
0.77632
0.329668
0.558144
0.294464
0.894343
1.43041
0.666696
0.358164
0.947498
0.46806
1.44243
0.462871
0.898027
0.443972
0.72118
0.62844
0.843302
0.663115
1.23514
0.278215
0.87758
0.339444
0.284966
0.41133
1.34491
1.45055
0.687836
0.575268
0.665521
0.368985
1.01064
0.925856
0.780247
0.648577
0.999152
0.436688
0.726884
0.749499
0.488948
0.846925
1.28043
0.419522
1.20112
0.682906
0.19839
0.788515
0.506962
0.707407
0.818793
0.524205
0.996082
0.297737
0.694269
0.142921
0.723159
0.822971
0.769217
0.340871
0.773874
0.596879
0.711249
1.17945
0.310626
0.590446
0.225412
0.237412
0.257764
0.723893
0.131647
0.790551
1.21368
0.595009
0.304905
0.715557
0.270865
0.891687
0.359657
1.30766
0.880076
0.839888
0.688499
0.629168
0.486733
0.324993
0.242037
1.04515
1.3561
1.08009
0.422195
0.853404
0.273176
0.3532
0.504317
0.373721
0.695969
0.600659
0.710311
0.318606
1.04158
0.621222
0.881355
0.39399
0.863142
1.01252
0.549763
0.291608
0.705666
0.835554
0.673185
1.17379
1.10148
1.2239
0.935235
0.824784
0.29395
0.533177
1.21495
0.8204
1.01665
0.818182
0.627573
1.08251
0.668987
0.398641
1.03115
0.476739
0.840736
1.02199
0.84704
1.31491
0.339722
0.526538
1.10422
0.281627
0.515708
1.23849
0.577096
0.899051
1.08033
0.913416
0.642
0.723065
0.466294
0.855062
0.652662
1.23481
0.337719
0.499683
0.633737
0.353081
0.704229
0.815204
0.801227
0.913822
0.520289
0.36406
0.834132
0.44538
0.78864
0.556145
0.407449
0.33041
1.32948
0.778677
1.07805
0.991187
0.641861
0.623612
0.963765
0.954218
0.545289
0.783934
0.682193
0.332359
0.156247
0.605916
0.939117
0.478647
0.932508
0.370148
1.03727
1.05163
0.347773
0.382554
0.870088
0.593335
0.755155
0.29131
0.760207
0.995635
0.805366
0.442417
1.19059
0.637459
0.767261
0.474731
0.404955
0.530175
0.432017
0.536673
0.618045
0.342404
0.30792
0.934136
0.602277
0.423634
0.893886
1.15133
0.368625
0.327954
0.901673
0.570872
0.900247
1.12251
0.809009
0.636685
0.629074
0.955859
0.726182
0.804959
0.655129
0.36114
0.527502
0.826115
0.421875
0.537863
1.43237
0.516749
0.203317
0.750408
0.782935
0.473525
1.04303
0.793281
0.415402
0.757425
0.765607
0.927396
0.703243
0.741508
0.806872
0.929366
0.554764
0.622951
0.646199
0.838685
0.439927
1.01883
0.449939
0.846282
0.598948
1.09793
0.839276
0.521221
1.12967
0.898664
0.998089
0.892852
0.970845
0.813804
0.843714
0.987695
0.863371
0.343932
0.791101
1.15032
0.886124
0.44952
0.667893
0.383151
1.28104
0.636564
0.864159
0.553289
0.318019
0.751831
0.528954
0.938731
0.69086
0.279974
0.817637
0.914621
1.01493
0.675568
0.324683
0.818561
0.553003
0.868453
0.777666
0.766948
0.626462
0.610066
1.33571
0.386787
0.546824
0.682532
1.34865
0.293499
0.412295
0.382609
0.305582
1.05267
0.463765
1.07171
0.682685
1.01318
0.922989
0.580291
0.725229
0.832866
0.684562
0.504613
1.19209
0.75877
0.542725
0.893965
1.00308
0.269945
0.907332
0.509321
1.29616
0.720163
0.268819
0.451825
0.712933
1.09925
0.729725
1.17004
0.477709
1.1373
0.402142
1.0079
0.385382
0.88972
0.937337
0.671094
0.580502
0.798659
0.444991
1.07876
0.425173
0.929316
0.866146
1.10433
0.675295
0.746015
0.470397
0.616636
0.408481
0.130626
0.769666
0.467669
0.831529
0.256716
1.01469
0.518774
1.16459
1.03121
0.52097
0.885722
0.492935
0.780393
0.681629
0.645983
0.354187
0.978103
0.983416
1.21833
1.05899
0.255109
0.432958
0.762693
0.790204
0.0968944
0.816382
0.521634
0.68815
0.662372
1.49098
0.994339
0.481995
1.01374
0.672918
1.14191
0.517342
0.427133
0.989399
0.455901
0.974629
0.597582
0.761878
0.52925
0.685366
0.0876532
0.948282
0.483111
0.432539
0.657424
0.502213
0.913792
0.675126
0.213396
0.382913
0.901345
0.597282
0.615709
0.58953
1.11664
0.826647
1.095
0.57854
0.664586
0.936545
0.783943
0.504779
0.432927
0.896142
0.257286
0.112217
0.338258
1.06647
0.326599
0.86104
0.772109
1.02871
0.87283
0.669324
1.32276
0.209406
0.875584
0.903688
0.487684
0.89213
0.746613
1.01184
0.757748
1.12459
1.21896
1.16888
1.03628
0.991376
0.965866
0.903438
0.73888
0.537757
0.951985
1.23906
0.199794
0.0881632
0.461896
0.483586
0.769168
1.03373
0.980569
0.430678
0.828632
0.977677
0.626776
1.04311
0.988588
0.319306
0.840425
0.807434
0.583648
0.192876
0.915941
0.627613
0.534218
0.860672
0.599405
0.838289
0.978054
0.219423
0.603542
0.535117
0.790496
0.91298
1.09695
0.881907
1.01576
0.501894
0.803581
0.442889
0.499942
0.413885
0.425153
0.806997
0.831252
0.517828
0.433124
0.192288
0.786386
0.606462
0.885028
0.511367
0.514821
1.1366
0.753806
0.599099
0.683696
1.24953
0.613542
0.694121
0.837669
0.880061
0.5623
0.259869
0.973789
0.738858
0.976741
0.738229
0.934183
0.752683
0.781017
1.27021
1.18086
0.72831
1.08647
0.932842
1.02581
0.432793
0.533686
0.816753
0.336095
0.579356
0.907376
0.820136
0.594395
1.30139
0.705731
0.256018
0.425016
1.02076
0.624712
0.330567
0.801286
0.4377
0.493014
0.677963
0.626971
0.680466
0.416615
0.323275
0.68948
0.64314
1.14901
0.368865
0.750542
0.847156
0.883806
0.839855
0.160228
1.04957
0.575512
0.42165
0.450316
0.703815
0.889773
0.881617
0.77453
1.09649
0.595543
1.13996
0.844791
0.917601
0.592675
0.619639
0.67813
0.543186
0.748094
1.19631
0.647025
0.836728
0.745028
0.376394
0.465038
1.0066
0.845857
0.501145
0.79975
0.677761
0.381899
0.426546
0.209565
1.31838
0.696487
1.01187
1.01571
0.322126
0.779587
0.256992
0.946883
0.643478
0.843005
1.05908
0.543361
1.14121
0.88696
0.263004
0.94319
0.725888
0.441739
0.725605
1.42381
0.82068
0.83584
0.820726
0.825337
0.869354
0.42388
0.329423
0.1427
0.783443
0.897419
0.856856
0.927954
0.994443
1.26869
0.593779
0.707689
1.04879
0.68971
0.927098
0.69933
1.30917
1.02483
0.996014
0.551161
0.894901
0.423992
0.609902
0.486745
0.992497
0.685707
0.757474
1.20569
0.644164
0.561707
0.905792
1.11198
1.36054
0.402857
0.755094
0.837412
0.737416
0.569869
0.917668
0.237007
0.964443
0.631448
0.853461
0.825764
1.41598
0.585236
0.663598
0.313328
0.870288
0.90567
0.537347
0.949033
0.431418
0.982238
0.355775
0.591532
0.341542
0.564274
0.366735
0.792477
0.317982
0.650778
1.00044
0.616976
0.762211
0.504699
0.736604
0.918371
0.787071
0.317578
0.585714
0.720967
0.911993
0.898421
0.779204
0.253048
0.432807
0.440065
0.609117
0.899705
0.213135
0.151036
0.403675
0.317188
0.74197
0.681493
0.729725
0.230348
0.624837
0.173904
0.572474
0.67082
0.952338
0.93801
1.09704
0.700864
0.586529
0.586727
0.854761
1.089
0.394485
0.204569
0.849321
0.87895
1.13561
1.03863
0.762614
0.773924
0.291624
1.11002
0.950887
0.695842
0.958454
0.685658
0.636457
0.993468
0.655272
0.567807
0.55491
0.839175
0.713976
0.272053
0.328121
0.875772
0.63271
0.32726
0.800113
0.992663
0.661266
0.513497
0.391216
0.903206
0.433176
0.804962
0.78354
0.707037
0.785231
0.467762
0.537972
1.3221
0.685532
0.710664
0.486843
0.926989
0.551481
0.667143
0.526716
0.700981
0.39713
0.9081
0.658178
0.55598
0.619907
0.806333
0.223828
0.58054
0.253176
0.464908
0.647747
0.332005
0.202677
0.306689
1.12369
1.20968
1.05765
1.14488
0.539047
0.138428
0.970618
0.710408
1.00745
0.821009
0.927791
0.740474
1.009
0.971145
0.374364
1.2303
0.814229
0.854855
1.03534
0.543244
0.564238
1.14314
0.726904
0.68759
0.627689
0.815315
1.35422
0.747651
0.523884
0.731263
0.788345
0.618147
0.418033
0.386943
0.642112
0.810661
0.127569
0.618448
0.830983
0.293022
1.1397
1.14513
0.243023
0.258303
0.968149
0.861707
0.587096
0.344861
0.945512
0.533782
0.121747
0.708548
0.957792
1.05834
1.0825
0.638625
0.751869
0.475486
0.645377
0.715368
0.761109
0.620287
0.814559
1.00424
0.890489
0.86716
0.508856
0.758224
0.399149
0.704029
1.17571
0.942642
0.392862
0.82468
0.583964
0.494393
0.935811
1.06055
0.528667
0.693765
0.569095
0.740339
0.67619
0.351761
0.64039
0.619927
0.862016
0.648182
0.437468
0.852946
1.21688
0.617273
0.947874
1.33384
0.205371
0.583843
0.68275
0.896661
1.15653
0.863105
1.2435
0.428571
0.790141
0.533492
0.480763
1.16314
0.615907
0.242839
1.24602
0.445785
0.184346
0.517673
0.942555
0.609206
0.31415
0.752547
0.426511
0.290826
0.277524
0.778529
0.910167
0.373172
0.703076
0.762022
0.116268
0.250246
0.673494
0.435655
0.542753
0.884621
0.317221
1.10657
0.908733
0.659068
0.413318
0.529773
0.917302
0.66776
0.53036
1.18714
0.819519
1.18737
0.825872
0.358658
0.816277
0.806748
0.694911
0.82659
0.984472
0.229098
0.964781
0.702646
1.00681
0.692048
1.02761
0.856981
1.17182
0.403148
0.548144
0.862947
0.61137
0.715454
0.844131
0.698543
0.66545
0.429144
0.52555
0.619743
0.189731
0.18912
0.315781
0.902898
0.516156
0.459793
1.0186
0.640873
1.16404
0.355858
0.703451
0.679714
0.28586
1.219
1.07698
0.84298
0.927657
0.668896
0.829807
0.844043
0.652956
0.413544
0.678234
1.06335
0.647653
0.668929
1.24591
0.778591
0.616992
0.520779
0.412572
0.529816
0.45092
1.28809
0.865328
0.387265
0.339011
0.359324
1.04796
0.730181
0.577504
1.01597
0.620233
0.392214
1.06052
0.659114
0.788156
0.636106
0.665223
0.754288
0.65523
0.518682
0.854049
0.449371
0.765807
1.10879
1.09746
0.810411
0.501094
1.05164
0.845661
0.891796
0.751415
0.58167
0.901871
0.763099
0.529505
0.708662
0.370863
0.682997
1.02087
0.519086
0.897196
0.83795
0.662096
0.714557
0.86228
0.672038
0.590509
0.39638
0.782129
0.734004
0.951115
0.760972
0.837221
0.967775
0.862401
0.650495
0.639687
0.675906
1.19412
0.958994
0.390748
0.535842
0.843253
0.68781
1.22476
0.902049
0.629851
0.686566
0.736923
0.421338
0.683288
0.823159
0.911581
0.442018
0.696361
0.729106
1.06527
0.503686
1.17455
1.10202
0.782324
0.390796
1.05261
0.849774
0.709065
0.917152
0.587266
0.980922
0.647031
0.871135
0.652701
0.92014
1.24953
0.983144
0.470522
0.38344
0.807023
0.88467
0.497589
0.916753
0.482231
0.839066
0.632521
0.257943
0.385222
0.992556
0.747874
0.81402
0.520806
0.605314
0.588635
1.28357
0.34775
1.13584
0.732288
0.862222
0.861516
0.781366
0.225713
0.329204
0.578091
0.59632
0.52396
0.152269
0.773277
0.885095
0.582576
1.33694
1.18816
0.580538
0.717287
0.565194
0.410121
0.534217
0.585417
0.45086
0.228023
0.858069
0.513368
0.351585
0.846962
0.734852
0.736722
0.735703
0.976312
0.287847
0.684334
0.479212
0.499742
1.17343
0.861487
0.857304
0.573195
0.24623
1.08823
0.650889
0.644871
0.431292
1.16062
0.354914
0.851568
0.725645
0.413613
1.16436
0.516826
0.344346
0.871957
0.753526
0.553063
0.456362
0.858716
0.509615
0.428559
0.59041
0.598176
0.415974
0.606567
0.83658
1.02471
0.583492
0.686402
0.824344
0.819007
1.02471
1.0534
0.64702
1.01478
0.680294
1.04811
0.662996
0.870382
0.992414
0.624995
0.379464
0.909281
1.13739
0.35605
1.24262
0.462939
0.597814
0.574381
0.0929259
1.08518
0.570582
1.08097
0.716321
0.787309
0.567888
0.312432
0.792947
0.480468
0.62831
0.8178
0.909705
1.00394
0.343519
0.867699
0.795467
0.832322
0.406298
0.697575
0.896898
0.936478
1.02887
0.881094
0.298909
1.09641
0.275631
0.571476
0.695982
0.59752
0.651307
0.626407
0.512562
0.62658
0.472853
0.723279
0.579178
0.319852
0.403638
0.804409
0.628611
1.38022
0.573658
0.557191
0.300629
0.958106
0.353821
1.0469
0.819883
0.543611
0.466151
0.470178
0.74707
0.571101
0.703687
0.654491
0.737596
0.813911
0.698668
1.24801
0.554599
0.421044
0.283092
0.722102
0.977932
0.546194
0.577078
0.512836
0.292276
0.970278
0.963238
1.00918
0.814287
1.12815
0.91367
1.03261
0.594539
1.14687
0.713519
0.416767
0.775077
0.462231
1.0281
0.770702
0.858487
0.976903
0.820005
0.255795
0.649793
0.211062
0.346333
0.670633
0.639139
0.558431
0.210623
1.31414
0.757476
0.783553
1.21344
1.20343
0.773635
1.00125
0.835976
0.342205
0.347042
1.11785
1.16261
0.724831
0.752662
0.595997
0.544749
0.643418
0.600632
0.835799
1.05912
0.743219
0.601918
1.27566
0.64279
0.836769
0.741992
1.03675
1.19791
0.850456
0.473813
0.71405
0.732838
0.713744
0.722816
1.06836
0.819223
0.391979
0.602108
0.833414
0.806895
0.556768
0.832551
0.626433
0.218386
1.05163
0.600833
0.498367
0.481016
1.32363
0.762881
0.344717
0.493108
1.30131
0.914123
0.846253
0.850033
0.833817
1.30242
0.480309
0.925485
0.412754
0.791725
1.26537
1.11722
1.2386
0.601096
0.967347
1.0145
0.617345
0.704463
0.879742
0.63322
0.682329
0.910975
0.251408
0.729145
0.725074
1.06558
0.387931
0.886676
0.987901
1.11053
0.433659
0.816013
0.488906
0.563294
0.344627
0.943978
1.09596
0.848606
0.722184
0.885278
0.930398
1.0619
0.467655
0.438394
0.471125
0.302789
0.413265
1.10872
1.41313
0.959467
0.714345
0.110883
1.15663
1.05974
1.14004
0.574789
0.379957
0.91073
0.43248
0.953941
0.683255
1.2032
1.18994
1.17847
0.61591
0.494959
0.89177
0.417935
0.402875
1.28592
1.22291
0.309915
0.487711
0.924008
0.306523
0.377712
0.444914
1.33289
0.417328
0.22574
0.768923
0.621291
1.25818
0.829981
0.767484
1.36037
1.13559
0.725596
0.788605
0.669948
1.18093
0.601244
1.05859
1.02565
0.848272
0.933889
0.363539
0.886788
0.557315
0.320658
0.284491
0.57108
0.576354
0.325456
0.972502
0.762048
0.977489
0.392996
0.333564
1.2544
1.03138
0.527326
0.420481
0.767511
0.454374
0.919557
0.5407
0.643629
0.537801
0.541564
1.0821
0.935187
0.575755
0.568703
1.34854
0.699863
1.10781
0.835179
0.251668
0.679199
0.173489
0.138301
0.44872
0.53789
0.843869
0.976382
0.216778
0.607926
0.649358
0.293865
0.849984
0.995521
0.771285
0.709071
0.664306
0.882035
0.832788
0.524825
0.992836
0.610273
0.84524
0.390155
0.397645
1.08101
1.04111
0.45943
0.81891
0.942725
0.582965
0.634382
1.13597
1.00927
0.638132
0.425055
0.838275
0.546308
0.790383
0.0393874
0.836128
0.385062
0.570723
0.5172
0.37204
0.415579
0.984252
0.47861
0.961828
0.841116
0.363567
0.718374
0.694351
0.642271
0.570601
0.725163
0.391271
1.23654
0.885919
0.308357
0.633863
0.985356
0.970593
0.608164
0.416464
0.771407
0.450684
0.973437
0.846934
0.683966
0.4393
0.684028
0.859524
0.476774
0.210886
0.890798
0.471376
0.947006
1.15501
0.920957
1.02497
0.699899
1.05628
0.936694
0.277201
0.451452
0.785137
0.655079
0.896619
1.14429
0.129695
0.500358
0.913428
0.799577
0.557613
0.284489
0.690461
0.937907
0.785609
1.24727
0.899094
0.559253
1.01861
0.514783
0.890073
0.792638
0.73946
0.306435
0.800978
0.471816
0.277365
1.03237
1.0925
0.64027
0.471999
0.508403
0.431436
0.994569
0.196722
0.760295
0.720761
0.782435
0.451655
0.5639
0.973667
0.963019
0.116104
0.475461
1.0925
0.66847
0.688094
0.588074
0.503717
0.343582
0.916296
1.34178
0.360566
0.923199
0.829929
0.396635
0.643446
0.77087
0.925709
0.660837
0.669293
0.861573
0.436209
1.09995
0.344632
0.637907
0.498256
0.572801
0.492477
0.451591
0.500818
0.614395
1.39498
0.908536
1.04157
1.0011
0.863557
1.02773
0.05186
0.803697
1.12067
1.31202
1.04564
0.551022
0.755067
0.713548
1.00976
0.340597
0.788836
1.09818
0.280989
0.762543
0.622971
1.12273
1.02681
0.55456
0.514368
0.829115
0.673013
0.849384
0.87586
0.425319
0.655515
0.576531
0.940551
0.308851
0.594737
0.783281
0.918502
0.730041
0.814186
1.06074
0.281423
0.351465
1.06834
0.653878
0.628554
0.483116
0.977189
0.565313
0.7331
0.93285
0.663326
0.39676
0.695311
0.360401
0.962627
0.551227
0.988198
0.285651
0.635038
0.419899
1.09512
0.691984
0.823484
0.521421
0.526363
0.577715
0.693465
0.715537
0.551268
0.745366
0.594832
1.07165
0.969436
0.495934
0.830897
0.87428
0.617748
0.495869
0.359853
0.478742
0.583971
1.09746
0.896923
0.602683
0.387784
0.178628
0.943458
0.279174
0.861836
0.357247
0.766046
0.697807
0.48203
1.03706
0.579743
0.542996
1.04857
1.11627
0.948489
0.471705
0.88512
1.01315
0.716728
0.423798
0.700332
1.03557
0.40603
0.135073
0.862417
0.758209
1.15472
0.722421
0.968495
0.73531
0.586044
0.609586
1.18715
0.875085
1.46575
0.756942
0.726104
0.801958
1.1485
0.956144
0.929066
1.01106
0.834132
0.87307
1.13328
0.997102
0.843807
1.17289
0.575472
0.88557
0.818704
1.28083
1.04298
0.696974
0.451033
1.42064
1.04795
0.517519
0.639385
1.09996
0.870412
0.577867
0.978263
0.587157
1.13202
0.780621
0.550792
0.658362
0.378048
0.712275
0.499192
0.775311
0.916736
0.603895
0.829598
0.679608
0.310242
0.849317
0.932948
0.600679
0.622506
1.21455
0.564465
0.694906
0.853897
0.560499
0.960568
0.330668
0.532298
0.697261
0.561531
0.774586
0.911668
0.610847
0.380534
0.710188
0.353646
0.440177
0.354972
0.358244
1.31888
0.101982
0.829025
0.414402
0.524926
0.647958
1.15238
1.04429
0.567635
0.504884
0.465233
0.407409
1.14834
0.345115
1.14856
0.32267
0.847925
0.869387
0.60345
0.907716
0.449323
1.09833
0.721523
0.489193
0.544798
0.64016
1.16627
0.847532
0.789677
0.610503
0.470198
0.994131
0.743136
0.262931
0.572211
0.547719
0.626313
0.796662
0.157916
0.442919
0.932994
0.719941
0.866933
1.16418
1.30422
0.911663
0.610406
0.619476
0.539734
0.535391
1.01845
0.804313
0.394632
0.430299
0.540637
0.16914
1.08908
0.390097
0.456258
0.87226
1.06737
0.935259
0.674498
0.92755
1.16692
0.421262
0.581519
0.1135
0.38184
1.02222
0.804662
0.752821
0.583797
0.66654
0.980465
0.512999
0.573171
0.765395
0.77813
0.803887
0.620551
0.707259
0.583707
0.597431
0.573636
0.901991
0.70708
0.515655
0.238402
0.681285
0.498462
0.270724
0.412179
1.03304
0.74561
0.852858
0.557818
0.483453
0.573797
0.760744
0.994569
0.375781
0.46725
0.417747
0.70018
0.609726
0.407896
0.548985
0.702394
0.802414
0.575544
0.427619
1.1448
1.15687
0.555618
0.620224
0.457864
0.936073
0.710839
0.596165
0.949702
0.619349
0.540782
0.755014
0.648876
0.329778
0.731529
0.833636
0.31986
0.436857
0.725157
0.651262
0.995997
0.459524
1.01139
0.580318
0.400015
0.755162
0.465213
0.434943
0.592726
0.125272
0.471159
0.664587
0.691209
0.560064
0.428643
0.348697
0.490655
1.16687
0.670076
0.977777
1.18904
0.634931
0.36405
0.685895
0.784671
0.563861
0.910372
1.16151
0.494313
0.85762
0.394053
1.15275
0.348415
0.580776
0.392472
1.08209
0.866159
0.617037
0.838684
1.10718
0.269234
0.764446
0.391284
1.10484
0.781511
0.560646
1.27373
1.09489
0.580268
0.761277
0.237157
0.993965
1.01116
0.748436
1.03752
0.829033
0.895836
0.925778
0.673311
1.29131
0.912755
0.769934
0.660773
0.593392
1.20369
1.13158
0.860489
0.749244
0.328876
0.195171
0.940227
0.9285
0.567732
0.883053
0.503342
0.526729
0.621959
0.404511
0.854917
0.327204
0.375902
0.822664
1.0461
0.35865
0.647207
0.863042
0.889175
0.623306
0.871544
0.450869
0.749844
0.454273
1.20207
0.816703
0.927471
1.07629
1.03576
0.386728
0.3195
0.685928
0.7846
0.761293
0.827423
0.612432
0.653366
0.773643
0.804149
0.749094
0.226825
0.881276
1.10837
0.2777
1.18444
1.09841
0.630838
0.792557
1.09964
1.19421
0.760388
0.98123
0.396797
1.02735
1.0799
1.17328
0.636442
0.639171
0.130693
0.679384
0.75955
1.01236
0.935775
1.10395
0.48832
0.719631
0.345144
0.561973
0.439744
0.362294
0.716909
0.731991
0.944556
0.253673
0.500665
0.966876
0.691169
0.477673
0.769985
0.575354
0.869848
0.383397
0.683649
0.440002
0.385633
0.670964
0.557255
0.770553
0.582661
1.03375
0.772922
0.439052
1.07454
0.608237
0.766049
0.663091
1.16617
0.736157
0.589555
1.03012
0.617924
0.40507
0.524466
0.650671
0.518191
0.81911
0.690926
0.570151
0.683268
0.483515
0.386556
1.31033
0.758371
0.841789
0.491964
1.29701
0.891908
0.699393
0.906483
0.645856
0.476327
0.973196
1.3672
0.387392
1.21095
0.816564
0.435303
0.958941
0.721193
0.827674
0.765678
0.934005
0.687258
0.541577
0.46581
1.1921
0.575533
0.258596
0.960356
0.766005
0.880882
0.72089
0.708425
0.496789
0.5795
0.279297
0.758991
0.525121
0.43217
1.06119
0.770302
1.2624
0.666299
1.0242
0.408815
0.838348
1.02637
0.490569
0.661512
1.08035
1.00207
0.768744
1.11725
0.648974
1.07983
0.717582
0.615739
0.907575
0.491372
0.584717
0.817686
0.633311
0.811826
0.573651
0.529927
0.485558
0.510926
0.492552
0.753441
0.580333
0.90854
1.03441
0.759126
0.0749748
0.839368
0.967276
0.520871
0.648206
0.769476
0.85252
0.933488
0.223872
0.4212
0.864591
0.520254
1.13086
0.164798
0.706952
0.36017
0.829145
0.786743
1.10361
0.696514
0.219116
0.801286
1.151
0.740848
0.659809
0.599694
0.739996
1.04328
0.93759
1.00518
0.726386
0.329111
1.09128
0.882932
0.604314
0.601885
0.857406
0.480232
0.588544
1.12045
0.463228
0.250764
0.920654
0.792103
0.523065
0.879574
0.340095
0.858118
0.708967
0.725822
0.609233
0.685205
0.967773
0.785132
1.09559
0.498956
1.09883
0.707719
1.01791
0.590426
0.643759
1.06924
1.02367
0.586554
0.391238
1.23714
0.746553
0.787838
1.31048
0.64865
0.939291
0.471038
0.496341
0.597747
0.664767
0.626537
1.13228
0.777685
0.499911
0.703193
0.27642
0.389514
0.166313
0.890346
0.193127
0.96242
0.719938
0.854103
0.390775
0.844724
0.299889
0.767154
0.509497
0.650748
0.652932
0.874685
1.30114
0.486487
1.10804
0.388704
0.859875
0.953378
0.421608
0.908643
0.524419
0.772827
0.741113
0.311307
0.316032
0.225489
0.485895
0.468401
0.665776
0.802936
0.494653
0.397331
1.22988
0.614397
0.762735
0.672279
0.562876
1.36273
0.563369
0.552511
0.725629
0.530402
0.864344
0.487662
0.253293
0.367685
0.745231
0.594811
0.459177
0.493379
1.12135
0.48704
1.05519
0.698076
0.849619
0.437824
1.04679
0.93419
1.23972
1.15317
0.915256
0.53178
0.776072
0.72536
1.11937
0.455922
0.867804
1.02381
0.850202
0.736524
0.495555
0.930296
0.915352
0.254259
0.341508
0.863122
0.301696
1.05371
0.938003
0.402076
0.26476
0.830699
1.24167
0.680542
0.83354
0.729469
0.880816
0.619033
1.03768
0.975208
0.475475
0.552021
1.1318
0.68628
1.29377
0.840311
0.839503
0.380474
1.14716
0.710571
0.430093
0.644747
0.491078
0.434428
0.588745
0.633031
0.765971
0.645521
1.14366
0.716647
0.185687
1.04091
0.395952
0.797554
0.924764
0.529256
0.0931465
0.65991
0.866615
0.424239
0.812329
0.708612
0.383503
0.241028
0.412249
0.303422
0.594541
0.579409
1.01982
0.613446
0.709833
0.877811
1.00244
0.358903
1.01169
0.356422
0.729
0.357301
0.39288
0.376979
0.503225
0.531151
1.14443
0.891893
0.618225
0.216658
1.24036
0.715605
0.758897
1.05484
0.809946
0.441023
0.788504
0.285298
0.757537
0.868013
0.655893
1.07695
1.04529
0.324585
1.11225
0.397666
0.433999
0.87909
0.642603
0.447448
0.490196
0.973159
0.446392
0.198219
0.357826
0.85686
0.883411
1.07506
0.605346
0.741039
0.938453
1.14415
1.14264
0.814454
1.23331
0.804593
0.504398
0.780414
0.917008
1.07029
0.404976
0.160227
0.564625
0.415665
0.397743
1.09183
0.396063
0.409866
0.908595
0.32464
0.577101
1.13134
1.14731
1.26434
0.944903
0.148393
0.691405
0.936223
0.851496
0.447506
1.19899
0.572331
0.748553
0.863477
0.356205
0.513232
1.25994
0.725946
0.389161
0.959
0.985782
1.41712
0.814864
0.449513
0.920396
1.0897
1.03736
1.46623
0.156781
1.05313
0.600553
1.17445
0.890786
1.15823
0.734431
0.255067
0.418781
0.31822
0.364733
0.555876
1.20302
0.196753
1.00307
0.957553
0.537237
0.747558
0.726005
0.348338
1.06294
0.230244
0.598381
0.759708
1.06721
0.512891
0.647617
0.964671
0.912468
0.754671
0.272222
0.982588
0.592043
0.747145
0.822423
0.808522
0.472877
1.13325
0.610302
0.877769
0.77601
1.11956
0.689168
0.548381
1.09497
0.24336
0.667641
0.738278
1.03147
0.608869
0.941557
1.03709
0.70288
0.41115
0.426273
0.286962
1.22124
0.441518
0.971689
0.588574
0.44853
0.672428
0.934001
0.703682
0.855874
0.7126
0.744934
0.763051
0.746657
0.78864
0.617681
0.535993
0.653525
0.738955
0.72298
1.14252
0.460325
0.509219
0.929382
0.546334
0.960278
1.00675
1.12417
1.16838
1.22685
0.340271
0.321484
1.06279
0.47288
0.193864
0.731314
0.713382
0.762845
0.373654
1.10171
0.151815
0.222193
1.28856
0.231705
0.588722
0.893769
0.888058
0.488797
1.12205
0.952706
0.514873
0.814718
0.64048
1.0392
0.505042
0.590561
0.572077
0.550388
0.744491
0.519746
0.295154
0.566884
0.665671
0.952481
0.0983425
0.598169
0.904836
0.751047
0.37037
0.436146
0.545744
0.461244
0.771813
0.740033
0.582247
0.969086
0.739959
1.1558
1.34703
0.788115
0.532716
0.374387
0.699606
0.393852
1.14775
0.839031
0.875423
0.922721
1.22449
0.30967
0.831217
0.732416
0.82787
0.778796
0.556926
1.14761
0.325658
0.761116
0.72074
0.626164
0.890122
1.35892
1.24113
1.04142
0.375504
0.494908
0.930573
0.813485
0.660526
1.16737
0.851668
0.615255
0.712075
0.607425
0.557215
1.32331
0.974476
0.443601
1.06865
1.11066
0.720154
0.553787
0.805651
0.630391
0.591735
0.877442
0.293308
0.759109
1.07929
0.795674
0.754691
0.841727
0.365047
0.748538
0.589656
0.56597
0.273884
0.873928
1.08055
0.745058
0.522197
0.630698
0.428057
0.972117
1.16014
0.658773
0.616684
1.00868
1.30933
0.709572
1.1446
0.824588
0.222144
0.979023
0.818304
0.83739
0.330645
0.832796
1.15602
0.517733
0.855089
1.11951
0.932636
1.10721
1.09612
0.83318
0.258523
0.967392
0.843102
0.677646
0.452442
0.48833
1.14339
0.311114
1.01783
0.699849
0.753519
0.545524
0.648662
0.601765
0.799683
0.725017
0.463506
0.577842
1.23418
0.650215
0.774987
0.587434
1.24171
0.345003
1.02894
0.841071
0.349378
0.652124
0.454958
0.243309
0.85761
0.954939
0.96868
0.76769
0.461145
0.68642
0.266808
0.440634
0.681177
0.49558
0.484184
0.860313
0.533152
1.31794
0.362072
0.990233
0.718676
0.495156
0.426727
0.577778
0.922204
0.349923
1.23988
0.826125
0.462218
0.817369
0.88262
0.721482
0.751145
0.444353
0.338174
0.717925
0.722078
0.496145
0.732475
0.779089
0.697777
0.784625
0.687422
0.690694
0.612549
0.953669
0.391114
0.884289
0.646574
0.768611
0.314205
1.03043
0.874322
1.25795
0.818956
1.15229
0.761811
0.753535
0.644503
0.529037
0.678875
0.469363
0.420081
0.517881
0.435809
0.336514
0.423661
0.830158
0.732744
0.762586
0.800369
0.724689
0.927193
0.927566
0.532578
0.812258
0.400968
0.304029
0.783231
0.630335
0.511898
0.486137
0.768752
0.889609
0.556796
1.07228
1.1295
0.961653
0.515486
0.338334
0.616403
0.251135
0.830425
0.700204
0.708238
0.485842
0.983139
1.00677
0.547176
0.614898
1.00991
0.721441
1.02786
1.11954
0.217729
0.678267
0.724873
1.09189
0.723502
0.308047
1.03535
0.537558
0.390366
0.547072
1.00027
0.560544
0.878566
1.27046
1.09444
0.70771
0.654161
1.07235
0.429712
0.408412
0.554471
0.78249
0.670983
0.907534
0.650745
0.854819
0.690538
0.467083
0.609099
0.939704
1.12282
0.56423
0.818046
0.353536
0.508104
0.598288
1.07613
0.636872
1.13856
0.773286
1.04424
0.520066
0.730151
0.378712
1.01199
1.05871
0.779899
0.391314
0.43853
1.03148
0.529477
0.570914
0.214188
0.602701
0.814573
0.651333
0.209792
0.797952
0.511541
0.39813
0.335809
0.773338
0.563001
1.36907
1.0513
0.891853
0.778488
0.838974
1.48388
0.687564
0.543305
0.397543
0.467952
0.283134
1.02331
1.00493
0.64806
0.313315
0.798633
1.03069
0.231813
1.17926
0.793143
0.390315
0.71094
0.555161
0.811909
0.990022
0.866023
0.934395
0.890767
0.699747
0.815616
1.09478
0.872221
0.268014
0.442551
1.00265
0.689923
0.910539
0.425757
0.404549
0.625156
0.212094
0.286615
0.783343
0.303953
0.592169
1.07822
0.749437
0.635211
0.656645
1.03489
0.803361
1.34243
0.610884
0.88887
0.55925
0.757331
0.484484
0.854466
0.386864
0.441901
0.323463
0.586524
0.840999
0.641887
1.19229
0.86963
0.777926
0.90214
0.116765
0.337661
0.624152
0.882575
1.05671
0.769998
0.731223
0.864628
0.472693
0.976614
1.14098
0.248986
0.508308
0.498363
1.02845
0.630618
0.456896
0.165643
1.00896
0.27577
0.220045
0.696107
0.687501
0.342399
0.977835
0.370401
0.2333
1.11087
0.558295
1.00535
0.652844
0.754889
1.11397
0.960204
0.578071
0.664944
0.757476
0.73892
0.497557
0.700543
0.375448
0.530935
0.191948
0.542653
1.14169
0.678359
0.546081
0.80956
0.964903
0.491818
0.714842
0.46156
0.56892
1.18406
0.884043
1.17186
0.806004
0.989357
0.876153
0.616484
0.358522
0.258758
0.930762
0.293182
1.27862
0.865536
0.892038
0.400482
0.935483
0.599157
0.689155
0.914276
0.375948
0.667363
0.68821
1.20716
1.03596
0.528801
0.900811
0.659371
0.627353
0.57589
0.734754
1.00873
0.78544
1.21248
0.933898
0.727712
0.644472
1.13269
1.25054
0.716958
1.2855
1.30459
0.808701
0.557681
0.841536
0.449012
0.947379
0.273072
0.486187
0.849049
1.0547
0.450603
0.392787
0.290926
1.37141
0.718747
1.19024
0.505178
0.741628
0.721552
0.734487
0.326189
0.373189
0.924544
1.19055
0.27894
0.48017
0.931975
0.980797
0.753863
0.22282
0.693654
0.956283
0.373455
0.507905
0.824994
0.575968
1.05166
0.87603
0.764997
1.09769
0.645002
0.741792
0.741272
0.901348
0.927817
0.930438
0.302082
0.971163
1.04861
1.16108
0.722107
0.754384
0.791112
0.680693
0.683046
0.526145
0.659804
0.624669
0.43235
0.654346
1.18569
1.23831
0.83339
0.745133
0.392464
1.10552
0.939345
0.760331
0.783714
0.469811
0.944327
0.694833
0.455356
0.39444
0.527633
0.910169
0.711765
0.815244
0.462196
1.15016
0.981789
0.77518
0.74322
1.14422
0.464592
0.736479
0.909307
0.515633
0.455273
0.756913
0.912667
0.840525
0.864527
0.736863
0.912918
0.991211
0.621667
1.00464
0.825314
0.620139
1.14984
0.960503
0.960238
0.213727
0.548524
1.1933
0.317712
0.264871
0.413688
0.527554
0.965326
0.29208
0.709886
0.625877
0.509666
0.954976
0.597047
0.926102
0.28762
1.11885
0.67254
0.606483
0.82694
0.607208
0.481899
1.19055
0.858721
0.773125
0.482369
0.458021
0.902906
0.378342
0.838042
0.942303
0.591211
0.941205
1.09391
0.275066
0.547706
0.519765
0.399695
1.15399
0.87647
0.49354
0.37197
0.940771
0.777515
0.415831
0.905444
0.81263
0.873946
1.05458
0.710225
0.398993
0.79261
0.922046
0.66662
0.609592
0.784382
0.717293
0.744494
1.16369
0.595636
0.0979502
0.645399
1.40991
0.564616
0.418508
0.683847
0.454197
0.722897
0.385015
0.332786
1.10725
0.686735
0.419096
0.859977
1.00354
0.468768
0.657041
0.253917
0.330295
1.07265
0.280662
0.91449
0.992755
0.461783
0.569881
0.778622
0.814554
0.840754
0.579241
0.779858
0.542177
0.474259
0.371798
1.07044
1.11763
0.750737
1.20876
1.47078
0.495268
0.346207
0.389231
0.832158
0.935929
0.69588
0.862179
0.834444
0.72168
1.16038
1.09648
0.806702
1.02001
1.15549
0.65751
0.940913
0.666025
0.516133
0.749134
0.406041
0.538832
0.800834
0.726685
1.1197
0.840025
0.243574
1.03927
0.680025
0.459758
0.798006
0.823307
0.373011
0.655903
0.745529
0.659118
0.721998
0.323648
1.00924
0.548839
0.736022
1.18385
0.979594
0.902993
0.584138
1.10352
0.315562
0.830856
0.542054
0.691134
0.863383
1.03471
0.948697
0.900767
0.392853
0.135903
0.746276
0.843145
1.11183
0.643972
0.368942
0.729872
0.665178
0.279304
1.01154
0.873892
0.847736
0.537483
0.313567
0.866961
0.897308
0.776699
0.63618
0.437719
0.576336
0.973652
0.897356
0.967791
0.331009
0.464761
0.840167
0.768302
0.215133
0.4895
1.02443
0.918229
0.652765
0.876428
1.26884
0.586446
0.787788
0.383732
0.759255
0.951336
0.89956
0.881147
0.967504
0.859018
0.612
0.634168
0.642464
0.21038
0.920129
0.82258
0.822563
0.607284
0.633337
0.190541
1.09223
0.931198
0.790174
0.597485
0.774703
0.560567
0.659111
0.699837
0.428352
0.64596
0.557442
0.8921
0.988751
0.481261
0.936161
0.817117
1.13857
0.956091
0.755774
0.82349
0.806324
0.242449
0.835347
0.61635
0.900139
1.29182
0.383878
0.888608
0.475175
0.809811
0.349021
0.563823
1.21937
0.797441
0.737139
0.138235
0.822168
0.862706
0.679909
0.910135
0.687312
0.781006
0.864662
0.403365
0.879366
0.320489
0.389372
1.08834
0.362389
0.794648
0.996715
0.602064
0.890109
1.00901
0.455648
0.890176
0.884259
0.893876
0.904897
1.27124
1.191
1.45276
0.577934
0.824627
0.407853
1.15569
0.491242
0.838282
0.812735
0.810767
0.868094
0.672827
0.384293
0.333058
1.48615
0.481242
0.659767
1.0622
0.627568
0.776002
0.45634
0.395814
0.891146
0.959178
0.386626
0.877527
0.488185
0.655748
0.201178
0.541615
0.860185
0.340611
0.598024
0.317846
1.10969
1.03451
0.962678
0.550946
0.799254
0.598061
0.618494
0.374199
0.794131
0.949482
0.837852
1.16153
0.482055
0.854045
0.216428
0.99941
0.908009
0.633865
0.424823
0.9818
0.622061
0.74809
0.697547
0.649401
0.972746
0.514388
0.444284
0.481617
0.760444
0.848037
0.886329
0.645875
0.527223
1.15894
0.951109
0.720921
0.759146
0.487146
0.703002
0.728066
0.812005
1.47955
0.642319
0.938366
0.209299
0.456019
0.760502
0.521433
0.956658
0.804472
0.419717
0.754163
1.15912
0.740379
0.314528
0.809865
0.832472
0.432412
0.536733
0.565963
0.687919
0.879521
0.70454
0.546081
0.883644
0.80194
0.927446
0.542682
1.05339
0.415329
0.452409
0.594252
1.18354
0.549205
0.975382
0.493495
0.661092
0.362744
0.805095
0.218208
1.31156
0.978666
0.721823
0.633238
0.897075
0.965752
0.87931
0.526682
0.381308
0.715985
0.993839
0.688254
0.320976
0.906036
1.11286
1.1096
0.481194
0.898073
0.845239
1.17356
0.69078
0.478148
0.992255
0.860131
0.670286
0.533954
1.28137
0.993683
0.803745
0.439616
0.536979
1.00276
1.05811
0.924141
0.805271
0.721623
1.0024
1.1117
0.498032
0.849547
1.05434
1.13
1.00247
0.0847647
0.76717
0.733397
0.551902
0.979699
1.03546
0.350599
0.795608
0.506617
1.06267
0.776127
0.816294
0.439088
0.259026
0.772324
0.852433
0.777919
0.89975
1.26748
0.783614
0.770229
0.315093
0.788953
0.491717
0.53871
0.414497
1.14663
0.424446
0.515081
1.18566
1.07738
0.833309
0.939519
0.535752
0.355779
0.530432
0.442823
1.01414
0.800083
1.36581
0.362008
0.601986
0.84941
0.731939
0.638453
0.372487
0.381839
0.427735
0.801389
1.22586
0.656693
0.813548
0.474694
0.342513
0.672893
0.483276
1.20823
0.158133
1.11968
0.640729
1.03556
0.351361
0.381872
1.05391
0.361468
1.00519
0.432236
0.959673
0.790105
0.824939
1.34855
0.402035
0.917763
0.402816
0.366155
0.677642
0.812406
0.404069
0.913154
0.691279
0.786774
0.200141
1.02464
0.783915
0.766863
0.563628
0.286031
1.01468
0.788825
0.521972
0.577389
0.557015
0.447953
0.238345
0.971244
0.691773
0.540602
0.224961
0.189496
0.857828
1.20782
1.10385
0.717836
0.542873
0.868534
0.799492
0.775557
0.538514
1.06616
0.446315
1.03669
0.718822
1.1306
0.592357
0.453462
0.555992
0.52522
0.933924
0.816568
0.872264
0.463039
0.884572
1.21906
0.808266
1.15936
0.379444
0.503606
0.617645
0.679076
0.645699
1.04117
0.85697
0.657979
1.08857
1.00691
1.1259
0.530456
0.354223
0.357093
0.500953
0.289069
0.158068
0.76499
0.740821
0.823501
1.08595
0.901138
0.723964
0.843509
0.739645
0.528688
0.301041
0.27988
0.782795
0.724695
0.470151
0.597083
0.758241
0.670958
0.477698
1.04661
0.710352
0.469053
0.601774
0.381197
0.291833
0.213123
0.758581
0.262957
0.539498
0.827913
0.334497
0.948025
0.834164
0.627138
0.233622
0.937828
0.883974
0.523909
1.29884
0.58654
0.649405
0.979825
0.819604
1.34383
0.953191
0.926706
0.806785
0.611822
0.199203
0.264729
0.690609
0.487996
0.639387
1.01591
1.1304
0.623495
1.23869
0.821934
0.612135
0.619266
0.577256
1.10902
0.456417
0.893018
0.594933
0.765582
0.783131
0.50549
0.552696
0.76393
0.690706
0.487293
0.798687
1.03662
0.29664
0.211157
1.1104
0.984371
0.37438
0.0629456
0.49963
1.04488
0.785388
0.689611
1.01781
0.735717
0.592442
1.02183
1.17633
1.21517
0.34928
1.11577
0.334111
1.0795
0.522295
1.10803
1.05194
0.350663
1.06801
0.491798
0.855583
0.435741
0.828276
0.539726
0.763466
0.902472
0.765694
0.292873
0.835632
0.34694
0.659288
0.787671
1.04438
1.05801
1.09127
0.453355
0.621732
0.875868
1.09779
0.343304
1.07227
0.731941
0.746829
0.700889
0.933353
0.350825
0.950655
0.667931
0.654277
1.09594
0.749104
0.541116
1.04588
0.554936
0.702132
0.30932
0.722764
0.745652
0.506845
0.712157
0.991495
0.831106
0.735141
0.744129
0.573832
0.25383
0.432919
0.667453
0.899043
1.07555
0.871766
1.09825
0.67751
0.436719
0.504733
0.32514
0.585019
0.981839
0.276108
0.480622
0.528374
0.497773
0.630117
0.57564
0.478904
0.807321
0.713217
0.564505
0.645454
0.70222
0.504556
0.908213
0.930985
0.373551
0.853352
0.791547
0.777701
0.52677
0.927225
0.865148
0.895863
1.02128
0.548203
0.704822
0.156201
0.990638
0.301316
0.546081
0.587762
0.541385
0.745555
0.96215
0.607195
0.795269
0.625571
0.898041
0.777255
0.848104
0.79235
0.481262
0.892277
0.381919
0.762433
0.998233
0.480093
0.835403
0.736335
1.03727
1.16554
0.666702
1.42772
0.554907
1.00897
0.602821
0.667459
1.03151
0.904434
1.01988
0.521055
0.60769
0.280521
0.929132
1.03676
0.407206
0.706163
0.462971
1.22127
0.81337
0.556493
0.581189
0.681747
1.19144
0.553818
0.809389
0.751882
0.557067
0.533998
0.714726
0.63899
0.421901
0.834913
0.202513
0.773166
0.953425
0.9428
0.58089
0.5918
0.280594
0.899866
0.418077
1.13945
0.69679
0.550553
0.645123
0.575949
1.17571
1.00097
0.771622
0.439269
0.183754
0.871168
0.880953
0.419877
0.807262
0.984028
1.16635
0.362319
0.688973
0.705945
0.388635
0.547103
1.01649
0.619054
0.410602
0.593283
0.450606
0.886996
0.781405
0.95006
0.290425
0.723
0.314106
0.692594
0.200111
0.723296
1.1837
0.737576
0.40702
0.893425
0.206522
0.87708
0.858689
0.692068
0.631112
0.42427
0.796052
0.517049
1.17056
0.438645
1.15885
0.975291
0.107092
0.920793
0.890414
0.782652
0.613556
0.823454
0.53383
1.06248
0.433343
0.700444
0.274142
0.137534
0.468822
0.169486
0.304533
0.19084
0.943326
1.13237
0.543426
1.01975
0.42
0.388607
1.13737
0.984868
0.661072
0.714459
0.622458
0.866344
0.755122
0.280901
0.982834
0.768562
0.880219
0.754167
0.805794
0.54027
1.20551
0.354291
0.830743
0.467526
1.01633
0.735079
0.607183
0.696867
0.312512
0.260848
1.21718
0.637387
0.362197
0.787112
0.837763
1.02947
0.365444
0.665471
0.704747
0.607582
0.457918
1.06331
0.612685
0.640332
0.501926
0.594366
0.713581
0.962049
0.914925
0.685205
0.589842
1.31912
0.292622
0.647886
0.643389
1.19327
0.945237
0.999649
0.812746
0.533828
0.674468
0.612453
0.469984
0.432422
0.433746
1.2334
0.313246
0.163486
0.808773
0.171967
0.992468
0.855729
1.08018
0.975891
1.09915
0.879515
0.963171
0.888467
0.815108
1.04369
1.01554
0.464715
0.746663
0.642134
1.1204
0.818194
0.723731
0.537237
0.309317
0.91163
0.671746
1.07468
0.885043
0.452774
0.775314
1.07166
0.72223
0.844534
0.811669
1.22977
0.647784
0.529959
0.840586
0.437072
0.627215
0.613893
0.569926
0.660323
1.00136
0.502173
0.8396
0.455686
0.532248
0.881176
0.914631
0.772965
0.202172
1.07427
1.04709
0.503673
0.762013
1.13293
0.873749
1.00122
0.57917
0.61238
0.632758
1.3687
1.09004
0.874165
0.46752
0.388663
0.185479
0.580783
0.929706
0.797157
1.0275
1.16874
0.695197
1.11949
0.809385
0.535039
1.32193
0.420022
0.672203
0.761578
0.881989
0.577641
0.842366
0.855706
0.589944
0.632849
0.847276
0.467239
0.439182
1.37016
0.657371
0.554145
0.457062
0.739545
0.868894
0.488779
0.645476
0.839657
0.991296
0.831659
0.391311
0.757268
0.55482
0.743382
0.756613
0.773241
0.469276
0.937269
0.876849
0.772502
1.4224
0.647165
0.451191
0.858772
0.638348
0.858347
1.2658
0.539103
0.547587
0.662605
0.745522
0.256835
0.546729
0.622585
0.697716
0.953069
0.777104
1.14908
0.70272
0.872697
1.09954
0.660267
0.608192
0.61471
1.10881
1.16598
1.05092
0.691541
0.458807
0.680652
0.855311
1.01408
0.579085
0.266888
0.826623
0.767534
0.734562
0.565494
0.393414
0.57948
0.56115
0.570301
0.880107
0.785404
0.99553
0.452484
0.688323
0.816603
0.520272
0.930014
0.979541
0.870365
0.345977
0.793722
0.81868
0.477894
0.614324
0.212688
0.844358
0.866587
0.497345
0.641565
0.605235
0.643001
0.639762
0.813769
0.183171
0.5165
0.757488
0.87112
0.647892
0.870143
1.0691
1.0912
0.727207
0.790182
0.768966
0.621269
0.73031
0.753702
0.33556
0.603775
0.673315
0.400959
0.670915
0.701212
0.708371
0.386526
0.999094
0.865559
0.964837
0.568924
0.627371
0.396796
1.22963
1.20368
0.532218
0.692746
1.33134
0.512198
0.413879
0.485181
0.391555
0.503884
0.301578
0.255779
0.87509
1.10532
1.0591
0.18346
0.366827
1.17104
0.58405
0.747459
0.852018
0.918421
1.02056
0.457776
0.76236
0.646158
0.520569
0.837011
0.615513
0.350431
0.520885
0.140821
0.293756
0.346268
0.935878
1.36223
1.00713
1.05132
0.6851
0.928708
0.747948
1.34596
0.893818
0.816895
0.529426
0.292336
0.652046
0.517869
0.564791
0.600781
0.628898
1.13325
0.481544
0.233323
0.800577
0.52861
0.227457
0.929653
0.802158
0.975115
0.823546
0.739075
0.117543
1.01323
0.603457
0.925908
0.700933
1.30296
0.53437
0.385999
1.05317
0.788544
0.698382
0.314694
1.04835
0.338194
0.956481
0.566522
1.00265
0.219979
0.702064
0.815051
0.351663
0.719341
1.1121
0.681366
0.995094
0.411177
0.650379
0.597158
0.664777
0.612767
0.783185
0.82154
0.454081
0.681089
0.75489
0.472773
0.917478
1.16802
0.714297
0.923236
0.537139
0.559715
0.878332
0.870147
0.770961
0.566422
0.244528
0.675492
0.976053
0.769433
0.727306
0.498945
0.734576
0.32637
0.530966
0.788645
1.38053
0.919611
0.563826
0.382708
0.73453
0.607269
0.756518
1.02515
0.613256
0.423693
0.534283
0.790047
0.496838
0.177724
0.670645
1.04994
0.903646
0.536916
0.504361
0.478755
