0.682756
0.476494
0.488573
0.403599
0.363158
0.24106
0.473943
0.543989
0.823792
0.823605
1.32366
0.485219
0.477409
0.316493
0.833307
0.257553
0.617158
0.849854
0.96632
0.682538
0.625003
0.391213
0.550681
0.53975
1.10463
1.09272
0.385858
0.411997
0.684395
0.670384
0.790022
0.716267
0.808438
0.732253
0.174092
1.14149
0.896969
0.793913
0.830961
0.91318
0.264927
0.440986
0.315856
0.767682
0.678693
0.626712
0.356723
0.621835
0.311083
0.787677
0.389724
0.836219
0.769052
0.505646
0.939691
0.409258
0.206127
0.882028
0.530515
0.689598
0.589556
0.268814
0.335586
0.356094
0.45601
0.638337
0.587075
0.463303
0.788758
0.565811
0.467907
0.430087
0.636567
0.435941
0.702482
0.253679
0.33428
0.395721
1.11339
1.06205
0.988209
0.801936
0.538725
0.658575
0.554131
0.304587
0.457996
0.645386
0.640917
0.586257
0.966929
0.476179
0.44313
0.634669
0.647956
0.588609
0.221473
0.554213
0.440531
0.686389
0.312698
0.697975
0.964876
0.569374
0.473927
0.504706
0.549693
0.609817
0.416221
0.33431
0.726367
0.455187
0.620562
0.661892
0.194081
0.388377
0.452686
0.78091
0.422008
0.551373
0.598541
0.566204
0.596856
0.0851601
0.361087
0.646515
0.752645
0.464717
0.396416
0.424119
0.421548
0.772023
0.56218
0.178237
0.451919
0.316162
0.682503
0.743891
0.394818
0.83274
0.907046
0.428434
0.711117
0.558521
0.481549
0.405611
0.725692
0.435491
0.596253
0.754596
0.726069
0.145161
0.749926
1.01858
0.633663
0.435486
0.524545
0.664027
0.299666
0.498917
0.862758
0.480105
0.612876
0.512046
0.457135
0.699995
0.565651
0.634109
0.447497
0.583513
0.64299
1.09581
0.470055
0.64358
0.617388
0.617714
0.60736
0.326633
0.492446
0.523955
0.855625
0.305604
0.648829
0.459339
0.767674
0.804767
0.673878
1.28804
0.542683
0.395648
0.407626
1.23206
0.65915
0.303175
0.931089
0.513543
0.681884
0.474214
0.504421
0.635244
1.05329
0.80626
1.05186
0.928304
0.419288
0.525068
0.443612
0.558645
0.682283
0.657583
0.919714
0.698021
0.488618
0.438377
0.995784
1.29578
0.482691
1.01438
0.347299
0.513365
0.733225
0.471328
0.507266
0.697435
0.735982
0.868289
0.405136
0.982431
0.78643
0.323271
0.296424
0.382085
0.667172
0.893553
0.611925
1.25226
0.661498
0.22266
0.419618
1.25685
0.952324
0.805224
0.570642
0.731429
0.474126
0.798617
0.72136
0.628545
0.39531
0.274517
1.14904
0.234612
0.804373
0.403873
0.515563
0.834838
0.431168
0.779989
0.721414
0.498883
0.637357
0.409825
0.61759
0.757916
0.635215
0.665872
0.739246
0.715965
0.889026
0.354628
1.07821
1.4537
0.608569
0.732884
0.571344
0.448751
0.665694
0.490265
0.33692
1.03977
0.223478
0.15684
0.20121
0.831405
0.431587
0.988193
0.700319
0.595032
0.482636
0.220969
0.583937
0.641597
0.82369
0.893112
0.129273
0.227795
0.314775
0.518527
0.647085
1.05428
0.77387
0.339038
0.25398
0.887047
0.89455
0.590684
0.816702
0.519231
0.694918
0.619475
0.374625
0.751285
0.791414
0.638527
0.424966
0.657651
0.582219
0.369905
0.315767
0.71991
0.460412
0.741433
0.228166
0.69147
0.514549
0.655587
0.160989
0.630046
0.435516
0.314243
0.72286
1.0038
0.860984
0.890846
0.791485
0.37756
0.430535
0.555421
1.05717
0.787828
0.161992
0.724709
0.861823
0.616831
0.361784
0.557909
0.456282
0.740928
0.251941
0.636002
0.449367
0.453834
1.04783
0.764059
0.435335
0.599042
0.646901
0.551228
0.419791
0.361784
0.688969
0.5619
0.320333
0.46542
0.496327
0.461048
0.463037
0.380009
0.739726
0.591037
0.659701
0.510638
0.370021
0.35927
0.676661
0.515492
0.972177
1.12737
0.541042
0.542066
0.947923
1.15618
0.452055
0.92315
0.27149
0.547677
0.554532
0.553412
0.921937
0.463084
0.279627
0.579259
0.201114
0.761718
0.113428
1.08983
0.347039
0.840539
0.235216
0.841547
0.399267
0.926136
0.679773
0.497142
0.533035
1.07556
0.44906
0.559092
0.684936
0.569015
0.404009
0.351381
0.560915
0.293544
0.627378
0.45047
0.685193
0.211341
0.146846
0.604397
0.941904
0.4988
0.675917
1.14672
0.525931
0.573826
0.454277
0.386923
0.564537
0.657693
0.676874
0.94826
0.517966
0.929032
0.41447
1.02462
1.16839
0.65995
0.593134
0.705205
1.22616
0.589191
0.88063
0.423295
0.916002
1.13447
0.534598
0.368096
0.569244
0.714807
1.31884
0.784677
0.711945
0.275838
0.433946
0.844578
0.377813
0.549673
0.417734
0.48154
0.190871
0.650517
0.725494
0.768446
0.659583
0.0782119
0.522436
0.665625
1.04577
0.193917
0.824024
0.620388
0.640452
0.602524
0.392779
0.491739
0.66643
0.652341
0.672336
0.466465
0.578048
0.607149
0.625446
0.373671
0.42829
0.704099
0.503963
1.0337
0.112863
0.591399
0.41245
0.304368
0.343653
0.683355
0.612811
1.36037
0.53638
0.443618
1.14956
1.17135
0.397977
0.674044
0.4263
0.435038
0.354242
1.00663
0.424818
0.723328
0.650796
0.479274
0.299515
0.727696
0.529638
0.555638
0.264592
0.460728
0.562742
0.655834
0.349727
0.865887
0.720225
0.613143
0.774587
0.609675
0.955692
0.878045
0.237433
0.552142
0.837827
0.691589
0.4079
0.510776
0.287767
0.38399
0.502156
0.480692
0.363892
0.642533
0.160891
0.318065
1.03944
0.400345
0.447411
0.930556
0.489861
0.185195
0.272859
1.04085
0.585607
0.534323
0.176149
0.8654
0.843298
0.414236
0.622306
0.488037
0.672023
0.568187
0.486652
0.678257
0.479855
0.723336
0.703373
0.380142
0.297394
0.935461
0.502721
0.291625
0.320668
0.523723
0.483714
0.407131
0.830711
0.567818
1.0936
0.294868
0.312601
0.355196
0.585056
0.301097
0.803727
0.552349
0.873196
0.380112
0.456347
0.642311
1.00373
0.857774
0.665008
0.639383
0.615837
0.547531
0.380229
0.315814
0.617599
0.345807
0.787812
0.356768
0.615494
0.430864
0.773607
0.210124
0.762761
0.922696
1.29767
0.578832
0.470578
0.207016
0.854047
0.622798
0.358306
0.571524
0.710087
0.420889
1.24099
1.08643
0.995831
0.651843
1.2229
0.365256
0.649261
1.07994
0.650339
0.589042
0.454609
0.42018
1.06913
0.903235
0.512592
0.552185
0.534695
0.7401
0.665082
0.537108
0.319561
0.641842
0.96896
0.35511
0.480023
0.837638
0.435377
0.84396
0.875024
0.556872
0.37581
0.77177
0.297176
0.518487
0.520521
0.905469
0.447012
0.470866
0.884026
0.257869
0.511864
0.30332
0.68677
0.761034
1.13858
0.513775
0.759
0.457106
0.818946
0.342533
1.02946
0.531042
0.469818
0.8538
0.620067
0.167696
0.618566
0.584572
0.790873
0.57039
0.365432
0.549983
0.165786
0.728157
0.48192
0.828446
0.850579
0.483224
0.659468
0.29535
0.812228
0.484468
0.624508
0.465712
0.443955
0.648027
0.656042
0.867505
0.63699
0.537703
0.364824
0.506211
0.609964
0.916427
0.555936
0.610303
0.691465
0.376563
0.376606
0.726045
1.06977
0.861778
0.389817
0.265452
0.433439
0.873352
0.362559
0.550817
0.429499
0.779106
1.24114
0.449183
0.744094
0.651703
0.910955
0.559916
0.69807
0.459279
0.510057
0.466324
0.441529
0.947733
1.22996
0.407051
0.411362
0.641278
0.833986
0.32812
0.533425
0.470749
0.639956
0.143708
0.430045
0.426716
0.568304
0.378038
0.427149
0.707979
0.545092
0.803339
0.615006
0.658364
0.288517
0.860202
1.19898
0.275782
0.96378
0.39763
0.497763
0.887451
0.861924
0.471137
1.1459
0.751877
0.903478
0.300327
0.875078
0.709351
0.612692
0.601158
0.297295
0.810948
0.665401
0.504637
1.24806
0.315572
0.486656
0.93912
0.517611
0.399927
0.315636
0.546061
0.738507
0.326645
0.576931
0.590769
0.480343
0.435937
0.719369
0.644916
0.674823
0.335666
0.638618
0.968518
0.708578
0.910303
0.431533
0.99776
0.747565
0.219996
0.613815
1.1532
0.342155
0.611071
1.13719
0.522911
0.660064
1.11818
0.431926
0.447221
0.319605
0.52633
0.051579
0.565535
0.275541
0.386274
0.968454
0.377057
0.55791
1.0221
0.356184
0.564266
0.608786
0.471743
0.760949
0.340378
0.647145
0.919358
0.31923
0.623238
0.360392
0.330681
0.53088
0.314131
1.26403
0.924203
0.460378
0.230083
0.398977
0.522217
0.384355
0.32861
0.308775
1.13749
0.781299
0.983655
0.531356
0.53621
0.534126
0.68735
0.927157
0.298393
1.11968
0.72978
0.606624
0.80556
0.824175
0.489292
0.570949
0.850643
0.377561
0.727984
0.228638
1.07147
0.517435
0.201211
0.366325
0.283901
0.432054
0.705243
0.690623
0.890117
0.95825
0.500359
0.716147
0.502711
1.03635
0.705704
0.717143
0.468238
0.541276
0.709419
0.283243
0.58994
0.230708
0.635657
0.492061
0.296764
0.375997
0.851047
0.476925
0.274106
0.359774
0.712538
0.812337
0.299476
0.803838
0.814698
0.586214
1.0248
0.402774
0.65412
0.754245
0.608114
0.790978
0.404717
0.830533
0.221151
0.452211
0.833817
0.362174
1.09528
0.506896
0.741957
0.640246
0.773819
0.367404
0.648941
0.410242
1.01056
0.693194
0.495189
0.782691
0.608971
0.492825
0.201553
0.54729
0.751132
0.999734
0.739178
0.798432
1.24743
0.469893
0.492573
0.481233
0.609123
0.779733
1.09152
0.64241
0.359304
0.982678
0.881934
0.726549
0.172279
0.484868
0.9
0.398253
0.702432
1.13676
0.383981
0.585101
0.341099
0.773521
0.634402
0.676856
0.213872
0.532105
0.453002
0.58417
0.34224
0.84623
0.511095
0.633628
0.932011
0.884209
1.39882
0.591505
0.761947
0.492787
0.569402
0.694455
0.398938
0.612594
0.410186
0.643236
0.859681
0.378317
0.691014
1.15147
0.569651
0.933738
0.383043
0.620132
0.477749
0.312198
0.528489
0.263199
0.997672
0.454331
0.662037
0.254293
0.712712
0.580856
1.29287
0.810797
0.454882
0.310819
0.647572
0.691706
1.03867
0.425448
0.779227
0.430754
1.03318
0.281317
0.726774
0.615538
0.656158
0.694008
0.921522
0.710684
0.749548
1.05847
0.222751
0.526493
0.338669
0.494281
0.236332
0.450486
0.179697
0.534879
0.922782
0.275672
0.853824
0.948482
0.341134
0.574491
0.208341
0.784363
0.487635
0.32778
0.875763
0.594469
0.871976
0.51728
0.660712
0.772204
0.381648
0.411759
0.558675
0.554953
0.524753
0.543172
1.0493
0.273026
0.133255
0.57971
0.788935
1.32814
0.895966
0.396334
0.490625
0.410626
0.604365
0.311326
0.485846
0.800052
0.597773
0.363694
0.739051
0.487173
0.529327
0.678618
0.401941
1.09829
0.521648
0.476556
0.523999
0.576761
0.472996
0.695718
0.990076
0.568218
0.377098
0.537718
0.840161
0.5353
0.472379
0.246591
0.633234
0.269271
0.348321
0.688516
0.560551
0.474909
0.328362
0.370465
0.729819
0.687753
0.609771
0.379782
0.383516
0.552837
0.650676
0.438301
0.413259
1.05896
0.875658
0.950675
0.540751
0.736762
0.773592
0.466922
0.298105
0.242039
0.649665
0.653485
0.640603
0.327535
0.631772
0.498932
0.501952
0.344641
0.911444
0.637265
0.913833
0.841119
1.28229
0.664924
0.722767
0.667261
0.937476
0.689202
0.567886
0.254903
0.208234
0.497018
0.738437
0.229579
0.702244
0.445766
0.37189
1.02331
0.381423
0.586044
0.806214
0.450603
0.547809
0.381112
1.00915
0.84672
0.308242
0.678282
0.553711
0.76066
0.778374
0.562733
0.624579
0.273122
0.512776
0.690178
0.480328
0.287867
0.804902
0.859354
0.509021
0.487648
0.232513
0.828101
0.858779
0.416437
0.552479
0.590466
0.422129
0.484108
0.588775
0.266722
0.522923
0.730285
0.701047
0.420318
0.513026
0.723701
0.477535
1.19989
0.676175
0.695489
0.54272
0.867373
0.575802
0.632106
0.253844
0.398287
1.13345
0.861145
1.03692
0.773457
0.216411
0.600783
0.477189
0.572814
0.958423
1.1233
1.0917
0.579868
0.450128
0.507823
0.505039
0.148223
0.541119
0.827755
0.462747
0.220196
0.883769
0.870467
0.802573
0.896192
0.505087
0.820892
0.580063
0.297932
0.331819
0.341562
0.556326
0.636652
0.605691
0.432156
0.711781
0.353804
0.444633
0.25226
0.696607
0.741762
0.733032
0.36314
0.411814
0.63253
1.00106
0.414573
0.21171
0.655407
0.613846
0.224049
0.283058
0.730375
0.449622
0.542673
0.686409
0.301753
0.808645
0.493161
0.276644
0.641844
0.181872
0.55856
0.52941
0.788
0.451646
0.648868
0.807826
1.00617
0.347476
0.560076
0.404101
0.574497
0.427385
0.551874
0.645236
0.762114
0.543289
0.923151
0.392112
0.300863
0.372746
0.763488
0.652658
0.276329
0.417984
1.1127
0.115038
0.507337
0.464671
0.462413
0.86877
0.570795
0.787588
0.454681
0.587926
0.904858
1.37536
0.79958
0.844058
0.570026
0.266654
0.850253
0.381136
0.550208
0.280749
0.508675
0.285713
0.367593
0.486961
0.380857
0.34171
0.732269
0.801017
0.502674
0.327034
1.08944
0.337959
0.313801
0.539002
0.691309
0.537362
0.51
0.613341
0.236506
0.406182
1.14543
0.63833
0.838065
0.678051
0.412437
0.851673
0.884739
0.543508
0.495855
0.325456
0.877951
0.395581
0.918797
0.842421
0.414904
0.331883
0.705704
0.686621
1.02254
0.156179
0.339315
0.686558
0.771463
0.225914
0.86077
0.761409
0.629886
0.535186
0.578844
0.445197
0.532056
0.571544
0.815124
0.592531
0.418504
0.478197
0.857481
0.322614
0.691959
0.442734
0.339734
0.528754
0.811522
0.794854
0.327872
0.18976
0.82219
0.409517
1.0168
0.463741
0.504274
0.250267
0.762946
0.664425
0.475642
0.426892
0.786085
0.887799
0.212964
0.688478
0.446838
0.529153
1.13133
0.422715
0.731892
0.770197
0.738464
0.654958
0.685154
0.425236
0.399696
0.524652
0.270727
1.17364
0.594518
0.594614
0.375893
0.44624
0.586428
0.835721
0.551512
0.499588
0.423461
0.922952
0.326497
1.04171
0.906272
0.66841
0.86091
0.420063
0.430205
0.324656
1.0709
1.01741
1.01309
0.554418
0.460276
0.534518
0.49296
0.676457
0.357958
0.38297
0.726916
1.00607
0.59334
0.358232
0.243516
0.86416
0.941536
0.441098
0.979447
1.0945
0.268374
0.810461
0.417846
0.360385
0.549619
0.256896
0.829114
0.389926
1.00972
0.771436
0.419503
0.528866
0.884179
0.453386
0.35108
0.8071
0.455659
0.557272
0.31721
0.371055
0.272736
0.259299
0.366141
0.318574
0.696708
0.645933
0.914702
0.396035
0.516582
0.348851
0.422686
0.447673
0.285044
0.894546
0.738182
0.536309
0.380231
0.434002
1.13164
0.569959
0.51342
0.971207
0.351528
0.642382
0.359933
0.616839
0.727361
0.572921
0.84974
0.426634
1.09144
0.287197
0.371434
0.459901
1.04666
0.508436
0.423039
0.618528
0.833723
0.781516
0.488725
0.454695
0.834798
0.547404
0.338378
0.502227
0.90198
0.42476
0.857947
0.539324
0.910017
0.299589
0.88645
1.04627
1.06619
0.361476
1.03827
0.53741
0.670597
0.27248
0.267369
0.377646
0.722681
0.462611
0.763757
0.470409
1.09589
0.538327
0.514672
0.329989
0.512187
0.263504
0.554251
0.347687
0.768216
1.24253
0.812446
0.548364
0.91527
0.447312
0.712276
0.884271
0.170248
0.958905
0.416957
0.193224
1.14589
0.588455
0.55495
0.753474
0.163023
0.369369
0.47677
0.459712
1.10052
0.557271
0.83214
0.428153
0.606691
0.313923
0.713906
0.868575
0.578533
0.0768189
0.519216
0.802947
0.929052
0.746904
0.297887
0.273081
0.350983
0.389758
0.31294
0.750403
0.577455
0.514634
0.860622
0.484192
0.354281
0.983263
0.401052
0.445699
0.672911
1.01593
0.977898
0.873969
0.487308
0.864585
0.945572
0.740476
1.32726
0.573588
0.713746
0.578189
0.722467
0.434239
0.359246
0.610496
0.812935
0.739257
0.884711
0.64945
0.629839
0.177869
0.524988
0.595072
0.682723
0.810857
0.718519
0.484014
1.44387
0.619218
0.630149
0.348391
0.417499
0.973794
0.479889
0.529263
0.649468
0.694976
0.481637
0.726742
0.513113
0.523492
0.597344
0.945018
0.82292
0.456234
0.455103
0.287834
0.552053
0.255657
1.03917
0.689784
0.671306
0.562349
0.302053
0.985287
0.380945
0.622959
0.636582
0.408964
0.499819
0.511179
0.367725
0.64285
0.402475
0.569363
0.967883
0.533139
0.797812
0.3995
0.155835
0.758408
0.123196
0.68177
0.319883
0.548216
0.400051
0.19327
1.07876
0.83368
0.504235
0.688222
1.11738
0.271539
1.00665
1.36563
0.648298
0.110232
0.7637
0.913508
0.250562
0.667608
0.450952
0.456073
0.660694
1.09857
0.366995
0.864293
0.66414
0.477409
0.561507
0.966333
0.565112
0.378012
0.363594
0.702704
0.80744
1.10418
0.840627
0.253312
0.378567
0.755507
0.903237
0.759447
1.1138
1.01356
0.666991
0.366164
0.838112
1.19783
0.594258
0.877181
0.239456
0.912787
0.794001
0.90905
0.603115
0.561727
0.612308
0.947632
0.543707
0.484877
0.570076
0.507875
0.586423
0.574962
0.306136
0.28151
0.539207
0.676072
0.748107
0.485877
0.270091
1.02901
0.691437
0.470225
0.661816
0.857393
0.857289
0.252028
0.249461
0.41291
0.662162
1.12778
0.620613
0.390894
0.655772
0.562976
0.428152
0.481972
0.533626
0.637754
0.7354
0.33763
0.687992
0.847039
0.703981
0.587598
0.421087
1.01607
0.435813
0.651803
0.272755
0.336796
0.258053
0.226119
0.480537
0.971309
0.554348
0.388137
0.427611
0.538741
0.633919
0.853897
0.96366
0.739852
0.604545
0.41279
0.48643
0.58447
0.425682
0.276026
0.307676
0.658255
0.466131
0.785434
0.599043
0.540563
0.266292
0.440705
0.465295
0.207776
0.588249
0.964925
0.544043
0.874769
0.57901
0.440512
0.398765
0.519188
0.396275
0.433649
0.847521
0.594746
0.975602
0.528906
0.576864
0.860337
0.563593
0.818246
0.934756
1.5033
0.525841
0.303078
0.58117
0.552445
0.645396
1.17174
0.807934
0.678506
0.638671
0.960116
0.736897
0.215897
0.483584
0.365718
0.982618
0.789498
0.875635
0.748144
0.751792
0.562367
0.482947
0.64553
0.343306
0.520316
0.544513
0.861495
0.544764
0.81085
0.374279
0.321602
0.141722
0.319477
0.710765
0.43616
0.472185
0.290133
0.108913
0.334501
0.47773
0.498276
0.523258
1.25569
0.462252
0.735985
1.28137
0.951048
1.08146
0.378101
0.579548
1.18163
0.677124
0.440055
0.921538
1.15118
1.06101
0.811962
0.551953
0.382854
0.456713
0.793686
0.587977
0.411176
0.297829
0.335391
0.438107
0.611467
0.665769
0.36267
0.617907
0.583956
0.407429
0.653423
0.301451
0.444163
0.808835
0.236688
0.880779
0.746164
0.771816
0.42357
1.34401
0.928076
0.373354
0.388849
0.547561
1.0741
0.289487
1.12882
0.744653
0.610944
0.516754
0.502162
0.765135
0.446591
0.193444
0.569989
0.294092
0.562614
0.337667
0.34217
0.778166
0.500059
0.32951
0.460197
0.354731
0.659696
0.826113
0.201434
0.479487
0.558968
0.556909
0.44164
0.829598
0.890188
0.367364
0.46984
1.12085
0.687355
0.795379
0.134006
0.47836
0.694442
0.717381
0.196163
0.920486
1.08594
1.08672
0.644159
0.595499
0.717059
0.914557
0.3794
0.432372
0.767844
0.369846
0.770396
0.207187
0.373799
0.391286
0.72335
0.469028
0.697218
0.531201
0.676037
0.739629
0.634147
0.427057
0.777568
0.61155
0.165659
0.881061
0.295967
0.278537
0.379398
0.403639
0.464422
0.378398
0.526352
0.441236
0.828569
0.83789
0.757088
0.346604
0.228797
0.343406
0.0696737
0.271587
0.362438
0.54871
0.407671
0.249884
0.614212
0.603138
0.51549
0.62981
0.92115
0.371783
0.915296
0.694877
0.81768
0.898341
1.13508
0.461764
1.17617
0.632436
0.540829
0.185718
0.599133
0.479226
0.726018
0.393449
0.449556
0.636967
0.448547
0.481148
0.367701
0.515976
0.599911
0.81763
0.720692
0.60239
0.532263
0.238566
0.305776
0.801477
0.263206
0.338783
0.954946
0.388331
0.432953
0.661588
0.582709
0.737572
0.51541
0.754276
0.852368
0.792542
0.425195
0.87302
0.751865
0.488497
0.856827
0.384633
0.22541
0.446293
0.700124
0.461236
0.589394
0.432408
0.592556
0.973447
0.689902
0.110225
0.175118
0.84088
0.389919
0.748534
0.352431
0.792961
0.204397
0.884807
0.783997
0.45254
0.793363
0.63719
0.522467
0.676783
0.252266
0.71702
0.676746
0.650382
0.590533
0.390174
0.377054
0.350341
0.469561
0.489583
0.617254
0.771124
0.561044
0.829118
0.489302
0.585554
0.366154
0.33092
0.725067
0.347121
0.830447
0.760424
0.237257
1.08823
0.596148
0.412667
0.111129
0.272972
0.621954
0.948224
1.10805
0.725249
0.71987
0.66652
0.756803
0.35709
0.391689
1.06485
0.753199
0.689008
0.551083
1.29059
0.446678
0.185874
0.22578
0.769379
0.166354
0.448239
0.459096
0.407903
0.86913
0.512622
0.233521
0.157809
0.469938
0.253779
0.253609
0.82456
0.380434
0.677695
0.400627
0.276996
0.484399
0.601895
0.366034
1.00584
0.490959
0.419708
0.644329
0.548712
1.1088
0.795964
0.623829
0.657981
0.805089
0.64267
0.49571
0.210205
1.20466
0.723768
0.432809
0.351869
0.182946
0.169231
0.57387
0.239979
0.560394
0.50836
0.757739
0.159537
0.556316
0.522513
0.828975
0.542339
0.463276
0.523389
0.970434
0.429616
0.540931
0.763929
0.312887
0.195719
0.612498
0.383465
0.564896
0.739046
0.792297
0.579968
0.317624
0.583903
0.555745
0.188466
0.665282
0.404013
0.703818
0.154692
0.332358
0.836494
0.563479
0.655292
0.354566
0.27125
1.22434
0.517581
0.379756
0.885581
0.373092
1.03747
0.41456
0.333159
0.911094
0.822654
1.17347
0.407785
0.842225
0.216508
0.374293
0.168431
0.524907
0.282027
0.509907
0.532893
0.545205
0.481386
0.0798194
0.36759
0.536256
0.65021
0.888376
0.57591
0.525941
1.0399
0.737356
0.433119
0.46579
0.398975
0.451479
0.989072
0.806688
0.719312
0.481602
1.06372
0.500887
0.846524
0.840098
0.644041
1.18098
0.898298
0.92516
0.396768
0.485209
0.43754
1.1073
1.00113
0.447488
0.517906
0.924507
0.374054
0.43256
0.486721
0.614873
0.825306
0.527801
0.230864
0.50359
0.443453
0.644953
0.734484
0.800981
0.411577
0.478634
0.505829
0.148885
0.489807
1.07112
0.418676
0.485206
0.304965
0.73014
0.777777
0.432858
0.54286
1.1147
0.590136
0.710611
0.909337
0.724406
0.359329
0.677287
0.378321
0.201015
0.873288
0.796807
0.556456
0.527467
0.682485
0.486991
0.546047
0.679406
0.329649
0.805742
0.631656
0.812693
0.864275
0.871936
0.383241
0.493364
0.359963
0.527058
0.799445
0.778698
0.216492
0.456954
0.417342
0.304473
0.3848
0.514562
0.365683
0.614542
0.29409
0.365533
0.497287
0.560853
0.821896
0.876754
0.568825
1.07505
1.01326
0.691391
0.730298
0.839504
0.67745
0.957288
0.381478
0.570058
0.714639
0.472417
0.36232
0.718227
0.430623
0.578938
0.580565
0.953872
1.16805
0.367556
0.400107
0.849319
0.855931
1.03973
0.56717
0.62926
0.125472
0.819136
0.289653
0.449926
0.833282
0.523097
0.853569
0.765089
0.336036
0.44575
0.81546
0.481926
0.59247
0.662003
0.850384
1.09809
0.149121
0.805311
0.887983
0.492666
0.35847
0.396683
0.178847
0.707162
0.499501
0.881655
0.774012
0.351189
0.822915
0.362978
0.940058
0.699554
0.307654
0.307019
0.907353
0.963619
0.552265
0.311082
0.459076
0.997176
0.796455
0.54716
0.379983
0.653683
0.680365
0.395044
0.485673
0.512669
0.325296
0.471867
0.514337
0.69922
1.01898
0.392503
0.718254
0.9511
0.455153
1.04929
0.571777
0.118095
0.815811
0.740487
0.574434
0.218368
0.586492
0.311405
0.804089
0.367457
0.600709
1.12069
0.549067
0.295075
0.44003
0.726343
0.959499
0.756103
0.547437
0.681941
0.579427
0.564686
0.962849
0.757459
0.540826
0.413804
0.679554
0.403777
0.862362
0.430969
0.541253
0.468254
0.758504
0.65404
0.823311
0.188635
0.795162
0.6547
0.509864
0.35758
0.420112
0.132393
0.941488
0.774079
0.861861
0.361776
0.315755
0.913809
0.443073
0.455651
0.49945
0.34516
0.698338
0.381318
0.312017
0.629733
0.43574
0.395127
0.723723
0.521843
0.204693
0.477911
0.479763
0.250432
0.382991
1.2208
0.324893
0.84034
0.745615
0.637227
0.622075
0.718545
0.295077
0.282319
0.996043
0.483351
0.304573
0.949643
0.192466
1.05618
0.697788
0.857867
0.709811
0.916953
1.34111
0.639267
0.590778
0.518216
0.544789
0.958603
0.680199
0.306707
0.68354
0.330632
0.767955
0.288272
0.630428
0.396275
0.405993
0.47609
1.22475
0.758836
0.323316
0.7532
1.14851
0.479785
0.74669
0.615107
0.414325
0.651628
0.236488
0.517299
0.362144
0.733791
0.982552
0.548069
1.0182
0.618736
0.497455
0.647669
1.17605
0.617957
0.5251
0.270065
0.907607
1.01937
0.656857
0.446755
0.530797
0.385165
0.666093
0.487894
0.360448
0.793842
0.902291
0.988499
0.562119
0.737544
0.652851
0.849296
0.441036
0.92576
0.268394
0.319576
0.899024
0.392409
0.665328
0.811174
0.692779
0.207594
0.440866
0.346476
0.693741
0.548392
0.40048
0.561701
0.492915
0.449281
0.469588
0.259009
0.866512
0.866393
0.635212
1.27121
0.274012
0.732627
0.500436
0.64944
0.488427
0.410656
0.318968
0.534804
0.84946
0.802537
0.554021
0.554626
0.548306
0.512667
0.733259
0.292079
0.558531
0.410572
0.741221
0.480984
0.782237
0.434056
0.863636
0.614566
0.463779
0.706037
0.67398
0.162567
0.719586
0.607166
0.245168
0.310442
0.470332
0.371073
0.662821
0.48378
0.348453
0.908582
0.910259
0.465063
0.903103
1.12242
0.788284
0.388217
0.394771
0.610111
0.900373
0.686512
1.03475
0.506692
0.920105
0.13968
0.418528
0.331917
0.552681
0.472695
0.963821
0.468809
0.418392
0.609774
0.517619
0.901188
0.384088
0.549884
0.912346
0.699287
0.890274
0.128351
0.758409
0.111515
0.683463
0.213729
0.430426
0.458067
0.572687
0.901047
0.544203
0.668091
0.704518
0.517014
0.79467
0.286154
0.802303
0.322939
0.617872
0.85604
0.724731
0.732355
0.543405
0.339993
0.537503
0.686756
0.272419
0.561051
0.713753
0.70724
0.53386
0.868639
0.517155
0.346373
0.605918
0.37487
0.756898
0.917151
0.800074
0.389235
0.938031
0.748651
0.567466
0.562977
0.582286
0.743319
0.712201
0.697556
0.322162
0.549189
0.11363
0.836919
0.259064
0.868383
0.605273
0.917039
0.669539
0.37776
1.35696
0.217282
1.25663
0.588409
0.770481
1.06633
1.02277
0.285112
0.951961
0.79574
0.565815
0.317205
0.48522
0.884719
0.618522
1.02013
0.770251
0.288665
0.619366
0.642266
0.602823
0.50842
0.402343
0.184195
0.525972
0.948192
0.925024
0.445266
0.504867
0.0559981
0.309927
0.46399
0.51746
0.427837
0.610178
0.3046
0.351926
0.791674
0.361503
0.534058
0.553616
0.861613
0.733684
0.739593
0.64106
0.522883
0.865551
0.506305
0.711224
0.349931
0.53388
0.347612
0.757002
0.613805
0.682682
0.582189
0.786076
0.395986
0.865186
0.344417
0.440772
0.263747
0.754289
0.651195
0.244679
0.500795
0.967804
0.817771
0.438957
0.245353
0.419513
0.408529
0.849336
0.420308
0.753094
0.640808
0.534075
0.477109
0.370484
0.344716
0.198578
0.602504
0.362731
0.47811
0.456959
0.242442
0.582907
0.291364
0.448564
0.439331
0.681933
1.2288
0.327273
0.796072
0.885546
0.388552
0.463063
0.941068
0.657842
0.988857
0.709782
0.362834
0.23479
0.205038
0.492655
0.468759
0.438331
1.00702
0.577118
0.790619
1.02416
0.769972
0.289988
1.25557
0.476247
0.488751
1.17232
0.513233
0.345129
0.712559
0.534903
0.564473
0.779098
0.60876
0.288721
0.250631
0.413005
0.882456
0.277894
0.681107
0.669996
0.692594
0.246875
1.00039
0.162531
0.999808
0.466538
0.896835
0.606377
0.407749
0.654531
0.529173
0.157101
0.26173
0.552053
0.957745
0.762068
0.440424
0.181914
0.91225
0.500024
0.942982
0.553132
0.470208
0.338135
0.718323
0.580174
0.360222
0.639988
0.638098
0.348991
0.532477
0.484142
0.288384
0.911721
0.702525
0.818743
0.387831
0.347548
0.634641
1.12001
0.953565
0.446966
0.614611
0.700617
0.510704
0.508226
0.660345
1.13632
0.85132
0.420014
0.863394
0.86216
0.944532
0.638233
0.663763
0.339934
0.503922
0.365662
0.939883
0.389438
0.723436
0.475619
0.37735
1.00225
0.671472
0.31758
1.19631
0.732982
0.451828
0.726777
1.32634
0.802813
0.43579
0.789136
0.402206
0.177818
0.707852
0.122099
1.14864
0.234652
0.717042
0.523334
0.402246
0.272128
0.291635
0.739885
0.17197
0.805536
0.509954
0.212129
0.911577
0.609621
0.44652
0.715139
0.209689
0.778525
0.54374
0.530488
0.317844
0.399705
0.258492
0.0612655
0.630997
1.14856
0.993379
0.37892
0.505661
0.500017
1.08388
0.938943
0.35897
0.357521
0.936325
0.426404
0.566131
0.501683
0.298245
0.512019
0.368809
0.664545
1.05766
0.433814
0.779248
0.861876
0.269897
0.391699
0.490553
0.6827
0.576052
0.579449
0.172029
0.355712
0.242665
0.610734
1.13034
0.674415
0.501286
0.623261
0.559639
0.586253
0.377944
0.621349
0.751981
0.515377
0.263708
0.468232
0.725129
0.513613
0.508175
0.686964
0.968754
0.584883
0.956705
1.12411
0.709656
0.620253
0.34659
0.566158
0.762371
0.737105
0.402941
0.527588
0.790014
0.620235
0.541057
0.820458
0.293868
0.0553943
0.408571
0.316157
0.548905
0.899075
0.577649
0.450592
0.283643
0.430498
0.31209
1.09805
0.953855
0.388893
0.738707
0.52829
0.437398
0.541867
0.727552
0.87291
0.504348
0.854249
1.15352
0.591548
0.70552
0.677994
0.564922
0.855947
0.708772
0.368729
0.21403
1.0266
0.672034
0.702056
0.52161
0.467701
0.767648
0.334726
0.349576
1.12851
0.22576
0.426725
0.83839
0.801276
0.53935
0.50377
0.593431
0.664115
0.364591
0.406603
0.250203
0.52876
0.853343
