0.663091
0.476592
0.488942
0.704163
0.419444
0.703573
0.609523
1.00901
0.364154
0.24106
0.948764
0.581854
0.473695
0.54482
0.823554
0.823005
0.88894
0.484684
0.476804
0.319345
0.83328
0.2608
0.617092
0.849587
0.96649
0.682401
0.626816
0.390247
0.55036
1.39506
0.539645
1.10468
0.393043
1.25324
0.412608
0.684228
0.719379
1.21086
0.670397
0.7907
0.807613
0.732212
0.173332
1.14237
0.897059
1.0779
0.793481
0.832646
0.538779
0.92039
0.671832
0.266234
0.767433
0.676483
0.626701
0.782821
0.356692
0.623308
0.983719
0.3118
0.390556
0.835975
0.796477
0.942154
0.409333
0.955736
0.70371
0.199436
0.883212
0.530247
1.18869
0.687026
0.591165
0.994365
0.270102
0.341215
0.355497
0.882685
0.455942
0.637985
0.58761
0.480313
0.787566
0.565811
0.469168
0.950153
0.554638
0.430018
0.636785
0.429125
0.703384
0.252814
0.333227
0.399256
1.19444
1.11186
0.829056
0.671566
1.06129
1.03047
0.986876
0.801891
0.538389
0.658641
0.554783
0.950863
0.304587
0.964723
0.847295
0.455904
0.649068
0.640917
0.960134
0.785826
0.586032
0.967814
0.479082
0.647335
0.944262
0.864726
0.658408
1.16753
0.443226
0.636927
0.946712
0.645676
0.573438
0.592349
0.218674
1.33224
0.554199
0.439107
1.25387
0.685728
0.657875
0.439239
0.515734
0.698103
0.970836
1.22685
0.569424
0.47401
0.54907
0.608304
0.812529
1.20138
0.433669
0.334358
0.722157
0.636218
0.45361
0.619862
0.663613
0.194585
0.391276
0.453138
0.781239
0.422505
0.551441
0.798766
0.508899
0.597792
1.11667
0.564632
0.59689
0.0755268
0.361053
0.647877
0.751632
1.01015
0.396502
0.422984
0.415688
0.76414
0.566797
0.178145
1.07211
0.45207
0.571159
0.317568
0.680988
0.748104
1.33161
0.70355
0.393569
0.833066
0.907278
0.845162
0.852181
1.01415
0.42751
0.712234
0.881034
0.558807
0.667056
0.48167
0.405611
0.725582
0.438732
1.0542
1.09383
0.596253
0.72492
1.01724
0.865011
0.931626
0.923088
0.753362
1.01883
0.633849
0.954186
0.43435
1.29871
0.698806
0.5263
0.680696
0.848322
0.298947
0.498917
0.862664
0.625697
0.479642
0.752478
0.613704
0.512144
0.457522
0.699353
0.56563
0.634109
0.447546
0.913492
0.755029
0.584973
0.642509
0.690221
1.01056
1.09596
0.465778
0.617428
0.616067
0.875952
0.60736
0.324061
0.490331
0.523955
0.85899
0.287709
1.1753
0.456513
0.970672
0.76694
0.803429
0.672692
1.28809
0.537127
0.395596
0.407619
0.985451
1.24813
0.660921
1.04223
0.640468
0.931098
0.513424
0.626235
0.680866
0.504377
0.636004
1.08386
1.05484
0.806576
1.04814
0.71774
1.23768
1.05186
0.928307
0.419401
0.676513
0.525025
1.05301
1.12929
0.444125
0.89451
0.827229
1.02399
0.558645
0.682185
0.82056
0.638881
0.657959
0.919389
0.698564
0.489634
0.438544
1.01317
0.996299
1.29525
0.482691
1.1813
0.349009
0.659119
0.513429
0.735202
1.07712
0.683807
0.47057
0.507427
0.69952
0.735982
0.856986
0.871093
1.01296
1.05708
0.407306
0.78643
0.738371
1.0601
0.322444
1.05716
0.296493
0.382039
0.66745
0.61183
0.687629
0.866985
1.2525
0.655005
0.223334
0.41033
1.12764
0.243506
1.24728
0.952808
0.805548
0.763048
0.572816
0.469347
0.798566
0.720515
0.98314
0.853129
0.921715
1.16357
0.62788
0.400179
0.964309
0.27341
1.14915
0.234734
0.802622
0.403531
0.877145
0.517007
0.834978
0.434163
1.37054
0.780352
1.01711
1.22461
0.673467
0.943042
0.949098
0.704624
0.769187
0.721347
0.498984
0.638414
0.70406
0.988029
0.410616
0.620837
0.859438
0.793137
1.08439
0.760166
0.94883
0.634754
0.665972
0.738048
1.18915
0.719207
1.30343
0.889106
0.355148
1.07785
1.45172
0.608751
0.734072
0.572117
0.44884
0.991774
0.664877
0.692701
0.337588
0.223478
0.155026
0.926614
0.20121
0.831335
0.431684
0.987756
0.68673
1.03697
0.590954
0.482837
0.220914
0.694857
0.583937
0.852326
0.641888
0.825417
0.823814
0.893289
0.129921
0.890734
0.94091
0.227736
0.800056
0.321
0.518478
1.05447
0.948112
0.766738
0.819859
0.914791
1.0761
1.36394
0.337637
0.886578
0.89455
0.590684
0.519503
0.783161
0.888924
0.695766
0.881151
0.816023
0.622947
0.372722
0.803055
0.751232
0.791471
1.22909
1.02845
1.01973
0.752587
0.638898
0.424979
0.657352
0.582878
0.36998
0.308109
0.720167
0.741683
0.232317
0.690757
0.914447
0.514549
0.656047
0.826034
0.160704
0.633324
0.962544
0.909801
0.435545
0.312551
0.723263
1.00344
0.861589
0.953107
1.35169
0.891662
0.377594
1.0801
0.554902
1.05396
0.991753
0.72487
0.772413
0.161771
0.728258
0.86272
0.647357
0.524119
0.360538
0.559515
0.966731
0.741029
0.254302
0.636828
0.449423
0.992881
0.453635
1.05444
1.04758
0.763931
0.713474
0.78908
1.07962
0.597857
0.649023
1.11713
0.90144
0.984535
0.551493
0.419791
0.361997
0.688626
0.562757
0.320474
0.496456
0.460346
0.462599
1.11716
0.737736
0.659592
0.510177
0.36986
0.35686
0.67491
1.22304
0.513992
0.972254
1.12745
0.541003
0.539449
0.934423
0.947944
1.15654
0.842438
0.451796
0.923324
0.268783
1.31183
0.543313
0.929335
1.02129
0.54138
0.924053
0.463611
0.279576
0.58141
0.201114
0.761717
0.114971
1.08813
0.346504
0.840301
0.235264
0.879346
0.83837
0.638797
0.613821
0.398831
0.925648
0.679584
1.05324
0.8637
0.490974
0.533484
1.07137
0.454841
0.557446
0.571875
0.623421
0.403794
0.351082
0.560565
0.334305
0.450284
0.745985
0.91813
0.745275
1.0171
0.68516
0.216562
1.15142
1.06369
0.146846
0.606029
0.942281
1.22206
0.4988
0.674968
1.1473
0.528011
0.566018
0.45004
0.386923
0.564589
0.657682
0.675916
0.886572
0.948097
0.517966
0.930011
0.415038
1.16839
0.659903
1.0645
0.939202
0.705301
1.22773
0.58796
0.880625
0.423463
1.01684
0.786865
0.915622
0.534598
0.368716
0.758923
0.568852
0.735599
0.714904
0.80534
1.31878
0.784677
0.712239
0.26933
0.762992
0.43212
0.844562
0.377606
0.550418
0.908059
0.41585
0.688118
1.04904
0.481708
0.796813
1.10459
0.191371
0.65132
0.72663
0.768091
0.657575
0.588886
0.66568
1.04639
0.192904
1.147
0.825199
0.618614
0.639651
0.391002
0.593114
0.492139
0.665246
0.653138
0.671764
0.466167
0.588128
0.577597
0.60827
0.624602
0.795919
0.704219
0.879136
1.03894
1.21126
0.504043
1.03375
0.858696
1.01467
0.113799
0.589374
0.412624
0.304714
0.683322
0.657289
1.36105
0.536595
0.446166
0.673285
1.29034
0.427882
0.434891
0.355399
0.558451
0.992558
0.627447
1.00663
0.424857
0.721997
0.650767
0.479711
0.300229
0.728116
0.529347
0.555638
0.264961
0.601885
0.639173
0.65381
0.771402
1.1558
0.341332
0.865698
1.05936
0.677841
0.613217
1.2734
0.776528
0.612054
0.950092
0.876895
1.33336
0.237393
0.552227
0.837785
0.69537
0.407853
0.510649
1.08725
0.979623
0.287821
0.383654
0.501193
0.482893
0.364061
0.818915
1.14583
0.640434
0.16023
0.318167
1.03938
0.40054
0.446031
0.995867
0.927994
0.490096
0.370737
0.269462
1.02942
0.714868
0.586157
0.535914
0.177412
0.865065
0.843274
1.19708
0.414236
0.622735
0.672054
0.570973
0.486851
0.679817
0.773727
1.21428
0.479453
0.723519
0.703225
0.380785
0.297868
0.935563
1.3102
1.07602
0.501325
0.291336
0.320608
1.15727
0.591264
0.523984
0.484794
0.417022
0.831979
0.56795
0.91184
1.0936
0.296486
1.24307
0.356057
0.585167
0.300696
0.805082
0.551334
0.874007
0.381322
0.456222
0.909926
0.640253
1.06388
0.858377
1.25493
1.0542
0.663418
0.794247
1.06285
0.619046
0.561385
0.380005
0.315956
0.617792
0.344213
0.785265
0.355262
0.61474
0.431925
0.603831
0.208723
0.912993
0.762084
0.923951
1.29184
0.583131
0.469472
0.207942
0.853955
0.902077
0.623246
0.94072
0.75112
0.35714
0.941288
0.571613
1.14454
0.712115
0.420781
1.24098
1.08643
0.993496
1.15874
0.651025
1.27784
1.22292
0.366104
0.66998
0.735293
0.649658
1.07993
0.650339
0.681685
0.931763
0.589042
0.42045
0.897673
1.06944
0.903272
0.895783
0.512482
0.553612
0.534987
0.739534
1.25553
1.20322
1.20557
1.04574
0.665977
0.537493
1.07331
0.32113
0.645528
0.969748
0.355692
0.480263
0.784878
0.837611
0.436174
0.844193
1.13949
0.875845
0.55439
0.390216
1.0706
0.770563
0.296447
1.04081
0.519393
0.530701
0.905745
1.00263
1.36598
0.468726
0.705211
0.881396
0.729857
0.258531
0.511925
0.303261
0.685959
0.788408
1.13901
0.514539
1.20255
0.758161
0.342699
1.02992
1.03137
0.530541
0.469545
0.854062
1.31037
0.680637
0.167765
0.618574
0.807286
0.818259
0.584648
0.571517
0.552755
0.173663
1.21554
0.767421
1.27036
0.481956
1.16041
0.828537
0.850676
1.34271
0.481992
0.658853
0.296206
0.811662
0.486568
0.624548
0.465402
0.398414
0.648067
0.659274
0.942032
0.795942
0.635681
0.538278
0.365388
0.754903
0.506295
0.989687
0.609755
0.916209
0.555936
0.797043
0.611045
0.378321
0.376602
0.715781
1.07493
0.851821
0.828313
0.390454
0.272914
0.434852
0.873251
0.362559
0.550145
1.08388
0.943014
0.429735
1.04922
0.774718
0.520873
0.851325
0.804586
1.24163
0.449916
0.743998
0.65082
0.832043
0.911277
0.559928
0.703579
0.509392
0.465357
0.441536
0.941337
1.23003
0.404693
0.406142
0.641278
0.329256
1.02553
0.540259
0.470273
1.3641
0.640652
0.900462
0.143895
1.05737
0.437957
0.426626
0.566151
0.912691
0.56484
0.383446
0.429678
0.70706
0.544072
1.1939
0.803414
0.665828
0.614792
1.07332
0.289138
0.862921
1.21322
0.276359
0.96378
1.01253
0.398752
0.71352
0.887449
0.857
1.06156
0.471058
1.14574
0.62269
1.28412
0.793167
0.864779
0.748616
0.884461
0.305132
0.876971
0.704162
0.614577
0.601145
0.302643
0.811269
0.821473
0.665315
0.503908
1.31076
1.24972
0.316008
0.487286
0.513701
0.399894
0.321485
0.546015
1.01324
0.73867
0.724761
0.578831
0.587162
0.480269
0.893069
0.719191
0.597454
0.644916
1.1219
0.675994
0.335642
0.637162
0.941289
0.968597
0.432346
0.997694
0.74789
0.225129
0.614084
1.15695
0.342045
0.611071
1.13684
1.06338
1.28966
0.926804
0.522356
0.659977
1.11993
0.73632
0.899485
1.1371
1.02216
0.46642
0.3202
0.671993
0.526196
0.0513901
0.566937
1.20006
0.940211
0.275462
0.389106
0.967018
0.377341
0.558024
1.02236
0.356145
0.766607
1.24679
0.740545
0.963697
0.560071
0.611553
0.471462
0.760838
0.340539
0.647022
0.920671
0.319315
0.77536
1.18327
1.04104
0.625793
0.359413
0.33037
1.34541
0.531008
0.314936
1.02272
1.26395
0.814214
0.81303
0.460378
0.230954
0.398977
1.43574
1.2618
1.33733
0.673897
0.522957
0.636629
0.38428
0.328282
0.31968
1.13674
0.965645
1.06806
0.781405
0.739424
0.984318
0.530821
0.536191
0.534257
0.692151
0.927225
0.298717
1.11588
1.13467
0.992513
0.72746
0.606978
0.805595
0.822983
0.490519
0.57142
0.374874
0.82838
0.68291
0.727984
0.794668
0.228722
1.07164
0.893589
0.828083
0.516407
1.00194
0.203393
0.504463
0.362786
0.850575
0.282967
0.433704
0.979464
0.692846
0.914202
0.890183
0.968377
0.783061
0.684077
0.498171
0.712823
0.502887
1.03637
0.704927
0.770071
0.717039
0.469105
0.539945
0.71091
0.283104
0.58994
0.230492
0.633341
1.01017
0.497168
0.296694
0.373756
0.896096
0.851779
0.476916
0.739347
0.359729
0.727869
0.834132
0.291333
0.996623
0.768066
0.814319
1.02488
0.407633
0.651279
0.753274
0.751548
0.608032
1.07171
0.792717
0.404621
0.830303
0.834555
0.221151
0.452969
0.827947
0.362093
0.507563
0.741715
0.64043
0.77262
0.611373
0.853486
0.367925
0.648865
1.09892
0.874486
0.409283
1.0106
0.694088
0.498062
0.924205
0.786862
0.879723
1.19058
0.201368
0.547442
0.751132
0.93597
0.96135
0.999366
0.733343
1.18595
1.24743
0.47048
0.738367
0.491364
0.480474
1.02836
0.964444
1.155
0.609132
0.791116
0.710627
1.0907
0.64417
1.1544
0.361305
0.98246
0.882085
0.727296
0.175142
0.484207
1.2483
0.816721
0.901254
0.944672
1.28738
0.403549
1.12363
0.496452
0.519182
0.917626
0.702491
1.13642
0.807191
0.908463
0.75394
0.388486
0.585503
0.730711
0.342794
0.747776
0.773874
0.634363
0.676856
0.840854
1.12336
0.213561
0.453046
0.584908
0.342439
0.846162
0.645334
1.17994
0.741478
0.627822
0.632909
0.932345
0.683964
1.26777
1.4011
0.594414
1.4264
1.28257
0.762746
0.492724
0.570681
1.2754
0.695875
0.930999
1.26176
0.969977
0.399003
1.25264
0.61231
0.411383
0.845708
0.913144
0.37851
0.690074
1.15129
1.05799
0.846163
0.569674
1.00174
0.933684
0.383726
1.02101
0.620111
0.477901
0.311598
0.504218
0.264067
1.00701
0.996783
0.454309
1.24312
0.661172
0.251071
0.716482
0.580723
1.3052
0.809886
0.455194
1.2232
0.310831
0.62755
0.692176
1.03925
0.776929
0.976802
0.425528
0.429265
1.03324
0.280122
0.728298
0.61609
1.17637
0.693875
0.921562
0.749176
0.693414
1.05846
0.222751
0.338072
0.491027
0.237271
0.450665
0.189001
0.535345
0.92303
0.278915
0.852886
0.945662
0.341154
1.15876
0.578924
0.794581
1.25616
0.20637
0.784987
0.48765
0.328164
0.875409
0.612543
0.872309
0.966992
0.51728
0.766932
0.660902
0.771733
1.30125
0.557958
0.545536
0.525972
0.82214
0.543172
1.27882
0.272001
0.133156
0.577981
0.789199
1.32811
0.89547
0.396542
0.491442
0.411445
0.747565
0.31311
1.07071
0.485526
0.597773
0.363659
0.738108
0.487537
1.09633
0.530314
1.09388
0.676752
1.1707
0.402763
1.09834
1.01286
0.5229
1.34663
0.475668
0.520771
1.39279
0.575045
0.473126
0.69587
0.987163
0.570498
0.386127
0.537628
0.845236
0.87435
0.472093
0.247855
0.269289
0.347112
0.686871
0.560642
1.07307
0.47483
0.334326
0.372053
0.604976
0.687209
0.611251
0.380069
0.382954
0.552879
0.882838
0.437926
0.661082
0.414138
1.05853
0.876114
0.948959
0.541197
0.738275
1.19339
0.774385
0.29841
0.649469
0.654442
1.13018
0.640604
0.774197
0.630632
0.518762
0.498884
0.502183
0.99828
0.762613
0.345679
0.911442
0.637207
0.918785
1.11784
0.84151
1.13931
1.01094
0.663314
0.667684
0.93746
0.65392
0.689001
0.565567
0.255381
1.21077
0.496993
1.2251
1.2264
0.737534
0.229252
0.917303
0.702244
0.375864
1.02247
0.382532
0.765457
0.585746
0.802914
0.775796
0.805712
0.450071
1.08501
0.625012
0.838032
0.550679
0.379618
1.00951
0.835097
0.308426
0.678327
0.553884
0.760498
0.795662
0.778252
0.578696
0.563472
1.0815
0.625208
1.12091
0.768897
0.273414
0.824428
0.512776
0.868296
0.751515
0.985606
0.287296
0.804902
0.906238
1.19368
1.10799
0.839025
0.861857
0.859779
0.508489
0.488056
0.23318
1.03521
0.828101
0.859222
0.975065
0.91051
0.416049
0.985999
0.590508
0.99766
0.421816
0.486387
0.870889
0.586019
0.266327
0.522923
0.8918
0.777858
0.730572
0.681794
0.700987
0.420982
0.512337
0.723087
0.47201
1.19993
0.676036
0.698941
0.543509
0.867256
0.867088
0.631793
0.256783
0.859994
0.904372
1.14465
0.940216
0.341619
1.13431
0.574451
0.862274
1.03716
0.779297
0.773456
0.224674
0.601756
0.968064
0.421518
1.16779
0.619537
1.04807
1.1709
1.22908
1.16156
1.09361
1.11471
0.582032
0.450385
1.07922
0.505344
0.505196
0.148223
0.923425
0.541119
0.827735
0.462575
0.219092
0.884087
0.87079
0.803432
0.505966
0.821571
0.849768
0.581288
0.650114
0.695695
0.298318
0.33101
0.341888
1.17575
0.558659
0.922866
0.639228
0.606441
0.432541
0.711407
0.353289
0.445315
1.05761
0.745039
0.802922
0.961139
1.20278
0.7278
1.05402
0.733032
0.363064
1.05293
0.622709
1.03463
0.412011
0.631161
0.41589
0.209189
0.655443
0.223713
0.283209
0.730644
0.450702
0.54255
0.519477
1.00401
0.686434
0.851776
0.302107
0.65388
0.805411
0.495794
0.276005
1.10077
0.641249
0.173744
0.558686
0.534153
0.785519
0.451112
0.985512
0.807818
0.820249
1.01532
1.06599
0.34644
0.575541
0.57231
1.05053
0.406949
0.428126
1.05026
0.560884
0.707862
0.645482
0.604444
0.761453
0.952396
0.542941
0.919691
0.923104
0.303966
0.763488
0.941523
0.28085
0.417907
0.978132
1.1125
0.115246
0.992072
0.507084
0.962668
0.462882
0.869156
0.570795
0.890992
0.781167
0.454681
0.906355
1.15413
1.0749
0.799499
0.851488
1.3062
0.567393
0.267794
0.851349
0.38106
0.55179
0.641406
0.886494
1.11921
0.60872
0.508629
1.329
0.28608
0.368019
0.485296
0.383297
0.352294
1.13677
0.609503
1.08618
0.735885
0.500473
0.335106
1.08971
0.312424
0.53901
0.691161
0.502731
0.542088
0.81134
0.510436
0.672758
0.647983
0.237282
0.896952
0.404438
0.638115
0.838047
0.679802
0.411951
0.869552
1.24836
0.85138
0.883921
0.828871
1.08879
0.543698
0.495409
0.324627
0.979714
0.397873
0.763857
0.920236
0.842191
0.414832
0.331987
0.629112
0.705445
0.685993
0.986635
0.659231
1.01847
0.156107
0.749871
0.341095
1.08309
0.643671
0.900733
0.684811
0.770248
0.234209
0.859657
0.761499
0.57892
0.456843
1.14462
0.530187
0.571643
0.815124
0.596911
0.689073
1.00653
0.418712
0.478978
0.857485
0.322716
1.20412
0.692916
0.446388
1.03352
0.339625
0.529192
0.788037
0.809492
0.801239
0.329181
0.190022
0.822267
0.410697
1.07797
1.01698
0.460809
1.33523
0.504231
0.250252
0.763262
0.664705
0.869481
1.46559
0.475696
1.27146
0.424308
0.80316
0.738014
0.785705
0.886199
1.09424
0.211679
1.09292
0.69089
0.448171
0.529932
0.801924
1.13133
0.962667
1.14781
0.422544
0.77302
0.73418
0.655028
0.683297
0.737566
0.42526
0.808305
0.399638
0.525005
0.271023
1.1736
0.594755
0.988784
0.44531
0.586707
0.836394
0.551626
0.501839
0.423785
0.923713
0.8193
0.914004
0.323382
1.04235
0.906902
0.665828
0.62131
0.87439
0.806675
0.420063
0.70055
0.42938
0.32759
1.2881
1.07118
1.01749
1.01305
0.55423
0.534795
0.495659
0.678098
0.357985
0.925701
0.38297
1.08981
0.726714
1.00617
0.594128
0.358446
0.242795
0.86416
0.941598
0.441098
0.979474
0.981448
0.464471
1.09446
0.270503
0.80846
0.423734
0.360432
0.549766
0.281147
0.827699
0.390215
0.681747
1.00975
0.770663
0.42025
1.03394
0.529036
0.942836
0.88417
0.452701
0.694183
0.807611
1.35253
0.854458
0.46007
0.557336
0.319139
0.272708
0.251771
0.366141
0.696911
0.91304
0.396022
0.516538
0.427082
0.44778
0.284697
0.895626
0.72481
0.537477
0.916958
0.379967
0.702002
0.434359
1.26532
1.13334
0.572781
0.51308
1.00534
0.902336
0.352691
0.640598
0.366479
0.629876
0.727736
0.646811
0.690169
0.849824
0.426634
1.09097
0.287
0.721318
0.369943
1.04706
0.898157
0.509401
0.422543
0.618235
0.89384
0.832963
0.781519
0.998951
0.454956
0.835333
0.859796
0.834507
0.547448
0.524668
0.339632
0.501649
0.422878
0.852631
0.538055
0.910018
0.293882
0.888189
1.04619
0.794675
1.06619
0.361504
1.03756
0.592284
0.670575
0.282386
0.262091
0.377442
0.724047
0.925421
0.466047
0.470172
1.09156
0.924656
0.870632
0.51477
0.787603
0.327849
0.512796
0.987093
0.263124
0.556458
0.554155
0.354572
0.830934
0.768543
1.2422
0.812446
0.548591
1.10371
0.912652
0.705816
0.88322
0.169847
0.959402
0.416934
0.193476
1.14624
0.588828
0.556071
0.753631
0.159581
0.933506
0.369369
0.476877
0.647194
0.993595
0.657541
0.458971
1.02842
1.10053
0.557116
0.812937
0.427175
1.0906
1.05827
1.12667
0.617885
0.313204
0.714325
0.877186
0.857272
0.578047
0.0763461
0.520737
0.799513
0.577447
0.928276
0.759744
0.297847
0.682263
0.272298
0.782627
1.43714
0.350983
0.393047
0.531526
0.752024
0.749712
0.577114
0.525366
0.859202
0.48514
0.354052
0.928795
0.818666
0.652259
0.983029
0.71461
0.399067
0.448117
0.672911
1.01613
0.977203
0.873898
0.797177
0.544998
0.864691
0.932491
1.08587
0.740362
1.33207
0.571563
0.711905
0.579091
0.73965
0.866597
0.722503
1.03219
0.424929
0.608883
0.812795
0.803708
0.738647
1.26397
0.88449
0.647933
0.632107
0.178209
0.524667
0.686691
0.823492
0.66052
0.872345
0.488819
1.44385
0.660936
0.618012
0.630051
0.921709
0.351124
1.23435
1.0266
0.417644
0.973797
1.22862
0.479956
0.529623
0.531582
0.649437
0.481683
0.885568
0.818647
0.728265
0.998924
0.63492
0.51071
0.52316
1.07079
0.672867
0.947983
0.823283
0.456266
0.904335
0.452848
0.895558
1.29938
0.284559
0.973952
0.551919
0.251803
0.706286
1.0395
0.69326
0.671384
0.563174
0.301721
0.984184
0.386543
0.623158
0.636609
0.408995
0.499893
0.512583
0.370403
0.923365
1.06518
0.642678
0.729328
0.401926
0.718422
0.567157
0.56201
0.564831
0.958891
0.533108
1.29629
0.398707
0.153429
0.758408
0.12254
0.681508
0.319453
0.548216
1.12163
0.401859
0.200147
1.07869
0.734756
0.838452
0.504235
1.11632
0.689002
0.724208
1.12607
0.269994
1.00721
1.38083
0.650126
0.579723
0.108225
0.882198
0.803049
0.250559
0.669798
1.10197
0.451025
0.817453
0.456015
0.712292
0.657015
1.09831
0.366995
0.864234
0.66414
1.0206
0.477258
0.561511
0.774641
0.838931
0.564687
0.397963
0.363826
0.83768
0.702706
0.807926
0.975907
0.840627
0.253114
0.782733
0.380393
0.755466
0.686976
0.903212
0.761279
1.11412
1.01356
0.365173
0.839319
1.19796
0.593966
0.877659
0.259903
0.933941
0.908616
0.599019
0.561727
0.612322
0.947295
0.544357
0.485252
0.569957
0.507736
0.725594
0.588982
0.847256
0.740443
0.575331
0.922367
0.308383
1.15016
0.608393
0.751719
0.25378
0.7595
1.32354
0.679508
0.70182
0.952828
0.890644
0.748111
0.269842
1.02949
0.691717
0.470413
0.846726
0.661242
1.01771
0.598991
0.857531
0.589361
0.251804
0.868233
0.251511
1.12132
0.41291
0.662807
0.713167
1.128
0.614058
1.15459
0.824243
0.755454
0.513837
0.390176
0.656224
0.56305
0.430852
0.483838
0.872383
0.506387
0.619923
0.637127
0.735367
0.336893
0.890747
0.686975
0.836121
0.704841
0.841165
0.588283
0.42086
0.436565
1.01996
0.652524
1.1846
0.272416
0.25847
0.493382
0.97127
0.554542
0.388448
0.427037
0.529639
1.14041
0.96093
0.605526
0.41279
0.48612
0.584262
0.427082
0.275272
0.299115
0.658211
0.465644
0.785248
1.03826
0.544777
1.04798
0.441031
0.465197
0.202838
0.588319
0.96378
0.544072
1.06544
1.18956
0.859488
0.578348
0.441353
0.402193
0.966067
0.51488
0.639896
1.28196
0.399752
0.43388
0.849682
0.595641
0.975478
0.528852
0.574585
0.862907
1.11621
0.818732
0.760885
0.525587
0.302493
0.581588
0.552889
0.64537
1.23233
0.89092
0.807872
0.782928
0.677178
0.638349
0.960116
0.737144
0.216345
1.01421
0.855593
1.06056
0.500759
0.36449
1.12648
0.983348
0.794227
0.872816
0.750064
0.750687
0.562834
0.522895
1.11017
0.54513
0.958462
0.562505
1.16144
0.861629
0.544948
0.811679
0.373778
1.41252
0.749938
0.321641
0.172444
0.666058
0.857924
0.321134
0.710262
0.710835
0.43616
0.903025
0.472017
0.28939
0.109674
1.03068
1.33619
0.477611
0.498376
0.523495
1.25784
0.466988
0.736723
1.27913
0.953179
0.934434
0.854991
0.862831
1.08136
0.380382
0.57944
1.18163
0.580198
0.676447
0.555343
0.558486
0.440764
0.921411
1.07076
1.28162
0.948239
0.963247
0.812052
0.382854
0.456331
0.91986
0.885615
0.803792
0.585771
0.410802
1.45122
0.297977
0.335035
0.605332
0.667205
0.759258
0.363287
1.18468
0.617895
1.12543
0.581637
0.459253
0.651425
0.594084
0.301511
0.444303
0.809986
0.23873
0.880893
0.747952
0.744817
0.98245
0.987486
0.907272
0.7979
0.884919
0.554642
0.773611
0.424039
1.34381
1.30473
0.928001
0.794715
0.373527
0.92101
0.493352
0.548883
1.07417
0.289521
1.12734
0.831255
0.906387
1.03016
0.744496
0.611861
0.875651
0.516662
0.526122
0.765175
0.446591
1.02911
1.2935
0.192895
0.569874
0.29449
0.562614
1.06598
0.60598
0.340954
0.340064
0.780874
0.501221
0.885493
0.984326
1.02047
0.964739
0.460694
1.03607
0.818926
0.734039
0.659733
0.826113
0.201342
0.105514
0.558968
0.556477
0.441232
0.923923
1.05837
0.829568
0.989215
0.366775
0.469963
1.12085
0.688138
0.795358
1.01395
0.135726
0.56389
0.717354
0.575516
0.851389
0.18435
1.08595
1.08788
0.648917
0.644693
0.867029
0.595436
0.717546
0.738003
0.913826
0.914914
0.383813
0.43574
0.917773
0.940806
0.767703
0.640369
0.369794
0.935403
1.12462
1.42426
0.770443
0.207256
0.373765
1.2961
0.391605
1.11728
0.723303
1.16337
0.469851
0.697218
0.551076
0.676126
0.740477
0.634076
0.982301
0.776643
0.615609
1.32223
0.164226
0.990149
0.880738
0.296133
0.278491
0.737165
0.66757
0.379074
0.637388
0.403605
0.801271
0.467619
0.376368
0.525638
0.903825
0.921079
0.437461
0.828319
0.837702
0.757088
1.26403
0.346848
0.228797
0.343324
0.0700688
1.29623
1.00859
1.02774
1.10927
0.98066
0.271691
0.362366
0.897936
0.553294
0.410862
0.246947
0.614103
0.603138
0.512756
0.62966
0.755728
0.921219
0.372386
0.915308
0.693157
0.897874
1.13494
0.668172
0.463982
1.17601
0.632465
0.54052
0.599133
0.692618
0.479283
0.82259
0.72488
0.393468
0.450877
0.639721
1.09271
1.34926
0.448547
0.481057
0.369244
1.00602
0.516063
0.599928
0.720429
0.859085
1.11079
0.988383
0.613438
0.532239
0.24167
0.71114
0.305679
0.8009
0.263708
0.341956
0.955297
1.05718
0.387335
0.432922
0.759139
0.662746
0.707465
0.582735
0.657954
0.739961
0.757362
0.512636
0.725595
0.981063
1.3274
0.76459
0.847123
0.890157
0.792877
0.611852
0.425054
0.872442
0.66928
0.868967
0.929682
0.752489
0.488341
1.12928
0.856305
0.386282
0.236392
1.06411
0.446429
0.700079
0.461509
0.58977
0.435035
0.598249
1.30923
0.973333
0.689955
0.110195
0.186374
0.839556
0.567778
0.392431
0.750715
0.35744
0.729927
0.793105
0.204474
0.882229
0.78348
0.452371
0.792914
0.638674
0.522557
0.695249
0.676783
0.247464
0.895058
0.675695
1.08794
0.650589
0.806625
0.588655
0.390929
0.750372
0.376867
0.356695
0.653211
0.469531
0.489699
1.08747
1.21033
0.616509
0.490246
0.580779
0.36506
0.330934
0.724955
0.347444
0.834583
0.760424
1.3462
0.239456
1.08838
0.595554
0.412584
0.108251
0.621725
1.10813
0.74578
0.719914
0.754511
0.905307
0.391683
0.562482
0.990818
1.06503
0.753153
0.849347
0.728748
0.982789
0.690681
0.551196
1.05713
1.29039
1.05862
0.446652
0.185758
0.7653
0.224953
0.769448
0.173226
0.448601
0.460357
0.407913
0.868271
0.512579
0.696831
0.232879
0.722006
0.645222
0.158639
0.604829
0.252939
0.253542
0.82456
0.380844
0.876264
0.401348
0.279324
0.480939
0.878639
0.601937
1.02877
0.36408
1.00587
0.492238
0.42055
0.645964
0.796068
1.28233
0.624807
1.13231
0.657395
0.805089
0.642612
0.495405
0.805494
0.209521
1.20192
0.722477
1.35177
0.432218
0.350331
0.183092
0.169707
0.573944
0.239886
1.1757
0.56039
0.740996
0.743124
0.156059
0.556316
0.78391
0.991235
0.78117
0.833757
0.812424
0.542557
0.738876
0.463129
0.969747
0.427801
0.541647
0.763929
1.31161
0.312821
1.24266
1.0466
0.193344
0.774125
0.383943
0.564924
0.737298
0.774021
0.610025
1.00956
0.792178
0.579968
0.316545
0.536852
0.556418
0.188619
0.667798
0.405706
0.706441
0.147566
0.941458
0.386948
0.836513
0.563479
1.09855
0.961752
0.655712
1.17211
0.821129
0.943212
0.354335
0.271459
1.22384
0.518829
0.379386
0.37393
1.03793
0.414688
0.333613
1.37485
0.911028
0.822276
1.10208
1.17341
0.407942
0.844921
0.217842
0.376474
0.171025
0.92448
0.517988
0.28281
0.510185
0.531816
0.829834
0.577075
0.544077
0.481967
0.0822831
0.366317
0.546207
0.807706
0.649294
0.576298
0.52584
1.0399
0.741452
0.433976
0.466809
0.399747
1.07835
0.451521
0.989117
0.805832
0.719854
0.482187
0.500526
0.847039
0.84016
0.641187
1.1826
0.738964
1.35985
0.903048
1.05263
0.898081
0.925957
0.397322
0.484919
0.43727
0.61982
0.549469
1.00291
0.447605
0.518855
0.920499
0.61155
0.3736
0.43256
0.486674
0.614365
0.82538
0.993536
0.52734
0.827419
0.443194
0.644812
0.734028
0.80009
0.479118
1.0481
0.506236
0.147991
0.488106
1.23821
0.657531
0.697324
1.09561
0.425062
0.485156
1.047
0.303051
0.730014
0.778323
0.432913
0.543338
0.648245
0.982343
0.881805
1.11275
0.909036
0.590339
0.710738
0.358599
0.677206
0.378403
1.14169
1.1763
0.201094
0.873143
0.565216
0.896782
0.5292
0.68263
0.487492
1.0498
0.546357
0.681436
0.331288
1.29973
0.805422
0.631677
0.813221
0.864003
0.873619
1.02123
0.910024
0.382934
0.912499
1.18072
0.382346
0.889351
0.827067
0.799839
0.78132
1.11352
0.254993
0.456947
0.419393
0.961791
0.792766
0.293101
0.726016
0.380708
0.514844
0.361032
0.616878
0.295135
1.27026
1.14875
0.369616
1.11202
0.560791
0.822173
0.644097
0.876775
0.569005
1.07727
1.01333
0.782789
0.987739
0.691568
1.15016
1.025
0.729995
0.655542
0.686346
0.778157
0.677824
0.75386
0.959197
0.38608
1.28256
0.568642
0.91907
0.472417
0.415761
0.788177
0.424389
0.564205
0.582296
0.95375
1.01573
0.960858
1.16822
0.400334
0.816313
0.849305
1.17165
0.855898
1.24695
1.03999
0.567102
0.62912
1.30362
0.149979
0.780035
0.819709
0.290421
0.689212
1.20799
0.523184
0.852601
0.765436
0.336252
0.879918
0.445893
0.835526
0.482059
0.775469
0.59574
0.662017
1.09776
1.13267
1.16057
0.7009
0.592296
0.805354
0.887983
0.496204
0.358063
0.396533
0.194655
0.707052
0.693094
0.49958
0.948713
0.88167
0.773687
0.351783
0.821767
0.363669
0.94004
0.699056
0.808198
0.307714
1.25924
0.508096
1.07891
0.968772
0.554236
1.27747
0.31052
1.39032
1.00284
0.459587
0.997195
0.797751
0.54748
0.379983
0.653683
1.2654
0.701461
1.11056
0.68064
0.405808
0.485141
0.325344
0.475809
0.513605
0.698284
1.01893
0.392292
0.718171
0.954858
0.455175
1.0512
1.09426
0.572722
0.118095
0.813968
0.974122
0.740026
0.574543
0.216878
0.586304
0.310101
0.848022
0.806133
1.17209
0.595071
0.994417
0.367519
1.17945
0.601154
1.11865
0.574266
1.17151
1.09459
1.007
0.549074
0.904136
0.439957
1.0146
0.726666
0.959458
1.13584
0.756012
0.883837
0.547359
0.683183
0.579301
0.565379
0.966072
0.760111
1.28024
0.413897
0.996375
0.680683
0.722395
0.403674
0.863829
0.858678
0.539923
0.840611
0.468561
0.725967
0.757677
0.654926
1.16044
0.823864
0.188631
0.794912
0.654976
0.50987
0.361824
0.420424
0.135655
0.94151
0.769548
0.862035
0.363932
0.316579
0.581904
0.65917
0.913628
0.442724
0.455474
0.48856
0.344504
0.69855
0.381427
0.31283
0.626992
0.435593
0.395504
0.521796
0.204562
0.478078
0.479975
0.250443
0.72976
1.22119
0.322033
0.840325
0.996313
0.717632
0.74575
1.06244
0.637561
0.622089
0.719862
1.0993
0.897096
0.292651
1.11838
0.281873
0.997841
0.483351
0.649184
0.307802
0.948517
0.180305
0.697788
0.857915
0.65304
0.712549
0.917569
0.643974
1.341
0.638166
0.590721
0.52054
0.461084
0.544895
0.958624
1.04069
0.307212
1.10343
0.47698
0.682245
0.90527
0.330598
0.897404
0.767867
0.288214
0.629897
0.395056
0.684779
0.407133
0.479297
1.19118
1.22472
0.728296
0.758758
1.15337
0.814424
0.325014
0.753246
1.06829
1.04629
1.14769
0.480112
0.615136
0.414362
0.651628
1.16284
0.236601
1.10279
0.36215
0.728461
1.21158
1.05154
0.981699
0.542111
0.594622
1.01999
0.618782
0.771664
0.497783
0.647394
1.1748
1.17319
0.525568
0.272579
1.02376
0.601025
0.656902
0.449892
0.530845
0.385446
0.685282
0.488264
0.357819
0.685854
1.3651
0.776823
0.901783
0.736915
0.652213
0.849222
0.440859
1.06147
0.926071
0.269069
0.323264
0.901416
0.738536
0.391856
0.949416
0.811741
0.692647
0.215655
0.539328
0.738785
1.15396
0.996739
0.754199
1.07086
0.907846
1.11573
0.900103
0.44246
0.739306
0.316363
0.693482
0.547718
0.398466
1.02921
0.561641
1.10554
1.164
0.492923
0.864758
1.20304
0.449288
1.31976
0.47166
1.19621
0.59223
1.38912
0.259233
0.866695
0.866729
1.07611
0.947637
0.59792
0.629009
0.27875
0.732829
0.84822
0.500447
0.740219
0.649327
1.01953
0.489228
1.21286
0.410169
0.320152
0.86751
0.84952
0.715419
0.80424
0.553334
0.554586
0.547623
0.512183
0.734279
0.672352
0.292601
0.559166
0.410253
0.741332
0.752712
0.480984
0.781938
0.920164
0.436409
0.863596
0.613266
0.795487
1.00317
0.463078
0.518789
0.705929
0.675306
0.136848
0.635482
0.897865
0.719975
0.607128
0.245756
0.309917
1.08283
0.470387
0.374235
0.662876
1.23806
1.05376
0.920057
0.910051
0.472471
0.903331
1.12138
0.788791
0.388217
0.535437
0.395272
0.719839
1.23214
1.18185
0.610046
1.15194
0.900856
1.1514
0.693202
0.622044
0.506905
0.991413
0.138321
0.418609
0.331764
0.552639
0.477366
0.566462
0.964061
0.716919
0.468809
0.41841
0.607171
0.517672
0.902038
0.384302
0.54978
0.912442
0.893278
0.699118
0.889988
1.36453
1.12353
0.128848
0.754835
0.117323
0.634673
0.683591
0.200872
0.429995
1.01136
0.755004
0.562317
0.8995
0.558109
0.702308
1.1215
0.705319
0.85961
0.788736
1.0441
1.03746
0.783729
0.286154
0.662567
0.803752
0.362039
1.07142
0.633411
0.85722
1.08554
0.821966
0.722819
0.734385
0.927226
0.545958
0.339993
0.536784
0.687573
1.04485
0.272367
0.562049
0.713998
0.70677
0.535988
0.868639
1.41301
0.516489
0.607864
0.374906
0.760903
0.917919
0.940884
0.783204
0.389318
0.936913
0.749544
1.24103
0.569203
0.561978
0.79728
0.573446
1.02753
1.0151
0.741535
0.713027
0.715386
0.322629
0.793379
0.549913
0.114244
0.839503
0.827393
0.259115
0.60414
0.923849
0.671022
1.01778
1.02751
0.661396
0.377791
1.35238
0.789692
0.216892
1.2569
0.602336
0.770474
0.969267
1.21006
0.837471
1.02279
1.02277
0.518828
1.18122
0.952043
0.795591
0.775276
0.565994
0.312569
0.484522
0.88547
0.618218
0.770479
0.284998
0.619839
0.643104
0.602482
0.509975
0.932039
0.185174
0.490498
0.984834
0.943922
1.33375
0.444016
0.503502
0.928277
0.930022
0.798136
0.459132
0.880348
0.705367
1.3069
0.496091
1.20503
0.429114
0.653155
0.887065
1.07757
0.611031
0.30866
0.354472
0.791744
0.360854
0.531939
0.553354
0.86156
0.711687
0.733684
0.741178
0.641161
0.521834
0.567169
0.867533
0.506185
0.34996
0.534106
0.343222
0.757324
0.611904
0.59457
0.889062
1.23715
0.682591
0.592308
0.786243
0.3962
0.865228
0.344595
0.435764
0.265729
0.60637
0.753957
0.651623
0.245689
0.967862
0.817859
0.439031
0.254364
0.42008
0.410373
0.849169
0.420371
0.753214
0.640843
0.970196
0.53561
0.59639
0.78947
0.474687
0.370484
0.345197
0.867107
0.194814
0.949457
0.60191
0.363942
0.478093
0.963044
0.456281
0.242442
0.583067
0.44883
0.439331
0.944521
0.681853
1.2474
0.326946
0.796161
0.389432
0.463219
0.941417
0.659333
0.619542
1.06892
1.05744
0.953202
0.362753
0.905227
0.679248
0.234768
0.205936
0.80347
0.486475
0.468394
0.438337
1.00709
0.683372
0.578496
0.790633
1.01263
1.00162
1.17555
1.03263
0.76406
0.624705
0.291092
1.25489
0.959322
0.457714
0.509757
1.34319
1.10781
1.1717
0.514081
0.345195
1.2537
0.701827
0.532773
0.565541
0.780425
1.10891
0.607615
1.15735
1.08513
0.249487
0.882423
0.276211
0.684185
0.692636
0.830789
0.252583
1.00048
0.163514
0.998576
0.466547
0.896709
0.407819
0.654797
0.390373
0.261765
1.22361
0.785869
0.553238
0.839688
0.957808
0.76223
0.441676
0.913548
0.845903
0.50004
1.22836
0.78363
0.943027
1.10122
0.553027
0.982074
0.416333
1.06569
0.943144
0.470606
1.06286
0.337615
0.718394
0.580147
0.361614
0.638067
0.349009
0.532986
0.681183
0.484459
0.888784
0.288186
0.911636
0.702413
0.907033
0.805763
0.387806
0.634712
1.11261
0.953613
0.814006
1.04043
0.446731
0.61528
0.700966
0.513901
0.664768
0.927665
1.13632
1.06854
0.419918
0.863394
0.862132
0.858152
0.944496
0.637385
0.663159
0.340195
0.508496
0.365634
0.939727
0.390944
0.722947
0.47454
0.378506
1.0021
0.671492
0.329892
1.19753
0.997632
1.1888
0.729358
0.451828
0.726228
1.29843
0.80354
0.435942
0.789095
0.41858
1.06903
0.180012
0.707852
0.122594
1.06446
1.14747
0.814915
0.240271
0.717074
0.521013
0.402246
0.272014
0.293414
0.857108
0.706141
0.80536
0.828969
1.16779
0.507688
0.905262
0.609564
0.967515
0.447986
0.716157
1.30934
0.209961
0.778639
0.543502
0.530457
0.31802
0.399655
0.262506
0.0884819
0.912286
0.631014
1.14871
0.950826
0.94697
0.819006
1.14686
0.992787
0.37892
1.02472
0.505869
0.5035
1.0839
1.09125
0.775736
0.938602
1.14041
0.359172
0.357648
0.935338
0.426764
0.565746
0.519961
0.296214
0.512792
0.817548
0.980514
0.369668
0.664323
1.05776
0.433922
0.777691
0.862627
0.863103
0.490798
0.682599
0.56189
0.579717
0.164237
0.35569
0.242769
0.877254
0.610873
1.11793
0.679774
0.50319
0.623273
0.960304
0.587123
1.19515
0.377944
0.62131
0.753835
0.517745
0.263691
0.468551
0.5092
0.508536
0.687798
0.96917
0.951563
0.58409
0.956864
1.00443
1.09679
1.3507
0.708263
1.06494
0.620596
0.345985
0.566086
0.880827
0.86681
0.997348
0.762613
0.842903
0.959893
0.734956
0.39982
1.10404
0.527955
0.790336
0.620235
1.09377
1.21186
0.542624
0.819813
1.00086
0.828903
0.293832
0.0552775
0.407939
0.901864
0.678914
0.581606
0.449352
0.724623
0.283643
1.05643
0.430436
0.312907
0.744103
1.09802
0.943452
0.393057
0.737803
0.528248
0.431704
0.537378
0.773664
0.728445
0.503558
0.51775
1.07662
0.852678
1.15323
0.592083
0.676436
0.590467
0.854025
0.708956
0.368408
0.214418
0.671653
0.700139
0.520548
0.767386
0.340626
0.373474
0.796384
1.12857
1.04499
0.91259
0.22775
0.4268
0.95301
0.841804
0.801602
0.539121
0.761286
0.50458
0.665326
0.870059
0.362577
1.04377
0.410194
0.852609
