0.590469
0.422758
0.80607
0.835711
0.277589
0.289547
0.749129
0.793894
0.611229
0.720622
0.313409
0.491315
0.487795
0.883148
0.672808
0.679384
0.733035
0.379876
1.2632
0.515725
0.288685
0.668089
0.492018
0.842259
1.03758
0.825513
0.400913
0.659211
0.857984
0.451324
0.290942
0.427178
0.562738
1.06089
0.273042
0.593792
1.0227
0.523659
0.588671
0.822581
0.806556
0.711348
0.74046
0.95477
1.25754
0.816194
0.894453
0.343013
0.975992
0.382287
0.858576
0.310207
0.315966
0.176649
0.813518
0.498894
0.594142
0.899608
0.893358
0.301815
0.468231
0.272815
0.932657
0.413493
0.344969
0.755609
0.540984
0.43759
0.827354
0.735593
0.513388
0.657218
0.532658
0.734819
0.938952
0.520722
0.832309
0.965655
0.698825
0.407224
0.752282
0.705745
0.79313
0.253531
1.01898
0.406774
1.0285
0.738872
0.616048
0.855453
0.418293
0.963819
0.864506
0.649849
0.289911
0.966566
0.636844
0.688275
0.253674
0.756377
0.393729
0.389101
0.755457
1.11087
0.220022
0.457812
0.475458
1.07584
0.317819
0.540459
0.519401
0.879195
0.34309
0.237983
0.835017
0.884227
0.686042
0.75259
0.611515
1.05969
0.486285
0.967229
0.847567
0.772879
1.21536
0.360028
0.826521
0.591196
1.33593
0.500601
0.456451
0.821904
0.346665
0.785835
0.258687
0.625928
0.316896
0.757542
0.335377
0.882018
0.2957
0.707682
0.454939
1.08791
0.513768
0.48351
1.05902
0.977808
0.645041
0.735979
0.794557
1.31676
0.63574
0.769606
0.656382
1.23085
0.817424
0.247568
0.68302
0.774034
0.342697
0.573001
0.439672
0.903146
0.317157
0.657806
0.809045
1.0583
0.468437
0.403312
0.683063
0.545277
0.85644
0.313655
0.537288
0.853163
0.359914
0.627494
0.354065
0.794348
0.372419
0.561877
0.115019
0.452281
1.0783
0.216596
0.53083
0.451374
0.245688
0.710454
0.862427
0.338056
0.660811
0.615474
0.626362
0.981033
0.735789
0.542409
0.39418
0.536805
0.705586
0.515029
0.512419
0.717022
0.915278
0.479927
0.850854
0.586594
0.703341
0.713713
0.342576
0.193396
0.430513
0.277024
1.21836
0.60801
0.627553
0.409161
0.666282
0.799625
0.5724
0.578005
0.965299
0.587982
1.09514
1.01073
0.651958
0.786719
0.722463
0.59989
0.417546
1.10096
0.427256
0.44566
0.926652
0.212542
0.454234
1.38358
0.954081
0.85008
0.360442
0.799173
0.928445
1.07326
1.28029
0.290327
1.00301
0.441835
0.293388
0.196046
0.32529
0.938042
0.751226
0.844564
0.648866
0.733264
1.14616
0.826215
0.42374
0.93952
0.774129
1.20966
0.781653
0.94267
1.23274
1.15156
0.523803
1.08893
0.905806
1.31676
0.86393
0.657568
0.9997
0.946487
0.256412
0.735041
0.729318
0.772241
0.252068
0.880622
0.776442
0.382186
1.11737
1.14891
0.945704
0.408857
0.243409
0.928599
0.810207
1.14208
0.916179
1.08576
0.60739
1.04868
1.0195
0.931531
0.828155
0.808698
0.823651
0.541624
1.13461
0.784645
0.588587
1.09985
0.737454
0.914988
0.808797
0.643096
0.958844
0.748232
1.2097
1.14855
0.806057
0.673174
0.440758
1.11401
0.313881
1.0161
0.681363
0.613019
0.62628
1.15478
0.365639
0.585835
0.324855
0.734457
0.39439
0.873671
0.378821
0.77547
0.738329
0.906899
0.654579
0.976742
1.22521
0.640358
1.05334
0.487155
0.414389
0.511075
0.632722
0.794299
1.17844
0.354149
0.444235
0.901975
1.00294
0.770902
0.288729
0.721474
0.825663
1.00539
1.16836
0.629368
1.07445
0.840406
0.348419
0.529399
0.60965
0.430956
1.01831
1.13463
0.598596
0.945477
0.818046
0.961051
0.695435
0.318055
0.3488
1.00097
0.357893
0.942822
0.915003
0.541101
0.86467
0.701242
1.04364
0.438618
1.15539
0.854044
0.785022
0.531616
0.119496
0.415009
1.00072
0.999663
0.872702
0.305134
0.717481
0.841567
0.572671
1.02136
0.745966
0.925451
0.905676
0.612712
0.45076
0.809075
1.29689
0.494721
0.225403
0.632827
0.821985
0.717772
0.579991
0.628506
0.903282
0.817322
1.0285
0.49363
0.429635
0.612526
0.79667
0.831557
0.797411
0.828058
0.529054
1.07381
0.631879
0.503132
0.556483
0.586675
0.128254
0.73774
0.63291
0.682783
0.491228
0.536374
1.05013
0.8805
0.492984
0.722022
0.520228
0.715529
0.635147
0.958065
1.20203
1.30202
0.319153
0.209633
0.340698
0.88655
0.837464
0.380738
1.13937
0.98143
0.447992
0.948416
0.98343
1.04201
0.856109
0.599259
0.748287
0.993189
0.388722
0.484517
0.352793
0.560964
0.252766
0.762206
0.597646
0.492594
0.686909
0.757952
1.16929
0.219909
0.72831
1.34863
0.787095
1.40306
0.792631
1.19127
0.408106
0.615535
0.438918
0.549615
0.913272
0.632125
0.781442
0.354843
0.583898
0.239187
0.58478
0.478505
0.710728
1.10576
0.952207
0.636061
0.389052
1.21918
0.560139
0.98847
0.71401
1.10298
0.251785
0.698057
0.982283
0.998859
0.277025
0.330962
0.335859
0.764408
0.540114
0.0833951
0.18569
0.798102
0.298348
0.834382
1.07876
0.66926
1.16688
0.463392
0.178896
1.0888
0.371072
0.480519
0.681232
0.539473
0.651618
1.15055
0.550749
0.517961
0.227314
0.596101
0.964045
1.01798
0.603293
1.21766
0.881794
0.478443
0.587394
1.15923
0.912311
1.21253
1.08717
0.289287
0.296806
0.475404
0.335036
0.381737
1.15726
0.576698
0.500102
0.791658
1.03168
0.351068
0.475673
0.900844
0.872717
0.868142
0.440262
0.541523
0.537579
0.48181
0.608625
0.25407
1.09705
0.970673
0.577987
0.506241
0.76759
0.744126
0.818412
0.686706
0.609099
0.801616
0.48387
0.692216
0.824946
0.571922
0.729168
0.43588
0.336622
0.908055
0.882503
1.05312
0.208493
0.524022
0.973865
0.299283
0.97566
0.521741
1.1019
0.484306
0.931952
0.701458
0.30487
1.11818
1.10523
0.874663
0.298788
0.804136
0.830086
0.634213
0.457265
0.624638
0.991055
1.08773
1.29416
1.12785
0.661518
0.840923
0.588264
0.74715
0.401746
0.762431
0.664783
0.980367
0.264227
0.38448
0.793676
0.497539
0.547387
0.225699
1.14135
0.904129
0.481641
0.428033
1.04094
1.01383
0.884436
0.647103
0.789375
0.662708
0.466637
0.87669
0.299406
0.663457
0.104697
0.815238
1.0315
0.960645
0.691396
1.05149
0.943067
0.659296
0.931437
0.668533
0.531955
0.947974
0.415157
0.819399
0.896856
0.835814
0.77272
1.22318
1.27039
0.936068
0.440004
0.22677
0.760935
0.578309
0.593496
1.12107
0.931374
1.02953
0.780136
0.942974
0.846728
0.521972
0.463751
1.17423
0.568078
0.56845
0.597404
0.963372
1.05415
0.599285
0.599764
1.01906
0.35427
0.795944
0.361513
0.649257
1.35711
0.80859
0.511513
0.551987
0.26644
0.499144
0.953261
0.9909
1.36231
0.776243
0.788504
0.388065
0.238652
0.659939
0.578167
0.327157
0.549337
0.384756
0.219034
1.03222
0.282302
1.26199
1.42171
0.560786
0.947384
0.358258
1.24616
0.454725
0.879587
1.11598
0.996931
0.740103
0.926557
0.725379
0.583965
0.603828
0.452616
0.970726
1.09044
0.469065
1.03222
0.424355
0.853693
0.84403
1.06365
0.915142
0.887184
0.418908
0.747236
0.819107
0.277647
0.875347
0.501934
1.00424
0.300478
0.779384
0.805618
0.973443
0.645723
0.378616
0.673556
0.311071
0.479252
0.659942
0.684619
1.00075
0.874331
0.704932
0.664868
0.432697
0.647828
0.398468
0.407937
0.757369
0.405512
1.14835
0.706898
0.628614
0.642286
0.60595
0.456657
0.750252
1.10225
0.728344
0.600062
0.598914
0.791722
0.390143
0.574321
0.179135
0.957461
1.15283
0.536378
0.902136
0.568428
0.487565
0.334462
0.818502
0.248669
0.64973
0.853324
0.558982
1.31356
0.819809
0.457929
0.789232
0.728669
0.43937
1.00173
0.605518
0.212917
0.899168
1.12294
1.07527
0.20758
0.571856
0.71062
1.1497
0.297972
0.486484
0.422913
0.343507
1.18113
0.896065
0.95618
0.944316
0.941687
1.01965
0.579978
0.988261
1.13312
0.887326
0.776643
0.25693
0.550857
0.723245
0.690951
1.17903
0.527072
0.53302
1.37435
0.520737
0.819203
0.480155
0.564008
0.95416
0.627758
0.34067
0.774764
0.671149
0.755869
0.795539
0.964987
0.838657
0.495495
0.26754
1.13882
1.063
0.931149
1.35994
0.416436
0.971953
0.754553
0.460732
0.533354
0.25845
0.864913
0.88427
0.795533
0.813068
0.732677
0.793862
1.12088
0.853701
1.44217
0.529183
0.357283
0.329914
0.555505
0.604233
0.757066
0.619233
0.444834
0.627841
0.551131
0.604965
0.866274
0.221779
0.436914
0.895396
0.483356
0.839981
0.732506
0.990912
1.07003
0.443012
0.485945
0.811026
0.740743
0.756606
0.878175
1.00804
0.644432
0.889599
0.472342
0.819306
0.450289
0.532526
0.50982
1.16826
0.895348
0.586264
1.15865
0.733807
0.650671
0.46983
0.88976
0.94728
0.663541
0.659792
0.815931
0.63683
0.933729
1.05879
0.334292
0.765506
0.349884
0.827071
0.364233
0.752668
0.583041
0.633222
0.451471
0.262026
0.440111
0.301713
0.26876
0.606102
0.669663
1.18706
0.688415
0.764097
0.82675
0.754223
1.1178
0.680465
0.707824
0.826179
0.659926
1.01137
0.423945
0.302262
0.402563
1.22891
0.432406
0.419199
0.37077
0.882439
0.637176
0.875808
0.77671
0.669586
0.646334
0.913204
0.871588
0.84018
0.898125
0.581208
0.595324
0.339758
0.46201
0.385954
0.950136
0.345358
0.95379
0.390386
1.18746
0.415409
0.565755
0.867857
0.509933
0.982921
0.948121
1.18985
1.27298
0.70044
0.797296
0.298615
0.790974
0.930173
0.412265
1.11374
1.06857
0.821249
0.823337
0.412276
0.636415
0.789596
0.644151
0.807339
0.400808
0.99873
1.33146
0.702179
0.899898
0.642144
0.397659
0.485233
1.00771
0.647381
0.0979958
0.229948
0.586491
0.633884
0.558989
0.52587
0.989994
1.27758
0.901686
0.449097
0.902037
0.330354
0.709701
0.699122
0.347197
0.952263
0.675329
0.737131
1.16743
0.402553
0.589915
0.669221
0.235547
0.939606
1.08719
0.661106
0.89432
0.657312
0.875343
0.702165
0.728505
0.254491
0.836838
0.959421
0.969627
0.356401
0.929573
0.439639
1.06674
1.00404
1.29697
0.720433
0.456221
0.293495
0.906933
0.252259
0.94939
0.938563
0.470023
1.18323
0.513463
0.637021
1.08729
0.703869
1.00134
0.286479
0.756992
0.732714
1.1555
1.19232
0.801156
0.938864
0.547699
0.630746
0.643003
0.849548
0.594049
0.349342
0.663388
0.793245
0.921841
0.454946
0.19062
0.60985
0.651284
0.100976
1.02763
0.436976
1.0209
0.478267
0.661062
0.420853
1.07898
0.565593
0.705581
1.04407
0.607311
0.814394
0.344703
0.970284
0.549308
0.387312
1.23935
0.224332
0.646717
1.30816
0.957963
0.825921
0.424185
0.384831
0.46468
0.572349
0.87282
0.340905
0.0898355
0.356703
0.234829
0.962799
0.544917
0.339963
1.01328
1.18476
0.563013
1.3652
0.397862
0.509913
0.899724
0.656273
1.07141
0.817135
0.489821
0.826244
0.458191
0.507311
0.646469
0.594064
0.563836
1.30351
0.759297
0.669369
0.342652
0.915486
1.09799
0.573521
0.682272
0.54572
1.32311
0.765272
0.619686
0.417826
0.621022
0.359894
0.650905
0.835464
0.901542
0.741295
0.599378
0.912263
0.827176
0.862579
0.528092
0.192301
0.417127
0.862177
0.751235
0.955618
0.848131
0.937086
0.772846
0.595246
0.640287
0.304047
0.381126
1.09592
0.427161
0.230816
0.831774
0.840075
0.884203
0.976911
0.73905
0.379797
0.808589
0.694953
0.64067
0.849705
0.961521
0.689416
0.533602
0.271937
0.129215
1.22845
0.862125
0.89404
0.903396
0.62859
0.852505
1.05536
0.323335
0.498099
0.741722
0.870068
1.01596
0.711743
0.814772
1.12865
0.9683
0.493809
0.513606
0.420043
1.09244
0.802636
1.10756
0.912675
0.820149
0.504976
0.921611
0.677249
0.880703
1.21286
0.593206
0.910513
0.412136
0.797326
0.485161
1.04955
1.16908
0.706382
0.547287
0.967423
0.399872
0.833287
0.575969
0.663176
0.251722
1.17662
1.18414
0.394636
1.31458
0.35001
0.928319
0.818118
0.927095
0.77649
0.385029
0.817337
0.614967
0.810682
0.931139
0.742707
0.484757
0.561991
0.778542
0.602806
0.714411
0.710311
0.723144
0.768606
1.21342
1.06779
0.953962
0.684903
0.549025
0.344731
0.773868
0.515478
0.913202
0.957668
0.903433
0.646255
0.925651
0.413027
0.671808
0.793117
1.37135
1.08118
0.688791
0.836079
1.12726
1.12694
1.043
0.446065
1.2321
0.550597
0.467263
0.498818
0.847179
0.750368
0.33791
0.409061
0.288503
0.872212
0.816445
0.816605
0.359819
0.364666
0.356171
0.670955
1.29539
0.557483
0.571295
1.24196
0.310788
0.748611
0.155026
0.506727
1.0201
0.450326
0.851127
0.687396
0.195059
0.556009
0.696836
0.3809
0.420446
0.601695
0.731554
0.960538
0.763304
0.118971
0.703126
0.470964
0.35229
0.684737
0.791423
0.799844
1.14528
1.00189
0.927609
0.508836
1.09927
0.64294
0.901022
0.826359
1.04827
0.429175
0.676277
1.21631
0.68848
0.829817
0.827956
0.672254
0.329568
0.853957
0.677602
0.371626
1.09678
0.909412
0.560642
0.735788
0.714213
0.56605
1.01314
0.94578
0.600419
0.312836
0.448063
0.912471
0.754238
0.986123
0.661738
0.173176
1.1599
1.24206
0.597422
0.465977
0.294457
0.511806
0.655333
1.01975
0.866758
0.721988
0.273681
0.981
1.00299
0.771414
0.850011
0.496923
0.908793
0.7908
0.667938
0.338866
1.09966
0.678709
0.767388
0.771077
0.19611
0.719003
0.557531
0.772827
0.636509
0.572982
1.18051
0.894107
1.0939
0.150345
1.23012
0.774654
0.580839
0.610576
0.700159
0.386813
1.08104
0.565565
0.837506
1.10452
0.944667
0.791443
0.723237
0.423655
0.818556
0.609972
0.939887
0.289899
1.00782
0.381257
0.469796
0.3398
0.546483
1.05217
0.350706
0.440594
0.916953
0.53192
0.435098
0.542369
0.970859
0.550116
0.583031
1.12774
1.07349
0.390023
0.632469
1.05549
1.20317
0.830177
0.321638
0.801834
1.21986
0.776202
0.996023
0.320095
0.861981
0.803423
0.692297
0.45143
0.855589
0.284719
0.701292
0.659387
0.645669
0.617387
0.749149
0.498434
0.86817
0.414653
0.804103
0.428754
1.09743
0.833604
0.552404
0.675221
1.02801
0.296598
0.264588
0.133318
1.31046
0.757249
0.911876
1.41242
0.538908
0.330643
0.935066
0.70403
0.755545
0.670668
0.730515
0.910575
0.365431
0.716675
1.11104
0.358686
0.816889
0.799657
0.408759
0.465146
1.00147
0.112883
0.633765
0.536016
0.677807
0.660863
0.379441
0.997506
0.752107
0.692827
1.18499
0.616297
0.241339
0.602438
0.511748
0.174689
0.553086
0.33594
0.630771
1.04278
0.353996
0.968395
0.459459
0.460143
0.481041
1.13399
0.728882
0.97528
1.09534
0.913348
0.734584
0.422854
0.537353
0.852329
0.888279
0.462518
0.644291
0.336643
0.906604
0.861758
0.329684
0.853846
0.299724
0.783983
0.718683
0.566784
0.576402
0.450905
0.608951
0.626247
0.276394
0.396166
0.703726
0.754932
0.478379
1.0214
0.936153
0.533138
0.47146
0.867025
0.271505
0.379627
0.733136
0.526757
0.438555
0.250443
0.607244
0.985344
0.394734
0.586917
0.29327
0.399838
1.15266
0.590914
0.799994
0.987531
0.945392
0.797586
0.466069
0.734103
0.923658
0.761964
0.423041
0.942202
0.647718
0.543327
0.508437
0.631568
0.431747
0.298
0.893727
0.757006
0.681212
0.722773
0.616502
0.708213
0.668345
0.60498
0.104113
1.06198
0.396856
0.310497
1.29794
0.287971
0.405986
0.360873
1.07644
0.61933
0.322772
0.400227
0.881943
0.767476
0.480927
0.481839
0.30827
1.01461
0.42525
1.04455
0.666352
0.312418
0.814643
0.545898
0.425983
1.22037
0.81547
0.742734
1.18527
1.02183
0.717226
0.836807
0.7362
0.597057
0.564961
1.17722
1.11671
0.711206
0.515864
0.520135
0.221789
1.11218
0.688854
0.539678
0.541565
0.580192
0.592616
0.538823
1.19903
0.404919
0.693893
0.268658
0.940792
0.299693
0.845942
0.570375
1.23818
1.03683
1.34486
0.493256
0.744372
0.59154
0.475478
0.865702
0.836705
0.221902
0.963898
0.21751
0.404905
0.717997
0.71419
0.890855
0.888747
0.973112
0.95487
0.506399
0.771367
0.387996
1.11145
0.974379
0.826805
0.691351
0.538173
0.496478
0.588992
0.746103
0.47374
0.350197
1.11394
0.755442
0.744117
0.465353
1.36338
0.859131
0.271908
0.845657
0.522279
0.601498
0.555939
0.687062
1.01977
0.931688
0.498327
1.00218
1.06849
0.120037
0.667936
0.802811
1.17227
0.489498
0.336667
0.910365
0.866102
0.554745
0.685042
0.60404
0.540729
1.06075
0.382351
0.951426
0.619181
0.937644
1.11667
0.580769
0.961543
0.689989
0.857772
1.07544
1.1447
0.551068
1.09166
0.32929
0.982418
0.821766
1.02318
1.03932
0.792471
1.01173
0.30451
0.605836
0.454318
0.996801
0.653751
0.568597
0.348741
0.789038
0.857852
1.00008
0.421285
1.00932
0.556858
0.348765
0.265073
0.680675
0.743169
1.00986
0.328977
0.420412
0.89126
0.555383
0.671821
1.04285
0.513971
0.831975
0.697479
0.618522
0.298782
1.13621
1.26027
0.510844
1.15292
0.774194
0.958957
0.565124
1.21045
0.842123
0.344371
0.349073
1.05299
0.716905
0.668484
0.748272
0.520251
0.446616
0.62183
0.950781
0.430876
0.83033
1.13491
0.691377
0.53397
0.569658
0.327516
0.725856
0.447743
0.984369
1.11666
0.887805
0.964442
1.32132
0.350024
0.418925
0.411965
0.929803
0.743884
0.465291
0.640196
0.576201
0.928496
0.678569
1.21055
0.481617
0.895093
0.244281
0.309306
0.305767
0.833519
0.626318
0.324463
0.173119
1.12945
0.408381
0.592657
0.97676
0.570706
0.967243
0.727189
1.1225
0.878758
0.346617
0.606562
0.611001
0.578913
0.490241
0.502272
0.876004
0.288004
0.481541
0.59871
0.457699
0.328562
0.974594
0.751716
1.13085
0.733128
1.07407
0.370711
0.201465
0.599489
0.957606
1.13071
0.974748
1.03126
0.781749
1.10182
1.09397
0.976585
0.920823
0.388466
1.03626
0.438158
0.26512
0.376799
0.386089
0.938419
1.00648
0.711368
0.938042
0.362275
0.62883
0.749491
0.888905
0.666361
0.58474
0.452339
0.946212
0.561894
0.690803
0.98853
0.26937
0.435984
0.867229
0.393459
0.387125
0.252921
1.39483
1.14624
0.505951
0.563777
0.615408
0.882924
0.928595
0.270603
0.478045
1.00798
0.636344
0.350722
0.418114
0.765209
0.338015
0.605789
0.554222
0.886036
0.689393
0.500601
1.10084
0.515107
0.625735
0.667707
0.588953
0.473389
0.688005
0.712524
1.24245
0.683394
1.18608
0.641768
0.571786
0.770517
0.83327
1.35645
0.609552
0.815026
0.652631
0.483265
1.11713
1.13581
0.906162
0.939359
0.645872
1.25916
0.87892
0.417061
1.06379
0.460452
0.559691
0.266753
0.719126
1.0976
0.412737
0.945139
1.02387
0.878103
0.47344
0.277732
0.964851
0.844892
0.907582
0.542229
0.463113
0.920049
0.733317
0.492892
0.845044
0.371446
0.739448
1.10378
0.585116
0.986229
0.634269
0.5688
0.781559
1.16731
0.64544
0.84028
0.558936
0.894336
0.86935
0.941204
1.07295
0.868358
0.869271
0.255939
1.20557
0.562348
0.831432
0.96971
0.296815
0.958221
0.85383
0.249036
0.680423
0.339264
0.431617
0.214439
0.879518
0.605426
0.543524
0.94518
0.440985
0.614984
0.419587
0.772498
0.846915
1.03659
0.684202
0.72547
0.516997
0.39287
1.14644
0.543534
1.23643
0.506779
1.08604
0.97576
0.794624
0.875568
0.472408
1.04252
0.225132
0.233918
0.760163
1.00847
0.913691
1.03792
1.18053
0.888664
1.20581
0.874007
0.798086
0.578471
0.544701
0.815344
0.697712
0.289485
1.07183
0.260742
0.434573
0.794162
0.39922
1.12645
1.06175
0.722112
1.07936
0.713984
0.367343
0.657069
0.989279
0.129109
0.383687
0.331875
0.798812
0.349432
0.41325
1.03837
0.90866
0.621135
0.174018
0.345333
0.273681
0.255266
1.08152
0.991785
0.796823
0.74129
0.86256
0.206557
1.16617
0.755023
0.757314
1.39042
0.42178
0.452723
0.6446
0.767455
1.12022
0.524758
0.527388
0.982553
0.77045
0.67544
0.549063
0.939731
0.800268
0.802938
0.641355
1.24491
0.379865
1.16429
0.375846
0.432997
0.784288
0.295945
1.1091
0.38744
0.532599
0.694569
0.995707
1.12556
0.204374
0.795068
0.416976
0.455061
0.551605
0.491305
0.714345
0.70441
1.22425
1.15208
0.515345
1.16395
1.09308
0.77858
0.465244
0.499003
0.546205
0.262296
1.21488
1.02315
0.548154
0.308571
0.49507
0.793991
0.398836
0.588086
1.02962
0.911141
0.520493
0.794883
0.92034
0.928381
0.945622
1.22294
1.06964
0.850017
0.775836
0.447179
0.857385
0.437735
0.734198
0.196977
0.699087
0.740629
0.787829
0.453244
0.531327
0.936656
1.07833
1.10066
0.858855
0.893976
0.600459
0.416363
0.56634
0.754841
0.883132
1.08591
1.15307
0.946247
0.579644
0.185705
0.494263
0.509285
1.18383
0.372187
0.551338
0.419739
0.521222
0.51967
0.393411
1.0014
0.83573
0.905191
0.460928
0.17695
0.445787
1.01488
0.476275
0.917582
0.898732
0.825675
0.546597
1.36144
0.614862
1.34796
0.664814
0.714926
0.448617
0.954907
1.00755
0.778378
0.877044
1.11785
0.381253
0.686369
0.69014
0.75033
0.936358
1.27995
0.354702
0.526488
0.718848
0.586525
0.427954
0.627715
0.696624
0.965291
0.484231
0.84398
0.903653
1.01497
1.05191
1.0885
0.501127
0.763726
0.869823
0.819821
1.04106
1.1171
0.536498
0.731836
0.460489
0.731118
1.34658
0.806237
0.830827
0.628977
0.759411
0.690887
0.0712303
1.40215
0.398794
0.957939
0.620225
0.414469
0.546365
0.264683
1.07887
0.128328
0.835373
0.806633
0.762375
0.525898
0.732471
0.366892
0.965048
0.956653
0.787784
0.409027
0.568048
0.971746
0.555802
1.03842
0.847169
0.660146
0.391966
0.437094
1.28985
0.784328
0.881161
0.250827
0.60382
0.457842
0.28567
0.591669
0.872297
0.210557
0.471386
0.342745
0.634798
0.280094
0.206023
0.505016
0.559708
0.137789
0.493013
0.888225
0.386713
0.272254
0.763981
0.803399
0.625641
0.63618
0.562488
0.732741
0.770542
0.265313
0.653669
1.02063
1.03583
0.646084
0.91823
0.612238
0.569013
0.572399
0.698157
0.735167
0.972953
0.518481
0.617817
0.656678
1.06101
0.771181
0.900202
0.669941
0.384022
0.4306
0.668951
0.911591
0.735994
0.703527
0.698046
0.68931
0.800825
0.717193
0.54922
0.895729
0.335683
0.39348
0.652056
0.708924
0.833322
0.850131
0.876886
0.280963
0.947497
1.06621
0.899991
0.861716
1.40894
0.263774
0.954488
0.563951
0.501379
0.463041
0.466949
0.793149
1.0375
0.392196
1.2508
0.79153
0.409192
1.02015
0.820149
0.406192
0.618391
1.21706
0.46242
0.562652
0.549993
0.656071
0.47042
0.943968
0.711518
0.657896
0.254871
1.04947
0.814923
0.500332
0.40737
0.47949
0.846591
0.75196
1.45775
0.773744
0.893749
0.604421
1.0793
0.888055
0.823634
1.36929
1.28589
0.162277
0.206717
0.330648
0.575356
1.03307
0.338181
0.520054
0.540047
1.2751
1.30947
0.599487
1.05873
0.980694
0.93886
0.903704
0.836386
0.943858
1.06166
1.10526
0.946412
0.417599
1.30319
0.503837
0.631152
0.914294
0.274967
0.786767
0.522286
0.402858
1.37007
0.252485
0.288465
0.717505
0.461862
0.865411
0.680858
1.21865
0.335783
0.902645
0.796501
1.26
0.343481
0.351662
0.941744
0.216734
1.07433
0.33766
0.815189
0.750667
0.373285
0.153723
1.40021
1.09952
0.596409
0.304401
1.09064
0.976356
0.945759
1.14981
1.08651
0.837848
0.432777
0.693076
0.469408
0.306817
0.854439
0.990125
0.668543
0.801557
0.88633
0.917281
0.52686
0.674881
0.330726
0.747573
0.613279
0.645843
0.53242
0.917145
0.774078
0.414934
0.70152
0.633218
0.660054
0.168714
0.831503
1.28385
0.645753
0.513334
0.212169
0.400258
0.315824
0.802691
0.606146
0.474196
0.469396
1.13185
0.602253
0.82218
0.552666
0.830774
0.370384
0.695993
0.731529
0.642461
1.19021
0.788295
0.952153
0.537556
0.953693
0.486726
0.274495
0.416514
0.695092
0.604617
0.90132
0.549383
0.261176
0.916878
1.03796
1.15334
0.819023
0.495501
0.721175
0.331059
0.917759
0.550855
0.535668
0.90017
0.884176
0.644823
0.770095
0.628008
0.831777
0.395404
0.890311
0.677085
0.608867
0.879659
0.898604
0.92138
0.752939
1.36066
0.936861
0.905837
1.38717
0.512489
1.29063
0.584262
0.645429
0.638728
0.572026
0.531133
0.836911
0.916429
0.716594
0.399087
0.756369
0.59963
1.10847
0.969756
0.974969
0.843241
1.26839
0.322269
1.04537
0.97154
0.253612
0.802996
0.692516
0.823057
0.238924
0.670952
0.64564
0.209158
0.357826
0.509233
0.798453
0.387516
0.597811
1.16263
0.431709
0.984662
0.877364
1.21231
1.23843
0.487305
0.600875
0.17398
0.971513
0.648898
0.501848
0.719719
0.978001
0.438585
0.829524
0.668662
0.226879
0.644532
0.69304
0.770798
0.498983
0.509686
1.05129
0.597182
0.5153
0.840441
0.507296
0.884665
0.666488
1.02759
0.96692
0.504525
0.974105
0.272208
0.177935
0.859146
0.358617
0.585726
0.524185
0.629507
0.388644
0.701737
0.742013
0.316271
1.3028
0.524545
0.308919
1.17845
0.416483
0.212758
0.328947
0.315324
0.945509
0.658705
0.454578
0.801853
0.566694
0.517728
0.883227
0.461622
1.07352
0.495881
0.54987
0.673797
0.344877
0.829706
0.504272
0.876481
0.437904
0.461855
0.321936
0.649751
0.779691
0.640607
0.466825
1.0191
0.509189
1.12875
0.392811
0.339189
0.760352
0.881984
0.694606
0.781181
0.727832
0.527408
0.148692
0.913937
0.819295
0.757223
0.68038
0.488035
0.190235
0.598335
1.04875
0.701944
0.733421
0.438049
0.753313
0.340424
0.22693
0.564504
0.549781
0.552332
0.706717
0.521113
0.519639
0.781657
0.583494
1.13417
0.907582
0.375207
0.572413
0.475515
0.392438
0.416915
0.921125
0.585427
0.553161
0.584454
0.470287
0.556774
0.970374
0.402041
0.542345
1.10765
0.512577
1.18301
0.361505
0.273483
0.558452
0.754348
0.59947
0.929706
0.87948
1.29155
0.434887
0.65452
0.435016
0.525671
0.458915
0.431349
0.289332
0.921349
0.49241
0.520456
1.17208
1.11992
0.39055
0.615607
1.04965
0.821727
1.02174
0.191237
0.924776
1.23227
1.04055
0.771989
0.2319
0.800694
0.878558
0.433982
0.658535
0.655934
0.883132
0.520924
0.347571
0.365563
0.779924
0.586188
0.866963
0.703948
0.941026
1.07937
0.728207
0.772819
0.612317
0.438924
0.696363
0.251007
0.713082
0.0603337
0.859379
0.617442
0.603824
0.353334
0.296356
0.576329
0.798111
1.07965
0.66585
1.20305
0.243112
0.958374
0.530683
0.96034
0.952163
0.841769
0.485177
0.886459
0.966036
0.429358
0.643905
0.596929
0.927811
0.568128
0.296808
0.269119
1.02302
1.12125
0.583669
0.377409
0.657931
1.12096
0.516432
0.425714
0.949163
0.783872
0.39168
0.609589
1.33728
0.456853
0.520414
0.928345
0.476152
0.810343
0.909372
0.243484
0.786617
0.735291
0.0678139
0.976757
0.961011
0.705164
1.08452
1.17188
1.03582
0.527128
0.500035
0.725301
1.19989
1.3197
0.89492
0.557222
0.795637
0.802134
0.393507
1.02229
1.08729
0.465193
1.13754
0.748411
0.230619
0.428713
0.797417
0.318131
0.629161
0.497794
0.328814
0.902109
0.539076
1.16282
0.994034
0.755402
0.767416
0.420185
0.423374
0.60691
0.522704
0.361998
1.09674
0.556716
0.249749
0.929812
0.497931
0.590214
1.20572
0.684685
0.495403
0.898886
1.08395
0.871775
0.666897
0.25877
0.967282
0.827899
0.516208
0.672178
0.794381
0.653206
0.451205
0.589019
0.438746
0.22035
0.637889
0.484492
0.364146
0.725659
0.909988
0.371809
0.67549
0.415578
1.10757
0.433692
0.631945
0.528093
0.777177
0.974845
0.567367
0.718159
0.584978
0.338933
1.25156
0.596611
0.556799
0.354921
0.76045
0.837931
1.32681
0.508759
1.20747
0.363117
1.24769
0.646939
0.785105
0.939817
0.901934
0.273591
0.714062
0.261932
0.493144
1.20485
1.00615
0.830071
0.541534
0.650062
0.532868
0.614602
1.06329
0.821139
0.215261
0.262517
0.766064
0.925267
0.216773
1.04123
0.765009
0.953524
1.13103
1.39517
0.452919
0.987874
0.499617
0.667697
1.00516
0.851271
0.660462
0.426451
0.711926
0.54498
0.394706
0.4795
0.791778
0.963596
0.496634
1.0964
0.624602
0.679831
0.58825
0.621997
0.393662
0.722118
0.452408
0.594171
0.943031
0.678088
0.381564
0.260618
0.897487
0.935862
0.420406
0.710887
0.496117
0.64529
0.76128
0.49791
1.20039
1.22805
0.482891
0.68793
0.907994
0.53856
0.467155
0.597525
0.21431
0.700151
0.585248
0.450462
0.450322
0.761204
0.469888
0.59063
0.608184
0.218018
0.678084
0.272406
0.322214
0.306325
0.895343
0.77882
0.782637
0.715223
0.51363
0.705803
0.378131
0.451407
1.05189
0.681012
0.707119
0.805995
1.12248
0.741189
0.855221
0.614006
0.668378
0.14866
0.499048
0.634031
0.132863
0.92796
0.757836
0.354548
0.592384
1.34062
0.664355
0.15835
0.368688
0.987735
0.653428
0.524145
1.12856
0.328999
0.676237
0.773915
0.662302
0.753177
0.607282
0.730818
0.413838
0.37601
0.704339
0.756286
0.335272
0.900853
0.132279
0.553825
0.749768
0.865569
1.20741
0.776028
0.668988
0.441916
0.749761
0.907852
0.675638
1.27612
0.608463
0.494518
0.856771
0.750704
0.772994
0.49516
0.86939
0.717226
0.928098
0.951546
0.715614
1.19711
0.62247
0.750313
0.878597
0.657368
1.01447
0.485367
0.691416
0.573946
0.827323
0.505863
0.583328
0.174149
0.239611
0.517002
1.05731
0.48787
0.430585
0.955669
1.09876
0.915138
1.00822
0.389422
1.17911
0.865238
0.28615
0.832704
0.383456
0.421594
0.891723
0.739377
0.54806
0.845598
0.414824
0.525063
0.629036
0.585025
0.440702
1.14634
1.15368
1.1691
0.815301
0.264386
1.08099
0.643774
0.442453
0.55164
0.619185
0.287814
0.904058
0.691794
0.549864
0.513102
1.1605
1.25244
0.642102
1.00097
0.415627
0.691021
0.827171
0.320885
0.756208
0.958513
0.597482
0.532296
0.385604
0.543841
0.739619
0.850532
0.491749
0.860686
0.765484
0.83342
0.872572
0.388167
0.407988
0.206372
0.400484
0.404839
0.422831
1.14999
0.604995
0.699571
0.797711
0.192156
1.01939
0.962766
0.616961
1.02662
0.911403
0.678154
0.559019
0.92282
0.540558
0.698043
0.582954
1.10372
0.915778
0.428889
0.622288
0.65875
0.306619
0.562925
0.29047
0.418031
0.999135
0.438661
1.02761
1.20913
1.02451
0.930705
1.13117
1.2711
0.607523
0.588087
0.703453
0.938056
0.801727
1.01683
0.922188
0.337277
1.15542
0.616375
0.78484
1.01884
0.514121
0.879238
0.809472
0.713858
0.420598
1.21366
0.514805
1.19674
0.887506
0.534648
0.729611
0.764654
0.521086
0.409141
0.347864
0.630569
0.859091
0.836127
1.16847
0.637977
0.409197
0.885254
0.596992
0.591385
0.690499
1.17667
0.847753
0.291745
0.983112
0.598554
0.686803
0.445012
0.302972
0.711843
0.282586
0.654105
0.439253
0.430709
0.637579
0.622116
0.485085
1.00572
0.707495
0.676671
0.980096
0.544381
0.473124
0.144024
0.178411
0.420153
0.801203
0.970131
0.483951
0.415718
0.704687
0.46184
0.396482
0.510163
0.882866
0.652426
0.863043
0.922982
0.925002
1.2285
1.10075
0.42152
0.248182
0.626594
1.09236
1.13591
0.57253
0.812655
0.983347
0.686559
0.511961
0.816264
0.892907
0.382544
0.466645
0.469627
0.716861
0.9625
1.01445
1.01053
1.24416
0.878509
0.301571
0.289798
0.129116
0.858742
0.814643
0.540835
0.432007
1.05272
1.03505
0.882578
0.433039
1.29153
0.352001
0.689478
0.337555
0.891517
0.814427
0.264946
0.477005
1.08993
0.86547
0.789443
0.448928
0.861535
0.625482
1.09019
0.610219
0.972751
0.910532
0.61162
0.910613
0.331419
0.616837
0.700241
0.193036
0.676583
0.963045
0.856983
0.54606
0.388838
0.900666
0.674101
0.88311
0.309606
0.620191
0.810536
0.475209
1.25288
0.832887
0.258026
0.764052
0.620225
0.489125
0.269477
0.389049
0.471295
1.1847
0.3998
0.208415
1.29261
0.442654
0.51214
1.17241
0.622063
0.247973
1.04192
0.863395
0.752508
0.579796
0.393611
0.647402
0.439
0.325315
0.567144
0.343708
0.85789
0.384386
0.920566
1.14559
0.968566
0.768576
0.971177
0.613646
0.384411
0.57395
1.13703
0.717879
0.570378
0.859662
0.745896
0.584392
0.251351
0.96916
0.480252
0.229317
0.727036
0.391394
0.418074
0.676817
0.486913
1.28209
1.259
0.345417
1.12752
0.423747
0.47078
0.70043
0.919886
0.333751
0.42505
0.665401
1.22135
0.497377
0.676713
0.18171
1.08296
0.801679
0.582986
0.60177
1.05726
0.329537
0.571258
0.558146
0.502654
0.623785
1.09673
0.742316
0.590547
0.0735408
0.323926
0.748158
0.682634
0.198766
0.673818
0.835916
1.07195
1.42345
1.0982
0.49066
0.922573
0.348479
0.584748
0.639841
0.631064
0.697
0.730894
0.0911665
1.06819
0.389835
0.608699
1.04415
0.685972
0.480499
0.480139
0.324882
0.842612
1.00011
1.12441
0.620486
0.855588
1.0764
0.828243
0.402758
0.819082
0.829233
0.806866
0.380591
1.16535
0.460813
0.754452
0.893602
0.883446
0.107618
0.818941
0.417336
1.18761
0.877195
0.269993
0.300169
0.867281
0.751575
0.542833
0.558406
0.693459
0.316957
0.79035
0.617833
0.64834
0.534676
0.354123
0.934542
0.482463
0.642338
0.319418
0.813703
0.435847
1.21885
1.13758
0.358515
0.894053
1.14865
0.199194
0.638521
0.581929
0.899126
0.462446
0.621101
0.642177
1.24268
0.493608
0.783864
0.71899
0.218727
1.02792
0.959675
0.957131
0.517423
0.783689
0.821103
0.521958
0.941311
0.965688
0.590908
0.509676
0.755172
0.532001
0.42893
0.449288
0.506839
0.320596
0.415544
0.677401
0.755315
1.20651
0.565964
0.312111
0.249224
0.366756
1.10007
0.798006
0.377917
1.04632
0.150663
0.662843
1.06082
0.791661
0.533437
1.22996
0.538996
1.01237
0.323647
0.77712
1.3509
0.386905
0.552545
0.216885
0.423013
1.01527
0.370623
0.463337
0.5342
0.890989
0.676901
0.762377
0.675272
0.568084
0.288205
1.26778
0.72254
0.937383
0.930998
0.575594
0.651957
1.06966
1.04716
0.391938
0.510821
1.20625
0.881564
1.04206
0.42377
0.410047
0.367574
0.76605
0.809537
0.795368
1.02366
0.892309
0.666244
0.926947
0.872695
0.96382
0.368709
1.28179
0.778553
0.595925
0.4717
0.944721
0.412454
0.633766
1.00462
1.04667
0.544396
0.222993
0.96152
0.718533
0.248475
0.964565
0.743409
0.557452
0.305945
1.10028
0.760126
0.193098
0.515474
0.446461
1.04248
0.465842
0.906822
0.703443
0.573267
0.750938
0.936383
0.971627
0.520124
0.163491
0.619173
0.501973
0.907401
0.470198
0.919667
0.762587
1.08213
0.48942
0.776076
0.746348
0.749105
0.256993
1.07586
0.307836
0.46144
0.318615
0.456528
0.418289
0.567288
0.375649
0.391231
1.22325
0.56014
0.298427
0.382813
0.768348
0.657882
0.261291
0.347667
0.38447
0.828437
0.67795
0.506913
0.506905
0.723625
1.25073
0.676779
1.35328
0.696081
0.673095
0.408247
0.894728
0.745758
0.864522
0.505039
0.383593
0.780635
0.561835
0.232803
0.715088
0.795708
0.669107
0.415072
0.483179
0.933547
0.493889
1.0005
0.628184
0.504478
0.570928
0.489341
0.463912
0.300827
0.489791
0.552221
0.436294
0.967904
0.801713
0.401752
0.38203
1.13241
0.837286
1.07293
0.895439
0.461046
1.10001
1.16367
1.21121
1.08171
0.844765
0.876602
0.364944
0.697116
0.303799
0.427797
0.699016
0.980109
1.00229
0.418196
0.936447
0.63162
0.408479
0.884867
0.476534
0.957675
0.502827
0.801868
0.47006
0.795568
0.970132
1.11252
0.335417
1.1525
0.673915
0.910016
0.679487
0.890795
0.762078
0.970332
0.582784
0.531089
0.509429
0.945681
0.541784
0.603141
0.914492
1.2213
0.817978
0.122877
1.19818
1.08939
0.163413
0.758416
0.700696
0.344141
0.54414
0.651097
0.671522
0.707445
1.03266
0.678995
0.795966
0.657216
0.822679
0.763505
0.339437
0.7068
0.940971
0.60102
0.429009
0.973455
1.01282
0.411116
0.245608
0.718265
0.682384
0.467046
0.612714
0.626344
0.534938
0.622957
0.565011
0.667649
0.4489
0.804059
0.554817
0.663612
1.01098
1.0223
0.478802
1.3419
0.793031
0.476293
0.306427
0.968608
0.331804
0.214227
0.0967226
0.520016
0.592331
0.601268
0.188633
0.680957
0.442497
0.43808
0.52015
0.130304
0.546212
0.569586
0.527697
0.548714
1.16333
0.854397
0.928203
1.31085
0.562035
0.220209
0.416583
0.791073
0.464079
0.621313
0.744111
0.664538
0.427657
0.863592
0.402041
0.761962
0.412002
0.0948632
0.59244
0.683544
0.799838
0.814643
0.935401
0.524411
0.663101
1.11649
0.676571
1.19211
0.486708
0.965795
0.861005
0.50875
1.08637
0.620276
0.942071
1.13729
0.838305
0.255284
1.23121
0.234827
0.771756
0.250117
0.917971
0.21575
0.321413
0.616425
0.93921
0.701192
0.659231
0.942654
0.354348
0.727799
0.379403
0.804491
0.581644
0.476174
0.711689
0.750558
1.08276
0.64361
0.757312
0.902284
0.734318
0.320128
1.22333
0.854738
1.00582
0.402709
0.528852
0.322379
1.02636
0.986336
0.985517
0.979696
0.418092
0.606357
0.554526
0.556361
0.211083
1.09585
0.542211
1.10839
0.825285
0.854254
0.906358
0.931562
0.471821
0.868524
0.436119
0.590017
0.595669
0.640859
0.70175
0.364834
0.82364
0.940347
0.281421
0.493079
0.522245
0.908289
0.8149
0.403596
1.18442
1.1447
1.22192
0.881898
0.300615
0.457724
0.778191
0.422431
1.03119
0.501599
0.574463
0.527649
1.09603
0.126394
0.722712
0.165272
0.31925
0.80082
1.33392
1.02694
0.548626
0.578946
1.37965
0.320211
1.13044
0.665203
0.630081
0.66781
0.408771
0.50984
0.362771
0.472378
0.605086
0.667581
0.582657
0.720407
0.758144
0.213658
0.982076
0.903538
0.627589
0.767142
0.750213
0.697501
0.77208
1.07249
0.261461
0.627502
0.530904
0.49692
0.600492
0.297474
0.463379
1.02189
0.57161
0.879183
0.558776
0.495418
0.339375
0.334035
0.470581
0.695922
0.603581
0.802855
0.505994
0.603746
0.470433
0.814036
0.871685
0.212104
0.622466
0.347515
0.708717
0.860806
0.656825
0.643639
0.245049
0.445305
1.02126
0.609399
0.460078
1.0654
0.882283
1.05926
1.05827
0.629113
0.808367
0.888822
0.900092
0.683688
0.842222
0.640517
0.394591
0.669992
1.04429
0.894212
0.390832
0.274071
1.23278
0.607384
0.991646
0.520959
0.206109
0.182574
0.506715
0.421098
0.885995
0.728724
0.79829
1.02478
0.428774
0.56933
0.271127
0.847122
1.01194
0.820933
0.776926
0.458319
0.429777
0.95708
0.54718
0.73969
0.929783
0.569457
0.249057
0.515179
0.995574
1.08538
1.08965
0.76101
0.278331
0.66902
