0.257348
0.558544
1.08513
0.517804
0.71977
1.14704
0.552328
0.417537
0.811248
0.70484
0.648489
0.262431
0.880039
0.460706
0.94903
0.291839
0.856574
0.317526
0.1961
0.341319
0.48824
0.895256
0.463351
0.51525
0.986067
0.762335
0.84363
0.393909
0.556025
0.328914
0.409095
0.956475
0.991154
0.594963
0.715136
0.460478
0.543433
0.457783
0.402434
0.3221
0.540821
0.338729
0.430757
0.504855
1.14589
0.821561
0.403967
0.771063
0.829451
0.55531
0.374639
0.291202
0.602968
0.256113
0.619807
0.622626
0.470413
0.307969
0.342601
0.855621
0.689887
0.656356
0.435788
0.566509
0.156342
0.95193
1.12102
0.16059
0.565646
0.63188
0.821696
1.20281
1.02809
0.845012
0.496638
0.535969
0.534756
0.713362
0.974185
0.65502
0.601643
0.591301
0.644697
0.581398
0.323143
0.758068
0.788081
0.331009
0.968946
0.493402
0.853549
0.301394
0.886103
0.686083
0.627315
0.541618
0.791651
0.522526
0.89184
0.608081
0.494008
0.375154
0.433679
0.825665
0.644066
0.509642
0.685801
0.527484
0.385305
0.308538
0.414725
0.9419
0.648535
1.17617
0.382695
0.162428
0.889477
0.748029
0.497152
0.235383
0.0572537
0.82192
0.493001
0.845541
0.995471
0.825449
0.307639
0.166377
0.959893
0.536898
0.624526
0.544512
0.790274
0.651364
0.857205
0.597806
0.978404
0.749102
0.689742
0.706806
0.714857
0.724965
0.524697
0.277014
1.07491
0.966959
0.670611
0.516363
1.09174
0.223972
0.410811
0.367773
0.676219
0.86439
0.269683
0.246551
0.579616
0.685797
0.443149
0.51964
0.846879
0.414132
0.194393
0.731598
0.806108
0.951708
0.370439
0.378902
1.19676
0.593906
1.14932
0.891122
0.915733
0.612419
0.982278
0.738275
0.540049
0.250416
0.79586
0.658822
0.818524
0.463059
0.776884
0.254582
0.799829
1.35493
0.238818
0.483729
0.520981
0.714834
0.247576
0.485239
0.403491
0.639669
0.82397
0.958344
0.91206
0.437724
0.498839
0.964618
0.862592
0.80557
0.329391
0.996105
0.825372
0.91141
0.535325
0.703493
0.0799011
0.715815
0.544214
1.07543
0.954432
0.836091
0.759264
0.741044
0.569205
0.906002
0.393839
1.24311
0.442726
0.246996
0.568105
0.298732
0.393787
0.488906
0.523004
0.688988
0.342897
0.604699
0.611865
0.482361
0.683426
0.349829
0.991438
0.468698
0.507722
0.686458
0.275755
0.184171
0.685904
0.990477
0.438225
0.211886
0.681175
0.655809
0.903662
0.761946
0.71108
0.697794
0.695901
0.708462
0.683767
0.7086
0.460861
0.259765
0.605318
0.502242
0.478058
0.558541
0.346325
0.9102
0.4702
0.904775
0.693348
0.949387
0.436831
0.497563
0.882045
0.540081
0.747085
0.700609
0.17435
0.689542
0.70577
0.653755
0.642985
0.936464
0.616338
0.523486
0.638907
0.400619
0.319058
1.09018
0.49161
0.549465
0.23558
0.214607
0.596908
0.233688
0.792994
0.406559
0.42941
0.986259
0.319872
0.699843
0.600328
0.395461
0.773365
0.525025
0.733053
0.450472
0.744522
0.891543
0.962407
0.887225
0.756238
0.565958
0.467729
0.929201
0.766472
0.192514
0.189355
0.352257
1.00609
0.326489
0.417176
0.752077
0.630958
0.632254
0.230023
0.596476
0.924369
0.641597
0.483274
0.62072
0.405976
0.242738
0.42502
1.26978
0.376695
0.775778
0.579328
0.498488
0.415754
0.91782
0.4103
0.564389
0.383497
0.817802
0.382166
0.899826
0.710968
0.442774
0.745475
0.809155
0.516893
0.45233
0.514632
0.139541
0.282976
0.704141
0.490444
0.349453
0.456788
0.524695
0.268578
0.978344
0.767661
0.750525
0.130579
1.05177
0.936068
0.606885
0.443679
0.795982
0.847881
0.913663
1.10605
0.265096
1.15243
0.161163
0.384187
0.663733
1.10962
0.889372
0.523573
0.299589
1.00535
0.680136
0.981408
0.786538
0.628845
0.721527
0.195176
0.52856
0.493769
0.392875
0.426883
0.511537
0.278699
0.300422
0.291121
0.76464
0.377024
0.806393
0.463361
0.556282
0.988187
0.398467
0.511078
0.447769
0.463127
0.322241
0.596679
0.65949
0.72719
0.49698
0.235659
0.537611
0.986123
0.555343
1.02136
0.671137
0.391078
0.763616
0.286002
0.237346
0.590093
0.775196
0.814852
0.735198
0.360149
0.328196
0.816734
0.403963
0.506312
1.2839
0.987783
0.657649
0.581503
0.189492
0.276914
0.621144
0.64741
0.580656
0.193543
0.62614
0.850735
0.433378
0.737227
0.837755
0.394214
0.821629
0.539245
0.437685
0.693966
0.678342
0.537393
0.746811
0.529933
0.53953
0.456328
0.834474
0.58763
0.509391
0.196236
0.872444
0.532015
0.567265
0.461147
0.197057
0.856456
0.465799
0.431164
0.154996
0.50141
0.754854
0.587694
0.994764
1.44692
0.632786
0.388576
0.460965
0.691219
0.486747
0.893271
0.513601
0.449628
0.440184
0.438511
0.563756
0.689776
0.959482
0.399239
0.732784
0.528292
0.61998
0.5895
0.326398
0.728321
0.619621
0.597433
0.667154
0.78614
0.243304
0.814199
0.373196
0.176645
0.411661
0.395006
0.329448
0.461199
0.654659
0.880731
1.06885
0.664937
0.343621
0.924435
0.694376
0.573042
0.448768
0.632291
0.326275
0.0816015
0.661675
0.796415
0.33604
0.212447
0.451411
0.399051
0.356815
0.549287
0.832502
0.729741
0.547209
0.307672
0.59594
0.654576
0.333706
0.531779
0.688743
0.666955
0.990724
1.19905
0.650828
0.401102
0.47575
0.328503
0.60008
0.643047
0.708335
0.517195
0.601631
0.610664
0.737144
0.323772
1.12552
1.05826
0.208739
0.446704
0.510067
0.673724
0.595954
1.36953
0.516786
0.508873
0.326523
1.00931
0.73596
0.990793
0.257861
0.692099
0.693513
0.491977
0.716918
1.11581
0.539309
0.562045
0.427458
0.40045
0.573273
0.817657
0.566681
0.825614
0.736392
1.00947
0.610641
0.865609
0.82938
0.863937
0.943856
0.53208
1.17679
0.629982
0.842737
0.767253
0.736947
0.941266
0.521543
0.584514
0.359264
0.517038
0.929755
0.89404
0.730032
0.542364
0.388136
0.779048
0.462912
0.339806
0.409595
0.501915
0.540113
0.903965
0.193052
0.348914
0.6212
0.529464
0.785298
0.153672
0.662294
0.558528
0.337122
0.762564
0.838031
0.903994
0.605055
0.743995
0.589602
0.374142
0.276245
0.801055
0.961941
0.19683
0.490887
1.03596
0.445735
0.511006
0.938419
0.356072
0.803984
0.520764
0.623694
0.444849
0.829642
0.285522
0.47782
0.664937
0.532489
0.492158
0.630282
0.754851
0.750568
0.551712
0.776946
0.703417
0.771812
0.66259
0.79247
0.220087
0.547612
0.414207
0.632799
0.931875
0.63451
0.696225
0.402939
0.386631
0.496757
0.318128
0.646253
0.925717
0.875883
0.952443
0.253835
0.426745
0.441764
0.487304
0.697516
0.883596
0.591543
1.17762
0.698803
0.63851
0.76977
0.46691
0.477609
0.747065
0.390494
1.08922
0.86483
0.854194
0.236719
0.527927
0.562463
0.390592
0.366443
0.785218
0.722044
0.324526
0.562121
0.738176
1.1493
0.429311
1.29044
0.800533
0.718933
0.901242
0.577093
0.509691
0.364222
0.473211
0.30212
0.419458
0.670403
0.498684
0.136734
0.356854
1.27282
0.470697
0.306813
0.339954
0.9058
0.459281
0.78219
1.06788
0.783615
0.300181
0.747841
0.182522
0.515024
0.691117
0.394661
1.14833
0.763213
0.781288
0.225542
0.820359
0.666842
0.925452
0.540384
0.698197
0.657337
0.514423
1.03548
0.705144
0.636709
0.953776
0.470634
0.608995
0.484996
0.438214
0.72095
0.517581
0.458687
1.06449
0.77047
0.49533
1.0911
0.193068
0.434046
0.268021
0.403559
0.427194
0.285025
0.566916
0.503067
0.609901
0.784342
0.760499
0.800141
0.337091
0.653454
0.387606
0.499132
1.37187
0.997533
0.309222
1.26292
0.758251
0.825846
0.794771
0.56332
0.454909
0.406155
0.83254
0.944002
0.323832
0.233844
0.640981
1.44529
0.984859
0.856333
0.96
0.452134
0.720748
0.66223
0.450169
0.210031
0.805405
0.856664
0.612364
0.85109
0.526722
0.582861
0.537069
0.731302
0.5221
1.26326
0.122209
0.731936
0.753013
0.453509
0.628921
0.685269
0.964221
0.554752
0.667769
0.474111
0.328658
0.71163
0.803342
0.427781
0.43286
0.654407
0.268126
0.896013
0.834378
0.59839
0.912048
0.4817
0.665514
0.363378
0.365917
0.810486
0.57412
0.746385
0.906462
0.306577
0.567681
0.450277
0.530752
0.790113
0.364458
0.715959
0.661988
0.829204
0.578509
0.716816
0.971288
0.931428
0.711896
0.742177
1.13271
0.70167
1.17809
0.797265
0.460479
0.70069
0.53692
0.408304
0.339513
0.506396
0.876482
1.03248
1.00064
0.646297
0.30073
0.508927
1.00073
0.730755
0.873805
0.626488
0.327751
0.621062
0.358883
0.505005
0.610743
0.977623
0.308605
0.545149
0.290034
0.861471
0.380707
0.775692
0.472274
1.14875
0.686497
0.62625
0.502554
0.567998
0.421122
0.577651
0.611416
0.470546
0.636375
0.544883
0.943311
0.565794
0.598108
0.735372
0.598698
0.773177
0.714773
0.584064
0.443034
0.274555
0.559773
0.723158
0.289058
0.254852
0.722932
0.598397
0.387612
0.687923
0.26685
0.629672
0.448154
0.189108
0.0608413
0.412756
0.261859
0.50813
0.572213
0.780218
0.351498
0.701027
0.209191
0.662748
0.398772
0.925933
0.225841
0.853908
0.832383
0.38627
0.437292
0.592865
0.645035
0.283395
0.771623
0.679019
0.870198
0.320722
0.752597
0.772098
0.686461
0.375383
0.572978
0.602409
1.06027
0.377361
0.81677
0.360927
0.717877
0.210828
0.344094
0.358461
0.718645
0.249659
0.667904
0.672016
0.437398
0.463831
0.847681
0.668436
0.534099
0.735399
0.499008
1.06714
0.801899
0.418636
0.9553
0.718507
0.804293
1.14829
0.380147
1.03564
0.46441
0.527265
0.520016
0.729639
0.737939
0.291466
0.633651
0.592642
0.580209
0.46792
0.489334
0.388239
0.274823
0.858354
0.688946
0.384536
1.14779
0.749871
0.689731
0.861687
0.858615
0.236607
0.398607
0.352273
0.25151
0.809944
0.965929
0.383439
0.546233
0.349586
0.480498
0.576018
0.675362
0.921009
0.339155
0.937605
0.156034
0.928794
0.66652
0.588886
0.628807
0.479878
0.566114
0.870208
0.397377
0.350687
0.50585
0.902118
0.61365
0.694687
1.0819
0.436479
0.500019
0.865326
0.579508
0.358607
0.417828
0.306707
0.589843
0.9434
0.269561
0.436003
0.716283
0.528455
0.332226
0.579409
0.414096
0.745258
0.705081
0.646662
0.597057
0.845805
0.66222
0.338025
0.237826
0.571576
0.0344478
0.672628
0.333709
0.894527
0.525352
0.724182
0.89103
0.338643
0.393068
0.34173
1.42168
0.705658
0.539879
0.621015
0.313755
0.214484
0.925885
0.924133
0.822844
0.549597
0.679785
0.864931
0.449674
0.398515
0.747316
0.100933
0.46937
0.645069
0.789573
0.555932
0.922152
0.70753
0.78365
1.1509
0.691177
0.905508
0.524978
0.178429
0.361677
1.01105
0.452468
0.343977
0.784842
0.336068
0.57397
0.469274
0.557651
0.296728
0.93013
0.925277
0.747399
0.559272
0.216399
0.771999
0.409238
0.679291
0.748718
0.520266
0.616448
0.8151
0.733974
0.367343
0.540427
0.512199
0.562834
0.797075
0.573969
0.895089
0.651434
0.270983
0.884275
0.558127
1.16641
0.296128
1.01364
0.639047
0.885697
0.851904
0.33027
0.723968
0.204495
0.973698
0.515885
0.206014
1.03815
0.572296
0.627175
0.402721
0.620846
0.693303
0.821855
0.879312
0.463097
0.500858
0.35081
0.779378
0.579258
0.629658
0.354426
0.32105
0.478427
0.653342
0.647396
0.300583
0.429595
0.769248
0.830545
0.753381
0.682889
1.18371
0.0986133
0.768625
0.793174
0.668716
0.488633
0.768937
0.918851
1.04507
0.829407
0.158231
0.867935
0.885145
0.620857
0.809239
0.909554
0.890278
0.543556
0.457771
0.50162
0.976602
0.599442
0.811552
0.702584
0.906138
1.00236
0.74111
0.619324
0.567847
0.616569
0.350218
0.71401
0.987279
1.23499
0.928908
1.02707
0.532644
1.2712
0.346857
1.01141
0.414655
0.594664
0.674363
0.713226
0.558147
0.538301
0.498374
0.630838
0.522329
0.628354
0.503985
1.08313
0.461677
0.583589
0.487462
1.24438
0.525426
0.452403
0.328891
0.841594
0.779024
0.769762
0.599231
0.675403
0.732185
0.431218
0.258603
0.286541
0.550023
0.647507
0.433063
0.428394
0.808391
0.859372
0.384915
0.737137
0.601463
0.672272
0.54071
0.282563
0.316279
0.526585
0.453694
0.590998
0.4445
0.559277
0.424808
0.474319
0.889258
0.728275
0.705964
0.674457
0.929848
0.497624
0.506887
0.142956
0.345578
0.443513
0.914491
0.467596
0.327514
0.632737
1.00284
0.479969
0.467818
0.581687
0.543398
0.643406
0.701878
0.645307
0.74508
0.388861
0.640844
0.7851
0.588331
1.38946
0.606978
0.557953
0.617061
0.603408
0.409379
1.159
0.667242
0.460008
0.749585
0.67041
0.724936
0.387532
0.845434
0.417626
0.482057
0.487987
0.779237
0.426733
0.433586
1.02983
1.14697
0.572513
0.556201
0.174316
0.624525
0.319455
0.56354
0.484649
0.683409
0.385073
0.619545
0.511971
1.00627
0.829323
0.392787
0.852379
0.34327
0.354313
0.593719
0.630736
0.456711
0.982508
0.830924
0.471611
0.476466
0.736028
0.217084
0.453102
0.287546
0.729019
0.499967
0.357756
0.418456
0.914882
0.373882
0.613917
0.840266
0.63327
1.06987
0.730782
0.632627
0.936979
0.399401
0.669608
0.812614
0.202527
0.828105
0.578484
1.05669
0.637278
1.30425
0.561825
1.35119
1.05218
0.222382
0.962551
1.08843
0.574078
1.24138
0.498504
0.395248
0.578864
0.386148
0.906622
0.509427
0.802629
0.0879848
0.180538
0.532512
0.652063
0.304172
0.536818
0.953235
0.621948
0.61085
0.428472
0.694264
0.678217
0.216041
0.34866
0.529595
1.04603
1.06254
0.822527
0.281071
1.06082
0.240628
0.936089
0.859499
0.850296
0.270902
0.426438
0.458834
0.663736
0.372813
0.428804
0.653304
0.668056
0.735154
0.446504
0.793442
0.963949
0.694227
0.804186
0.909113
0.522068
1.21607
0.0978433
0.31879
0.350406
0.289453
0.555972
0.20132
0.452449
0.597928
0.603968
0.429822
0.709651
0.215796
0.372461
0.935344
0.48833
0.802926
0.396738
0.506929
0.610383
0.726517
0.527345
0.783947
0.551362
0.600134
0.763542
0.812639
0.799424
0.845699
0.553373
0.848927
0.626886
0.830781
0.553958
0.639403
0.451174
0.407342
0.107541
0.437639
0.360825
0.706472
0.796518
0.554008
0.244447
0.512502
0.504808
0.416121
0.366469
0.524313
0.329975
0.353262
0.301067
0.944292
0.544242
0.414718
0.621435
0.339594
0.694326
0.401285
0.341604
0.548778
0.468165
0.664344
0.745171
0.786614
1.08251
0.46036
0.510325
0.164992
1.10182
0.402682
0.494254
0.372062
0.549438
0.506286
0.438173
0.61913
0.177915
0.217858
0.923259
0.443832
0.635292
0.337852
0.810373
0.536367
0.718643
0.509391
0.643673
0.750083
1.18488
0.279571
0.530045
0.679549
0.482777
0.628055
0.574568
0.481844
0.457595
0.706342
1.14649
0.399837
0.395964
0.565731
0.742786
0.650027
1.19491
0.709296
0.511264
0.425155
0.644246
0.807937
0.380987
0.604636
0.379891
0.554238
0.546997
0.473435
0.683825
0.481532
0.320128
0.71752
1.34394
0.783715
0.617268
0.488953
0.977957
0.723884
0.308859
0.63198
0.573458
0.871794
0.338608
0.971441
0.606756
0.189239
0.178332
0.92574
0.420622
0.90115
1.06792
0.177551
0.804565
0.271635
0.863223
0.767204
0.561014
0.66207
0.532653
0.270404
0.9973
0.867171
0.439575
0.618162
0.795453
0.505292
0.385415
0.205716
0.564508
1.1637
0.333084
0.461559
0.40015
0.570102
0.881166
0.492508
0.374207
0.368601
0.3247
1.0366
0.480203
0.947655
0.811346
0.570886
0.560429
0.468609
0.892182
0.549861
0.252766
1.20455
0.862246
0.444035
0.300554
0.837676
0.750392
1.26756
0.57892
0.369995
0.779116
0.431347
0.789798
0.547928
0.805677
0.772713
0.712208
0.567582
0.592024
0.90233
0.709597
0.679079
0.586603
0.108897
0.591962
0.416487
0.427545
0.871083
0.318445
1.24152
0.780416
0.174199
0.278921
0.961077
1.00832
0.925982
0.551055
0.53081
0.491441
0.595396
1.15556
0.257601
0.304855
0.842555
0.785748
0.66017
0.91371
0.831612
0.421767
0.147315
0.800245
1.1332
0.375688
0.907453
1.36281
1.37398
0.1907
0.495739
0.380539
0.678662
1.24839
0.808034
0.518207
0.469802
0.720732
0.756837
0.714444
0.443514
0.470883
0.739239
0.645461
0.56971
0.47057
0.861949
0.348049
0.525675
0.539727
0.428361
0.836046
0.818884
0.203635
1.10946
0.720111
1.03383
0.995771
0.695931
0.793722
0.442333
0.92375
0.740854
0.458744
0.186941
0.637505
0.468548
0.632983
0.924056
0.386318
0.725339
0.528748
0.861374
0.64528
0.177583
0.493956
0.445297
0.724201
0.374318
0.316723
1.2936
0.4915
0.701342
0.89048
0.430819
0.504667
0.393266
0.432195
1.18837
0.810835
0.50432
0.223834
0.468584
1.01374
1.02862
0.587307
0.219773
0.546787
0.624388
0.202456
0.444776
0.255123
0.459053
0.817234
1.07112
0.686241
0.546147
0.61303
0.55095
0.269038
0.377103
0.730949
0.57442
0.418617
0.331934
0.424307
0.397938
0.821565
0.741081
0.283662
0.829184
0.547272
0.814845
1.11809
0.409834
0.719033
0.285212
0.935952
0.791003
0.369199
0.966823
0.477738
0.485652
0.886463
0.642221
1.13558
0.56337
1.19772
0.583217
0.599722
0.88007
0.565836
0.200393
0.8085
0.251566
0.609393
0.486933
0.765873
0.389901
1.0021
0.611327
0.529905
0.331823
0.366488
0.562839
0.60072
0.327238
0.829472
0.48864
0.826765
0.454561
0.268216
1.08783
0.561869
0.546394
0.658635
0.509354
0.279448
0.403385
0.666855
0.562502
0.873495
0.736558
1.14868
0.612163
0.503329
0.362614
0.977004
1.17791
0.535658
0.643951
0.706207
0.578972
0.549267
0.594347
1.05548
0.856114
0.382371
0.70089
0.345151
0.328443
0.698354
1.11701
0.625378
0.271015
0.208328
0.674121
1.1048
0.919161
0.271557
0.303527
0.21745
0.997601
0.448782
0.902635
0.270176
0.551781
0.39398
0.290573
0.266749
0.379443
0.872943
0.803756
0.340008
0.640805
0.80803
0.445045
0.51001
0.418822
0.491166
0.311253
0.999463
0.469815
0.634274
0.895173
0.058264
0.275484
0.577196
0.533687
0.534117
0.788859
0.347731
0.631001
0.313093
0.995863
0.621136
0.599898
0.431387
0.501184
0.88794
0.457382
0.195344
0.541012
0.190501
0.989834
0.490882
0.592691
0.650476
0.611231
0.2216
0.29694
0.609363
0.450544
1.12818
0.884989
0.976993
0.859454
0.373625
0.270482
0.821571
0.857885
0.475712
0.793985
0.848135
0.495328
0.475553
0.508443
0.328295
0.657541
0.417186
0.66122
0.337528
0.557037
0.230761
0.438078
0.667587
0.351412
0.646776
0.646062
0.363283
0.874768
0.517816
0.480806
0.391641
0.67774
0.35572
0.709632
0.559135
0.931924
0.469306
0.500691
0.834177
0.626506
0.596549
1.28232
0.319669
0.513185
0.632454
0.336405
0.377608
0.537193
0.365771
0.838811
0.479874
0.568185
1.06064
0.535791
0.421982
0.587621
0.343423
1.00256
0.365644
0.875752
1.0676
0.170202
0.510906
0.516152
0.551816
0.533837
0.810454
1.08373
0.460484
0.645053
0.505747
0.554801
0.503808
0.404866
0.565279
0.495295
0.815157
0.45148
0.578748
1.07497
0.414699
0.425059
0.275574
0.306287
0.418131
0.722736
0.593356
0.271266
0.476278
0.314177
1.24121
0.921824
0.347136
0.591074
0.737212
0.489453
0.811269
0.751823
1.03868
0.561647
0.325629
0.177056
0.251316
0.993162
0.738717
0.874456
0.492852
0.396344
0.213873
0.854909
0.701985
0.262664
0.399187
0.887621
0.568754
0.401976
0.825521
0.916672
0.527669
0.628159
0.174629
0.681799
1.17911
0.544484
0.681498
0.388618
0.568689
0.54256
1.00671
0.512189
0.260225
1.06305
1.26766
0.852731
0.422442
0.334278
0.716079
0.890582
0.690661
0.586868
0.692592
0.805212
0.481796
0.84258
0.825018
0.851179
0.492858
0.3803
0.477534
0.271158
1.13351
0.168224
0.437518
0.418645
0.51898
0.891379
0.244274
0.496012
0.473682
0.539639
0.79639
0.671977
0.421612
0.883545
0.919005
0.678277
0.302192
0.460721
0.400291
0.460316
0.575945
0.136407
1.0565
0.426088
0.458494
0.474177
0.773907
0.484036
1.05298
0.161435
0.777665
0.5243
0.615004
0.85312
0.362797
0.983741
1.06366
0.279641
0.479849
0.733537
0.319917
0.316714
0.676692
1.11637
0.491135
0.48342
0.827461
0.453361
0.696589
0.496245
0.65847
0.705787
0.476236
0.557356
0.669483
0.310894
0.813873
0.94171
0.737257
0.872896
0.770105
0.245955
1.06727
0.573665
0.456537
0.233973
0.462805
0.902615
0.172705
0.491104
0.401852
0.510941
0.509794
0.627589
0.7743
0.806394
0.281128
0.928219
0.490305
0.68496
0.501386
0.557328
0.818465
0.489101
1.21575
0.0435336
0.869883
0.788784
0.30034
0.648737
0.340894
0.325033
0.527409
0.792132
0.684224
0.462249
0.676837
0.670588
0.406461
0.563483
0.431587
0.376661
0.267903
0.80132
0.987465
0.947644
0.23384
0.697476
0.477663
0.567169
0.664379
0.579805
0.124527
0.635381
0.871029
0.530596
0.724031
0.461051
0.476189
1.10273
0.334582
0.321351
0.451866
0.237549
0.575375
0.523578
0.854781
0.240716
0.62166
0.742448
1.31466
0.55138
0.806099
0.665744
0.665738
0.641079
0.975832
0.66216
0.504557
0.885443
0.326795
0.763435
0.588096
0.444733
0.564223
0.472481
0.467832
0.341728
0.826063
0.973754
0.753331
0.681307
0.76196
0.791128
0.560502
0.284227
1.11409
0.839282
0.791048
0.514644
0.611283
1.12798
0.242773
0.63334
0.240328
0.552316
0.745237
0.330178
0.44642
0.837845
0.476832
0.460794
0.909957
0.455486
0.611669
0.447168
1.0867
1.15008
0.681119
0.6429
0.929385
0.973169
0.403025
0.320119
0.341663
1.22938
0.889138
0.620985
0.800269
0.703982
0.775017
0.337576
0.764195
0.855648
0.243092
0.376802
0.311459
0.882062
0.524583
0.695375
0.906016
1.04644
0.859377
0.539583
0.219046
0.359572
0.489819
0.303955
0.509229
0.675204
0.665247
0.414142
0.307653
0.655075
0.340229
0.44304
0.61294
0.0825332
1.0589
1.06368
0.472351
0.422667
0.393471
0.680839
0.913218
0.771251
0.324586
0.117261
0.608817
0.400293
0.547598
0.179409
0.908751
0.409905
0.747814
0.68708
0.520069
0.359525
0.667905
0.476785
0.533861
0.112518
0.769612
0.586207
1.17621
0.606723
0.34683
0.524684
0.217076
0.705503
0.506619
0.324252
0.453248
0.570145
0.315232
0.270501
0.811065
0.454417
0.814564
0.824684
0.371021
0.677872
0.633234
0.497702
0.658897
0.355705
0.430303
1.03701
0.229468
0.622097
0.119292
0.545059
0.161796
0.337166
0.508821
0.339529
0.559465
0.502949
0.727888
0.621485
0.582806
0.556399
0.288805
0.998123
0.60055
0.489285
0.510577
0.705107
0.429091
0.6944
0.686262
0.423018
0.145571
0.246117
0.805776
0.968259
0.850053
1.10687
0.898252
1.19883
0.596508
0.753156
0.84258
0.748707
0.75495
0.324976
0.619592
0.479396
0.405695
0.348944
0.710718
0.607018
0.396957
0.610936
0.603703
0.322451
0.535519
0.709306
0.710351
0.444925
0.759722
0.817876
0.775902
0.248826
0.87642
0.437759
0.326286
0.674253
0.254967
0.401198
0.448149
0.270407
0.834232
0.477364
1.2357
0.379258
0.273318
0.524382
0.972002
0.360795
0.303537
0.306639
0.545595
0.448953
0.482951
0.182914
0.442541
0.687369
0.583018
0.487362
1.1385
0.463728
0.937982
0.391194
0.322834
0.380758
0.343113
0.562881
0.680128
0.848329
0.994989
0.600871
0.665035
0.762946
0.689651
1.07496
0.877684
0.676241
0.931445
0.606412
0.651639
0.711603
0.384101
0.686374
0.429056
0.470587
0.872679
0.470678
0.711434
0.685372
0.683899
0.505084
0.187197
0.409729
0.333893
0.18285
0.752627
0.647124
0.511695
1.22355
0.742593
0.44953
0.772281
0.910871
0.123269
0.650009
0.701292
0.568641
0.123838
0.891692
0.653783
0.721077
0.815861
0.44637
0.318797
0.794389
0.75256
0.698385
0.467006
0.433281
0.628516
0.906863
1.06027
0.41641
0.46602
0.458053
0.922814
0.83675
0.633528
0.205334
0.534709
0.13177
0.346439
0.408721
0.853239
0.389797
0.80567
0.37075
0.865925
0.413069
0.446596
0.806265
0.778079
0.748365
0.478946
0.691213
0.596796
1.28339
0.524821
0.669247
0.545
0.426162
0.635725
0.893071
0.751414
0.751607
0.518706
0.601186
0.883362
0.589214
0.542476
0.861828
0.776858
0.798806
0.936937
0.926852
0.827979
0.453018
0.625485
0.827884
0.695915
0.526558
0.732661
0.893102
0.776493
0.67788
0.56813
0.305366
0.306366
0.486826
0.777651
0.448798
0.598256
0.79375
0.296024
0.483942
0.264754
0.308366
0.371809
0.385266
0.451751
0.667411
0.198645
0.527396
0.474081
1.09252
0.497188
0.341163
0.549247
0.318547
0.779364
0.239738
0.455123
0.817095
0.653158
1.02605
0.561896
0.625934
0.959054
0.578951
0.211895
0.721717
0.164456
0.627533
0.818684
0.6845
0.9963
0.60608
0.760385
0.520114
0.430809
0.501513
0.675602
0.528723
0.479529
0.730175
0.23484
0.596367
0.447966
0.556388
0.944624
0.331816
0.563787
0.631324
0.451741
0.79017
0.455088
0.838186
0.615713
0.642881
0.645631
0.291521
0.472598
0.640105
0.69452
0.607132
0.544814
0.481071
0.175833
0.491171
0.426351
0.241662
0.568035
0.874252
0.384269
0.955377
0.541107
0.438984
0.441697
0.329985
0.366102
0.57009
0.948359
0.647131
0.818925
0.439166
0.233829
1.20327
0.871895
0.604291
0.468144
0.485778
0.64351
0.652506
1.12071
0.354039
0.965564
0.597804
0.662679
0.424832
0.371466
0.801421
0.286078
1.02251
0.544382
0.253768
0.528545
0.667949
0.687901
0.477444
0.415929
0.926242
0.581819
0.497093
1.03147
0.581083
0.678866
0.45192
0.554493
0.329593
0.329845
0.702229
0.594866
0.506344
0.470581
0.826933
0.31251
0.755346
0.686376
0.516087
0.36531
0.335357
0.0508241
0.713203
1.00352
0.264088
0.981153
0.84839
0.428372
0.349978
0.390708
1.00629
0.456484
0.870503
1.09081
0.414371
0.757545
0.463488
0.506345
0.441004
0.452047
0.694475
0.654919
0.372038
1.02767
0.387284
0.488919
0.782323
0.862843
0.538267
0.285919
0.393426
0.543266
0.408933
0.138662
0.739951
0.594435
0.542068
0.473929
0.718402
1.1722
0.860119
0.805402
1.07499
0.282843
0.477525
0.327509
0.512576
0.606069
0.420647
1.18226
0.919887
0.321163
0.477112
0.407747
0.566376
0.616894
0.529754
0.878495
0.843455
0.276917
0.419444
0.960778
0.374855
0.499854
0.973133
0.629705
0.341412
0.976384
0.486062
0.851192
0.509156
0.244656
0.570717
0.962343
0.385264
0.405874
1.06187
0.626568
0.370275
0.548137
0.473002
0.367188
0.94601
0.851845
0.895925
0.352015
0.539139
0.736252
0.717696
0.756849
0.565466
0.406145
0.675426
0.789532
0.636892
0.188301
1.3635
0.577762
0.581258
0.655571
0.669175
0.529706
0.571973
0.89319
1.27241
0.537395
0.419603
0.771538
0.930783
0.56565
0.534619
0.507408
0.686981
0.661451
0.500299
0.51958
0.596511
0.669047
0.18101
0.554979
0.620476
0.799798
0.643383
0.42333
0.383269
0.479102
1.15729
0.699857
0.820077
0.641639
0.353446
0.408753
0.69311
0.798059
0.820203
0.615604
0.671624
0.534625
0.509751
0.231402
1.06542
0.642908
0.487131
0.564011
0.743481
0.466492
0.594868
0.426454
0.82817
0.893341
1.05155
1.14733
0.622957
0.365273
0.479956
0.587543
0.674738
0.357283
0.364313
0.50004
0.321767
0.999591
0.694808
0.590739
0.671876
0.157021
0.417812
0.489457
0.612163
0.870327
0.911627
0.842973
0.557484
1.01114
0.690045
0.26959
0.562321
0.462045
0.363275
0.998891
0.909967
0.340684
1.27435
1.07221
0.99966
0.85821
0.933759
0.672754
0.839405
0.95493
0.677603
1.08523
0.195681
0.150827
0.487137
0.501833
0.512745
0.994509
1.19218
0.763424
0.756161
1.5212
0.967188
0.194243
0.718099
0.634114
0.272022
1.13205
0.686777
0.502853
0.66828
0.788351
0.778933
0.422533
0.552789
0.80839
0.686948
0.64004
0.809818
1.2
0.892921
0.283947
0.864261
0.997902
1.04918
0.490793
1.27144
0.559377
0.94356
0.715528
0.583255
0.819671
1.07806
0.482696
0.704874
0.300129
0.650706
0.561003
0.53415
0.808261
0.313094
0.814261
0.845365
0.667234
0.293017
0.581686
1.07229
0.566576
0.64294
0.419783
0.531141
0.535534
0.492896
0.537687
0.725174
0.624824
0.915347
0.441647
0.620196
0.419994
0.566689
0.890883
0.536117
0.0699363
0.355986
0.861001
0.482276
0.331721
0.657601
0.182775
0.943131
1.15549
0.881328
1.14306
0.987506
0.934047
0.579845
0.871055
0.689917
0.573232
0.771315
0.297061
0.563704
0.603914
0.413462
1.01125
1.01167
0.613629
0.773961
0.675475
0.675895
1.26212
0.959355
0.27392
0.42637
0.708941
0.436581
0.343944
0.361007
0.550226
1.02387
0.548615
0.511556
0.859763
0.684163
0.69975
0.544476
0.304925
0.886468
0.461156
0.939521
0.51632
0.683096
0.550688
0.449256
0.539965
0.420189
0.574379
0.568882
0.677601
0.528373
0.229879
0.846396
0.545868
0.63321
0.453298
0.306583
0.337128
0.718211
0.901721
0.295746
0.597763
0.562857
0.6033
0.736928
0.524329
0.516851
0.656121
0.923948
0.610591
0.348009
1.05315
0.450032
0.434453
0.457748
0.715946
0.483558
0.702889
0.248582
0.309361
0.609615
0.653751
0.467811
0.701077
0.216142
0.52194
0.333641
0.976795
0.866481
0.60589
0.382108
0.668485
0.554848
0.477135
0.624835
0.48766
0.225637
0.707712
0.54961
0.491981
0.217842
0.700036
0.333408
0.843106
0.487594
0.186173
0.643411
0.186854
0.62098
0.668601
1.14949
1.10784
0.709697
0.552201
0.639742
0.738685
0.335568
0.848721
0.795421
0.50688
0.529166
0.79195
0.349141
0.945977
0.321972
0.678629
0.481915
0.494444
0.632507
0.545875
0.905418
1.05867
0.476702
0.684634
0.473132
0.822707
0.267464
0.714506
0.463631
1.03499
0.487628
0.737994
0.825568
0.422475
0.845296
0.284608
0.846744
0.426405
0.680427
0.218541
0.41977
0.564302
0.437152
0.894167
0.246886
0.434721
0.580442
1.10872
0.504895
0.455719
0.636967
0.890988
1.16548
0.622641
0.194111
0.602228
0.995404
0.478643
0.872571
0.624712
0.549561
0.516711
0.782685
0.897448
0.805088
0.37967
0.916687
0.252309
0.150707
0.330307
0.382708
0.37259
0.789362
1.22948
0.241537
0.635291
1.01165
0.481429
0.744054
0.609438
1.06027
0.681128
0.633708
1.16538
0.866954
0.634639
0.45719
0.644171
0.504505
0.363249
0.369518
1.05178
0.393943
0.618235
0.316741
1.12855
0.679404
0.670476
0.651311
0.484145
0.805656
0.76433
0.362679
0.532475
0.450863
0.461014
0.426415
0.919389
0.73138
0.526298
0.12256
1.10866
0.3182
0.363502
0.457759
0.362554
1.07409
1.00416
1.01377
0.445559
0.204065
0.29591
0.69663
0.591615
0.273382
0.286644
0.906275
0.735133
0.424614
0.233136
0.548893
0.486034
0.530014
0.415495
0.810092
0.470443
1.03528
0.38426
0.646562
0.193087
0.554723
0.804489
0.507237
0.577167
0.905398
0.899692
0.178383
0.80434
0.448777
0.266746
0.730642
0.743583
1.50999
0.658858
0.70871
0.562607
0.606166
0.929261
0.738987
0.287752
0.217974
0.740242
0.692815
0.384365
0.445486
0.504418
0.435157
0.489189
1.2541
0.910578
0.455835
0.532916
0.539926
0.536326
0.454476
0.611514
0.384725
0.203673
0.572403
0.41999
0.751185
0.914637
0.970722
0.669329
0.465342
0.381211
0.70036
0.49607
