0.465561
0.883383
0.336826
1.13769
0.438505
0.768739
0.77632
0.322566
0.556213
0.294254
0.910873
0.667759
0.727192
0.305733
0.360106
0.404482
0.467599
0.462861
0.442581
0.719695
0.628602
0.663673
1.23552
0.278176
0.275924
0.33972
0.284947
0.411339
0.741506
0.684218
0.568984
0.658064
0.334461
0.916165
0.577663
0.999152
0.436685
0.726067
0.750607
0.490095
0.419535
0.200249
0.786269
0.506087
0.523758
0.995513
0.297915
0.688645
0.1422
0.857135
0.723005
0.823553
0.776247
0.340699
0.596071
0.710875
1.17981
0.31218
0.590176
0.225818
0.159828
0.237412
0.25118
0.721705
0.131216
0.930384
1.21401
0.591577
0.307308
0.27008
0.360735
0.851846
0.621675
0.486668
0.324999
0.242037
0.380098
1.05519
1.05702
0.421829
0.273819
0.354299
0.504254
0.374273
0.692818
0.308891
0.709219
0.319255
0.619155
0.878376
0.393978
0.863135
0.282289
0.707573
0.835063
1.10133
1.22394
0.934528
0.293416
0.533072
0.703215
0.817523
0.62684
0.655756
0.396436
0.472995
0.838781
1.02194
0.810932
0.339288
0.527484
0.280832
0.515909
1.23872
0.466172
0.652619
0.340209
0.499969
0.633691
0.35351
0.704017
0.815374
0.80147
0.91249
0.520943
0.364978
0.83356
0.445491
0.788796
0.558898
0.40644
0.330014
1.07786
0.99137
0.640863
0.623678
0.545975
0.783784
0.332359
0.14657
0.606174
0.698877
0.474629
0.371028
1.03674
1.05107
0.348199
0.382292
0.59343
0.34777
0.754484
0.290497
0.760111
0.806234
0.442404
0.76769
0.474785
0.403883
0.530034
0.434832
0.53666
0.342199
0.30792
0.934099
0.60255
0.421988
0.89369
0.366995
0.327712
0.90027
0.572516
1.12104
0.636437
0.627319
0.730006
0.804198
0.654941
0.361265
0.523515
0.422468
0.516671
0.202052
0.74933
0.782935
0.471564
0.791587
0.416231
0.756922
0.741508
0.811288
0.555489
0.623223
0.840167
0.439732
0.451355
0.597774
0.489012
1.10731
0.839562
0.521361
1.19276
0.892345
0.813777
0.841912
0.343891
0.787134
0.444264
0.383562
0.636585
0.858311
0.546642
0.318595
0.804069
0.75179
0.532734
0.690926
0.280379
0.817283
0.676167
0.324798
0.817337
0.552986
0.868854
0.869965
0.766948
0.625964
0.61006
0.387088
0.546075
0.682682
0.293476
0.41046
0.379016
0.306456
0.463724
0.681708
0.922377
0.682152
0.50624
0.542536
0.274325
0.507292
1.23231
0.267203
0.450811
0.865323
0.728601
0.476119
0.540236
0.402531
0.385177
0.889591
0.67098
0.580194
0.443972
0.425737
1.39495
0.865655
0.674033
0.745945
0.470397
0.321737
0.409414
0.130459
0.465709
0.828626
0.256386
0.511489
1.16441
0.408706
0.977035
1.03121
0.518622
0.492702
0.530088
0.34713
0.982412
0.479845
1.21742
1.05812
0.235203
0.432958
0.760289
0.117689
0.521532
0.698701
0.662729
0.482183
0.994913
0.672229
1.14191
0.516122
0.427411
0.573116
0.519464
0.455153
0.975182
0.528291
0.0879099
0.486091
0.432539
0.658103
0.502535
0.440445
0.212188
0.382913
0.590989
0.615579
0.589572
0.576918
0.664894
0.783943
0.506408
0.433791
0.896871
0.257703
0.110587
0.333854
0.326729
0.771869
1.32489
0.225176
0.875519
0.904896
0.487684
0.746696
1.12481
0.991263
0.73844
0.54048
1.23995
0.20193
0.092774
0.460947
0.47487
0.769242
0.982716
0.430678
0.828796
0.988558
0.299195
0.584139
0.192313
0.915941
0.538054
0.598887
0.83839
0.218749
0.605293
0.535658
0.914382
0.624136
1.09695
0.501744
0.440235
0.499823
0.446446
0.4134
0.424641
0.51768
0.433554
0.192242
0.786964
0.515934
1.13639
0.754709
0.600693
0.69464
0.686168
0.694417
0.879818
0.562284
0.259828
0.738998
0.73891
0.78241
1.17993
0.932842
0.432865
0.531087
0.815907
0.335183
0.579775
0.360675
0.820518
0.595568
0.6708
0.254958
0.423705
0.624941
0.32666
0.446955
0.492641
0.677889
0.666137
0.680407
0.416636
0.322876
0.689402
1.21278
0.368865
0.751229
0.883826
0.836919
0.15926
1.04941
0.575282
0.421875
0.451166
0.888711
0.881652
0.595968
0.845264
0.952477
0.593581
0.541556
0.2087
0.646871
0.672558
0.74521
0.374589
0.465087
0.846009
0.501103
0.799741
0.677395
0.359609
0.382163
0.425249
0.210827
0.697616
1.01308
1.0093
0.314013
0.256076
0.714554
0.542451
0.264153
0.725475
0.453648
0.825301
0.537803
0.889086
0.422571
0.329853
0.16631
0.302014
0.783575
0.856908
0.593488
0.707191
0.934404
0.707371
1.31026
1.04487
0.995546
0.554731
0.423992
0.614041
0.486713
0.644147
0.561486
0.402529
0.837451
0.237107
0.63143
0.912678
0.664156
0.314912
0.870407
0.54143
0.43182
0.353921
0.591799
0.340577
0.564753
0.366881
0.79095
0.317028
1.00013
0.619677
0.504484
0.795359
0.646384
0.310908
0.903265
0.720962
0.954595
0.777139
0.25486
0.432958
0.439968
0.609845
0.899642
0.213135
0.124577
0.399203
0.316988
0.742147
0.681554
0.229554
0.624893
0.173556
0.670036
0.700044
0.587178
0.881208
0.395251
0.2048
0.913195
1.13562
1.03863
0.7614
0.293687
0.846396
0.950887
0.695794
0.685903
0.648928
0.64338
0.554328
0.818145
0.272468
0.32748
0.632808
0.327352
0.993431
0.657654
0.511987
0.389867
0.927758
0.433221
0.78392
0.785281
0.469739
0.685107
0.713152
0.485436
0.92686
0.551481
0.661361
0.526754
0.7022
0.397821
0.665435
0.530735
0.62125
0.106197
0.580633
0.252642
0.462343
0.643015
0.331912
0.202091
0.307805
1.05925
1.12276
0.538351
0.148753
0.710736
1.00745
0.818682
0.927748
0.740297
1.00836
0.374209
0.542704
0.559272
0.728665
0.690015
0.791272
0.815392
0.496504
0.747803
0.522079
0.788229
0.612499
0.417685
0.387079
0.642147
0.120122
0.619254
0.831222
0.293564
0.243023
0.258303
0.862646
0.587096
0.345289
0.533782
0.122242
0.70828
0.956528
1.07841
0.748993
0.980344
0.475486
0.645421
0.755888
0.715378
0.891612
0.867091
0.508519
0.39757
0.944039
0.388833
0.825607
0.588476
0.494342
0.528667
0.693156
0.569343
0.740339
0.682016
0.161139
0.351621
0.64268
0.618948
0.862985
0.672651
0.437994
0.853036
0.191093
0.209414
0.584237
0.683366
0.86307
0.426279
0.533743
0.4803
0.618526
0.247313
1.32119
0.445916
1.21587
0.18511
0.51738
0.31376
0.753147
0.426511
0.292926
0.277276
0.801759
0.778529
0.90742
0.373184
0.786042
0.116614
0.25019
0.562794
0.673502
0.435206
0.540521
0.316737
0.908733
0.65872
0.409059
0.529759
0.917298
0.665809
0.530381
0.819136
0.359067
0.826698
0.230377
0.702718
0.69247
1.1711
0.404402
0.611609
0.665934
0.430193
0.52674
0.677041
0.620366
0.190771
0.185281
0.313528
0.903257
0.516245
0.459538
1.05909
0.641775
0.354783
0.702777
0.679553
0.285278
0.842907
0.66798
0.844762
0.653613
0.411505
0.678369
0.647889
0.668962
0.62163
0.334764
0.529006
0.451433
0.386361
0.338227
0.359104
0.575943
1.01308
0.620316
0.394898
0.468812
0.655648
0.914999
0.665425
0.655185
0.518699
0.449438
1.10687
0.810516
0.501054
0.84347
0.55021
0.762208
0.3672
0.682997
0.519046
0.932863
0.837614
0.663369
0.714557
0.861994
0.816176
0.396457
0.828583
0.790902
0.735088
0.761018
0.999775
0.862492
0.641175
0.958054
0.38936
0.532784
0.843144
0.686173
1.22475
0.629693
0.686569
0.422305
0.683508
0.821411
0.911799
0.442517
0.696299
0.729106
0.500624
0.755129
0.39062
0.848517
0.708226
0.91828
0.586188
0.647031
0.652701
0.47402
0.383647
0.809261
0.6294
0.483368
0.62925
0.259331
0.390562
0.814086
0.519632
0.606755
0.58941
0.841101
0.352978
0.732288
0.654165
0.861374
0.226406
0.324326
0.600762
0.523174
0.14868
0.773277
0.953551
0.579783
0.580191
0.565485
0.409859
0.584106
0.448914
0.228194
0.51342
0.35166
0.696681
0.736338
0.735188
0.975429
0.291306
0.479639
0.499435
1.17363
0.858193
0.573142
0.246669
0.650889
0.644462
0.431433
0.35648
0.851476
0.412718
0.92194
0.51677
0.343052
0.230275
0.804003
0.753937
0.45633
0.854528
0.509708
0.428694
0.595411
0.595111
0.416737
0.606579
0.836521
0.583649
0.685309
0.0817088
1.02492
0.291043
0.681317
0.662889
0.62266
0.379436
0.909181
0.376338
0.358938
0.597863
0.574731
0.0918421
0.570709
0.715942
0.786051
0.56322
0.311722
0.792131
0.480822
0.627441
0.82267
1.00376
0.342445
0.795278
0.83192
0.409137
0.691233
0.896799
0.937468
0.881094
0.297981
0.274952
0.570773
0.69566
0.597511
0.626894
0.312695
0.513421
0.626028
0.472662
0.723279
0.579323
0.319852
0.401944
1.39118
0.712256
0.573623
0.556591
0.299458
0.958035
0.352795
1.04732
0.823761
0.54539
0.467024
0.470184
0.572008
0.703502
1.24827
0.553393
0.420188
0.283411
0.719568
0.546116
0.578577
0.514815
0.290186
0.970251
0.59409
0.420159
0.774866
0.660826
0.462054
1.02811
0.987329
0.97698
0.81965
0.373145
0.649654
0.211062
0.346323
0.236057
0.67018
0.639114
0.552113
0.210681
1.21344
0.901229
0.34139
0.346962
1.11702
0.724111
0.751459
0.596235
0.544642
0.643262
0.600632
0.834511
0.744284
1.27528
0.639336
0.833883
1.19794
0.16928
0.473274
0.71333
0.731754
0.707643
0.722145
0.819223
0.392421
0.806975
0.557746
0.942503
0.626447
0.218597
0.599908
0.500082
0.482625
1.32286
0.344689
0.492643
1.30131
0.913348
0.845966
1.30235
0.480425
0.412754
0.58441
0.588314
1.01473
0.617345
0.703549
0.634321
0.669967
0.911364
0.252097
0.729065
0.523119
0.723802
0.387043
1.23641
0.887917
0.988009
1.11315
0.433717
0.816258
0.489391
0.563413
0.344648
0.943571
1.09529
0.851064
0.723812
0.930552
1.0606
0.459601
0.468774
0.440677
0.371515
0.470695
0.301828
0.413435
1.41245
0.959833
0.713997
0.113051
1.13991
0.574827
0.379957
0.433246
0.615217
0.496048
0.891356
0.414251
1.13317
0.40296
1.28818
0.310113
0.488145
0.0374385
0.923817
0.273776
0.374677
0.446246
1.33236
0.417534
0.228248
0.621204
1.25914
0.82963
1.1642
0.724929
0.788675
0.671246
0.642593
1.05918
0.934166
0.363768
0.887363
0.557577
0.314011
0.717778
0.277057
0.571176
0.576404
0.325704
0.554936
0.756218
0.97767
0.392865
0.325173
1.25458
0.526816
0.420114
0.767373
0.454374
0.540744
0.537473
0.538043
0.575675
0.569112
0.699765
0.833253
0.249501
0.681518
0.173627
0.999267
0.137185
0.448897
0.535534
0.214436
0.300781
0.849984
0.718135
0.663488
0.524865
0.389082
0.395416
0.459725
0.940995
0.581078
0.637625
0.638409
0.425055
0.544784
0.792628
0.0378783
0.836584
0.380821
0.570028
0.516744
0.371857
0.415579
0.479179
0.363225
0.718611
0.694351
0.642394
0.391509
1.23616
0.885956
0.308035
0.970593
0.60797
0.416517
0.449852
0.846794
0.682794
0.439755
0.682111
0.859476
0.476304
0.210962
0.47173
0.696643
0.78752
0.45416
0.273078
0.450737
0.785137
0.655079
0.130374
0.487297
0.217538
0.913473
0.558776
0.282667
0.690461
0.938308
0.784205
1.24866
0.89804
0.559927
0.605853
0.515247
0.792291
0.735853
0.306996
0.472286
0.276802
1.09014
0.639669
0.469366
0.505362
0.431013
0.19666
0.760979
0.71799
0.782327
0.450632
0.571483
0.116104
0.476713
0.58758
0.503711
0.337957
1.33616
0.3634
0.393463
0.308138
0.769907
0.730988
0.660837
0.669323
0.861932
0.43493
0.344389
0.637052
0.496302
0.571309
0.572979
0.492467
0.451962
0.501472
0.61123
0.909371
1.06436
0.050505
0.803392
1.04353
0.551287
0.712313
0.340058
0.0922295
0.275632
0.763897
0.622949
0.587398
0.514368
0.827253
0.688492
0.849887
0.880005
0.425171
0.653011
0.576403
0.940532
0.31386
0.592471
0.813082
0.281854
0.352855
0.656917
0.627622
0.484494
0.565729
0.656692
1.01596
0.663007
0.406407
0.690578
0.357067
0.549654
0.283317
0.634715
0.419952
0.647866
0.530966
0.525938
0.574119
0.693754
0.715836
0.549928
0.743726
1.07182
0.72952
0.495614
0.496287
0.360177
0.480461
0.584035
1.09714
0.958989
0.602595
0.385671
0.1784
0.277454
0.860809
0.357298
0.766421
0.481988
0.578816
0.541092
0.514998
0.947611
0.471868
0.423512
0.408469
0.136695
0.753327
0.587795
1.34084
0.734919
0.609109
0.725822
0.802059
0.622357
1.01074
1.17285
0.575705
0.697432
0.45112
0.500612
0.640235
1.10096
0.571725
0.58719
0.779339
0.659368
0.377176
0.709695
0.500542
0.77523
0.138427
0.603338
0.681695
0.310674
0.849244
0.600043
0.337027
0.716827
0.622506
1.21452
0.70069
0.826639
0.559899
0.330769
0.692941
0.561333
0.732126
0.910986
0.610879
0.380727
0.710191
0.3532
0.440294
0.660803
0.354972
0.548716
0.357341
0.10491
0.414077
0.155159
0.523365
0.570036
0.504986
0.464028
0.40834
0.344752
0.389137
0.322364
0.869242
0.602187
0.450905
0.721179
0.489147
0.547204
0.637491
0.789677
0.610335
0.470021
0.831571
0.264002
0.571851
0.548937
0.158102
0.571583
0.443179
0.720301
1.16275
0.910267
0.611327
0.539734
1.14066
0.5351
0.38836
0.428463
0.168988
1.08908
0.390169
0.455548
0.878989
1.06706
0.421815
0.113335
0.377292
0.752635
0.587704
0.666497
0.980338
0.513004
0.574876
0.764253
0.803973
0.583445
0.597684
0.707517
0.515208
0.238165
0.680533
0.498275
0.269122
0.412179
0.744511
0.482438
0.122976
0.576568
0.994113
0.372462
0.466797
0.417321
0.744056
0.609748
0.4094
0.548953
0.427494
0.608413
0.555838
0.62163
0.0714413
0.457405
0.710995
0.595546
0.949702
0.619161
0.541402
0.648876
0.329104
0.73031
0.833399
0.31986
0.428405
0.725157
0.653244
0.993717
0.45786
0.580983
0.399577
0.754927
0.466052
0.43201
0.592405
0.118844
0.472512
0.690998
0.557823
0.427085
0.348684
0.451557
0.490556
0.634284
0.363505
0.68392
0.782106
1.13977
0.951947
0.421603
0.494313
0.856997
0.394564
1.15343
1.00008
0.346988
0.58155
0.39252
0.26895
0.10273
0.764446
0.39122
0.781167
0.560602
1.09474
0.583666
0.761305
0.237029
0.622759
1.03552
0.813927
0.926639
0.673941
0.908003
0.771095
0.749263
0.328843
0.195071
0.567922
0.883289
0.528354
0.626905
0.404511
0.327106
0.375663
0.358624
0.647643
0.498091
0.231329
0.623306
0.448549
0.454676
0.849134
0.927471
0.566002
0.386613
0.319352
0.687087
0.783291
0.827897
0.61169
0.749594
0.229647
0.879276
0.277969
0.630405
1.11233
0.514872
0.396988
0.637711
0.780825
0.131395
0.679075
0.934804
0.493681
0.719721
0.345502
0.43875
0.360969
0.718663
0.731991
0.255433
0.499762
0.966599
0.691199
0.477811
0.575356
0.870149
0.383464
0.712545
0.440295
0.382747
0.670068
0.552165
0.58629
0.773023
0.433449
0.765535
0.734432
0.591356
0.617562
0.404814
0.323079
0.524458
0.650926
0.518191
0.819235
0.692169
0.569638
0.686546
0.483315
0.385477
0.491481
0.670112
0.699356
0.906452
0.64542
0.475739
0.390143
0.816597
0.435477
0.721689
0.827789
0.766401
0.932833
0.687256
0.557156
0.7938
0.46314
0.575674
0.258036
0.780967
0.720968
0.49679
0.812966
0.579179
0.2751
0.525466
0.530768
0.432562
1.06888
0.770739
0.910005
0.546431
0.589762
0.408827
0.838348
1.02706
0.502793
0.664766
0.652041
0.615919
0.490789
0.6328
0.57317
0.541918
0.485236
0.51089
0.491886
0.580282
1.03446
0.0785837
0.839335
0.520962
0.634393
0.238315
0.394999
0.518045
0.141853
0.70545
0.359339
1.10215
0.696355
0.221232
0.80342
1.18987
0.740507
0.63239
0.659779
0.599385
0.739941
1.04325
0.936406
0.725945
0.329141
0.605329
0.600622
0.479961
0.600725
0.463247
0.2203
0.523013
0.340095
0.708157
0.609339
0.685205
0.967761
0.50155
1.00909
0.707755
0.368876
1.06909
0.798786
0.585106
0.39137
0.641421
0.788915
0.648661
0.755474
0.939639
0.470702
0.496521
0.843844
1.2719
0.598033
0.626266
0.775065
0.499649
0.702611
0.275867
0.388951
0.188577
0.250777
0.961066
0.72005
0.391152
0.844424
0.299384
0.510713
0.646851
1.29965
0.486349
1.10804
0.388704
0.954717
0.420675
0.908837
0.520239
0.774288
0.790641
0.31118
0.316025
0.244232
0.226809
0.488408
0.469269
0.643691
0.802917
0.494567
0.397258
0.614433
0.670054
0.539525
0.565095
0.530269
0.488426
0.2533
0.366539
0.072337
0.59455
0.459532
0.493379
0.48704
0.43444
0.593284
1.15093
0.532291
0.725698
0.454828
0.851113
0.492881
0.703038
0.916211
0.256478
0.341508
0.863205
0.301875
1.05371
0.402325
0.265121
0.677631
0.618091
0.47363
0.550927
0.68757
0.836135
0.380543
0.711583
0.449653
0.64515
0.588415
0.434428
0.588745
0.67537
0.646804
1.14366
0.60695
0.901977
0.18744
1.04112
0.396242
0.794965
0.529195
0.0887596
0.660123
0.424604
0.714244
0.708696
0.381692
0.240406
0.412669
0.304848
0.569952
0.709593
0.877512
0.358903
1.01121
0.354454
0.729224
0.355673
0.394514
0.377485
0.504321
0.531175
1.14365
0.892054
0.218814
1.24036
0.656117
0.524569
0.809898
0.442682
0.281925
0.757881
0.655113
0.324585
0.398234
0.433151
0.500903
0.443274
0.490408
0.408051
0.446067
0.200691
0.357347
0.599378
0.938776
1.14415
0.494344
0.916178
1.07021
0.403057
0.161459
0.564912
0.41834
0.399885
0.394778
0.409497
0.908552
0.327378
0.575309
1.14926
0.489707
0.147694
0.692225
0.93628
0.114381
0.447655
0.57185
0.356205
0.476514
0.512269
0.726256
0.38858
0.986459
0.445551
0.919959
0.154794
1.05312
0.59858
0.735449
0.255728
0.418559
0.31873
0.361786
0.55685
0.197068
1.00866
0.534475
0.664194
0.758833
0.348213
1.06318
0.354519
0.230748
0.595397
0.745751
1.06667
0.737204
0.964389
0.784089
0.272754
0.926165
0.987919
0.591965
0.747744
0.808664
0.471224
1.13264
0.610642
0.776058
1.11945
0.689168
0.548372
0.241821
0.66767
0.738232
0.608869
0.408176
0.426278
0.286653
1.02418
1.21941
0.440885
0.588644
0.448399
0.668589
0.932768
0.705434
0.745248
0.762427
0.618715
0.535993
0.653797
0.723004
0.459294
0.5083
0.546705
0.600371
0.340113
0.320053
1.06554
0.474991
0.194664
0.769691
0.372768
1.10197
0.424865
0.15548
0.222543
0.233103
0.488956
0.514974
0.813996
0.640011
0.483518
0.50469
0.589913
0.54398
0.648201
0.550406
0.745724
0.519394
0.293202
0.209488
0.567063
0.0978258
0.593295
0.754946
0.368683
0.433376
0.545004
0.458604
0.771813
0.726291
0.735423
0.535449
0.787799
0.532275
0.37488
0.392774
1.14835
0.838935
0.416183
1.22452
0.309071
0.827904
0.592543
0.779545
0.558379
1.16685
0.327209
0.189707
0.719753
0.62847
0.890294
1.24077
1.03861
0.37524
0.495479
0.660513
1.16659
0.720823
0.606696
0.557257
1.31856
0.445735
1.11107
0.553787
0.804758
0.630274
0.591784
0.877442
0.293308
0.759086
1.05365
0.795525
0.364037
0.748538
0.589656
0.565266
0.273761
0.87396
0.75059
0.521992
0.428057
0.619353
1.1446
0.220269
0.81828
0.837887
0.330723
0.83152
1.11912
0.932507
1.0965
0.833115
0.257403
0.681405
0.795186
0.8431
0.453643
0.48895
0.310176
0.703155
0.528541
0.464531
0.344678
1.02984
0.351377
0.651849
0.454802
0.24298
0.857414
0.967257
0.76769
0.348735
0.459201
0.696382
0.267296
0.732576
0.499008
0.482813
0.53309
0.361412
0.424863
0.349883
0.82517
0.461699
0.420155
0.8822
0.751145
0.444373
0.338174
0.717459
0.721702
0.494913
0.687631
0.690662
0.393656
0.311729
0.8744
0.955834
0.644381
0.42577
0.538711
0.470443
0.420045
0.516571
0.434154
0.336894
0.423623
0.800232
0.725702
0.531909
0.81917
0.401658
0.302296
0.303838
0.784229
0.630335
0.510922
0.485915
0.766712
0.889597
0.556594
1.07228
0.309086
0.961679
0.517165
0.338334
0.614549
0.251595
0.701655
0.485639
1.00634
0.547676
0.217729
0.725041
0.725096
0.884565
0.30752
1.0353
0.537665
0.39023
0.545673
0.560315
1.27083
0.706342
0.430056
0.408443
0.553339
0.668504
0.689104
0.467083
0.939646
0.626319
0.817972
0.354747
0.509143
0.598979
0.636443
1.13849
0.619678
1.13657
0.773235
0.52
0.379085
0.971662
0.77836
0.391597
0.528623
0.571033
0.213247
0.651472
0.208823
0.80157
0.512686
0.399638
0.337046
0.773313
0.56302
0.77859
1.4831
0.545146
0.39656
0.465301
0.286411
1.02305
1.00525
0.647028
0.313122
0.798073
1.0299
0.231193
1.27263
0.793196
0.390315
0.554949
0.93536
0.698928
0.872988
0.261096
0.443855
0.687438
0.91318
0.424902
0.401472
0.210973
0.286678
0.783772
0.304251
0.592174
1.07802
0.749437
0.635279
0.66251
0.60962
0.647199
0.888053
0.557128
0.757324
0.483096
0.854035
0.386914
0.440168
0.322085
0.641988
0.869552
0.117086
0.339731
0.881465
0.472406
1.14083
0.248299
0.508308
0.498273
1.02845
0.621251
0.453256
0.165595
1.00784
0.276054
0.217814
0.337897
0.608608
0.366202
0.235082
0.500567
0.560779
0.754389
1.11414
0.577537
0.756769
0.741064
0.495153
0.37474
0.530926
0.194994
0.570076
0.541958
1.13201
0.850282
0.678596
0.546163
0.964903
0.491768
0.461521
0.567862
0.883466
0.80705
0.98886
0.61574
0.35716
0.258996
0.293438
0.891132
0.400403
0.935993
0.57671
0.689529
0.91451
0.37617
0.668066
0.688815
0.568401
1.0367
0.528389
0.627395
0.576909
0.741358
0.936366
0.642545
1.13389
1.25821
0.557525
0.444867
0.273049
0.484431
0.842819
1.0547
0.445744
0.385477
0.290918
0.718644
1.08661
0.506894
0.721864
0.733723
0.328034
0.37428
0.775375
0.919041
1.19837
0.737737
0.288296
0.482677
0.754019
0.222807
0.923797
0.373449
0.508285
0.818789
0.575395
0.765509
0.241489
0.743804
0.743442
1.04915
0.898114
0.927929
0.281377
0.720807
0.681021
0.680992
0.525933
0.659804
0.624669
0.432412
0.654356
1.17973
1.2371
0.83354
0.746427
0.391307
0.939298
0.469811
0.945704
0.455598
0.39444
0.526987
0.910066
0.712196
0.814678
0.463342
0.980146
0.775084
0.589314
0.464374
0.832945
0.735377
0.513969
0.456285
0.913314
0.843881
0.737991
0.622971
1.00565
0.826413
0.964251
0.213698
0.548524
1.19336
0.316502
0.265879
0.532802
0.965311
0.292087
0.709978
0.625744
0.508282
0.597059
0.287655
0.607179
0.467289
0.771396
0.482031
0.457347
0.379496
0.837099
0.941951
0.592409
0.94148
0.275682
0.547664
0.521589
0.399693
0.876855
0.493756
0.373023
0.94135
0.77766
0.413018
1.0537
0.710488
0.398858
0.178464
0.921853
0.672482
0.717912
0.744575
0.342649
1.16022
0.59673
0.0972534
0.685908
0.56418
0.418826
0.453501
0.721422
0.383869
0.332741
0.721682
1.09499
0.687507
0.41913
1.00354
0.470411
0.274455
0.81019
0.331579
1.07086
0.281327
0.461457
0.569707
0.778475
0.579903
0.542004
0.474121
0.371798
1.11722
0.492992
0.338731
0.394097
1.4227
0.935668
0.282788
0.721699
0.807771
0.825437
0.666925
0.74894
0.406358
0.539908
0.726514
0.83974
0.241518
0.677355
0.796923
0.82316
0.373011
0.657056
0.785078
0.989106
0.745529
0.659087
0.72642
0.322096
1.01028
0.549743
0.735954
1.18594
0.980164
0.903069
0.583005
1.10199
0.314498
0.542054
0.691101
0.392375
0.137074
0.744662
0.842962
0.638111
0.386071
0.66534
0.279362
1.01531
0.537062
0.313567
0.776827
0.437285
0.576856
0.330852
0.462893
0.76445
0.212687
0.489281
1.31063
0.653592
0.323878
0.589458
0.383664
0.758909
0.90966
0.604396
0.859175
0.611928
0.210366
0.822556
0.822522
0.607599
0.632094
0.187041
0.930947
0.819607
0.596155
0.649712
0.559998
0.657617
0.700038
0.4242
0.55689
0.600633
0.481309
0.936463
0.826334
0.229248
0.823438
0.806324
0.242449
0.835874
0.632782
0.384642
0.797414
0.349021
0.563902
0.797282
0.737065
0.140006
0.67968
0.686142
0.865023
0.404048
0.87945
0.320782
0.389981
0.361839
0.598647
0.456541
0.88992
0.403124
0.367744
0.491998
0.812038
0.384125
0.336298
1.48703
0.483168
0.661437
0.627471
0.456308
0.394914
0.959217
0.38789
0.48819
0.645803
0.201131
0.541521
0.341231
0.317894
1.1046
0.550548
0.799491
0.598465
0.644835
0.618584
0.374661
0.814199
0.838058
0.48253
0.846711
0.216577
1.00232
0.644748
0.4173
0.258946
0.622038
0.747935
0.648579
0.96911
0.513671
0.444052
0.47994
0.760311
0.888998
0.645745
0.526833
1.16326
0.722012
0.487048
0.703172
0.727401
0.811539
0.578623
0.642155
0.20665
0.467533
0.441595
0.762349
0.519152
0.957022
0.803082
0.419273
0.748672
0.740408
0.311203
0.810295
0.832332
0.41644
0.536733
0.557599
0.53169
0.688034
0.88091
0.704465
0.546312
0.815661
0.542532
0.407292
0.450525
0.859805
1.17913
0.975255
0.493595
0.643797
0.357548
0.217861
0.977825
0.631781
0.896535
0.526768
0.382097
0.713585
0.992336
0.686811
0.321231
0.481244
0.847865
0.693486
0.479541
0.671058
0.534126
1.2817
0.804182
0.440044
0.536648
1.05798
0.805515
0.508791
0.498658
0.849547
1.00254
0.0800444
0.816714
0.733397
0.54843
1.03548
0.350583
0.506994
1.06276
0.776879
0.43678
0.260648
0.773828
0.852632
0.781417
0.770413
0.315409
0.491505
0.538992
0.424635
0.424466
0.519174
1.18566
0.93941
0.53636
0.354666
0.530432
0.438687
1.01555
0.362245
0.477712
0.732599
0.472596
0.372626
0.848544
0.381738
0.426881
0.658124
0.813628
0.47444
0.342653
0.672862
0.487132
0.156973
1.11963
0.350714
0.381872
0.360672
0.432033
0.960209
0.823564
0.402045
0.404415
0.366944
0.403985
0.0634841
0.913205
0.786717
0.203375
0.562747
0.286523
0.524607
0.577111
0.556883
0.448336
0.234993
0.539737
0.224022
0.188599
0.847816
1.10482
0.715549
0.542739
0.867548
0.799492
0.775484
0.538514
1.06513
0.447155
1.03595
0.71916
0.592323
0.454026
0.54831
0.526344
0.612606
0.872264
0.462743
1.15966
0.395106
0.504025
0.741056
0.617624
0.645699
0.65788
0.536215
0.35362
0.35741
0.49923
0.288326
0.157487
0.741007
0.823493
0.72493
0.53421
0.297607
0.279829
0.782232
0.467368
0.75738
0.477707
0.709612
0.469051
0.601876
0.379047
0.291251
0.213569
0.164998
0.251302
0.539498
0.829117
0.32994
0.948
0.626453
0.233329
0.521465
0.297332
0.644617
1.34382
0.926971
0.199557
0.9673
0.26141
0.690027
0.488018
0.636393
0.620217
0.61933
0.456785
0.595834
0.505556
0.775114
0.69004
0.487602
0.799031
0.29667
0.215636
0.9879
0.374787
0.0443846
1.19585
0.848935
0.495254
0.65987
0.591715
1.02184
0.349503
0.334843
1.07869
0.522264
0.340755
0.492001
0.435591
0.539472
0.762831
0.902601
0.76743
0.304246
0.347353
0.659105
0.780853
1.09114
0.453227
0.628011
0.875789
0.235183
0.342976
0.73195
0.701753
0.9355
0.350825
0.668238
0.653837
0.54082
0.555093
0.70169
0.309369
0.722812
0.656868
0.741941
0.506012
0.712648
0.832142
0.734769
0.257966
0.432061
0.668495
1.07555
0.87198
1.09672
0.677384
0.438027
0.506954
0.325512
0.980983
0.276108
0.498047
0.630894
0.491249
0.711748
0.563973
0.644878
0.505701
0.373178
0.777344
0.52677
0.896296
0.548307
0.703845
0.166968
0.665602
0.301316
0.545601
0.586716
0.53581
0.746966
0.598076
0.794938
0.625037
0.898354
0.855707
0.479073
0.381604
0.99861
0.480033
0.837283
0.508125
0.736319
1.16573
1.4272
0.543681
0.652292
0.900926
0.521184
0.598033
1.05535
0.280015
0.541683
1.03669
0.406392
0.459605
1.21981
0.813459
0.548572
0.796544
0.581822
0.632138
0.683163
1.25611
0.553818
0.809389
0.749689
0.556988
0.533042
0.685971
0.63928
0.422323
0.202741
0.772846
0.95603
0.942803
0.916476
0.58089
0.871893
0.277651
0.899083
0.417022
0.69704
0.550302
1.1757
0.510576
0.638682
0.771123
0.439269
0.184342
0.418534
0.648538
0.362305
0.707649
0.391949
0.54658
0.617471
0.410171
0.450242
0.54627
0.882611
0.277711
0.723699
0.31332
0.206575
0.722807
0.737256
0.407544
0.203046
0.631634
0.424674
0.7954
0.517481
0.438475
0.975572
0.0913103
0.921794
0.782652
0.53278
0.43079
0.701201
0.274191
0.121432
0.468725
0.169889
0.30394
0.187142
0.551982
1.02254
0.410751
0.389753
0.98529
0.661072
0.868829
0.756224
0.280617
0.982348
0.768526
0.633763
0.805641
0.545647
0.35413
0.622372
0.828529
0.60608
0.468922
0.607087
0.312512
0.261295
0.638046
0.364552
0.777997
0.361334
0.122117
0.666213
0.702935
0.607086
0.882935
0.457757
0.612888
0.501345
0.595628
0.914907
0.683192
0.589869
0.293997
0.647809
0.643622
0.813281
0.533136
0.662032
0.611684
0.471855
0.432149
0.430447
0.313209
0.163172
0.172194
0.993143
0.97561
0.879464
1.01545
0.746437
0.640638
1.1198
0.812081
0.723933
0.535828
0.308654
0.910492
0.676014
1.07487
0.452641
0.774985
0.719823
0.571977
0.121393
0.812647
0.348309
0.647844
0.841536
0.437072
0.613893
0.905459
0.569374
1.00767
0.502491
0.843513
0.456154
0.532127
0.772965
0.201303
1.04707
0.499736
0.873219
0.596219
0.613809
0.632328
0.453281
0.388682
0.185242
0.577387
0.696379
0.806957
0.535561
0.420064
0.676357
0.578096
0.843239
0.858085
0.594417
0.635622
0.461867
0.439229
0.397207
0.677998
0.554145
1.32805
0.457177
0.737427
0.868508
0.487905
0.839751
0.390774
0.55463
0.245295
0.755902
0.7743
0.469276
0.774799
0.646846
0.451091
0.639021
0.710456
0.538397
0.547873
0.657579
0.256829
0.553304
0.611602
0.777309
0.872154
1.0994
0.660773
0.603863
0.615427
0.691426
0.462419
0.678674
0.577962
0.273534
0.267594
0.767378
0.566343
0.393766
0.572213
0.570389
0.880404
0.78456
0.453013
0.520558
0.349454
0.819781
0.477797
0.613674
0.212649
0.864642
0.497066
0.641492
0.605235
0.643175
1.02943
0.187301
0.523382
0.871195
0.647892
0.466332
0.870306
1.08931
0.766554
0.621438
0.730971
0.336023
0.602755
0.669186
0.400725
0.560721
0.670919
0.701306
0.709044
0.385898
0.99906
0.865403
0.570251
0.626294
0.39649
1.20376
0.640511
0.529374
0.512597
0.413531
0.485061
0.392446
0.501372
0.301578
0.254397
1.10602
0.824545
0.182178
0.366978
0.584117
0.919001
0.457013
0.627563
0.519719
0.61554
0.350825
0.521352
0.140352
0.292961
0.346777
1.36071
0.681648
0.487449
0.747558
0.531645
0.288613
0.648141
0.516335
0.564791
0.380441
0.628206
0.483775
0.233069
0.526159
0.226177
0.974791
0.823401
0.739413
0.738991
0.138478
1.01813
0.61033
0.700933
0.643419
0.534586
0.386961
1.06258
1.05308
0.694854
0.316324
1.04975
0.338582
0.95744
0.566763
1.00283
0.220414
0.814952
1.05765
0.352031
0.719094
0.411622
0.651587
0.597604
0.664777
0.608645
0.782621
0.820708
0.456487
1.02096
0.679701
0.760378
0.701208
0.472773
0.918435
1.1671
0.537868
0.559742
0.879159
0.869898
0.769253
0.56507
0.24481
0.675934
0.49982
0.734447
0.330535
0.59325
0.531528
0.789442
0.560881
0.384934
0.734534
1.02514
0.423734
0.628125
0.496995
0.178559
0.670666
0.608189
0.504038
0.478707
