1.2312
1.02772
0.585185
0.777875
0.400833
0.522722
0.800133
0.649342
0.672573
0.7876
0.279131
1.06826
0.479148
0.737796
0.468492
0.419079
0.536673
0.907806
0.581588
0.51079
0.777476
0.952677
0.653072
0.816621
0.235176
1.10043
0.207082
0.575985
0.550249
1.07647
0.799824
0.526726
1.2889
0.405949
0.327039
0.577804
0.592987
0.420789
0.378215
0.794606
0.470815
0.403504
0.99822
0.510443
0.481443
0.244473
1.07726
0.794633
0.986253
0.349046
0.931355
0.567271
1.22996
0.503691
0.560617
0.360278
0.745714
0.886068
0.395735
0.510523
0.652795
0.8223
0.674648
0.741036
0.220848
0.559812
0.826961
1.03781
0.641079
0.670293
0.892544
0.951003
0.913817
1.1006
0.835404
0.666108
0.45373
0.857819
0.515227
0.622882
0.62621
0.866611
0.677555
0.432772
0.519213
0.498232
0.566853
0.824489
0.212442
0.418788
0.717469
0.593386
0.386639
0.772572
0.42461
0.441133
0.667319
0.397161
0.836285
0.654191
0.507161
0.603543
0.867134
1.03512
0.602942
0.677711
0.704698
0.554996
0.323015
0.547946
0.45617
0.534347
0.556605
0.467733
0.362729
0.374948
1.03882
0.736332
0.457724
0.804104
1.09161
0.398835
0.976603
0.652736
0.791329
0.301182
0.552941
0.391778
0.780572
0.240237
0.847706
0.617546
0.355993
0.380247
0.539955
0.685826
0.901913
0.34708
0.622736
0.768624
1.04656
0.584108
0.77523
0.201299
0.411406
0.485179
0.615067
0.129627
0.832715
0.966398
0.663705
0.324987
0.60484
0.462802
0.491186
0.278348
0.434508
0.475825
0.174109
0.252187
0.314591
0.579309
0.200613
0.434213
0.276842
0.205686
0.475065
0.419946
0.926982
0.686807
0.515786
0.229787
0.496775
1.04357
0.17724
0.80868
0.784191
0.621711
0.378633
0.827923
0.271398
0.750137
0.49392
0.683099
0.404715
0.930285
0.275087
0.308922
0.666576
0.679275
0.148558
0.951517
0.756162
0.799355
0.813682
1.27986
0.495884
0.23405
0.708266
0.664371
1.00674
0.896492
0.601451
0.780458
0.777821
0.23674
0.594759
0.504378
0.357647
0.416852
1.15367
0.176042
0.402445
1.02313
0.378563
0.606908
0.817929
1.02275
0.420427
0.350381
0.641018
1.14891
0.973537
1.10004
0.317798
0.358421
0.618817
0.237341
1.03158
0.47675
0.561418
0.344078
1.11063
0.780522
0.187956
0.424925
0.31605
0.255874
0.320931
0.189985
0.318787
0.3641
1.0603
0.356425
0.537084
0.515097
0.33997
0.518277
0.452444
0.484345
0.486983
0.561341
1.04715
0.622789
0.513399
0.710909
0.878078
0.369463
0.648529
0.512991
0.911705
0.457576
0.386318
0.548313
0.724038
0.428153
0.495916
0.636438
0.499986
0.34523
0.56762
1.13133
1.08504
0.425204
1.20906
0.8926
0.353496
0.380384
0.875583
0.528848
0.69554
0.837115
0.6313
0.838894
0.734107
0.346258
0.634453
0.614552
0.202952
0.483695
0.51505
0.485481
0.747435
0.534416
0.761867
0.557239
0.383233
1.11969
0.219677
0.193097
0.280722
0.527267
0.921288
0.344058
0.581683
0.70066
0.633144
0.994087
1.16256
0.351335
0.438824
0.406273
0.683194
0.35564
0.208176
0.517426
0.830472
0.708784
0.42782
0.990131
0.51841
0.435512
1.27019
0.63833
0.51362
1.04072
0.148598
0.881988
0.198816
0.521177
0.634483
0.528006
0.377449
0.978793
0.756985
1.21517
0.322841
0.493346
0.582821
0.618173
0.845599
0.435219
0.479648
0.342579
0.986365
0.427801
0.655929
0.483438
0.553429
0.221614
0.585051
0.804713
0.516177
0.792775
0.185077
0.653147
0.339827
0.708544
0.400406
0.800253
0.634173
0.27828
0.400715
0.547795
0.773649
0.838561
0.484606
0.93529
0.498525
0.591361
0.349549
0.154651
0.384756
0.696539
0.487896
0.810315
0.293727
1.02963
0.431717
0.728301
0.345688
0.319777
0.403364
0.638857
0.726081
0.488654
0.781704
0.710318
0.961192
0.78939
0.579412
0.779399
0.727649
0.769089
0.443458
0.439493
0.392737
0.338259
0.841819
0.595036
0.778028
0.679619
0.654002
0.905833
0.316458
0.266674
1.09672
0.392307
0.465041
0.526456
0.679178
0.643531
0.516259
0.670214
0.189011
0.390564
0.362021
0.627795
0.50921
0.231185
0.415808
0.447219
0.710911
0.552338
0.373277
0.63111
0.813169
0.377348
1.04309
1.02135
0.636685
0.2814
0.464394
0.953801
0.581067
0.145154
0.317138
0.515785
0.859438
0.546816
0.502527
0.549013
0.452633
0.559816
0.372579
0.708101
0.361041
0.507097
0.472119
0.363175
0.330798
0.804914
0.324736
0.338604
0.411374
0.761192
0.48418
0.409962
0.98932
0.328263
0.459464
0.716189
1.00419
0.742968
0.453839
0.640114
0.700335
0.486134
0.580358
0.895262
0.537836
0.35276
0.844359
0.565132
0.766293
0.659286
0.319453
0.537806
0.867424
0.512299
0.688977
0.435277
0.197834
0.797876
0.521778
0.58968
0.496983
1.02016
0.866185
1.09998
0.734498
0.551966
0.620958
0.505251
0.8296
0.585049
0.962422
0.837473
0.530588
0.162375
0.365615
0.345261
0.287343
0.597789
0.377353
0.706011
0.605365
0.783197
0.689502
0.793138
0.849813
0.338509
0.793756
1.08449
0.381702
0.11927
0.391381
0.65885
0.48808
0.570317
0.607119
0.778251
0.629649
0.681877
0.47954
0.572355
0.338205
0.866988
1.14782
1.27451
0.515336
0.477797
0.879142
0.618623
0.557808
0.726721
0.60001
0.870764
0.446191
0.159011
0.443764
0.547993
1.1578
0.53849
1.1654
0.702471
0.325182
0.346132
0.33293
0.989966
0.502772
0.463846
0.435369
1.17866
1.21851
0.6179
0.707046
1.2656
0.371416
0.380252
0.396398
0.323104
0.236367
0.785829
0.980728
0.600984
0.95006
0.945386
0.487071
0.941685
0.598351
0.541789
0.307958
0.590671
0.58769
0.314081
0.568374
0.520659
0.269033
0.703347
0.679615
0.361654
0.917752
0.700003
0.126872
0.498742
0.76734
0.222853
0.814737
0.610801
0.322578
0.861498
0.297525
0.661238
0.433355
0.881088
0.654615
0.544265
0.375833
0.202034
0.847671
1.12754
0.305938
1.12915
0.969509
0.323134
0.875257
0.462926
0.708574
0.645748
0.253904
0.222656
0.385972
0.704585
0.782525
0.30068
0.596555
0.660427
0.872025
0.974964
0.587228
0.972299
0.864525
0.985334
0.436142
0.447247
0.225958
0.830609
0.536211
0.381871
0.380015
0.704953
0.552187
0.591621
0.982669
0.34042
0.62137
0.865927
0.356848
0.54224
0.583981
0.555038
0.163092
0.710546
0.440566
0.414594
0.602967
1.04138
0.613328
0.854754
0.743854
0.52579
0.35092
0.676159
0.317134
0.428896
0.529482
0.571332
0.53176
1.16379
0.527586
0.271243
0.814872
0.296279
0.617051
0.302444
0.373368
0.298903
0.465119
1.17512
0.667289
1.02628
0.47735
0.852103
0.825831
0.218003
0.456216
0.676476
0.712849
0.661286
0.400025
0.299539
0.700759
0.44875
0.653671
0.548331
0.442921
0.660231
0.598407
0.709203
0.763836
0.448674
0.381488
0.854457
0.504729
0.739234
0.675791
0.422627
0.0838529
0.79092
0.260843
0.913463
0.353073
0.746359
0.768217
0.868634
0.597054
0.544878
0.37424
0.723009
0.619708
0.529351
0.822192
0.432765
0.875863
0.723297
0.93207
0.136668
0.545075
1.01132
0.794978
0.779672
1.00708
0.887839
0.943369
0.421661
0.720289
0.719256
0.49889
0.742712
0.776312
0.564982
0.331818
0.692738
0.508896
0.563755
0.0679764
0.549631
0.719994
0.88657
0.154997
0.405195
0.273144
0.666754
0.717502
0.515797
0.785513
0.245933
0.703213
0.862996
0.611222
0.578001
0.371535
1.04887
0.684161
0.123807
0.421607
1.02078
0.566924
0.975832
0.66858
0.404558
1.05358
0.893464
0.801699
0.571262
0.824828
0.739753
0.547985
0.428523
0.477938
0.667028
0.260445
0.408418
0.593473
0.40898
0.808836
0.655468
0.571692
0.7169
0.910994
0.75543
0.825015
0.989109
0.91453
0.682162
0.584578
0.768601
0.415116
0.293269
1.08361
0.299258
0.170355
0.51543
1.03267
0.267697
0.355914
0.231029
0.43058
1.06574
0.67176
0.384186
0.683111
0.204286
0.414136
0.588722
0.158525
0.621594
0.569448
0.309436
0.600502
0.274034
0.684792
0.386068
0.556343
0.290967
0.543615
1.01398
0.297894
0.582484
0.515273
0.725667
0.910317
0.416013
0.554479
0.421214
1.04635
0.35873
0.622972
0.755939
0.469473
0.579764
1.12343
0.61308
0.40811
0.589953
0.771268
0.553357
1.15564
0.766214
0.458267
0.432443
1.04406
0.073469
0.626141
0.638251
0.924492
0.699647
0.434434
0.236329
0.259876
0.825737
0.460173
1.02362
0.654501
0.421772
0.54724
0.543834
0.418419
0.531
0.16047
0.842807
0.572093
0.248849
1.06768
0.385806
0.865387
0.897447
0.858203
0.401958
1.23243
0.866103
0.277135
0.269295
0.628861
0.322738
0.648113
0.704544
0.558653
0.760558
0.778169
0.431843
0.719677
0.813026
0.816442
0.301614
0.911155
0.0256337
0.309971
0.753915
0.581992
0.571791
0.828316
0.492677
0.799478
0.923813
0.557006
0.503925
0.811643
0.925447
0.656043
0.797166
0.558057
0.73396
0.36252
0.850895
0.217212
0.757692
0.817742
0.960264
0.321776
1.14595
0.788337
0.201306
0.842124
0.363491
1.20913
1.26075
0.602295
0.434511
0.449752
0.914027
0.421149
0.203399
0.769852
0.450822
0.37114
0.819963
0.782515
0.303709
0.841228
0.592165
0.567677
0.597685
0.273473
0.712541
0.833957
0.443583
1.14389
0.52498
0.351592
0.346051
1.05337
0.491855
0.520617
1.09734
0.542204
0.321039
0.970074
0.551695
0.979604
0.251707
0.926808
0.451109
0.371102
0.328307
0.348274
0.452406
0.733981
0.717347
0.614704
0.581651
0.351901
0.452412
0.253497
0.233919
0.276554
0.801981
0.357567
0.53958
0.227852
0.504082
0.212701
0.775797
1.12892
0.270041
0.683953
0.324064
0.170794
0.62837
0.284539
0.698994
0.502558
0.718227
0.278974
0.605275
0.495962
0.536431
0.224254
0.548417
0.771707
0.773672
0.802817
0.750514
0.717689
0.77183
0.6483
0.134643
1.01386
0.787291
1.25118
0.377073
0.475256
0.17801
0.351408
0.97766
0.310785
0.625908
0.599897
0.610018
0.788442
0.657406
0.489508
0.800373
0.451183
0.627605
0.524315
0.921795
0.977713
0.987277
0.517665
1.05546
0.926808
1.10303
0.713188
1.10272
0.0977629
0.348704
0.780497
0.385867
0.925548
0.839089
0.30735
0.864905
0.695479
0.639871
0.594172
0.67929
1.08367
1.34648
0.449974
1.09382
0.518449
0.874279
1.07641
0.600634
0.902491
0.592996
0.517943
1.26707
0.241272
0.702862
0.479862
0.547212
0.437277
0.63671
0.623713
0.358948
1.09864
0.47486
0.669844
0.356956
0.553965
0.475967
0.388622
0.44345
0.821994
0.916776
0.322557
0.379398
0.327267
0.928447
1.04486
0.725201
0.175403
0.564757
0.691928
0.43508
0.248837
0.549617
0.490474
0.699664
0.984458
0.730196
0.503964
0.35588
0.584205
0.270722
0.217789
0.229107
0.509746
0.600184
0.262803
0.366899
0.925713
0.665142
0.27844
0.173187
0.840459
0.992375
0.504781
0.774634
0.27067
0.789844
0.602544
0.740115
0.776479
1.33246
0.713712
0.274485
0.886276
0.534308
0.430929
0.623015
0.24241
0.472194
0.794376
0.340924
0.967523
0.565412
0.674642
0.190787
0.192333
0.477227
0.521645
0.561666
0.571134
0.886035
0.27676
0.434513
0.586186
0.849968
0.238373
1.09329
0.701021
0.911688
1.42538
0.621247
0.578327
0.259316
0.560327
0.502964
1.08602
0.27902
0.450846
1.0988
0.852793
0.794637
0.087176
0.479945
0.491721
0.960016
0.874643
0.595568
0.385857
0.213827
0.725062
0.510045
0.725292
0.575274
0.620858
0.527021
0.442776
0.813704
0.836193
0.510162
0.625599
0.35508
0.286901
0.583504
0.599427
0.484054
0.412686
0.478242
0.697966
0.729328
0.475169
0.371262
0.941326
0.923686
0.786517
0.791164
0.918148
0.52763
0.383677
0.573003
0.080663
0.587806
0.909452
0.233589
0.170496
0.418678
0.905346
1.03246
0.810101
0.342768
0.893055
0.955668
0.565409
0.425139
0.509849
0.857849
0.355953
0.34649
0.177757
0.612526
1.02262
0.645112
0.34799
0.693455
0.648259
0.951028
0.966768
0.842615
0.274099
0.510582
0.747329
0.791268
0.795255
0.454831
0.941696
0.341751
0.618863
0.684098
1.15675
1.0383
0.96398
0.942422
0.453813
0.661214
0.911316
0.549874
0.447439
0.97156
0.853273
0.912694
0.575831
0.404508
0.502526
1.01165
0.403683
0.406719
0.227941
0.319233
0.560956
0.950891
0.103118
0.827831
0.403875
1.05504
0.454795
0.825667
0.537668
0.743905
0.817963
0.53594
0.503226
0.518039
0.657354
0.993504
0.177951
0.750503
1.02844
0.674106
0.51424
0.60381
0.294903
0.747919
0.518342
0.484338
0.934961
0.354773
0.308713
0.400159
0.382407
0.313266
0.618603
0.715657
0.881068
0.863794
0.39751
0.575425
0.457413
0.533007
0.705308
0.637607
0.484628
0.432128
0.528134
0.605483
0.538861
0.0830727
0.261641
0.25676
0.386612
0.392883
0.316518
0.305568
0.449954
0.968372
0.271886
0.461092
0.168916
0.877004
0.591924
0.329746
0.528641
0.86767
0.738971
0.683211
0.814814
0.339657
0.543677
0.35809
0.655042
0.533311
1.2413
0.580375
0.465678
0.737176
0.387095
0.619409
0.536397
0.389387
0.698134
0.598131
0.276526
0.643023
0.456347
0.425737
0.450965
0.764904
0.663049
0.390729
0.50577
0.47038
0.61941
1.09898
0.45358
0.61354
0.834386
0.611395
0.47528
0.673843
0.513834
0.696258
0.778526
0.56515
0.431407
0.495643
0.464708
0.268974
0.340767
0.278649
0.378897
0.565684
0.400902
0.503185
0.12721
0.2991
0.214026
0.603742
0.430725
1.02473
0.836058
0.28314
0.316176
0.895049
0.361742
0.244863
0.530028
0.558339
0.750116
1.00529
0.476722
0.394296
0.393879
0.694692
0.83772
0.743976
0.313925
0.26926
0.430774
0.732941
0.500538
0.573685
0.327297
0.596905
0.399943
0.62296
0.314546
0.618685
0.611172
0.415983
0.573194
0.768379
1.08595
0.357953
0.606596
0.553722
0.498778
0.521619
0.306369
0.312729
0.275151
0.790669
0.542605
0.746845
1.05885
0.740192
0.97397
0.575364
0.46257
0.55094
0.355036
0.97945
0.589134
0.40873
0.580443
0.271401
0.624195
0.601117
0.748113
0.639079
0.420341
0.357781
0.35623
0.819544
1.11992
0.277769
0.821633
0.358961
0.427011
0.693992
0.232432
0.820846
0.394159
0.868376
0.706084
0.980465
0.769694
0.544156
0.497509
0.384751
0.585293
0.669694
0.511448
1.01546
0.469226
0.898927
0.974962
0.683473
0.981208
0.561635
0.990631
0.411218
0.40966
0.824548
0.24035
0.530289
0.782679
0.813799
0.684547
0.850242
0.420815
0.601358
0.166127
0.559188
0.625423
0.942091
0.738834
0.873447
0.581294
0.339981
0.51959
0.137201
0.628619
0.7328
0.698215
0.600748
0.229918
0.438645
0.802914
0.759759
0.759605
0.698035
0.683963
0.283061
0.414086
0.436632
0.358005
0.335332
1.0947
0.611058
0.372788
0.69106
0.416657
0.696783
1.23009
1.00459
0.839317
1.18494
0.769098
0.890374
1.10223
0.300019
0.648058
0.50559
0.594903
0.710418
0.334417
0.784209
0.431096
0.576391
0.267845
0.513292
1.04038
0.586815
0.655163
0.615756
0.351336
0.863663
0.912929
0.843551
0.319565
0.916044
0.312703
0.670819
0.402282
0.869343
0.483415
0.399361
0.262935
0.535855
0.170675
0.525138
0.161169
0.962219
0.631507
0.186889
0.599654
0.778758
0.67019
0.581675
0.436195
0.801586
0.776576
0.794208
0.459005
0.398535
0.948344
0.508137
0.72623
0.321756
1.23331
0.53619
0.533777
0.479466
0.64127
0.660626
0.184026
0.395109
1.27367
0.440624
0.703055
0.607009
1.03755
0.448061
0.903244
0.330862
0.67124
0.602283
0.391458
0.700771
0.557739
0.80764
0.433368
0.963825
0.569123
0.528477
0.852514
0.221777
0.89929
0.231965
0.599074
0.497707
0.626938
0.409835
0.486961
0.781915
0.561119
0.572391
0.766743
0.273916
0.303943
0.468624
0.304654
0.407687
0.970581
0.773597
0.476005
0.649662
1.38997
1.1195
0.290903
0.615558
1.3152
0.59938
0.48062
0.773428
0.491551
0.867186
0.599841
0.357894
0.506097
0.354121
0.623646
0.634865
1.21081
0.332067
0.638808
0.894014
0.45359
1.29043
0.173087
0.485661
0.374033
0.403465
0.420404
0.162007
0.408741
1.16367
0.55213
0.739767
0.497461
0.382815
0.907572
0.799034
0.465922
0.475113
0.4096
0.189669
0.280996
0.997941
0.776115
0.312706
0.326456
0.469972
0.405142
0.582774
0.81989
0.838566
0.293588
0.82757
1.04909
0.569321
0.912577
0.785884
0.48467
0.350213
0.391403
0.888559
0.70961
0.632937
0.510957
0.463086
0.160985
0.903385
0.640603
0.465886
0.503999
0.447082
1.14986
0.581228
0.252279
0.299825
0.681684
0.278664
0.709115
0.683823
0.727856
0.530986
0.815322
0.435323
0.812786
0.607038
0.710905
0.616455
0.447871
0.524389
0.696187
0.140043
0.667259
0.863172
0.480412
0.362863
0.504834
0.594546
0.531721
0.472877
0.723679
0.471653
0.543117
0.331352
0.500069
0.537426
0.686068
0.235958
0.509096
0.641523
0.475081
1.12944
0.618563
0.695294
0.336096
0.143981
0.316521
0.403526
0.404643
0.477344
0.577588
0.651793
0.723943
1.12819
0.43165
0.451365
0.359746
0.968849
0.501143
0.312247
0.581698
0.484039
0.827641
0.696632
0.840377
0.258814
0.800582
0.565279
0.252809
0.950285
0.512712
0.956527
0.173813
0.849028
0.723991
0.34894
0.560458
0.905743
0.188869
1.04168
0.816749
0.373092
0.676115
0.83726
0.506766
0.542007
0.335499
0.897962
0.699164
0.709914
0.372286
0.38624
0.716104
0.334321
0.375223
0.706844
0.692511
0.909861
0.544711
0.970022
0.565851
0.678155
0.375562
0.731448
0.675324
0.513701
0.72174
0.839055
0.591475
0.43961
1.19252
0.654573
0.397912
0.619313
0.580243
1.1429
0.436485
0.74237
0.407036
0.448613
0.180701
0.232453
0.428996
1.27369
0.621295
1.10701
0.318671
0.716704
1.07033
0.187948
1.12401
0.617692
0.858219
0.14507
0.748114
0.694956
0.502972
0.140413
1.06255
0.459169
0.535671
0.688213
0.592635
0.730936
0.658833
0.699169
0.650157
1.1564
0.418318
1.35973
0.637544
1.12091
0.96536
0.719442
0.753352
0.548389
0.625133
0.627663
0.646886
0.667963
0.935187
0.860638
0.567926
0.314439
0.806055
1.11214
0.570365
0.398551
0.47555
0.373659
0.833109
1.03635
0.843556
0.26946
0.748737
0.675011
0.652678
0.534573
0.257136
0.621267
0.304572
0.437421
0.816704
0.68047
0.173862
0.900913
0.681433
0.428187
0.413057
0.537819
0.489633
0.671884
0.358506
0.600414
0.367186
0.331377
0.473725
0.70219
1.20389
0.469066
0.635609
0.739343
0.672937
0.972531
0.434927
0.764543
0.336374
0.0999412
0.283282
0.358204
0.345905
0.450004
0.253318
0.946028
0.672662
0.737132
0.683188
0.655956
0.343371
0.4393
0.459069
0.384862
0.923638
0.79848
0.290777
0.441969
1.13275
0.933832
0.479021
0.37251
0.565903
0.439946
0.817915
0.765275
0.643668
0.891596
0.822195
0.439495
0.309105
1.37339
0.805001
1.30869
0.652405
0.373344
0.56108
0.642739
0.805215
0.459851
0.517702
0.256251
0.286678
1.04038
0.894375
0.397703
0.777988
0.354455
0.648528
0.90208
0.572328
0.939281
0.297505
0.780263
0.253202
0.317805
0.583526
0.896819
0.768579
1.24281
1.07342
0.516967
0.551792
0.764138
0.77744
0.428242
0.367544
1.30115
0.838597
0.939553
0.813337
0.65602
0.50516
0.464363
0.513255
0.400574
0.400466
0.973779
0.693729
0.652173
0.354656
0.489353
0.3077
0.429668
0.529632
1.08481
0.992403
0.983669
0.552319
0.463733
0.856054
0.408664
0.702269
0.693056
0.665378
0.213695
0.802856
0.723404
0.329287
0.381066
0.876548
0.614611
1.07995
0.589936
0.701395
0.817051
0.13668
0.65057
1.08317
0.845757
0.468167
0.428505
0.879477
0.177576
0.227026
0.188295
0.647085
0.541854
0.292196
0.17619
0.549511
0.489857
0.489621
0.211536
0.346593
0.865452
0.561314
0.482549
0.510774
0.778738
0.583195
0.1228
0.590226
0.919347
0.585286
0.477698
0.896912
0.938906
0.616258
0.748263
0.640994
0.0849666
0.315849
1.2988
0.552096
0.47044
1.03359
0.562653
0.547419
0.587094
0.885903
0.346359
0.317245
0.632474
0.839506
0.553564
0.520034
0.554495
0.605202
0.372037
0.629635
0.415262
1.16278
0.122938
0.436159
0.451502
0.501765
0.653252
0.676595
0.94032
0.546223
0.269973
0.157843
0.828172
0.722838
0.976705
0.390607
0.425327
0.416969
0.685713
0.342882
0.359741
0.751597
1.22417
0.52284
0.65855
0.641659
0.980768
0.69895
1.11914
0.756736
0.680245
0.605151
0.654553
0.698445
0.421042
1.14868
0.836366
0.471589
0.484304
0.43793
0.674605
0.679257
0.367414
0.315848
0.51452
0.920748
0.961433
0.821947
0.710981
0.722537
0.988383
0.607447
0.459277
0.613986
0.56402
0.487177
0.418853
0.270333
0.694243
0.534127
0.0142823
0.849296
0.32497
1.18297
0.626453
0.357912
0.364958
0.800689
0.915007
0.738544
0.951284
0.282435
0.494267
0.695668
0.715968
0.737762
0.670088
0.397679
0.676166
0.934243
0.690198
0.738356
0.508886
0.693546
0.389065
0.557292
0.895247
0.174815
0.223391
0.50012
0.549706
0.480257
0.974774
0.4401
0.550814
0.371304
0.539125
0.417552
1.11556
0.965618
0.837953
0.470999
0.573434
0.919158
0.857378
0.897914
0.696174
0.18156
0.5769
0.913499
0.941827
0.61554
0.624956
0.408849
1.00197
0.829837
0.529052
0.684049
0.776183
0.261037
0.502778
0.308249
0.536499
0.712135
0.596833
0.521385
0.351368
0.907889
0.814133
0.155817
0.489533
1.00101
0.34676
0.510074
0.882933
0.220322
0.747643
0.913259
0.331427
0.273949
0.563622
0.594001
0.192858
0.532635
0.903844
0.394995
0.978109
0.276808
0.354673
0.828991
0.264124
0.192105
0.610336
0.235482
0.892661
0.654375
0.724551
0.87658
0.732371
0.36669
0.927949
0.968851
0.797695
0.674574
0.593034
0.341759
0.552351
0.461652
0.155048
0.491025
0.997242
0.564694
0.796067
1.0059
0.418611
0.908306
0.515688
0.941771
0.510267
0.817776
0.48642
0.337193
0.587847
0.372912
0.579789
0.505865
0.842021
0.384324
0.397918
0.71269
0.405595
0.337615
0.86055
0.293049
0.131252
0.537384
0.415276
0.41764
0.545368
0.42842
0.452997
0.369393
0.657336
0.606828
0.916608
0.622605
0.432186
0.655192
0.554888
0.588983
0.502355
1.32561
0.611738
0.740785
0.187809
0.854808
0.642324
0.499416
0.797822
0.768001
0.601277
0.605248
0.430277
0.487058
0.511261
0.544707
0.606682
0.410552
1.161
0.686731
0.342934
0.580989
0.305524
0.581108
0.242011
0.331109
0.207359
0.763271
0.732541
0.156326
0.881037
0.502529
0.640486
0.537612
0.746833
0.41654
0.209562
0.654076
0.556523
0.745396
0.688
0.672092
0.861502
0.287032
1.30045
0.43292
0.936907
0.455948
0.313458
0.383362
0.76867
0.809703
0.37338
0.398059
0.60169
0.831332
0.596087
0.689076
1.18429
0.886722
0.630436
0.463852
0.342757
0.234435
0.877814
0.726423
0.343665
0.671272
0.565059
0.663435
0.863124
1.06531
1.14225
0.273564
0.918273
0.402227
0.334468
0.624521
0.992232
0.386447
0.483679
0.416181
0.499725
0.360611
0.502078
0.886229
0.719567
0.520047
0.708709
0.901181
0.574188
0.652414
0.547496
0.0711482
0.814794
0.996491
0.438966
0.633026
0.337333
0.647799
0.547232
0.577461
0.383975
0.538574
0.527518
0.537019
0.580464
0.558849
0.655153
0.587654
0.685871
0.245892
0.412688
0.532503
0.727824
0.735111
0.460672
0.743161
0.488867
0.594571
1.00884
0.290974
0.778938
0.647334
0.407072
0.779199
0.773003
0.754611
0.379488
1.36269
0.788382
0.339814
0.231996
0.433187
0.892492
0.570831
0.320865
0.337917
0.301161
0.36264
0.283208
1.3682
0.121877
0.354196
0.864654
0.457788
1.18942
0.480659
0.594955
0.561087
0.192115
0.7986
0.849586
0.270145
0.673367
0.722736
1.00246
0.546455
1.10443
0.715015
0.485231
0.808274
1.04626
0.449705
0.67301
0.565007
0.720745
0.209281
0.193141
0.812542
0.509787
0.242594
0.770625
0.67052
0.33722
0.767181
0.376702
0.728133
1.14917
0.593096
0.489611
1.21896
0.863718
0.663168
0.346864
0.450711
0.764409
0.879548
0.926117
0.194878
0.475026
0.519064
0.149111
0.681134
0.452159
0.825236
0.629673
0.779583
0.442122
0.597054
0.695855
0.751601
0.443901
0.622825
0.526476
0.576138
0.590789
0.728522
0.374035
0.623961
0.734003
0.483331
0.635795
0.780437
1.28235
0.671541
0.505287
0.596926
0.406383
0.540376
0.386338
0.295159
1.05065
0.645435
0.412993
0.563119
0.78776
0.49834
0.688422
1.03349
0.604938
0.311133
0.25881
0.392809
0.621085
0.431346
0.171284
0.637325
0.327373
0.428886
0.591667
0.48541
0.564508
0.61628
0.90523
0.362971
0.51292
0.520533
0.970187
0.337159
0.356124
0.908474
0.422303
0.324153
0.252725
0.598924
0.951237
1.06405
0.508696
0.494209
0.73593
0.472021
1.01885
0.432538
0.477135
0.499233
0.32185
0.659016
1.09542
0.953434
0.76022
0.470359
0.44463
0.698322
1.01121
0.622875
0.611875
0.370909
0.49462
0.407877
0.356652
0.250876
0.774531
1.05813
0.438354
0.929021
0.953613
0.808458
0.348675
0.625445
0.62107
0.615458
0.547305
0.632115
1.00431
0.688432
0.569172
0.617693
0.339078
0.766296
0.671455
0.222598
0.782199
0.68912
0.41384
0.804768
1.01884
0.502785
1.29827
0.772907
0.218706
0.517471
0.706648
0.966718
1.41993
0.81913
0.285806
0.404264
0.40254
0.35422
0.392283
0.527947
0.273613
0.556588
1.23456
0.447894
0.550851
0.46594
0.651169
0.283158
0.440079
0.74584
1.24667
0.42694
0.526605
1.06723
0.561076
0.0567623
0.890848
0.868823
0.432844
0.208373
0.548041
0.576449
0.340116
0.805209
0.396936
0.551962
1.02994
0.965418
0.876794
0.341299
0.600519
0.602625
0.48698
0.455552
0.705485
0.368726
0.47296
0.485618
0.576696
0.168981
0.721646
0.189904
0.901799
0.680452
0.4057
0.406991
1.14384
1.01239
0.770342
0.492523
0.728724
0.4674
0.896622
0.465133
1.05664
0.379478
0.158927
0.64273
0.810076
0.614545
0.417378
1.05148
0.749035
0.835333
0.426928
0.395484
0.708715
0.427481
0.382735
0.789011
0.614189
0.516385
0.786486
0.526693
0.451612
0.45181
0.451102
0.189725
1.02909
0.729864
0.469993
0.747318
0.731693
0.483652
0.317077
0.363154
0.582978
0.5989
0.420982
0.817176
0.646693
0.252127
0.528821
0.669329
0.49629
0.85347
1.1933
0.447318
0.971176
0.531057
0.242746
0.391831
0.505693
0.300045
0.244447
0.506422
0.320372
0.638141
0.284279
0.9042
0.613964
0.656985
0.373162
0.643472
0.395883
0.402429
0.576497
0.735597
0.802788
0.516666
0.572387
0.394091
0.982088
0.951432
0.639094
0.403954
0.553902
0.841736
0.577466
0.666539
0.638982
0.501498
1.20577
0.621524
0.245676
0.282181
0.872862
0.303286
0.552551
0.831868
0.777995
0.0789273
0.83162
0.506993
0.440285
0.814836
0.486939
0.578232
0.636144
0.785655
1.10716
0.536751
0.73865
0.798054
0.372235
0.741466
0.392079
0.863066
0.550123
0.548681
0.0990542
0.96237
1.02889
0.500368
1.09376
0.655989
0.659904
1.02372
0.193382
0.844497
0.789213
0.456532
0.256156
0.541086
0.252003
0.358075
0.688438
0.789578
0.364785
0.477219
0.351997
0.762139
0.405485
0.382521
0.762243
0.530385
0.660988
0.439658
0.833649
0.235163
0.706107
0.181162
0.482318
0.639469
0.878542
0.384342
0.495621
0.900514
0.536393
0.413087
0.363949
1.10128
0.470857
0.554451
0.69961
1.19374
0.588521
1.10248
0.633487
0.452072
0.55423
0.249164
0.871018
0.290532
0.258341
0.827992
0.915738
0.95792
0.792864
0.430347
0.457106
0.502418
0.593495
0.376326
0.789948
0.908163
0.931985
0.538336
0.622883
0.448212
0.522435
0.613392
0.847643
0.63288
0.920568
0.517517
0.679997
0.371132
0.397403
0.73942
1.08574
0.762608
0.762885
0.891912
0.371822
0.528639
0.599717
0.300672
0.418048
0.661157
0.142124
0.699709
0.949187
0.59637
0.439274
0.233064
0.814854
0.829207
0.645239
0.853729
0.564276
0.878922
0.26508
0.895785
0.459229
0.772007
0.782529
0.632438
0.253921
0.347275
0.469559
0.846255
0.492289
0.411612
1.00359
0.670411
0.156111
0.424616
0.446365
0.0849674
0.564648
0.536409
0.930712
0.213218
1.09223
0.874236
0.340427
0.162516
0.845813
0.59322
1.07972
0.492556
0.517275
0.852931
0.985904
0.893206
0.685828
0.284446
0.634898
0.552743
1.18006
0.432259
0.454949
0.465453
0.178804
0.799301
0.381067
0.857057
0.522547
0.248801
0.456028
0.541484
0.249925
0.473007
0.984769
0.443845
0.833715
0.935889
0.809112
0.372638
0.479
0.63985
0.559985
0.820247
0.848286
0.23331
0.907359
0.697362
0.413764
0.985005
1.1338
0.609383
0.625819
0.417743
0.77465
0.84133
0.997757
0.815587
0.755122
0.572449
0.908881
0.774525
0.796409
0.48213
0.679514
1.094
0.659658
0.353861
1.13477
0.323
0.38806
0.385513
0.425267
0.930628
0.472124
0.877019
0.758106
0.733021
0.288534
0.752235
0.636892
0.645968
0.490767
0.302547
0.902372
0.445515
0.52163
