0.74546
0.257456
1.02637
0.55816
0.925567
1.08928
0.689876
0.518138
1.00576
0.714982
1.14543
0.552595
0.417855
0.835246
0.706373
0.64806
0.256277
0.880039
0.460706
0.947646
0.292188
0.855812
0.319223
0.871717
0.912952
0.565349
0.714344
1.39859
0.201844
0.330991
0.487019
0.899081
0.463461
0.5149
0.989142
0.852465
0.728004
0.521469
0.76316
0.772022
0.506857
0.84363
0.619484
0.393775
1.17648
0.555266
0.328001
0.409095
0.95592
0.778665
0.990937
0.782311
0.715136
0.457441
0.543426
0.457753
0.402403
0.325972
0.53811
1.16347
0.337926
0.697914
0.431472
0.49491
0.994883
1.14599
0.821126
0.403449
0.766608
0.883506
0.770972
0.990715
0.829451
0.554976
0.373419
0.786255
0.658342
0.291349
0.78694
0.606372
0.256113
0.620144
1.24089
0.683718
0.592462
0.625008
0.764289
0.488643
0.308206
0.757053
0.341358
0.85553
0.688977
1.05947
0.795848
0.598734
0.653651
0.656517
0.436189
0.568984
0.156411
0.658099
0.951992
0.839503
0.892549
0.573218
0.149742
0.565184
0.838837
0.631994
1.17156
0.815089
1.20012
1.02817
0.494781
0.53371
0.535203
1.09024
0.945805
0.800315
0.713352
0.974238
0.655487
0.909942
0.601571
0.591618
0.644981
0.580725
0.85092
0.322215
1.03767
0.758055
1.11659
0.786515
0.330878
0.603043
0.920578
0.492665
0.891067
1.08303
1.21154
0.85356
0.834931
0.301394
0.886325
0.686493
0.628129
0.542096
0.791168
0.523764
0.893116
0.608081
0.832497
1.01106
0.495736
0.375094
1.00327
0.433694
0.825665
1.17748
0.924193
0.74134
0.65951
0.507324
0.754408
0.683981
1.02984
0.834173
0.529944
0.385282
0.304065
0.414782
0.743319
0.94187
0.697784
1.17605
0.640496
0.957954
1.18833
0.382695
1.14899
0.163109
0.889315
0.74825
0.905312
0.647105
0.497152
0.236325
0.0638609
0.916243
0.821939
0.934575
0.490592
0.772744
0.844829
0.814124
0.870703
0.79424
1.0416
0.825114
0.307599
0.166395
0.535449
0.650264
0.622777
0.5396
0.681285
0.793647
0.651689
0.857031
0.601977
0.97974
0.749102
0.859035
1.10516
0.567463
1.0123
0.705004
0.714306
0.524647
0.948443
0.919191
1.23409
0.385952
1.28552
0.802686
1.07377
0.967293
0.854473
0.670203
0.516215
1.09181
0.221564
0.424271
0.36848
0.676219
0.864563
0.270215
1.02558
0.248264
0.579195
0.755337
0.685787
0.272236
0.447205
0.518467
0.846765
0.415133
0.192246
0.991813
0.418056
0.825397
0.800437
0.73084
0.804597
0.950301
0.369218
0.378746
0.963578
1.19682
0.594224
0.85016
0.891073
0.915824
0.616353
0.612625
0.707242
1.13456
0.590297
0.982349
0.738059
0.941047
0.541002
0.652608
0.27018
1.07028
0.65922
0.810852
0.463109
0.778113
1.07712
0.244777
0.69492
0.799829
1.35517
0.238853
0.483688
0.517492
0.713685
0.813174
0.245854
0.485408
0.404104
0.67334
0.639669
0.823813
0.819239
1.17198
0.958268
0.911867
0.438055
0.498858
0.964376
0.607882
0.862559
0.805552
1.03175
0.741528
0.326477
0.996105
0.826037
0.911984
0.535325
0.91652
0.794045
0.704663
0.964932
0.0813958
0.826971
0.257055
0.715829
0.541846
1.07529
0.954626
0.83403
0.759397
0.74117
0.569521
0.909006
0.402155
1.25133
0.441891
0.246996
0.567058
0.297058
0.392801
1.18972
0.488906
0.925179
0.522846
0.689419
0.343284
0.604764
0.611821
0.46268
0.69283
0.667147
0.482706
0.911436
0.68334
1.00848
1.08159
0.507133
0.685036
0.276586
0.184292
0.685956
0.907514
0.983868
0.438039
0.659222
0.210628
0.866396
0.681882
0.661899
0.656119
0.901526
0.805571
0.761982
0.71103
0.695692
0.845955
1.15912
0.668989
0.864152
0.684053
0.86252
0.709403
0.460304
0.989536
0.679035
0.256179
0.890213
0.733321
0.606734
0.504588
0.478169
0.859766
0.556844
1.37862
0.772925
0.346195
0.91648
0.4702
0.649338
0.904506
0.690824
0.949046
0.438716
0.498194
0.88071
0.539707
0.746941
0.689255
0.705571
0.653308
0.616312
0.642017
0.903695
1.2216
0.936962
0.616338
0.523463
0.638929
0.537202
0.39986
0.318137
1.09018
0.492853
0.548302
0.214191
0.596742
0.235004
0.792646
1.27312
0.408227
0.9227
0.429691
0.986291
0.314597
0.877884
0.701693
1.00423
0.600328
1.00701
0.845031
0.39485
0.77304
0.524953
0.876995
0.735465
0.449974
0.744498
0.893307
0.744787
0.871882
0.961821
0.887703
0.547673
0.756293
1.01742
0.55445
0.467729
1.0919
0.766453
0.192469
0.189355
0.320908
0.326489
0.614494
0.751724
0.630894
1.08847
0.632592
0.225963
0.726579
0.596435
0.923896
1.07152
1.04053
0.98784
0.483714
0.923111
0.995164
0.810827
0.622158
0.402044
0.24267
0.701977
0.425951
0.375126
0.775929
0.577642
0.498709
0.409832
0.712939
0.917914
0.410152
0.564731
0.90735
0.383075
0.928603
0.817802
1.17438
0.850056
0.383652
1.13233
0.997459
0.941508
0.899816
0.71084
0.908287
0.44279
0.744736
0.809871
1.02648
0.867174
0.516859
0.451908
0.514615
0.127954
0.705899
0.963873
1.31993
0.821567
0.490448
0.349066
0.940909
0.524534
0.26942
0.721824
0.978404
0.76841
1.33254
0.751734
0.130633
1.05093
0.935028
0.605894
1.08174
0.443679
0.78331
0.795982
0.933703
0.847993
0.913476
0.685413
0.761157
0.676067
1.31662
0.811064
1.1539
0.162568
0.388436
0.659644
0.523602
0.299943
1.00754
0.680141
0.981237
0.92082
0.919547
1.11791
0.721338
0.718775
0.174326
0.527732
0.492998
0.715055
0.38939
1.08095
0.426883
0.511213
0.279472
0.30075
0.731338
1.14655
0.626999
0.290893
0.764495
0.374067
1.25899
0.841434
0.94051
0.464466
0.556471
0.973392
1.30807
0.401229
0.512925
0.44777
0.463127
0.320112
0.552864
0.816291
0.589909
0.820974
0.59762
0.652735
0.63288
0.720954
0.494076
0.253274
0.537953
0.82586
0.986294
0.870116
1.02108
0.670983
0.391485
0.24407
0.921658
0.908626
0.86146
0.556061
0.284901
0.590162
1.04479
0.843962
0.720021
1.02346
0.699217
0.77481
0.868455
0.81495
1.16545
0.778397
0.809682
0.735139
0.3607
0.331604
0.816796
0.404761
1.15574
0.513221
0.987321
0.730822
0.617041
0.58168
0.188454
0.277392
0.580903
1.29585
0.193932
0.624482
0.850709
0.433449
0.736878
1.12633
0.985443
0.811503
0.837171
1.05257
0.394407
1.07365
0.821263
0.540744
0.828159
0.43329
0.927356
0.96878
1.03289
0.678345
0.536555
1.01642
1.06002
0.748477
0.529948
0.97032
0.538469
1.26026
0.456531
0.834474
1.08334
1.29856
1.09991
0.593496
0.874805
0.793208
0.197296
0.872093
0.67177
0.532052
0.629246
0.567155
0.460596
0.700337
1.08809
0.194865
0.856062
0.465767
0.430302
0.566279
0.155137
0.638412
0.667251
0.708894
0.754055
0.587629
0.994734
1.4478
0.631739
0.388511
0.46142
0.780669
0.690589
0.485845
0.512027
0.699563
0.441962
0.439734
0.438132
0.563722
0.689868
0.960219
0.397834
0.843442
0.73391
0.529454
0.743489
1.04126
0.620946
0.937286
1.19461
0.589496
0.326215
1.40558
0.72867
0.619083
0.595166
0.667331
1.08186
0.786047
0.242825
0.669196
0.373215
0.176622
0.966595
0.431276
0.722864
0.394736
0.461497
0.908592
0.921533
0.653739
0.880003
1.0464
1.07062
0.81394
0.664264
0.343437
0.810075
1.0278
0.5695
0.832583
0.448705
0.326243
0.0842543
0.651667
0.655807
0.662726
0.799562
0.813574
0.337384
0.756205
0.206744
0.451371
0.397693
0.358933
0.546592
0.830714
0.834254
1.1021
0.727927
0.55026
1.32864
0.876921
0.786507
0.307672
0.596005
0.633015
0.333187
0.532798
0.689236
0.675439
0.536282
0.668954
0.989722
0.634513
1.21391
1.22109
0.650715
0.400986
0.329069
0.598901
0.642176
0.662665
1.0921
0.665813
0.707525
0.517947
0.602852
1.24752
1.16434
0.736829
0.323719
0.755058
0.900085
0.818619
0.833303
0.603264
0.598322
1.05742
0.207518
0.446512
0.507208
0.67352
0.599396
1.36773
0.895657
0.505562
0.898051
0.508972
0.326237
1.00902
0.741547
1.09019
0.996561
1.11199
0.257795
0.690602
0.69348
0.490317
0.717016
1.11621
0.789758
0.542435
0.427158
0.924914
0.400947
0.625044
0.980092
0.843439
0.493393
0.573368
0.817226
0.766389
1.2665
0.825516
0.73672
1.0094
1.27695
0.631475
0.865621
0.82992
0.807646
0.86358
0.954609
0.942074
0.488077
0.685151
0.626905
0.842657
0.76788
0.739105
0.736558
0.941681
1.00545
0.726954
0.521473
0.77925
1.00042
1.18785
0.5829
0.356809
0.51738
0.699474
0.929755
0.893867
1.19954
0.727745
0.542315
0.38814
0.778976
0.464101
0.337664
0.410592
0.648491
0.500868
0.540794
0.761571
0.701129
0.904139
0.193684
0.814903
0.348293
0.665858
1.15877
0.529464
0.787143
0.152553
0.661724
0.558439
0.33921
0.762525
0.83583
0.903925
0.604977
0.743872
0.438683
0.681753
0.590609
0.374486
0.709035
0.526297
0.276214
0.884721
0.802006
0.197042
1.01666
0.490946
1.03619
0.445788
0.511367
1.04633
0.938212
1.09115
0.757667
0.365526
0.245447
0.575242
0.80929
0.853943
0.520486
0.62308
0.444653
0.836186
0.806395
0.285131
0.477847
0.664543
0.532192
1.01102
0.493287
0.6303
0.995325
0.573921
1.10012
0.735121
0.551756
0.7768
0.703439
1.03847
0.772728
0.901725
0.741547
0.91818
0.66258
0.661219
0.792538
0.221598
0.547805
0.41483
0.633021
0.931801
0.883339
0.633572
0.443123
0.695438
0.402939
0.389699
0.500733
0.317991
0.646152
0.925584
0.980948
0.875883
0.952443
0.2518
0.857783
0.426285
0.927894
0.441813
0.697159
0.883439
0.745807
0.591858
0.90867
1.17695
0.698894
1.13677
0.631488
0.769978
0.723149
0.586879
0.467226
0.475512
0.833711
0.745729
0.388682
0.74982
0.584312
1.08911
0.866555
0.60009
0.85425
0.237503
0.972171
0.752771
0.813343
1.02455
0.528084
0.781055
0.562197
1.14903
0.819964
0.390361
0.372067
1.41498
0.781801
0.325224
0.738101
0.663117
1.11142
0.995161
0.522651
0.966768
1.15192
0.671257
1.13353
0.721579
0.429184
1.1219
1.29828
0.720199
0.598592
0.576774
0.927893
0.509708
0.430999
0.370354
0.473702
1.36008
0.302159
0.885618
0.417161
0.682864
0.498507
0.136302
1.29491
0.353901
0.470527
0.305849
0.341189
0.904682
0.459338
0.7841
1.06788
0.770328
0.648707
0.283463
0.618216
0.748198
0.180751
0.779616
0.689431
0.805742
0.394977
0.571517
1.14832
0.764298
0.781108
0.9187
0.71053
0.22545
0.83477
0.820384
0.665718
0.92665
0.53881
0.698379
0.595222
0.513734
1.03524
0.705071
0.491972
0.999888
0.769309
0.636447
0.956169
0.470052
0.610829
0.484827
0.942768
0.438165
0.720909
0.517485
0.457762
1.06449
0.77028
1.10153
0.192147
0.434059
1.15734
0.267778
0.402775
0.426363
0.642515
0.284822
0.566617
0.932766
0.548136
0.503078
0.607645
0.783792
0.74356
0.793173
0.759949
0.799143
0.347057
0.653147
0.835609
1.20363
0.388782
0.497021
1.39512
1.37147
0.633117
0.540013
0.997298
1.05192
0.982268
0.309222
1.26157
0.75525
0.825735
0.625073
0.796129
0.563364
0.454889
0.40624
1.12616
0.832607
0.32459
0.233941
0.640891
0.984621
0.79384
0.858808
0.755991
0.956687
0.452138
0.847304
0.718865
0.664218
1.09725
1.02064
0.817135
0.798207
0.918518
0.451507
0.209181
0.805526
0.856616
0.721426
0.851241
0.527865
0.583166
0.537049
0.734552
0.707545
0.845601
0.523163
1.2633
0.731936
0.626336
0.928806
0.753336
0.77633
0.453847
0.94127
1.18537
0.622613
0.68402
0.96593
0.590167
0.706225
1.16062
0.474499
0.316467
0.660981
0.669979
0.791055
0.945047
0.704596
1.45194
1.068
1.06011
1.19016
0.803297
0.684916
0.862458
0.935099
0.759502
0.426475
0.436168
0.844002
0.6541
0.925808
0.26472
0.896125
1.04588
0.833809
0.997157
0.598377
0.912917
0.481632
0.880639
0.698873
0.811992
0.884594
1.0271
0.665682
0.362868
0.363168
0.883237
0.810289
0.591778
0.573708
0.956854
0.906053
0.662842
0.308352
0.568164
0.451389
0.756447
0.798305
0.781589
1.10836
0.807204
0.365121
0.716102
0.649884
0.662175
1.33931
0.699767
0.829204
1.07118
1.28354
0.543039
0.715763
0.971227
1.21103
0.931493
0.716296
0.873762
0.740936
1.13256
0.715318
0.935923
0.701594
0.29293
0.993468
1.17848
0.797051
0.460447
0.70069
0.53706
0.408104
0.338871
0.50739
0.875891
1.01402
0.774458
1.03234
1.00067
0.646166
0.300685
0.865387
1.28726
0.509246
1.00018
0.729458
1.19267
0.878985
0.327812
0.61756
0.35564
0.504632
0.610191
0.978678
0.853076
0.315648
1.00349
0.544961
0.289433
0.861407
0.380722
0.775189
0.849437
0.47081
0.894154
1.45677
0.679973
0.628321
0.495047
0.567344
0.417982
0.577422
0.611416
0.470394
0.774422
0.637179
0.544077
0.943048
0.567473
1.30343
0.704756
1.0541
0.599486
0.735398
0.688207
0.594953
0.773021
1.16442
0.714818
0.870965
0.584442
0.767891
0.443044
0.273385
0.562443
0.722562
1.16442
0.287596
0.787873
0.252298
0.714412
0.600052
0.387772
0.687902
0.265296
0.629848
1.13993
0.447085
0.175176
0.948498
0.925488
0.41034
0.261568
0.507152
0.956827
0.845309
0.572321
0.780025
0.994286
0.352436
0.701039
0.203525
0.699759
0.662748
0.557035
0.397166
0.63388
0.661782
0.887462
0.925896
0.885371
0.226087
0.852914
0.878097
1.1204
0.831868
0.383781
0.434017
0.588406
0.644234
0.781774
0.282374
0.679403
0.868868
0.319323
0.75034
0.770102
0.68605
0.791881
0.62701
0.220424
0.375577
0.572322
0.549862
0.602596
1.06031
0.377377
1.13419
0.81677
1.30435
0.364072
0.863322
0.719085
0.210828
0.712883
0.344202
0.977372
0.357871
1.01628
0.792733
0.718699
0.249163
0.667945
0.822519
0.925579
0.425225
0.463704
0.859663
0.94756
0.920994
0.542165
0.782105
1.30787
0.500458
1.0676
0.418636
0.955284
0.712081
0.804303
1.16053
0.721908
0.380115
1.15115
1.03522
0.787447
0.467837
0.571519
0.520016
0.728282
0.751698
0.818469
0.744953
0.291796
0.633358
0.592715
0.813479
0.468011
0.488566
0.388914
0.273512
0.858357
1.02375
0.69181
0.385434
1.1468
0.748289
0.747468
0.689531
0.860874
0.989954
0.857402
0.237233
0.400085
1.03957
1.11944
1.18299
1.35273
0.352796
1.02296
0.248049
0.936183
0.810551
0.9768
0.383157
0.545407
0.348406
0.481369
0.575468
0.673441
1.40028
0.921437
0.336982
1.23231
0.938183
0.877066
1.28003
0.156853
0.928637
0.665682
1.1013
0.586522
0.628817
0.479798
0.565665
0.912122
0.855463
0.646067
0.86923
0.39736
0.352775
1.15622
0.50585
0.901591
0.614013
0.693877
1.08203
0.437483
0.500019
0.865326
0.596462
0.358528
0.416635
0.306789
0.943497
0.588273
0.943137
0.928453
0.91351
0.930512
0.287869
0.679312
0.435886
0.716323
0.535002
0.903785
0.983288
0.68745
0.803859
1.43483
1.27501
1.31797
0.953248
0.577633
0.413804
0.8377
0.739432
1.03371
1.0434
0.705081
0.645956
0.845805
0.690345
0.661449
0.607944
0.330643
0.814785
0.238033
0.575587
1.06448
0.730631
0.0344478
0.672873
0.637479
0.335928
0.858746
0.525444
0.891303
0.995401
0.338725
0.386804
1.03163
0.467392
0.341462
1.26383
1.42514
0.718281
0.685292
0.708627
0.809497
0.996562
0.539433
1.24456
0.620656
0.327005
0.214312
0.744644
0.92587
0.87215
0.726259
0.923994
1.13691
0.82266
0.549782
0.560039
1.06691
0.679799
0.863785
0.449448
0.397195
0.719584
0.74699
0.830492
0.104624
0.694469
0.637311
0.469559
0.645069
0.789532
0.555986
0.92253
1.20989
0.903642
0.710055
0.785202
0.961828
1.15105
1.0261
0.523806
0.361677
1.01094
0.94038
0.450756
0.338246
0.705336
1.20105
0.785545
1.04602
0.337424
0.57505
0.480673
1.02135
0.558333
1.20906
0.296855
0.928884
0.666791
0.925207
0.747319
0.559348
0.216614
0.771799
0.409271
0.986891
0.680056
0.547072
0.748033
1.22672
0.520231
0.974274
0.616186
0.886544
0.540498
0.512827
1.11232
0.562517
0.7971
0.895973
0.651866
0.275845
0.884285
1.16643
0.296328
1.01359
0.637436
1.06633
0.88478
0.851416
0.99939
0.330351
0.725024
0.204562
0.693398
0.974934
0.531169
0.20403
1.10305
1.13034
1.03794
0.572435
1.17828
0.630005
0.24907
0.69065
1.12281
0.402721
0.620643
0.760188
0.871648
0.700268
0.820983
0.879796
0.469392
0.54189
0.613449
0.350925
0.936737
0.779982
0.579559
0.842981
0.630562
0.358505
0.321073
0.771844
0.475527
0.825075
0.790242
0.667207
0.64787
0.546621
0.300622
0.990051
0.42876
0.833174
0.767904
0.821492
0.75344
0.681587
1.18684
1.18234
0.642842
0.0985681
1.21946
0.782344
0.793416
0.669055
0.488611
0.766374
0.918989
1.04506
0.829342
0.158203
1.04008
0.809186
1.24688
0.909538
0.551091
0.584701
1.11981
0.890146
0.543645
0.575619
0.457939
0.503623
0.864949
0.976859
0.600092
0.811511
0.798904
0.906717
1.00314
0.734374
0.62247
0.560175
0.616569
0.348449
0.470219
0.774559
0.714034
0.987198
0.693391
0.800785
0.654841
1.00957
1.15832
0.928928
0.734255
1.02767
0.532687
0.925643
0.618186
0.889808
1.27153
0.347069
1.10598
1.01152
0.417819
0.800521
0.701111
0.713127
0.558109
0.537751
0.724313
0.499651
0.913951
0.699069
0.762239
0.630426
0.521632
0.896072
0.67961
0.627629
1.02712
1.0765
0.504761
0.769229
1.08323
0.460868
1.13503
0.822066
0.931796
0.582484
1.16035
0.482976
1.24883
0.876727
1.18213
0.524837
1.23434
0.452379
1.18817
1.15178
0.328683
0.779754
0.769516
0.887888
0.579546
0.869494
1.23228
0.763616
0.675114
0.432205
0.253711
0.904296
0.724105
0.779762
0.286556
0.549155
1.09788
0.679058
1.3206
0.6475
0.433615
0.667392
0.42848
0.523021
0.859248
0.384832
0.836488
1.10422
1.29346
0.892868
1.05418
0.923825
0.853947
0.672309
0.541109
0.283386
0.829845
0.315036
0.52666
0.453694
0.545847
0.800357
0.444432
1.11969
0.552258
0.423796
0.520041
0.803348
0.807743
0.473545
0.889282
1.08518
0.72609
0.706512
0.675024
0.907527
0.92947
0.500201
0.507638
0.14602
0.775064
0.46992
0.91465
0.714947
0.467711
0.326555
0.632572
0.838542
0.479937
0.916954
1.26338
0.540273
0.780238
0.511345
0.977004
0.58468
0.839291
0.644352
0.702455
0.645041
0.791282
0.389497
0.640571
0.785105
0.58832
0.736381
1.41629
0.653856
0.607128
0.68344
1.17432
0.557284
0.605884
0.603408
0.741645
0.777195
0.409703
1.15817
0.717319
0.665581
0.941708
0.459841
0.749685
0.585123
0.729503
0.670634
0.866976
0.848623
0.905717
0.724684
0.704181
0.923918
1.03778
0.387264
0.747577
1.07897
1.30017
1.05193
0.845449
0.823711
0.42929
0.479152
0.502286
0.779282
0.427136
0.623695
0.43391
1.02976
0.767949
1.14703
0.578256
1.02952
0.858775
0.675885
0.55566
0.173076
0.623699
0.320519
0.688247
1.05624
0.850623
0.653945
0.568898
0.809031
0.475789
0.686675
0.384793
0.734241
0.587065
0.511793
1.02956
0.745638
0.88489
0.716518
0.999646
0.510619
0.673019
0.829468
0.394125
1.08403
0.850297
0.348268
0.354498
0.594042
1.33571
0.631179
0.45318
0.982508
0.830902
0.824407
0.47164
0.476466
0.736028
0.556334
0.215078
0.447465
0.286049
0.725821
0.491482
0.357885
0.418541
0.771501
0.91478
0.375701
0.808241
0.613401
0.633317
1.06973
0.731357
0.587663
0.750407
0.938718
0.399555
0.670498
0.81827
0.201743
0.760125
0.803505
0.8281
0.577916
1.05654
0.945883
0.638456
1.30208
0.561708
1.34542
0.263846
1.05234
0.220752
0.750351
0.877804
0.962836
1.08833
0.573226
1.24138
0.804974
1.08326
0.495017
1.09713
0.395214
0.577066
0.906009
0.802765
0.0888036
0.182314
0.56173
0.704547
0.532017
1.1474
0.96603
0.652004
0.72194
1.1594
0.304088
0.676668
0.612996
0.536668
0.622265
0.610892
0.631893
0.409129
0.852576
0.67823
0.215879
1.23633
0.347292
1.35018
1.13109
0.528809
1.03224
0.942152
1.06235
0.821947
0.647526
0.280979
1.06078
1.04377
0.760364
0.240489
0.936334
0.859444
0.850373
0.426314
0.458486
0.663392
0.372824
0.425578
0.919014
0.844718
1.20157
0.894074
0.655924
0.668036
0.737103
0.446249
0.959093
0.694221
0.803638
0.812942
1.06379
0.819564
0.909065
0.777574
1.21808
0.521978
0.0964301
0.319537
0.73072
0.350204
0.285658
1.00642
0.556181
0.191684
0.97753
0.901616
0.455314
0.598672
1.20886
0.603958
0.430224
0.709932
0.2157
0.370495
0.935834
1.03562
0.491757
0.902945
0.904384
0.628246
0.643888
0.803327
0.919607
0.391605
0.506921
0.609537
0.722092
0.527687
0.78337
0.638321
0.877659
0.756589
0.551653
0.598227
0.763698
0.813266
0.847107
0.823476
0.553373
1.11948
0.955287
0.98033
0.889184
0.983061
0.888452
1.14992
0.849442
0.626052
0.82915
1.24376
0.554867
0.638789
0.717073
0.82613
0.450434
0.140253
1.27453
0.570592
1.2435
0.706697
1.44833
0.795992
0.553172
0.974973
0.983692
0.246918
0.511377
0.504031
0.986489
0.415476
0.366427
0.586282
0.329858
0.828281
0.35026
0.301067
0.98202
1.08139
1.10707
1.02973
0.416475
0.621598
0.693999
1.15373
0.401185
0.922461
0.549572
0.516994
0.602409
0.719565
0.869708
0.664112
0.742656
0.785596
0.785384
1.08251
0.460561
0.925578
1.00183
0.93618
0.598244
0.445677
0.510607
0.164324
0.81789
1.10135
0.404036
0.49572
0.367552
0.549351
0.506248
0.424804
0.755841
0.17533
0.217513
0.931372
0.774834
0.68213
1.21678
0.92312
1.13104
0.445079
1.27811
0.635339
0.798557
0.337688
0.810063
0.536313
0.718557
0.508196
0.622089
0.643673
0.704192
0.752571
0.279514
0.658302
0.870333
0.529862
0.622162
0.960718
0.680155
0.488123
0.764626
0.628956
0.574164
0.481326
0.457667
0.699667
1.14649
0.767157
0.400286
0.396156
0.905658
0.56602
0.892979
0.980402
0.644282
0.862582
0.650027
0.82996
1.09299
1.0073
1.03691
0.710381
0.511483
1.06985
0.423919
0.807355
0.977464
0.384394
0.606984
0.603755
1.33988
0.379967
1.30592
0.552953
0.547929
0.473435
0.68719
0.481537
0.319963
0.71744
0.766526
1.37082
0.764578
0.614489
0.487691
1.35202
0.980972
0.723667
0.308458
0.631662
0.640894
0.821273
0.571955
0.873065
0.338183
0.823973
0.981147
0.974746
0.612771
0.711735
1.00273
0.188691
1.1574
0.849047
0.176633
0.9243
0.41942
0.7
0.898145
1.06744
0.177545
0.662258
0.271644
0.861669
0.746645
0.767233
1.10273
0.873354
0.561002
0.532446
0.745002
1.1363
0.273698
0.999109
0.867104
0.74634
0.439443
0.618172
0.796262
0.460647
0.868897
0.505279
0.383511
0.204714
0.564491
1.16661
1.39271
0.461092
0.40015
0.974996
0.569107
0.788358
0.94324
0.492314
1.25717
0.374424
0.860234
0.949249
0.368714
0.324786
1.03584
0.691361
1.03469
0.480467
0.947508
0.811292
0.570933
0.560461
0.46858
1.0823
0.711268
0.892673
0.549861
1.20732
0.861797
0.444352
0.299874
0.780497
0.838901
0.749758
1.26712
0.579376
0.37068
0.778387
0.850291
0.428623
0.991947
0.790001
0.936422
0.548847
0.875564
0.805702
0.772713
0.712208
0.563125
0.585976
0.902307
0.736217
0.678923
1.33086
1.21305
0.588913
1.16748
0.117042
0.592086
1.16566
0.880903
0.416497
0.651963
0.427557
0.898356
0.870922
0.321007
1.24168
0.779165
0.177845
0.278921
0.960905
0.489512
1.04604
1.0084
0.895781
0.925951
0.532948
0.49127
0.595305
1.04928
0.27823
0.304901
0.51906
0.842003
0.71393
0.786116
1.00301
0.832667
0.846811
1.03698
0.760009
0.913653
0.831429
0.418097
0.129845
0.798841
0.862607
1.13309
0.972836
0.373065
0.907694
1.36293
1.1491
0.655218
1.0218
0.66029
0.669395
1.32967
0.868664
1.3739
0.691694
0.18888
0.496014
0.834743
0.380825
0.679274
0.808231
0.518033
0.468118
0.75716
0.71442
0.52566
0.443528
0.837216
0.47099
0.739239
0.800172
0.990422
0.645418
0.569412
0.470126
0.861949
0.349193
0.522913
0.807881
0.541209
0.428201
0.835746
0.817003
0.20373
0.770675
0.937928
0.699745
1.118
0.719882
1.03383
0.621165
0.994936
0.696837
0.952
0.792591
0.442131
0.858217
1.27321
0.691146
0.905733
0.740766
0.459013
0.185123
0.635387
0.468889
0.582491
0.633063
0.690856
0.924007
0.386305
0.725372
0.719653
0.528751
0.847601
0.882026
0.843892
0.865529
0.641367
1.0093
1.05662
0.187
1.03033
0.495091
0.445319
0.723771
1.14874
0.815618
0.374045
0.317278
1.29458
0.637973
0.4915
0.693276
1.05772
0.888376
0.95439
0.434349
0.638045
0.653779
0.27712
0.773146
1.00845
0.393281
0.510661
0.866846
1.18837
0.804476
0.504522
0.224571
0.910086
0.613843
1.29605
0.464654
1.01373
1.02845
0.729286
0.586621
0.220935
0.545889
0.623733
0.20251
0.444747
0.250399
0.973685
1.1041
0.817005
1.11883
0.682879
0.544765
0.608883
0.751119
0.547985
0.269019
1.30418
0.376648
0.734043
0.574973
0.986164
0.369765
0.418797
0.331472
0.421026
0.938072
0.398422
0.821076
1.45091
0.996537
0.91443
0.739702
0.986821
0.283608
0.830855
0.800844
0.547603
0.814845
0.629737
0.945297
0.798646
1.11587
0.410438
0.285135
0.93632
0.977325
0.794922
0.36902
0.96617
1.08712
0.479871
0.825436
0.719025
0.971956
0.485327
0.772159
0.642024
1.13611
1.04811
0.564316
0.580541
0.761924
0.834482
0.868413
0.599199
1.23795
0.784557
1.12426
0.974998
0.565584
0.20207
0.807659
0.25163
0.608397
0.486416
0.765873
0.391093
0.999759
0.6105
0.529847
1.00252
0.761173
0.574805
0.319258
0.363637
0.604401
0.327337
0.975908
0.488228
0.838674
0.454375
0.485438
0.269437
1.37052
1.08772
0.562815
0.941516
0.546412
0.658076
0.513248
0.281507
0.402992
0.620347
0.312394
0.666438
0.854883
0.562058
0.873495
0.724488
0.503156
0.363014
0.973761
1.17835
0.535549
0.644005
0.706345
0.972793
0.677136
0.761492
0.578718
0.549432
0.706058
0.855708
0.383271
0.700295
0.814185
0.343729
0.328699
1.17373
0.698354
1.11704
0.625201
0.271443
1.01978
1.04418
0.672589
1.10481
1.22387
1.16444
0.919161
0.271585
0.303589
0.605368
0.216023
0.997623
0.448942
0.902651
1.3321
0.65842
0.262308
1.21112
0.550685
0.395554
1.01883
0.290425
0.266736
0.379479
0.79756
0.872861
0.992641
1.16342
0.803181
0.641119
0.809265
0.445045
1.03252
0.418792
0.489273
0.835909
0.927388
0.304766
0.871751
0.999474
0.979032
0.717403
0.634355
1.04507
0.748858
0.895152
0.0563058
0.265847
0.572169
0.533693
0.536656
0.555338
0.802569
1.05138
0.788452
0.347795
0.631273
0.31186
0.996234
0.62078
0.599282
1.07301
0.429828
0.499823
0.882683
0.456335
0.193412
0.540928
0.18059
0.990705
0.489264
0.590986
0.601999
0.89317
0.651101
0.488242
0.941726
0.611236
0.789152
0.221615
0.715073
0.296959
0.609438
0.647081
0.446397
1.12814
0.976698
0.85832
0.373586
0.754202
0.269633
0.821638
0.853264
0.820523
0.475823
0.77859
0.84995
0.791772
0.848047
0.495296
0.476385
0.77075
0.508332
0.32556
0.771636
0.657169
1.05305
0.629357
0.660075
0.417071
0.661232
0.988219
0.996853
0.337414
0.556388
0.712601
0.232308
0.438119
0.667879
0.352034
0.646812
0.646881
0.87889
0.362497
0.874608
0.517751
0.802366
0.481143
0.391563
0.677731
0.356042
0.709672
0.611925
0.93148
0.497851
0.747598
0.783362
0.466973
0.928572
0.499862
0.834158
0.840117
0.626522
0.596597
1.28226
0.319567
0.513544
0.33839
0.377592
0.789407
0.365737
0.839244
0.478634
0.566671
1.06062
0.535093
0.423963
1.286
0.838226
0.587476
0.345708
1.07626
1.0017
0.982277
0.365644
0.875631
1.06762
0.172221
0.668758
0.510859
0.516185
0.551756
0.533059
0.646129
1.27408
0.810293
1.08383
0.4604
0.644865
0.554831
0.50308
0.405066
0.823646
0.564935
0.494994
0.708791
1.27767
0.814756
0.714698
0.452772
0.934838
0.580228
1.0756
0.958657
0.414726
0.902636
0.43306
0.274996
1.14784
0.301474
1.03403
0.417708
0.718717
0.593526
0.974308
0.272583
0.705667
0.476517
0.313791
1.24607
0.887911
0.78252
0.922398
0.350081
0.591222
0.737116
0.811785
0.751787
0.759288
1.03675
0.540978
1.03393
0.754144
1.29745
0.652965
0.170266
0.242436
0.729367
0.680823
0.993115
0.73965
0.873539
0.936618
0.492511
0.396723
0.213155
0.855734
0.701506
0.504258
0.263495
0.402799
1.23522
0.887681
0.56876
0.402078
0.866482
0.825398
0.879552
0.761196
0.527383
0.630755
1.11502
0.176297
0.683105
0.681448
1.16491
0.543132
0.681625
0.389343
0.567227
0.542567
0.513211
0.260252
1.28207
1.26771
0.851956
0.420336
0.334278
0.702071
0.715617
0.890618
0.690641
0.881821
0.587514
0.692572
0.480645
0.842556
0.851259
0.492193
0.381181
0.477503
0.271068
1.13328
1.11123
0.730334
0.436957
0.419005
0.520107
0.887328
0.243095
0.773695
0.89157
0.493922
1.02764
0.473939
1.03476
0.539565
1.4245
0.79639
0.672463
0.775516
0.421432
1.27726
0.687729
0.883545
0.918099
0.673838
1.11634
0.302259
0.650774
1.22313
0.612186
0.460422
0.400707
0.469134
0.576463
0.765882
0.136648
0.956058
1.05627
1.31975
0.42636
0.458074
0.473378
0.774773
0.483532
0.678134
0.792814
1.05296
0.161229
0.790319
0.783993
0.614287
0.523546
0.615004
0.847398
0.853266
0.382481
0.905635
0.985107
0.628962
1.06293
0.279148
1.2508
0.482836
0.636677
0.733255
0.320378
1.30306
0.317636
0.739515
0.676772
0.688921
1.11691
0.489761
0.481729
0.830056
0.453563
0.819064
0.695938
0.49639
0.70989
0.430652
0.945736
0.557256
0.668417
0.646926
0.306437
0.813744
0.949437
1.36927
0.541243
1.2132
0.861987
0.827123
0.326764
0.770429
0.804418
0.241906
1.20106
0.864117
1.06803
0.456542
0.234307
0.46208
0.90252
0.172612
0.491289
0.836612
1.34815
0.401481
0.510538
0.509681
0.627777
0.872118
0.937947
0.775255
0.805825
1.19618
1.19919
0.280916
0.928707
0.57801
0.490817
0.68496
0.501386
0.557006
0.818477
1.16213
0.95955
0.826273
0.870731
0.794627
0.301862
0.652363
0.34007
1.20675
0.323761
0.526847
0.792175
0.925481
0.684177
0.458386
1.35122
0.678697
0.670567
0.407033
0.376628
0.265716
0.80141
0.98742
0.6643
0.233881
0.697551
0.500395
0.56716
0.614365
0.751686
0.664389
0.580125
0.725441
0.124693
0.699966
0.983913
0.680527
0.613285
0.53199
0.770239
1.07522
0.833463
0.747406
0.72065
0.553001
0.603478
0.46242
1.09819
0.476362
1.10309
0.334582
1.159
0.450438
0.733495
0.899399
0.207743
0.904989
0.575636
0.523095
0.802622
0.853436
0.266997
1.01812
1.09862
0.621661
1.01274
0.742423
1.31405
0.550482
0.804107
0.662697
0.664636
0.638633
0.975639
0.66174
0.503389
0.885443
0.327163
0.763435
0.589961
0.898831
1.20968
0.444874
0.679148
0.563229
0.472481
0.665828
0.467409
0.334753
0.974201
0.89686
0.82343
0.744639
0.75334
0.976965
0.985363
0.681339
0.284844
0.539887
0.791128
0.836946
0.980972
0.562183
0.28461
1.11387
0.839903
1.29925
0.791031
0.509572
0.608512
1.12721
0.722587
0.243653
0.63603
0.200623
0.925405
0.330658
0.688902
0.961043
0.452723
0.837919
0.476839
0.455317
0.97271
1.24361
0.612279
0.446179
1.08955
1.15059
0.681408
0.641793
0.640121
0.929379
0.973206
1.13202
0.402766
0.746506
0.990249
1.09987
0.897528
0.320119
0.34236
1.22811
1.33133
0.888391
0.621473
0.800425
0.681549
0.774924
0.991981
0.764201
0.854042
0.234558
0.835311
0.885645
0.376591
0.314337
1.25072
0.882156
0.524744
1.18937
0.69537
0.932445
0.911029
1.06211
1.04628
0.852912
0.539793
0.218609
0.359486
1.06297
0.489825
0.831184
0.917353
1.06743
0.509247
0.673787
0.745223
0.663887
1.03999
0.414142
0.307679
0.781104
0.904818
0.657457
0.340399
0.44533
0.936986
1.29883
0.608457
0.0813365
1.05834
0.472351
0.42223
0.393751
0.681142
0.707465
1.10598
0.631163
0.913838
0.771825
1.14561
0.324533
0.11591
1.10468
0.609189
0.400115
0.547043
1.05592
0.177333
1.18709
1.02867
0.908033
0.409871
0.95272
0.748075
0.824046
0.681739
0.519934
0.359449
0.564722
0.109284
1.14592
0.769612
0.633826
0.751971
1.17756
0.610555
0.781699
0.344637
0.523158
0.960989
0.885356
1.03388
0.705664
0.506518
0.327986
0.62369
0.753352
0.859939
0.453153
0.570214
0.271151
0.904507
0.809622
1.3765
0.454449
0.671173
0.996867
0.814357
0.82704
0.382009
1.23294
0.675307
0.798103
0.633296
0.488011
1.13307
0.661187
0.354306
1.00882
0.429943
1.0372
0.672426
1.11334
1.34913
0.812014
0.890432
0.614653
0.685562
0.120199
0.544998
0.158476
1.25143
0.337187
0.509277
0.560056
0.333398
0.56036
0.626477
0.79022
0.50285
0.621143
0.580884
0.553134
0.288472
1.00839
0.998088
0.612848
0.60087
0.489072
0.510248
0.705484
0.429091
0.664185
0.69436
0.688421
0.42301
0.488457
0.145561
0.812096
0.968106
0.858466
1.10699
0.898246
1.11144
0.596957
0.752958
0.842614
0.997697
0.74869
0.7513
0.559274
1.3064
0.324057
1.07503
0.61849
0.47943
0.405933
0.988039
0.348948
0.712882
0.606697
0.404268
0.609424
0.603617
0.874056
0.321463
0.529595
0.708528
0.879441
0.710106
0.440666
0.818513
0.759722
0.621206
1.11511
0.819401
0.775386
0.925997
0.246091
0.876124
0.438139
0.325677
0.679163
0.716214
0.72381
0.251803
0.398436
0.447345
0.267876
0.871913
0.478294
0.95216
0.542396
1.23956
0.394724
0.943175
1.02063
0.271965
0.524597
0.971202
0.36231
0.30461
0.306783
1.06428
1.2476
0.548497
0.449471
0.482836
1.12574
0.18321
0.864256
0.440855
0.69282
0.583071
0.486833
1.13836
0.464353
0.93808
0.389714
0.323214
1.26282
0.380815
0.342071
0.684344
0.851654
0.985248
0.84711
0.995016
1.08251
0.600597
0.835727
0.690923
0.745529
0.760683
0.689498
1.26426
1.0762
0.879333
0.674064
0.784419
0.746438
0.605574
0.652435
1.01156
0.383387
0.857428
0.686374
0.428399
0.47072
1.14856
0.738194
0.872807
1.15009
0.809779
0.595733
0.911932
0.671428
0.799636
0.687123
0.683957
0.715015
0.186554
0.639263
0.409959
0.334116
0.179037
0.932808
0.646612
0.510666
0.793828
1.22421
0.44953
0.770937
0.910877
0.123842
1.04006
0.874608
1.02061
0.639366
0.701657
0.678176
0.122873
0.766866
0.943237
0.891554
0.653624
0.721372
0.816896
0.446493
0.318706
0.794349
0.751678
0.698889
1.25789
0.466784
0.433155
0.749791
0.905891
0.41641
0.467161
0.458339
1.22619
0.861516
0.922469
0.836855
0.633615
0.209494
0.675054
0.534933
0.131515
0.348132
0.408669
0.944339
0.852815
0.389796
0.80567
0.370745
0.867717
0.820719
0.412922
0.82317
1.21709
0.825156
0.800295
0.98676
0.777931
0.76673
0.478575
0.691666
0.596796
0.649494
1.28318
0.52541
1.06014
0.669327
0.544911
0.425874
0.635444
0.898488
0.751337
0.754087
0.667256
0.734162
0.514835
0.601395
0.883275
1.27709
0.590112
0.784062
0.688396
0.861754
0.776777
1.27699
0.799003
0.937984
0.927251
1.06509
0.827487
0.698511
0.45247
0.626044
0.64483
0.821846
1.28285
0.828206
0.75873
0.695077
0.732711
0.884931
0.776579
1.21664
0.677439
0.56813
0.30386
0.303841
0.770603
1.21164
0.777472
0.445536
0.844571
0.765229
0.722804
1.24584
0.52299
0.294675
0.483806
0.264267
0.308916
0.372977
0.790718
0.537259
0.45088
0.665179
0.202775
0.791641
0.526185
0.474797
1.19488
1.09069
0.497261
0.341185
0.571382
0.316208
0.779421
0.974255
0.239687
0.455232
0.817141
0.931928
0.90171
0.653204
1.0266
0.562795
0.625866
0.41623
0.400998
0.959096
0.597449
0.582513
0.647544
0.211857
1.07521
1.04145
0.721699
0.625982
1.19277
0.759543
0.816763
0.969559
0.673008
0.996282
0.605987
0.759528
0.430157
0.501612
0.527254
0.479312
0.735806
0.235798
0.599494
1.20088
0.447935
0.55664
0.94353
0.338431
0.563674
0.630007
1.32777
1.33968
0.451663
1.01843
0.787207
1.02523
0.454973
0.838493
0.615713
1.09018
0.64313
0.472242
0.444755
0.64019
0.693789
0.607119
0.543415
0.480959
0.175833
0.491036
1.14945
0.817535
0.427009
0.240188
0.547426
0.567431
0.874524
0.384313
0.945629
0.541065
0.438656
0.441595
0.329985
0.365813
0.818277
1.11139
0.569509
0.964227
0.487778
0.977019
0.647573
1.12665
1.03459
0.829471
0.439211
0.233829
0.967101
0.861369
1.22072
0.871753
1.00028
0.765229
0.487225
0.64351
0.652833
0.93697
0.698043
0.894188
1.12069
1.35538
0.356587
0.965574
0.597864
0.662667
0.424921
0.363337
0.801288
0.286105
1.02227
0.532374
0.251006
0.528609
0.687782
0.82254
0.481612
1.08387
0.415554
0.926272
0.4973
0.684283
1.03398
0.581154
0.67875
0.450484
0.675305
0.572537
0.329165
0.701073
0.793942
0.595077
1.16423
0.506183
0.470769
0.826903
0.313812
1.07122
0.747313
0.755454
1.09459
0.686814
0.118121
0.999572
0.855259
0.365394
0.712397
1.00354
0.264088
0.981153
0.791469
0.584927
0.981621
0.848789
0.426709
0.751701
0.349757
0.720588
0.390708
1.00642
0.827299
1.04424
0.45612
0.917645
0.86729
1.08031
0.414922
1.27262
0.75728
0.463277
0.50725
0.440649
0.450176
1.08486
0.692661
0.654925
0.648921
0.373369
1.02681
0.387559
0.560757
0.705103
0.488081
1.01193
0.782297
0.879623
0.863658
0.53592
0.285128
0.396401
0.543266
0.408964
0.648206
0.99805
0.13876
0.739957
0.594287
0.505954
1.20821
0.473929
0.719446
0.997806
1.17445
1.36069
0.860119
0.884095
0.8061
1.07495
0.886518
0.32769
0.945105
0.817051
0.77673
0.477703
0.324713
1.14398
0.512794
0.658278
0.418207
1.18228
0.788385
0.780439
0.922131
1.10377
0.321176
0.84136
0.404878
1.35494
0.563814
0.617491
0.861927
0.529519
1.00891
0.877964
0.843417
0.277447
0.808471
0.419657
0.960011
0.729462
0.374855
0.750049
0.495956
0.91813
0.629733
0.341735
0.974674
0.485782
0.849772
0.51066
0.242971
0.570155
0.970102
0.38675
1.01627
0.406219
1.18048
1.06194
0.626195
1.15091
1.0859
0.370679
0.951997
0.886136
0.548054
0.357338
0.945503
0.851598
1.17303
1.11514
0.89548
0.352271
0.536854
0.785303
0.949231
0.964549
0.874746
0.717696
0.758625
0.562036
0.40583
0.864179
0.675003
0.923633
0.791577
0.86335
1.43587
0.625945
0.189975
1.3608
0.576728
0.581236
0.656994
0.668706
0.529496
0.57268
1.09298
0.762154
0.905978
0.893182
1.27222
0.536512
0.635277
0.418715
0.624291
0.774829
0.930425
0.565598
0.534619
0.507221
0.686309
0.661637
0.685032
0.4998
0.519564
0.653585
0.67047
1.06761
0.184178
0.555067
0.628797
0.799754
0.641626
0.421696
0.741593
0.384268
0.479322
1.15765
0.698954
0.835093
0.818953
0.633749
0.355729
0.408695
0.601543
0.845232
0.937369
0.690556
0.798552
0.820443
0.615637
0.600189
0.672426
0.531636
0.444518
0.506842
0.231339
1.06519
0.76422
0.643456
0.485771
0.563904
0.897003
0.743542
0.593156
0.426454
0.811462
0.893431
0.816367
1.05793
1.14682
0.630272
0.83963
1.21162
1.26563
0.370262
0.479175
0.586926
1.0771
0.673515
0.355891
0.973238
0.985636
0.93965
0.841773
0.486939
0.320209
0.998518
0.675029
0.591859
0.6718
0.157371
0.419905
0.489372
0.610873
0.77407
0.657438
0.689211
0.604912
0.860792
0.871662
0.912348
0.843692
1.11895
0.559373
1.00616
0.690045
0.270159
0.56128
0.900736
0.461989
0.363227
0.99864
1.26648
0.342584
1.2744
1.02624
1.07213
0.999038
0.76577
0.85506
0.933737
0.671641
0.859176
0.838686
0.954735
0.868092
0.676926
1.08522
1.17895
0.19359
0.150733
0.487417
0.747686
0.501856
0.634515
0.512967
0.99339
1.19199
0.763324
0.756243
1.47703
0.966708
0.194307
1.2374
1.00374
0.718151
0.619451
0.269494
1.14049
0.929726
0.688478
0.5047
0.6674
0.788487
0.6933
0.717216
0.778937
0.422747
0.909988
0.941086
0.520106
1.19983
0.810459
0.78919
0.687137
0.639072
1.42739
0.885108
1.12329
1.20814
0.809644
1.2004
0.89291
0.283947
0.864453
0.997953
1.04922
0.925504
0.492302
0.80724
0.559501
0.705941
0.752525
0.943512
0.715555
0.581503
0.819529
1.163
1.07802
0.704971
1.0824
0.301904
0.650891
0.557603
0.53415
0.80631
0.313273
0.814887
0.84519
0.778586
0.554953
0.668095
0.295687
0.761719
0.581731
0.683884
1.24231
1.07272
0.577024
0.567916
0.64279
1.27149
0.419774
0.582152
0.5311
1.10276
0.535534
0.486758
0.537731
1.18478
0.624057
0.915299
0.585745
1.21307
0.419994
0.567706
0.890905
0.536731
1.17303
0.579515
0.0699138
0.355028
0.817241
0.481636
0.332709
0.657601
0.185886
0.943131
0.778711
1.15559
0.884784
1.14306
0.598546
1.10546
0.934458
0.861789
0.580392
0.870905
0.813099
1.02986
0.573241
0.769838
0.291939
0.559992
0.603772
0.562867
0.413408
1.00073
1.0114
1.01229
0.618083
0.904396
0.884533
1.14821
0.53839
0.85429
0.696863
0.584806
0.678149
1.05969
1.2625
0.959101
0.266071
0.424936
0.708035
0.436869
0.705741
1.05682
0.344121
0.361093
0.550098
1.02135
1.02676
0.544413
0.50978
0.947715
0.859773
0.68322
0.699798
0.54458
0.305824
0.993242
0.461224
0.417896
0.939325
0.9458
0.516868
0.679772
0.652855
1.0497
0.5498
0.448536
1.23892
0.539824
1.13346
0.420433
1.17576
0.576068
0.740404
1.0807
0.568841
0.674111
0.675405
0.528427
0.229924
0.888362
0.811681
0.544478
0.632252
1.03057
0.859569
1.06896
0.453489
0.303062
0.868073
1.05057
0.526435
0.718028
0.88863
0.292771
0.59791
0.87053
0.557611
0.78049
0.601757
0.736584
0.920579
0.732185
0.525141
0.516623
0.655314
0.924059
0.610062
1.16994
0.348271
1.05297
0.635139
0.449266
0.872009
0.434546
0.457645
0.694765
0.716894
1.12239
0.477969
0.762862
0.703315
0.247564
0.827557
0.309526
0.774774
0.607188
0.655325
0.467692
0.988803
0.700892
0.216008
0.522187
0.804088
0.333547
0.976335
0.865206
0.605619
1.06888
0.382088
0.667275
0.906136
0.680559
0.554647
0.983932
0.484334
1.15824
0.764722
0.624948
0.486849
0.225557
0.691256
0.706147
1.38517
0.549499
0.491668
0.221708
1.26026
0.700832
0.84624
0.333397
0.485523
0.186213
0.186692
0.618387
0.668754
1.14961
1.1146
0.709697
0.612327
0.553721
0.919275
0.638375
0.655463
0.890565
1.3731
0.738431
0.335568
0.848127
0.795449
0.50634
0.52604
0.794635
1.10622
0.906148
0.348439
0.750282
1.20646
0.656589
0.945987
0.321877
0.677674
0.614989
0.646028
0.486953
0.634778
1.52821
0.544715
1.36357
0.905375
1.05738
0.478815
0.6824
1.02449
0.987435
0.470849
0.663335
0.823597
0.267464
0.974243
0.463664
0.851405
1.06079
0.48824
0.736232
1.22583
0.825242
0.423332
0.835153
1.25347
0.284677
0.845834
0.761346
0.426121
0.827452
0.706759
0.952388
0.681189
0.856345
0.617366
0.759057
0.64777
0.223422
0.780495
0.419279
0.56584
0.436779
0.244978
0.430967
0.58057
1.10861
0.504676
0.827426
0.636891
0.891444
0.927978
1.16271
0.620914
0.193551
0.602016
0.994848
0.478746
0.872583
0.545398
0.51698
0.683359
0.782131
0.89705
0.805071
0.730255
0.379564
0.918504
0.152123
0.329617
0.969948
0.382037
0.374648
0.743879
0.242076
1.00594
0.63253
1.01165
0.980559
0.81245
1.03265
0.835377
0.48202
0.979836
0.745244
0.609118
1.06598
0.681444
0.636051
1.02322
1.16539
0.86584
0.636783
0.457253
0.657135
0.502218
0.363619
0.369518
0.699547
0.928387
1.05177
0.401921
0.61829
0.317114
1.1218
0.679528
1.26685
0.627508
1.11974
0.650847
0.484719
0.812555
0.764687
0.359622
1.05964
0.951102
0.531995
0.449548
0.460223
0.815583
0.427346
1.12149
0.918405
0.731358
0.526951
0.124318
0.986932
1.10428
0.318916
0.361508
0.530028
0.919665
0.458495
0.865608
1.25145
1.00334
1.01232
0.444231
0.204273
0.826429
0.296616
0.69663
0.672399
0.855976
0.592231
0.904665
1.03554
0.273305
0.901206
0.73608
1.35167
0.421174
1.1698
1.24779
0.231777
0.544818
0.485694
0.79607
1.0313
0.521371
0.415655
0.771149
0.809674
0.470428
0.967391
1.03245
0.886627
1.19797
0.647943
0.193087
0.554798
0.90633
0.804084
0.951206
0.677932
0.506782
0.576636
0.798708
0.905196
0.899692
1.00437
0.704788
0.778069
0.715399
0.804132
0.749057
0.915972
0.917578
0.794937
1.1258
0.448321
0.656384
0.266732
0.731263
0.742792
1.03677
0.659168
0.711132
0.563437
0.603088
0.928818
0.739911
0.272914
0.625429
0.740159
0.681818
1.02376
1.12167
0.383841
0.443864
0.504342
0.935649
0.805407
0.435158
0.502239
0.487986
0.910513
0.456107
0.534132
0.539673
0.53636
0.451216
0.611478
0.384687
0.203673
0.572974
0.356651
0.751859
0.915163
0.897073
0.952632
0.998552
0.669428
0.461223
0.326033
0.699999
0.873681
0.496396
1.24246
