0.700018
0.315598
0.986694
0.832223
0.151887
0.302492
0.306004
0.870025
0.604654
0.239509
0.6117
0.264056
0.327213
0.595196
0.16456
0.607336
0.917139
0.731168
0.898803
0.483874
0.675066
0.936155
0.657539
1.25519
0.368802
0.890517
0.745385
1.22251
0.354844
0.828131
0.400844
0.0834963
0.30082
0.379984
0.230195
0.502545
0.519368
0.597416
0.847181
0.78112
0.524911
0.541897
0.639196
0.661685
0.602945
0.338406
0.31512
0.468619
0.548675
0.326367
0.382072
0.58414
0.490674
0.44489
0.871727
0.484749
0.527915
0.629143
0.736552
0.394044
0.555019
0.914301
0.568293
0.311891
0.691898
0.360945
0.643424
0.421013
0.74942
0.844724
0.552876
1.10154
0.604676
0.975713
0.888955
1.36743
0.582559
1.04127
0.244069
0.790096
0.485164
0.395025
0.52815
0.657086
0.622533
0.880861
0.539601
0.641497
0.788813
1.09153
0.102107
0.533508
0.60159
0.892567
0.449954
0.871541
0.699456
0.459734
0.66971
0.141503
0.325177
0.737759
0.931531
0.45662
0.36748
1.01134
0.417827
0.391852
0.660599
0.381522
0.553218
0.643386
0.224961
0.198178
0.904068
0.374543
0.323743
0.865409
0.571593
0.271781
0.794778
0.872967
0.790383
0.49601
0.518844
1.20975
0.577215
0.245032
0.666623
0.670014
0.749019
0.902807
0.605302
0.427649
0.48389
0.761765
0.740194
0.597524
0.703052
0.848758
0.563957
0.878913
0.450483
0.409392
0.786922
0.851644
0.493089
0.600979
0.4453
0.45492
0.646377
0.746094
0.502514
0.52973
0.864331
0.648735
0.460475
0.823078
0.457738
0.922979
0.730527
0.938004
0.394661
0.978745
0.392836
0.484342
0.42568
0.348817
0.540152
0.515118
0.866091
1.07331
0.337945
0.334956
0.771813
0.454516
0.417709
0.982939
0.541898
0.477221
0.315255
0.818674
0.492122
0.668597
0.198705
0.486478
0.285186
0.340832
0.940747
1.28378
0.766103
0.584606
0.507063
0.187516
0.528923
0.761078
0.493814
0.432267
0.59449
0.925834
0.422442
1.25472
0.556393
0.432425
0.963844
1.10759
0.849237
0.440271
0.264281
0.790396
0.63247
0.707352
0.896966
0.1597
0.436192
0.874664
1.0175
0.575663
0.478388
0.663805
0.981922
0.86856
0.787019
1.04334
0.699169
0.721521
0.490006
0.705951
0.703309
0.434815
0.573868
0.300964
0.940589
0.760519
0.743094
0.507278
0.765555
0.749527
0.484185
0.960513
0.736991
1.23392
0.891593
0.875287
0.419714
0.67676
0.468792
0.832247
0.565239
0.511382
0.709261
0.332385
0.600774
0.784296
0.729656
0.511098
0.500161
0.918218
0.398806
0.504869
0.558727
0.532032
0.160456
0.508235
0.967637
0.628784
1.07976
0.681993
0.389332
0.536423
0.720572
0.658633
0.957225
0.409953
1.05206
0.708284
0.538116
0.317673
0.390515
0.713528
0.587859
0.256238
0.42083
0.704086
0.383514
0.392574
0.678256
0.56104
0.672134
1.23058
1.13969
0.620873
0.387726
1.06657
0.657015
0.696003
0.548021
0.541325
0.706022
0.621254
0.634125
0.613255
0.590653
0.56891
0.425315
1.013
0.954609
0.534791
0.1877
0.852062
0.25604
0.434024
0.485143
0.375865
0.679589
1.27092
0.679156
0.588343
0.391556
0.473746
0.988292
0.497929
0.933129
0.77625
0.936268
0.360498
0.417647
0.376933
0.243238
0.706874
0.718786
0.583912
0.579716
0.254322
0.19103
0.669704
0.328683
0.308827
0.725956
0.619554
0.640767
0.341844
0.860473
0.392138
0.879557
0.28623
0.676929
0.90613
0.738105
0.485085
0.71289
0.459122
0.302711
0.812057
0.725212
1.32093
0.599485
1.22747
0.671402
1.04317
0.540483
0.762644
0.788781
0.639301
0.622279
0.72394
0.591269
0.692687
0.369987
0.409953
0.475136
0.420609
0.923494
0.627
0.729225
0.603602
0.527962
0.450509
0.5591
0.394424
0.853446
0.693049
0.836729
0.755571
0.842266
0.316206
0.523238
0.465631
0.827538
0.696059
0.6337
0.814736
0.532695
0.561834
0.416165
1.193
0.676693
1.23119
0.514164
1.04461
0.51101
1.21256
0.921074
0.352933
0.21346
1.01677
0.732295
0.510251
0.438909
0.727009
0.306003
0.233201
0.585503
0.736915
0.703298
0.601514
0.216604
0.479149
0.364958
0.602562
0.412676
0.487434
0.823359
0.904005
0.798456
0.121911
0.30333
1.33986
0.980619
0.876701
0.654429
0.868431
0.953996
0.223292
0.582862
0.634628
0.464731
0.287119
0.410049
0.448069
0.63222
0.588668
0.766491
1.06293
0.753227
0.569006
0.521105
0.441787
0.296035
0.945764
0.512433
1.20647
0.92784
0.609725
0.519215
0.542688
0.505897
0.345668
0.58522
0.550604
0.576312
0.704032
0.978529
1.00423
0.425114
0.357031
1.04546
0.468012
0.581657
0.769641
0.39099
1.00441
0.788
0.789265
0.640182
1.05877
0.776092
0.707805
0.46505
0.840223
0.541571
0.538741
0.718214
0.264497
0.737467
0.706435
0.348923
0.210324
0.738938
0.619883
0.424101
0.966068
0.696817
0.315088
1.13533
0.835968
0.907174
0.524368
0.665721
0.414332
0.448243
0.460741
1.02388
0.392429
0.137272
0.440377
0.191937
0.544534
0.344937
0.860386
0.734138
0.225901
0.3485
0.236867
0.581705
0.475598
0.709106
0.500844
0.584625
0.724012
0.552776
0.871363
1.18198
0.66278
0.300582
0.665197
0.564714
0.73797
0.487729
0.567183
0.310489
0.429063
1.03071
0.561315
0.357193
0.480561
1.07249
0.463317
0.776554
0.294872
0.383332
0.5703
0.966973
0.755122
0.282114
0.645828
0.434878
0.74261
0.37354
0.743432
0.447515
0.442434
0.76555
0.344129
0.378769
0.73736
0.437275
0.664558
0.304987
0.638068
0.465916
0.685832
0.397421
1.12969
0.677013
1.01852
0.796393
0.383312
0.56101
0.363966
0.546643
0.829342
0.749012
0.535662
0.467397
0.552958
0.346234
0.240016
0.892535
0.95257
1.01348
0.83073
0.43505
0.456281
0.391393
0.245584
0.669884
0.42692
0.391302
0.505408
0.201412
0.452775
0.321464
1.08192
0.839256
0.399783
0.425272
0.968574
0.29884
0.593302
0.83977
0.774725
0.394655
0.530401
0.627537
0.263743
0.739401
0.471885
0.498114
0.755572
0.153337
0.751416
0.534471
0.912572
0.836436
0.635652
0.708062
0.562538
0.301951
0.885236
0.538746
0.435764
0.498338
0.233915
0.904873
0.804751
0.378046
0.66606
0.765714
0.28804
0.410605
0.50269
1.07082
1.24001
0.325119
1.32923
1.08404
0.517738
0.247429
0.685788
0.486391
0.923748
0.545872
0.337918
0.655407
1.24394
0.853414
0.620347
0.765327
0.709025
0.481385
0.47847
0.502564
0.473256
0.808979
0.689098
0.581725
0.751196
0.935415
0.324258
0.417483
0.471268
0.359012
0.897857
1.2876
0.898773
0.804378
0.606366
0.417335
0.926063
0.590566
0.495261
0.383073
0.876728
0.581294
0.687625
0.45738
0.667622
0.468978
0.686256
0.502579
0.413514
0.819261
0.355547
0.469506
0.708699
0.364711
0.690914
0.493016
0.607436
0.914336
0.439256
0.348264
0.453214
0.46898
0.476098
0.611632
0.563713
0.319246
0.860289
0.505846
0.950125
0.814573
0.272175
0.792823
0.497974
1.16426
0.668678
1.18941
0.44395
0.866532
0.428245
0.328612
0.633202
0.808287
0.531199
0.684459
0.562795
0.296401
0.865204
0.388217
0.647378
0.706704
0.628308
1.17136
0.440176
1.24824
0.474887
0.269407
0.98771
0.919925
0.950361
0.786463
0.480945
0.767855
0.804763
0.420612
0.555613
0.779649
0.445238
0.253671
0.683972
0.653017
0.256721
0.47011
0.777383
1.12687
0.59012
0.391925
0.556446
1.12221
0.711278
0.820577
0.401281
0.701364
0.73881
1.002
1.01512
0.546481
0.745294
0.501891
0.40209
0.512538
0.757969
0.800279
0.370554
0.528169
0.315831
0.992807
0.416227
0.826213
0.310491
0.630375
0.925729
0.991218
0.539941
0.643506
0.591383
0.664752
0.290878
0.993736
0.914415
0.82979
0.761001
1.2783
0.283883
0.50334
0.415247
0.341464
0.775487
0.493243
0.615946
0.510827
0.80257
0.325091
0.503398
1.30093
0.786905
0.39287
0.502
0.313613
0.146157
0.674167
0.536013
0.78199
0.975359
1.22486
1.12161
0.590134
1.13582
0.515608
0.754676
0.58746
0.705086
0.632659
0.737793
0.570061
0.572182
0.89249
0.323716
0.237422
0.665624
0.482425
0.315129
0.842363
0.84147
0.734864
0.351032
0.562969
0.745119
0.056149
0.593397
0.66805
0.552368
0.545679
0.859113
0.595423
0.727811
0.552692
1.0182
0.250329
0.0806541
0.733029
0.179114
0.605699
0.47574
0.988633
0.674844
0.875535
0.43468
0.838211
0.531742
0.255732
0.956772
0.421025
0.827115
0.777204
0.485484
1.23459
0.853206
0.423171
0.801788
0.237718
0.684621
0.567068
0.279843
0.465945
0.565735
0.512183
0.507221
0.470093
0.947635
0.528731
0.666866
0.52191
1.12226
0.260153
0.930738
0.903289
0.602302
0.645342
0.421104
0.18791
0.805807
0.72565
0.502728
0.452405
0.986616
0.583479
1.09457
0.908629
1.02432
0.513791
0.962043
0.714262
0.334198
0.534635
0.615095
0.425322
0.519283
0.62099
1.37035
0.800523
0.363632
0.604378
0.652646
0.244793
0.931049
0.824087
0.880178
0.852414
0.208404
0.544188
0.395161
0.413607
0.610679
0.543412
0.365824
0.781343
1.1412
0.333919
0.826759
1.2024
0.54251
0.175454
0.608263
1.28344
0.899921
0.991515
0.464711
0.652479
0.630315
0.543139
0.429941
0.636864
1.11917
0.78462
0.508671
0.221566
0.761665
1.20114
0.752535
0.25582
0.566146
0.283876
0.340068
0.53921
0.459837
0.489494
0.664159
0.700314
0.532442
0.563773
0.881816
1.06222
0.600196
0.445201
0.539179
0.442093
0.532173
0.555203
0.393353
0.781406
0.762611
0.825423
1.02638
0.477986
0.605073
0.394861
0.507636
0.600618
0.524054
0.831917
0.331849
0.576306
0.917122
0.669989
0.426065
0.500071
0.510002
0.433117
0.853796
0.416986
0.784451
1.0984
0.857555
0.64081
0.353008
0.437069
0.200723
0.51574
0.851688
0.422415
0.376139
0.584463
0.921677
0.448949
0.160961
0.140382
0.772542
1.21459
0.855009
0.663607
0.355126
0.523473
0.622709
0.362225
0.933464
0.735016
0.588211
0.54321
0.526372
0.838219
0.357115
0.517309
0.473187
0.471263
0.370753
0.712568
0.81269
0.46158
0.38396
1.1153
0.59246
0.523438
0.469192
1.21016
0.230296
0.443531
0.495075
0.608983
1.20109
0.246274
0.569349
0.465076
1.15445
0.557488
1.00297
0.8502
0.131877
0.900006
0.999156
0.551442
0.844069
0.645462
0.248785
0.564687
0.440709
0.817671
0.866258
0.714041
0.442129
0.547516
0.756802
0.416133
0.296232
0.562374
0.537572
0.736705
0.938763
0.719707
0.839632
0.388779
0.37357
0.382543
0.0957926
0.740928
0.646689
0.877551
0.865592
0.661107
0.588124
0.180168
1.08618
0.498357
0.515131
0.439209
0.237023
0.680936
0.611977
0.676996
0.679829
0.322184
0.588641
0.787824
0.779074
0.416441
0.610517
0.348532
0.437179
1.2264
0.852247
0.463596
0.445197
0.203
0.509864
0.822878
0.447716
0.918091
0.201841
0.703019
0.703298
0.559516
0.37636
0.762587
0.548526
0.626213
0.741182
0.387257
0.682594
0.408762
0.325316
0.413003
0.190464
0.599764
0.373583
0.509079
0.150528
0.482325
1.02932
1.19332
0.684583
0.691883
0.699253
1.14374
1.11655
0.821359
0.67821
0.483638
0.322396
0.77453
0.464825
0.60847
0.56552
0.774596
0.660608
1.15808
1.26719
0.284861
1.08958
1.06752
0.477769
0.365603
0.891127
0.404404
0.543849
0.572776
0.791015
0.389743
0.451917
0.390953
0.952426
0.579442
0.798679
0.548015
0.49715
0.84416
0.40286
0.554945
0.56017
1.06502
0.314969
1.09061
0.634409
0.640401
0.703879
0.519418
0.211508
0.734416
0.487169
1.03817
0.348864
0.501102
0.493477
0.705715
0.234779
1.06783
0.870606
0.829599
0.679194
0.531029
0.882111
0.238209
0.448259
0.2753
0.685636
0.387665
0.905231
0.384027
0.406978
0.24331
0.666674
0.450834
0.501165
0.617637
0.720947
1.04047
0.360293
0.411626
1.28377
0.235116
0.812118
0.827362
0.808166
0.721035
1.01419
0.738425
0.491341
0.39264
0.997589
0.487815
0.282728
0.52886
0.425191
0.813843
0.843842
1.24072
0.566007
0.8904
0.750778
1.07791
0.328299
0.787467
0.971655
0.227466
0.543082
0.443729
0.375414
1.20678
0.609761
0.850861
0.667802
0.691308
0.177585
0.75198
0.532569
0.65218
0.177034
0.877696
0.586815
0.606595
0.483205
0.617628
0.527274
0.428566
0.547019
0.410196
0.499958
0.20846
0.999881
0.977329
0.856304
0.399419
0.708118
0.88504
0.486128
0.644379
0.611168
0.351782
0.66939
0.88703
0.289379
0.281394
0.151408
1.20532
0.737815
0.758677
0.578195
0.411188
0.749871
0.372868
0.487402
0.835108
0.769762
0.227173
1.0024
0.421612
0.903573
0.504453
0.336553
0.84298
0.346795
0.976321
1.08268
0.559237
0.648624
0.432166
0.166296
0.361716
0.507064
0.743009
0.605686
0.287658
0.645167
0.427929
1.13495
0.54865
0.459762
0.863853
0.431505
0.22144
0.228823
0.452568
0.436639
0.594866
1.1512
0.494948
0.407496
0.517023
0.500575
0.709611
0.657775
0.861798
0.582534
0.293471
0.23914
0.758596
0.705697
1.19045
0.931581
0.717868
0.4742
0.819539
0.221056
0.275057
1.36656
0.862844
0.877847
0.806207
0.327311
0.34451
1.37911
0.498778
0.396414
0.490295
0.954629
0.425439
0.292652
0.605237
0.402782
0.594789
0.373666
0.343991
0.318035
0.500916
0.804969
0.54916
0.923561
0.601183
0.151962
0.941501
0.816936
0.385379
0.341355
0.310875
0.427025
0.396561
0.914548
0.312824
0.894361
0.345813
0.454866
0.855359
0.593081
1.03315
0.636313
0.743687
0.625671
0.725056
1.0774
0.191931
0.313464
0.445522
0.79801
0.378359
0.743974
0.684397
0.372386
1.00404
0.537709
0.562841
0.754677
0.322425
0.636163
0.700294
0.270879
0.989692
0.335237
0.712195
0.356486
0.163131
0.616767
0.746862
0.589961
0.6066
0.894484
0.728924
0.357288
0.591079
0.363081
0.634129
0.9902
0.563065
0.472736
0.126821
1.18801
0.253733
0.536363
0.580304
0.544485
0.416508
0.368094
0.851749
0.27025
0.417578
0.878784
0.491364
1.20885
0.883565
0.281175
0.515688
0.775815
1.05819
0.453038
0.780904
0.839783
1.25299
0.909434
0.707709
1.08677
0.359673
0.655082
0.434029
0.21483
0.562746
0.58566
0.535423
0.242673
0.848375
0.409527
1.06761
0.467541
0.553516
0.963049
0.637276
0.470313
0.492704
0.349336
0.808496
0.770624
1.1307
0.370036
0.251876
0.958923
0.314011
0.322792
0.981475
0.792787
0.779176
0.484018
0.635793
0.684504
0.654839
0.72034
0.859102
0.64634
0.779875
1.16002
0.80445
0.97602
0.948164
0.55261
0.538135
0.420677
0.707659
0.45335
0.681946
0.692306
1.12013
0.536603
0.186982
0.672389
0.498827
0.241867
0.834096
0.605317
0.575119
0.250596
0.534592
0.237368
0.812871
0.723829
0.382215
0.454449
0.586749
0.383807
0.106109
0.725435
0.649246
0.864087
0.549041
0.507711
0.894851
0.594826
0.846479
0.825841
0.943674
0.464888
0.406776
0.58466
0.569524
0.441374
0.681025
1.00584
0.695223
0.497712
0.200301
0.274482
0.97454
0.703184
0.77719
0.600089
0.933927
0.420881
0.56197
1.18265
0.421879
0.191496
0.508955
0.401304
0.624094
0.864295
0.663762
0.57204
0.66581
0.406642
0.41865
0.390437
0.588156
0.618144
0.208777
0.630703
0.575193
0.621074
1.02139
0.321897
0.804016
0.740506
0.631603
0.329267
0.529287
0.658986
0.559875
0.326244
0.315028
0.945773
0.931343
0.555603
0.442697
0.500735
0.925009
0.613737
0.619796
0.564768
0.822055
0.894112
0.720563
0.86047
0.0718337
0.554134
0.253737
1.00895
0.399694
0.642226
0.693988
0.578418
0.445516
0.364949
0.164474
0.590319
0.74256
0.70644
0.177704
0.441528
0.771673
0.385343
0.542753
0.633225
0.371967
0.540637
0.400565
0.27136
0.472585
1.01616
0.848608
0.495185
0.644195
0.372695
0.500108
0.682282
0.481041
0.50371
0.227297
0.354894
0.416356
1.0288
0.480061
1.10962
0.914193
0.78162
0.711339
0.643579
0.744795
1.02935
0.460301
0.168172
0.523285
0.371606
0.452876
0.619885
0.52167
0.147306
1.13733
0.722045
0.408915
0.382278
0.622982
0.562932
0.662192
0.652944
0.872816
0.450031
0.451718
0.47468
0.964664
0.919479
0.598137
0.871095
0.369027
0.613098
0.349086
0.686742
0.964327
0.328568
1.00526
0.919706
0.360113
0.886449
0.735969
0.59994
0.727444
0.639412
0.67053
0.457081
0.691245
0.619958
0.418566
1.0714
0.599272
0.890121
0.638084
0.273528
0.529798
0.628276
0.693281
0.749875
0.548686
0.938123
0.269254
0.242485
0.481183
0.932144
0.698809
0.413724
0.379553
0.505346
0.994262
0.551486
0.517556
0.636069
0.375582
0.643137
0.587909
0.686464
0.742004
0.699858
1.46948
1.08527
0.371797
0.878189
0.997023
0.597103
0.187697
0.562374
0.53522
0.954166
0.938767
0.780218
0.409523
0.466285
0.156143
1.00739
1.36934
0.615095
0.424446
0.795707
0.70421
0.372315
0.203103
0.230328
0.381806
0.749906
0.209342
0.544035
0.529766
0.413002
0.565073
0.673861
0.625336
0.390827
0.808666
0.333353
0.803506
0.778163
0.406315
0.353883
0.598153
0.588261
0.800912
0.975936
0.340267
1.06602
0.550298
0.571811
0.515323
0.946117
0.454456
0.584401
0.251948
0.253049
0.86932
1.07707
0.586895
0.474148
0.403025
0.570905
0.536959
0.722473
0.408183
0.601031
0.3566
0.896515
0.468658
0.357732
0.101602
0.715954
0.47796
0.383602
0.622055
0.224533
0.901674
0.688798
0.332882
0.443404
0.563425
0.382867
0.565231
0.946284
0.483137
0.751479
0.930225
1.30343
0.915059
0.412568
0.905968
0.332159
0.817479
0.392422
0.819314
0.758674
0.872611
0.967344
0.701823
0.746101
0.38623
0.747649
0.242793
1.07341
0.320077
0.195636
0.569725
0.71762
0.561179
0.445953
0.518841
0.597982
0.376135
0.383083
0.710232
0.341162
0.753444
1.02849
0.438115
0.334382
0.585515
0.992231
1.06704
0.857912
0.216467
0.572687
0.643626
0.0700356
0.513535
1.0462
1.00237
0.502716
0.366088
0.514872
1.06719
0.66142
0.851684
0.636079
0.3474
0.662264
0.783037
0.634925
0.546249
0.529272
0.536439
0.351177
0.5016
0.527627
0.716418
0.607267
1.00845
0.74374
0.345097
0.55613
0.522556
0.431086
0.735329
0.502601
0.539919
0.461788
0.857213
0.898224
0.344073
0.676853
0.635932
0.651814
0.504348
1.1563
0.477431
0.695256
0.858863
0.436069
0.33859
0.650658
0.19928
0.540391
0.446687
0.442742
1.17128
0.62992
0.531632
0.944121
0.587724
0.588285
0.634576
0.789695
0.475897
0.894542
0.759647
0.942569
0.548431
0.915673
0.617851
0.48554
0.693529
0.657047
0.790514
0.677999
0.997903
0.797735
0.811431
0.713921
0.499447
0.425178
0.792492
0.497573
0.0957371
0.546225
0.369497
0.649492
0.355303
0.560406
0.309325
0.643184
0.838999
0.551353
0.667186
0.607426
0.690716
0.671033
0.810589
0.647692
0.365908
0.387918
0.259694
0.383547
0.727207
0.460862
0.34012
0.331469
0.720121
0.407681
0.536877
0.585688
0.517548
1.01728
0.944715
0.353038
0.960759
0.965931
0.566899
0.609044
0.675883
0.601966
0.548568
0.670179
0.227775
0.821098
0.43407
0.606456
0.814726
0.613215
0.250937
0.0713608
0.25888
1.19666
0.388936
0.280612
0.791536
0.915227
0.566937
0.99028
0.513877
0.73188
0.695724
0.781014
0.416735
0.172383
0.9701
0.298662
0.456673
0.858018
0.747309
0.507484
1.32419
0.539084
0.540102
0.554543
1.05902
0.405002
0.905122
0.761375
0.953094
0.445234
0.548369
1.14946
0.246945
0.349406
0.395987
0.244731
0.563872
0.561061
0.929478
0.929863
0.75222
0.645566
0.842886
0.505375
0.805913
0.667831
0.28118
0.333217
1.03359
0.609286
0.602342
0.381491
0.450417
0.923192
0.491338
0.901054
0.223147
0.527806
0.743728
0.54974
1.14825
0.497877
0.580262
0.473285
0.415463
0.575766
0.883287
0.631741
0.879093
0.494316
0.637089
0.510735
1.12319
0.699553
0.979209
0.815647
0.341178
0.612383
0.312804
0.710142
0.95049
0.220221
1.06526
0.369473
0.716554
0.968738
0.580934
0.359986
0.363347
0.56659
0.850198
0.648304
0.908936
1.0482
1.00174
0.770271
0.660989
1.07481
0.276721
0.329012
1.31209
0.585003
0.0555968
1.14889
0.665762
0.473563
1.2302
0.565917
0.416878
0.190632
0.216699
0.5367
0.584286
0.394215
0.872223
0.20512
1.00617
0.426801
0.535475
0.460412
0.321391
0.165606
0.950343
0.203652
0.559908
1.16889
0.965513
0.438112
0.420114
0.953942
0.251226
0.622973
0.514568
0.617917
0.652931
0.298349
0.315942
0.552459
0.918137
0.516773
0.433979
0.517647
0.310588
0.470043
1.04354
0.740359
0.386597
0.900731
0.413353
1.04887
0.250476
0.485184
0.665686
1.01469
0.380569
0.396669
0.904727
0.577209
0.420838
0.601278
0.772999
0.549894
0.788606
0.403564
0.333945
0.567225
0.870464
0.417773
0.664889
0.428238
0.79761
0.364762
0.480233
0.317919
0.95693
0.722858
0.543621
0.661217
0.672907
1.04423
0.691927
0.218083
0.561973
0.543235
0.261059
1.13322
0.770341
0.525705
0.196647
0.548549
0.778151
0.642118
0.497737
0.258756
0.915792
0.651122
0.9844
0.391105
0.600306
0.661788
0.678639
0.774699
1.2357
0.921105
0.566749
0.674605
0.773405
0.503832
1.09702
0.672429
0.869528
0.264811
0.395156
0.588375
0.608699
0.814807
0.629048
0.657832
0.512147
0.501745
0.327307
1.21627
0.723351
0.75377
0.336549
0.489381
0.940068
0.66631
0.443351
0.682483
0.549526
0.612614
0.809019
0.6754
0.770051
0.575512
0.452492
0.136819
0.59105
0.775382
0.404848
0.414105
0.481764
0.798166
0.893984
0.303233
0.928982
0.752303
0.753572
0.337225
0.444685
0.271332
0.254764
0.631574
0.796002
0.540426
0.735556
0.620791
0.36276
0.507469
0.83575
0.48451
0.586996
0.326925
0.921338
0.769726
0.466356
0.886089
0.336695
0.557656
0.879374
0.466416
0.693013
1.01335
0.759933
0.518236
0.738663
0.763537
0.621015
0.551615
0.677003
0.850208
0.481199
0.720364
0.616752
0.5295
0.607724
0.134899
0.62452
0.604363
0.861935
1.10465
0.995706
0.479247
0.600178
0.961007
0.654033
0.814701
0.385381
0.424328
0.912556
0.599836
0.532632
0.209717
0.524453
0.557331
0.736136
0.677459
1.067
0.796311
0.413102
0.639445
0.196298
0.720944
0.737781
0.430969
0.341146
0.695507
0.898488
1.22248
0.414498
0.463238
1.1774
0.978917
0.614436
0.459462
0.821991
0.936295
0.318144
0.425836
0.403534
0.816243
0.507275
0.44166
0.8104
0.609788
0.457664
0.843906
0.488114
0.614744
0.6033
0.218135
0.944288
0.529881
1.10526
0.681688
0.766774
0.331533
0.721564
0.603728
0.803243
0.569065
0.369639
0.235019
0.246022
1.01013
0.510348
0.544564
0.38307
0.667128
0.49833
0.836981
0.380781
0.616532
0.932178
0.261962
0.727031
0.423679
0.401475
0.634293
0.131222
0.264243
0.5945
0.351996
0.245198
0.972533
0.879336
0.752923
0.550687
0.417859
0.537301
0.886798
1.12458
0.755211
0.58452
1.03863
0.63804
0.901975
0.727619
0.487524
0.554828
1.48571
0.789899
0.44598
0.343822
0.315289
0.365456
0.714704
0.488458
0.403312
0.198454
0.579665
0.438373
0.868092
0.829518
1.02513
0.521326
0.862233
0.297141
1.22515
0.312243
0.270988
0.323864
0.882082
0.268545
0.634703
0.325546
0.554704
0.545519
0.518203
0.720456
1.00972
0.483628
0.407719
0.937193
0.414907
0.563317
0.350722
0.133533
0.451374
0.607691
0.461436
0.282596
0.53058
1.12352
1.1694
0.716035
0.845838
0.950794
0.963482
0.707927
0.620168
0.661002
0.698405
0.848129
1.0399
0.206683
1.04269
0.434172
1.13755
0.374734
0.312316
0.836317
0.409337
0.520287
0.368286
0.753564
0.393586
0.482674
0.761376
1.07931
0.485348
0.336274
0.309573
1.02552
0.461624
0.415832
1.02606
0.430409
0.507735
0.229925
0.934326
0.861513
0.628914
0.267751
0.364152
1.13158
1.22542
0.286989
0.14256
0.426401
0.845515
0.53292
0.685573
0.737427
0.652227
0.324965
0.21583
0.784478
0.357366
0.277305
0.481526
0.483827
0.893671
0.598511
0.256073
1.28583
0.484367
0.304001
0.447343
0.21316
0.418355
0.174905
0.618564
0.962366
0.204134
0.241276
0.701669
0.391334
0.642719
1.01458
0.373949
0.832866
0.688929
1.20513
0.613158
0.268298
0.695896
0.853145
0.598199
0.355896
0.701598
0.635465
0.675249
0.456362
0.458924
0.634086
0.829793
0.847427
0.159848
0.435741
0.668127
0.839334
0.837721
0.575258
1.35269
1.04192
0.188529
0.501959
0.472886
0.603738
1.03491
0.384869
0.563392
0.493359
0.312473
0.450582
0.497067
0.527068
0.0980786
0.480185
0.559046
1.07625
0.488393
0.730155
0.298787
0.929636
0.713014
0.60766
0.810127
0.173689
0.514854
0.251304
0.587042
0.434251
0.454918
0.991093
0.396964
0.451135
0.446303
0.492885
0.738063
0.383371
0.555286
0.560248
0.691885
0.517835
1.26107
0.745508
0.96831
0.718755
0.617553
0.574537
0.61147
0.696392
0.651485
0.672796
0.580186
0.611943
1.03322
0.999385
0.847514
0.321747
0.467537
0.485204
0.262062
0.65603
0.352518
0.235924
0.424583
0.442626
0.468022
0.783786
0.452169
0.424172
0.691675
0.461042
0.900746
0.672882
1.00736
0.883853
1.26985
0.612088
1.00755
0.6038
0.711264
0.564339
0.66617
0.539586
0.301601
0.891954
0.871228
0.492077
0.305566
0.649895
0.806313
0.856917
0.769199
0.72199
1.03442
0.4776
0.355843
0.865242
0.455879
0.754648
0.568262
1.09343
1.0603
0.517779
0.854987
0.307636
0.401853
0.633503
0.683009
0.75236
0.51985
0.401241
0.559069
0.331039
0.511472
0.742566
0.261997
0.717501
0.18527
0.482806
0.923657
0.633016
0.717955
0.530199
0.630347
0.472065
0.0874119
1.05492
1.04994
0.522018
0.433549
0.469322
0.709783
0.767561
0.755883
1.26947
0.894689
0.355264
1.28609
0.754598
0.73105
0.516825
0.516613
0.194191
1.12344
0.304757
0.853866
0.501897
0.699359
0.0932806
1.03151
1.02568
0.723638
0.590379
0.563896
0.526705
0.574614
0.258983
0.288991
1.28955
0.764115
0.578254
0.384232
0.710813
0.345886
0.445978
0.254359
0.732592
0.569717
0.52951
0.490249
0.470939
0.882119
0.672614
0.404633
0.926957
0.716893
0.515788
0.611993
0.472355
0.338098
0.43232
0.501689
0.850769
0.219852
0.559894
0.517388
0.545159
0.67191
0.451816
1.09881
0.517764
1.56947
0.130628
0.250418
0.532679
0.503929
0.641767
1.01553
1.06699
0.940738
0.181858
0.973639
0.436301
0.692762
1.30394
0.407758
0.163543
0.860556
0.498532
0.515236
0.734612
0.409861
0.441909
0.188049
0.262664
0.521594
0.675899
0.875841
0.816957
0.426043
0.665988
0.762316
0.239407
0.388887
0.488717
0.838695
0.704074
0.766096
0.2904
1.01625
0.759536
0.502981
0.759044
0.572603
0.093159
0.591803
0.712341
0.368312
0.578179
0.513464
0.457971
0.541088
0.339727
0.391646
0.702306
0.644727
1.15408
0.308586
0.71251
0.778423
0.714521
0.832134
0.508344
0.162118
0.535559
0.472315
0.296818
0.99748
0.377528
0.481576
0.907667
0.280849
0.80936
0.586301
0.967786
0.418397
1.30592
0.687604
1.08986
0.421875
0.533336
0.823194
0.864152
0.672991
0.277369
0.388061
0.909516
0.566616
1.16969
0.572003
0.933385
0.800788
0.886408
0.416288
0.648577
1.14584
0.423012
0.829767
0.586597
1.35187
0.530671
0.576999
0.989527
0.407045
0.356236
0.658505
1.07076
0.281227
0.327289
0.417381
0.394049
0.461909
0.200985
0.779631
0.813024
0.459879
0.66871
0.534082
0.849274
0.730795
0.577134
1.07579
0.844811
0.738204
0.560653
0.495062
0.850141
0.182606
0.537529
0.958825
0.456603
0.277082
0.614937
1.1461
1.16264
0.952927
0.831455
1.09457
0.957165
0.32211
0.775937
0.354592
0.859809
0.428437
0.782994
0.391726
1.0989
0.449535
0.349729
0.923367
0.144643
0.680863
0.930161
0.354424
0.787736
0.879597
0.666303
0.703141
0.661402
0.537444
0.657717
0.585066
0.308806
0.739429
0.449833
0.759119
0.704686
0.737582
0.579736
0.623946
0.533698
0.305223
0.452809
0.276421
0.458303
0.586866
1.24583
1.02491
0.992667
0.585706
0.79489
0.105558
0.63715
0.643025
0.617541
0.7769
0.575288
0.205848
1.18833
0.947244
0.398596
0.757906
0.743246
1.15487
0.56919
0.554723
0.777408
0.514739
0.790621
0.555126
0.638182
0.503076
0.999274
0.161681
0.678247
0.84911
0.742465
0.235771
0.950332
0.594104
0.59408
0.915053
0.693973
0.574388
0.96082
0.679179
0.417273
0.840026
0.596196
1.10236
0.827096
0.406749
1.0665
0.754284
0.85807
0.65188
0.656225
0.501259
1.24231
0.949387
0.432649
0.681943
0.899332
0.587679
0.605483
0.304505
0.474713
0.740455
0.631519
0.273967
0.47887
0.406032
0.74377
0.501198
0.240783
0.513923
0.346999
0.98629
0.252885
0.459905
0.99016
0.42263
0.383998
0.949245
0.739225
1.18157
0.780036
0.945915
0.764689
0.752092
0.827561
0.436483
0.51746
0.605787
0.737364
0.662025
0.543281
0.568519
0.212543
0.701176
0.414162
0.759094
0.640101
0.622737
1.04768
0.455348
0.319295
0.664462
0.824467
0.569443
0.340929
0.369884
0.308768
0.53114
0.539309
0.582094
0.796998
0.884157
0.888896
0.801592
1.06792
0.744399
0.231482
0.464579
0.525676
0.827248
0.736169
0.551632
0.487821
0.450028
0.928172
0.423363
0.665559
0.632435
0.950677
0.386433
0.842877
0.206097
0.476054
0.46827
0.587827
0.918666
0.739037
0.35865
0.781267
0.797875
0.421768
0.470859
0.550819
0.746637
0.689348
0.383653
0.287365
0.635462
0.543906
0.434137
0.351049
0.495355
0.634724
0.468726
0.447479
0.517333
0.334708
0.504362
0.372061
0.321781
1.11008
0.32445
0.471694
0.538663
1.05002
0.95155
0.344902
0.613067
0.502487
0.932084
0.8348
0.445597
0.832554
0.326276
0.465094
0.546319
0.696219
0.795398
0.610483
0.459827
0.493896
0.53863
0.82542
0.570189
0.43074
0.717213
0.463302
0.592348
0.647202
0.186272
0.223664
0.757228
0.697406
0.787237
0.380366
0.710581
0.778426
0.462256
0.554237
0.500696
0.948583
0.509719
0.530623
0.207589
0.643668
1.0448
0.886551
0.597611
0.254507
0.578672
0.432049
0.625115
0.757042
0.873805
0.315386
0.426847
0.741473
0.755769
0.310681
0.555789
0.671662
0.573479
1.02954
0.580546
0.508022
0.399843
0.722047
0.702765
0.98759
0.846034
0.807232
0.328406
0.658549
0.526654
0.847697
0.357772
0.48709
0.413602
0.545201
0.5707
0.298499
0.57442
0.484988
0.279589
0.817306
1.01933
0.375832
0.310392
0.97076
0.613535
0.7175
0.416302
0.688299
0.725885
0.52955
0.398138
0.239884
0.633723
0.446384
0.207209
0.516483
0.475457
0.686346
1.0313
0.886787
0.248316
0.517797
1.01209
0.691726
0.594064
0.527251
0.774468
0.361154
0.639378
0.435785
0.651682
0.563242
0.814851
0.434488
0.373309
0.566266
0.411411
0.666471
0.397834
0.496118
0.380744
0.470772
0.405852
0.406605
0.575817
0.440487
0.438949
0.529011
0.915193
0.485978
0.949584
0.498262
0.596135
0.372923
0.60055
0.288664
0.363137
0.279332
0.361215
0.764449
0.500814
0.348633
0.442095
0.391721
0.714106
0.919988
0.590308
0.777487
0.78031
0.237758
0.954137
0.900916
0.55523
0.646331
