0.621187
1.08324
1.20791
0.758888
0.670234
0.552279
0.337267
0.482768
1.2799
0.534089
0.764483
0.36496
0.849614
0.625632
0.568665
0.537726
0.985618
0.56021
0.35111
0.277392
0.28764
0.483411
0.646562
0.227843
0.468259
0.647288
0.848298
0.312004
0.77977
0.65129
0.774392
0.446465
0.683438
0.895984
0.641702
0.71996
0.570518
0.797369
0.550435
0.445126
0.342554
0.82944
0.281383
0.805219
0.889187
0.505887
0.644264
0.416096
0.803992
0.568769
0.637855
0.904058
0.724621
0.334031
0.767502
0.786438
0.361915
0.156435
0.0697652
1.06948
1.06667
0.817454
0.725808
1.11348
0.783337
0.737587
1.09575
0.625369
0.543084
0.565144
0.513957
0.534121
1.19954
0.568492
0.594668
0.964038
0.613131
0.862637
0.908763
0.69629
0.573291
0.508082
0.429408
0.526313
0.577927
0.479834
0.495882
0.494558
0.226499
0.469846
0.301441
0.836052
1.03199
0.388263
0.529483
0.477403
1.43547
0.621359
0.536342
0.669001
0.637314
0.452295
0.822796
0.55789
0.567839
0.737995
0.478381
0.503379
0.417321
0.759409
0.523504
0.352114
0.474138
0.884643
0.710159
0.305413
0.471564
0.790273
1.08916
0.214465
1.12677
0.574967
0.735211
0.808741
0.366327
0.807712
0.576546
1.21957
0.434811
0.45418
1.03551
0.630752
0.284451
0.282593
0.37223
0.385466
0.86621
0.809813
1.01059
0.302665
0.546671
0.582976
0.723085
0.361639
0.599331
0.800134
0.632588
0.337904
0.618247
0.580004
0.583035
1.13744
0.606521
0.667917
0.553778
0.652146
0.725026
0.230114
0.514243
0.726792
0.198437
0.508335
0.740081
0.298924
0.530778
0.407839
0.466649
0.44208
0.429096
0.387473
0.9051
0.200247
0.583614
0.805751
0.811975
1.15366
0.435548
0.791657
0.701589
0.952716
0.52411
0.310611
0.535112
0.508288
0.619694
0.923947
0.593371
0.386618
0.769131
0.888018
0.713015
0.677199
0.967068
1.00877
0.633981
0.566973
0.927297
0.310186
0.791305
0.29184
0.544256
0.700747
0.908382
0.82215
1.31291
0.726901
0.426801
0.562369
0.648813
0.536951
0.407954
0.366179
0.576026
0.670999
0.603016
0.660948
0.458953
0.559931
0.616061
0.575329
0.884476
0.734157
0.427659
0.564898
0.46254
0.702934
0.618648
0.487856
0.480329
0.267669
0.547652
0.560329
0.42448
0.894356
0.399376
0.45291
0.636072
1.15059
0.535559
0.34121
0.346248
0.784514
1.10108
0.531957
0.657784
0.749975
0.387108
0.897521
0.591258
1.07647
0.893755
0.786456
1.13983
0.640303
0.487085
0.34898
0.46365
0.728281
0.821211
0.999856
0.499633
0.542286
0.686388
0.491901
0.45216
0.396533
0.557074
0.930933
0.534233
0.397844
0.488525
0.312446
0.310976
0.504945
1.03469
1.00937
0.444253
0.372696
0.897425
0.486641
0.412702
0.984023
0.36239
0.430103
0.497672
1.02616
0.724845
0.585301
0.841929
0.581971
0.611072
0.939265
0.135393
0.719176
0.812434
0.484867
0.497323
0.788717
0.703852
0.658939
0.715965
0.386972
0.582313
0.443079
0.393868
1.06131
0.359984
0.237711
0.599679
0.250693
1.03965
1.00795
0.733464
0.776664
0.681729
0.646577
0.63892
0.421832
0.47975
0.453614
0.558547
0.688361
0.309881
1.26907
0.242216
0.738103
0.365025
0.616791
0.434881
0.961857
1.22202
0.451142
0.549006
0.849277
0.250214
0.654553
0.773458
0.815892
0.438245
0.797968
1.2452
0.720445
0.675279
0.437466
0.881783
0.504812
0.846221
0.248883
0.838385
0.630002
0.430461
1.0139
1.22065
0.419434
0.652502
0.599155
0.529055
0.479062
0.977865
0.292584
0.684716
0.650391
0.470181
0.803459
1.05151
0.464643
0.46887
0.471773
0.987388
0.363415
0.182632
0.243738
0.65588
0.324613
0.805825
0.811986
0.523864
0.759492
0.684787
0.582547
0.546524
0.524334
0.492919
0.59743
0.462562
0.263397
0.428622
0.545548
0.469443
0.222623
0.203756
0.311874
0.776355
0.545147
0.745337
0.535192
0.561405
0.827304
0.55557
0.427705
0.521344
0.582435
0.831676
1.03826
0.653901
0.312789
0.428647
0.157017
0.583795
0.587722
0.428358
0.673208
0.751002
0.570119
0.517381
0.383759
0.625442
0.505839
0.949674
0.696581
0.457063
0.347844
0.135019
0.496667
0.333007
0.34446
0.944972
0.361287
1.1921
0.374444
0.5906
0.341744
0.902971
0.3915
0.393569
0.889198
0.758039
0.762163
0.449668
0.749604
0.567481
0.407614
0.267022
0.711327
0.480292
0.561074
1.21569
0.589958
0.440024
1.28214
0.694516
0.394928
0.270207
0.348698
0.069264
0.556781
0.331563
0.422644
0.390608
0.525581
0.7394
0.259305
1.31842
0.646067
0.798131
0.544354
0.565291
0.476713
0.490041
0.994828
0.534569
0.280318
0.602558
0.508342
0.643142
0.599664
0.44983
0.503463
0.484873
0.670587
0.611543
0.664888
0.550199
0.603519
0.215841
0.695091
0.768788
0.825435
0.623466
0.735788
0.663552
0.199426
0.819318
0.246171
0.516031
0.418204
0.326133
0.610123
0.474365
0.735317
0.684934
0.38403
0.757962
0.662475
0.814457
0.535043
0.279403
0.763599
0.296939
0.754352
0.385791
0.813276
0.578812
0.673585
0.819991
0.585624
0.804326
0.471769
0.65549
0.720239
0.712411
0.499276
0.669068
0.320534
0.740236
1.03921
0.910763
0.326254
0.796128
0.412716
0.223133
0.579577
0.888426
0.687027
0.454645
0.26113
0.517079
1.11907
0.547549
0.507344
0.407298
0.602691
0.876174
0.604793
0.751519
0.826653
0.200097
0.412132
0.837388
0.786957
0.760877
1.0275
0.650143
0.546429
0.762023
0.457985
1.10266
1.02701
0.368671
0.546722
0.678296
0.298714
0.515355
0.858642
0.514331
0.619933
0.231206
0.404384
0.184159
0.566835
0.598264
0.238024
0.54276
0.218095
0.494991
0.492152
0.319025
0.359974
0.394499
0.572411
0.571001
0.681325
0.541579
0.273251
0.29468
0.730774
0.834122
0.512383
0.675874
0.582851
0.81026
0.629875
0.642858
0.478442
1.10799
0.744136
0.527513
1.24179
0.700014
0.522735
0.437765
0.410071
0.969243
0.822607
1.11452
1.02763
0.800869
0.226788
0.591547
1.04052
0.87231
0.35283
0.875531
0.659687
0.810062
0.860863
0.597358
0.505791
0.806453
0.342998
0.242798
1.1224
0.744693
0.27585
0.228016
0.452894
0.589647
0.545927
0.388313
0.354757
0.931423
1.04675
0.934537
0.69118
0.56869
0.819112
0.468788
0.252901
0.431721
0.442261
0.700693
0.738518
0.374644
0.254942
0.724694
0.713449
0.428292
0.966028
1.0857
0.921372
0.460438
0.32233
0.704551
1.04055
0.34385
0.438328
0.405295
0.47861
0.598478
0.805043
0.429789
0.807442
0.467843
1.06878
0.71216
0.537058
0.471673
1.00634
0.499467
0.583437
1.03572
0.71743
0.439615
0.428059
1.04915
0.379223
0.792189
0.231631
0.460567
0.424722
0.65026
0.352177
0.648505
0.429252
0.559674
0.636524
0.649772
0.967824
0.939245
0.402336
0.357401
0.621212
0.278221
0.973673
0.80214
0.830193
0.977144
0.433807
0.649239
0.474157
0.563299
0.785799
1.07825
0.387881
1.20806
0.771024
0.652959
0.552191
0.500225
0.476434
0.182181
0.456602
0.859083
0.288572
0.45163
0.671923
0.324879
0.697909
0.691582
0.7641
0.588557
0.286686
0.848551
0.656333
0.527815
0.332222
1.09431
0.379694
0.853671
0.548072
0.190343
0.791335
0.181435
0.730281
0.451106
0.926672
0.801551
0.441826
0.166878
0.446971
0.925268
0.889018
0.568902
0.488587
0.116515
0.845793
0.769324
0.482573
0.461496
0.580728
0.44927
0.658401
0.608477
0.612398
0.76362
0.449855
0.596907
0.891028
0.374151
1.01859
0.556941
0.31434
0.605259
0.799514
0.527498
0.451087
0.470186
0.170592
0.529292
0.399255
0.493087
0.39918
0.644617
0.493276
1.1591
0.523046
0.321365
1.17102
0.997381
0.677445
0.713739
0.537302
1.20613
0.699214
0.605455
0.61969
0.756639
1.30718
0.401919
0.4238
0.598456
0.932042
0.475978
0.698422
1.26085
0.827352
0.592683
0.95249
0.631174
0.63253
0.584147
0.404401
0.938864
1.08572
0.758602
0.679912
0.653758
0.917876
0.707791
0.543347
0.536139
0.43929
0.739726
1.02627
0.327647
0.402988
0.517216
0.456996
0.71559
0.567503
0.37855
0.393632
0.516614
1.25478
0.396071
0.408553
0.590456
0.490181
0.233925
0.798221
0.674951
0.541251
0.450758
0.440634
0.439352
0.76234
0.440192
0.519732
0.462157
0.436817
0.768492
0.830059
0.382181
0.683989
0.447858
0.957364
0.161267
0.319242
1.22758
1.23262
0.846271
0.294488
0.647666
0.659317
0.403488
0.826865
0.378686
1.3978
0.461729
0.703618
0.627012
0.415075
0.733254
0.959767
0.359499
0.658446
0.659644
1.17067
0.818826
0.810325
0.679904
0.699848
1.14801
0.3974
0.618931
0.657969
0.61691
1.22328
0.900675
0.584735
0.529368
0.482903
0.745481
0.407966
0.369583
0.600784
0.908013
0.616786
0.670902
0.289617
0.552058
0.514465
0.695653
0.551344
0.623283
0.45854
1.22774
0.884301
0.420965
0.43775
0.470823
0.540192
0.526351
0.536807
1.25824
0.56458
0.375161
0.542126
0.698573
0.0881701
0.875693
0.672828
0.883193
0.482134
0.599812
0.481668
0.754743
0.563631
0.864094
0.399952
0.735972
0.803684
1.27335
0.604565
0.529984
0.689996
0.487139
0.29278
0.542583
0.696821
0.300958
0.550644
0.378106
0.434833
0.445875
0.222026
1.33476
0.825732
0.729925
0.775379
0.68538
0.354342
0.601715
0.916573
0.504602
0.829996
0.647775
0.474732
0.693673
0.499948
0.589391
1.12268
0.367898
0.460986
0.388166
0.519822
1.12489
0.468886
0.52399
0.491127
0.668198
0.200939
0.415771
0.251423
0.620798
0.839903
0.481017
0.547593
0.614616
0.539741
0.549283
0.600214
0.329063
1.00416
0.564523
0.788139
0.333283
0.513195
0.989222
0.608267
0.648996
0.479767
0.394928
0.165006
0.419698
0.312903
0.85174
0.509984
0.486761
0.571945
0.108299
0.609815
0.285903
0.596221
1.23048
1.00477
0.333387
0.69033
0.97731
0.395811
0.476486
0.626555
1.00048
0.300147
0.642816
0.636783
0.618702
0.599367
0.361881
0.540617
0.506958
0.491471
0.749599
0.679032
0.639308
0.233783
0.64348
0.9294
0.271808
0.849425
0.948035
0.630611
0.313313
0.476645
1.24916
0.593013
0.424461
0.823258
0.544783
0.428975
0.626199
0.786756
0.543308
0.596287
0.839466
0.68133
0.811092
0.517448
0.411053
0.660051
0.208288
0.719169
0.881683
0.61908
0.695815
0.404009
0.594328
0.498724
1.46745
0.900022
1.18917
0.566865
0.392978
0.958569
0.671232
0.806205
0.420862
0.545017
0.662052
0.964139
0.630961
0.27141
0.339875
0.710411
0.762532
0.475166
0.28851
0.342009
0.550551
0.952627
0.344671
0.77822
0.404003
0.2035
0.651184
0.51916
0.397037
0.229847
0.86384
0.690557
0.229723
0.850618
0.529328
0.770635
0.309233
0.667519
0.339699
0.409662
0.557596
0.617907
0.595571
0.543556
0.542244
0.536736
0.597988
0.547609
0.352658
0.399166
0.971246
0.487699
0.382858
1.04939
0.94839
0.184563
0.600023
0.870465
0.17864
0.876406
0.629668
0.626326
0.695354
0.277695
0.588854
0.202709
1.03805
0.863607
1.21654
0.225831
0.361655
0.442491
0.264721
0.41119
0.489689
0.619651
0.900981
0.444134
0.60822
0.519494
0.728738
0.704464
0.783221
0.282576
0.199515
0.971221
0.595647
0.472975
0.330207
0.638234
0.434374
0.640753
0.679964
0.512718
0.661369
0.812103
0.42772
0.720731
0.451528
0.841412
0.500645
0.199064
1.0325
0.528136
0.565985
0.338492
0.947637
0.834547
0.286303
0.561137
0.83272
0.60845
0.815136
0.448745
0.607138
0.837005
0.495007
0.498325
0.41034
0.529427
0.487393
0.858226
0.618643
1.20847
0.557501
0.675956
0.441814
0.773116
0.574391
0.411084
0.378669
0.365791
0.904446
0.48457
0.553062
0.416641
0.354398
0.77067
0.620589
0.788822
0.553048
0.586015
0.803083
0.227765
0.75793
0.827176
0.270934
0.225352
1.2765
1.14191
0.596354
0.557875
0.300464
0.720407
0.736349
0.393558
0.408043
0.700724
0.184639
0.889532
0.789885
1.01711
0.333901
0.50735
0.710568
0.642922
0.366677
0.817097
0.634471
0.332791
1.11176
0.757781
0.950962
0.540326
1.17376
0.534357
0.760786
0.560114
0.48655
0.494707
0.853156
1.02113
0.233419
0.402882
0.305399
0.787454
0.916955
0.593592
0.664591
0.794337
0.784696
0.494001
0.481132
0.242462
0.331463
0.494065
0.90647
0.558726
0.475633
0.497754
0.456929
1.1011
0.664843
1.23384
0.512755
0.164844
1.02157
0.707905
0.70326
0.570416
0.534601
0.680155
0.522488
0.609707
0.545578
0.603784
0.393413
0.405043
0.20017
0.607295
0.317425
0.803746
0.735267
0.57658
0.375731
0.516806
0.817238
0.285691
0.415814
0.59351
1.20129
0.327563
0.906456
0.643949
0.494348
0.945963
0.170538
0.736778
0.475744
0.511216
0.775547
0.446686
0.552562
0.518186
0.215638
0.347636
0.332395
0.419322
0.843338
0.434733
0.759487
1.06192
0.475857
0.519353
0.489476
0.444699
0.714508
0.900548
1.20857
0.791035
0.462508
0.276708
0.336592
1.15134
0.500038
0.590897
0.310286
0.832538
0.480208
1.00416
0.939921
0.394866
0.378267
0.315555
0.569923
0.659589
0.391413
0.379328
0.849532
0.83388
0.959674
0.12246
0.763917
0.397702
0.723944
0.384045
0.574841
1.18228
0.531543
0.529254
0.381795
0.671942
0.278394
0.826629
0.769288
0.655313
1.11041
0.783056
0.461
0.900583
0.162393
0.567414
0.39077
0.757783
0.526569
0.41618
0.395175
0.346938
0.491275
0.235711
0.508611
0.911976
0.79525
0.507009
0.909386
0.285768
0.759362
0.628681
0.286905
0.886435
0.925215
0.965838
1.13431
0.912907
0.7222
0.69605
0.536597
0.75095
0.422041
0.261464
0.606267
1.11247
0.376474
0.493468
0.50808
0.252489
0.991367
0.409299
0.898366
0.34618
1.02285
0.340146
0.416814
0.952441
0.745415
0.51756
0.347998
0.586833
0.579862
0.934835
0.439984
1.05707
0.0552467
0.375646
0.40064
1.38444
0.703445
0.279982
0.563336
0.642704
0.226817
0.829319
0.631516
0.132166
0.519562
1.01148
0.30952
0.502797
0.32862
0.863807
0.585778
0.998356
0.889277
0.367546
0.965179
0.409209
0.908918
0.866138
0.952509
0.303957
0.390031
0.340204
0.75673
0.842777
0.935994
0.683683
0.706745
0.361182
0.252565
0.568851
0.454011
0.580217
0.505788
1.04167
0.664156
0.452118
1.18153
1.11456
0.552676
0.541872
0.64079
0.610729
0.79074
0.951874
1.00039
0.57816
0.788369
0.80141
0.197905
0.469148
0.495861
0.683882
0.651221
1.14253
0.597565
0.958233
0.343687
0.873604
0.885885
0.424761
0.466471
1.06405
0.547385
0.676294
0.439292
0.679949
0.786354
0.787276
0.25386
0.959075
0.604502
0.899567
0.519107
0.388639
0.836087
0.383523
0.893141
0.670245
0.839069
0.463971
0.532466
0.338993
0.546256
1.19534
0.673798
0.60819
0.472205
0.88382
0.360857
0.955223
0.507145
0.849138
0.695928
0.94225
0.774308
0.483237
0.27158
0.653261
0.40593
0.362619
0.891485
0.678986
0.744824
0.685733
0.404749
0.488394
0.348158
0.332707
0.752279
0.399154
0.296172
0.595763
0.950787
0.898866
1.00886
1.07205
0.885267
0.631495
0.198113
0.472585
0.72109
0.982614
0.640456
0.67821
0.506185
0.447379
0.568825
0.654109
0.715922
0.471036
0.887158
0.738731
0.453265
1.15223
0.488881
0.131475
1.09185
0.706222
0.584888
0.408412
1.27164
0.831256
0.385109
0.434736
0.585554
0.391737
0.726161
0.417858
0.51234
0.77705
1.0172
0.667891
0.734585
0.227873
0.561763
0.614492
0.590369
0.340342
0.674228
1.25527
0.281462
0.190559
0.761268
0.995217
0.652789
0.847656
0.502837
0.331448
0.235421
0.429572
0.437187
0.462873
0.424285
0.707834
0.834117
0.660714
0.457196
1.05963
0.522042
0.226255
0.403965
0.682239
0.723564
0.647572
0.380659
0.739131
0.889203
0.941191
0.335186
0.436576
0.896262
0.643548
0.931388
0.476069
0.599876
0.486438
0.851328
0.644137
0.931629
0.790256
0.379618
0.913211
0.448324
0.614615
0.265953
0.37221
0.542733
0.402677
0.532834
0.57962
0.390634
0.978042
0.879769
0.829175
0.714321
0.627324
0.492257
0.882078
0.494725
0.567543
0.692288
0.931934
0.669686
0.518544
0.466416
0.523757
1.05525
0.77622
0.673664
0.851015
0.233493
0.593783
0.332486
0.654859
0.389683
0.951481
0.449386
0.657983
0.187492
0.421729
0.938044
0.775664
0.165677
0.631113
0.322167
0.66801
0.468026
0.60679
0.159892
0.531071
0.480477
0.408142
0.511542
0.601573
0.796572
0.504063
0.455265
0.468225
0.969696
0.181859
0.72585
0.57792
0.288902
0.678739
0.748835
0.917807
0.409533
0.596104
0.479208
0.353881
0.425402
0.310079
0.526095
0.629684
0.443185
0.744496
0.567878
0.435435
0.846758
0.513153
0.37938
0.355717
0.644645
0.603999
0.64675
0.877828
0.512877
0.417834
0.481604
1.17952
0.633169
0.859888
0.465774
0.209026
0.558547
0.774145
0.284381
0.308704
0.515911
0.689806
0.452285
0.424471
0.535826
0.543992
0.65212
0.769619
1.00906
0.652957
0.621105
0.882679
0.185702
0.617551
0.570439
0.0961887
0.353599
0.484352
0.20246
1.23214
0.721445
0.52842
0.557112
0.356446
0.850883
0.612878
0.544465
0.523856
0.420279
0.862468
0.558908
0.741521
0.570744
0.712068
0.56817
0.265302
0.632519
0.612589
0.664715
0.400182
0.364871
0.384438
0.732717
0.518633
0.960709
0.449876
0.340935
0.292259
0.387392
0.593066
0.567074
0.774233
0.32705
0.282905
0.731016
0.108407
0.810202
0.339368
0.408621
0.733789
0.417376
0.722851
0.609171
0.56258
0.378644
1.20712
0.935836
0.720792
0.59649
0.680071
0.579811
0.509598
0.434353
0.695696
0.954077
0.100832
0.49115
0.28958
0.389455
0.497645
0.159988
0.386357
0.518518
0.623536
0.574085
1.21239
0.959997
0.298489
0.626196
0.722559
0.943939
0.406624
0.501174
0.446628
0.403777
0.61203
0.725092
0.597604
0.54784
0.30818
0.948999
0.535886
0.15238
0.409231
0.445632
0.432016
0.575017
0.329483
0.66862
0.727114
0.79727
0.426352
0.270938
0.519512
0.696281
0.461766
0.859481
0.787672
0.27963
0.762905
0.39396
0.749014
0.840183
0.754628
0.875486
0.481752
1.00833
0.25642
0.617066
0.887145
0.541537
0.510384
0.103496
0.62847
0.456261
0.634392
0.551162
0.788007
0.636914
0.655562
0.937467
0.280757
0.325655
0.780377
0.281404
0.420987
0.467503
1.05045
1.25863
0.543281
0.521681
0.951085
0.355559
1.21604
0.423592
0.295142
1.00852
0.709618
0.656658
0.877166
0.678626
0.640443
0.763246
0.830281
0.525999
0.424675
0.654643
0.66897
0.626426
0.607418
0.382483
0.779425
0.757026
0.311457
0.327437
0.62839
0.45141
0.921906
0.832965
0.543315
0.252414
0.869742
0.847284
0.970798
0.380427
0.497772
0.975514
0.845131
0.471495
0.237159
0.377628
0.502378
0.453825
0.569664
0.689023
0.750982
1.20735
0.424255
0.749006
0.392876
0.729567
0.65877
0.652823
1.16979
0.424444
0.843284
0.63015
0.256926
0.912577
0.835696
0.614381
0.493521
0.565329
0.535169
0.722671
0.528015
0.549656
0.677465
0.44003
0.465604
0.371985
0.775802
0.847849
0.57654
0.718109
0.136911
0.815653
0.290709
0.899179
0.400106
0.306486
1.00488
0.66507
0.426757
0.317421
0.442891
0.6151
0.475327
0.780483
0.408099
0.295872
0.863703
0.396471
0.629814
0.75357
0.597218
0.63436
1.05662
0.779126
0.75527
0.621284
0.639959
0.427987
0.434648
0.787636
0.650893
0.653642
0.818555
0.494328
0.534491
0.485292
0.763044
0.393077
0.674373
0.65095
0.508474
0.343042
0.448883
0.559032
0.401946
0.896536
0.660694
0.415964
1.0527
0.640061
0.43528
0.84977
0.687981
0.473197
0.401612
0.0937457
0.403115
0.312414
0.601184
0.384396
0.510941
0.86364
0.308667
0.610242
0.588383
0.604651
0.866974
0.472334
0.481466
0.89479
0.525791
0.331991
0.505385
0.9698
0.35149
0.482849
0.36753
0.738634
0.533775
0.367808
0.298811
0.409477
0.384547
0.543266
1.04888
1.02485
1.25647
0.771754
1.02517
0.694624
0.449382
0.223979
0.519849
0.664832
0.569685
0.634884
0.748605
0.370419
0.474794
0.432115
0.581801
0.584556
0.182868
0.678283
0.85709
0.602418
0.574163
1.05042
0.329123
0.603919
0.63737
0.493683
0.782101
0.353162
0.845704
0.560611
0.703379
0.660769
0.439402
0.496428
0.422835
0.271958
0.906435
0.57919
0.613114
0.433878
0.820515
1.02938
0.857958
0.755598
0.892176
0.658427
0.433962
0.587494
0.753635
0.380324
0.67659
0.741557
0.751835
0.964109
0.910543
0.47117
1.20695
0.377688
0.496898
0.785501
0.38898
0.827577
0.691138
0.39706
0.791601
0.767646
0.757229
0.253227
0.298552
0.655962
0.612492
0.459125
0.553184
0.483489
0.710233
0.418701
0.321717
0.628065
0.691128
0.737368
0.755247
0.881982
0.464006
0.92133
0.870877
0.502366
0.752624
0.646855
0.821394
0.822989
0.786801
0.631159
0.779617
0.590323
0.770167
0.433578
0.479311
0.665592
0.726315
0.258788
0.57759
0.555399
0.846983
0.656015
0.668467
0.660717
0.604198
0.75311
0.86727
0.776364
0.437458
1.00711
0.992936
0.69734
0.230959
0.680387
0.549911
0.20006
0.601348
0.652025
0.482981
0.411078
0.817101
0.4059
0.54694
1.12079
0.672966
1.03065
0.255181
0.422113
0.718434
0.636575
0.64675
1.03836
0.452124
0.60987
0.791776
0.397971
0.618957
0.426228
0.732796
0.340895
1.17359
0.200178
0.199727
0.877221
0.252002
0.773466
0.36169
0.992004
0.35012
0.315938
0.863833
0.732381
0.30849
0.766954
0.805409
0.447414
0.596707
0.819031
0.85276
0.865833
0.551644
0.361881
0.484333
0.463243
0.529014
0.962698
0.757989
0.478749
0.32264
0.32961
0.382881
0.779411
0.70915
0.373029
1.08972
0.138383
0.781376
0.399093
0.693078
0.604355
0.484645
0.462507
0.518685
0.977369
0.627634
0.623942
0.547404
0.504014
0.298929
0.937091
0.696353
0.485194
0.586995
0.171284
0.316942
0.827352
0.53857
0.71098
0.527247
0.745451
0.61364
1.14715
0.643033
0.435845
0.698687
1.1781
0.528228
0.221379
0.516238
0.366443
0.82922
1.14015
0.80533
0.381048
0.982356
0.708946
0.824076
0.661484
0.72257
1.1322
1.06973
0.683727
0.46936
0.443319
0.557501
0.369058
0.672086
0.558459
0.559243
0.523208
1.04379
0.21602
0.413319
0.938998
0.652513
0.969334
0.415828
1.03103
0.578347
0.230105
0.36054
0.209415
0.537449
0.903828
0.460496
0.286332
0.722741
0.434053
0.73555
0.244435
1.03274
0.551705
1.2164
0.184153
0.711002
0.490776
1.05354
0.947754
0.369806
0.764851
0.0892472
0.735903
0.143985
0.486923
0.99914
0.640934
0.649178
0.612047
1.02096
0.182201
0.696569
0.565129
0.538854
0.72148
0.791849
0.374193
0.227608
0.336907
0.705184
0.733459
0.830609
0.912659
0.65096
0.495973
0.288232
0.595959
0.618503
1.00543
0.478733
0.802222
0.189324
0.450925
1.03532
0.51435
0.942042
0.477656
1.25517
0.536176
0.852662
0.5872
0.69087
0.731769
0.308608
0.46164
0.742771
0.74038
0.669054
0.553318
0.397749
0.459605
0.544615
0.929668
0.455231
1.16915
0.516157
1.22125
1.03826
0.467172
0.74005
0.39697
0.10483
0.6016
0.546652
0.481005
1.07918
0.983707
0.947871
0.509548
0.893376
0.73799
0.631192
0.287896
0.324002
0.38747
0.403672
0.533362
0.479843
0.644486
0.298904
0.721324
0.446375
1.06274
0.330307
0.210277
0.728346
0.880816
0.430749
0.390755
0.50511
0.883346
0.379231
0.136954
0.809259
0.862821
0.7278
0.520016
0.343975
0.54045
0.542579
0.168725
0.258558
0.50535
0.43761
0.563671
0.910902
0.331245
0.289388
0.550337
0.593108
0.815003
0.704817
0.263494
0.41106
0.393753
0.984132
0.484631
1.20365
0.817638
0.660899
0.917553
0.802052
0.621173
0.572221
0.453943
0.208718
0.538891
0.387101
0.509834
0.338215
0.782433
0.515541
0.401138
0.481591
0.211451
0.491481
0.573774
0.886196
0.578263
0.249942
0.366183
0.462891
0.218347
0.953349
0.376465
0.841542
0.570206
0.53598
0.578843
0.684995
0.944226
0.573146
0.421021
0.544694
0.57433
0.354462
0.856346
0.530207
0.666819
0.578903
0.479468
0.599909
0.835026
0.598467
0.386433
0.212838
0.607192
0.597341
0.403015
0.451217
0.515502
0.387014
0.553802
0.475712
0.626544
0.640673
0.718815
0.339359
0.682385
1.07285
1.07079
0.83885
0.271221
0.162984
0.607285
0.631671
0.80028
0.407426
0.331169
0.50655
0.606791
0.821487
0.607022
0.465265
0.387903
0.805816
0.813193
0.768757
0.904919
1.00301
0.418385
0.362884
0.824809
0.760082
0.293787
0.746383
0.332417
0.648999
0.586711
0.835128
0.500007
0.773843
0.63254
0.467237
0.106976
0.500132
0.33501
0.525711
1.07661
0.537964
0.564412
0.547017
0.439721
0.490583
1.02624
0.265293
0.446413
0.617383
0.492197
0.793264
0.194198
0.620109
0.709715
0.718106
0.779086
0.504689
0.719682
0.395599
0.339863
0.498636
0.580937
0.550024
0.609095
0.42611
0.603429
0.296942
0.479307
0.363675
0.734102
0.438391
0.573141
0.348536
0.913166
1.12465
0.190475
1.25788
0.500349
0.883296
0.552325
0.769144
0.305564
0.52025
0.491893
1.04596
0.489646
0.692026
0.575409
0.787701
0.377335
0.510443
0.18571
0.404129
0.538781
0.412731
0.341426
0.539061
0.776994
0.547781
0.24801
0.415232
0.838299
0.859937
0.737903
0.513
0.658694
0.923433
0.402762
0.281098
0.612409
0.587982
0.815322
0.285295
0.972273
0.363641
0.79541
0.928562
0.392054
0.139721
0.856528
0.215778
0.657677
0.628903
0.646126
0.790699
0.435373
0.666216
0.686
0.428984
0.626028
0.796293
0.377884
0.710267
0.634766
0.609648
0.677243
0.327002
0.269945
0.583374
0.783849
0.471525
1.04354
0.963424
0.455218
0.633966
0.341559
0.712086
0.484952
0.643729
0.638106
0.846557
0.44083
1.12999
0.442942
0.48199
0.908971
0.568358
1.09903
0.321468
0.634685
0.559034
0.581303
0.443574
0.648064
0.965952
0.562276
0.245211
0.900096
0.734906
0.884517
0.76285
0.692807
0.82093
0.912483
0.653522
0.601353
0.992543
0.750148
0.380227
0.386862
0.849485
0.598351
0.906955
0.686375
0.568509
0.616226
0.808717
0.626352
0.569704
0.702954
0.704527
0.719085
0.386267
1.11866
0.854465
1.21935
0.375605
0.610938
0.71645
0.619965
0.683196
0.539183
0.346283
0.58868
0.576305
0.462374
0.934831
0.907573
0.651201
0.757735
0.732764
0.513076
0.97008
0.420239
0.320785
0.87108
0.210041
0.805109
0.599372
0.535502
0.2605
0.594033
0.874089
0.731595
0.435151
0.415758
0.648882
0.48245
0.561798
0.522802
0.767882
0.484368
0.55972
0.60881
0.409421
0.928052
1.03377
0.835462
0.359345
0.771965
1.05961
0.798512
0.488422
0.668153
0.557869
1.14655
0.527233
0.310007
0.954083
0.274176
0.359379
0.240096
0.502573
1.03921
0.828018
0.240784
0.866896
0.338694
0.755353
0.907909
0.929184
0.636671
1.16858
0.543327
0.211005
0.245953
0.540755
1.00744
0.422113
0.812039
0.658728
0.436773
0.458781
0.241269
0.836752
0.767783
0.531223
0.456209
0.469879
0.853946
0.53621
0.57658
0.451625
0.643014
0.756222
0.809241
0.86172
1.04792
0.208429
0.137136
0.794979
1.0518
0.471212
1.06824
0.865444
0.551062
0.838405
0.496204
0.873774
0.527479
0.143768
0.423237
0.455093
0.685265
0.328705
0.512654
0.197608
0.333352
0.652999
1.18468
0.296876
0.36054
0.25452
0.755479
0.689989
0.803667
1.1593
0.674311
0.918566
0.752325
0.488383
0.286608
0.422384
0.56098
0.586351
0.540904
0.912551
0.864046
0.772338
0.725257
0.319366
0.190905
0.482637
0.81638
0.493814
0.863296
0.365633
0.35307
0.432357
1.08307
1.04141
0.738447
0.434954
0.425628
1.02999
0.691307
0.453236
0.609644
0.686772
0.748792
0.55192
0.916047
0.678415
0.826033
0.428219
0.61647
0.784138
0.617201
0.341813
0.520441
0.614685
0.758835
0.346103
0.777694
0.455698
0.489999
0.853295
0.603119
0.929899
0.489281
0.814868
0.523495
0.434089
0.979365
0.417779
0.351514
0.283414
0.446875
0.886202
0.443193
1.3022
1.03311
0.832883
0.542414
0.507932
1.30462
0.968421
0.837174
1.06317
0.528207
0.360057
0.56713
0.724901
0.388271
0.350885
0.369579
0.26474
0.748017
0.749189
