0.000958481
0.000625929
0.0077015
0.000510527
0.000205119
0.00241116
0.171827
0.000230606
0
0.0132732
0.000287217
0.00413025
0.00289274
0.000139478
0.00177839
0.0160873
0.000216244
0.000210309
7.38838e-05
0.0279012
0.000616093
9.42528e-05
8.76061e-05
0.00320904
0
0.00104183
0.000693423
0.00206557
0.000488985
0.00428143
0.000198389
1.49012e-08
0.00666932
0.00254091
0.00137905
0.00235399
0.000676925
0.000338077
0.00108285
0.00243845
0.00417492
0.00131476
0.00121966
0
0.00103534
0.000130698
0.0438873
0.000537845
0.00453263
0.000317813
0.00316205
0.00212596
0.00275856
0
6.8044e-05
0.00088817
2.69405e-05
0.00258285
0.00028673
9.25342e-06
0.000585757
0.000185585
0.0016638
0.00436526
0.000139058
9.81122e-05
0.00141348
0.000168605
0.00759376
0.00280142
0.000178535
0.001342
0.000595125
0.00269416
0.00609357
0.791943
1.01619
1.27723
1.15342
0.833581
1.20246
1.12432
0.330578
0.503975
0.773986
0.643207
0.488613
0.453182
0.944626
0.025591
0.559062
0.460323
0.821641
1.41319
1.18084
0.628972
0.707613
0.745378
1.23354
0.364855
0.828821
1.85762
0.516857
1.2558
1.38233
1.24561
0.434956
1.20186
0.797918
1.13916
0.656209
0.560385
0.183775
0.828167
0.122847
0.483056
0.149494
0.692148
0.112501
0.575205
0.566244
0.577898
0.761297
0.599345
0.936402
0.853463
1.14841
0.995587
0.85423
0.481935
0.0919049
0.746933
1.35415
0.271995
1.40011
0.188701
0.302869
0.296828
0.650013
0.698536
0.460465
0.998852
0.601463
1.09857
0.609359
0.686627
0.203034
0.312012
0.438618
0.79976
0.603862
0.610979
0.326514
0.416184
0.885455
0.682419
0.309672
0.558212
1.09048
0.195217
0.954923
0.821193
0.166961
0.400813
0.807148
0.917628
0.363035
1.3176
0.349797
1.66012
1.28833
0.834103
1.07803
1.60129
0.249091
0.556985
1.06022
0.885491
1.30144
0.885908
0.414107
0.756635
1.34627
0.690673
0.674265
0.813088
0.470762
1.48509
0.739454
1.7929
0.738486
0.660331
0.743103
1.26073
0.489794
1.16814
0.517225
1.29121
1.00086
1.89676
0.259633
1.936
1.14206
1.10858
1.40719
0.627237
1.11088
0.757642
1.08369
0.297581
1.28966
0.668276
0.784374
0.309987
0.471856
0.443728
0.101711
0.525857
0.132041
0.751708
1.68328
0.257741
1.79319
0.56141
0.546072
0.435704
0.939198
2.13613
0.64191
0.285587
0.719363
0.410494
0.755924
0.536617
0.476228
0.443621
0.354694
0.781002
0.255218
0.136586
1.01945
0.407616
0.357991
1.20899
0.669542
0.922659
0.85961
1.08213
0.729229
1.05723
1.03163
0.733397
1.32742
0.56822
0.728044
0.43564
0.519562
0.923388
0.866966
0.530144
0.454031
0.781536
0.77847
1.71254
0.49628
1.136
2.10732
0.226424
1.28993
1.67708
1.18571
0.542243
0.887213
0.365486
0.637512
0.697832
0.666818
0.494043
1.54908
0.19049
0.783565
0.311498
0.978265
1.38402
0.799
0.314528
1.80863
1.11106
1.27772
1.25343
1.63661
1.84381
0.094896
0.92151
1.80448
0.836958
0.642589
0.650785
0.241922
0.58698
0.860719
0.453664
0.806307
0.0861816
0.534088
0.297581
0.698679
0.36967
1.04012
1.12855
0.333453
0.158789
1.10857
0.407438
0.26024
0.163886
0.390348
0.319051
0.376283
0.29245
0.224234
0.532193
0.360994
0.972741
0.144121
0.487633
0.272154
1.29555
1.34774
0.0532711
0.222717
0.779205
1.33924
0.532014
0.293699
0.938661
0.755184
0.276442
0.500493
1.58993
0.83514
0.136695
0.28269
1.17937
0.404989
0.0291078
0.380362
0.659274
0.263065
1.00822
1.75013
0.744145
0.23992
1.09035
0.8529
1.01139
0.908144
0.562749
0.406113
0.867724
0.641783
0.392389
0.341328
0.556239
0.268092
0.912495
0.340631
1.03365
0.0807109
0.00758906
0.922747
0.622326
0.467269
0.644743
0.131008
1.18764
1.15227
1.18579
0.127078
1.0484
1.70345
0.648189
0.161641
0.456295
0.828679
1.0719
0.599254
0.152336
0.390013
0.6857
0.617588
0.458636
0.745235
0.328596
0.739847
1.33476
0.0837768
0.856804
0.510722
0.236046
1.20943
0.446057
0.892891
0.802273
0.142253
0.458723
0.93402
0.50992
0.402232
1.2541
0.487872
0.924125
0.883187
0.51323
0.739378
0.249303
0.250934
0.837844
1.00763
0.263763
0.600708
0.223612
0.405608
0.580122
0.210963
1.36219
0.887518
0.717005
0.423536
0.596648
0.725442
0.338613
0.233321
0.917887
0.683283
0.323073
0.833625
0.498955
0.350207
0.738533
0.714322
1.15246
1.17445
0.577045
0.759202
0.192206
0.576153
0.297658
1.02806
0.76672
0.327325
0.210112
1.04126
1.60112
0.445416
1.40356
1.26616
0.262908
0.406647
0.627411
1.80619
0.733987
0.60228
1.6079
0.212755
0.247065
0.370778
1.31446
0.891196
1.29641
0.821409
0.536133
0.505001
0.632668
0.986375
0.968858
1.07987
0.417139
0.495431
0.549336
0.0487602
0.591032
0.768935
0.629763
0.421639
1.18821
0.518496
0.546681
0.161974
0.0153458
0.941016
1.13863
0.691117
0.563258
0.133357
0.616935
0.53103
1.4138
0.518216
0.659278
0.574681
0.177473
0.369864
0.23227
0.946896
0.610764
0.706133
0.482962
0.296561
0.58236
0.569735
0.262625
0.244038
1.07591
0.545749
0.394631
0.354533
0.649939
0.97715
0.317764
0.640363
0.568054
0.756436
0.299995
1.01939
0.46421
0.48414
0.346328
0.518662
0.480561
0.987154
0.0389189
0.716424
0.349668
0.204776
0.332707
0.498464
0.616767
1.1218
1.37023
0.490672
0.600026
0.0742568
1.03976
1.94546
0.315769
0.441403
1.0786
0.983198
0.510455
0.52507
0.682719
0.465233
0.448879
1.80629
0.36376
0.340046
0.968136
0.463128
0.314025
0.25136
0.0984886
0.666923
1.21258
0.754161
0.115833
0.312341
0.403535
0.558691
0.914606
0.971134
0.322365
1.16166
0.540344
0.644818
1.18946
0.631344
1.1716
0.790681
0.622667
0.592924
0.865263
0.793979
0.500477
0.89369
1.3501
0.131204
0.277426
0.770817
0.807847
1.10291
1.29844
0.352542
0.255725
0.68289
0.525228
0.269479
0.878574
0.989826
0.908477
0.153917
0.982673
0.81373
0.410766
0.985011
0.365803
1.03368
0.0238813
1.3306
0.295431
0.606792
1.24352
0.527567
0.920223
0.851997
0.640757
1.19283
1.00912
0.343115
0.291515
1.40702
0.647524
0.207424
0.124532
0.415867
1.04147
0.917723
1.12676
0.0200766
0.782924
1.0526
0.181026
0.487453
0.263683
0.576744
0.71452
0.483159
0.350753
0.897375
0.538125
0.248482
0.595511
1.12383
1.2348
0.462965
0.145721
0.972185
1.02549
1.02603
0.749706
0.441169
0.377627
0.225562
0.20966
0.850314
0.686318
1.19346
0.396256
0.466829
1.03129
0.379729
0.64827
0.614513
0.397071
0.394639
1.04073
0.250646
0.918964
0.0626653
0.440939
0.652122
1.0412
0.300258
0.392987
1.06684
0.618881
0.0556652
0.571688
0.858634
0.335688
0.654513
0.611915
0.249435
0.180716
0.191959
0.212396
0.75593
0.932972
0.452908
1.30717
1.52598
0.358131
0.40109
0.743999
0.767615
0.331704
0.86852
1.15876
0.667009
0.770205
0.239303
0.760301
0.736441
0.867819
0.806828
0.671601
1.13531
1.20157
0.845589
0.791163
0.262227
1.36032
0.264401
0.144406
0.768956
0.236868
0.517594
0.454899
0.58326
0.990043
0.437583
0.62892
0.965641
1.2324
0.223515
1.85036
0.133414
0.544725
0.352107
0.115421
0.639887
0.569656
0.637596
1.61856
0.480258
0.683524
1.03032
0.916018
0.0853311
1.90384
0.854298
0.970505
0.415994
0.963296
0.0410324
0.438408
0.96951
0.453658
0.798304
1.5222
0.748916
1.75026
0.882639
0.737548
0.917756
0.422438
0.426958
0.880462
0.181009
0.285706
1.13419
0.317981
0.52789
0.706534
0.978977
1.79651
0.730866
0.163229
1.28681
0.789894
0.519742
1.72504
0.334234
0.786424
0.245961
2.17501
0.848253
0.428096
0.0202024
0.42035
1.13518
1.0017
1.23979
0.90841
0.936222
0.443084
1.03545
2.09112
0.532042
0.67383
0.525672
2.06243
0.670869
0.51057
0.819593
0.093987
1.12911
1.46048
0.430754
0.208712
0.0973841
0.363313
0.792166
0.54045
0.521936
0.30211
1.27453
0.418802
0.577461
0.558527
0.403219
0.458444
0.896321
0.947409
0.687212
0.840661
0.318626
0.52663
0.48711
0.516761
1.52926
0.36055
0.879381
0.448831
0.446283
0.640185
0.464438
0.293418
0.497203
1.36987
1.03189
0.454876
0.452942
0.437463
0.958369
0.56257
0.399425
0.640843
1.07827
0.155761
0.425313
1.09375
0.122323
0.77502
0.448253
0.413773
0.14286
0.367516
0.742944
0.368051
0.570646
0.855959
0.518653
0.995394
0.195838
1.35615
0.265113
0.829608
1.19546
0.417439
1.09385
0.27887
1.21959
0.577241
0.494356
0.942928
1.39958
1.07022
0.881599
1.27923
0.911428
0.598638
0.274519
1.04482
1.2267
0.674897
0.477052
0.358265
0.394283
0.53257
0.255038
1.70624
0.0731277
0.252727
0.624786
0.41888
1.37832
0.637363
1.00965
0.693553
0.911787
0.804112
0.433615
0.490187
0.447527
0.848781
0.573894
0.902469
1.5994
1.69823
0.579225
0.831942
0.17283
0.705383
0.614686
0.581509
0.247692
0.453091
1.23823
0.0565891
1.01613
0.396226
0.680294
0.718326
0.239151
0.681282
0.273049
1.30082
1.17726
0.377007
0.484514
0.883101
0.821633
0.766624
0.605263
0.676264
1.43029
1.40549
1.56653
0.277099
0.375265
1.60955
0.294183
0.63425
1.41891
0.620471
1.14218
0.858651
1.22012
0.380825
0.437512
0.795263
0.584403
0.349391
1.12335
1.0729
1.06439
0.310063
0.737219
0.469595
1.57072
0.254964
0.516985
0.359752
0.361119
1.61237
1.17965
1.2696
0.632573
0.647689
0.52089
0.40819
0.613707
0.719464
1.22581
0.94115
1.1663
0.77969
0.568374
0.320328
0.746064
0.66169
0.152213
0.156915
0.442557
0.61756
0.413525
1.19507
0.234589
0.0645772
0.11662
0.8716
0.913011
0.425861
0.559666
0.893877
0.713018
1.27884
0.858408
0.464825
0.475784
0.447511
1.20789
0.120591
0.319213
0.646266
1.27306
1.5726
0.941179
0.809894
0.484925
0.0107259
1.01171
0.718114
0.437285
0.590339
0.862473
0.755971
0.795426
0.800018
0.363462
0.855099
0.593974
0.439654
1.50243
0.264047
0.869951
1.70389
0.406589
1.42675
0.454678
0.883695
1.43084
0.464391
0.267427
0.730678
0.583114
0.923697
0.544488
0.990909
1.10661
0.687301
0.121758
0.370747
0.73803
0.417989
0.651926
0.494763
0.180845
1.88121
0.70588
0.78563
0.617453
0.853333
0.992334
0.208096
0.32202
0.229322
0.628224
0.38043
0.524201
2.18931
0.522943
0.81099
0.294573
0.173719
0.162183
0.787088
0.467275
0.807183
1.1087
0.468064
0.517504
0.403093
0.30511
0.785156
0.94451
0.742758
1.01907
1.01449
1.25276
0.729102
0.292274
1.6742
0.351009
0.425286
0.395273
0.429035
1.08374
0.866169
0.653209
1.3338
1.36656
0.631584
0.152939
0.218787
0.474478
2.0374
0.00310165
0.325577
0.204182
0.360591
0.900756
0.844672
0.498852
0.417421
1.24819
0.788085
1.45429
0.537697
0.400941
1.15776
0.428422
0.881621
0.598356
0.386802
1.12978
1.42839
0.9
2.10401
0.494298
0.7495
0.439324
0.568502
0.980488
0.475456
0.839785
0.275156
1.46357
0.775362
1.60391
0.7935
0.709165
0.971028
0.305064
0.358163
0.747449
0.39221
1.21502
1.63659
0.678629
0.263533
0.512055
0.730532
0.43549
0.258954
0.750085
0.202025
0.541929
0.859857
1.1813
0.912547
0.904088
0.954234
0.597959
0.405936
0.817288
0.629161
0.424567
0.297731
1.08216
0.304292
0.168311
0.468184
0.284653
0.523927
1.09648
0.206775
1.11057
0.483336
0.287047
1.44001
0.777096
0.447337
0.0578235
0.441241
0.507579
0.178956
0.503327
0.488711
0.542708
0.68913
0.300801
0.261348
1.03573
1.34792
0.821433
0.288285
0.334088
0.353453
0.981195
0.254982
0.378276
0.824173
0.312081
0.840312
0.369128
0.840396
1.0365
0.60059
1.25029
0.438305
1.17951
0.236599
0.567814
0.744583
0.42994
0.842396
0.240134
1.29408
0.54463
0.615407
0.397654
0.554491
1.32809
0.425582
0.147345
1.04808
0.393514
0.222461
0.856354
1.30644
0.787579
1.08762
0.83952
0.836934
1.66022
0.951093
0.97152
0.401868
0.239252
0.905273
0.833624
0.419076
1.0533
1.11772
0.155169
0.300224
1.34585
0.45584
0.696045
1.13045
0.531126
1.46965
0.394913
0.437891
0.949924
0.714709
0.528956
0.291586
0.651644
1.30241
1.35769
0.262988
0.586901
1.37753
0.51755
0.436137
0.484054
0.5371
0.799803
0.480569
0.454837
0.324126
0.832742
0.149709
0.355687
1.30686
0.546745
1.31556
0.26537
0.315674
0.161272
0.869508
0.590189
0.235113
0.903773
0.338224
0.842169
0.820139
0.960299
1.57804
0.727595
0.367582
0.227943
0.375718
0.420708
0.500223
0.957823
0.982169
0.802455
0.422477
0.224411
0.623741
1.42876
0.678812
0.796589
0.366802
0.124607
0.571207
0.741066
0.261561
0.501182
0.827975
0.0582265
0.751267
0.989156
0.99448
0.533232
0.470926
0.719348
0.592904
0.525278
0.0545146
0.82603
1.09427
0.0579808
0.773451
0.432718
1.0275
0.377244
1.35571
1.24235
0.429402
0.0731341
0.643956
0.489516
0.201528
0.411888
0.236109
0.935322
0.163242
0.651953
0.32346
0.704573
0.423232
0.284263
0.340887
0.401229
0.467654
1.21806
0.943098
0.666559
0.493458
0.507313
0.745732
0.402551
1.04638
0.902957
0.613301
0.978845
0.531575
0.335363
0.385038
0.231388
0.390193
1.40432
0.755485
0.606792
0.450483
0.570132
0.643423
0.551739
0.270287
0.515288
0.0765911
0.26592
0.504102
0.800469
1.69451
0.571116
0.887984
1.64865
0.784964
1.42802
0.821817
0.643145
0.469854
0.507404
0.681775
0.324579
1.31475
0.833385
1.4246
0.482517
1.89921
1.0309
0.393969
0.320349
0.486418
0.516144
0.986713
1.19918
0.126686
0.293524
0.745556
0.56208
0.477341
0.589291
0.683448
0.738021
1.34125
0.501508
0.747684
0.286624
0.775728
0.571564
0.721823
0.399171
0.0618385
0.23575
0.825512
2.02903
0.803862
1.65011
1.54736
1.42679
0.564895
0.895887
0.261316
0.752437
0.56582
0.201225
1.14517
0.739414
0.549079
0.671624
0.512598
0.0268208
0.807796
1.5782
0.292627
0.446922
0.0745957
1.21798
1.84284
0.275221
0.587887
0.693158
0.162196
0.661198
0.303887
0.819012
1.05841
0.820948
1.18883
0.921207
0.928474
0.850654
0.70769
0.3364
0.92973
0.350916
0.848642
0.580698
0.123004
1.07322
0.178025
0.242773
0.243916
1.75971
1.7666
0.644933
0.272691
0.349512
1.46193
0.359925
0.361779
0.917652
1.11758
0.399978
0.859332
0.999038
0.746457
0.757014
0.0828886
0.516461
0.357349
1.38587
0.530752
0.124702
1.21436
0.573775
1.23195
1.34917
0.745094
0.914176
1.10718
0.409357
0.37533
0.842185
0.994078
0.443827
1.27792
0.81009
1.42373
0.829498
0.134364
0.658182
0.797554
0.434139
0.64718
0.39895
0.528223
0.647671
0.24703
1.51443
0.669815
0.464639
0.881939
1.69197
0.449242
0.482096
0.272365
0.200091
0.617425
1.65331
0.5305
0.342705
0.576317
1.3239
0.516654
0.512878
0.339642
0.661983
0.609432
0.198601
1.41168
1.97732
0.378224
0.739142
0.793885
0.372429
0.688804
0.661935
0.877572
0.0910683
0.718912
0.370732
0.453513
0.741274
0.28907
1.29579
0.857184
0.584297
0.481766
1.20112
0.75598
0.838164
0.364195
0.258129
0.306792
0.545814
0.589572
0.203925
0.13078
1.21971
0.315488
0.244901
1.24651
1.77681
0.598134
0.892652
0.314612
0.302494
0.461086
1.03017
0.663447
1.90257
0.705502
1.43602
0.648114
0.461244
0.573526
0.772072
0.365734
0.406552
0.484807
1.60276
0.69195
0.512943
0.608047
0.45519
0.256391
0.171545
0.459379
0.283688
0.424189
0.605997
1.38184
0.545257
0.869658
0.522067
0.960089
1.32352
0.93712
0.222859
0.975439
1.041
0.463663
1.54312
0.975906
0.773357
0.363383
0.733786
0.735515
0.107982
0.371976
0.277928
0.501254
0.27384
0.108445
1.23157
0.896754
0.0457821
0.645224
0.73557
0.472484
0.61885
0.784303
0.54971
0.817927
0.260182
0.181303
1.27874
1.02908
1.30238
0.462986
0.846146
0.52737
0.254821
0.485727
1.38567
0.073874
0.846016
0.954048
0.133401
0.552809
0.769945
0.469609
0.0916038
0.781011
0.485193
0.317759
1.34178
0.414463
0.29486
0.832661
0.817832
0.589054
0.305004
0.227261
0.469186
0.280558
0.47536
0.306387
0.603866
0.279649
0.654143
0.426584
0.0790913
0.559208
0.567184
0.721651
0.172664
0.313075
0.801139
1.9541
0.651424
0.678193
0.718279
1.17928
1.25511
0.346714
0.215255
0.453806
0.295891
0.472107
0.161136
0.689731
1.29686
1.42738
0.310933
0.908775
0.564985
1.10831
1.58791
0.524683
0.901022
0.871778
0.439778
0.626509
0.405418
1.2439
0.873971
1.91774
0.559434
0.419024
0.338318
0.47978
0.599971
0.595522
1.35813
0.926431
0.794504
0.995814
0.399032
1.22015
0.565738
0.595174
0.192019
1.40262
0.179645
0.801555
0.248888
0.449714
1.20083
0.88562
0.625582
0.412415
1.80924
1.54943
1.14427
0.900033
0.752155
1.22173
0.499909
0.676512
0.86136
0.517822
0.943691
1.23265
0.388466
0.49777
0.458912
1.54192
0.705561
0.861304
0.456561
0.700724
0.349331
0.445441
0.457973
0.839906
0.302396
0.607142
0.612756
0.225851
0.470685
0.340075
0.439231
0.440713
0.624152
0.834737
0.831112
0.578371
1.38957
0.268565
0.628255
0.521609
1.17863
0.285932
1.02995
0.538877
0.833212
0.81061
0.334691
0.666407
0.703736
0.222266
0.921795
0.346988
0.367346
1.22722
0.910205
0.310926
0.74312
1.23982
0.607292
1.02128
0.389038
1.22115
1.051
0.0591395
0.302894
0.731388
0.398728
0.228342
0.605014
0.157015
1.09184
0.613136
1.1525
0.820255
0.84706
0.66511
0.479362
0.297609
1.29315
0.437067
0.644851
0.431967
0.913537
1.10185
1.08601
0.342207
0.8781
0.71269
0.816312
0.378782
2.01591
1.02662
0.927951
0.57892
1.03466
0.169484
0.201999
1.30182
0.0350588
1.97775
1.05873
0.994146
0.246812
0.182303
0.381747
0.610299
0.314412
0.608984
1.42738
0.786469
0.192349
0.559521
1.05544
0.0848902
0.651983
0.547748
0.375313
0.157232
0.891385
0.332999
0.651124
0.361792
1.04335
0.623716
1.34319
0.603946
0.646295
1.88289
0.684351
0.215381
1.71015
0.392422
1.08208
1.2304
0.558638
0.205201
0.465966
1.16857
1.83958
0.630977
0.974015
0.138043
0.60617
0.8371
0.16849
1.37251
0.824345
0.411055
0.704317
0.185309
0.748752
0.760979
0.271966
1.48097
0.56425
0.30086
0.611876
0.554101
0.280711
1.09719
0.227278
0.662384
1.67334
1.07442
0.397895
1.48552
0.338519
0.513875
0.721133
0.714506
0.729662
0.60558
0.64187
0.457544
0.520289
1.21852
1.44722
0.828457
1.00601
0.658858
0.9761
0.27159
0.491766
1.35921
0.635461
0.333254
0.128503
0.47445
0.785847
0.176466
0.924513
0.917921
0.55658
0.145162
0.797156
0.270743
0.697902
0.517616
1.28718
0.280112
1.30777
1.46726
0.529875
0.465298
0.763356
0.200901
0.718932
0.652717
0.045513
0.710335
0.664219
0.90527
0.88568
1.14341
0.345113
1.10777
1.96364
0.281087
0.444228
0.659952
0.182879
1.33861
0.789724
0.463796
0.159468
0.830417
0.382472
0.952653
0.900505
0.482105
0.829709
0.0739803
0.792518
0.527261
0.803716
1.86695
0.267296
0.348582
0.708917
0.701989
0.333889
0.265231
0.541625
0.945985
0.792744
0.352243
0.437033
0.845658
0.683029
0.897725
0.405887
0.602478
0.373171
0.648875
0.691947
0.329603
0.248748
1.91371
0.442829
0.612245
0.866333
0.698178
0.397333
0.117329
0.52343
0.431316
0.457016
0.978498
0.587419
0.433374
0.153128
0.577549
1.27622
1.06633
0.680738
1.05499
0.439592
0.367847
0.339539
0.461321
1.65746
0.460848
0.43897
0.479793
0.590032
0.993704
0.396363
0.181054
0.732638
1.278
0.852672
0.719098
0.670198
0.86001
0.504326
1.33736
0.765885
0.834338
0.645458
0.24652
0.368641
0.736411
0.954933
0.97848
0.698297
1.11777
0.806611
0.863522
1.05092
1.13173
0.875709
0.49689
0.125107
0.508689
0.344486
0.496465
0.707919
0.685076
1.63141
0.909941
1.10865
1.34088
0.518894
1.26399
0.644488
0.28919
0.193824
0.762881
1.48802
0.537321
0.472664
0.524682
0.97469
0.210914
0.684922
0.659432
1.31809
0.10027
0.266804
0.441835
0.996111
0.573822
1.35028
0.696071
0.763876
0.422371
0.668631
1.09983
0.539923
0.958345
1.43291
0.505546
0.241583
0.691273
0.236676
0.711687
0.572689
1.23459
0.424574
0.473911
0.938023
0.432939
0.811705
0.387319
0.20005
1.92228
1.36891
1.28871
0.811425
0.976628
0.537668
0.0767733
0.38842
1.45423
0.39878
0.605938
0.867489
1.06779
0.414969
0.756213
0.53409
1.13423
0.452071
0.675247
0.731814
0.566008
0.976626
0.901551
0.205929
0.982335
1.40535
0.510133
0.317655
1.19559
0.710407
1.0121
1.0617
0.772474
0.836404
0.0782946
0.0618264
0.6612
0.668519
0.19779
0.82971
2.10421
1.32299
0.271646
1.16809
0.810545
0.812663
0.0113851
0.421649
0.199805
0.562044
0.501459
1.40609
0.366089
1.07959
0.588689
0.397442
0.109646
0.284159
0.435364
0.761221
1.22402
0.433947
0.134684
1.19117
0.22595
0.845497
0.275899
0.474826
0.737746
0.994157
0.449027
0.749841
0.50927
0.396117
1.506
0.469155
0.376491
0.629645
0.878215
1.02448
0.556343
0.379452
1.01547
0.209866
0.519594
1.02166
0.918567
0.156372
0.997627
0.45245
1.14902
1.10656
0.415141
1.78187
0.548635
0.276104
0.136999
0.837076
1.02277
0.333224
0.940463
0.818968
0.335568
0.612074
0.856806
0.562884
0.366246
1.19684
0.36236
0.874039
1.16398
0.887329
0.848947
0.846722
0.582873
1.68177
0.394132
0.834848
0.854539
0.85956
0.106365
0.724033
0.8378
0.30541
0.897712
0.954661
0.371798
0.905564
0.751461
0.496046
0.429873
0.704215
0.497035
0.511025
0.567758
1.17176
0.134614
0.566517
1.11039
0.997188
0.233187
1.56785
0.179773
0.848514
1.1031
0.827096
0.512032
0.582798
0.173024
0.416467
1.47186
1.08778
0.244969
0.322466
1.39687
0.658404
0.972126
0.0836791
0.385911
0.949589
0.409866
1.02504
0.857318
0.697675
0.323743
0.25093
1.06432
0.815336
0.197029
0.64637
0.447529
0.721046
0.248715
0.29026
0.586163
0.832341
0.790144
2.06414
0.136766
0.586804
0.298903
0.900072
0.722234
0.146222
0.527191
0.388559
0.728396
0.775039
1.26909
1.06395
0.439018
0.185153
1.16972
0.392703
0.483794
0.579595
1.72257
0.47059
0.576888
0.192038
0.445716
0.711497
0.639987
0.099877
0.679204
0.931154
0.511406
0.413788
0.126475
0.352714
0.792611
0.549648
0.653671
0.372233
0.220231
0.611949
0.599052
0.127961
0.704099
0.302569
0.134568
0.548179
0.330117
0.292961
0.193589
0.591306
0.496576
0.483408
0.363336
0.854591
0.582059
1.76469
0.987739
0.4919
0.097698
0.0759086
0.262103
0.845638
0.829295
0.667941
0.204453
0.358686
0.229971
0.461872
0.566016
0.574401
0.436211
0.514038
1.20436
0.19166
0.360634
0.387977
0.0491057
0.508727
1.26075
0.382212
0.950514
0.526233
0.319891
0.996665
0.494893
0.629003
0.402299
0.3283
1.3737
0.131119
0.552518
0.150258
0.443109
0.0777792
0.208465
0.38711
0.663356
0.198423
0.797844
0.566779
0.755921
0.439428
0.662282
0.460856
0.413744
0.312118
0.775536
1.52974
0.595767
0.293728
0.432975
0.703532
0.708056
0.590842
0.147932
0.314865
0.829949
0.45552
0.0158715
2.06705
0.596352
0.691706
1.33485
0.541785
0.757265
0.297451
1.35595
0.965552
0.807113
0.757518
0.384343
0.419768
0.411742
0.213473
0.140826
0.527106
0.518723
0.393083
0.236009
0.948098
0.752867
0.140904
0.0938489
1.28702
0.400081
0.333981
0.317947
0.763324
0.687245
0.158018
0.425865
0.222387
1.05599
0.339042
0.292458
0.306582
0.110798
1.63413
0.715173
0.846498
0.402489
0.784279
0.743717
0.31747
0.395555
0.5209
0.971775
0.499887
0.608665
0.915349
0.666272
0.569204
1.06965
1.58167
0.822831
0.767499
0.236328
0.811195
1.12597
0.745125
0.330478
0.317896
0.574234
0.609042
0.617969
0.668359
0.329004
0.477189
0.519578
0.620275
0.550001
0.626215
0.447764
0.632398
0.725482
0.264378
0.231539
0.678281
1.11019
0.41135
0.505297
0.587719
0.681162
0.452453
1.07563
0.300035
1.16524
0.933055
0.10544
0.147733
0.250765
0.113626
1.29584
1.42279
0.678018
1.04306
0.27021
0.25849
0.163177
0.157106
1.28121
0.741898
1.04082
0.600137
0.277535
0.596294
0.613387
0.236048
1.13517
0.300943
0.692262
0.819422
0.410496
0.559468
0.994783
0.626431
0.75344
0.269239
0.106318
0.245853
0.389741
0.795041
0.310686
0.557415
0.818594
1.29472
1.00468
0.637385
0.616956
0.655947
0.61187
0.291289
0.302044
0.673282
0.537578
0.268293
1.69595
1.09487
1.0287
0.21131
0.937165
0.451167
1.49031
0.221075
0.484618
0.813462
0.800529
0.464424
0.581919
1.28017
0.63226
0.47916
0.533442
0.103872
0.335213
0.642194
0.325018
0.259623
0.0269048
1.1341
0.525423
0.698968
0.368902
0.897365
0.386952
0.336172
1.20716
0.523436
0.684008
0.558127
0.806071
0.220977
0.602608
0.0938545
0.570718
0.949755
0.310801
1.13469
0.0981548
0.208727
1.22186
0.774375
0.935418
0.462765
0.199644
1.3569
0.265701
0.812801
0.128882
1.23074
1.08415
0.057484
0.839821
0.125407
1.02031
0.617032
0.348267
0.176109
0.340222
0.290439
0.252677
0.63308
1.0031
0.66951
0.744413
0.285998
0.434646
0.503199
1.13613
0.750341
0.485581
0.607054
0.860212
0.636479
0.762182
1.36578
0.993496
0.187489
0.68629
0.466868
1.60792
0.184581
0.242177
0.576196
0.557249
0.522699
0.547318
0.728082
0.610312
0.774119
0.817184
0.339667
0.305727
0.498445
0.686863
0.32906
0.390169
1.13187
0.847142
1.03768
0.980006
0.783464
0.282643
0.292805
0.293596
0.492842
0.281921
0.409412
0.579654
1.09969
0.304945
1.71664
1.51236
0.837275
0.699817
0.958497
0.629827
0.646371
0.828024
0.732443
0.52798
0.378959
0.284224
0.674783
0.571129
0.138171
0.427938
0.410336
0.568378
0.858805
0.833833
0.47383
1.51647
0.687634
0.79229
0.395442
0.591726
0.58317
0.526363
0.93993
0.495999
0.307691
0.580438
0.576395
0.539002
0.659086
0.924225
0.420261
0.728289
0.830315
0.528649
0.2395
1.00587
0.330622
0.502132
0.420895
0.342504
1.79508
0.128781
0.888713
0.598227
1.28965
0.045256
0.489336
0.66676
0.443326
0.81434
0.643743
0.685419
0.918034
1.09693
1.37702
0.341746
0.585905
0.0826523
1.5631
0.310553
0.294797
0.42161
0.716167
0.593351
0.347497
0.355318
0.106521
0.816604
0.254908
0.504596
0.621644
0.785165
0.795433
0.108271
0.90291
0.258191
1.41488
0.609413
0.407211
1.11812
0.255014
0.354644
0.546364
0.357538
1.71607
0.399541
0.89696
0.629926
0.547134
0.33342
0.633106
0.588465
0.568005
0.528129
1.01261
0.84242
0.55619
0.585155
0.662224
0.803736
1.38707
0.669773
0.542211
0.74693
0.587686
0.267633
1.01564
0.908431
0.519075
1.4866
0.443802
0.332549
0.839945
0.550156
1.39289
0.100649
1.07293
0.36199
0.247661
0.182085
1.08205
0.681159
0.104169
0.887791
0.800518
0.317028
0.150695
0.469553
0.191515
0.329718
0.146291
0.905561
0.389162
0.470755
0.424781
0.76996
0.91164
0.547666
0.386431
0.533317
0.205231
0.631625
0.544371
0.171705
0.480282
0.544062
0.820051
0.109101
0.284498
0.970421
1.93272
1.55459
0.577119
1.07682
0.46741
0.641551
0.116508
0.646618
0.667013
0.982471
0.47599
0.37678
0.354765
0.959991
0.296673
0.976471
0.228879
0.789288
0.22252
0.533672
0.33657
0.464885
0.604807
0.662068
0.442858
1.21251
0.378099
0.345307
0.241492
0.81439
0.128565
0.898111
0.835351
1.68878
0.222152
0.728418
0.593384
0.353518
1.15236
0.311354
0.286492
1.25757
0.488012
0.691079
0.866141
0.223105
0.254315
0.637377
0.929206
0.130853
1.16902
0.625913
0.67324
1.16363
0.642995
0.42136
1.0345
0.383071
1.12298
0.922824
0.711126
0.556769
0.338042
0.452342
0.0363702
0.145832
0.30099
0.496957
0.458461
0.261144
0.538874
0.69885
0.222039
0.321624
0.207236
0.523977
0.814098
0.788543
0.239903
1.45396
0.167983
0.673557
0.773661
0.341345
0.689968
0.65899
1.71695
0.50006
0.448727
1.27706
0.901883
0.464189
0.210568
0.663828
1.00525
0.629856
1.36071
0.0645318
0.231528
0.349428
0.828401
0.455673
0.179438
0.0948216
0.516411
0.377611
0.321596
0.374896
0.220938
0.604135
0.781757
0.809501
0.727515
0.418043
0.34495
0.600727
0.412127
0.938195
0.188471
0.334027
0.390536
0.0831141
0.80385
0.594525
0.202536
0.570859
1.10831
0.844657
0.506581
1.22722
0.476452
1.00164
0.904562
1.08703
0.297896
0.873334
0.453102
1.14075
0.469148
0.0808709
0.186161
0.731845
1.27285
0.55126
0.252847
1.16948
0.914269
0.65422
0.453509
0.245078
1.12505
0.794827
1.20972
0.173543
1.13448
0.57154
0.778559
0.996126
1.09386
0.605107
0.48136
1.81083
0.457569
0.0577883
1.18048
0.479809
0.453958
0.7281
0.134633
0.383943
0.410352
0.107442
0.435954
1.03187
0.473283
0.527229
0.962999
0.334634
0.57944
0.941613
0.822633
0.360354
1.01631
0.458208
0.456695
0.394286
0.698416
0.610942
0.78465
0.663669
0.981799
0.620686
1.13304
0.639274
1.30818
0.738153
0.347647
0.304096
1.45019
0.843016
0.959302
0.549776
0.0910008
0.493518
0.351607
0.348893
0.410177
0.706803
0.462009
0.527194
1.15054
1.05289
0.899897
1.52121
1.15935
0.470764
0.521405
1.24722
0.269395
0.573729
1.21562
1.57337
0.889528
0.881968
1.77757
0.469259
0.669215
1.14245
0.400478
1.00968
0.784283
0.815991
0.533771
0.358057
0.764743
0.703715
0.552538
0.985893
0.510352
0.394959
0.391753
0.961302
1.02846
0.232095
1.56363
0.930781
0.721783
0.477847
0.52773
0.948185
0.723994
0.786937
0.474672
0.165507
1.40294
0.783312
0.429419
0.521368
0.598682
0.781471
0.467789
0.48086
1.37617
0.256008
0.396891
0.689825
0.517386
1.10575
0.878456
0.70255
0.0652365
0.528969
0.606397
0.478153
0.18993
0.409819
1.45385
1.21458
0.704008
1.77449
1.61125
0.500506
1.19394
1.14387
0.689739
0.800857
0.339813
0.146481
0.487015
0.195512
0.672239
0.243864
1.68103
0.617887
0.994697
0.526799
0.385744
1.54194
1.16153
0.603774
1.27457
0.913722
0.831444
0.261993
0.686545
1.16643
0.604638
0.755266
1.15388
0.291927
0.941734
0.466075
0.676839
0.445218
0.859881
0.619781
1.18628
0.662608
0.995879
0.665603
0.86979
0.54539
0.198875
0.937239
1.3362
0.0601333
1.03328
0.342871
0.261755
0.365672
0.10812
0.551289
0.945604
0.715778
0.833128
0.617805
0.141469
0.852649
0.698836
0.318237
1.01813
0.976922
0.425579
0.416893
0.45837
0.578226
0.980461
0.753573
1.59032
0.946628
0.380404
0.415932
0.46062
1.09225
0.964497
1.43062
0.233357
0.963286
0.649433
0.272085
0.34067
1.03997
0.336137
0.916437
0.909191
0.673463
0.881099
1.35743
0.687123
0.360001
0.0844229
0.889993
0.656659
0.886499
0.662736
0.535154
1.29318
0.307421
0.799044
0.157117
0.97031
0.330014
1.26035
0.528682
1.25721
0.129165
0.426544
0.766953
0.177753
1.2859
0.530124
0.491291
0.193015
0.0990744
0.659136
0.62568
1.30319
1.09555
1.0564
0.301667
1.16072
1.18273
0.658377
0.345589
1.43041
1.46524
0.592468
0.188012
0.508777
0.492897
0.356864
1.17364
0.319171
0.505556
0.715421
0.408604
0.239281
0.0300515
0.543341
0.57698
1.19347
0.686841
0.973864
1.15735
0.0932107
0.991343
0.96597
0.586721
0.153397
0.695659
0.608771
0.522354
0.434771
0.91315
0.341261
1.21846
0.834303
1.02937
1.63746
0.152358
1.42503
0.287775
1.23447
0.557604
0.661789
0.250699
0.571941
0.636607
1.09634
0.834376
1.13594
1.00927
0.236091
1.13173
1.05575
1.12311
0.347639
0.966612
0.5102
0.794351
0.605737
0.497277
1.25593
0.370762
0.60676
1.22504
1.19895
0.304519
0.792301
0.338662
0.636512
1.10636
0.274367
0.746382
0.447928
0.803344
0.620272
0.53461
0.287652
0.447054
1.12629
0.801569
1.90615
1.58559
0.874157
0.559218
1.02459
0.74597
0.293425
0.0919835
0.953481
0.623396
0.509471
0.237685
0.821278
0.640787
0.19545
0.308501
1.1561
0.622515
0.374757
0.7827
0.660706
1.15553
0.274016
1.24877
0.421821
0.936092
0.287742
1.31941
1.05252
0.901113
0.348556
1.30941
0.786682
1.01209
0.925535
0.621405
0.545235
0.367764
0.644207
0.183187
0.366786
0.15208
1.4705
1.70154
0.660455
0.833928
1.04957
0.792309
1.38281
1.18144
0.11238
0.280425
0.896849
0.385447
0.625838
0.171821
0.128417
0.335918
0.33914
2.29147
0.766708
0.821514
1.08462
0.432429
0.673334
0.362464
1.23701
0.491917
0.32731
0.430594
0.541628
1.17299
0.500494
0.457037
0.429345
1.11163
0.263606
0.467183
0.763678
0.518597
0.58028
0.168216
1.60074
1.78163
0.642656
0.615704
0.383076
0.198794
0.297958
1.00511
1.00298
0.636459
1.12391
0.936874
0.626915
0.450274
0.524304
0.516638
0.687307
1.06177
0.174601
2.23179
1.93248
0.20808
1.12651
0.917928
1.47915
1.91456
1.1949
0.991617
0.181238
0.398787
0.087228
0.224281
0.165486
0.352919
1.24615
0.488484
1.02876
0.780057
0.261892
1.08279
0.715379
0.897739
0.822994
1.08114
0.543448
0.0215
0.26665
0.471132
1.04037
0.648535
0.505659
0.101105
1.59159
0.781242
0.107675
0.121839
0.35774
0.80603
0.501649
1.91324
1.80878
0.369161
0.992742
0.328196
0.0633877
0.815931
0.485335
0.893881
0.885302
0.875177
0.373798
0.433057
0.567598
0.926569
0.712723
0.643873
0.294055
0.785691
1.41598
0.321251
0.830566
0.471102
0.515622
0.650444
0.805925
0.193743
0.691431
0.363139
0.18756
0.374152
0.171649
0.999762
0.782123
0.3916
0.439012
1.08548
1.48465
0.946745
1.07776
0.30344
1.02405
0.500369
1.17853
0.793553
0.666491
0.300483
0.677537
0.361979
0.298976
0.925807
0.479751
0.795248
0.88761
1.36493
0.76001
0.889388
0.427169
0.273455
0.906564
0.845714
0.38621
0.704241
0.303918
0.985688
0.744891
0.289175
1.04423
0.8349
0.642011
0.384969
0.306936
0.844665
0.723375
1.43209
1.11854
0.864347
0.205295
0.712494
0.369269
0.830165
0.241358
0.844628
0.3259
0.297142
0.901809
0.0615286
1.37923
0.966145
0.272276
0.262066
0.267209
0.208211
0.230623
0.425446
0.856485
0.196607
0.102438
0.446042
0.404166
0.718513
0.346381
0.900571
1.11555
0.18895
0.415504
0.098835
0.398469
1.04839
0.165935
1.11849
1.17468
0.225202
0.429943
0.744263
1.13994
0.317358
0.114487
1.03877
0.790182
0.766322
1.01038
1.052
1.08735
1.14139
0.715535
1.106
1.54414
0.771658
1.10267
0.77347
0.616294
0.320776
0.621925
0.303372
0.608942
1.57597
0.325829
0.290818
0.368808
1.33098
1.59229
1.65868
0.564
0.66613
0.765048
0.281421
0.342206
0.640035
0.191898
0.316489
0.143872
0.446684
1.29507
0.315187
0.669185
0.980267
1.85564
0.935848
0.383546
0.371367
0.620916
0.881474
0.612494
0.70634
0.742597
1.09851
0.637783
0.724782
0.399325
0.341778
0.597821
0.278686
0.260526
0.929136
0.33621
0.253257
0.805524
0.711006
0.7167
1.48257
0.540569
0.140278
1.23575
0.49982
1.59351
0.527646
0.223112
0.394718
1.24533
0.788732
0.26203
0.85176
1.69411
0.0121345
0.154165
0.87638
0.0711264
0.28434
0.901495
0.624937
0.356776
0.752647
0.362599
0.299082
0.425473
0.789091
1.27393
2.06186
0.584294
0.485969
0.271828
0.535636
0.906512
0.506693
0.783988
0.361819
0.230064
1.00271
2.10025
0.37319
0.826908
1.11114
1.80804
0.419711
1.0391
0.467267
0.507007
0.485634
1.35943
0.911874
0.639593
0.86654
0.714253
1.21476
0.677471
1.01637
1.30591
0.137138
0.780764
1.42545
0.293341
1.33462
0.748806
0.477315
0.634713
0.420364
0.279684
0.227225
1.32166
0.614089
1.26625
1.18941
1.5231
0.823914
0.23327
0.929643
0.346666
0.350329
1.95434
1.02671
1.32666
0.215467
0.948301
1.45592
0.518533
0.613745
0.88685
0.965067
0.613341
0.681951
0.15293
0.474542
0.789747
0.287963
0.726402
1.04132
1.09359
0.116676
1.12756
0.60233
0.91634
1.38065
1.57794
0.362442
1.7432
0.562113
0.785521
0.804975
0.337189
0.80597
1.11767
0.833721
0.605347
0.537399
0.549347
0.957153
0.940855
0.570904
0.920374
0.391701
0.151446
1.55587
0.186168
0.668483
1.036
0.318054
0.187675
0.637895
0.437356
0.219381
0.436943
0.728951
0.803536
0.863347
0.63755
0.622034
1.10719
0.576867
0.289804
1.51987
0.427927
0.565194
0.0304908
0.612164
0.378523
1.3545
0.938406
0.392991
1.23873
1.15944
0.572681
0.491048
0.798547
0.20246
0.559197
1.26988
0.557447
0.692091
0.325041
0.436655
0.661597
0.271707
0.86792
1.26073
0.280976
0.992329
1.28378
0.655009
1.38844
0.25406
1.39527
0.876121
0.536048
0.520574
1.26365
0.589842
0.815734
0.0802797
0.323438
0.907499
0.623782
0.607216
0.473965
1.26306
0.561622
0.342155
0.583012
1.04525
0.553113
1.37976
0.655014
1.70029
0.443011
0.117572
0.207589
1.20923
0.102302
0.769424
0.233027
0.370704
1.48376
0.932972
0.287496
0.119054
0.534829
0.413664
0.692393
1.69063
0.999198
0.707024
0.447756
0.89435
1.93502
1.05074
0.223798
0.629724
1.28634
0.474325
0.532
1.18418
1.32083
0.338006
1.2561
0.262234
0.590023
0.366472
0.382562
0.57783
0.450817
1.37338
0.654486
1.83305
0.504988
0.937786
0.937945
0.403982
0.685279
1.02979
0.751652
1.04128
0.710134
0.334842
1.59264
0.648681
0.110047
0.154039
0.18113
1.07975
0.483209
0.967053
1.0866
0.359822
0.259018
0.954264
0.74348
0.798514
1.03145
1.2044
0.442662
1.12529
0.169794
1.63072
0.434996
0.840779
0.444131
0.594665
0.642444
0.318861
1.51173
0.810234
0.856789
0.21534
0.722198
0.591254
0.395934
0.975402
0.554448
1.29857
0.975385
0.336967
1.10548
1.10953
0.830122
1.93368
0.907749
1.48688
0.55929
0.365308
1.10411
0.693835
1.12501
0.708649
0.588066
1.259
0.805333
0.155557
1.33475
0.182485
0.330578
0.629596
1.1131
0.233977
0.637931
0.621721
0.358305
0.0998462
1.15111
0.343697
0.655856
0.660867
0.33674
0.722553
0.251083
0.485085
0.7717
0.210906
0.566251
0.435084
0.105669
1.74824
0.512254
0.388107
0.884203
1.20665
0.671373
0.385994
0.773583
0.236969
1.10474
0.356079
1.78761
0.160698
0.216856
0.721748
1.43116
0.694516
0.293217
0.407042
0.531969
1.88249
0.984838
0.730355
0.868274
0.358548
1.0112
0.517284
0.751912
0.480807
0.540895
0.586405
0.0877115
0.400377
2.05788
1.22835
1.92543
0.21957
