0.763996
0.716275
2.34652
1.5458
1.62793
1.39862
2.30161
1.39527
2.1428
1.45125
1.85685
1.81664
1.57304
2.29803
1.21203
1.00906
1.68237
1.81825
1.23648
1.69932
1.66058
0.904292
1.33973
2.00442
1.94268
2.35639
1.53649
2.32556
1.8129
1.79752
2.28947
1.90492
1.28925
0.932172
1.54772
2.26222
1.75741
1.33416
1.25175
1.11511
0.686505
0.655633
0.485329
1.6779
2.06521
1.60932
0.518273
2.1757
1.37036
1.93075
1.59869
1.02496
1.97363
1.14515
1.3144
2.12674
2.41073
1.20934
1.18723
1.42425
1.37873
0.817245
1.11228
1.15278
1.34795
1.6194
1.57788
0.579496
1.37422
1.43448
1.33761
1.50101
2.60303
0.999868
2.33549
2.2559
0.584547
1.36612
0.770153
1.82152
2.78339
1.19773
1.41477
0.854465
0.728431
1.27048
2.02293
2.02983
2.29325
1.95862
1.00869
1.16243
1.40986
1.84719
0.81293
1.81809
1.49896
2.56038
2.30397
0.979773
1.93595
1.58759
0.986696
2.22848
0.743173
1.32894
1.32441
1.40568
1.75848
2.32876
1.13131
1.17937
2.2631
0.637556
1.33058
1.28506
1.94001
2.2243
1.75454
1.31386
1.3419
1.94475
1.17816
1.10202
2.13396
1.13623
1.22271
2.26754
1.36463
2.47237
1.80411
2.11821
1.43488
1.82436
1.35091
1.38914
2.27699
1.62215
1.40661
1.88913
2.18897
1.72686
1.05739
1.02696
2.0494
1.84402
2.54221
1.60489
1.30732
1.84148
0.916637
1.7015
1.66438
1.58694
1.20614
1.3998
1.50703
1.58715
1.93179
1.78486
1.16517
1.22242
1.04379
1.21084
1.32869
2.25855
2.37156
1.48786
1.37808
0.633791
1.22359
1.0151
1.58288
1.29242
1.83714
1.36669
2.32971
2.54961
1.51523
1.75227
1.44627
1.45005
1.89428
1.4717
1.91282
1.77516
1.95045
1.92965
2.18312
1.2958
1.1006
1.49398
1.69265
1.97416
2.19105
1.91081
1.09919
1.54095
1.62215
1.79308
1.24023
1.90641
1.50401
1.13694
2.38535
1.67683
1.89074
1.05747
2.52012
1.3562
1.88169
1.54134
0.992817
1.67174
1.43192
1.46912
1.15912
1.65825
1.46434
1.45973
1.61512
1.78024
1.42326
1.55498
1.78999
1.67953
1.20012
1.59985
1.1205
1.30365
1.74874
1.33515
1.62915
1.43593
1.90343
1.49304
2.43189
2.04659
2.03922
0.828191
2.18836
2.00069
1.81026
1.25785
1.44092
1.43253
2.39758
1.61903
2.07897
1.44479
1.86768
1.18942
1.3202
1.81406
2.04636
0.970002
0.69024
1.71297
1.67442
0.76383
1.10581
2.3088
2.15442
0.958922
2.26314
0.915587
1.25418
1.30322
0.851644
2.13222
2.13876
2.37862
0.736641
1.16098
2.09193
0.810429
0.781784
1.71084
1.4903
0.986743
1.58026
0.71466
1.1274
1.82758
1.37139
1.5056
1.17723
1.55328
1.34926
1.01174
2.53676
1.6297
1.9687
1.05201
2.36623
1.82865
1.69693
1.5022
2.06647
2.50257
0.641721
2.47002
1.33449
1.77447
1.29884
0.84837
0.934946
1.40906
1.02475
1.70221
2.29881
1.04381
1.2946
1.95836
1.45678
2.11702
2.57699
0.965167
1.21352
1.67146
0.94873
1.39288
1.24261
1.22477
1.70653
1.79408
1.51617
2.09638
1.70302
1.56265
1.68268
1.47102
2.60403
1.81799
1.40475
1.79849
1.10021
1.21103
1.49558
1.78077
1.73765
1.25776
1.40144
1.60666
2.12798
1.04826
1.5243
1.08271
1.09004
1.92258
0.922412
2.3893
1.42761
2.37875
1.39152
1.86685
0.967667
1.29002
1.3828
2.09017
1.40729
1.17643
2.0768
1.16396
1.80763
1.74616
1.00459
1.13144
1.3295
1.82354
1.36466
1.21284
0.684042
1.92111
0.453281
1.48438
1.50893
1.03243
1.71454
2.13628
1.34093
2.09235
0.987056
2.02342
1.38702
0.833274
1.43187
2.27987
1.74037
1.47047
1.79978
1.16491
1.38646
1.51682
1.34839
1.26398
0.840836
2.17976
1.85238
2.26126
1.06122
1.2857
1.9479
2.66573
1.56628
1.36544
1.76734
1.59268
0.948263
1.65748
1.342
2.19262
0.718126
1.80499
2.09579
1.06034
1.53844
1.9437
1.4447
1.73205
1.14595
1.92036
2.08658
1.6172
1.68491
1.47948
1.64963
2.36789
0.904046
1.33255
1.78733
2.3125
1.39909
1.26887
1.89049
1.54339
1.31317
1.50737
1.79984
1.58737
2.58899
1.39949
2.02147
1.68051
0.879342
1.59326
2.09771
2.05345
2.14348
0.627602
1.19455
1.53521
1.14866
1.46694
2.28854
2.13986
1.57027
1.00143
2.30535
1.67212
1.2843
1.2474
1.93787
1.53117
1.9043
1.56408
2.13882
1.55023
1.47547
2.03804
1.35328
2.23896
1.30125
1.73282
1.02213
1.2486
1.9512
1.75811
0.981998
1.76361
1.4265
1.38109
1.46952
1.003
1.74433
1.63808
1.59677
1.10776
1.2674
1.88715
1.51419
1.88109
1.17071
0.894887
1.16583
1.4449
1.41087
2.80384
1.50098
2.01413
1.55987
1.99768
1.14619
1.79491
2.32165
0.737414
1.2193
1.48651
2.42408
1.25561
1.93562
1.70611
1.51333
1.37618
0.914487
1.61317
1.28074
1.56799
2.07652
0.792983
1.82316
1.77821
1.2219
0.663752
1.47116
1.45016
1.40565
1.487
1.29742
1.40933
1.24174
1.65929
1.64208
1.99618
1.46484
1.685
0.657558
0.947794
1.16781
1.12922
0.987637
0.930109
0.886592
2.49368
2.30699
2.34111
1.70979
1.01948
2.16599
2.05425
1.50951
1.09395
1.90551
1.41156
1.18657
1.70779
1.81718
1.67867
0.976968
1.58698
0.84031
1.79008
2.22957
1.76233
0.921571
0.848387
1.44387
1.64233
2.42003
1.8627
1.8979
1.24341
1.57995
2.12108
1.49905
0.988534
1.75674
0.91975
1.63633
1.5236
1.29256
1.06669
1.99312
1.47869
1.36499
1.65843
1.29713
1.50361
1.57104
1.58523
1.9258
2.02415
1.46846
2.26023
1.36192
2.00334
1.10982
1.75892
0.975869
2.07376
1.85342
2.41416
1.49541
1.50991
1.29979
1.23234
1.78146
1.24501
1.43907
2.20867
1.30562
0.819116
1.23734
1.05793
1.25252
1.16683
1.12456
1.50027
1.27704
1.84253
1.314
1.24841
2.03238
1.78739
1.08097
1.68696
1.25011
1.48052
1.53951
1.51947
0.750964
0.933797
1.19264
1.53411
1.37457
0.671389
2.03475
1.69385
1.88859
2.17502
1.52277
1.31105
1.85933
2.34528
2.14873
1.32756
1.73783
1.43999
0.82148
1.09489
1.713
1.82146
0.75637
1.81172
2.30107
1.18126
2.08427
2.72994
1.6637
1.40624
1.18827
1.36706
1.3978
1.18218
1.39221
1.77672
1.52183
0.834432
1.24792
1.78639
2.48998
1.12529
1.57562
0.834187
1.61691
1.42785
2.08764
1.21801
2.05783
1.15311
1.20797
2.29339
1.03987
2.34146
1.38535
1.79738
1.67094
2.11967
1.08781
1.23664
1.39624
1.40382
1.88303
1.66709
1.06516
1.80307
1.20471
1.96806
1.19415
2.36054
1.77341
0.96212
1.71268
1.24422
1.76936
0.657061
1.67137
1.89808
1.58929
1.31598
1.61735
2.05988
2.16732
1.12535
2.25716
2.00054
1.03262
1.00321
1.59928
1.2325
2.18583
1.6162
1.06449
1.05928
1.80331
2.30333
1.8741
2.22768
1.72658
2.17523
1.12158
1.29368
1.10777
1.23269
1.04357
1.48745
1.08188
1.96472
1.52403
1.67397
1.45736
1.68469
1.10494
1.35476
1.59417
0.812077
0.936369
0.874718
1.82757
1.21518
1.55456
1.85177
1.91969
1.57952
1.24931
1.43962
2.69541
2.08462
1.74917
1.92706
1.90185
1.5559
1.52164
1.52503
1.30229
1.64753
1.27934
0.657321
1.78939
2.47096
1.82118
2.45678
1.93526
1.7421
1.54369
2.175
1.35867
1.15158
1.98935
1.77242
1.50847
1.0164
1.8822
1.83294
2.1399
1.00583
1.58306
1.75955
1.54719
1.46096
1.4032
1.27741
1.19577
1.07125
1.01812
1.71664
0.820635
1.05443
2.06516
1.45985
1.78396
1.82929
1.72003
0.872973
1.64594
1.78955
1.29126
2.35316
1.83631
1.85748
1.62624
1.38265
0.92632
2.57967
1.49657
1.04281
1.36992
1.16158
1.51188
1.2877
1.2032
1.12469
1.22223
2.14379
1.4019
1.71965
1.50018
1.398
1.62931
2.06168
1.41935
1.62453
2.01726
2.13321
1.09089
2.01095
1.61793
1.40921
0.982791
1.76924
0.612327
1.85949
2.43405
1.07898
1.9383
1.74294
1.54852
1.24038
1.10737
1.66858
1.75155
1.16955
1.46783
1.45807
0.860387
1.895
1.21736
1.92174
1.56323
2.11876
1.65292
1.46838
1.6539
2.17355
1.99905
1.82188
1.823
2.12056
1.04943
0.845784
1.64359
1.36305
1.93987
1.33767
1.73342
1.25991
1.89428
1.30516
1.25557
1.84802
0.934035
1.55651
2.31093
1.7612
1.91503
0.917817
1.34563
1.67517
1.79414
2.15453
1.69366
1.53014
1.25178
1.53423
1.3292
1.62221
0.892927
1.61825
1.50388
1.40586
1.3142
1.7741
1.36877
1.47176
1.43018
1.28952
1.56207
0.928868
1.13872
2.23466
2.28264
1.34895
1.56439
2.30729
1.76725
1.80976
1.55783
2.36145
2.26642
0.953989
1.27843
1.85033
1.37469
1.21963
1.73515
1.66235
2.01521
1.34197
2.14483
1.32473
2.27021
2.18058
2.19469
2.18075
1.24737
0.816653
1.84903
2.43012
1.82688
1.11016
0.925035
1.80911
1.52549
1.51211
0.873772
1.50556
0.808138
1.95902
1.89551
1.29351
0.890333
1.04315
1.23905
1.29278
1.70366
1.43491
1.14784
0.842854
1.4079
1.25362
1.32142
1.41316
1.64481
1.36095
1.39453
2.34452
1.91454
0.514109
1.25869
0.76153
1.69474
2.01797
0.743729
0.87812
0.967574
1.80157
1.22152
1.44279
0.777839
1.57147
1.47809
1.93027
1.31361
1.64056
2.22574
0.886762
1.92785
2.20376
1.44408
2.18521
1.7509
1.62976
2.04075
1.13155
1.67419
1.5149
1.59756
2.31592
1.19108
1.57989
1.40986
1.72053
1.74624
1.2456
1.52512
1.4951
1.97131
2.24047
1.53258
1.59603
1.51889
1.00551
1.64539
1.002
1.92359
1.11424
2.29472
1.04664
2.02905
1.34475
1.64166
0.609923
0.539775
1.34056
1.48585
1.61326
1.17677
0.7933
1.96869
1.16883
1.93362
0.618029
1.34422
1.26906
1.91197
1.70283
0.838492
1.29957
1.38895
2.26691
1.76532
1.73774
1.49571
2.09914
2.3094
1.7132
1.87362
1.87502
1.51251
1.40152
1.36292
1.82953
0.984774
2.26813
1.11423
2.16997
1.35083
1.25869
1.60895
1.16404
1.25939
1.73641
0.950805
0.844953
2.54113
2.21324
2.40893
2.16084
1.50116
0.935225
1.54349
1.47304
2.2874
0.509887
1.83506
1.44662
1.36266
1.00886
1.59747
1.89132
1.1398
1.50134
1.45561
1.60498
1.4933
1.48181
2.17555
1.54075
1.53392
1.45629
1.74967
1.61469
2.15902
1.58093
1.42927
1.63792
1.93742
1.52873
2.13585
1.31843
1.85697
1.396
1.72047
1.29655
1.312
1.87259
1.4861
2.10131
2.01792
2.48355
1.7741
1.49697
2.02277
2.16411
2.44779
1.75836
1.95007
1.71713
1.36394
1.49063
1.76544
1.8277
1.35935
0.904702
1.54638
1.85815
1.73005
1.56875
1.85221
0.498373
1.48659
1.16068
1.76924
1.18679
0.982015
0.427167
2.11767
1.46834
1.3922
0.575951
1.5184
1.44229
1.01397
0.9945
1.53811
1.3635
1.9734
1.50923
1.62421
1.40097
1.24366
1.48941
1.29583
1.57411
2.37368
2.11364
1.93415
1.84502
1.68776
1.9272
1.75829
1.58856
1.83617
2.08608
2.08456
1.81142
1.50844
1.47853
1.51006
1.05014
1.41894
0.957046
1.01366
1.28297
1.70924
2.13109
1.7143
1.60639
1.01015
0.811166
1.78483
2.38651
1.87261
1.71207
1.89592
0.733512
1.54766
1.68876
1.12489
2.38495
1.44165
1.32385
1.51134
1.77145
1.56866
1.41798
2.0631
2.06827
1.72077
2.34196
2.33443
2.27688
1.36082
1.6066
1.55474
0.812451
1.72215
2.36835
1.54577
1.70875
1.76341
1.48711
1.02524
1.25066
1.52476
2.19089
2.3256
1.50667
1.08781
0.725217
1.04374
1.99375
1.38128
1.2522
0.878773
1.78232
1.52452
2.21638
1.08176
0.893866
1.67324
1.6683
1.41668
1.4118
2.20612
0.820971
1.26459
1.28169
1.65978
1.1674
0.785762
1.74307
1.73183
1.43665
0.822773
1.56115
0.650618
1.47948
0.418815
1.2918
1.76725
1.78002
0.770541
1.03111
1.26247
1.47283
1.91035
2.00425
0.8632
1.7619
1.37444
1.40589
2.31948
1.60259
0.838111
1.98377
1.57891
1.75208
2.52834
0.936293
1.45506
0.801763
0.746104
2.44866
2.38757
1.47114
1.25496
1.46473
1.67582
1.96999
1.14261
1.4467
1.32983
2.02138
1.49167
1.73041
2.11721
1.89441
1.66312
1.75505
0.559011
1.31754
1.16119
1.6055
1.98743
1.42119
2.156
2.04143
0.744489
1.10713
1.47701
1.81762
1.01626
1.05383
1.37702
1.15895
1.8437
1.80681
1.97449
1.42542
1.49296
1.1116
1.37957
1.80926
1.7994
1.54259
1.60358
1.64544
1.06788
0.983832
1.63465
1.68257
1.60278
1.74982
1.55688
1.72503
1.39377
2.31392
0.591278
1.72168
1.04587
2.11888
1.80342
1.93693
1.55407
1.63792
1.20715
1.37428
1.71529
1.00966
2.10054
1.14877
1.53502
2.25246
1.5512
2.15619
2.11785
1.72979
1.22993
2.02702
2.25005
1.87714
1.75022
1.94586
1.76899
1.94934
1.03449
1.76289
0.836031
2.16664
1.75714
0.9905
2.00081
1.45828
2.04747
1.63217
0.761552
0.757657
2.08784
1.9546
1.11942
2.19005
1.72219
1.45899
1.66634
1.73529
1.76868
2.50826
1.36419
1.63046
0.823009
1.71053
1.06346
1.6378
1.4916
0.879673
1.06697
1.9603
1.55969
2.35737
1.26727
2.491
2.50825
1.44122
0.75696
1.30238
1.67152
2.13425
2.45288
2.22472
1.43999
2.36636
1.79161
1.74077
1.55731
2.48018
1.45948
1.26797
1.21995
1.25355
0.994569
2.4839
1.17181
1.49314
2.38091
1.21554
0.902834
1.90337
1.16338
1.95336
0.728154
2.0814
1.43365
1.34106
1.44578
0.374604
1.77186
1.43894
1.56729
2.12093
1.54699
2.01398
1.17502
1.13131
1.28195
1.67781
1.3346
0.777625
1.7893
0.99289
1.64153
1.06391
1.67319
1.37287
1.50283
1.49828
1.04487
1.42804
2.47059
1.34995
1.64655
1.32224
1.80924
1.80831
2.40572
2.55812
1.37148
2.05419
1.32525
1.65617
1.977
0.964943
0.906315
1.408
1.60562
1.03097
1.79605
2.06252
0.891516
2.52563
1.10599
1.37758
1.81199
1.36412
1.95009
1.74613
1.53805
0.867394
1.48212
1.75457
0.610499
1.15378
1.90079
1.76566
1.4394
1.47538
1.08362
1.40815
0.943975
1.00554
1.73171
2.19964
1.05872
1.72472
1.59265
1.60749
1.10088
1.79671
1.89286
2.0167
1.4363
0.892728
1.46169
0.906603
1.7784
1.13574
2.17234
0.258005
1.16314
1.63438
0.998426
1.96327
1.97805
2.12287
1.38948
1.73251
0.940759
1.40147
1.25573
0.81027
1.42329
2.60924
0.63509
2.51096
1.18817
2.17941
1.28286
1.70653
1.4502
1.39279
1.32589
1.95737
2.37361
2.10376
1.7959
2.34806
1.16899
0.840719
1.44439
1.30972
2.00928
1.24783
2.33838
1.51733
1.79047
2.10367
1.08196
2.1696
2.21635
2.09828
1.27605
1.51122
0.596068
1.40877
1.47427
1.37138
2.08458
1.73682
1.10059
1.33397
1.36971
0.720858
1.07607
2.15249
1.60346
1.76129
0.789637
1.27385
1.40079
2.37502
1.52861
1.32224
0.955683
1.46464
0.945359
1.19318
1.45408
1.19127
1.38044
1.66744
1.70784
1.57153
2.19974
0.932128
1.90796
2.27462
1.65393
1.56918
1.22774
1.59806
1.91275
2.2174
1.34917
1.60898
1.51312
1.0307
2.05916
1.72701
1.58231
1.24909
1.94481
1.16471
1.35901
1.1134
1.61396
1.36213
1.35976
1.79484
1.06375
2.05971
1.50749
2.04051
1.87513
1.22213
0.957128
1.75662
1.8179
2.13824
0.982713
1.89502
1.27627
0.930072
1.87868
1.65387
1.59827
1.54232
1.23395
1.37337
1.51946
1.92969
1.67241
1.22435
1.29018
0.929075
1.24416
1.9808
1.75559
1.9071
1.09106
1.70536
0.840227
0.600828
2.04189
1.93805
1.0453
1.41159
2.40927
1.80292
1.18976
1.65093
1.62203
1.18468
1.3443
1.3108
0.897612
1.20169
0.971462
1.04629
2.31145
0.800695
1.01029
1.5767
1.11612
1.61353
1.65666
1.59798
1.4199
1.47059
1.13184
2.20761
1.96661
1.63508
0.988975
1.47666
1.51944
2.10535
0.547316
2.18027
0.739471
1.86201
1.16268
1.51611
2.40495
2.43882
1.50734
1.93591
1.00473
1.16298
0.964792
0.746612
1.65004
0.840868
1.95457
1.41749
1.3726
1.52232
2.44331
1.36044
2.25976
1.53405
1.22964
1.53884
1.38423
1.10972
2.01826
1.61485
2.33661
1.90241
1.48824
2.59738
1.68761
1.76442
1.31024
1.59144
2.35824
1.26689
0.860261
1.57646
0.797169
1.06742
1.2952
1.70459
0.993777
2.19581
2.5102
1.61237
1.09696
1.62652
1.25874
1.12915
1.08369
1.48359
1.41615
1.52351
2.28156
1.21787
1.57318
2.41964
1.59515
1.31382
1.32658
1.24294
1.69466
1.86439
1.68592
1.28558
1.71914
2.30933
1.29269
1.94422
1.25747
0.911592
1.03482
1.84765
1.92184
1.60544
1.54311
2.03403
1.75825
1.81284
1.56854
2.13345
1.27134
1.76258
1.66879
1.66612
1.46384
2.54931
1.9872
1.24781
1.90009
2.16698
1.56616
1.42884
1.58667
1.90899
1.30745
1.89058
1.46071
1.52733
1.55783
1.82884
2.20928
1.85545
1.46169
1.3679
1.2892
1.56323
1.25869
1.39296
2.0068
1.49853
1.43155
1.9399
0.980436
2.16367
1.51125
2.35063
1.7754
1.97882
1.66325
1.79283
1.45302
1.02407
1.8085
0.681739
1.31963
1.50516
0.917019
1.19412
1.89827
1.35731
0.986739
1.62735
1.38237
1.46806
1.29758
2.12123
1.39844
2.36068
1.16702
1.69268
1.1234
1.14356
1.22184
1.18653
1.42533
2.17302
1.10266
1.85504
1.48431
1.60559
1.48831
1.61292
1.76382
1.44153
1.74254
0.933212
1.27454
1.69477
1.98216
2.13401
2.35639
1.01845
1.16444
2.17661
1.2548
2.1983
1.17002
1.41375
1.12477
2.40086
1.93248
1.61946
1.68137
2.06609
1.72851
1.27722
1.09259
1.44589
1.31616
2.76492
1.57693
1.97803
1.64466
1.63114
1.78967
1.9158
1.24783
1.71951
1.72312
0.884511
1.31567
1.53655
1.62154
0.70651
2.06
1.84328
1.49946
1.22962
1.49981
0.804515
1.8236
1.20085
1.69126
2.21953
2.11902
2.39288
2.15114
1.76877
1.82663
1.49027
1.81133
1.15178
1.57364
1.97599
1.70597
1.27344
2.10225
1.268
1.1023
1.6577
1.14403
1.19226
1.48109
1.79277
1.50326
2.24419
1.55781
1.07385
0.764471
2.07729
2.04156
1.6707
2.44058
1.95689
2.18471
1.16656
1.28932
1.85799
1.30454
1.23668
0.659692
1.41412
1.39503
1.4534
2.16939
1.74086
2.21077
1.6783
0.971239
2.20899
1.15672
2.46645
1.76936
1.32265
1.25374
1.68487
2.51882
1.21366
1.79903
1.61421
1.54502
1.25146
1.33265
1.32857
0.99798
1.0378
1.73334
1.21908
1.45426
1.77479
1.28087
0.899899
1.40302
1.58838
1.46498
2.34242
1.4297
1.96704
1.00764
1.79784
1.03944
1.57122
1.14001
1.09298
1.39025
0.644538
2.19958
2.02634
1.55908
1.17333
0.994642
2.24221
2.24923
1.93925
1.43904
2.10319
1.52962
2.13534
1.39986
0.685457
1.95349
1.82156
1.18992
0.96875
0.59069
1.19925
0.755227
1.71155
1.89174
0.705383
1.0818
1.36581
1.81065
0.883244
1.12881
2.13185
1.92293
2.1011
1.98161
1.6249
1.6925
2.08789
2.14142
1.45982
1.22917
2.07771
0.768251
1.11383
1.63303
1.57284
1.59772
1.16478
1.37431
1.98497
0.946337
1.87275
1.16208
1.38541
1.57251
1.51463
1.10409
1.05535
2.29565
2.22578
1.76292
1.74019
1.35354
1.27687
1.68914
1.31585
0.679893
1.90479
1.30918
0.984662
1.29967
2.19549
2.74183
1.29117
2.55959
1.45444
2.34468
2.23194
1.43562
1.38792
1.55822
0.636899
1.50373
0.795467
1.05754
1.24332
1.81391
1.25643
2.2104
1.82027
2.1663
1.85992
1.21969
2.5041
1.69542
1.74248
1.90286
2.39858
1.03027
2.21509
1.44777
1.78642
1.70946
0.838481
1.40418
1.14501
1.78378
0.678217
1.68263
1.98538
1.11437
1.19046
1.53078
0.718193
1.61961
2.00216
2.15732
1.35823
1.11284
1.39453
1.10111
1.81045
1.96904
1.42629
2.04236
1.48956
1.42436
2.32743
2.06741
1.67665
1.84389
2.20513
0.901721
0.802449
1.93376
1.41511
1.54092
1.2476
2.01574
0.913097
1.74477
1.78171
1.93572
1.25075
1.36219
2.04614
1.5364
0.880039
1.02285
1.71442
1.63114
2.79923
1.51012
2.14262
1.54162
1.19965
1.41661
1.92697
1.12523
1.48696
1.83713
1.83137
2.07746
1.27194
1.29779
1.67861
1.19986
1.8008
2.51285
1.59678
1.40682
1.91612
2.33575
1.53777
2.14863
1.58944
0.999326
1.00726
1.95886
1.26087
2.01945
1.33055
1.31969
0.837514
1.62337
1.8375
0.923492
1.34511
0.906704
1.70844
1.43651
1.90792
1.93734
1.59517
2.48531
1.08149
1.1954
2.15662
0.385266
0.717729
1.33312
1.67744
1.78133
1.7101
1.26618
1.02596
1.34025
1.43999
1.94901
1.56683
1.90417
2.1088
1.85593
0.993053
1.35695
1.91197
1.15215
1.78783
1.06403
2.02402
1.01681
1.30008
1.85425
0.972816
1.49544
1.63872
1.41415
0.77279
0.787458
1.57476
1.46855
1.50795
1.46335
1.22716
1.71835
1.53069
1.56643
1.1673
0.963564
2.43145
1.60074
0.882296
1.37347
0.620759
1.46406
0.748183
2.14071
1.19961
2.11128
1.54679
1.53369
1.24481
1.4807
1.83782
1.51877
1.97342
1.42122
2.32423
1.34401
2.00395
1.86008
2.10951
1.66585
1.16888
1.49419
1.62613
1.83781
1.02979
2.36013
1.59204
1.98734
1.11919
1.41687
2.43987
1.65016
1.86577
1.51272
2.08337
1.22865
1.90286
2.36473
2.13939
1.63034
1.56613
1.63695
1.6705
1.34093
1.15552
1.88763
2.14026
1.57585
1.32363
1.67895
1.70282
1.79103
1.11369
2.18178
2.10119
1.59182
0.910695
1.6904
0.946682
1.84851
0.928777
2.15739
1.18021
1.32177
0.952208
2.22661
1.6229
1.14465
1.68
1.89494
2.20461
1.38982
1.14223
1.44255
2.36312
1.66165
1.68346
1.89302
1.24435
1.76544
2.16862
1.44188
1.38074
2.43243
1.50544
1.76775
1.55151
1.19373
0.92151
2.85916
1.4467
1.54076
2.02119
1.6161
1.84328
1.66922
2.60759
1.98841
2.15272
1.31859
1.81449
1.14484
1.77236
1.95299
1.1653
1.61726
1.12928
1.23913
2.52454
1.09422
1.19592
1.90101
0.892572
2.5859
1.7167
1.02733
2.08155
1.63004
2.1263
2.15453
1.14402
0.84593
1.43587
1.86179
0.765262
1.34061
0.767304
1.36679
0.965906
1.95579
1.44775
2.38327
1.76498
2.41171
1.73905
1.55403
1.50312
1.826
1.80612
1.81957
1.58991
1.9894
1.59735
1.04537
0.918535
1.8075
2.05437
1.51834
0.688121
1.38938
1.91878
1.72221
1.09401
1.48531
1.88907
1.06416
1.37528
2.29251
1.01031
1.38181
2.20987
1.62246
1.06032
1.88256
2.27754
1.19518
1.61085
1.39511
2.10794
1.08233
0.930682
0.864898
1.33036
0.639012
1.99054
1.28258
1.8457
2.25561
1.97085
0.982185
1.74636
1.10494
1.10811
1.21826
1.9619
1.46943
0.722833
0.961174
1.00322
0.997424
1.0102
1.3492
1.18043
1.04405
1.71029
1.64349
1.55171
1.59778
1.93219
1.7764
2.80848
1.01246
2.08741
0.514368
1.83299
1.64319
2.60699
1.63071
0.459069
2.34969
1.3914
1.6267
1.8585
2.41134
1.40784
0.964433
1.17482
1.68518
1.54089
1.15588
1.50991
2.81489
2.28621
1.7426
1.1173
1.30972
2.13022
1.01802
1.29307
0.866404
1.6323
2.21148
1.009
1.51892
1.30992
1.72176
2.00115
0.507681
1.96191
1.29243
1.03277
2.50471
2.14773
1.89567
2.12883
2.15119
1.5476
1.84148
1.02045
0.634015
1.14549
2.09825
1.7828
2.05612
2.66238
2.05219
1.36413
1.90092
2.14155
1.23432
2.19774
1.81296
0.954968
1.0489
0.948795
1.61911
1.38485
1.98433
1.48633
1.64813
1.6988
1.81986
0.75008
1.98767
1.18755
1.07065
1.57743
2.13222
1.52806
1.46623
1.66484
1.32234
1.70631
0.694698
1.3166
1.27831
1.73229
1.96106
1.58076
1.34945
0.913783
1.49541
2.48672
0.753897
1.55972
1.04147
2.25
1.01389
0.976856
2.54885
1.7204
1.12358
1.77784
1.4913
1.80016
1.50079
1.74081
1.82429
1.88214
1.82196
1.07163
1.11671
1.79928
2.08821
1.65321
1.52018
1.80698
1.59253
2.43384
1.03067
1.68567
1.62398
0.751671
1.48763
1.54082
1.4988
1.97082
1.32265
1.55203
1.25377
2.30559
1.66414
2.31961
2.45446
1.91437
1.87817
2.0321
1.91536
1.50275
1.1367
2.07742
1.56146
0.266695
0.916075
1.05399
0.866561
1.70191
1.09817
1.06409
0.71481
1.70195
0.87934
1.20927
1.92824
2.00192
1.53582
1.26738
1.21509
1.6649
1.45924
1.43195
1.14927
2.28818
1.27228
1.81598
1.89235
2.0724
2.26397
1.21468
2.45987
1.59973
2.1623
1.79328
1.59405
1.54662
2.15132
0.799007
1.38137
0.894134
1.09244
1.16099
1.27347
2.34649
1.17221
0.885399
0.927575
1.79823
1.84473
1.46028
0.374901
1.94164
1.88702
0.804887
2.49248
2.32251
1.5783
1.67388
1.30418
1.03479
1.50367
1.34513
1.54217
1.80808
2.43372
0.890646
0.920248
1.59486
1.69766
1.91638
1.36099
1.60764
1.43864
2.0874
0.499958
2.48705
2.50071
0.824934
1.49219
2.02195
1.35997
2.1144
2.22892
1.98521
2.21596
1.77677
2.19294
2.18232
1.74967
1.62985
1.81524
0.955135
2.38376
1.17769
1.97164
0.501443
2.06095
1.11812
0.976339
1.93722
1.49795
1.61659
2.16179
2.63138
1.40422
1.91301
2.2652
1.29403
1.87797
1.90104
2.413
0.987836
1.64931
1.69127
1.65886
1.39052
1.21266
2.08754
1.73746
1.52018
2.11325
1.62692
1.61332
2.49139
1.07753
1.52204
0.707955
1.25483
2.04195
1.37985
2.20641
1.96814
2.25433
1.63126
2.11507
1.11972
1.94884
1.54394
1.57681
1.42403
1.4821
1.44744
1.48714
2.43688
1.79425
0.959316
1.83397
1.9825
1.86589
1.84513
1.5852
1.83143
1.73115
0.256719
1.28357
1.10422
0.622151
2.01039
1.69077
1.53919
1.71257
0.58721
1.93878
2.12867
1.64361
1.98461
2.41707
1.93224
2.34901
1.76697
1.37913
0.909734
1.21132
1.39335
0.877124
1.53979
1.96031
2.09825
1.23548
1.20157
1.85875
1.92792
1.47157
1.4701
1.64961
1.42687
2.05502
1.46932
1.27964
1.03894
1.18385
1.38466
1.31136
1.67622
2.21788
2.08664
1.27771
0.98525
1.70274
1.6048
1.26432
1.1978
1.92509
1.3217
1.56231
1.63716
1.80878
1.88515
1.55853
1.9735
0.831496
1.22211
1.01608
2.00322
1.80806
1.2923
1.20255
2.28368
2.22942
1.81875
1.08303
1.06159
0.946158
1.26554
1.31597
1.10122
1.92333
2.60653
1.27449
1.70684
1.11624
1.79712
1.22716
1.69533
1.10776
1.98368
1.83298
1.16331
1.2348
1.86746
1.53117
1.62178
2.39562
0.644488
1.47304
1.45973
1.23735
2.1837
1.78408
0.850717
1.29714
2.09177
1.61291
1.73269
1.01816
1.16958
1.9259
1.58772
2.21441
1.72511
1.5672
1.9824
0.959016
1.27972
1.32751
2.65205
2.40609
2.33509
1.92559
1.80141
1.74285
2.14277
1.39006
2.2332
2.36353
2.11453
1.82089
0.760781
1.60213
1.94141
1.26938
2.12463
1.38281
1.05273
1.2541
0.778938
0.958818
1.92141
0.93919
2.2559
1.96225
0.860073
2.25462
1.79591
2.26634
1.82922
1.38771
1.44165
1.6993
1.17549
1.40537
0.640045
1.85704
1.15464
1.37602
1.71069
1.96853
1.73434
2.57589
1.312
1.50711
1.54736
0.692021
2.32628
0.815125
2.03624
1.6194
1.17244
1.10716
1.48135
1.76482
1.1279
2.10167
1.69514
1.89351
1.6792
1.23645
1.63257
2.19004
1.13978
0.989332
0.976645
2.21297
1.45807
1.35881
1.27717
1.81215
1.49228
1.90325
1.51694
1.09806
0.858822
1.51382
1.09219
1.01445
0.82371
1.27321
1.10767
1.05882
0.970245
1.64994
1.22897
1.50601
1.7571
1.46059
0.703968
1.60298
1.44381
2.11681
1.22812
1.4379
2.31453
2.338
2.17329
1.31659
1.77724
1.66481
1.96423
1.84048
1.99319
1.5541
1.28189
1.37758
1.88779
2.50337
1.38187
1.7488
1.30577
1.46912
1.46083
1.40543
0.983574
1.56684
0.845476
0.618935
1.99068
1.52095
0.709984
2.17818
0.946206
1.67984
1.39943
1.02129
1.09414
1.38888
1.63471
2.17233
1.02271
1.9845
1.05367
1.42206
1.61372
1.75581
1.84865
1.60083
2.48928
1.55096
2.5284
0.859438
2.16272
1.35958
1.88435
1.66456
2.2432
1.11865
1.95724
1.60321
1.4499
2.05013
1.66018
1.69016
1.30068
1.89476
1.33617
1.84668
0.889677
1.20954
2.11456
2.08329
1.82113
1.54717
1.50145
2.00207
2.31498
1.80707
1.12069
1.4494
1.86839
1.87826
0.920368
2.0725
2.28416
1.5885
1.63976
1.59946
1.45895
1.83546
1.2821
1.72685
1.67278
1.37809
1.89917
1.92668
1.14298
1.2078
1.75802
0.771333
1.35332
1.66636
1.89383
1.84351
1.59582
2.00248
1.79505
1.58319
1.00373
1.74521
1.95777
1.20236
2.85736
1.04519
1.42409
1.48218
0.762214
1.52447
2.16325
1.46857
1.01576
1.60785
2.30038
2.16514
1.95325
2.05211
0.995777
1.71107
2.34438
1.82039
2.01449
1.83408
1.75246
1.21828
1.39196
1.64971
1.43403
2.70801
2.15239
1.3768
1.01898
1.51779
1.6481
1.22001
1.61615
1.38724
1.71929
1.72602
1.83218
1.89248
1.09689
1.09483
1.26637
1.79541
1.06715
1.53785
2.10944
0.92488
1.31364
1.25
1.86711
1.29427
0.931922
1.51526
1.57676
1.63377
1.83782
2.09242
2.27363
0.956769
1.76065
1.38211
1.69133
1.73443
1.28168
1.05817
1.67224
2.49281
1.51639
1.39056
1.43815
0.763356
2.06005
0.98533
2.09366
2.11271
1.41848
1.22177
2.10126
0.937455
0.9577
2.15445
2.06055
2.00435
1.12292
2.73061
0.737913
2.08954
1.19567
2.4426
1.40593
1.58596
1.35372
1.35433
1.5581
2.20467
2.1624
1.65358
1.13373
1.21104
2.12767
1.16331
1.55865
2.35054
2.56651
1.26637
2.51994
1.39239
1.56712
2.32941
1.21338
1.73715
1.72534
1.67031
1.3892
1.11015
2.0055
1.57904
1.22505
2.01907
1.81186
1.59882
1.83806
0.746415
0.98527
1.41588
2.17708
1.73856
0.8264
1.70548
1.32957
1.68581
1.60124
2.33237
1.70875
2.53204
1.72911
1.89734
1.8463
2.09477
1.07848
2.14291
1.40877
1.44774
2.03511
1.54771
1.36884
1.89412
2.12277
1.71584
2.524
1.59443
1.71775
1.78611
1.32939
1.38081
1.53856
1.32938
1.73066
1.22113
2.46915
1.19475
2.26599
1.6611
1.7586
1.12942
1.24364
1.03609
1.27317
1.60822
1.1669
0.943894
1.46697
1.29005
1.35161
2.14068
1.88837
0.926394
2.06581
2.23621
1.61161
2.01831
0.824205
1.32178
1.64967
1.34016
1.71007
0.678542
2.54423
1.35895
1.61555
1.80618
1.07341
1.76092
1.39158
1.60126
1.39696
0.230807
1.48423
1.21487
1.63273
1.7408
1.24235
1.68868
1.87823
1.29561
2.05715
1.91094
1.11487
1.36974
1.91359
1.45466
2.10555
2.33953
1.69308
2.28741
1.27533
0.928572
2.56149
1.0049
2.42423
1.70945
1.23906
0.839151
2.6028
1.98514
1.70402
2.13976
1.33616
1.4728
2.3397
1.63688
1.11389
1.55853
1.52855
2.32736
1.16988
1.54235
1.40927
1.58514
1.67407
0.899141
1.06543
1.46795
1.20941
1.48365
2.31389
1.45177
1.04782
2.22984
1.17008
2.63814
2.0614
2.70813
1.27522
1.29606
2.42132
1.68569
1.32919
1.72787
2.20863
1.55402
2.31148
1.53221
1.39155
1.15826
1.61786
1.24519
1.74187
1.36271
2.35124
1.99985
2.00099
0.80799
1.26519
1.47096
1.91709
1.36812
1.40339
1.83977
1.0553
1.94022
2.05448
1.39084
1.5747
1.7128
1.33456
2.00239
1.50012
1.7779
1.70166
1.38715
1.44436
1.7114
1.89641
2.11688
1.48788
1.00665
1.02207
1.97946
1.90666
1.17778
1.92225
1.27972
1.13922
1.60236
1.18066
2.21933
1.52898
1.55883
2.8014
1.05955
2.00846
1.23778
2.02263
1.68174
1.41668
1.124
0.902697
2.11013
1.67388
1.16932
2.00955
0.804408
1.41588
1.00172
1.02828
1.38427
1.85991
1.47102
1.65225
0.990928
1.6807
1.41242
1.42284
1.25439
1.66652
1.19343
2.01294
1.15268
1.20353
1.18208
2.11185
2.47217
1.66873
1.13542
1.60979
2.39444
1.52974
1.66778
1.9852
2.4336
1.85545
1.24809
1.56671
1.51409
1.39011
2.04827
1.81546
0.654225
1.16212
1.67398
1.9856
1.06585
1.10003
1.57922
0.494328
1.36828
1.72049
1.59411
1.13354
1.16195
1.23868
2.06611
2.00792
1.67671
1.40846
1.40686
2.41014
1.52458
0.83039
1.50977
1.42946
2.18243
1.50095
0.616876
2.1592
1.40413
1.56405
2.04716
1.27857
1.60224
1.36051
1.12482
1.68856
0.697473
1.7616
0.334782
2.18454
1.27421
2.07303
2.17926
1.30644
1.98311
1.25259
1.04115
1.81386
1.00035
1.0536
1.84782
1.0306
1.91768
0.961165
1.30432
1.03294
2.12996
1.68223
0.851975
2.20901
1.2721
1.49336
1.29129
2.03466
1.20129
1.86749
1.8944
1.04784
2.31639
1.50917
1.24693
1.41162
0.415675
1.58345
2.58955
2.21447
2.17
1.62197
1.96119
1.80455
1.21752
1.24635
1.55709
2.31514
1.68449
1.55773
1.07974
1.59424
1.09329
1.73729
1.25795
1.87401
1.73369
1.30834
1.20281
2.17861
1.53823
1.71509
0.925729
1.65855
0.73489
1.69262
0.874201
0.886783
1.42779
1.0152
1.91398
1.47605
1.53343
2.35925
2.35992
2.87898
0.807362
1.42979
1.58949
1.25631
1.49721
0.802556
1.74694
1.33093
0.479404
1.17506
2.00549
1.65102
0.640096
1.54522
2.0992
0.831042
2.3192
1.55334
1.80247
1.685
1.53881
1.01869
1.32495
1.34989
1.74632
2.24088
1.74957
1.56141
1.5096
1.79793
2.0947
1.4102
2.16577
1.46034
1.64814
1.54406
1.629
0.447317
0.941812
0.901345
1.09058
1.52476
2.05097
2.29729
1.22443
1.71676
1.03241
1.55157
1.4122
2.19937
1.93833
1.60449
1.52603
1.84234
1.11509
1.92315
1.92806
1.84016
1.98101
1.84881
1.9504
1.88504
1.6607
0.874455
1.24638
1.74793
0.969449
1.04247
1.42613
0.922012
2.03716
1.80898
1.261
1.56137
1.29867
1.59687
1.50532
1.20548
1.48408
2.26965
1.65691
1.65323
2.22293
2.24343
1.53172
2.39481
2.18004
1.31739
1.76798
1.24525
1.5335
0.859007
1.94016
1.33199
1.80178
1.82388
1.39062
1.20771
1.1226
1.32139
2.60236
2.63799
1.43152
1.66383
2.49155
1.88153
1.23308
1.41639
1.79289
0.704328
1.75065
1.93735
1.30855
1.37252
1.67603
1.56779
1.41427
1.81089
1.35341
2.01448
1.73536
2.4426
1.14849
2.17346
1.25181
1.00373
1.56213
1.68512
1.94898
2.06406
1.00523
0.938301
1.4454
1.92747
2.00822
1.64514
2.30478
1.45746
0.766866
1.30808
1.99446
1.32774
1.72337
1.91635
1.27558
0.977239
1.55346
1.78459
1.25169
1.96826
1.74471
2.3868
2.03272
1.78777
1.01758
2.14769
0.928455
1.62765
1.48745
2.02994
1.89219
0.779899
1.73888
1.32454
2.03824
2.18811
1.09154
2.22276
2.00684
2.59281
1.06836
2.24601
0.834774
1.24351
1.41174
2.22812
1.3954
2.12175
1.94107
1.50544
1.07156
1.98415
1.97878
1.91782
0.489134
1.1018
1.19815
0.997332
0.630547
2.23289
2.23339
2.20982
1.7339
1.34401
1.83184
1.25596
1.83702
1.52232
2.53366
1.62959
2.22286
1.18903
1.62563
1.81202
1.52974
1.34898
1.9219
2.09038
1.69223
1.34613
2.21768
1.36675
2.01841
1.85719
1.51759
2.07042
2.05579
1.93053
2.26229
2.16625
1.60181
1.17286
1.79552
1.10394
0.839787
2.12916
1.60526
1.89408
1.7225
1.65592
1.15156
1.46314
1.40889
1.87932
1.35595
1.60147
1.09704
1.17882
1.93356
1.0003
2.65837
1.59077
2.58002
1.2635
1.30609
1.60514
1.55505
1.64902
2.08421
1.91923
2.25943
1.09401
1.72157
2.24639
1.75116
2.12969
1.98601
1.01439
2.25996
1.58172
1.70776
1.37288
1.17204
1.57107
1.45063
1.70864
1.77984
1.49813
1.64735
1.99871
1.4231
2.06594
0.963248
1.79471
1.92431
2.12492
1.33064
1.87061
1.15893
2.3921
1.30463
1.63088
1.20408
1.49204
1.24042
0.888224
1.05043
2.32955
1.0048
2.27273
1.29352
2.25809
1.39822
1.42457
1.46337
2.03847
1.75035
1.40593
1.43796
1.05031
1.46357
1.64074
0.571418
1.48478
1.33472
1.89138
1.48547
1.48717
2.30221
0.776862
1.03152
2.30048
1.39645
1.50211
0.901585
1.57072
0.592007
1.68661
2.41272
1.75221
1.1816
1.66941
1.01912
1.84374
2.04403
0.945856
2.06242
0.985684
0.848454
0.956391
1.41532
1.28303
1.39986
1.62093
0.764126
2.45981
1.52977
1.44737
1.08319
1.42496
2.21099
1.86693
1.67281
1.98774
1.5291
0.756233
1.44424
1.6297
2.0356
1.65984
0.676063
2.58647
2.42301
1.85106
1.53423
1.15565
1.73616
1.35408
1.31376
1.83718
1.20012
1.54467
1.31512
1.13152
1.73114
1.90627
1.45659
2.22034
0.925572
1.33912
1.27209
1.5961
1.44719
1.36719
1.69822
2.22289
1.31894
0.959439
2.02067
1.68558
1.49905
1.67965
1.43001
1.22357
2.51843
1.61906
2.24585
2.02162
2.33262
0.687016
0.816209
1.71138
1.61671
1.22294
1.36407
1.34032
1.38227
2.83321
0.744909
1.65133
1.63159
2.10156
1.40961
1.77728
0.600241
0.777265
2.15583
1.9077
1.32769
0.998245
0.931363
2.06768
2.55211
0.810477
1.13623
1.04881
1.51614
1.36867
2.11356
1.54913
1.51795
0.848675
1.62948
0.850998
1.9026
1.56829
1.34867
1.469
1.32089
1.53763
1.26406
1.35989
1.54491
1.42249
1.81969
1.29627
1.92371
1.11474
1.1918
1.51333
1.61812
1.55618
0.952146
2.22869
2.20507
1.71121
0.896899
1.62385
1.93423
1.80277
1.77378
1.59045
1.12464
1.16206
1.3351
