0.999651
1.41952
1.77472
1.22023
1.74892
1.63309
1.75184
1.07662
1.6154
1.52397
1.74768
1.40432
1.34025
1.66959
0.902069
0.877906
1.747
1.74905
1.64674
1.54455
2.35108
1.5492
2.08021
1.09883
0.644574
1.38535
1.0017
1.44774
1.87158
1.35932
1.87986
0.477817
1.18607
1.27424
1.28328
1.96429
1.15486
2.45514
2.13139
1.06068
1.27841
0.990633
1.47948
2.68872
1.88721
1.51085
1.34789
0.878702
1.24868
1.36958
1.91775
1.37005
1.66965
0.864388
1.20516
1.0831
1.40314
1.26507
1.0543
0.952761
1.57997
1.92776
1.07128
0.90547
0.891898
1.34701
1.45894
1.23978
1.57653
1.9239
1.29319
1.65329
0.935017
1.15067
1.60478
1.37814
1.40192
1.58691
1.31301
1.88416
1.46476
2.0618
1.58422
0.969609
2.02131
1.69474
0.921027
1.33943
1.76401
2.05019
1.99329
0.912897
1.67701
1.50899
1.59643
2.12543
0.525006
1.10383
1.47968
2.56189
1.80085
1.6128
1.44236
1.33999
2.16839
1.94108
2.00517
1.62725
1.42693
0.853907
1.4486
1.09202
1.50644
1.3537
1.71189
2.03132
1.33519
1.39155
1.7426
1.25317
2.23612
1.56146
0.622333
1.96615
1.51107
1.25371
2.07199
1.56451
2.08723
1.46298
1.93877
1.61414
1.49535
0.667491
1.69274
1.85669
1.26036
1.49825
2.20144
0.604642
1.52826
1.99496
1.27085
1.24693
1.41625
2.03873
1.52183
2.56
1.8681
1.75849
1.22508
1.93292
1.57721
1.07891
1.40858
1.60214
1.69415
1.32461
1.83105
1.43627
1.704
1.91042
1.55499
1.21714
1.503
1.20774
1.53777
1.55511
1.53282
1.05443
1.35314
1.44639
1.93207
1.52824
1.88715
2.25198
1.12928
1.51944
1.21136
1.88823
1.22268
1.52977
1.80643
1.06371
1.2911
1.76887
1.19363
1.43198
0.728336
2.13223
1.36902
1.17537
1.59192
2.21313
1.8058
1.25362
1.57598
1.74452
1.87529
2.24116
1.64508
0.898405
0.888773
1.45887
0.908972
1.15905
2.04655
1.65954
1.49075
1.63303
1.14258
0.599384
0.996857
1.30017
1.63508
1.19445
1.35526
1.18496
1.77721
2.16909
1.86704
1.93049
1.45629
1.57296
2.0066
1.73579
1.21553
1.99757
2.01232
1.21518
2.12637
2.13731
1.99939
2.00692
1.66573
1.17213
1.10924
1.52721
1.78495
1.52577
1.36092
1.72043
1.02499
0.929963
1.02592
1.75382
1.10422
1.99129
1.21097
1.80415
1.20979
1.14931
1.33321
0.876867
2.35416
1.23195
0.795042
1.08507
1.84323
1.91953
1.55093
1.02005
2.14832
1.46387
1.63503
0.719426
1.96767
1.86903
1.36207
1.99425
1.95848
1.36463
0.853202
2.18482
2.36662
1.60059
1.56984
0.653336
2.44507
1.65807
1.69253
1.22025
1.42138
0.766674
1.32246
1.54992
1.54379
2.11561
1.89637
1.23738
1.84792
1.93142
1.26311
1.92824
1.92593
1.23286
1.22473
0.693532
0.716527
1.01014
1.40425
1.94907
1.46243
1.8815
2.00678
1.62741
1.38883
1.59857
1.38522
1.22651
1.69007
1.38497
1.47541
1.51345
1.38901
1.19071
1.74272
0.89051
1.34331
0.968784
1.3522
0.996033
1.36717
1.31175
1.15934
1.49681
1.56292
2.12558
2.79306
0.990599
1.64862
1.96211
0.831538
1.60059
1.17221
1.08744
2.33025
1.78895
1.7263
1.37285
0.944614
0.896923
1.61625
1.14945
1.95394
1.26717
1.27469
1.18442
2.17604
1.4948
0.97168
1.37565
1.51486
1.75153
1.38491
1.5118
1.47366
1.33943
0.588784
0.914097
1.55468
1.5131
1.7693
1.26819
1.26282
1.56689
1.40116
2.20998
1.67112
1.30087
1.66861
2.34073
1.27507
1.31124
1.07377
1.29808
1.02512
1.99817
1.68856
2.0676
1.9219
2.27248
1.21162
1.84453
1.01152
1.25034
0.852816
1.35281
0.709743
2.86933
2.10436
1.00096
1.9467
1.85742
1.93964
2.03778
1.65298
1.21417
1.28105
1.70202
1.42095
1.30371
1.76943
2.00657
1.29055
2.50542
1.04234
1.40828
1.43152
1.21103
1.69371
1.21898
2.07952
1.41211
1.94164
1.26208
2.04503
1.21471
1.49229
1.3054
2.32976
1.58219
1.26919
1.28274
1.43507
1.22619
2.30853
1.20582
1.55004
1.54595
1.82948
1.31635
1.24686
2.24773
1.52977
2.15819
2.08793
1.4878
1.74378
1.14408
1.47688
1.33786
1.22582
1.12678
1.54223
1.63835
0.873033
1.18694
2.28481
0.990774
1.56304
1.7624
1.43547
1.75491
1.31946
2.12843
1.87739
1.34954
1.17736
2.23931
1.3558
1.36328
2.16592
1.66499
1.05689
1.24776
1.54849
1.33611
1.74985
1.68362
1.58374
1.399
1.43041
1.00242
1.81913
0.778135
1.31219
2.00181
0.827801
1.54907
1.8865
1.14474
2.59749
1.01569
1.57312
1.17868
1.49294
0.882512
1.28717
1.433
1.55158
1.28309
1.17716
1.5986
2.16632
1.37372
1.82909
1.96919
1.47042
1.95552
0.655042
2.58464
2.18348
1.65837
1.88536
0.727899
1.10271
1.10737
1.59774
1.60688
1.45994
1.14121
1.50298
1.92079
2.06195
1.02863
1.46004
1.45546
1.95174
1.25588
1.77971
1.67183
2.16222
1.75904
1.22495
1.46277
1.44785
1.03915
1.04297
1.21035
1.0014
2.6624
1.46949
1.61731
1.18495
2.48978
1.14874
1.45608
1.9333
2.06716
1.55047
0.991647
1.0451
1.35939
1.53637
1.02937
0.810539
1.38199
1.26893
1.22638
1.52134
0.897282
1.65016
1.50312
1.75022
1.00894
1.33717
1.61531
0.741345
1.41131
1.67792
1.96086
2.44868
0.987936
1.31187
1.43229
1.12479
1.14322
0.963812
1.20153
1.02257
1.34075
1.87337
1.91035
1.35095
1.65488
1.56671
2.00362
1.57579
1.34582
1.5335
1.49682
1.51987
1.66419
1.23266
2.27496
1.6272
1.03112
1.32076
1.18241
1.9736
0.945742
2.08553
1.46409
1.23992
1.46524
1.66039
1.52244
2.18417
1.16792
1.08209
0.716151
1.78474
0.778878
1.50232
1.95968
2.10734
2.09073
1.53793
1.84247
0.951836
1.3477
0.850338
1.60139
1.25404
1.97259
2.36338
1.35645
1.62447
1.89315
1.61017
2.05123
2.03479
1.66326
1.23002
2.28772
1.90809
1.64808
1.05309
1.64294
0.765615
1.37011
1.35564
1.74161
1.42187
1.50471
1.80392
1.51602
1.49994
0.924765
1.63655
1.14868
0.872405
2.30904
2.21033
1.81529
1.83174
2.58469
1.71146
0.770491
0.695396
1.13592
1.37851
2.06848
1.72609
1.70363
1.37492
1.08735
2.04469
0.972582
1.25326
1.27685
1.82102
1.85635
2.09107
1.90734
2.20606
1.59869
1.33893
1.07894
1.81403
0.660483
1.42113
0.886242
1.6037
0.995168
1.92533
1.67395
1.27896
2.17011
2.72166
1.60098
1.52844
1.87349
1.37011
1.11167
1.62252
1.65384
1.29047
1.40135
1.16985
1.3015
1.75885
1.90783
1.91826
1.97503
1.95246
1.70317
1.06228
1.94692
1.99291
1.47495
1.40853
1.20038
1.12104
1.80863
1.24486
1.24216
2.26017
2.04263
1.93392
2.05542
2.6708
0.890984
1.70744
0.627053
0.720209
1.57128
1.54005
2.08116
2.1457
1.17607
1.91282
1.65215
1.86067
1.09376
2.13456
1.61763
1.83978
1.29954
1.17575
1.69569
1.31963
1.44362
1.07328
1.58882
1.36371
0.602865
1.23945
1.36169
1.91911
1.35739
1.3851
1.85507
1.34106
1.0576
1.93977
1.21769
1.39137
1.69576
1.80455
2.19006
2.49972
1.82168
1.45318
1.47188
1.07945
1.92437
0.957577
1.37652
1.27553
1.9232
2.20808
1.26337
1.30593
1.62573
0.756383
0.98692
2.08323
1.16187
1.28405
1.27787
1.21893
1.63982
2.06392
1.46759
1.33306
2.21106
1.90544
1.12737
0.598362
1.43316
1.06927
1.77849
2.03225
1.55268
0.976783
1.86806
1.71519
1.49241
1.24442
1.12252
1.05204
1.47771
1.18238
0.606541
1.11665
2.0545
1.28646
0.742719
1.51198
1.96727
1.70077
1.40048
1.39813
1.54795
1.02243
1.47507
1.40274
1.32083
1.52751
1.51737
1.25355
0.822038
0.812412
0.459535
1.55487
1.93225
1.65843
0.902992
1.71066
1.53983
0.979154
1.51
1.41705
1.3297
1.98807
1.16171
2.20682
1.62343
2.73887
1.64048
0.744447
1.63334
1.39279
1.03772
2.78231
1.64184
1.31236
1.86475
2.08693
1.03342
2.18992
1.85812
1.46884
1.95124
1.28252
1.37354
1.88323
1.05879
2.20006
1.24683
1.69632
1.8578
2.25659
2.18846
1.78805
0.949759
1.53105
2.1994
1.4774
2.07212
1.50104
2.21619
1.35661
1.36119
1.45432
1.03826
0.915731
1.28277
2.25952
0.963167
0.924347
1.20015
1.22723
1.44855
1.02371
1.43232
1.76078
1.95568
1.0995
2.46249
2.07784
1.84153
1.91895
1.52392
0.892082
1.55456
1.73669
2.0298
1.47249
1.26618
1.27746
1.84754
1.09256
1.19734
1.19487
1.7832
1.21141
1.17127
1.09174
1.95257
2.27446
1.45887
1.88884
1.55212
1.89122
2.04572
1.08221
1.50354
1.01681
1.35514
1.42502
1.20471
1.51782
1.01129
1.28837
1.38472
1.19515
0.792565
0.825754
1.75401
1.2794
1.4007
2.10464
1.15973
1.82512
1.78333
1.17294
1.92861
0.949058
1.43679
1.36844
1.75845
1.34666
1.38261
1.32542
1.22593
1.53154
2.00679
2.44986
1.25021
1.40871
1.96311
1.2208
1.89139
1.18948
0.505881
0.756657
1.45586
1.59375
1.78564
1.7387
2.24132
1.53533
1.82074
1.18141
2.31305
1.3207
0.918308
0.862646
1.46142
2.20023
1.48396
2.42978
1.29568
2.21483
2.17303
1.83099
1.04614
1.90951
0.944663
1.33372
1.35232
1.79521
1.32875
0.965528
1.40439
1.17184
1.34332
2.33948
1.52894
1.46048
1.85395
1.69853
2.65046
1.59347
1.90043
1.53224
1.10108
1.85837
1.99328
1.12518
2.2203
1.66291
1.2549
1.61639
1.21957
1.21325
0.462732
0.845356
1.8557
1.35073
2.43647
1.68168
1.34882
0.3716
1.48181
2.04669
0.970951
1.59027
1.34513
1.23221
2.39886
2.37325
0.96585
1.8006
1.55651
1.28284
2.53961
1.18838
1.03126
0.841372
1.02656
1.55453
0.730089
2.20038
2.12956
2.08442
1.43593
0.983466
2.25444
1.10907
1.12749
1.17254
2.74718
1.29921
1.35086
1.15845
1.47556
1.66603
1.69539
2.45814
1.04073
1.6106
1.68383
1.23262
1.27519
1.28974
1.30004
2.01056
1.30653
2.18021
2.2838
1.02886
1.43459
1.74093
1.13085
2.27786
1.34877
1.60459
1.0797
1.52546
1.70887
0.449393
1.62395
1.43081
1.01452
1.95848
2.48176
1.5924
1.24738
1.38976
0.449333
1.51397
2.15878
0.76624
2.45245
1.72414
1.71411
1.92776
1.6264
1.6165
1.29795
0.551592
0.97065
1.64502
1.57582
0.773377
1.59161
1.8558
0.585955
1.51425
1.3457
1.61702
1.36986
1.10121
1.3537
0.989223
1.63646
0.98803
1.42912
1.19868
2.0595
2.47613
1.66491
1.28685
2.41904
2.34228
2.17924
1.78589
1.73573
1.25363
1.97476
1.70838
1.42798
1.07997
1.65623
1.62093
2.01488
1.45638
1.83826
1.18969
0.65157
0.404936
1.42206
1.92158
1.36787
1.47237
1.45899
1.57281
0.700188
1.13371
2.05936
0.897325
1.57536
0.644476
1.72216
1.35014
1.95256
1.35358
0.978081
1.37715
0.573012
0.96801
1.83414
1.15715
0.995666
0.891604
0.804693
1.78573
1.22248
1.96533
2.00133
1.68463
2.29256
2.02904
1.55531
2.48836
2.17599
1.16545
1.46096
1.21599
1.69219
1.69889
1.21299
1.58294
1.66665
1.34332
1.8174
0.957362
1.2704
2.40906
2.42292
1.52736
1.32328
1.26407
0.89021
1.24716
1.72886
0.884118
1.57043
0.923429
1.25657
1.583
0.892932
1.70844
1.76066
1.51186
1.29612
1.69133
1.71849
1.52583
1.81122
1.2723
1.55365
1.89005
1.71491
1.80326
1.34288
0.929447
1.33354
1.46998
1.14621
1.21754
0.627989
1.30365
1.2428
2.18336
1.92418
2.12346
1.09572
1.35277
1.20235
2.36466
1.42711
1.78252
1.98781
1.29941
1.80059
1.6238
1.48558
1.68097
0.936397
1.60535
1.08793
1.67415
2.13875
2.35187
1.2693
1.18602
2.50173
0.901279
1.70788
1.29187
0.832515
1.1064
1.03139
1.44319
1.80624
2.26139
0.953709
1.78683
0.773769
1.0479
1.13627
1.10347
1.37198
1.35578
2.0059
1.70179
1.07682
2.2457
1.22786
1.48481
1.03893
1.62942
0.935449
1.19416
0.620171
1.30394
1.16424
0.758988
2.23288
1.69858
1.32498
0.965957
1.55303
0.686302
0.77347
1.79775
1.76582
1.70326
1.51403
1.40973
1.61036
2.25899
0.673015
1.36029
2.04636
1.96264
1.56158
1.73078
1.91817
1.36793
1.21312
0.969795
2.08279
1.92008
2.16719
0.55069
1.702
1.75479
1.02351
1.76538
0.773661
1.42429
2.20636
1.87893
1.36958
1.80621
1.93892
0.653774
1.0695
1.19378
1.98639
0.170075
1.83465
0.978913
1.64869
0.852863
1.36223
1.15419
2.46924
1.2549
0.964428
0.675702
0.981784
1.35301
1.44848
1.2938
1.95173
2.37728
1.85748
1.11531
1.33045
1.79083
0.662424
1.0743
1.64077
1.99428
1.33837
0.667512
1.30036
2.03774
2.08897
1.79002
1.42281
1.8483
1.66985
1.07954
2.4966
1.87763
1.27682
2.01812
1.35711
0.882928
1.37372
0.182522
0.923332
1.59076
1.6517
1.46562
1.93173
2.06178
1.90899
1.26147
1.32737
1.50367
1.40694
1.68408
1.04034
1.36113
0.850594
1.60211
1.95941
2.14114
0.691912
2.21481
1.20065
1.51681
0.609385
1.60462
1.33372
1.25718
1.43981
1.48065
1.58651
1.15024
0.805784
1.38758
0.971985
0.797051
1.33731
0.969408
1.95204
0.972358
2.64265
1.65099
1.03637
1.70844
1.40908
0.861318
1.03454
2.33273
0.759543
1.5744
1.82234
2.06711
0.851989
1.16714
1.91884
1.03582
1.19199
1.08664
2.03839
1.69471
1.9961
1.34463
1.52678
1.19062
1.11897
2.17485
1.4177
1.19764
1.80574
1.36812
1.30359
1.56781
1.32278
1.4644
1.16444
1.79718
1.30792
1.75674
1.56567
1.60712
1.18172
1.34582
1.21794
0.986183
1.652
1.91142
0.502606
1.4184
1.1263
0.666096
1.51856
1.22663
2.6619
1.33083
1.8219
1.39608
0.731996
1.15118
1.24593
1.36205
1.93852
1.3155
1.70499
1.4248
1.37266
1.48815
1.81818
1.99041
1.76097
1.38865
1.91852
1.53972
1.22418
1.64019
1.03357
1.02906
1.54024
1.56557
1.98494
2.13599
1.09957
1.2745
1.68994
1.31919
1.88502
1.46896
2.36917
1.44144
1.46642
1.84136
1.06099
1.32552
1.69326
1.14085
0.964955
1.18243
2.10055
1.1661
1.10606
1.66009
1.71639
1.90831
1.58751
1.62661
1.37441
0.797098
2.02013
1.32448
1.08966
2.29205
0.792661
1.05841
1.30928
1.86717
1.14083
1.80897
1.89982
1.03499
1.46986
1.07544
1.40215
2.19781
1.01612
0.728065
1.78917
1.51981
0.984825
1.87762
1.67576
2.51824
1.65277
2.14511
1.79897
2.08539
1.29968
0.800146
1.77453
0.729449
1.90342
1.03603
2.07365
1.86853
2.2246
0.748674
1.71408
2.09193
2.12208
1.52946
1.80882
0.898238
1.56726
1.77111
1.01381
1.61796
1.47682
1.73802
1.44861
1.65536
1.19537
1.3754
1.48549
1.37134
1.4419
2.12576
1.11995
1.51406
1.22508
1.86231
0.902567
2.30857
1.98164
1.48426
1.35793
1.22662
2.35207
0.813013
1.06555
0.866131
1.22881
1.50728
2.01069
1.36862
1.22125
1.16002
0.812247
1.11546
1.6356
1.68064
1.52928
1.77148
1.02685
1.75026
2.25187
1.1862
1.07974
2.26245
1.41409
2.47548
1.96843
1.08623
1.11726
0.742831
2.23589
1.47219
1.46941
1.6242
1.25503
2.26357
1.59057
1.24706
0.95916
1.62258
1.30758
2.28351
1.54925
2.18611
1.74204
1.1841
1.51811
1.15932
1.73994
1.06735
1.08254
0.710058
2.22669
0.460272
1.04558
0.64823
1.22671
1.92177
2.45525
1.11356
1.83228
1.63844
2.07773
1.61984
2.31222
1.16889
1.5025
0.831763
0.823051
0.995121
1.87679
2.06642
1.81875
1.46028
1.02877
1.63719
1.89763
1.57024
1.48025
1.64539
1.10108
1.39428
2.06509
1.03156
1.94568
1.46151
0.944716
1.90273
1.401
1.48089
1.63193
1.6569
0.79331
0.717095
1.06084
1.60242
2.18529
1.22216
0.997642
1.81699
1.80568
1.91898
1.20216
1.62349
1.54253
1.76445
1.40908
1.64802
1.49963
2.01042
1.59628
1.49394
1.36921
2.08463
1.7573
1.28875
1.84269
0.822454
1.93474
1.33133
1.17808
1.23557
1.45982
2.07043
1.22379
0.992587
1.59637
1.76205
0.804784
1.34951
1.51492
1.51376
1.74012
1.65402
1.07388
1.35521
1.36108
1.57989
0.909001
1.07266
1.56311
2.14892
1.31345
0.994659
1.32838
1.34823
1.46795
2.34112
1.27687
2.33128
1.57143
1.84284
1.90272
1.36961
2.65302
1.46906
1.0197
1.6256
2.28608
1.93368
0.8574
1.16406
1.87919
1.18143
1.77366
0.792225
1.89016
2.00241
0.955722
1.95881
1.245
1.2269
1.61411
0.798977
1.66315
1.26829
1.55169
0.990143
1.97171
1.58703
1.59106
0.586174
1.72757
1.3378
1.1637
1.31755
1.76966
0.567681
1.25265
0.944333
1.4475
1.82061
1.35326
1.50024
1.46528
1.54708
1.68242
2.12396
1.63652
1.87977
0.892289
1.67882
1.7505
1.25117
1.68137
1.78933
1.2457
1.38435
0.883338
1.64199
1.70336
1.40989
1.49786
0.783018
2.3394
1.05342
0.920604
1.25843
1.45125
1.53368
2.0281
2.10606
1.71442
1.17174
1.31383
2.23868
1.57806
1.61415
1.70858
2.2087
1.10987
2.13336
1.25079
0.646416
1.5454
1.91333
1.27905
2.29367
1.56275
1.55902
1.02164
0.788055
1.66583
0.98655
2.41693
2.17828
2.12921
1.80198
1.96443
2.04748
1.14785
2.11669
1.85519
1.10282
1.51119
1.24879
1.9365
1.61341
0.983099
1.51315
1.18184
1.06883
1.75743
2.3566
1.64346
1.15986
1.07996
1.48445
0.959895
1.71347
1.6161
2.27312
1.32948
2.36361
2.34008
1.31985
1.80408
1.80279
1.59167
0.968498
1.27147
1.30612
0.593472
1.91735
0.542712
1.32724
1.41199
1.74805
1.60727
2.42775
1.54638
1.69087
1.88387
1.84092
1.49844
1.23667
1.41489
1.74266
1.71402
0.786222
1.41248
1.73471
0.993681
1.92112
1.06177
1.07301
1.89357
1.30207
1.46099
1.14881
1.67671
1.12109
1.43106
1.03595
1.3113
1.81686
0.975238
1.89821
1.18752
1.61042
1.29929
2.03716
1.35054
1.30527
0.827862
0.673338
2.0165
1.43716
2.38812
1.58892
1.28379
1.25856
1.87663
1.77319
2.17784
0.484562
0.86271
2.26731
1.56448
2.02124
1.16603
1.04614
1.41866
1.02414
1.89879
2.14164
2.17271
2.53074
1.33328
1.37721
1.41137
0.8731
1.35903
1.44282
2.42773
1.55709
1.56353
1.28223
1.69938
2.15958
1.36126
1.87675
1.91891
1.45056
1.29618
1.2878
1.71035
2.15945
2.1707
1.47956
1.32617
1.47666
1.45359
2.20413
1.60853
1.99436
1.6972
1.02193
1.12844
2.29393
1.80828
1.21839
1.34841
1.36138
1.40661
1.6952
1.66873
2.21476
2.27832
1.73141
1.96165
1.46261
1.82177
1.30004
1.90169
1.15959
1.23354
0.979522
1.38659
1.55853
1.30947
2.0412
0.469858
1.64689
1.69004
1.55599
1.3313
1.70936
2.05061
1.41879
0.958618
2.22992
1.36614
1.95592
2.28825
1.72959
2.07658
1.54669
1.44691
1.30172
0.838902
1.33496
1.56079
1.26478
1.23064
1.44042
1.58145
0.906676
1.3387
1.1959
0.933822
1.41035
1.30362
1.95045
1.69071
1.38407
1.36057
1.27372
0.969326
1.27037
1.73969
1.84332
1.1949
2.54391
0.985263
1.58371
1.50538
2.46846
2.08372
1.91768
1.72749
1.72679
1.38864
0.856641
2.24994
1.83681
1.4297
0.628775
1.2977
1.88474
1.88855
2.03712
1.52283
1.83343
2.01497
1.52525
1.5664
2.10557
1.70012
0.93873
0.942797
0.998001
2.33896
1.98994
1.08231
1.02382
1.08058
0.805583
1.58539
1.31693
1.89576
1.51412
2.08982
1.05788
1.21067
1.05149
1.77915
1.51811
1.79101
1.7736
1.46446
1.19881
2.31647
1.98027
1.66389
1.33937
0.713727
1.96575
1.26351
1.8163
2.13198
1.221
0.705537
1.13259
1.39701
0.931593
1.35082
0.922166
1.99202
1.49623
1.21227
2.35705
1.70252
0.690633
2.13897
1.48463
1.36762
1.53337
1.35876
2.20128
1.76507
1.80674
1.52348
2.08941
2.31764
1.29789
1.25669
0.795187
1.72441
1.79383
2.25835
1.69108
1.1413
0.625759
1.10361
1.65761
1.3489
1.61689
0.615205
2.34007
2.29118
2.03897
1.08955
1.60483
1.14214
1.33466
1.09689
1.48927
2.07523
2.16214
1.44304
1.70604
1.51049
1.79891
1.19882
1.92672
1.34413
2.16089
1.03219
2.17604
0.978849
2.28402
2.08914
1.30865
1.62771
1.46768
1.27342
2.36549
1.18995
1.40914
1.45974
2.8677
1.80354
1.1694
1.84542
1.14051
1.25958
2.18831
0.868641
1.31221
2.42193
2.46389
1.46794
1.90553
1.6539
1.13508
1.8635
1.38485
1.3891
1.10025
1.54925
1.90726
1.13447
1.07742
2.16186
1.54467
1.14709
0.834455
1.50382
2.19021
1.84035
2.05088
2.01217
1.38172
1.95473
1.72151
1.46716
1.29323
1.95868
1.25334
2.06331
1.26228
1.77179
0.631124
1.8108
2.01717
1.89338
1.24029
1.08711
1.10073
1.86793
1.254
0.849314
2.18992
1.4886
1.20548
1.38693
1.69576
1.36251
1.0691
0.696184
1.35938
0.661232
1.68622
1.55456
1.73532
1.68088
1.18851
1.65427
1.64609
1.31231
1.69018
1.55609
0.554253
1.49271
0.875084
1.58415
1.08323
1.918
1.11999
1.7412
1.42418
1.4285
0.38941
1.0892
1.63297
1.65954
1.46004
1.52772
1.34457
1.54528
1.5107
1.67468
1.79368
1.96001
1.08717
1.07787
1.3324
1.599
0.974265
2.17145
2.22666
1.39417
1.22708
1.56576
1.52843
1.69532
1.18799
1.36697
1.39069
1.35045
1.10061
1.31294
2.228
1.72077
1.41746
1.78764
1.23468
1.1133
1.06437
1.44951
0.5765
0.671492
1.32548
1.70148
1.05627
1.83506
0.805427
1.54122
1.08616
2.34993
1.00636
2.06133
1.87196
0.73813
1.7327
1.43659
1.2139
1.11305
1.27686
1.1893
0.835891
1.48248
1.86832
1.17365
1.73893
2.14315
1.69988
1.44221
1.64588
1.36057
2.35637
1.87746
1.87471
0.714747
1.45665
2.19299
1.41806
1.44817
1.45788
1.43173
1.87543
0.94656
2.21366
1.82619
1.34879
2.3967
1.63195
2.37626
1.74886
1.86653
1.40197
1.42471
1.69136
1.09346
1.46344
1.4659
1.78283
1.32555
1.65053
2.19615
1.6675
1.64322
1.08389
1.20768
1.4459
1.88702
2.28162
1.21348
1.38715
1.09915
2.17696
1.27959
1.16467
1.51007
0.826275
1.69409
1.33139
1.228
1.67135
1.85334
0.892385
1.14648
1.73319
1.4451
1.49452
1.75923
1.66563
1.55187
1.20578
1.27429
1.05679
2.26675
0.875966
1.03707
1.56298
1.72742
2.05895
1.63161
1.8075
1.77918
2.18926
1.58349
0.984723
1.06248
1.11203
0.765411
1.91877
1.17495
1.73568
1.27563
2.36224
1.9854
1.41458
1.38254
1.059
1.96297
1.8578
1.70965
2.03588
1.13885
1.16218
0.696364
1.25021
1.76631
1.86283
1.6787
0.98178
1.50874
1.1775
0.739581
2.51941
2.37076
1.46316
1.62484
1.49424
1.42729
1.96701
1.94186
0.891678
1.08258
0.891875
1.31463
2.0861
1.40438
1.99932
0.905866
1.63224
1.43198
1.25759
1.3557
1.88553
1.39273
0.615046
0.912512
0.958066
1.31773
0.870445
1.44783
1.97397
1.79972
2.07429
1.98787
2.09102
1.82148
1.27069
2.09368
1.25298
1.70733
0.772523
1.60446
0.537443
1.2221
1.53192
1.71216
1.26173
1.28207
1.41434
1.80335
1.78708
1.94068
1.7877
1.7023
1.62796
1.58792
1.51092
1.8968
1.79183
1.38175
1.33529
1.29301
0.551095
2.02851
1.06222
1.8425
1.33566
0.96562
1.42094
1.07321
0.97739
1.43987
1.68199
1.70905
1.60846
1.05441
1.58868
1.59625
1.66922
0.981387
1.76125
0.793389
1.5403
1.46237
1.63584
1.89583
1.48619
1.42588
1.4152
1.17104
1.10779
1.17468
1.18897
1.11641
1.72485
1.55395
1.14593
1.03518
1.21924
1.62496
1.03688
1.03041
2.10456
1.10101
1.62432
0.924259
1.27787
1.33591
1.17092
2.06823
1.46348
0.939785
1.90803
1.88182
1.45543
1.16803
1.33654
1.18983
1.43722
1.71852
1.6501
1.6238
2.76263
1.50214
0.686243
1.07592
1.25827
1.62178
1.71818
1.33623
1.50153
1.45137
0.713867
2.00944
1.53184
0.847904
0.901503
1.99617
1.56018
1.17376
2.00583
1.50263
1.91683
1.64772
2.55284
1.4225
1.2518
1.5606
1.82764
1.45125
1.36724
1.79127
1.88703
0.851739
1.8432
1.48748
1.55175
1.24505
1.34319
1.27547
0.909061
1.05976
1.71966
1.45862
2.36529
1.5961
2.11476
1.7726
2.07609
1.94868
1.70856
1.51266
2.23915
1.69628
1.91323
1.61893
1.51258
1.86334
1.73406
1.65433
1.02028
1.65996
1.58007
1.20568
0.957922
1.5344
2.17474
1.45057
1.50511
1.48234
1.91084
0.98236
1.80963
1.9688
1.96248
1.75213
1.21615
1.23105
1.31137
1.62145
2.08151
1.60419
1.11063
1.607
1.63536
2.17081
0.80626
1.03995
0.967026
1.42074
1.63071
1.45383
1.23486
1.55291
2.10259
1.05134
1.95477
2.04105
1.40014
1.838
1.60944
2.0906
1.55738
2.33423
1.37148
1.33611
1.59863
1.54296
0.766399
1.33265
1.57849
1.60779
1.65464
1.58929
1.26039
1.52183
1.07083
1.8995
1.46427
1.62392
1.53165
1.37091
1.57157
1.44744
2.3454
0.979419
1.02357
1.71466
1.70462
1.58264
1.55905
1.54339
2.03549
0.944907
1.42728
1.65739
1.61674
1.27027
1.39602
1.66671
1.37117
1.52494
1.7309
1.4899
1.27213
2.16374
1.64417
1.45703
1.63046
0.853537
2.25398
1.5022
1.44733
1.34632
1.40419
0.462827
2.15272
2.04196
1.82815
1.12036
1.99664
1.62313
2.28651
1.69182
1.58091
1.01733
1.49345
0.60078
1.21175
1.69305
1.33102
0.853707
1.66462
1.54174
1.53911
1.6012
1.43182
1.21733
0.962879
1.84446
1.69698
1.97609
1.57556
0.810259
1.61133
1.44701
1.16072
2.02252
1.48867
1.94914
1.74923
1.04614
1.3457
1.97276
1.26983
1.12648
1.17919
1.17074
1.54672
1.68709
1.80069
2.14142
2.37753
1.69625
2.29085
1.31774
1.51113
2.15395
1.80248
0.84208
1.1961
1.08858
1.73653
2.51143
0.742666
1.68297
1.69357
0.881749
1.27069
1.03864
1.56408
1.32193
1.19969
1.45069
1.11465
0.692619
2.13635
1.53582
1.39317
0.813198
1.82594
1.68647
0.938019
1.42643
1.71334
0.879538
1.42503
0.835386
2.23665
1.98547
1.0156
1.70529
1.37412
1.99298
1.46022
1.64086
1.49789
1.19481
1.2317
1.49181
1.82918
2.14325
1.4932
1.70597
1.75033
1.57775
1.49868
1.68469
1.86829
1.0938
1.06102
1.3029
1.25504
1.09922
1.63578
1.59935
0.987341
1.78577
2.40347
2.24786
0.348464
1.48417
1.48298
1.02441
1.69914
1.61433
1.85665
2.50552
1.71948
1.68813
1.10503
0.930372
1.89821
1.43531
1.02306
0.624841
1.54382
1.82168
0.999943
1.48959
1.91547
1.93714
2.04052
0.32084
0.77405
1.63438
1.69044
1.86219
1.77328
1.29596
1.50991
1.20109
1.92015
1.70586
1.15695
1.31291
1.65672
1.40097
1.36157
1.38733
1.66205
1.65874
1.67134
1.52513
1.80201
2.14019
1.69814
1.15124
1.67253
1.6691
1.11886
1.29602
2.16517
2.38245
1.23098
0.934621
1.49176
1.45082
2.16688
0.358652
2.27523
1.06994
1.37845
0.97604
2.18768
2.3715
0.946489
1.0811
1.22843
1.42886
0.393785
1.13972
0.829248
1.54319
1.7619
1.63902
1.73403
1.98051
1.62398
0.649295
1.39304
2.17522
0.906132
1.44409
1.16854
1.38789
0.686025
1.71226
0.880866
1.41335
1.22115
1.16179
1.84662
0.728728
1.19265
1.22015
2.26307
1.30568
1.85354
1.74483
1.66349
1.59059
1.54883
1.72281
1.22904
1.08906
1.41421
1.78802
2.02158
2.296
1.21216
1.74248
1.57611
2.06025
1.69915
1.73161
1.21325
1.10518
1.61628
1.81532
1.83123
2.26508
1.97576
1.66245
1.33546
2.10877
1.41629
1.59094
0.976717
1.5044
1.39924
2.72506
1.14103
1.59527
1.42168
1.1677
1.74303
1.75128
1.76142
2.24393
0.869125
2.36841
0.564687
1.62004
0.749427
1.44079
1.30915
1.55242
1.35701
1.07183
1.4265
1.25811
1.99862
1.56121
1.34914
1.46654
1.67475
1.52152
1.76401
1.11855
1.01583
1.11978
1.33403
2.0108
0.711074
0.963922
1.46397
1.73399
1.49773
2.23805
1.89067
1.31654
2.2673
1.05922
1.38342
1.81781
0.817487
2.31382
2.05246
1.38553
1.89039
0.894415
1.27659
0.77855
2.39074
2.31402
1.54009
1.44535
1.43106
1.17187
1.81681
1.11285
1.86889
1.54385
2.47003
1.44626
1.54351
1.68603
2.04847
1.06487
2.07767
1.514
1.07239
1.19018
1.37892
1.30446
1.13265
0.941284
1.20215
1.85478
2.13557
1.23477
1.62906
1.883
2.13117
1.50972
1.53026
1.9987
1.26439
1.93821
1.9015
1.84041
0.987675
2.05903
1.76896
1.34563
1.35376
2.05054
1.87668
0.533193
2.30669
1.21904
0.923663
1.32655
1.44233
2.18798
1.7907
1.43673
1.52506
1.39683
1.0861
1.46698
1.06595
1.98628
1.26784
1.22233
0.958256
2.06972
1.81473
1.9882
1.38468
0.824015
0.854969
2.014
2.26692
0.81654
0.899319
1.18831
1.42218
1.63866
1.27588
0.676458
1.84599
1.43443
1.66046
0.950319
0.830508
1.52922
1.77279
1.56707
1.60558
1.46186
1.51388
1.27717
2.06785
1.36222
1.72891
1.34498
1.02364
1.62398
1.2882
1.36887
1.62637
1.67245
2.08727
0.885621
1.62569
2.05825
1.71222
2.23684
1.60868
1.57838
2.14622
2.1643
1.39887
1.37216
1.3329
1.50697
1.68945
1.78591
2.08937
1.54471
1.37634
1.19041
1.15646
1.24395
1.35401
1.70493
1.78832
2.32709
1.1655
1.0611
1.22333
2.38606
1.40243
1.30954
1.038
1.6607
1.4873
0.844513
0.852609
0.972846
1.92476
0.88506
1.96479
1.72072
1.0136
1.64557
1.25599
1.07335
1.67361
1.54846
0.882761
2.39495
1.25715
2.16106
2.18215
1.47231
1.52873
1.76314
2.26746
2.0347
1.32171
1.49078
2.10905
2.27651
1.67658
1.17419
1.41452
1.53395
0.86847
1.5393
1.1404
1.55511
1.73709
1.37963
2.26576
1.37045
2.05294
1.71073
2.2347
2.18298
1.85049
1.45727
1.23341
0.713227
1.0544
1.33987
1.63034
1.8457
1.49795
2.63682
0.702199
1.05037
2.42894
1.49155
0.689546
2.14196
1.5173
1.84041
0.824624
1.24134
1.87088
2.1957
1.59799
1.62276
1.50205
1.96195
1.35176
1.3017
0.637421
1.49871
1.92339
1.81248
2.2642
1.3368
1.85554
2.16464
1.38417
1.94572
1.06089
2.33405
1.69071
1.0484
1.681
0.764481
2.00322
2.00318
1.66511
1.53036
1.07152
1.75376
2.03975
2.10443
1.30404
1.57617
1.62661
1.91009
1.73424
1.74588
0.909145
1.58383
1.74
1.66168
1.13079
2.03984
0.936674
1.41989
1.27295
2.07253
0.974193
2.517
1.18373
2.17961
1.75199
1.99932
0.985615
1.08305
1.40401
1.11832
1.81674
1.89235
1.21982
0.724068
0.894125
1.21058
1.98787
1.90989
0.729945
1.59013
1.05444
1.27377
1.93192
1.25259
1.98968
2.18139
1.35964
1.43765
1.48389
2.32179
1.81293
1.27787
1.79065
1.95236
1.52141
2.28254
1.13044
2.22453
1.61237
1.68488
1.73851
1.20833
0.703741
1.29402
1.4003
1.27576
1.83958
1.68875
1.67628
1.44005
1.10678
1.95091
1.35691
1.20733
1.37503
1.40794
1.20686
1.71374
1.3609
1.50092
0.385669
1.66472
0.733213
1.36753
1.87298
2.1781
1.7553
1.96278
1.77634
1.48991
1.51255
1.26163
1.63416
2.3974
1.51767
0.631234
1.79728
1.55102
1.65794
0.863264
1.42816
2.15579
0.784204
1.36856
1.35351
1.69809
1.46436
0.953283
1.88445
1.27959
1.13212
1.4311
1.44184
0.797429
2.2376
1.32851
1.34867
1.72016
1.76691
1.09127
0.967055
1.50856
1.25387
2.25949
1.45558
1.78264
1.72679
1.61732
1.20784
1.29656
1.52827
2.73332
1.47672
0.855447
1.37544
1.00857
1.67935
1.217
1.1417
0.753038
1.24295
1.49042
2.06262
1.7969
1.89011
1.51962
1.46624
1.15865
0.616519
1.55853
0.854032
0.492738
1.9838
0.622671
1.56726
1.89782
1.03016
1.62349
1.83661
1.78349
1.25265
1.28449
2.62727
1.92313
1.72479
1.08386
1.58087
1.181
1.19121
1.08064
1.52115
0.950847
1.32177
1.25713
1.37296
1.82928
1.15696
1.11533
2.17581
1.83623
0.744722
1.87188
0.817534
1.88595
1.30682
1.57232
1.5965
1.41452
1.66315
1.1829
2.33113
1.04801
1.66366
1.46399
1.58538
0.953106
1.24981
1.23848
1.10457
1.59649
1.15587
1.64216
1.70745
1.74368
1.77637
1.27588
1.97649
1.17369
1.62594
1.38753
2.33566
1.31783
1.16548
1.40054
2.0383
1.97728
0.842349
1.88541
0.917737
1.4604
1.84217
1.75954
0.77928
2.42124
1.21595
0.711355
1.07174
1.24873
1.34435
2.00853
1.65219
1.50721
1.51092
2.06858
2.00958
1.84925
0.624967
1.40057
1.68632
1.11628
2.27406
1.43162
0.861602
1.96893
1.85783
1.26669
1.88214
0.871981
1.41536
1.37976
1.97874
1.76377
1.36762
1.27244
1.92906
1.29991
1.20315
1.90037
2.30524
1.4518
1.7488
1.50229
1.94245
1.42997
1.1048
1.40085
1.6839
1.66944
2.25479
1.25464
2.0721
1.54949
1.47862
2.15615
1.32076
1.58978
2.13816
1.83927
1.02755
0.689844
2.44311
1.39236
0.893552
0.499739
1.64062
1.19495
1.5363
1.95911
1.21514
0.527924
0.879523
1.77441
1.88361
1.2186
1.34883
1.61714
0.741529
1.57373
1.24654
1.41701
1.57078
1.93473
1.78814
1.53197
1.37528
1.63571
0.684213
1.33552
1.34782
1.32766
2.03506
1.50471
0.74426
1.66544
1.96922
0.815362
1.3904
1.38477
1.92619
0.453763
0.566675
1.61094
1.94068
1.5556
1.40865
1.87843
1.50801
1.29453
1.98708
1.86523
1.0207
0.850277
1.42819
2.03833
1.92932
1.02298
1.87371
1.88579
1.21989
2.10841
2.22231
1.77965
1.40951
1.78701
1.36918
0.727502
0.987734
2.00901
1.89293
1.98867
0.858516
0.876264
1.59418
1.09174
1.73437
1.371
2.24683
1.13522
1.60434
1.56513
2.07192
1.38827
1.14918
1.64856
0.97316
1.05715
2.11219
1.25095
1.15558
1.10218
1.86172
2.35564
1.90705
0.689833
0.892973
1.16521
1.26032
2.06171
1.9016
1.84531
2.18791
1.45039
1.27933
1.50807
0.90605
1.34729
1.89286
1.91728
1.56353
2.38313
1.59436
1.48849
1.46725
1.07055
0.905976
1.26753
2.39256
1.221
1.53725
2.73431
1.50061
1.4033
0.336026
0.997841
2.14727
1.80116
2.13058
1.70129
0.692013
0.681685
1.45635
0.83043
2.2862
1.96264
1.51596
1.97118
1.55816
1.94633
2.35894
1.07648
0.961322
1.84193
1.13728
1.89302
1.85621
1.93747
1.37419
1.45235
1.12048
1.71867
0.744876
2.61871
1.29789
1.38442
1.62698
2.28277
1.75792
1.41517
1.22333
2.04995
1.96211
1.35376
1.14804
1.71698
1.60529
1.87746
1.88323
0.938163
1.03702
1.61447
1.4232
2.35576
1.67769
1.424
1.72238
0.748741
1.34345
1.87426
1.39527
1.49334
1.3563
1.32026
1.27761
1.45457
1.38492
1.36088
1.38224
2.18619
1.81488
1.68924
1.05025
0.88063
2.12168
2.07477
2.29614
1.83376
0.757855
1.6803
1.39143
1.38286
1.84763
2.20544
2.10231
1.6051
2.14797
0.807698
1.65225
1.68813
1.19735
1.7867
2.37263
1.53638
1.20084
0.939711
1.04609
2.08828
1.51211
1.61243
1.12486
1.61292
1.57956
1.53853
1.57755
1.08692
1.4922
1.69357
1.45109
1.20817
1.70851
1.47728
1.44833
1.88015
1.49241
1.12557
2.05061
2.73421
1.58679
2.05143
1.52537
1.76563
1.18807
1.21175
1.23182
1.33962
2.20249
1.17529
1.31666
1.90065
1.26265
1.59214
1.6554
1.55725
1.20261
1.71541
1.76874
2.44411
1.3275
1.76553
1.08595
1.39017
2.47174
2.00379
0.896795
0.890855
1.50854
1.51168
0.517761
1.19258
1.14492
1.41152
0.520083
2.27159
2.59209
1.4202
1.81511
1.00885
1.2879
1.35164
2.11845
0.982306
0.875799
2.15336
1.24197
1.13043
1.40289
2.27844
1.52342
1.01296
2.17427
2.14892
1.44894
2.44335
1.42292
0.83085
1.45156
2.33474
1.90214
1.71201
1.36656
1.77441
1.3212
0.438428
0.93782
1.24203
2.02103
0.719111
2.17006
1.8333
0.950039
1.80257
1.18324
0.758209
1.6569
2.11619
1.50183
1.23951
0.74324
1.49681
1.6323
1.19272
1.33278
1.54261
1.48857
1.07344
1.60193
1.52824
0.982027
1.64169
2.0171
1.93245
1.54585
2.22334
1.39386
1.74508
1.1048
0.972934
0.923259
1.40054
1.85678
0.58662
0.749171
1.50012
1.91051
1.31528
2.04052
2.17034
2.00502
1.3455
1.08678
0.744804
0.761037
1.38125
2.29696
1.43371
1.75711
1.01785
1.09391
2.09263
1.51406
1.06898
1.59453
1.20223
1.88855
2.07839
1.28175
1.45494
1.16809
2.12081
1.42915
1.40781
2.34135
1.95544
1.02785
1.77933
2.21807
0.308327
1.95321
1.68272
0.94521
1.58215
1.94812
1.50575
1.71852
1.64769
1.9723
0.606628
1.62007
1.44664
1.91466
1.11788
1.4902
1.51027
1.47856
1.87695
1.37748
1.00401
1.7122
0.631984
1.44694
2.37789
2.13261
1.44156
1.99992
1.06218
2.41845
1.47607
1.46875
1.21506
1.62615
1.83149
1.19611
1.68629
1.54003
1.48644
2.16098
2.25493
1.27875
2.26389
1.04825
0.868014
0.804613
1.82474
1.53313
1.75128
1.75022
0.654823
1.09746
1.55078
2.46845
0.606486
1.37379
1.46846
0.79597
1.62883
1.8524
1.75066
1.45183
1.75668
1.35276
1.2748
1.4701
2.01941
2.57327
1.75227
1.31881
2.24327
2.25346
1.16245
2.13741
1.12286
1.6367
1.72324
1.77684
1.5465
1.79149
1.17482
2.66204
0.903213
1.94029
2.12752
0.755922
1.86609
2.38134
1.29193
2.18809
2.29499
1.32159
1.67161
1.43328
1.88895
1.23066
1.00347
0.606602
1.33818
1.6577
0.817374
0.800484
1.20392
1.08624
1.0814
1.18087
0.996704
1.63566
1.60019
2.08001
1.56985
2.17028
1.16886
1.11495
2.32747
0.860431
1.34619
1.87967
2.09874
1.5791
1.77176
1.89597
0.920057
1.15112
0.812207
2.03484
1.83813
1.61085
1.51963
1.82916
0.795031
1.0837
1.92958
1.39404
1.92847
1.62731
1.5667
1.40834
1.47611
1.4601
0.873824
1.06217
1.81271
1.22975
1.95729
1.83515
1.1122
1.88377
2.25971
1.82896
1.57934
1.40426
1.8765
1.96027
1.52112
0.951214
1.06074
0.737351
0.925322
1.68343
1.43901
0.95392
0.937076
2.09856
1.28902
2.22922
1.65347
1.55468
1.70409
1.219
0.856067
1.15299
1.38504
1.52018
1.38354
1.41254
2.31797
1.27755
1.56152
1.84275
1.85831
1.75618
1.33121
1.28188
1.5247
1.70947
0.821412
