1.20582
0.772728
2.44028
1.48671
2.68945
1.5093
1.8284
1.46958
1.09415
1.78322
1.67705
1.37961
2.46071
0.732799
1.96265
1.79884
1.98518
1.28038
0.726578
1.62539
1.47372
1.62349
1.97991
1.71414
1.97523
1.84678
2.18448
2.75221
1.58699
1.48607
1.79571
1.57336
1.3754
2.06395
1.50134
1.48258
1.94875
2.22398
1.19613
1.81767
1.40323
1.78208
1.53783
2.43447
1.16345
1.66922
2.15504
1.87321
0.924956
2.35034
1.43627
1.25361
1.5451
1.47335
1.57971
1.28346
1.83257
1.09464
1.32982
2.52018
1.81265
1.99684
1.69735
1.20901
1.03588
1.51682
2.2999
1.84656
1.21279
1.15391
1.18172
2.61594
1.6691
1.50474
1.55837
1.45353
1.45125
1.19179
1.59814
1.67542
0.489527
2.03721
1.6288
1.54259
1.71152
1.09026
1.85518
0.606125
1.00354
2.33827
1.54751
2.0485
1.72423
1.26985
1.77951
2.52275
2.01691
1.3048
1.62246
1.37346
1.59704
1.36874
1.17749
1.47841
1.48151
1.87862
1.68254
1.57681
1.88724
1.18311
1.57058
0.94878
1.37596
2.36942
2.38929
1.50064
1.54266
1.9973
1.24287
1.94862
1.30468
1.50794
0.433068
1.91833
1.21865
1.4103
1.23855
2.52539
2.07762
1.73904
2.30631
0.820919
1.13636
1.58844
2.11799
1.3246
1.51798
1.11519
1.32064
1.43299
1.14905
1.31471
2.23715
1.74343
1.3353
1.73267
0.947019
1.4156
1.09442
1.06102
1.64233
1.32706
1.3721
2.2777
1.82433
1.3587
1.53618
1.48957
1.201
1.1862
1.561
1.17462
0.965313
1.30326
2.15199
2.21475
1.82606
2.03136
1.39084
1.44762
1.83282
1.42412
1.0227
1.14917
1.68125
1.59907
1.36031
1.39758
2.3685
0.644335
1.9549
1.60148
1.02692
2.03772
1.33703
1.00765
1.06773
1.41261
1.6517
1.82833
1.6694
1.19379
1.66202
1.56619
1.39701
1.34808
1.54717
1.72676
1.25984
1.40283
2.21892
1.6293
0.862305
2.34534
2.16309
1.55151
2.30065
1.50948
0.968205
1.48151
1.27853
1.87151
1.24068
1.14744
1.22813
1.52864
1.85162
0.719174
1.39416
1.46311
2.39695
1.55673
1.47979
1.79499
0.757874
1.27969
1.52879
0.818458
1.48788
1.39335
1.97458
1.71172
2.20406
2.03908
1.61301
1.79008
1.67931
1.28016
1.64805
1.56041
1.10305
1.23075
1.63693
1.55316
2.20107
1.37058
1.3241
2.23692
1.37874
1.09525
1.55749
1.24924
1.84895
1.03173
1.57659
2.10949
2.00456
1.91023
1.71738
0.898012
1.26805
1.90939
1.14883
1.21386
2.06792
0.591014
2.32182
1.26151
0.756722
0.734922
0.98522
1.53221
0.725813
2.03186
2.31234
1.73576
2.04898
1.22583
1.30685
1.1839
0.770819
2.07477
1.70111
1.76812
1.6799
1.22683
1.92294
2.08332
2.03529
1.38979
0.944406
1.8097
0.991277
1.0008
1.51681
1.09174
1.78302
2.15887
1.49222
1.32463
1.79859
2.06027
0.852454
1.65188
0.756082
1.59766
1.67146
1.43035
2.51571
1.3174
2.09097
1.51847
2.86283
1.6037
1.93845
1.77113
1.80674
1.62866
1.33585
1.61133
1.59488
0.818267
2.431
1.80118
1.35158
1.09404
2.24629
2.0678
1.08431
1.91411
1.58025
1.41186
2.46912
1.39323
1.35628
1.96422
2.87112
1.29038
1.38969
1.79715
0.933866
1.72404
1.53447
0.82044
2.0057
2.54618
1.84414
1.18817
1.72513
1.06613
0.884169
1.05663
1.69265
1.52341
1.57714
1.09762
1.99225
1.61299
1.06361
1.15326
1.15125
2.14164
1.37397
1.794
1.59848
1.89514
1.62508
1.32843
1.40587
1.33572
1.68019
1.34026
1.469
1.47581
1.39738
2.48537
0.55098
1.95769
1.80869
1.40327
1.35257
1.51538
0.969582
1.90655
2.11727
2.07834
0.480701
2.22556
1.01812
1.36263
1.25798
2.30458
1.12486
1.68868
0.875633
1.10616
1.01421
0.935453
2.12924
0.959607
1.98328
1.18558
1.84468
2.6498
1.18699
1.67947
1.05441
1.27882
1.79405
1.57789
0.613895
1.60165
1.62148
1.18555
1.55203
1.55535
1.35011
1.45798
1.42557
2.16821
1.93643
1.36475
1.10622
1.57021
1.48469
1.50523
1.90634
1.13639
1.1381
2.19453
2.15218
1.01162
2.02561
1.56189
1.58459
1.14523
1.53801
1.83332
2.07587
1.53154
1.58859
1.81546
2.07582
1.76463
1.65574
0.981757
2.13605
2.12326
1.64441
2.86425
1.35895
0.836904
2.0205
1.94841
1.30691
1.64355
1.54174
1.59042
2.6802
2.53133
1.4869
1.98388
2.41699
2.18887
0.935095
0.955081
1.99483
2.11116
1.92254
1.46691
1.54852
1.82506
1.46709
2.29412
1.71922
0.978458
1.748
0.860455
0.894658
1.63176
1.30334
2.44508
1.79383
2.20082
1.31938
1.80323
1.62077
2.42349
1.42298
2.03683
1.31534
1.37316
0.86157
2.09961
1.71392
1.96688
1.32875
1.54154
2.44557
2.54531
1.49511
1.53985
1.70791
1.56835
1.57357
1.16564
1.85729
1.40574
2.14864
2.2128
1.61298
1.39964
1.71195
1.10955
1.43112
1.58017
1.71232
1.50816
0.729702
1.10846
1.1825
2.21678
1.08982
1.50137
2.14166
1.76013
0.760821
1.22482
1.56301
1.59786
2.15884
0.939841
1.68228
1.71758
1.23292
1.09099
1.26144
1.2624
1.56469
2.28783
2.28107
1.41459
1.35632
1.67691
1.28336
1.45007
1.05772
2.29148
0.95995
1.07217
2.67368
1.36182
1.55139
1.92629
0.958991
1.23832
1.50792
1.69465
1.13836
1.50299
1.23698
1.69416
1.05124
1.67671
1.42677
1.65843
1.67658
1.04677
1.95006
1.76078
1.03895
1.71682
1.21442
0.914598
1.59094
0.558132
1.91716
1.51079
1.4785
1.81158
1.46397
2.29166
1.48635
0.770296
1.15522
1.01827
2.15534
1.32218
1.34418
1.69677
1.60764
1.05233
1.92268
1.26637
1.30726
1.59375
2.11129
1.2748
1.48814
1.58746
0.753145
1.47832
1.35632
1.03894
1.24403
1.92489
1.46271
1.28665
1.88195
0.803291
2.49411
1.81246
1.46599
1.82537
1.61213
2.03536
1.12326
0.931897
0.952377
1.25095
2.35568
1.39613
1.61115
0.928082
1.99967
1.31111
0.741921
1.52566
1.43506
1.87848
0.949139
1.95562
0.722306
1.48321
1.79987
1.52873
1.60541
0.916906
1.78402
0.857421
1.07395
1.10917
1.56926
2.00015
0.988915
0.702809
2.06161
0.649413
2.11744
1.3985
2.05787
0.95436
2.10585
2.34778
1.82398
1.00744
1.73424
0.980242
1.22697
1.69944
2.34312
1.52635
1.3011
2.22155
1.03496
0.939025
1.40574
1.93973
1.53014
0.792241
1.53343
1.39138
1.85953
1.4165
1.71855
1.4494
1.62967
1.64347
1.41366
1.65228
2.04744
1.87874
1.52861
2.07796
2.05135
1.72102
1.62909
1.55719
1.69496
1.75252
1.32843
1.32775
1.39794
2.26413
1.31491
1.58285
0.682256
1.95368
2.03526
2.06629
1.82376
1.37898
2.29611
1.54681
1.7523
2.27014
0.787359
1.08683
1.30245
1.32426
1.46378
1.54237
1.87304
0.706399
1.70366
1.66821
1.41466
1.34518
2.02852
1.04135
1.94425
1.78805
1.57836
1.5063
1.75405
1.09638
1.92743
0.931893
0.992517
2.04271
1.82146
1.27251
1.65856
2.11085
1.61164
1.61117
1.56701
1.92793
2.40808
2.61588
1.3137
1.62958
1.48454
0.777826
1.4019
1.45549
1.43704
1.17528
0.886904
2.09751
1.81598
2.07376
1.55939
1.17684
2.07397
1.9346
1.66343
1.50335
1.12265
1.44621
1.49118
1.12528
1.53673
2.16488
1.74896
1.53826
2.20061
1.27633
1.83797
0.900157
1.6106
0.883862
1.97439
1.78402
1.22163
1.16335
2.06538
1.39577
2.25397
1.20414
1.42678
1.30427
2.12741
1.24673
1.35367
2.06335
1.60978
1.95092
1.57205
1.77391
1.37572
1.5849
1.91803
1.00932
1.8191
1.72787
1.38543
2.28757
1.81227
2.57798
2.61041
1.29094
1.63195
1.0515
1.80317
0.961971
1.26157
0.71078
2.11462
1.47081
1.18594
1.69744
2.57858
2.00935
1.63848
1.42057
1.48885
1.75482
2.57812
1.80021
2.22066
1.67418
1.80842
1.85216
1.89808
2.2944
1.56704
1.02899
1.82378
2.13405
1.78327
1.27295
1.08898
1.03363
1.56756
2.04242
0.764396
1.43931
1.68306
1.08333
1.66462
1.66156
2.15849
0.839888
1.85439
1.44442
1.80957
1.05177
1.57092
1.77555
1.0712
2.12764
0.83438
1.26644
0.951713
1.8892
1.29757
1.66407
1.57072
1.43839
1.5462
1.60526
0.928783
2.42177
1.81127
1.7949
1.66395
1.74527
0.991652
2.10226
1.87711
1.14075
2.06533
1.7501
1.52531
1.68168
1.57269
1.04931
1.66887
1.14849
1.66941
1.26144
0.998148
1.35772
2.2094
1.93072
1.28647
1.30848
0.561849
1.60419
1.34798
0.859252
1.53548
1.80722
1.88129
1.22281
2.30532
0.996835
2.65968
1.93549
1.88894
1.49369
1.11675
1.8002
2.14271
1.6234
2.79067
1.40741
1.4793
1.50047
1.8764
1.20843
1.75016
1.88191
1.61434
1.84465
1.84269
1.98348
1.43057
1.57904
1.48979
1.12076
1.49542
1.40388
1.28582
1.98888
2.03559
2.17902
1.82197
1.19478
2.35612
1.10306
1.95085
1.33372
0.740155
1.84215
1.19021
1.97705
0.826275
1.2733
1.15532
1.655
1.74929
1.69979
1.40989
2.35013
2.03221
1.63484
1.13912
1.03574
2.29969
1.04286
1.75161
1.84013
0.677404
1.42542
1.51468
1.51944
2.28306
1.64404
1.52027
1.47114
1.89447
2.143
1.36095
1.91696
2.0086
1.53255
1.68191
1.41532
0.97881
1.65137
1.865
0.648097
2.00436
1.66843
1.45168
1.78146
1.27723
2.18723
1.85659
1.15582
2.3605
2.40866
2.08553
2.20216
1.83883
2.35719
1.46482
1.44427
1.3708
2.45711
2.0169
2.06334
0.995917
1.2801
1.93375
1.77724
1.68795
1.50972
1.71516
2.11337
0.868947
1.90273
1.25027
1.77345
1.14543
1.82917
1.69852
0.583862
2.0692
1.28532
1.76376
2.15786
2.15876
1.68346
1.00429
2.19199
1.25004
1.18633
1.98707
1.50881
1.93749
2.5871
0.656867
0.873732
1.27075
0.821754
0.862735
1.10183
1.69805
1.03047
1.75051
2.24836
1.53371
1.37518
1.42039
2.06997
1.24796
1.79723
0.673874
0.845231
1.72704
1.05134
2.00086
1.37746
1.18811
1.84059
2.19644
1.49213
1.8587
0.970499
1.7605
0.765328
0.930168
1.36618
2.04263
1.32951
0.665992
1.86022
1.75396
1.70502
0.770507
1.33394
2.74413
1.48022
1.35648
0.964223
0.92856
1.44544
1.92909
1.27481
2.14005
1.27532
1.15971
1.03379
1.22943
1.30574
1.56585
0.930142
1.08099
1.4265
1.45051
2.17653
1.14697
0.93341
0.711738
1.34607
2.23195
1.61867
1.76868
1.67137
0.95991
2.25349
2.20783
1.99891
1.94551
0.901497
1.0778
1.66755
1.41205
1.4318
1.40883
2.09968
1.48445
1.89628
0.904169
1.47372
1.52891
1.60028
1.48497
1.34745
0.788951
1.8267
1.38626
1.29529
1.55236
2.36445
1.24274
1.4475
1.72065
1.7101
2.14618
1.05941
1.51082
1.83246
1.39279
1.01241
1.01705
1.20333
1.68363
1.80204
1.00193
1.39261
1.7918
1.40175
1.70011
1.53814
1.02948
1.46169
1.76659
1.20035
1.46673
2.1624
0.967585
0.700346
1.38553
1.72939
1.32426
1.25413
1.20516
1.66242
0.994726
1.1842
1.60419
0.959889
2.06047
1.05699
1.82688
1.53252
1.37155
1.11879
1.19789
1.3144
1.66079
1.58075
1.27309
0.896078
2.1698
1.81038
1.9604
1.07301
1.84633
1.54098
1.04302
1.12732
1.96642
1.00604
0.761773
1.45749
1.5393
2.13722
1.08856
2.03795
2.51329
1.31925
1.23506
1.63468
2.17962
2.1363
0.944875
1.88365
1.69677
2.08771
1.61109
1.33535
1.15265
1.46456
2.19247
1.45263
1.11475
1.61971
1.62074
0.715149
1.9866
1.87589
0.974275
2.30445
1.44187
1.55665
1.88319
1.43095
1.97471
2.11012
1.6416
2.29683
1.30391
2.23225
2.08219
2.12073
1.88412
2.10118
2.33018
2.37268
1.76911
1.64524
0.950167
1.40187
1.94008
1.84367
1.58455
1.25464
1.49366
1.76834
1.87318
2.04327
1.10801
1.46901
2.19192
1.4566
1.69563
1.58184
2.16555
1.56388
1.24866
2.92489
1.17492
1.69403
1.81864
2.27799
1.80241
1.04167
2.38631
0.970466
1.5578
1.44986
1.04268
1.91591
0.875401
1.51736
1.38907
1.74232
1.22048
1.22189
1.76439
1.52763
1.67585
2.2588
1.21748
1.73284
1.87078
1.85152
1.75789
0.694945
2.16622
1.1016
1.52702
1.38709
1.34745
1.51095
1.42808
1.99771
1.71661
1.85006
2.28987
1.99034
1.128
1.63089
1.865
1.06467
2.36726
1.20673
0.980166
1.57412
1.34062
0.911588
1.09636
2.09898
1.60675
1.54565
1.89338
1.29931
0.661226
1.08072
1.87954
1.4093
1.4164
1.73563
1.27937
0.641238
1.03067
1.93458
2.21273
1.81919
1.71576
1.25875
1.7225
1.13663
2.40304
1.71873
1.21999
1.96939
1.98303
1.28416
1.21721
1.95199
0.713113
1.52063
1.14029
1.51825
1.29085
1.84815
2.26512
2.48841
2.21754
1.92363
1.47982
1.8178
1.15611
1.29592
1.86418
1.15452
1.48775
0.969704
1.61414
2.01123
1.19612
0.781246
1.54504
1.63811
1.16411
0.53907
1.90285
0.759915
1.58386
1.63335
2.79582
1.22638
1.6992
1.66064
1.19141
1.67904
2.4225
0.554377
0.699786
2.10003
1.88082
0.561818
1.64288
2.12378
1.92141
2.11588
2.16702
2.10415
1.60266
2.04826
1.6378
2.07998
1.59631
0.860869
2.10982
2.48567
1.53869
1.20179
0.855318
1.52714
1.69145
1.37378
2.47194
0.79252
1.26071
2.08554
1.61179
2.19871
2.61362
1.46986
1.21351
1.15556
1.15381
1.55164
1.34607
0.751596
1.21719
1.33861
2.22265
1.54925
1.28421
2.46589
2.35707
1.46818
1.3166
2.17925
1.29415
1.58508
1.56524
1.41297
2.3223
1.41013
1.84215
1.27838
0.818618
1.98754
1.63248
1.52763
2.3892
1.52653
1.51718
0.745612
1.80486
1.52103
1.9563
0.929829
1.29478
1.46949
1.25811
1.2218
0.468132
1.9869
1.60187
0.5389
2.28781
1.00448
1.1717
1.9364
1.13453
1.06528
1.24746
1.02664
1.54708
2.49999
1.49936
0.950706
1.88188
1.51694
1.65261
1.90472
1.27021
1.27123
1.045
1.56451
0.868617
1.27621
1.79853
0.438544
0.940421
1.25914
1.528
1.41409
1.20928
2.13945
1.51202
1.34301
1.46521
2.04457
0.952942
2.21074
1.58303
1.71472
1.93
1.02749
2.15644
0.889436
1.44448
2.10982
1.47374
1.61121
1.28659
1.41165
2.00557
0.769277
1.62249
1.58337
1.49427
1.63523
0.810981
0.999791
1.30299
1.08558
1.3445
1.67649
1.92136
1.62967
1.7665
1.73684
2.03765
1.78777
1.85385
0.648853
2.12454
1.63835
1.99957
1.52204
1.62348
2.0341
1.53875
0.777962
1.24461
1.51483
1.30017
2.09753
1.87681
1.57711
2.3812
1.24146
1.61274
1.40334
1.2581
1.36606
1.297
1.11775
1.28341
1.4834
1.59857
1.47795
2.10033
1.9395
1.53765
1.74864
1.85571
0.748395
0.763049
1.56573
1.72741
1.39472
1.10702
1.15326
1.44713
1.85831
1.40306
1.50159
1.54224
0.968114
1.54643
1.89293
2.17556
1.3393
1.38187
1.53911
1.37962
1.47228
2.45396
1.7314
1.32718
2.11167
0.864482
1.29256
1.43849
1.26286
2.25922
0.954441
1.05558
0.768946
1.61269
1.99155
1.45908
2.08319
1.96766
1.27608
1.47111
1.07548
1.00089
2.31069
0.600752
0.832604
1.77404
1.53719
2.04151
1.85672
2.00941
1.21077
1.31234
1.8852
1.85405
1.69338
1.54943
1.57544
2.05653
1.88284
1.51584
1.28551
2.30962
1.59251
0.830029
2.04259
2.30308
1.22632
2.04237
0.779006
1.83999
1.59607
1.8687
1.10039
1.98288
1.43414
1.05466
1.13504
1.57243
1.47853
2.55723
1.79433
2.12368
1.21331
1.75301
1.3367
2.32813
1.6498
1.70905
1.72503
2.35266
1.88879
1.43556
1.49835
1.90471
1.58209
1.24897
1.94166
1.27324
1.74936
1.67665
1.2965
2.66261
1.63438
0.567872
0.995193
1.02099
0.661242
1.53017
0.987492
1.5407
2.60862
0.782927
1.35301
1.4951
1.43698
2.27986
1.61366
1.75451
0.759601
1.69871
1.42366
2.31663
1.05859
1.70665
1.50312
1.99028
1.375
0.891438
2.21565
1.64349
2.41212
1.72797
2.04106
1.1716
0.971175
1.86879
2.14487
1.56854
0.986144
1.21453
2.20459
2.03223
1.71053
1.66597
2.03274
2.02968
1.47764
1.29272
1.04631
2.01117
2.20959
2.23325
1.25431
1.95376
1.55291
1.31843
1.52488
1.57699
2.38949
1.40203
2.07092
1.64254
1.53924
2.07501
1.94646
1.32775
1.34375
1.95941
1.00013
1.31786
1.69274
1.69034
1.57403
1.00358
0.986374
1.56643
1.31932
1.80523
1.6012
1.49724
1.37444
1.7665
1.09922
2.26622
1.852
1.79014
1.21683
1.53069
2.05729
1.53197
2.13281
1.76518
1.32649
1.83395
1.91904
0.845292
1.48414
1.28061
2.12706
0.978966
2.49784
1.52906
1.04811
2.45344
1.51926
1.65275
1.74006
0.936711
1.27206
1.64677
1.45432
1.62967
1.47047
2.30915
1.69588
2.10006
1.18666
1.79122
0.983177
1.25059
1.71454
2.14305
2.0375
1.0366
0.908192
0.629599
1.26308
1.182
1.09915
1.76501
1.20858
1.652
2.56454
0.862262
1.54769
1.67008
1.43442
1.61512
1.23762
2.35433
2.06546
0.885391
1.96094
0.915523
2.25939
1.91281
1.91657
0.528613
2.08638
1.85695
1.78277
1.47182
0.997266
1.03429
1.70371
2.1846
1.67161
1.3472
1.53869
1.00773
1.45094
2.11937
1.51507
2.11225
1.41645
0.756801
1.99644
1.96453
0.884433
1.47047
0.951516
1.52335
2.25337
2.32328
1.47467
1.87154
1.76404
1.55206
1.85112
1.79215
1.85468
0.7087
1.04016
1.43559
0.882548
1.43835
1.43325
1.79759
1.61983
2.41555
1.60364
0.965414
1.44833
1.22907
1.47231
1.09792
1.13865
2.00386
1.76606
1.17816
1.23047
1.99148
1.63442
1.19567
1.69619
1.18335
0.917755
1.7089
1.81789
1.91434
1.18403
2.22047
1.4948
1.9008
2.20368
1.01587
1.67278
1.78676
1.33391
1.39512
2.24102
1.34639
1.54134
1.97058
1.95243
1.76289
1.46427
1.53126
1.95098
1.50036
1.11683
2.07365
1.30201
1.94435
1.00153
1.10237
1.45088
1.40874
2.62285
1.23901
1.55609
1.12178
1.88233
1.66217
1.78853
1.49076
2.56978
1.37436
1.26413
2.23707
2.58326
1.65992
1.4869
1.49078
2.31127
1.92736
1.35523
1.49884
1.66095
0.962271
1.26773
2.28449
1.95098
1.47703
0.82985
1.2608
1.39211
0.99372
1.37776
0.966874
1.52661
1.50642
1.22548
1.53972
1.67613
1.54052
0.890407
1.3465
1.70628
1.68035
1.60834
1.81745
1.22047
1.09737
1.13195
1.49235
1.45585
1.60995
1.55902
1.2884
2.48402
1.34766
1.20718
1.53551
2.15411
1.64894
1.80468
1.35926
1.54864
1.53789
1.6581
1.77678
1.93084
0.533652
1.56842
1.77594
1.57495
1.87804
1.21292
1.1394
1.19904
0.667352
1.00676
1.83985
1.66732
1.02778
1.578
1.55587
1.45525
1.6569
1.56161
1.01533
1.4816
0.597455
1.68383
1.86293
1.91136
1.34663
1.11832
1.83633
1.65433
1.46783
1.59994
1.86172
1.56069
1.03007
2.05895
1.81531
1.41168
1.75831
2.23808
1.22003
2.16471
1.13134
1.7069
1.60517
1.99442
1.52647
1.7213
1.03731
0.915636
1.64417
0.775061
1.67787
2.70134
1.67309
1.6615
1.24309
0.843938
1.69766
1.34494
1.42304
1.06778
1.71115
1.06466
1.93466
1.42742
0.848107
1.92241
0.708133
2.25327
1.8876
0.914919
1.70271
1.53786
1.65171
1.68429
1.08119
1.94442
1.80693
2.31685
1.96268
2.2024
1.59369
1.65972
1.68006
1.48285
0.940813
1.05806
1.36516
1.11744
1.47476
1.58667
2.33392
2.32971
1.6936
2.26081
1.75532
1.86841
1.91287
1.34193
0.994838
1.64652
1.82307
1.14417
1.44033
1.58644
1.97735
2.03777
1.02834
1.82158
1.31264
1.61359
1.76333
1.41884
0.94837
2.01977
1.39838
1.16198
1.2985
1.81359
1.50933
1.45647
1.31459
1.87002
2.3597
1.74948
1.52409
1.43285
1.38854
0.971659
1.60776
2.38648
2.21994
1.53775
1.67118
2.56544
1.45862
1.41868
2.59175
0.744606
1.92002
1.72775
1.3238
1.7167
1.37677
1.42557
1.49014
1.32848
1.69286
0.933272
1.32667
0.936746
1.33429
2.27334
1.91247
0.975569
1.6359
1.32202
1.60785
1.4483
2.05798
2.25266
2.15548
1.70169
1.60834
2.44174
1.42656
1.63896
1.60113
1.0066
0.708132
1.25008
1.61466
1.23105
1.31597
2.09453
1.6198
1.81968
2.0558
1.05626
2.33502
1.69594
2.49679
1.92925
1.00703
1.59065
1.23719
2.10489
1.84056
1.98114
1.583
1.63909
1.3071
1.18877
1.11057
2.02592
1.15169
1.25252
2.18741
1.66683
1.72692
2.0435
1.41724
1.51492
1.29827
1.7839
0.445162
1.3241
2.21793
0.779436
1.34928
1.93094
2.19584
2.45615
1.24815
1.2389
1.86051
2.20005
1.80474
2.17363
1.84675
1.07537
1.36094
0.798222
1.65709
1.92045
1.91297
0.525283
1.44153
1.75246
1.45014
1.2126
1.10217
0.943328
1.64065
1.25272
1.84763
1.7836
1.56457
1.10136
1.75733
2.1214
2.11436
0.807546
1.51553
1.93284
1.53808
1.70375
0.746685
2.4086
1.35825
0.923219
1.64888
1.33714
1.38355
1.76367
1.0971
0.795673
1.89626
1.23522
1.11248
1.87266
1.63722
1.55294
1.16484
1.24016
1.18429
1.02144
1.26106
1.21704
1.28347
1.34081
1.28137
1.52983
2.39416
1.84694
1.53429
2.18794
2.12232
1.53594
1.50266
1.21338
1.45899
2.21221
1.34754
1.37145
2.04938
1.92696
2.2681
1.544
2.2361
1.83257
1.49795
1.75593
0.894246
1.26575
1.52623
2.06304
2.54184
2.21101
1.69499
1.01942
2.09486
1.11043
0.6644
1.56066
1.90825
0.927139
1.42201
1.40172
2.13033
1.10756
1.18969
2.17176
1.24519
2.09905
0.586522
1.78083
1.69771
1.97827
2.09971
1.24534
1.57653
1.5747
2.10684
2.14839
1.24647
1.89964
1.20379
2.36652
1.46703
1.47026
1.94649
1.4663
1.03805
1.55459
1.41576
2.01366
0.81938
0.966323
1.21797
1.42718
2.55981
2.03446
1.72834
2.09884
1.1919
2.04545
0.669139
1.16816
1.79922
1.92593
1.74449
1.07848
1.53414
1.46654
1.86819
1.02735
1.59179
1.57769
1.72016
2.25414
1.81316
2.31837
1.00339
0.962803
1.58894
2.24656
1.46812
1.96269
1.2592
1.84358
1.50758
1.45969
2.50292
1.78551
0.754034
1.45442
2.14868
0.633381
1.66953
0.683172
2.01848
1.9064
2.13963
1.38345
1.84607
1.40101
1.79233
1.41878
1.17651
0.968118
1.2808
1.821
1.07476
1.45574
1.57082
1.73338
1.70579
2.86379
1.38255
1.42236
1.71975
1.22252
1.38038
1.13886
1.67924
1.47905
1.32269
1.25092
1.46046
1.27187
2.58093
1.932
2.17827
1.77628
0.970179
1.95621
1.65332
1.81032
1.54171
1.51131
2.02907
1.35352
1.39955
1.85373
2.52196
1.38457
2.2792
2.3962
0.737218
1.37786
1.13205
0.979101
2.47368
1.74006
1.87159
0.835784
1.2822
0.782976
1.16168
1.65371
1.68711
2.0788
2.76149
2.2241
0.948675
1.96582
1.23751
1.29958
1.37165
2.42522
1.92492
2.10428
2.16853
1.9497
2.46641
1.77767
2.36795
1.32193
1.14633
2.13247
1.63062
1.04506
1.62283
1.36659
1.37378
1.39304
0.962771
0.985669
2.70217
2.23612
2.34951
1.66407
0.904614
1.94724
1.35013
1.70734
2.04223
1.64735
2.18959
1.01691
1.72559
1.95474
0.901975
1.3612
1.40432
1.80079
1.60083
1.278
2.12729
0.968271
1.49253
1.96956
2.0715
1.62435
1.38665
1.33115
1.22651
0.873932
1.78252
1.64647
1.53154
1.98348
1.23616
0.543267
0.848299
1.53933
1.77767
1.66129
1.42477
1.81958
1.13143
0.912769
1.96795
2.00548
1.31557
1.81175
2.16038
1.24768
1.01817
1.12827
1.28029
0.864177
1.41496
1.96097
1.93258
1.65708
1.73344
1.81625
1.54907
1.73152
1.72689
1.54604
2.18465
1.58691
0.700121
1.18017
1.57228
2.3532
1.52421
2.17072
1.50477
0.938676
1.21319
1.95733
1.80345
2.27
1.25591
1.65543
1.54162
1.43118
1.872
1.54977
0.912415
1.74636
1.76177
1.07745
1.88656
2.00182
1.99277
1.20346
0.78489
1.36266
1.44024
0.932998
2.43736
1.46558
1.03879
1.17426
2.52937
1.39351
1.73294
1.52262
1.83826
1.4593
1.2138
1.18182
1.47979
1.86934
2.50401
2.40298
2.19941
1.18337
0.865665
2.15512
1.03478
2.13533
1.43898
2.60204
1.39819
0.747961
0.813784
2.48406
1.99686
1.70619
1.4853
1.49014
1.93101
1.35476
1.53734
1.51914
0.81091
2.13144
1.85544
1.32011
1.09817
1.5679
2.55669
1.52688
1.84041
2.03225
1.57562
1.48078
1.6625
2.41847
0.849553
1.42957
1.77491
1.37131
1.46102
2.22155
2.06386
2.28197
2.03847
0.995898
1.94789
1.29223
1.2439
1.13144
1.57037
1.19041
1.97885
1.35504
1.84535
2.26645
1.07794
1.12912
1.27754
1.34801
1.49122
1.86867
1.37777
1.29757
2.71117
1.73737
1.1984
1.16336
1.37789
2.12658
1.03203
1.21449
1.89862
1.54559
1.07939
2.06366
1.10025
1.48687
1.88959
1.75681
1.14174
1.90172
0.853612
2.03187
1.48016
1.54275
1.93958
1.42397
1.94436
1.804
1.16145
0.803746
1.14177
1.46967
1.49224
0.878742
2.02762
1.4717
1.26396
2.04354
2.28188
1.83152
2.56792
1.21257
1.55432
1.42784
2.7942
1.63982
1.49216
1.72337
1.29255
1.72961
2.22461
1.49688
1.43382
0.886092
1.23554
1.39602
2.43585
1.70486
1.28512
1.05171
1.84003
1.41628
1.49036
1.37559
1.43691
1.49922
1.86797
0.828447
1.66775
1.13857
1.79798
0.881069
1.72423
1.87913
1.3307
1.13409
1.09496
2.32176
1.24628
1.57171
1.57257
1.15802
1.30012
0.881311
1.09298
1.82033
1.52119
1.71204
0.632402
2.31778
1.42829
1.37551
1.29484
0.532633
1.78902
1.79705
1.82703
1.89676
1.97153
1.65762
0.426392
1.41328
1.99573
2.12146
0.984016
0.739996
0.853062
0.859867
0.952982
1.85799
1.08983
1.92635
1.24577
1.67862
2.136
1.04071
1.23596
2.13977
2.05101
1.43109
0.766893
1.71857
1.15899
1.80544
1.3919
1.48517
1.75701
0.896426
1.2254
1.21963
2.3407
1.66616
0.969183
1.01741
2.05999
1.80875
1.50281
1.36882
1.19396
1.45444
1.04013
1.50422
1.22626
1.0344
2.26741
1.80835
1.89132
1.61848
0.898519
1.27736
1.48757
1.58172
1.36918
2.6109
1.72568
2.22007
1.90337
1.72627
1.02088
0.960904
0.993204
1.4802
1.39111
2.39488
1.74681
1.35964
1.23996
0.693046
1.77491
0.970209
2.19637
1.56645
0.927968
2.37595
1.35589
1.96871
1.52268
0.938116
1.5115
2.34369
1.82632
1.51278
2.06613
1.23635
1.73728
2.14685
2.09256
1.13865
1.65604
1.20029
1.25827
1.40855
1.66459
2.25307
1.45629
0.835452
1.31054
1.74322
1.18548
1.6427
1.76849
0.778157
1.73671
0.971684
2.31635
1.11191
0.95581
1.81246
1.43864
1.43248
1.27489
1.60285
1.56045
1.25606
1.15118
1.66603
2.25215
1.29477
1.53728
1.30568
1.59173
1.5302
1.64836
2.56071
2.22428
1.65329
1.6242
1.61257
2.27962
1.51379
1.18739
1.47047
1.63138
2.14639
1.29462
1.72571
1.52338
1.88984
1.54137
1.38019
2.01147
1.00315
1.58636
1.66555
1.86825
1.32014
1.26788
1.71183
1.51859
1.20084
1.10798
1.67333
1.00699
0.719563
2.2082
1.29464
1.19734
1.94376
1.73455
2.04469
1.91247
1.72467
1.41535
1.7917
1.47429
1.76159
1.30441
1.30757
1.85309
1.69723
0.786263
2.17115
1.3046
1.0222
1.6562
2.21442
1.5239
1.52904
1.53859
1.53166
1.39087
1.94563
1.21937
2.1006
2.29482
1.85396
2.64129
0.542337
1.13384
1.85386
1.48745
1.42832
1.59143
1.48564
1.34355
1.24541
1.87833
2.29124
1.12766
1.53679
1.80342
2.2861
1.72856
1.72059
1.17776
1.40583
1.37372
1.30201
2.32297
1.68632
1.69649
0.614445
1.57086
1.48028
1.34929
0.858115
1.00003
1.55792
0.421255
1.88571
2.18285
1.71109
1.51712
1.76143
1.74117
1.79909
1.02227
1.08707
2.18303
1.68656
2.10315
2.24516
1.77647
1.65819
1.30238
1.26234
1.40927
1.12662
1.44156
1.52894
1.88575
0.726375
2.11047
1.98601
0.815247
1.51736
1.63933
1.65718
1.40995
1.24802
1.49345
1.09247
1.66067
1.44645
1.6562
1.26567
1.55444
1.52415
1.42816
1.46459
2.16735
1.64349
1.87119
1.54088
1.61396
1.82745
0.834884
2.12164
0.513088
2.22499
2.1361
0.913097
1.10787
0.629225
1.94988
1.69516
1.40784
1.85062
1.6577
0.663957
0.685398
1.38289
1.33113
0.869416
0.653244
1.72364
0.751758
1.03848
1.88361
1.57571
1.05747
1.49626
1.19809
1.3404
2.45319
1.0705
0.993765
1.92787
2.58747
2.15929
1.81061
1.32557
1.66309
1.54189
1.45968
1.64141
1.41877
1.70074
1.62447
1.65408
0.87091
1.26733
2.00362
1.14268
1.40704
1.0689
1.51394
1.06329
1.59662
1.63077
1.53991
1.54101
1.46464
1.01926
1.84808
0.901337
1.2439
1.19034
1.44925
1.63701
2.30586
2.10251
0.814804
2.1702
1.37104
1.52513
1.55621
1.59649
1.25454
1.23357
1.97447
1.94983
1.92371
1.56253
1.33516
1.79806
2.63144
1.63817
1.92808
1.9005
1.22666
2.19319
2.0324
1.71778
0.994103
1.51526
1.48635
1.54437
2.02016
1.75733
0.999967
1.80104
1.58426
0.65451
1.05423
2.02849
1.85965
1.65206
0.517096
1.36737
1.58294
1.2499
2.09405
2.1793
1.49219
1.90079
1.45266
1.11826
1.63843
1.99737
1.19897
1.19403
1.17736
2.03142
1.54559
1.3683
1.94928
1.29579
1.59363
0.552483
2.25975
0.790816
1.10367
1.91588
1.5462
1.8368
1.71251
1.79419
1.68955
1.73526
2.24538
1.01778
2.41509
1.17815
1.04931
1.65782
1.75774
2.12812
1.81435
1.20659
1.30309
1.46179
2.48626
1.91879
1.79097
1.64958
1.11846
2.0517
2.13774
0.973102
2.22418
2.41285
0.670599
1.80869
0.949481
0.471832
0.646736
1.66134
1.54098
0.585979
1.33918
1.98915
2.28116
1.9432
1.21658
1.71854
2.02219
2.13687
0.710089
1.12868
1.90095
1.41367
2.45766
2.12663
2.6265
1.29434
1.08396
2.15015
0.845775
1.8917
1.26373
0.864301
0.441057
1.38124
1.36625
1.47691
2.13296
0.916982
1.57598
1.3688
2.26293
1.33146
1.74381
1.15618
1.38
2.35863
1.67861
1.92573
1.62129
1.59998
1.70174
1.15185
2.17368
0.77755
0.95753
1.67855
2.07986
1.61201
2.25827
1.79433
1.86558
2.02395
1.47433
0.927255
0.935053
1.91599
1.1445
1.87772
1.62698
1.1055
2.81235
0.868635
2.10736
2.20111
1.86283
2.44582
1.37072
1.38193
1.84874
1.15713
1.38274
1.98507
1.54754
1.82245
1.36603
2.36628
1.0823
1.23221
2.00838
2.36223
1.47971
0.90796
1.28951
1.18666
1.25417
1.63028
0.964978
1.86944
1.74312
1.61909
1.02406
2.39907
1.42355
2.04171
0.96142
1.72605
1.93912
1.90911
1.80963
1.2098
0.916062
2.05723
1.4072
1.61973
1.8011
0.911351
1.56582
1.55992
1.55279
1.85601
0.989398
1.8097
2.21323
1.2119
1.07686
1.99084
1.39273
1.72513
1.73059
2.33279
1.92647
1.54406
1.50758
1.8423
1.72801
2.4922
1.72735
2.33713
1.67547
1.96774
1.36964
1.44285
1.36275
0.731253
1.50556
0.7023
2.29707
1.56371
1.52225
1.60339
1.64086
1.20474
2.28716
1.14127
1.3562
2.50905
2.23464
1.2013
1.80292
1.69606
1.64949
1.47354
2.16132
1.5979
2.08236
1.93499
1.15505
0.997773
1.73128
1.38221
0.896874
2.14662
1.20048
1.96495
1.504
1.73854
2.77163
1.89115
1.37165
1.3472
1.9602
1.94993
1.84223
1.8641
0.521045
0.962957
1.56378
1.63964
2.03212
1.95125
1.27621
1.34689
1.87145
0.618053
1.68997
1.02656
1.39335
1.24267
1.52201
0.930157
1.97672
2.14032
1.35408
2.11574
1.80275
1.38575
1.8167
0.764903
0.822286
1.59924
1.45521
0.63065
1.29181
1.86379
1.44455
2.01758
0.719043
1.8195
2.05023
1.3274
1.10669
2.17278
0.948369
1.17337
2.44263
1.48953
1.69649
1.46421
1.30916
1.48442
1.3622
1.75991
1.06407
1.5096
2.13089
1.68127
2.36397
1.33558
1.33609
0.799752
1.57598
1.10409
2.24664
1.94106
1.54244
1.75419
1.52221
0.859399
1.04841
2.21622
1.72127
1.72203
2.06454
2.1334
0.635219
2.39494
1.13568
1.09319
1.40518
1.88133
1.87196
1.32948
1.54589
1.56744
1.11988
1.83846
1.32404
1.50887
1.54143
1.46501
1.35383
0.637057
1.24583
1.69366
1.43888
2.03987
1.77313
2.44179
1.74957
1.53099
1.79815
1.29428
2.22515
2.26721
0.819903
1.6103
1.74279
1.08279
2.10497
1.50899
1.57012
1.38932
1.36612
1.29045
1.38668
1.76184
1.1887
2.23996
1.73186
1.92404
1.82694
2.26053
1.44448
1.39527
1.87554
0.881273
1.00595
2.10717
1.55505
2.08194
1.35932
2.36417
1.33598
1.8085
1.97146
1.55059
1.12008
1.73863
1.18962
2.28558
0.985953
1.87349
1.64932
1.8221
2.01413
0.882918
1.41789
1.97584
1.55799
1.76435
1.938
2.06212
1.60889
1.86417
1.20489
0.857389
2.00268
1.56327
1.19251
0.761475
1.94243
1.44495
1.5523
2.20273
0.910215
1.36082
0.784273
2.18901
1.00391
0.989764
1.84589
1.48054
1.58357
2.26962
1.5993
1.19842
2.43339
0.972391
0.988698
1.60004
1.83264
1.02838
1.24155
2.27103
1.34917
1.28751
0.931082
1.61897
0.817925
1.42733
1.35851
0.750196
1.36856
1.57159
2.05274
1.96106
1.61674
1.99215
1.90063
2.38469
1.26355
1.62727
1.10682
1.91323
1.45847
0.643356
1.46584
1.23525
1.8683
0.972325
1.56915
1.34845
2.03133
1.74608
1.38566
1.23958
1.63409
1.3815
0.67364
1.89676
1.85382
2.34363
1.78052
1.81217
1.20934
1.43365
1.93444
2.37527
1.7774
1.09455
1.35645
1.98462
1.39812
1.34112
1.75699
1.55682
1.30157
1.57269
0.924332
1.03198
1.32278
1.22193
1.25683
1.69821
1.05058
1.63355
2.23431
0.867833
2.34779
2.21053
1.31039
2.33569
1.65463
2.39857
1.4244
2.08213
1.40732
2.03695
1.70653
2.0243
1.90346
1.95934
2.06372
1.55444
1.62581
1.78355
1.05353
1.81749
0.790916
0.954026
1.37372
1.08354
0.989381
1.95065
1.063
1.74536
2.10352
1.29377
0.775354
2.12383
1.44002
1.59094
1.65681
1.22359
1.30868
2.12228
1.28484
0.790675
0.881694
1.95197
1.29249
2.28057
1.78652
1.65744
0.877176
1.485
1.52849
1.31845
1.01661
1.00161
2.22306
1.5487
1.12367
1.83411
1.9851
2.09944
1.22657
1.76156
1.1726
1.41798
1.77547
1.21494
1.60657
0.662212
1.14199
2.19494
1.67533
1.67849
1.67843
0.972796
0.662807
1.89209
2.13164
2.11111
1.3542
1.58116
1.9548
1.71957
1.43405
2.48778
2.09014
1.60477
1.0548
0.974134
2.47438
1.68862
2.23961
0.7376
2.2679
1.36363
1.67484
1.14616
2.03457
1.44565
1.09503
1.94723
2.13623
1.08313
1.68549
1.95239
1.12886
1.37341
1.83413
1.30299
1.70967
0.958459
1.56063
1.86414
2.35006
2.17783
0.994134
0.599203
1.49743
1.92292
1.34258
2.06623
2.40646
0.901303
1.80355
1.66432
1.6084
2.11671
2.17517
2.27581
1.35139
1.79743
1.34831
2.40531
1.80109
1.22343
2.67973
1.03241
2.27687
1.43607
1.96992
1.15232
1.66472
1.95486
1.50345
1.27171
1.88122
1.51798
0.883715
1.22677
2.39304
1.97006
1.91016
1.34826
1.2779
2.52292
2.11045
1.76184
1.54614
1.71775
1.64741
1.89004
1.70055
1.29926
1.19815
1.65072
1.99306
1.04381
2.17494
0.910962
1.34463
1.65653
1.22223
2.01348
2.36579
1.58949
2.63863
1.48244
1.51229
1.82725
1.74905
1.63328
1.65069
1.36731
1.61683
2.35482
1.97635
0.782946
2.20945
1.27046
1.15315
1.25875
1.83482
1.0872
1.15795
1.43303
2.2826
2.05707
1.22036
1.44101
2.1892
1.35789
1.15229
1.72692
1.45283
1.38634
2.12828
1.73158
1.25304
1.38479
1.44033
1.6788
1.13303
1.72627
1.87738
1.41186
1.75094
1.65084
1.15475
1.04936
1.85902
1.22765
2.26769
2.2393
2.23354
1.22923
0.980102
1.27075
1.02371
2.15526
0.809832
1.15099
1.14254
1.64466
1.46593
1.67014
1.22765
2.37967
1.84416
1.01436
1.55143
1.74404
2.69456
1.84235
1.13599
0.894162
1.32905
1.50972
1.59717
1.32951
1.06546
1.62598
1.46461
1.54862
1.4317
1.1931
1.50462
1.80339
1.93219
1.60168
1.58252
1.914
2.10649
0.792227
1.49281
1.30672
0.849429
1.62475
1.89084
1.92301
1.66628
1.37958
2.0447
1.3356
1.5805
1.60932
1.05552
1.56091
1.20117
1.10999
1.53915
1.24196
1.22635
1.86832
1.58139
1.37926
1.82029
1.71775
1.80147
0.856178
1.64802
0.623054
2.1861
1.16411
1.40141
2.14531
2.26889
1.74492
2.16035
1.18785
1.36929
1.81134
1.71016
0.964132
2.25439
1.58798
1.47461
1.37634
1.65142
1.69237
1.39601
1.10343
1.16537
0.963915
2.29932
1.49441
0.913352
1.44456
1.82458
1.86418
1.60761
2.27597
1.14691
0.855562
1.69354
1.35495
2.03211
1.2583
1.51895
2.30011
1.07551
1.75957
0.82092
2.20533
1.75687
1.68242
2.19055
2.14843
1.38007
1.61448
1.72111
1.98179
1.61981
2.06566
0.92431
1.55932
2.06145
1.84497
0.768229
1.15225
1.63835
1.12591
1.86551
0.894282
1.24573
1.45865
2.4804
1.53483
2.31662
1.68383
2.27948
1.55725
2.07599
1.56716
2.225
2.43753
1.05339
1.33219
1.40129
1.27181
2.06606
1.88766
2.13999
0.888299
0.962264
1.44411
1.05302
2.39066
1.17091
1.69794
1.18584
1.5074
1.71232
2.14253
0.927941
1.63713
1.07848
1.50728
1.76292
1.83721
1.93069
1.57458
1.33993
1.3837
1.27863
1.34623
0.980757
1.36466
1.747
2.22422
2.03932
2.36117
0.927118
1.94625
1.6356
1.65494
1.34325
1.25608
1.53557
2.4747
0.758732
1.218
1.2256
1.98408
1.92769
1.44774
1.25805
2.53128
1.36762
1.54406
1.42947
1.73777
1.82366
1.8259
1.83074
1.51113
1.41588
1.92441
1.9313
1.58801
1.77491
1.09326
1.08817
1.31177
1.05371
2.17431
1.06068
1.2504
1.06626
1.97425
2.39338
1.32422
1.05918
1.48598
1.59063
1.09737
2.3139
1.70844
1.61644
2.01
2.06053
1.06955
0.989402
1.88196
1.05079
1.17856
2.4193
1.25443
2.16263
1.72908
1.60443
1.0245
1.559
1.45586
0.803726
1.47139
2.3298
1.55377
1.50373
1.22476
1.62554
0.426933
1.6811
0.6752
1.90421
1.91126
2.13209
2.35338
2.27543
1.24448
2.16609
1.37695
1.73205
1.5414
1.41415
1.54278
1.31212
1.46298
2.29145
1.30207
1.8125
0.947049
2.55287
1.769
2.37236
0.879263
2.07799
1.25737
2.10986
1.86762
1.15779
1.44085
1.55346
1.00299
0.857038
2.44508
1.51541
1.68616
1.44496
0.764914
1.25072
1.52274
0.955148
1.58642
1.25663
1.60098
0.61998
1.65298
1.25201
1.88038
1.55053
1.05635
1.3978
1.96053
1.69342
1.98677
1.08504
1.50526
2.01782
2.14225
1.67907
1.89576
1.4334
1.95501
1.36045
1.34056
1.42752
1.83332
2.43637
2.01815
1.9473
1.53579
1.89713
1.4399
1.42638
1.58795
2.0227
2.58339
2.21617
1.62557
1.20888
1.48454
2.22285
1.34466
1.39101
2.06885
1.70327
1.33218
1.19707
1.26566
1.69207
2.49146
0.829184
1.50147
0.813096
1.40324
1.10421
1.84852
1.64591
1.28905
2.02895
1.85563
2.15505
1.75896
1.58459
1.67085
1.4314
1.36986
1.48445
0.943782
1.7269
2.07981
0.578476
1.42672
1.6517
1.50422
2.35269
1.15606
2.06394
1.77909
2.31764
1.04509
1.79296
0.617557
1.04751
2.18767
1.93467
1.53301
1.9477
2.3666
1.57843
1.22849
1.54168
1.86672
1.61218
1.79449
1.366
1.96595
1.81109
1.74697
0.625177
1.34792
1.47421
2.33521
1.398
1.9215
1.44991
0.947143
1.91106
1.5082
1.62373
0.812044
2.16591
1.67806
1.25335
2.03347
1.20546
1.00136
0.711859
2.22577
1.93899
1.391
1.63554
0.976565
1.49669
0.677296
1.72571
1.32662
0.758229
1.86547
1.7637
2.18495
1.01774
1.73456
1.4058
1.99062
1.29472
1.48503
1.64671
1.51779
1.52751
1.32523
1.69772
1.74316
1.35452
2.05888
0.85908
1.44999
0.852517
1.50033
1.04924
0.586
1.47538
1.98102
1.0727
0.595281
1.6753
0.957283
1.91755
1.45868
2.40769
2.15068
1.48273
1.00554
1.29161
1.87618
0.902197
1.13723
1.6561
1.14387
0.885028
1.07946
1.23209
1.37603
1.42434
1.86255
1.81254
1.96059
2.09517
1.19439
0.573516
1.42366
2.36597
1.30931
1.68574
2.15155
0.940827
2.20311
1.48495
1.07378
1.35851
2.56435
1.92495
2.00111
0.534071
0.797146
1.83807
1.10261
2.1495
1.08558
1.9684
2.00169
2.20112
1.7297
1.47715
1.40599
2.02058
1.45093
1.11298
2.22107
2.64727
2.20219
1.14713
2.10989
1.43071
2.1612
1.34604
2.02349
1.67217
0.843271
1.64738
2.31897
0.962025
1.91374
2.12606
2.11275
2.00678
1.28589
2.08093
1.97532
1.08734
1.31887
1.32916
1.00127
1.19727
1.66775
0.854314
2.28655
2.06699
1.46195
1.81156
1.20292
1.70527
1.40568
2.15409
1.86482
1.01076
1.4694
0.892053
1.926
1.10631
1.66303
2.09286
0.979719
2.28774
0.873838
1.69487
1.80822
2.2034
1.42647
1.62453
1.92887
2.08566
1.53966
1.63117
1.20703
2.29625
1.82404
2.17793
0.754378
1.07724
1.95315
1.34784
2.07033
2.2531
1.00182
2.18334
1.97057
1.88888
1.5656
1.79161
1.81259
1.3851
1.68835
0.953913
1.30125
1.72824
1.71802
1.81198
1.59784
2.0942
2.32438
1.64845
2.06013
1.13609
1.61372
1.26305
1.40568
1.35845
0.903445
1.23424
1.79756
1.3979
2.30475
1.20229
1.85067
1.46989
2.19467
2.32953
1.6323
1.54836
1.73035
2.0738
1.3095
1.27967
1.59045
1.45272
1.61503
2.43903
1.09017
1.47734
2.21007
2.36247
1.97438
2.05846
1.54641
0.867479
1.1556
2.22572
1.41341
1.5206
1.2513
2.23368
1.34626
0.932275
2.09502
2.21508
1.67258
1.34006
0.898392
0.901732
1.81177
0.953323
1.68113
2.3175
1.44534
1.23945
1.53805
2.05014
1.21597
1.58093
1.21182
1.92938
1.62683
1.32084
1.77796
1.01255
1.09938
0.832157
0.866729
1.55242
1.67824
1.81456
1.88791
1.7356
1.80682
2.29148
0.789635
1.67094
1.80191
1.83736
1.54064
2.09964
1.0207
1.64285
1.91764
1.55499
1.33868
1.6258
1.38181
1.35251
2.35133
2.09484
1.51624
2.28739
0.933415
0.653237
2.31398
1.45706
2.08035
1.55871
1.48362
1.64478
1.02575
1.40463
0.962138
1.16334
2.00206
1.39521
1.91799
1.44614
1.62007
2.30765
1.42079
2.37972
2.22458
1.3833
1.70622
0.971903
2.14012
1.87752
1.10313
0.824691
1.26979
1.23847
2.35533
1.56211
1.59363
1.41384
1.07524
1.70105
1.07634
2.02653
1.52091
1.52846
1.54467
0.994875
1.66153
1.13784
1.90392
1.72349
1.53479
1.75891
1.09864
1.31212
1.61497
1.28478
1.1338
1.26291
1.88952
1.33253
2.31187
1.13521
2.25834
2.73324
1.59808
2.10265
1.79912
1.7698
1.84662
2.37291
0.919154
1.47905
1.77983
1.10385
2.09402
1.05575
1.8406
2.00106
2.17468
1.40017
1.39639
2.27413
1.80009
0.781734
1.43788
1.3748
1.09388
1.76045
2.11749
2.38252
1.53569
1.80003
1.77178
1.41203
1.30087
1.64524
2.10885
1.76774
1.14318
1.77167
1.36029
1.44129
