1.80835
1.15872
1.44184
1.56109
1.68076
1.50969
1.60408
1.28519
1.55728
1.47587
0.948366
1.90447
1.96238
1.69865
1.66941
0.943837
1.31041
0.73738
1.66622
1.71966
1.5979
1.44485
1.67456
1.21872
1.53918
1.17084
1.53954
1.5389
1.38982
1.04092
1.30514
1.76364
1.64111
1.40862
1.76364
1.53704
1.08839
1.35489
1.44485
1.55346
2.2995
1.89422
1.10182
1.31928
1.63144
2.26734
1.78721
0.965995
1.07357
1.21559
1.35708
1.54693
1.09382
1.38146
2.43731
1.33204
1.11292
1.35876
1.16843
1.83933
1.98362
2.0695
1.62013
1.76762
1.94022
2.0063
1.04459
1.05058
2.33016
1.33061
1.12517
1.35167
1.62566
1.6114
1.54888
2.12094
2.00811
1.89202
2.02807
1.47347
0.615343
1.4202
1.98307
1.22787
2.34867
1.15562
1.48714
1.66622
1.67981
2.3831
2.26565
1.39447
1.455
1.40741
1.71356
1.42187
1.22847
1.62916
1.41397
1.66628
1.21788
1.9735
1.92672
2.27025
1.33611
1.6165
2.20493
2.17545
1.94921
1.80637
0.839442
1.30334
1.92132
1.3419
2.24094
2.12541
1.56066
1.49009
0.946125
0.96466
1.86605
1.60791
2.21419
1.44282
1.00935
1.91618
1.33309
2.0304
1.54688
1.62606
1.20436
1.51963
1.02678
1.14876
1.19007
1.32926
1.27219
1.12146
0.995666
1.35575
1.36151
2.25784
1.94258
2.44702
1.62276
1.57089
2.18998
2.03454
1.36725
0.950543
1.26688
1.19183
1.39625
1.01666
0.882176
2.11947
1.78533
0.598701
0.663398
1.8469
1.34006
1.88289
1.88772
1.56449
1.15438
2.02218
1.67246
1.64377
1.73622
1.35876
0.934246
2.21855
2.28781
1.94911
1.5946
1.28322
1.44024
1.2512
0.903768
1.7154
1.5115
1.9951
1.90803
1.28475
1.12219
1.33008
1.83673
1.07952
1.45239
0.85787
1.19659
2.00436
1.83586
1.69237
1.89165
0.914292
1.84177
1.45377
1.55242
0.633487
1.33298
2.06969
0.892345
1.26926
1.81491
0.951891
1.48396
1.24494
2.15709
1.42671
0.711259
1.33095
0.670306
2.00343
1.18979
0.71755
1.20679
1.92086
1.26708
1.48715
1.19724
1.1282
0.92686
1.34707
2.13752
1.80756
2.532
1.55029
1.29637
1.93891
0.597695
0.940082
2.5684
1.27404
1.66101
1.29922
1.38507
1.54272
1.08117
0.920397
1.71733
2.07462
1.76289
0.80031
1.19268
0.994571
1.67269
1.23777
1.7429
1.68408
1.87145
1.5486
1.44451
1.9157
1.23929
0.463941
1.3356
1.0543
1.93
1.4007
1.48402
1.30865
1.36332
2.11232
2.06651
1.72417
1.26362
0.802461
0.590678
1.81472
1.27098
1.83067
1.2139
1.75562
1.47869
0.764512
1.98494
0.774141
0.689181
2.15176
1.77176
1.83863
1.02456
2.17228
2.21214
1.34047
0.770536
1.26773
1.34174
1.52704
1.22352
2.12807
1.91008
1.26535
1.49806
1.30947
0.835783
1.42082
1.60917
1.46802
1.09479
1.03269
1.75449
0.499959
2.08561
2.01163
1.20856
2.08968
1.24722
1.21645
1.91301
1.41489
1.42165
1.50838
0.735411
1.6685
1.54931
1.89354
1.52939
1.76569
1.17663
1.87631
1.71391
0.783523
2.0207
1.97188
1.31496
1.22855
1.63074
1.47197
1.51639
0.932581
1.87964
1.13556
2.09792
1.24274
1.25127
0.606494
0.987265
1.82173
2.02144
2.73198
1.29916
1.07321
1.00132
2.03378
2.50543
2.41491
1.52738
2.10993
1.85493
1.05624
0.768963
0.606602
1.06745
1.72154
1.84376
1.53676
2.1295
1.53386
1.74012
0.502043
2.30022
2.0495
1.69822
1.54082
1.14348
1.6952
1.59643
1.54794
1.5481
1.76585
1.62811
1.56834
0.254991
2.08785
1.08001
1.93898
1.0318
1.33234
1.295
2.37792
1.11043
1.65764
1.17849
1.36519
1.18646
1.38946
1.70625
1.2695
2.12742
1.22665
1.20904
1.50459
1.26208
1.05404
0.73399
0.704838
1.29216
0.762958
1.82448
2.22373
1.49766
2.15589
1.3949
1.28261
2.10926
1.10657
0.999439
1.90719
1.86777
1.39986
1.04173
1.65402
0.854879
1.24456
2.42784
1.32416
0.957414
1.37109
1.02913
1.41134
2.19652
1.76196
1.45979
1.86634
1.84365
1.60926
1.15285
1.84437
1.06062
0.586943
0.618871
1.23388
1.56915
2.04085
1.48641
0.625935
1.25323
1.52931
2.09081
1.79708
1.45088
1.15412
0.612258
1.9316
0.783327
1.40791
1.03718
1.89441
1.65859
0.953377
1.10617
1.77036
1.07066
1.73443
1.5137
1.75314
0.804523
1.21929
2.07819
1.86456
1.40296
0.623136
0.953542
1.49787
1.22888
1.48588
0.869747
0.929855
2.09476
1.93856
1.48733
0.959884
0.675363
1.5661
0.869794
1.30182
1.15064
1.93895
1.89119
1.71349
2.34131
1.61482
0.712382
2.12052
1.70135
0.717519
1.331
0.685063
0.501102
1.05196
2.1871
1.84364
1.4566
2.09171
1.80017
1.00515
1.61463
1.02324
1.73219
1.63107
1.14777
1.43396
1.19145
1.67081
1.18238
2.20316
1.53343
1.71725
2.27073
1.37598
1.2401
1.35208
1.5363
1.90932
1.44682
1.90673
1.81218
1.56842
1.48873
0.697432
1.63398
1.61995
1.36858
2.20165
1.04035
2.2968
2.14372
1.14783
1.39626
1.11451
1.59778
1.10412
1.96962
0.984316
2.03164
2.17719
0.66966
1.65347
1.11604
1.0189
1.56317
1.84665
1.54467
1.33435
1.50917
2.25842
2.02585
1.51582
1.07994
2.09984
1.65825
1.30239
1.37969
2.19157
1.49547
1.92642
1.02646
1.18929
1.32643
0.723591
2.18946
1.77651
1.35864
1.07086
2.11493
1.97284
1.60101
0.904699
1.63988
0.942994
1.84865
1.59021
1.22939
1.36438
1.16675
1.57775
1.35498
1.52562
1.20797
1.47813
1.46725
1.34735
1.52262
1.32126
1.98566
1.11737
1.6596
1.5374
1.40048
1.29364
1.17214
1.39038
1.32385
1.96166
1.05617
0.925186
1.76093
1.767
1.56558
2.36086
2.20893
1.47666
1.33845
1.12522
0.591186
1.41308
1.65277
1.22913
1.25862
1.49211
1.24293
1.2713
1.40503
1.79239
1.84304
1.88942
1.59057
1.7867
2.06465
1.04811
1.43901
1.70419
2.54217
1.50042
1.89189
0.740524
1.40053
1.87835
0.788542
2.05391
1.64533
1.80907
1.47035
1.35001
1.23422
1.50936
1.48742
1.5994
1.14623
1.58657
1.93977
1.8006
0.944637
1.03054
1.99169
1.4227
0.623034
1.57354
1.46043
1.68008
2.01609
1.91937
1.72479
1.17432
1.57812
1.85704
1.73103
1.2945
1.17654
2.17736
1.83472
1.76868
0.658085
1.90692
0.80887
1.17551
2.26724
1.15285
1.73672
1.41409
0.914177
1.98687
0.932387
1.5163
2.23588
1.53026
1.20146
1.51694
1.21266
1.68778
1.43463
1.00365
2.26921
1.63184
0.869187
1.39819
1.35857
1.71852
1.46828
1.64132
1.55244
1.43539
1.53389
1.22372
1.44461
1.21037
1.06235
1.86373
1.34563
2.01175
1.55
0.896292
1.38474
1.72228
1.2844
1.32246
1.11301
1.82304
0.939407
0.974753
1.7677
1.19413
1.35481
1.19134
1.45371
1.4674
1.79479
1.78483
1.60194
0.683575
2.3178
1.31805
1.55285
1.83448
1.35802
1.86838
1.64721
1.38348
1.6547
1.87951
1.91536
1.17424
2.1368
1.95499
1.91359
2.36085
0.62759
0.744356
0.73633
1.74717
0.82959
1.51306
1.82436
1.14443
1.04339
1.93584
2.11681
1.61494
1.71849
1.48187
0.953549
1.25784
2.66591
2.0963
1.76069
1.55583
1.29948
1.68543
1.43204
1.46973
1.68402
2.08793
0.864107
2.01504
1.79358
0.775662
1.34976
1.7371
1.42724
1.27589
1.90091
1.22463
2.35568
1.09745
0.848444
1.78096
2.09566
1.47047
1.38523
1.68421
2.08001
1.11275
2.08694
2.07916
0.784314
1.70105
1.47544
0.981521
1.42467
1.54498
1.68853
1.97399
1.2337
1.54366
1.30849
1.44873
1.18053
1.72491
1.58798
0.563462
1.16964
2.02943
2.24405
0.887728
1.85195
1.08528
1.78882
1.21534
1.27096
0.839551
0.772479
2.16039
1.50426
2.13955
1.40011
1.29369
2.16856
1.0646
1.6853
1.40266
1.76781
1.45409
1.4636
1.16072
1.37304
1.59179
1.81007
1.60468
1.78661
0.899322
2.1241
2.09669
1.58792
1.5702
1.35122
0.957274
0.829314
0.943375
2.20463
1.47722
2.57993
1.49908
0.592831
1.79621
1.45991
1.57006
1.63274
1.24048
1.78333
1.33344
1.14327
2.28797
1.03094
0.481466
2.30967
1.60022
1.6396
0.510936
2.09372
1.21455
0.490371
2.01271
1.80335
1.85321
1.08147
1.0006
1.51908
1.64799
2.12432
2.1555
1.53789
1.8987
1.71544
0.706914
1.50501
2.01366
1.38795
1.15265
1.52403
1.08228
0.921518
1.67781
1.6913
1.20264
2.10957
2.47122
1.41843
1.05229
1.36603
0.969615
1.82461
1.93967
1.61931
0.43381
0.433379
1.51767
1.89872
1.28989
1.83086
0.928679
1.05633
1.02774
1.1975
1.55297
1.52671
1.52604
1.44636
2.00924
1.14582
1.41434
1.7784
1.67002
2.0235
1.52018
2.22939
0.936624
0.865854
1.94803
2.00697
0.968525
1.47323
1.94141
1.8254
1.36771
1.16514
1.47913
0.9507
1.74561
1.76345
1.28423
1.24127
1.83696
0.812987
1.52354
2.27166
1.62372
0.851434
1.83193
1.07183
1.62239
1.52696
1.15625
2.01713
1.63788
1.47862
0.647125
1.05602
2.36073
0.978074
1.37195
1.66781
1.94947
0.614051
0.969482
2.21626
1.06849
0.514718
0.983971
1.00213
1.17549
1.27088
1.02377
1.50367
0.759864
1.85176
1.51547
2.51449
1.40939
1.82033
0.708778
1.18699
1.65453
2.47957
0.928322
1.63661
2.42782
1.83598
1.6452
1.21026
1.99526
0.728329
0.926853
2.5784
1.20585
2.41481
0.55665
1.98301
1.74725
2.188
1.03801
1.60645
1.72337
1.06374
2.27194
1.99252
1.96932
0.804348
1.6026
1.22872
2.0119
1.23306
1.64221
2.07316
1.60736
1.01489
1.19053
0.617336
1.97449
1.90379
1.28443
2.16201
1.43275
0.305409
0.484335
1.26067
1.74607
0.598299
1.84503
1.68921
2.14534
1.15699
2.00291
2.22924
0.897478
1.20068
1.8097
1.42946
1.91356
2.19711
0.946489
2.06054
1.50337
1.16438
1.5581
0.992489
1.40296
1.18554
2.05081
1.18561
1.57925
1.29437
0.989769
0.957966
0.909303
1.46022
2.32867
1.272
1.28519
1.87336
1.52024
1.61225
2.4583
1.44079
1.03218
2.02844
1.58447
2.04405
1.65292
0.952342
0.880697
1.2864
0.76472
1.2965
0.930768
2.30967
1.04931
0.931804
1.90517
2.28149
0.805938
1.04946
1.79433
0.846037
1.78046
1.611
1.84789
0.953888
1.42375
2.15329
1.36955
1.12489
1.48429
1.10376
1.37817
1.36157
1.17465
2.18202
2.21557
2.16986
1.27264
1.8332
2.08266
1.74223
2.18521
2.56415
1.46599
1.77935
1.3329
1.85627
1.21169
1.33635
1.99261
0.982341
1.68881
2.06377
0.933853
0.913066
0.877188
0.994372
1.60889
2.12304
1.32102
1.78464
1.6791
1.21872
2.03262
1.31605
0.783339
1.2601
1.51565
1.96569
1.65369
1.50866
2.01041
1.05343
1.16137
1.21732
1.74526
1.56735
1.64662
1.67089
1.6595
1.54919
1.74607
1.25887
0.660923
2.38409
0.932644
0.948913
1.38008
1.32523
1.67611
1.25633
0.922247
1.54479
1.64254
2.08515
2.25109
1.67595
0.924157
1.98925
1.06477
0.690261
1.65416
1.60425
0.681221
1.81296
1.13676
1.86978
0.862352
2.00334
1.56817
1.21293
1.46697
0.6554
0.780124
2.17512
2.20814
1.30245
1.98751
2.35394
2.39898
1.7251
1.00424
1.36616
1.83407
2.20428
1.82953
1.49011
1.16749
1.69957
0.974558
1.61434
1.3472
1.34569
1.8793
1.64527
1.58801
1.89826
1.62414
1.50401
2.0367
1.35001
1.56012
1.92561
1.15485
1.68967
1.15406
1.09154
2.38888
2.16903
1.884
1.92928
1.54766
1.08636
1.73399
1.807
1.36351
1.57324
1.1679
2.07988
2.12998
1.99737
1.09859
1.60266
2.02001
1.31408
1.04211
1.63954
1.75979
2.6597
0.995542
0.813515
1.3865
0.971573
2.18566
1.99994
1.6858
1.39456
1.82802
1.65828
0.894254
1.0576
1.57086
1.7519
1.05764
0.725777
1.73179
1.46869
0.831243
1.90169
0.844057
1.70958
1.58253
2.60203
2.03921
1.34147
1.79959
2.03839
2.16393
1.84916
1.50434
1.09299
1.51384
1.37048
1.51559
1.33475
1.85483
1.10047
2.45232
1.01841
1.53072
1.61702
1.50501
1.27278
1.22605
1.46482
2.01491
1.7789
1.40234
1.56408
1.8318
1.72127
1.17141
1.39357
1.48506
1.30909
2.24352
1.28885
1.00674
1.31887
1.78084
1.16875
1.45838
1.8353
1.16902
1.9686
1.42391
2.28063
1.09875
2.09468
2.07714
1.54162
1.62563
1.75084
1.01183
1.32385
1.8829
1.20225
1.84801
2.62734
1.64551
1.34247
1.34983
1.19423
1.29058
1.54183
1.63968
1.2952
1.64456
1.76684
1.45913
1.99969
1.71442
1.56872
1.98454
1.70788
2.13879
1.44513
2.02056
0.878781
1.0714
2.02369
1.81202
1.29872
1.79765
1.2641
2.21484
1.33224
1.27782
1.23885
1.09518
1.61848
1.71201
1.55993
1.44064
1.68896
0.855518
0.891449
1.12631
1.31616
1.18396
1.28398
1.12959
1.33736
2.1221
2.01555
1.71787
1.73721
1.83067
1.78102
1.42742
0.700981
1.88349
1.68739
1.86124
1.48769
1.48249
0.929167
1.92206
1.59631
1.74563
2.05204
1.11416
1.48022
1.35139
1.15871
1.48974
0.825903
1.7708
1.6791
1.32482
1.7201
2.35184
1.19874
1.61473
1.08558
1.53875
2.35
1.20889
1.20052
1.43568
2.28401
1.44984
1.92019
2.14602
1.61017
0.999095
1.49685
1.78946
1.24502
0.973182
1.60156
1.26404
1.3356
1.94417
1.2154
0.901328
1.96063
2.05102
1.31278
1.8421
2.49238
1.99255
1.99537
1.80297
2.08378
1.59326
1.9332
1.59894
1.63497
2.00183
1.82815
1.42697
1.52598
1.52418
1.30998
1.11716
1.03453
0.861986
1.40529
1.55226
2.0012
1.59704
0.970436
1.51987
1.25843
1.30343
0.74319
1.78065
1.93251
1.30568
0.690124
1.27123
1.83234
1.84433
1.48772
1.85799
1.49648
1.95636
1.40644
1.34419
1.45491
2.04286
1.26882
1.53637
1.3542
2.25284
0.74193
1.74483
1.69083
1.73692
1.07375
1.34106
1.54676
0.781067
1.65264
1.34231
2.10503
1.79245
1.93774
1.60419
1.85418
1.34688
1.17689
1.97278
1.5145
1.44182
0.714609
1.36326
1.12983
1.75277
2.40674
1.71355
1.45979
1.18969
0.995389
1.57037
1.65604
1.7578
2.29375
2.45924
1.28836
1.42918
1.23012
2.05388
1.55236
2.03803
1.69108
1.42724
2.10075
1.36809
1.48561
0.922235
1.14184
1.66266
2.27906
1.01271
1.01238
1.31231
1.28513
0.9518
1.91931
1.74322
1.08672
1.40584
2.5345
1.70557
1.93193
1.67996
2.43046
1.5906
1.84358
0.867059
0.935058
1.65378
1.4347
0.728123
1.04614
2.00715
0.763562
1.09312
1.82636
1.6046
1.6293
1.93861
1.5954
0.992517
1.80872
1.6406
0.926261
1.15238
2.15036
1.27755
1.84389
0.822927
0.980092
1.19826
1.93089
1.60663
1.47728
1.51226
1.5214
1.1253
1.56583
1.79033
2.2358
2.44313
0.905017
0.891991
2.20999
1.28201
1.11403
1.59436
1.83136
1.72559
1.86848
1.34889
0.724082
0.504708
1.47243
2.15796
1.18996
0.806945
1.51596
1.25643
1.98921
1.91334
1.45272
1.514
1.09
1.94521
1.13764
1.69545
1.42742
1.69762
1.46713
1.49422
1.29555
1.40757
1.58252
2.60103
1.74551
1.42563
1.4682
1.35127
2.36057
1.69643
1.27497
1.41766
1.33344
0.97939
1.48356
0.754655
1.54027
0.995576
2.09891
1.7084
1.18357
1.82948
1.20516
1.74563
1.41069
1.39192
1.95444
1.88076
1.78845
0.746368
1.37761
1.4349
1.15652
1.13361
1.65124
1.93281
1.53069
1.92711
1.10539
1.14877
2.23932
1.14944
1.69809
1.43095
1.07884
1.38386
1.2385
1.51718
1.59033
1.8124
2.03028
1.79559
0.954747
0.949866
1.79657
1.82013
0.789721
1.62065
0.854707
2.04483
1.24876
1.29453
1.12468
1.42705
1.81935
1.53653
1.15118
1.68942
1.69231
1.57714
1.37195
1.6626
2.41858
0.849342
1.99503
0.759553
1.6577
1.33121
1.98761
1.31446
1.30087
1.70314
1.17231
2.35054
1.37288
1.05084
1.73721
1.67039
1.45193
1.70123
2.0958
1.30504
2.0388
0.810565
1.35214
1.05195
1.34331
1.71935
2.01362
1.52953
1.47838
1.59686
1.22784
0.835589
0.857787
1.62517
2.1852
1.52033
0.681823
1.39689
1.5549
1.99778
1.67082
2.50134
1.46857
1.83452
1.46575
2.30829
1.40512
2.04126
1.84529
0.729177
1.81973
2.0977
1.88689
1.20795
1.66695
1.08904
1.56091
1.26189
1.00683
0.866566
1.75966
2.34956
2.00543
2.03518
1.23796
0.576021
2.26994
1.95036
1.71923
1.33623
1.84003
1.60199
2.11674
0.841453
0.804407
1.0597
2.12426
1.19376
1.34551
1.72201
1.33058
2.10574
1.39003
1.44602
1.72756
2.59435
1.9842
1.82184
0.668887
1.39404
1.97502
0.700967
1.24818
1.18338
2.30937
1.66916
1.65843
2.31788
1.62307
1.84751
1.43759
1.43828
1.86978
2.22634
2.07962
1.33077
1.79793
1.85373
1.8749
1.16275
2.28721
1.75904
1.60352
2.3003
1.47868
2.4022
0.975576
1.55032
1.90116
1.62331
1.9143
1.63572
1.71689
1.01529
0.913136
2.14658
2.30021
1.49051
0.942696
1.92629
1.14053
1.49685
1.37929
0.744928
2.01474
1.56324
1.94271
1.75699
1.80259
1.12658
1.92802
1.5736
1.49216
1.098
1.53322
1.46602
1.93414
1.11615
1.54241
1.27385
0.979101
1.9695
1.2878
1.64827
1.22765
1.56231
0.837033
1.38114
2.1711
2.27486
1.53624
1.22392
1.9854
1.39413
1.57421
1.78636
1.19008
1.33918
1.44547
1.34228
2.31888
1.59994
1.14951
1.54571
1.82477
1.69883
1.07545
2.532
1.27654
1.49097
2.10522
1.63554
1.63814
1.05768
0.915102
1.72077
2.2873
1.65963
1.42742
1.19488
1.24751
1.24261
1.97483
0.760999
1.39937
1.81661
1.67658
1.71824
1.00409
2.14877
1.57934
1.09738
2.04141
0.512687
1.62557
0.779656
1.67929
1.65537
1.56866
2.33449
0.679633
1.0108
0.678034
1.72954
0.886089
1.80088
1.59906
1.46323
1.82594
1.70591
0.898965
2.10954
1.49541
1.54546
0.975296
0.69554
1.55248
1.0869
0.779866
0.838046
1.51955
0.539713
1.32613
1.97313
1.42323
1.44725
1.43154
1.78629
1.1675
2.19848
1.53401
1.19219
1.47743
0.947548
1.65127
1.35573
1.67806
1.45764
1.9134
2.01252
1.63107
1.53176
0.677359
1.65607
1.71855
1.61842
1.01131
2.30145
0.594274
1.90867
1.5126
1.49112
1.30947
1.31963
1.47415
1.47151
2.33651
2.23424
2.33876
0.962386
0.728341
1.27847
1.21029
1.71195
1.51692
1.45352
1.95072
1.65271
0.545864
1.49066
1.34344
1.47626
0.329905
0.96994
1.68099
1.1767
1.74784
1.66156
1.22742
0.935587
2.00631
1.43999
0.724928
0.829499
1.68746
1.75283
0.811561
1.27844
1.43303
1.56915
1.31477
1.34382
0.815514
1.6942
1.24867
1.46829
2.14786
1.34369
1.31679
2.19016
1.60901
1.4944
1.85043
1.47619
1.72324
2.01879
1.40398
0.812514
2.14966
1.59405
0.960194
1.17041
1.72095
1.8134
1.88419
0.971411
1.13725
1.95463
1.50719
1.59747
0.870797
1.65084
1.50658
1.82398
1.26388
2.20181
1.83728
1.24338
1.58105
1.29216
2.47995
1.80367
1.17901
2.25046
1.38876
2.06052
1.13111
2.35685
1.68463
1.23499
1.70499
2.35968
1.7665
1.28732
1.56756
2.20871
1.54681
1.62469
1.86857
0.983037
1.44319
1.77024
1.81775
1.30874
1.31382
1.99298
1.93447
1.64227
1.46844
0.827455
1.77778
1.24494
1.43097
1.48402
0.897941
1.53814
0.875094
1.43796
1.09903
0.841363
1.53624
1.51846
1.34012
1.14245
0.848611
1.74169
0.700936
1.52088
1.51471
1.02471
1.57586
1.99516
2.04393
1.75333
2.16414
1.54162
1.63199
1.70687
1.28061
1.54845
2.08774
0.978992
1.54179
1.63291
1.87618
1.73459
1.13361
1.79731
1.97121
1.64343
1.82266
1.89222
1.85595
1.87528
1.58264
1.12203
1.95908
1.47136
1.42594
1.08458
0.904708
2.13348
1.70998
1.31067
1.11098
1.72057
1.19016
1.87631
1.40388
1.50795
1.38361
1.28621
1.30941
1.11418
1.44338
1.14256
1.60979
1.68106
1.18112
1.00343
1.53288
2.51245
1.45309
0.898012
1.10817
0.965305
2.31151
1.58319
0.985245
1.31175
1.32372
1.26976
1.4966
1.20072
1.82537
1.80054
1.75646
1.18744
1.91833
1.63187
0.547195
2.03827
1.44852
2.54633
0.942744
0.757388
1.69406
1.31812
2.0235
1.51675
1.62068
1.61069
1.6389
1.28188
0.948565
0.443452
1.59543
1.34979
1.48488
1.39918
1.5747
1.64905
1.53322
1.67223
1.52849
1.65041
1.35002
1.83935
0.982704
1.8003
1.40848
1.16248
1.15712
1.93542
1.47256
2.2537
1.92099
2.42407
1.39794
1.69609
1.95747
1.22119
1.52537
1.47777
1.36434
1.25715
1.6249
1.04438
0.830567
1.3694
1.2835
1.71324
0.837352
1.87496
0.847406
1.6051
0.435877
0.87619
0.848558
1.63267
1.4977
1.46047
1.03783
1.02034
1.23405
2.4301
1.12679
1.84129
1.47407
1.9239
1.85777
2.22091
1.4283
1.48383
1.51816
1.58795
1.72512
0.604452
1.17234
1.96529
1.02105
1.26689
0.987622
1.26677
1.49394
1.50679
1.50589
1.90176
1.80882
2.46131
0.966433
1.60083
1.78588
1.98675
0.566766
1.19839
1.20431
1.8351
1.16222
1.26519
1.23838
0.830159
1.26607
2.16495
1.72327
1.44612
1.09882
0.931668
1.65047
1.32957
1.63561
2.17422
0.543562
1.72961
1.51003
0.875741
1.42651
1.31995
1.77572
0.889721
1.59883
1.41616
2.43216
0.625817
1.08803
1.67131
1.3319
1.48267
1.58233
2.1823
1.57336
1.58833
1.33398
1.56448
1.66882
0.839039
1.53543
0.665799
1.52736
1.4975
2.25427
0.905713
1.31793
1.34344
1.59967
1.96116
1.24127
2.22796
1.52552
1.17568
1.41773
1.33918
1.86634
1.24605
1.66438
2.03054
1.65813
1.11104
0.644451
0.985002
1.98303
1.45942
0.767993
2.23038
2.79235
2.04943
1.26175
1.65702
0.775556
1.32598
1.39864
1.38417
1.41044
1.8173
1.2924
2.01044
1.04388
1.15178
2.29091
1.85596
1.05429
1.77279
2.22852
2.1222
1.4647
1.57562
1.93793
1.10166
1.92418
1.33252
1.87175
1.79912
1.73631
1.61992
1.35001
1.15178
1.7852
1.80417
1.44847
1.41563
1.74368
1.09073
1.52119
1.57686
1.50596
1.27203
1.96748
1.07839
0.996248
1.39497
2.14914
2.32615
1.53191
2.1136
1.62918
0.702581
1.13917
0.791789
1.48838
2.14856
1.29321
2.30659
1.59259
2.05068
1.10333
1.85869
0.829631
1.41007
1.20745
1.27985
2.5721
1.42779
1.61766
2.24033
0.392701
0.850549
1.40376
1.2408
1.98891
1.2495
1.43433
0.728414
1.77468
1.87849
1.24035
2.17527
1.73097
1.54272
1.31957
1.04275
1.90088
1.95499
0.451957
1.33353
1.19271
2.16319
2.48513
1.7612
1.91307
1.92184
1.35161
1.90427
1.37509
1.74198
1.36774
1.38696
1.29129
2.10801
0.862874
1.39391
2.23581
1.82543
2.03423
0.822974
0.833424
1.40407
2.21862
1.73739
2.24692
1.29732
1.87538
1.93895
1.89859
1.51192
1.76047
2.80356
1.45862
1.61005
1.66876
1.35526
1.66843
1.84643
1.56646
0.668668
1.79978
1.61286
0.688584
1.59949
1.53221
1.05164
1.29757
1.47577
1.93401
1.52943
1.61897
1.37372
0.793597
1.92945
1.09283
2.60917
1.34175
1.37341
0.771789
1.50707
1.36886
1.48227
1.7073
1.09374
1.55294
1.75531
1.62151
1.9862
1.51738
1.11839
1.57371
0.664355
2.084
0.796942
2.12699
0.871215
1.44961
1.24699
1.50153
1.5543
1.77616
1.41594
0.79808
1.52213
1.53771
1.94081
1.65292
1.2771
0.915423
0.737223
1.23156
0.873446
2.00106
0.963765
1.32566
1.01327
1.95446
1.46928
1.77111
1.35207
0.788011
1.79361
2.06533
1.85799
1.8564
1.15045
1.34864
2.04487
1.27536
1.15228
1.52247
1.43931
1.36753
0.914851
2.32488
1.49761
0.76366
1.12442
1.67154
1.94271
0.937821
1.14673
2.2183
1.01849
1.48889
1.39625
2.34698
1.63351
2.46488
1.38367
1.28417
0.758284
1.50985
1.56915
2.16117
1.88959
1.08457
2.11903
1.14153
0.968541
2.05991
1.23368
2.28639
2.36909
1.5063
1.53794
1.71861
1.61524
1.1312
1.26035
1.31969
2.00571
2.06945
1.36207
1.45573
1.29225
1.01501
1.16875
1.64153
1.51706
1.54827
0.790836
1.39999
1.819
1.79039
2.11186
1.95289
1.33987
1.32382
1.53014
1.4427
1.50349
2.07687
1.99932
1.87854
2.10662
2.23814
2.05136
1.48635
2.31125
1.64787
1.26388
1.94206
1.47728
1.04098
1.92069
1.44116
1.60449
1.80229
1.36176
2.11296
0.93766
2.25455
2.24849
1.43565
1.4921
1.34767
1.20901
1.13875
1.25137
1.18078
1.97137
1.56805
1.07357
1.33767
1.62206
1.62563
1.86114
1.36725
1.58999
1.95342
0.710705
1.93445
1.41866
2.18059
1.03325
1.373
1.86194
1.68408
1.34591
0.613255
0.92782
1.34582
1.85103
1.74725
2.08596
1.56225
1.40654
1.45305
1.99576
1.56942
0.99643
1.80041
1.56586
0.861997
1.55444
1.19297
0.839586
0.490516
1.0719
2.25803
1.86793
1.50566
1.3046
1.22048
1.24361
1.80523
1.79615
1.10347
1.73782
0.90524
1.43679
1.1979
2.19662
1.30028
2.05919
1.12012
1.75488
1.22476
1.84884
1.23757
1.21449
1.4603
1.92112
1.56652
1.7501
1.45683
1.58331
1.05675
1.90789
2.36277
1.53961
2.50325
1.71352
1.26516
1.74861
0.925713
1.58685
1.82385
1.08735
2.05108
1.35539
1.31746
1.6427
2.0188
1.09675
2.00914
1.27987
1.73313
1.6834
1.28077
2.37753
1.87816
1.50232
1.30915
1.83023
1.95501
1.2554
1.57989
1.40605
1.39614
1.21787
1.51654
1.10074
2.10934
1.13711
1.45945
1.08277
2.03876
2.09983
1.58002
1.90724
2.13407
1.5935
1.98067
1.39253
2.62265
1.93893
1.49865
0.888488
1.47642
1.85118
0.532259
1.46022
1.69084
2.16591
2.04377
2.05044
0.774483
0.728707
1.29348
2.31011
1.59582
1.88915
1.48965
1.12969
1.17584
1.36787
1.40902
1.7122
1.87791
1.12867
1.40803
1.40395
1.74844
1.7275
0.566399
2.29737
1.52317
1.18883
1.98527
1.46278
1.5254
1.67695
1.84212
1.11595
1.53777
2.46692
0.986543
0.990312
1.05045
1.29627
0.604017
0.81384
1.08094
1.54614
1.66438
1.15349
1.15265
1.51819
0.444222
2.0161
1.81904
1.52623
2.06803
1.52206
0.756054
1.10728
1.5866
2.15675
1.47052
1.17849
1.52458
2.11745
1.56774
0.486087
1.64906
1.17505
1.64441
2.36739
1.87489
1.73189
1.31721
1.86723
1.07881
1.10687
0.626378
1.7357
1.74359
1.66836
1.03061
1.51672
1.74536
1.46464
1.37732
0.923278
1.24332
1.85214
1.41897
1.46183
1.66645
1.84028
1.22677
1.4522
1.32278
1.78465
1.52746
2.10733
1.55594
1.61537
1.50349
2.46266
1.97987
0.60748
1.16231
1.23413
1.73839
1.79102
2.55213
1.67106
1.75429
1.3892
1.42795
1.37988
1.23097
2.13001
1.54711
1.46102
0.946568
1.84573
1.81554
1.4636
1.85004
2.86783
2.47197
1.81111
1.61983
1.79274
0.93918
1.31641
0.819867
2.0207
2.05501
2.13562
1.30221
1.65797
1.54583
1.12769
1.15436
1.21358
2.20573
0.893457
1.11886
2.30637
1.51321
1.47372
1.15885
1.49125
0.890304
1.25008
1.36594
1.52543
0.674047
1.06981
1.7126
1.99875
1.19321
1.42446
1.57864
1.27917
1.22194
1.79298
1.12819
2.27828
1.09916
1.36039
1.03964
1.8822
1.47887
1.88733
1.31104
2.0399
1.18679
1.72324
1.48052
1.63328
1.66333
1.21241
1.80901
2.03178
1.38013
1.50822
2.44592
1.33347
1.8486
1.25374
2.07342
1.75066
0.904529
2.38765
1.07294
1.82408
1.80432
1.06082
1.71038
1.63329
1.83313
1.13744
1.5841
2.10294
0.960986
1.59247
0.894338
1.56427
1.42816
1.88163
1.49969
1.58233
1.70203
0.68497
2.22255
1.47093
2.46151
0.847477
2.3801
2.32834
1.50248
1.23841
2.11746
1.51999
1.37652
1.99426
0.661872
2.0226
2.08919
1.55386
1.92203
0.873507
0.920374
0.995374
0.991946
1.42761
1.44651
1.14924
1.72244
1.99081
1.57269
1.95238
0.922147
2.20644
1.37557
1.16549
1.54259
1.46605
1.06106
1.28399
2.42313
1.2658
1.45058
1.5603
1.51321
1.89184
1.80633
1.59061
1.86086
1.30704
1.47433
1.54699
0.592474
1.87657
0.764721
1.68549
1.55743
1.451
1.68567
1.37265
1.58517
1.30927
2.22447
2.09039
1.08098
0.903618
1.80125
1.66677
1.2026
0.973409
1.32663
2.32803
2.00423
0.559455
2.03423
0.578681
0.794922
1.36684
1.26368
1.54452
1.30303
1.02552
1.65727
1.54601
1.02609
2.03852
1.62755
1.78308
1.5559
0.0488677
1.64384
1.42156
1.1651
0.977581
1.74421
1.20593
1.65294
0.569331
2.28698
2.32207
1.18403
2.10493
1.51049
1.38202
1.78235
0.762002
1.17326
0.736594
0.430886
1.10692
1.52442
2.27529
1.20123
0.383867
2.43903
0.666316
0.727097
1.45137
1.9951
1.5628
0.816088
0.8024
1.58831
1.36263
1.55267
1.6512
1.94986
1.57516
0.942125
1.76177
0.800281
1.31578
1.67591
1.61712
1.5345
1.40339
2.42507
0.719446
1.40945
2.11096
1.43426
0.689914
2.02103
0.891084
1.71337
0.971875
0.809095
1.98887
1.71895
1.10647
1.44784
1.84364
1.30502
1.96979
1.70831
2.23773
0.403107
1.18292
1.08426
2.45086
2.08056
1.85661
0.885422
1.26263
1.43026
1.7475
1.03318
1.36126
1.01456
1.9481
1.42292
1.75557
1.56662
2.24595
1.05977
2.00503
2.06621
1.3275
0.776655
1.81815
2.00131
2.32153
1.42063
1.14727
1.59036
1.63179
2.31264
1.76684
1.12982
1.46531
0.622207
1.50453
2.17508
1.85494
2.03464
1.67069
1.32503
2.12627
1.35214
0.968294
1.54937
2.11446
1.05616
0.976702
2.17791
1.02778
1.65831
0.458524
2.17635
1.25971
1.75834
1.34276
1.76713
1.98275
1.24036
1.13426
1.87905
1.27174
1.32228
2.18095
1.4024
1.97396
1.7361
2.51172
1.35589
1.26138
2.11502
0.907424
2.20316
1.29053
1.94873
2.0245
1.06354
2.19894
1.24706
0.644747
1.08486
1.36026
1.67131
0.907313
2.31693
2.19909
1.87248
1.13489
2.05115
1.53185
1.40385
0.832527
1.20104
1.53441
1.06606
1.65629
1.8038
2.2713
1.9244
2.2053
1.64582
1.61024
0.913203
1.4097
1.60114
1.22203
0.718492
1.66114
1.58638
1.24753
1.60938
1.02662
1.97464
1.44264
0.775816
1.99812
1.12604
1.31969
1.62062
1.0859
1.08734
2.07254
2.27682
1.23499
1.79108
1.0448
1.47038
2.66668
1.07428
1.98448
1.13669
1.76028
1.39803
2.13051
1.4542
1.27547
1.84602
1.21579
0.944072
1.25742
1.29593
1.54107
1.39118
1.87285
1.85656
1.89595
1.75441
1.55887
1.27273
1.50257
1.84516
0.989177
1.00966
1.92359
2.39883
0.928374
2.53542
1.5052
1.09848
2.01404
1.85405
1.56005
1.5545
0.856022
1.11975
1.41631
1.62313
1.68601
1.38678
1.42386
1.30549
1.28325
1.53936
1.28321
1.69437
1.49724
0.848383
1.67543
2.09716
1.86991
1.38336
1.52342
2.3098
0.796457
1.52056
2.483
1.36582
1.45371
1.29091
1.05811
1.68322
1.63964
1.56677
2.28202
1.37166
0.809463
1.9475
1.91995
1.42236
1.9313
1.79781
1.40475
1.85502
2.18423
1.17665
0.925876
1.16989
1.60501
1.7045
1.16698
1.18718
1.61772
0.82749
1.67395
0.862247
0.780665
2.05033
1.59582
1.52125
1.84763
1.15018
1.80298
0.922115
2.05177
1.71124
1.68064
0.863494
1.90919
0.782294
1.87353
2.12771
1.60678
2.2202
1.59741
1.42569
1.96899
1.7184
1.82713
1.1385
1.79258
1.90189
1.00154
1.1978
1.70881
0.677179
1.17624
1.12184
1.3083
1.49045
1.79712
1.54046
1.45825
2.03127
1.25028
2.11088
1.95197
2.02634
1.1156
1.0912
1.87113
1.73926
1.74388
0.711856
1.47443
0.681481
2.02009
1.35476
1.93179
1.38038
1.84526
1.58416
1.79343
1.5181
1.37135
1.67585
1.72571
1.88441
1.1122
1.09093
1.63016
1.67686
2.36941
1.16726
1.08877
1.21166
1.07692
1.0491
1.01927
1.34552
0.987269
2.26181
2.08197
1.45801
1.50654
2.05681
0.961665
2.42117
1.98948
1.42138
1.52005
1.29142
1.49522
1.58142
1.41545
1.70031
1.9087
1.07475
1.2878
1.76501
1.2608
1.64337
1.50532
2.21695
0.676247
0.9597
1.02999
1.45967
0.908749
1.70425
1.16985
1.66425
1.81541
1.43186
1.43519
0.885311
1.51062
1.70203
1.90071
1.39459
1.49958
1.56054
1.91269
1.5081
1.37204
1.54583
1.35545
0.897778
1.95175
1.47035
1.53918
0.934863
0.82308
0.943785
1.51461
1.37509
0.847371
1.25509
0.974793
1.4097
2.12203
1.63921
1.24214
1.77087
1.31353
1.98221
1.74368
0.927518
1.8392
0.878341
0.905993
1.46145
1.08031
1.75699
1.8899
1.72203
1.20117
1.28096
1.56155
0.908276
0.760457
2.3411
1.6386
1.58181
2.0373
1.07357
1.8831
1.7171
1.55273
1.58874
1.35517
0.997607
1.90945
1.28588
1.52838
0.855462
1.57104
1.52097
1.58905
1.71654
1.45678
2.02478
1.16813
1.63046
1.29659
1.22684
0.33643
1.09092
1.48132
1.49247
2.15337
2.30638
1.02905
1.5682
2.54243
1.16591
1.90004
2.32984
1.10497
1.82376
1.64313
1.74582
1.3423
1.55981
1.2794
1.71679
1.33736
2.2566
1.61289
1.72701
1.15699
1.72614
1.184
1.59601
2.00247
2.14713
1.13002
1.80703
1.36631
1.35751
2.17242
1.93946
2.10253
0.75525
1.35161
0.962781
1.71321
1.69951
2.46036
1.98486
2.14787
2.06511
1.29082
1.54864
1.5635
1.21468
1.66545
1.53869
2.08347
1.03652
1.44882
1.87438
1.58578
1.00952
1.34469
0.754334
1.83168
1.12584
2.63831
1.68936
1.50887
1.67045
1.26957
1.91664
1.89669
2.04236
1.98081
1.36944
2.16529
1.89419
1.41149
1.68982
1.75209
1.21663
1.11369
1.19373
2.04648
1.51798
1.41557
0.804776
2.06047
1.04024
2.01444
1.33029
1.37383
0.905754
0.943946
2.00947
1.88112
1.40784
1.58685
1.47293
1.37259
2.40505
1.18375
1.71121
1.41471
1.54234
1.84824
1.04808
2.08637
1.53756
0.866262
2.05702
1.09621
1.42202
1.55371
0.96194
1.38901
1.30346
2.04865
1.41604
1.90886
2.12778
1.62435
1.81479
2.01792
1.26003
1.96331
1.90243
1.37996
1.06773
1.49054
1.42027
1.25291
1.78189
0.471209
1.76345
0.901583
1.63542
1.32649
1.79108
1.54038
1.33114
1.43426
1.09353
1.84459
1.27449
1.43069
0.927784
2.12218
0.924341
2.07861
2.33776
0.655042
1.16018
2.41148
1.23415
1.7926
1.09064
1.74939
1.98884
1.46866
1.56124
1.5155
1.30163
1.58267
1.65876
1.42391
1.89879
1.58276
2.00585
1.47715
0.939098
2.24578
0.68277
0.866649
1.13373
1.41705
1.54015
1.26308
2.34614
1.52635
2.49444
0.71035
1.45666
1.69004
1.76594
1.76097
1.54945
1.79389
1.39862
1.78527
1.46821
1.35233
0.76679
1.90234
1.61288
1.43115
1.00523
2.16414
1.4693
1.37746
1.2585
1.07708
1.52827
1.36933
2.01379
2.06936
1.3754
2.55871
1.46151
1.44854
1.11724
1.43913
1.16166
1.27066
1.81623
1.80201
1.5794
0.930497
1.6547
1.59244
1.64765
1.4933
1.56384
1.01511
0.859984
0.993631
1.08665
1.88714
1.37217
1.19998
1.93349
1.58929
1.47839
1.70918
0.874381
1.4766
1.75203
1.74213
1.48037
1.53942
2.01427
2.68658
1.83061
1.28035
1.73201
1.91748
2.26932
0.601789
1.57391
1.26422
1.07413
1.71041
1.14822
1.32209
1.30802
2.07298
1.80373
1.12475
1.24506
0.801127
1.38181
1.22308
1.45988
1.52384
0.945344
0.103107
2.28512
1.35609
1.79033
1.35941
1.98127
1.48022
2.31672
1.89602
1.12049
1.85293
2.25249
1.63334
1.79903
1.6148
1.09559
1.20977
1.7444
2.02843
2.20397
1.56263
0.990344
2.10343
1.78546
1.83617
0.961445
1.29402
1.2642
1.71834
1.92866
1.27381
1.31585
1.02713
1.77323
1.02843
1.46501
1.60733
1.69227
1.96515
1.85583
2.34553
1.57186
1.53133
2.09236
1.81655
1.38392
2.0385
1.13178
1.11994
1.96873
1.19399
1.44061
2.28195
1.68458
1.30941
1.13043
1.22871
1.0177
1.22073
1.15405
1.80249
1.45153
1.25091
2.00349
1.41638
1.64025
1.53288
0.727376
0.958254
1.33768
1.53658
2.09502
1.46218
1.67941
1.78291
1.84231
1.46956
1.52781
2.29696
2.22572
1.69852
2.35168
1.11414
2.21363
1.85265
2.00046
1.07264
1.6928
2.28096
1.26657
1.06172
0.757212
1.43322
1.96793
1.15085
1.42289
0.816947
1.65488
1.5283
1.41449
1.31512
1.6092
1.69933
0.89286
2.26341
1.64394
1.07197
2.10367
1.94815
0.665079
1.46145
1.51565
1.0402
1.11628
1.45516
1.26845
1.56707
2.26605
1.3274
1.50171
1.62184
1.72151
1.22456
1.43568
1.52207
0.906889
1.75013
2.12542
1.8931
1.57147
1.75078
2.033
1.56152
1.01736
1.22619
2.05922
1.46851
2.11323
2.10826
1.28474
1.21866
1.87178
0.941831
1.39806
1.66171
1.725
1.38547
1.94442
0.768457
1.63157
1.12176
1.99978
1.43198
2.19666
1.07585
1.90783
1.55395
2.26969
0.834024
1.69097
1.36569
1.92574
1.4363
2.12886
1.62019
0.766515
1.96476
1.72231
1.71621
1.92839
2.1509
2.21973
1.65708
1.84453
1.59607
1.35824
1.84123
1.39695
0.770409
1.51064
1.54278
1.69116
1.10774
1.16205
1.74049
2.10408
0.992978
1.08743
1.80326
1.08783
1.2374
2.13657
1.29599
1.35792
2.20748
1.54073
1.12945
1.92626
1.22423
1.36326
0.841368
1.24454
1.56451
1.83073
1.47188
0.420271
1.36619
1.79314
2.00322
1.76868
1.60853
1.27066
1.84035
2.07431
2.43704
1.22015
1.72701
1.87855
1.50703
2.18782
1.16983
1.56884
1.69994
1.49271
0.918409
1.65678
1.92599
1.48512
1.47482
1.06001
1.89209
1.18215
0.850954
1.97835
1.21831
1.82019
1.51517
1.43371
1.82802
1.8189
1.59958
1.57635
1.87804
1.42221
1.5794
2.33905
0.825852
1.5236
1.84075
1.85027
1.48403
1.63897
1.29282
1.83775
1.81321
0.967992
1.56982
0.868506
1.66658
1.66757
2.48101
1.14382
0.734491
0.906532
0.998683
1.69858
1.61103
1.38783
1.4693
1.72787
1.40782
0.681432
1.41415
1.52119
1.59124
1.87209
1.49602
1.46611
1.56151
1.51917
0.834127
0.800727
1.58645
2.39372
1.3394
1.26279
0.890399
2.24451
1.67852
0.770898
1.51892
2.17153
0.97095
0.88293
1.99121
2.07205
1.2681
2.01062
1.68467
0.861062
2.00883
1.68315
1.84151
1.39003
1.64909
2.29779
0.963923
2.06034
1.40667
2.27889
1.27771
2.10077
1.54204
1.43771
1.85516
1.51015
1.6099
1.3936
1.35945
1.79389
0.946563
1.72299
1.78202
1.89743
1.54269
1.21966
1.69542
1.24847
0.929232
1.78908
2.0526
1.31616
1.90146
0.932697
1.58169
0.91404
1.4182
1.28458
1.45807
1.01144
1.40545
1.71627
1.58484
2.23487
1.1282
1.45699
1.91956
2.07893
0.620199
0.395933
1.55001
2.13447
1.47715
2.24413
1.1714
1.42511
1.98787
0.978536
1.69994
1.70803
1.58221
1.56276
1.79578
2.50604
1.3072
1.6124
1.10151
1.0737
1.22664
1.28099
1.94526
1.40201
1.30302
1.27213
1.82218
0.797589
1.27783
1.25582
2.17213
1.6661
1.60297
1.8463
1.89296
1.16258
1.04825
1.76302
1.45331
0.929426
1.23426
1.94291
1.14651
1.71349
1.96112
1.7283
1.79127
1.50991
2.30064
1.18423
2.05555
1.82877
0.711971
0.823947
1.61173
2.11543
1.39936
1.56652
1.60694
2.17935
0.945379
0.77961
0.825578
1.86364
1.78636
1.08809
1.25297
0.782943
1.97575
1.23803
1.69344
1.07898
1.19842
1.72405
1.42039
2.35041
1.73629
1.53014
1.35321
1.92484
2.12167
2.11447
2.1534
2.16267
1.74452
2.08609
1.34231
0.971693
1.18482
1.98014
1.45497
2.0067
2.13672
1.6208
1.48811
2.0641
1.41557
1.62129
1.53185
1.7751
1.27145
0.812753
1.41514
1.01374
1.33466
1.53356
2.05633
1.08182
1.76003
1.52885
2.39325
1.74588
1.0662
1.4977
1.64077
1.12898
2.01701
2.00358
1.19071
2.25783
1.86761
1.73317
1.04483
1.83137
2.25719
1.17895
1.14244
1.58154
1.09246
2.31119
0.8612
1.73168
2.46586
1.39717
1.27356
1.65513
2.18922
2.08498
1.01557
1.14468
1.32857
2.55741
0.921401
1.89976
1.64083
1.92775
1.99831
2.06701
2.20789
0.746243
1.038
2.01137
1.3356
1.22239
0.993777
1.02842
1.66346
1.84922
1.79012
1.86322
2.41184
1.56054
1.90208
1.11146
2.08316
2.2412
1.20078
2.40662
2.07631
1.33585
2.19551
0.777873
1.82033
2.09843
1.4305
1.19225
2.05907
1.93617
1.39534
2.00489
1.62472
1.41152
1.05499
1.20202
1.47299
1.68573
2.09185
1.34018
1.70406
1.67858
1.38327
1.49216
2.13375
1.52351
1.26426
0.828257
1.93604
1.84434
1.18551
1.99925
1.4339
0.928478
0.879412
2.08604
1.87321
1.62035
1.65402
2.56791
0.795027
1.55963
1.53792
2.46902
1.90867
2.17976
1.86876
1.0679
1.16883
1.39162
2.17957
2.01467
1.8202
0.94046
1.39242
1.58252
1.97033
1.47246
0.861092
1.09837
2.0384
0.829158
0.657859
1.89473
1.15945
2.08597
2.04017
2.01683
1.27049
1.32413
1.99857
2.2647
1.45285
1.26823
2.06983
1.41557
1.13043
0.619444
1.57879
1.08825
1.65439
1.38584
1.41326
1.64401
1.81822
1.8986
2.067
0.95579
1.66205
1.73916
1.85494
2.02202
1.62508
2.64004
0.803638
1.54551
1.62166
1.42113
1.68856
2.38869
1.27556
2.24397
1.80373
1.56517
2.32759
1.56546
1.05774
0.912771
1.27927
2.54428
1.29644
1.03829
1.84481
1.22153
1.1369
2.2437
1.59173
1.47347
1.04091
1.27972
1.99757
2.11303
1.61867
0.916366
1.40085
1.51423
1.65542
1.35151
1.91061
1.93695
1.15085
1.17644
0.787495
1.53478
0.920869
2.20515
1.24638
0.860267
0.891591
1.2495
1.36313
2.25261
1.79043
2.46846
1.83785
1.17792
1.36986
0.932955
1.13016
1.24879
1.26279
2.06193
1.53942
1.19026
1.37938
0.891121
2.18523
1.07228
1.2255
1.90383
1.67941
0.810209
2.31574
2.13426
0.933172
1.52465
1.80279
1.78102
1.83977
1.03574
0.759335
2.21564
1.1388
1.6717
1.50434
2.05661
1.42218
1.15085
1.10695
2.19806
0.809731
1.5982
0.816439
2.33614
1.49076
1.86793
1.19872
2.24428
1.4491
1.77105
2.46948
1.8872
2.30188
2.06286
2.20354
1.77754
2.10543
1.81255
0.799948
1.23787
2.20169
0.912896
2.18917
2.15815
1.82665
1.21825
1.33635
1.20849
1.41662
1.57652
1.16436
2.22122
1.76243
1.22962
1.21671
1.51596
1.00797
1.97344
1.86443
1.73622
1.82511
0.928171
2.04051
1.61977
1.43574
1.38659
1.62733
1.09269
1.16553
1.00856
2.01377
1.89828
1.77988
1.80843
1.30362
1.25779
1.61408
1.4676
1.86554
1.92743
1.00111
1.42136
1.55857
1.18635
1.44479
1.34715
1.39763
1.14958
1.56048
1.53734
2.1201
1.37789
2.12562
1.76943
