1.0065
1.22697
2.29572
2.04638
1.36743
1.62099
1.98044
1.52662
1.81905
0.853503
1.67929
1.17584
1.18492
1.64361
1.11907
1.35545
1.47439
1.36505
1.93261
2.00867
1.55679
0.936704
1.1965
1.75933
1.10415
1.06179
1.5491
1.85116
1.35252
1.62478
1.32288
1.31598
1.35731
2.25798
1.32775
1.15968
0.967318
1.37167
1.49932
1.98094
1.97732
1.07767
2.08808
2.51702
1.05436
0.854735
1.04606
1.24225
2.54662
1.80373
1.70412
1.60223
1.80516
1.56774
0.842898
1.81384
1.79289
1.84559
2.20354
1.29173
1.48261
1.54553
1.71534
1.77812
1.85999
2.30193
1.88214
1.25714
2.0547
0.925525
1.24776
1.59219
1.23079
1.45573
1.30978
1.7488
1.70279
0.795358
1.06489
1.75047
1.41008
1.60895
2.06001
1.74221
0.893678
1.37616
2.5098
2.29175
1.30416
2.39668
1.49694
0.968612
1.0563
1.09249
1.71889
1.85287
1.26254
2.1765
1.63328
1.53179
1.86156
1.42193
1.67916
0.453168
1.61085
1.95763
1.56265
1.99843
1.28723
1.42026
1.90592
1.12439
1.3833
1.43941
1.54785
0.703326
0.892732
2.05035
1.55615
2.39381
1.54785
2.2507
2.26974
2.14129
0.503559
1.58239
1.55631
2.01817
0.783474
1.77921
1.81832
1.89827
1.82538
1.42082
1.05121
1.74951
1.27628
1.70698
2.02294
1.84757
1.31532
1.86895
1.8134
1.39
1.52042
2.00106
1.61289
1.15632
2.22083
0.939182
1.04283
1.43714
1.80386
1.3687
1.48527
2.11057
1.415
0.92618
2.29183
1.5148
1.09047
1.6183
1.73686
1.70034
1.53047
1.95656
2.08666
1.75277
1.75597
0.992902
1.47176
1.70888
1.81726
1.11062
1.60219
1.6968
1.43245
1.50434
2.29738
1.75522
1.8083
1.56965
1.1806
2.01935
1.71318
1.1674
1.27403
1.5404
1.9606
0.718413
1.54998
2.23506
1.2352
1.94409
2.37386
0.909197
1.87642
1.73888
2.09886
1.71994
1.09675
1.50746
2.18368
1.99328
1.36433
1.23037
1.24632
1.91938
1.93318
1.33937
1.75472
1.90169
1.59622
1.87139
1.96469
2.18252
1.84148
1.01681
2.31499
1.8335
1.51058
2.20387
1.08583
2.27272
1.86318
0.976482
0.969162
1.19967
1.49033
1.72312
2.26543
1.53276
1.37584
2.29358
1.60947
1.99051
2.27631
2.00863
1.86389
1.77865
1.73202
1.11561
1.39295
2.67553
1.70145
1.58139
1.52009
1.58575
1.69108
1.74543
2.46441
1.16338
0.777915
1.85766
2.19796
1.42027
0.808471
1.75755
1.20503
0.876468
2.06338
0.975079
1.43661
2.3399
2.70896
1.66579
0.907809
2.18681
1.0331
1.50085
2.13976
1.33194
2.18597
1.64638
2.1101
2.16617
1.41109
1.45862
1.34576
1.35311
1.3627
1.07358
1.95714
0.778799
1.64949
1.71112
1.67769
1.36499
2.55751
1.55032
1.22691
1.72744
1.20208
2.22994
0.865881
0.892729
1.71121
1.23073
1.79909
2.0167
1.00505
1.30923
2.08827
2.02714
1.78989
2.14179
1.92861
1.18743
1.04317
2.06289
0.925959
1.61146
1.31042
1.6293
1.5443
1.56082
2.46597
1.01619
1.55851
1.37304
1.97529
1.46979
1.2829
1.30643
1.29944
1.75952
2.27432
1.81756
2.3128
2.24867
1.52543
1.84416
1.31479
2.68991
0.956846
0.675152
1.9908
1.71041
1.35814
0.973819
1.01852
2.66046
1.32956
1.20864
1.51304
0.85905
1.2379
1.28685
0.939857
2.28655
2.21902
2.6655
1.9555
1.72757
1.52319
1.80737
1.14803
1.08067
1.96258
1.50189
0.97614
1.30308
0.771058
1.48007
1.14244
1.45119
1.72676
1.28799
1.7314
1.71769
0.898874
2.42668
1.71069
2.16366
1.33353
2.18237
1.81058
1.31216
2.28669
1.64596
2.03389
1.63496
1.33303
2.29318
2.01183
0.764888
1.76625
1.23932
1.05732
1.59295
1.36515
1.41857
1.14964
2.31343
1.76006
1.61269
2.32162
2.82895
2.00921
1.71405
1.01194
2.04103
0.920073
2.03696
1.29878
0.794114
1.36497
2.13249
1.2694
1.4215
1.86639
1.58429
2.06258
0.826355
1.35811
1.75767
1.02327
1.39441
1.59625
1.84085
1.63179
0.927714
2.12224
2.14093
2.00954
1.51897
1.30107
1.64715
1.76439
2.16585
1.50584
1.3778
2.13272
2.4631
2.08235
1.53979
1.29383
1.47789
1.84846
0.91039
1.49251
1.30699
2.35096
0.876893
1.46458
2.37032
2.46172
0.929355
1.27889
1.69428
1.5018
0.858444
1.59619
2.02512
1.63997
1.36179
1.69748
1.44461
1.45359
1.47488
1.39806
1.05889
0.924916
1.57659
1.90395
0.848244
2.2555
0.533432
2.29341
1.18742
1.6861
1.75395
1.72127
1.9503
0.946009
2.07405
1.72318
1.80994
1.81932
1.59755
1.42841
1.79297
1.48788
0.873844
2.00362
0.979148
1.64144
0.790704
1.13687
1.50783
1.48763
0.803602
1.68473
1.33309
1.94206
1.8109
1.64551
1.62511
1.50801
2.08561
1.98861
1.6267
1.64508
2.35012
1.32334
2.3735
1.00498
1.9139
1.00661
1.73588
1.50691
2.6453
1.27367
1.47819
1.74747
1.88573
1.99042
0.999979
1.27135
1.47522
1.69901
1.33147
1.67898
0.674411
1.39645
0.702174
1.51451
1.01911
0.489686
0.889727
2.70565
0.628372
1.38889
1.34976
1.78352
1.25163
1.28455
0.682128
1.25586
1.61793
1.81522
2.47104
1.31149
2.0268
1.69003
0.880644
1.31309
1.81227
1.83045
2.00406
1.39334
1.8544
1.67678
1.12165
1.94196
0.918857
1.86276
1.82966
1.01164
1.29066
1.33573
1.73517
1.22748
1.12256
2.1248
1.17631
1.89747
2.39301
1.17565
2.08992
1.70918
1.16008
0.991442
1.5671
1.6037
1.78701
1.49559
1.20795
1.39559
0.91425
1.74111
1.95151
1.75258
1.36784
1.60474
1.55108
0.864055
1.38882
1.12228
2.03201
0.813237
1.73831
1.1867
1.935
1.7868
1.48576
1.60743
2.10449
1.62982
2.09621
1.47102
2.11501
1.64227
1.85665
2.35613
1.06159
1.69843
1.48494
1.87484
1.22503
1.59262
1.40927
1.9951
1.31692
1.88457
1.06163
1.51805
2.22261
1.69686
1.52525
1.67176
1.76426
1.59167
1.38386
1.8994
1.31217
1.42249
1.3777
1.15992
1.79646
2.41305
1.13774
1.80367
2.2812
1.56552
1.90393
0.740598
2.29547
1.95901
1.58264
1.18065
2.36137
1.45377
1.69336
1.63572
1.74365
1.08454
2.05657
1.04087
1.44658
1.46759
2.18008
2.26585
1.43303
1.15701
2.72446
1.14544
2.11603
1.78764
2.17297
0.889682
1.87535
1.3136
2.56273
1.69646
1.34904
1.74793
1.23655
2.06193
1.91989
1.41384
1.19275
1.84637
1.32492
1.33606
1.22061
2.05923
1.44674
1.13124
1.63529
1.39225
1.44455
1.112
1.64089
1.19501
1.3255
1.75724
1.82108
1.59575
1.5916
2.68014
1.91758
2.1559
1.77721
1.36356
1.63872
2.24898
1.35539
1.17193
1.21201
2.38402
1.40796
1.67281
1.61909
1.51825
1.20254
0.883606
1.47956
2.38198
1.41256
1.80724
0.937357
1.53695
1.75777
2.35161
1.74745
2.09116
1.83677
1.58913
0.730375
1.64796
1.58325
1.61845
0.993174
1.55761
1.53423
2.17738
1.61317
1.08982
1.61023
2.04318
0.950144
1.60007
1.90987
0.821871
1.76358
1.19995
1.14539
1.15851
1.6279
1.65576
2.17291
1.64655
0.927339
1.08827
1.17034
2.06476
1.05317
1.37521
1.78414
1.61384
1.18257
1.16475
1.57354
1.22852
1.87567
1.44827
2.22765
1.09822
1.96892
0.994944
2.10767
1.75798
1.75084
1.97594
1.53038
1.35764
0.802327
1.58264
0.915234
1.75628
1.58726
1.14368
1.83007
1.64768
1.20313
1.5921
1.34807
1.08562
2.52761
1.64098
1.71836
0.945876
1.61732
1.44153
1.09256
1.41846
1.75941
1.51345
1.27726
0.798489
1.43206
2.41385
1.51118
1.81957
1.615
1.33993
2.41193
2.22353
1.77853
1.68633
1.52812
1.89895
1.44694
1.82917
2.09355
1.87946
1.06027
0.848167
1.49437
1.71372
1.55914
1.51712
1.19468
1.75885
1.38224
2.09048
2.24231
1.62527
1.54137
1.70285
1.12557
1.22794
1.84073
1.75885
1.22657
1.27953
1.47804
1.20229
1.80082
1.40638
0.894943
0.972438
0.821729
1.30004
1.78433
0.483177
2.29092
1.38609
2.00223
1.79052
1.47544
1.88451
1.23156
1.74382
1.34019
1.45758
1.37385
2.045
1.69305
1.21917
1.72639
1.15605
1.12922
1.20679
2.33768
1.86883
1.17359
1.43818
1.21898
1.09388
1.52476
1.6959
2.24936
1.10969
2.42581
1.25207
1.54085
1.76289
2.04853
1.72756
1.68386
1.30972
1.2815
2.19426
1.48696
1.60639
1.14635
2.09107
1.55487
1.10143
0.697047
2.22572
1.20326
1.74731
1.28486
0.7613
1.2697
1.82969
2.1676
1.60382
1.43232
1.76747
1.61042
2.18866
1.26759
1.59448
2.02599
1.70504
1.42881
1.29776
1.18073
0.846259
1.27061
1.54754
2.08281
2.25659
2.19027
1.73551
0.97685
1.73994
1.11866
0.985529
1.59124
1.36076
1.78814
0.544786
1.65156
1.81749
1.80898
2.35611
1.22268
1.32725
2.33708
1.70505
1.91975
2.20044
0.893443
1.89605
0.884116
1.40091
2.00351
1.36416
1.58392
1.2674
2.1948
1.53972
1.51889
1.21311
0.806421
1.86995
1.51871
1.03578
1.36937
1.25333
1.30443
0.47349
1.57329
2.03581
0.882525
1.38738
1.03935
1.87288
1.86949
0.913333
1.55993
1.26867
1.27889
1.9425
1.65823
1.93745
1.43636
2.33336
1.94363
0.600972
1.06081
1.03073
1.06246
1.51767
1.3202
1.59053
0.626897
1.52864
1.64401
1.47489
1.82483
1.83149
1.36054
1.63369
1.5294
0.888606
2.32117
1.82284
0.713376
1.86775
1.21768
1.16062
1.69225
2.43003
1.61767
0.864747
1.7658
1.91886
1.35628
1.50446
1.47885
1.97788
1.42588
1.73069
2.30483
1.31585
1.47074
1.38605
1.3398
1.79603
1.32681
1.55536
2.44704
1.23751
1.18446
1.97832
1.45358
1.37652
2.58763
1.34786
1.43741
1.4499
2.13135
1.87637
2.00263
1.73066
1.55722
1.64132
1.66064
2.20389
1.73907
2.18406
1.77851
2.24017
1.74781
1.41194
1.00203
1.08092
2.47292
1.94192
1.12934
1.78841
2.28845
1.34146
1.42805
1.08385
1.21628
2.4659
1.17236
1.41946
2.12954
1.44091
1.50699
1.54122
1.43374
2.27191
2.01831
1.40543
1.37609
1.2778
1.59152
1.0862
1.98991
1.90131
1.20444
1.80019
1.36768
1.97018
1.85151
2.55232
1.58023
2.19578
2.69189
1.07239
1.46145
1.53328
1.93368
1.87177
1.50551
1.05654
1.88367
1.63982
1.65065
1.50367
2.27577
1.04988
1.8975
1.53179
1.62582
1.4054
0.532923
1.3735
1.69652
1.01433
0.950108
2.08575
0.931686
1.93139
1.45546
1.28917
1.34281
1.97941
1.39403
1.55163
0.370371
2.22333
2.21074
1.8551
1.47578
2.03838
2.02389
2.01007
2.36525
1.4342
1.32644
1.69225
2.14885
1.51038
0.974802
0.832488
2.16488
0.900616
1.88143
2.44096
1.27959
0.929376
1.86621
1.69004
1.45669
1.32781
1.07476
1.68236
0.900427
2.43273
1.77678
2.03641
1.09068
1.49106
1.54589
1.42974
1.2871
1.71275
1.56729
1.76999
0.986649
1.61375
2.18921
1.71208
2.37834
2.14856
1.93549
0.991597
2.53013
1.10934
1.59283
1.37058
1.48947
2.52799
1.30973
1.76426
1.31118
2.14324
1.53411
1.92624
1.73033
1.70442
1.54369
0.804588
2.25704
1.48785
2.29735
2.39777
1.44576
1.59607
1.85728
1.78601
1.03978
1.89428
1.07542
1.39593
1.83263
1.33026
0.983652
1.94139
1.42847
1.70493
1.89286
2.10291
1.31446
1.44304
1.26848
1.80878
1.37657
0.975158
1.3499
1.14488
1.81436
1.20084
1.50847
1.88939
1.76079
1.97735
0.802908
1.7282
1.35854
1.48307
1.57873
2.13586
0.728151
1.4565
1.43305
2.26824
1.18991
1.78574
1.98387
1.04695
2.00166
1.76804
1.63303
1.23489
2.5122
1.84671
1.84478
1.08209
2.38357
2.17903
2.25466
1.98068
2.0343
1.26634
2.26475
1.22308
1.54913
0.95763
1.45893
2.10536
2.0067
1.33566
2.00342
1.65741
2.10132
1.60443
1.55731
2.34663
0.728013
1.47249
1.13566
1.43383
2.74343
1.64735
1.23227
1.67511
0.85463
2.24382
1.47496
1.50573
1.5707
1.94612
1.70788
1.88554
1.48285
1.59152
1.84643
1.70456
2.20573
1.02864
1.87368
0.8779
1.82258
0.962222
1.69779
2.02089
2.18368
1.41983
1.2642
0.934142
1.57646
1.82152
1.92718
1.60291
1.63192
1.48267
2.15846
2.3817
1.40982
1.50359
1.45031
1.44888
1.57443
2.09997
1.53826
1.00592
0.61159
1.80574
1.13916
1.63352
2.03084
1.19304
2.44029
1.41434
1.04521
1.63123
2.14448
1.47016
1.72417
2.28212
1.20853
2.12852
1.72059
1.80311
1.11444
1.42171
2.10933
0.816463
1.83244
1.87178
2.17873
1.63886
2.06019
0.774666
1.74006
1.72496
1.85717
0.771456
1.71109
1.61152
1.8517
1.59811
1.50474
2.45269
1.51752
1.58749
1.62093
1.86098
2.46725
1.59955
1.67573
1.64729
2.29939
1.35984
1.79222
1.34964
1.70012
0.835226
1.84928
1.83654
1.34845
2.1045
1.84003
1.34924
1.05826
1.57861
1.61163
1.59588
1.1687
1.11987
1.82048
1.03031
1.77615
1.11245
1.71843
1.70905
1.90289
1.38159
1.17915
1.51688
1.23881
2.1838
1.33422
1.46139
2.03961
2.22253
1.87768
2.27108
1.89182
1.00511
1.23591
2.29808
1.37385
2.45678
1.59656
1.60129
1.43158
1.36699
2.47338
1.24322
1.21794
2.34415
1.38655
1.14727
1.43063
2.0018
1.9132
1.06305
1.06407
0.92947
1.8543
2.10273
1.46199
2.40842
0.894992
1.17854
2.56647
1.72642
1.3065
1.74967
1.04504
2.36476
0.962218
1.44085
2.19457
1.00338
1.08719
1.21804
1.83718
1.51559
1.37335
1.42119
1.70589
1.92816
1.99011
2.19273
1.14836
1.76003
1.56329
1.21022
1.58062
1.5581
1.52784
2.40612
1.58789
1.96524
1.25313
1.62487
1.27786
0.915778
1.8883
1.78124
2.001
1.25696
1.41088
1.88198
1.75494
0.507741
1.47864
2.37626
2.30096
1.51821
1.27882
1.81652
1.6968
1.84098
1.93544
1.75364
2.12777
1.77391
0.958708
1.70135
1.07933
2.19421
1.60101
1.36282
2.1301
1.87842
1.65959
1.23984
1.83462
1.95336
2.10225
1.25034
1.56689
2.01045
1.31694
1.18043
2.11667
1.41062
1.00496
1.59808
2.4757
1.94679
1.14871
1.25284
1.9826
0.915745
1.77065
1.52995
1.53327
1.33598
2.38428
1.31313
2.24268
1.75854
1.39794
1.30599
1.41254
1.56737
1.19927
1.88576
1.89052
1.83016
1.91878
1.83367
1.87253
1.88406
2.25044
1.50569
1.56823
1.22129
2.24198
1.34109
1.94397
2.14961
1.87422
1.81145
1.66278
1.68759
0.612081
1.62918
1.27651
1.45248
1.29861
0.832114
1.9546
1.884
1.18745
1.70893
1.33014
1.59588
1.95171
2.18113
1.18496
1.67474
1.59831
1.66904
1.36681
1.79682
1.89637
1.6726
1.31272
1.85781
2.23314
1.02874
1.11135
1.75575
1.19744
1.76395
1.34851
1.53172
2.31903
1.8496
1.49607
0.900606
1.51558
1.42739
0.953095
1.55557
1.78174
1.18847
1.60839
0.904276
1.9473
1.44895
1.84905
1.46412
1.31225
2.08918
1.6073
2.38207
1.85243
1.19343
0.421815
1.1718
1.27517
1.11886
1.97208
2.08166
1.49841
1.27634
1.9683
1.82865
1.16381
0.800115
1.12609
1.41613
1.99128
1.63334
2.59758
0.992445
1.15899
1.76992
1.44775
1.18805
1.24261
2.65902
1.63679
1.76357
1.5852
2.37396
1.68905
2.00481
1.14864
0.552484
2.01228
2.65587
1.65763
2.15827
1.32995
2.02739
1.27299
1.65954
1.65433
2.3493
1.53572
1.70314
1.51095
1.4275
1.24596
2.34732
0.969344
1.80437
1.71886
2.19839
1.75798
0.514976
1.76236
1.47608
1.35126
1.87984
2.01669
0.983358
1.68506
1.77192
1.36206
2.41846
1.87963
2.18114
1.4643
1.09512
1.16893
1.82615
2.41188
1.98148
1.78139
2.01571
1.37506
1.41304
1.42193
1.75022
1.25833
2.41331
1.63536
1.62209
0.941316
1.62531
1.5011
1.77715
1.33593
1.37856
1.45598
1.91664
2.13475
1.88954
1.14442
1.5456
2.07645
0.72966
0.887738
1.6242
0.661805
1.8058
2.05809
1.41098
1.94396
1.87044
1.25689
1.72164
1.33599
1.31214
1.13282
1.42739
1.94924
1.13626
1.49932
2.11911
1.14878
1.20437
1.23802
1.47838
1.43007
1.44744
2.41105
1.85322
1.10162
1.02999
1.54378
1.49645
0.934619
0.6243
1.56716
1.19083
1.26566
1.40234
1.72086
0.914359
1.06873
1.85458
1.73932
1.74768
1.28354
1.48542
1.63689
1.59387
1.34929
1.95504
1.27072
0.876254
2.15535
1.65923
1.64637
2.09151
2.17225
1.94337
2.21831
1.36458
1.71636
1.96959
0.711314
1.20372
1.63325
1.47995
1.14635
1.15606
2.00074
1.59998
0.933929
1.54546
1.43212
1.00414
2.10933
1.29447
1.10451
1.55444
1.29295
1.33679
2.35625
2.05832
1.44242
1.98827
1.51064
1.29986
2.20092
2.4346
1.83156
1.25198
1.35917
1.39236
1.45635
0.885557
1.93761
1.75159
1.58654
1.16807
1.93564
1.92078
1.55105
2.11703
2.21527
2.27328
0.488908
1.57757
1.41563
1.13965
1.14968
1.63764
1.42329
1.68948
1.70109
1.28494
1.85325
2.1517
1.34942
1.75588
0.939866
2.25382
1.42638
0.807364
1.20627
1.89402
1.63808
1.08277
1.37799
1.64487
1.32671
1.59772
2.03281
1.4448
2.52618
2.27595
1.09696
1.42909
1.39835
1.40915
1.46992
1.69968
0.676442
1.47826
1.87887
1.02574
1.30498
1.69145
1.78658
1.94416
1.00558
1.40344
1.56427
1.07093
1.45543
1.98884
1.6668
1.37578
1.32211
1.19493
1.53646
1.46869
1.8272
0.748152
1.16678
1.30006
1.72849
1.81512
0.697169
1.45608
1.35932
1.46611
0.989161
1.32696
1.84168
1.66928
1.77706
1.08387
1.29846
0.948675
1.3059
1.69145
1.95227
0.952457
1.20843
1.66258
1.99305
1.19113
1.10229
2.76349
1.05433
2.03962
1.26835
1.19529
0.948085
1.97834
0.845925
1.10644
1.23098
1.40162
1.73561
2.16327
0.474811
2.24097
1.19035
1.6561
1.09525
1.41443
1.21599
1.47458
1.38693
1.03566
1.53685
1.44593
2.5963
1.42076
1.52885
2.45673
1.11309
1.50254
1.3527
0.86873
0.724807
1.67714
1.24505
1.70197
2.21828
1.5385
1.73794
1.30685
2.11254
0.871652
1.55601
2.1258
1.81254
1.06355
0.868388
2.33985
1.31282
1.44048
1.97271
1.22164
1.61543
1.39875
1.97862
1.46943
1.4797
1.75296
2.62487
1.05524
1.76177
1.22258
1.86774
1.52005
1.87978
1.69625
2.04661
1.879
1.97244
1.4518
0.992752
1.38473
1.76319
1.32313
1.43724
2.17322
1.62129
2.25723
0.897231
2.06591
2.20196
1.72738
1.57278
0.50465
1.99148
1.07031
1.1472
1.38828
0.792314
2.06019
1.12578
1.13931
2.25371
1.78183
1.6738
2.2309
0.584758
0.683967
0.752661
2.46108
1.94339
0.927104
0.818325
2.17924
1.17887
1.76476
0.953534
0.914375
1.46708
2.44196
1.69206
1.31282
1.60794
1.63515
2.6503
1.76912
1.09964
0.94149
1.89157
1.26298
0.984647
0.747746
1.68472
1.65414
1.33541
1.39918
1.66061
1.40104
0.786407
2.40401
1.13114
1.4636
1.82064
1.36288
1.75556
1.53188
1.1743
0.936773
2.12083
0.870216
1.49757
1.38389
1.4146
1.48285
1.79703
1.19495
1.19282
1.08532
1.28271
2.00304
2.07695
1.91397
0.753919
2.036
1.30997
1.9151
0.785504
0.902931
2.25502
1.74173
1.18377
1.88031
0.805016
1.30112
1.59341
2.20473
1.70009
1.58792
1.4785
1.89788
1.20575
1.29821
2.59903
1.47384
2.26792
1.55059
1.2403
1.98692
1.22794
1.08989
0.874568
1.6136
1.38565
1.06787
0.637943
0.746491
1.32247
1.60663
1.67803
1.27079
1.53572
1.92398
1.1726
2.03758
1.82467
1.30259
2.20236
1.90356
1.22229
1.0202
0.940962
1.1839
1.06017
2.35472
2.29958
2.33614
0.785856
1.68893
2.09584
0.903573
1.77673
1.42366
1.79865
2.01412
1.51377
0.920139
0.87118
1.57519
1.22013
1.71621
2.05146
1.15471
1.79541
1.82999
1.95036
1.88098
1.77048
1.06585
2.41985
2.61417
2.34855
2.47094
1.37602
1.52005
1.30581
1.777
2.6895
1.8145
1.53398
1.54034
1.13195
1.48524
1.77248
1.58245
2.29295
1.46618
1.74703
1.45395
1.37285
2.43959
1.2124
1.2047
1.7024
2.36069
2.01975
1.1066
2.0796
1.72844
1.44141
1.97839
2.0076
1.78807
0.702208
2.13875
1.56768
1.82549
1.64869
1.90414
1.86494
0.56412
1.30239
1.57147
0.99515
1.2982
1.92056
1.8865
2.10833
2.32773
1.94343
1.497
0.959287
1.77109
1.59506
1.56408
1.93584
2.24943
2.25484
1.12273
2.66897
1.58502
2.25779
1.72763
2.11067
2.25141
0.821729
2.01664
1.94507
2.32993
1.34907
1.58824
2.61294
1.61176
0.70724
2.07784
1.36138
1.06955
1.52843
1.34563
1.50462
0.845878
0.859685
1.81443
1.54345
0.995519
1.66783
2.34135
2.34786
0.871982
1.35921
1.19782
1.69554
1.39227
2.39812
2.28372
1.53252
1.5776
1.41971
2.47367
1.50893
2.43989
1.78023
1.73013
1.85634
1.43787
1.27675
1.43577
1.56616
1.12547
1.67444
1.83845
1.40333
1.3887
1.42798
1.1692
1.70517
1.89134
2.19569
1.4804
1.33185
1.81602
2.11238
1.71282
1.52525
1.58459
2.109
1.35102
1.3641
1.14198
1.45755
1.54839
1.85401
1.31479
1.3517
1.16681
2.0238
1.50283
1.649
1.22703
1.86029
1.65632
2.54753
2.07784
2.14703
2.0924
1.46333
1.76663
1.50113
1.08837
1.72441
1.32366
1.21124
1.98036
1.37362
1.97516
1.66953
1.20562
1.8149
1.82928
1.13676
0.828608
2.10705
1.94455
1.67183
2.07223
2.54915
0.964492
2.3677
2.26783
1.48864
0.857978
1.60889
1.13307
1.14043
1.55578
1.37198
2.5871
1.68156
2.65581
1.75389
1.83408
2.44048
1.22288
1.92443
0.958764
2.3756
1.23709
1.30055
1.85497
1.47997
1.51682
0.765685
1.73502
1.17309
1.50511
0.722182
1.76482
1.78527
1.31187
1.18602
1.5258
1.77954
0.296512
1.89588
2.37582
1.17405
1.53704
0.980468
0.833186
0.856244
0.976121
1.6279
1.39447
1.8898
1.55312
2.58807
1.56147
1.48445
1.43882
0.926108
2.28002
1.65399
1.32064
0.972932
2.40599
0.896126
2.24149
1.58099
1.60938
0.872423
0.745793
1.76691
2.81632
1.13136
1.31465
1.52586
1.36335
0.925725
1.90063
1.20673
2.29304
1.48564
1.57947
2.15572
1.78692
1.3833
1.95676
1.48759
1.55584
0.785474
1.68742
1.4766
1.39772
1.8687
0.821264
1.55889
1.59863
1.72059
1.82354
1.07406
1.43007
1.48932
1.62397
0.870218
0.999277
1.808
2.49485
2.43857
2.48719
0.853431
0.898022
1.11636
1.98662
1.59988
1.82165
1.43414
2.32504
2.03703
1.83531
2.0995
0.83742
0.77901
1.41534
1.30168
1.7171
1.7952
1.68948
1.17521
1.629
2.47165
2.30147
1.79384
2.07604
1.26682
1.58306
1.71445
1.04697
2.45048
2.12431
1.75486
1.54305
1.93669
1.73588
1.713
1.83335
1.37307
1.11435
0.44677
1.56237
2.35666
1.16348
1.02603
1.64395
1.58172
1.68211
1.56576
1.13218
0.883623
2.13251
1.33523
1.44187
1.78467
1.46705
1.67705
1.58773
2.14776
0.904521
1.47065
1.33729
0.851745
0.569276
0.755791
1.62273
1.59417
1.48809
1.30153
2.21339
2.03699
2.0546
2.1281
2.09948
2.06456
1.64254
1.29656
2.02635
1.47458
1.55187
0.943188
2.04213
2.29194
0.838173
1.41075
0.898573
0.861456
2.46289
1.02514
0.8955
1.44802
2.20698
1.99563
2.15863
2.14917
1.36213
1.75851
1.43426
2.08052
2.24342
1.81648
1.7619
1.63095
2.42502
1.149
1.49749
1.48005
0.908024
1.84487
2.15823
2.47755
1.37612
1.47556
0.917658
1.98411
1.44372
1.79203
1.61909
1.45229
1.51889
1.14273
2.20599
1.92245
1.19582
0.476887
1.43617
0.930652
1.52177
1.96431
1.85106
1.68758
2.14499
1.63033
1.44079
1.9654
1.37757
1.68033
1.17799
1.17055
2.27783
1.01237
1.42242
1.91375
1.54408
0.807976
1.24379
1.99191
2.10176
1.30783
1.84288
2.036
1.22462
1.52562
1.52158
0.743347
2.45821
1.66801
0.992616
1.4785
1.45195
0.794784
1.54027
1.03707
1.54632
1.29187
1.84041
2.253
1.62915
1.72361
0.531738
1.79539
1.27055
0.785289
1.90628
1.60349
1.74756
1.74285
1.61513
1.67339
1.59057
0.78195
1.22903
1.74317
1.59161
1.7622
1.5849
1.09422
1.21625
1.24164
1.14468
1.82647
1.84605
1.63584
2.02095
1.50382
1.83509
1.21192
1.04463
1.41542
0.978267
1.74167
1.69397
1.64484
1.51278
1.37176
1.56201
1.19605
1.46963
1.607
1.27908
1.53734
1.05695
1.9331
1.582
1.37455
1.48977
1.65448
1.2109
2.23045
2.05213
0.903192
1.53036
2.22175
1.49449
1.64508
1.86519
1.17504
1.88445
1.33852
1.1563
1.39081
2.32799
1.38025
2.31313
1.00786
1.8399
1.49659
1.99851
1.33498
1.65644
1.17458
2.13462
2.03942
2.04379
1.99446
1.29123
0.811894
1.31616
1.11676
1.15468
1.36637
2.56159
1.71189
1.52572
1.33616
1.65047
1.73208
1.328
1.33911
1.23086
1.66545
1.87228
1.36371
1.62623
1.60929
1.46013
1.85839
1.00842
1.69489
1.96286
0.626339
2.49796
1.37876
1.90636
1.3553
1.45099
1.89312
1.6216
2.34626
2.75638
0.730764
1.53777
1.78171
1.74198
2.33137
1.9212
1.71664
1.10046
1.32145
1.2045
1.29829
1.39009
1.70838
2.06656
1.85837
2.27028
2.46865
0.797912
2.29378
2.09152
2.17991
1.88817
1.93526
1.45063
0.956606
1.6172
2.03368
1.51804
2.06088
1.62047
1.37883
1.6498
1.92719
2.55577
1.65063
0.899093
1.39131
1.04835
1.1592
1.49474
2.46833
2.18382
1.88266
0.95162
0.758121
1.66726
1.53139
1.45014
1.02279
2.08102
1.77597
1.40171
1.46231
2.15219
1.65911
1.74102
1.0005
2.05709
1.84322
1.85305
2.01454
1.5252
1.59228
2.14407
0.54503
1.23293
1.75324
2.0034
1.85462
1.76866
1.43855
1.45143
1.35811
2.12085
1.52497
1.99182
1.66524
1.43691
1.40657
2.69595
1.422
1.80728
1.90175
1.29602
1.29089
0.63754
2.41893
1.32284
1.10108
1.50523
1.82903
2.53668
2.47057
1.65274
2.46273
2.30476
1.54919
1.19773
2.3437
1.72126
2.17675
1.34795
0.896901
1.6324
2.07442
1.76482
2.27648
2.30009
1.7196
1.34391
1.85253
2.04526
1.44374
1.11098
1.16595
1.57058
0.730321
1.44804
1.53606
2.53198
1.42826
1.13184
1.77316
2.00133
2.39701
1.99645
0.789415
2.30979
1.93305
1.98901
1.32461
2.1756
1.58081
1.02561
1.9293
1.56927
1.99972
1.87877
1.68457
1.82363
1.22141
1.29971
1.57548
1.56419
1.65035
2.09728
1.9101
1.54788
0.566691
1.02524
1.10652
1.94118
1.41254
1.15525
1.3467
2.03826
1.65531
1.06519
1.03898
0.905329
1.07794
2.18784
1.61508
2.04534
2.01005
1.03717
2.389
2.17742
1.53459
1.94679
1.51162
1.16599
1.74653
1.46505
1.29669
1.7138
1.31591
1.59237
2.19359
0.930676
1.56495
1.52323
1.42828
2.30005
2.4174
1.69096
1.30074
1.48392
2.34115
1.27768
0.891039
1.35291
2.53672
1.26061
1.75889
0.949648
2.31949
1.11797
1.61078
1.27726
1.59356
1.26042
1.54992
1.76974
1.03862
1.5968
0.910515
1.0613
1.27091
1.38248
1.34569
1.87396
1.2281
1.7016
1.79601
0.690588
2.23381
1.7916
1.63203
2.09052
2.41561
1.66799
1.53635
1.92161
2.11132
0.957654
1.61645
1.3399
1.95365
1.33152
2.19999
1.75513
1.21045
1.74839
1.34726
1.6672
0.937653
1.15243
1.40914
1.27863
1.15499
1.59253
1.83999
2.04182
1.4483
1.21638
1.38845
1.73684
1.33182
1.43814
1.88982
1.20215
1.21012
1.05994
2.17293
1.75901
1.2221
2.60904
1.01115
1.78144
1.88631
1.45002
2.04603
1.8756
2.01238
2.03841
1.51278
1.26069
1.52335
1.53575
0.912972
2.04874
1.77058
2.04312
2.32241
1.67965
1.58725
1.33243
2.10185
1.69282
1.65121
1.01552
1.45119
1.46752
1.65166
1.3015
2.15461
1.59872
1.56169
1.69948
1.91872
2.1579
1.06775
1.60031
2.05999
1.68746
1.06753
2.30536
0.881859
0.756383
0.830921
2.15981
1.6751
2.12404
2.36881
1.18959
1.22123
1.26305
1.24048
1.37434
1.03613
1.02324
1.56366
1.7958
1.14463
0.711684
1.34093
1.22002
1.08844
1.18957
1.86189
1.23788
1.75607
0.667111
1.99366
2.16721
1.40747
2.34534
1.48959
1.95928
1.44941
1.45798
1.61341
2.07261
1.6084
1.26944
0.696148
1.13738
2.3588
1.49648
1.45494
1.51963
0.765953
1.40608
2.27177
1.84288
1.88872
2.18399
1.90201
2.05863
2.36077
1.59001
1.58245
1.78107
1.96689
1.491
0.862335
1.68918
2.60044
1.61042
1.56246
1.59976
1.24351
1.88275
1.42045
1.85266
1.28073
2.28413
1.99569
2.01689
1.88973
1.39786
2.40634
1.19527
2.18901
1.80404
1.00978
2.26539
1.49183
0.994575
2.31705
1.65516
1.83531
1.29827
1.11767
2.06675
1.84256
1.33473
1.80028
1.51785
0.98772
1.71596
1.83334
1.91755
1.37641
1.385
1.85198
1.6724
1.4631
1.83807
1.51101
2.24875
1.70822
0.872783
1.48716
1.94914
1.2524
2.03431
1.97204
2.12455
2.2559
1.10396
2.16352
1.59573
0.735447
2.17343
1.65053
1.66493
0.949582
1.83882
1.56079
1.81441
1.18839
2.29054
1.42273
0.563631
1.47427
1.28205
0.670793
0.50299
1.92203
1.95066
1.86743
1.26208
1.09416
2.31146
2.51874
1.08023
1.66272
2.40759
1.62667
1.51981
1.43146
1.75588
1.64864
2.12509
1.77086
1.15869
2.29648
1.32562
0.772708
1.01382
1.58264
1.79465
1.44092
1.43926
1.84066
1.56625
2.17661
1.33648
1.38999
2.33093
1.81622
1.22748
1.83111
1.51137
1.41538
2.23883
1.51043
2.09095
1.35917
1.22603
1.50515
1.86555
1.3425
1.59674
1.45513
1.80613
1.28398
1.91126
1.36328
1.32731
1.09882
1.81565
0.803316
1.55071
1.32102
2.05037
1.12597
1.10237
1.54168
1.23932
2.35519
2.38425
2.0517
1.56842
1.79277
1.81007
1.71405
2.04967
1.54038
2.1555
2.07233
0.692986
0.976119
0.763234
2.11438
1.96515
1.35124
2.1663
0.533428
1.07421
1.33542
2.20423
0.95153
1.70068
1.51434
1.06153
1.6818
1.69594
1.53124
1.79979
2.14089
0.941163
2.07641
2.22415
1.94802
2.02199
1.38392
1.8327
1.45374
1.77354
0.950639
1.5907
1.20064
1.07231
1.65715
0.823166
1.26566
0.402259
1.35119
1.48083
1.58661
2.38472
0.904826
1.46139
1.90732
0.648579
1.75556
1.13204
1.77433
1.47912
1.61292
1.42221
1.23199
1.92015
2.32256
1.76756
1.35442
1.75957
1.21695
1.67824
1.60671
0.936419
1.26813
2.40493
1.18867
1.26042
1.25511
1.23398
0.850105
1.60788
1.26013
1.12658
1.49847
2.80095
1.70246
1.53429
1.61708
1.86985
1.24236
1.56115
1.61152
1.12211
0.905468
1.18916
1.55706
1.07919
1.93506
1.826
2.45425
1.53012
1.51075
0.596431
2.28244
0.921513
1.2539
1.90311
1.88271
1.42884
1.4136
1.1112
1.53166
0.824041
1.22508
0.948961
0.902883
1.73381
2.16403
2.32382
1.36974
1.86583
2.02373
1.75966
1.06308
2.02367
1.42545
2.12534
1.29947
1.66799
1.12475
1.3141
1.37204
1.37643
1.84345
1.49131
1.38098
2.66105
1.12501
1.9154
2.21832
1.62661
1.89982
1.43808
0.893486
1.25553
1.31011
0.878549
1.34586
1.35796
1.46102
1.23328
2.29414
2.10017
1.62307
1.98791
1.56488
1.68512
1.08796
1.40196
1.24242
2.08015
0.880712
1.63967
1.58671
1.69375
1.60956
1.60321
1.59808
1.70659
1.10087
1.4981
0.255334
0.491245
1.92059
1.04255
1.27935
2.06546
1.25246
1.09882
1.34544
0.938974
1.59894
1.86873
1.89767
1.61351
2.24528
1.86165
1.19413
1.50606
1.41915
2.08085
1.17392
0.710451
1.72572
1.95763
1.04205
1.02247
1.9127
1.79458
2.357
1.51492
1.32329
1.83073
1.85996
2.14642
1.05603
1.84808
1.49192
2.26038
1.64643
1.16099
1.5162
1.37267
1.75721
1.38665
1.77594
1.0678
1.85332
1.84916
1.433
2.19219
1.26001
1.27328
2.10391
1.62699
0.954295
1.73758
1.87209
1.25702
2.22736
1.29827
1.46086
1.49486
1.31459
1.65304
1.41465
1.65872
2.13358
2.14269
2.03963
1.31617
1.07867
0.986402
1.21689
2.00429
1.77024
2.17925
1.67927
1.84459
0.767091
2.37839
1.4123
1.27956
1.74347
1.47954
1.99791
2.43745
2.0579
1.54559
1.77104
1.47439
1.85984
1.3199
1.32259
1.33862
1.89534
1.09985
0.883159
1.96999
1.7619
1.81935
1.3636
1.6527
2.28476
1.39342
1.24959
2.24606
1.58616
1.9766
1.49033
1.44449
1.77179
1.01007
1.89339
1.58609
1.59981
0.929415
2.40205
1.48132
1.26365
1.49614
1.55108
0.646483
1.63474
1.28077
1.99831
0.765078
1.01719
2.02499
1.48641
1.7727
1.47967
2.12365
1.44768
2.441
2.46192
1.1029
1.48292
2.25754
0.942783
1.3528
1.33431
1.70653
0.986179
0.559337
1.98541
1.7458
1.59167
1.96049
1.20893
1.2667
0.579671
1.30561
2.16319
0.924239
0.871838
1.43107
1.8058
0.760562
1.57733
1.1381
1.52723
1.03659
1.5436
0.776317
2.44833
1.80474
1.05312
1.67462
0.783581
2.01084
1.74266
2.45182
1.37319
1.35489
1.39075
1.10598
2.19998
1.37848
1.49112
1.62233
2.21274
1.66451
2.3612
1.81847
1.98586
1.48083
1.61428
0.729561
1.61536
1.69951
1.2912
1.30731
0.717278
1.73876
1.40865
1.29846
1.47537
1.43642
1.32045
1.96496
2.23314
1.55938
0.601774
1.4181
1.82527
1.65077
1.95843
1.60869
1.18959
1.71084
1.64475
1.4661
1.16846
1.85469
1.21534
0.921684
1.5896
1.3385
1.58618
1.3225
1.28943
1.65476
1.60981
1.9228
2.258
2.03705
1.46943
2.63245
2.01234
1.61219
1.26458
1.27336
1.31172
2.34947
1.81564
1.37335
2.04221
1.75761
1.75574
1.89267
2.35032
1.76992
1.67886
1.30871
1.31339
1.93374
1.23448
1.683
2.04021
1.18699
1.33532
1.36213
1.50642
1.14093
1.62698
1.45438
2.31684
1.88131
1.68749
1.77017
0.887429
0.992794
0.816638
1.47783
0.788104
1.2122
1.00765
0.854273
2.26949
1.67284
1.85246
1.99566
1.50301
1.80129
1.23603
0.646251
0.976781
1.4663
2.19135
2.04308
1.63022
1.10655
1.50982
2.41241
2.05155
2.21398
1.59704
1.76149
2.20778
1.48984
1.63988
2.04638
1.80536
1.53884
1.33447
0.75835
1.10245
1.2905
1.57645
1.49131
2.20823
1.41468
1.11302
1.66125
2.35477
1.63321
1.68859
2.61059
2.22289
1.64429
2.1027
1.17488
1.50666
1.4382
1.46384
2.14795
1.80731
2.59389
2.16909
1.25927
1.23922
1.37923
1.44522
1.50947
2.1727
1.27442
1.27901
1.27481
2.43178
2.4898
1.41755
1.80236
2.16526
1.63236
1.52277
1.98995
1.37937
2.10301
1.77335
1.30913
1.96877
1.99624
1.94302
1.24584
1.85958
0.866993
2.2305
1.45094
0.439819
1.05512
1.54843
1.52734
0.856088
1.50569
1.64475
1.61232
1.14918
1.01933
1.17056
1.45226
1.41204
1.28652
1.99245
1.66055
1.81677
1.17551
1.83623
1.8845
2.43418
1.65751
2.37147
1.88643
1.87234
1.6175
1.79916
1.72713
1.46215
1.43029
0.925173
1.247
1.27784
1.38894
1.23202
1.9378
1.53264
1.68962
1.35048
1.24725
1.35542
1.32352
1.59137
1.84579
1.90727
1.17322
1.92725
1.38218
1.67629
1.76109
1.30422
1.883
0.719806
1.18566
2.01548
2.23642
1.6501
1.46255
1.40227
1.06696
1.6055
1.21806
1.60413
1.42964
0.968996
0.938767
1.45962
1.02472
1.83228
1.41234
2.24819
1.22087
0.953836
1.07844
1.93285
2.22615
2.28832
2.58796
0.993883
1.6397
0.966739
2.18109
1.56562
1.83124
1.43697
1.80693
1.79787
1.75733
1.43728
2.38446
0.982783
0.972957
1.67576
1.49229
2.07092
1.40951
1.21266
1.45874
2.64777
1.71479
1.2377
2.13795
2.14434
1.66671
2.43192
1.73626
0.779798
1.71701
2.03232
1.21748
1.68979
2.20673
1.29775
1.76022
1.09703
1.34938
1.85806
1.75081
1.63701
2.02812
1.53362
2.3345
2.33068
2.21097
1.45082
1.44172
1.82894
2.25679
1.96047
2.51428
1.92792
1.24074
1.65311
2.08154
1.61085
1.88189
1.67407
1.74988
2.27311
0.823698
2.05958
1.77117
1.21657
2.64302
1.30852
1.05123
1.75374
0.950359
1.49841
1.32794
1.8912
1.44522
1.57489
1.54553
0.948801
1.03813
1.80687
2.20772
1.55923
1.50241
1.62933
1.36961
1.06635
1.03472
1.85335
2.25313
0.785938
1.49105
1.56951
1.98129
1.95862
1.89055
1.56964
1.19229
0.541545
1.25906
1.72633
1.10601
1.97885
1.66802
1.35917
1.81928
1.43913
2.11076
1.35354
1.7478
1.43762
1.93408
0.873584
1.1342
1.61164
2.08903
1.34425
1.29478
0.726541
1.70437
2.20738
1.5085
1.97317
1.37654
2.06192
1.7259
0.97324
1.33936
2.08207
2.15293
2.11543
0.87523
0.966074
2.01484
1.17894
2.13133
1.94435
1.56835
1.27598
0.798803
2.19151
1.83427
1.45604
2.35158
2.12711
2.0833
1.83973
1.59128
1.68988
1.49966
1.86378
0.780054
0.893304
2.35635
2.25432
1.89839
1.14955
1.53707
2.10041
0.867469
1.48991
1.45518
1.78987
1.46924
2.44638
1.18139
0.897413
1.03088
2.0834
1.52913
1.97343
2.49684
0.573697
2.37672
1.06893
1.26561
