1.20606
0.773015
2.4404
1.48824
2.69955
1.5093
1.82805
1.46958
1.09542
1.78376
1.67714
1.37971
2.438
0.732754
1.96064
1.79844
1.98513
1.28013
0.727034
1.6253
1.47329
1.62349
1.9798
1.97469
1.84745
2.18411
2.75242
1.58711
1.48726
1.79562
1.57339
1.37509
2.06385
1.50244
1.4823
1.95046
2.22398
1.20208
1.81697
1.40254
1.78214
1.53783
2.43431
1.16245
1.66913
2.15469
1.87121
0.924646
2.35064
1.43624
1.25336
1.54522
1.47746
1.57992
1.28346
1.8313
1.09271
1.33002
2.5215
1.8021
1.99479
1.69938
1.03902
1.51706
2.29923
1.84711
1.21051
1.15375
1.18284
2.61756
1.66839
1.50455
1.55754
1.45351
1.40029
1.19159
1.59814
1.67542
0.49107
2.03638
1.6287
1.54247
1.71164
1.08954
1.85272
0.606062
1.00297
2.33951
1.53898
2.05288
1.7242
1.26989
1.77951
2.51223
2.01542
1.30498
1.62239
1.37368
1.59723
1.36874
1.17964
1.47773
1.48138
1.87842
1.57708
1.8874
1.18495
1.57096
0.921977
1.37655
2.36942
2.38837
1.50416
1.5614
1.99816
1.24332
1.94862
1.30463
1.51164
0.43299
1.91677
1.21911
1.41186
1.23848
2.52532
1.73795
2.30634
0.820917
1.13609
1.58888
2.11796
1.32542
1.51807
1.11736
1.43314
1.14909
1.30903
1.74399
1.33456
1.73267
0.946907
1.41483
1.09531
1.06164
1.64227
1.32696
1.36663
2.28138
1.82437
1.35851
1.53618
1.48962
1.2011
1.1862
1.56106
1.17487
0.964873
1.30152
2.15138
2.21475
1.82757
2.02978
1.39072
1.44761
1.83273
1.42315
1.0227
1.15872
1.6814
1.59924
1.36054
1.3976
2.37357
0.644405
1.95487
1.60148
1.02689
2.03773
1.33659
1.0078
1.06961
1.4126
1.65666
1.82865
1.6694
1.18037
1.66202
1.566
1.39707
1.34827
1.54687
1.72732
1.25971
1.40252
2.21835
1.62939
0.862948
2.34552
2.16255
1.55151
2.30056
1.50901
0.969328
1.48151
1.28004
1.87163
1.24126
1.14764
1.22813
1.52864
1.84901
0.719359
1.39317
1.46261
2.39818
1.55691
1.4796
1.7953
0.672569
1.28
1.52839
0.818888
1.488
1.39205
1.97459
1.7116
2.20227
2.03998
1.61271
1.7902
1.68371
1.28035
1.64807
1.56001
1.10369
1.2318
1.63694
1.55302
2.20107
1.37058
1.32385
2.23624
1.37443
1.09546
1.55789
1.24918
1.84882
1.03189
1.57675
2.11062
2.00396
1.91023
1.71732
0.896291
1.26796
1.90934
1.16745
1.21344
2.06778
0.596311
2.32253
1.26349
0.757038
0.986336
1.53215
0.725983
2.03236
2.31224
1.73579
2.04915
1.22635
1.30497
1.18347
0.771053
2.07476
1.70259
1.76762
1.67904
1.22683
1.92322
2.0833
2.03578
1.38954
0.943832
1.80958
0.991354
1.00016
1.51681
1.09202
1.78435
2.1588
1.4921
1.32432
1.79897
2.06026
0.852452
1.65188
1.59766
1.67045
1.43035
2.51579
1.31796
2.09097
1.51843
2.86548
1.60382
1.94055
1.77128
1.80403
1.62863
1.3358
1.61842
1.59679
0.818163
2.43102
1.80133
1.35139
1.09451
2.24626
2.06791
1.0857
1.91398
1.58019
1.41186
2.46897
1.40472
1.35576
1.96422
2.86576
1.29047
1.38854
1.79664
0.925608
1.71713
1.53447
0.820562
2.00567
2.54655
1.84408
1.18767
1.72723
1.06601
0.884193
1.0555
1.69283
1.52244
1.57666
1.09736
1.99191
1.61274
1.06361
1.20751
2.14163
1.37633
1.794
1.59897
1.89544
1.62527
1.32908
1.40563
1.33673
1.68016
1.3402
1.46857
1.47587
0.550318
1.95783
1.80869
1.40327
1.35258
1.51532
0.92668
1.91125
2.11725
2.07834
0.481312
1.01777
1.33717
1.25792
2.31307
1.1172
1.66698
0.872914
1.10031
0.901882
0.935183
2.11496
0.956192
1.98328
1.18436
1.84437
2.65049
1.18694
1.67919
1.05437
1.57805
0.615312
1.60156
1.62154
1.18561
1.55212
1.55493
1.35001
1.45789
1.42557
2.16798
1.93725
1.36516
1.10627
1.57006
1.54321
1.5046
1.9055
1.13609
1.1385
2.19585
2.15219
1.01109
2.02561
1.56195
1.58465
1.15122
1.53789
1.83338
2.07436
1.5313
1.58874
1.81595
2.0764
1.76457
1.65574
0.982094
2.13597
2.12333
1.64496
2.86272
1.37689
0.837104
2.0205
1.94841
1.30172
1.64355
1.54113
1.59032
2.67719
2.53131
1.48605
1.98387
2.41686
2.18888
0.934742
0.954334
1.99483
2.11305
1.92254
1.46691
1.55404
1.8254
1.46538
2.29412
1.71908
0.975086
1.748
0.861596
0.894639
1.63176
1.31405
2.44508
1.80348
2.20066
1.31913
1.80348
1.62194
2.42349
1.42298
2.03679
1.31621
1.3731
0.861648
2.09998
1.7146
1.96685
1.32869
1.54154
2.44473
2.54531
1.49511
1.53698
1.70777
1.56903
1.57366
1.16618
1.85831
1.4058
2.14864
2.21295
1.61298
1.3997
1.71146
0.975669
1.43094
1.57867
1.71232
1.50814
0.729542
1.1079
1.18237
2.21642
1.08992
1.49357
2.14193
1.76058
0.760943
1.22644
1.56401
1.59794
2.15849
0.93996
1.68228
1.71724
1.2315
1.09189
1.26093
1.26228
1.56481
2.28762
2.28107
1.41441
1.35629
1.67709
1.2837
1.44947
1.05978
2.29168
0.959586
1.07454
2.67388
1.36326
1.54974
1.92707
0.958438
1.23786
1.50881
1.69465
1.14601
1.50268
1.23724
1.69416
1.05132
1.67609
1.42665
1.65932
1.67655
1.95184
1.76041
1.03669
1.71682
1.2141
0.942027
1.59048
0.558043
1.91716
1.51052
1.47918
1.81146
1.46409
2.2919
1.48647
0.770086
1.15229
1.01814
2.1563
1.32253
1.34419
1.69705
1.60666
1.04307
1.92291
1.26644
1.30726
1.59375
2.11099
1.27478
1.48814
1.58786
0.753032
1.47823
1.36353
1.0363
1.2446
1.92561
1.46252
1.28665
1.88195
0.80217
2.48657
1.81268
1.46599
1.82553
1.60938
2.03508
1.1238
0.931126
1.23073
1.2503
2.35584
1.39579
1.63181
0.925856
1.9981
1.31118
0.74262
1.52541
1.435
1.87848
0.949142
0.73686
1.48145
1.79985
1.61879
0.916516
1.78401
0.857542
1.07396
1.11933
1.56926
2.00003
0.990825
0.702534
2.06131
0.653842
2.11751
1.39732
2.05819
0.954894
2.10592
2.34812
1.82398
1.00686
1.73418
0.980451
1.22677
1.69963
2.3419
1.52641
1.3007
2.2172
1.03613
0.938576
1.405
1.53007
0.792429
1.53346
1.3914
1.85882
1.41585
1.71855
1.44965
1.63147
1.64355
1.41372
1.65231
2.04778
1.87871
1.52861
2.07786
2.05091
1.72115
1.62921
1.55719
1.69595
1.75259
1.3285
1.32781
1.398
2.26311
1.31422
1.58285
0.682663
1.95365
2.03555
2.06625
1.82376
1.37876
2.2961
1.54705
1.7523
2.26998
0.750378
1.08689
1.30194
1.32436
1.46243
1.54237
1.87304
0.706624
1.70366
1.70986
1.4188
1.34461
2.02855
1.04162
1.94449
1.79361
1.57916
1.50608
1.75406
1.09704
1.92743
0.931466
0.9927
2.04271
1.82146
1.27302
1.6596
2.11079
1.6114
1.61123
1.56604
1.92907
2.40702
2.60306
1.31396
1.62911
1.48451
0.777883
1.45518
1.43728
1.17495
0.890533
2.09221
1.81567
2.07336
1.5593
1.17657
2.07344
1.93463
1.66343
1.50335
1.12117
1.44442
1.48978
1.12526
1.53542
2.16582
1.74964
1.53856
2.18859
1.27532
1.83775
0.898104
1.61054
0.883234
1.97466
1.78424
1.22389
1.16427
2.06538
1.39593
2.25409
1.20378
1.42671
1.30425
2.12741
1.24796
1.3543
2.05905
1.6044
1.95086
1.57205
1.77397
1.37546
1.58679
1.9182
1.00719
1.81985
1.72704
1.38553
2.28709
1.81227
2.5817
2.61041
1.28977
1.63046
1.05128
1.8033
0.96204
1.26093
0.710432
2.11468
1.47078
1.18561
1.69639
2.5783
2.00902
1.63851
1.4207
1.48904
1.75404
2.57798
1.80017
2.22316
1.80751
1.85206
1.89825
2.29467
1.56709
1.02603
1.82354
2.13546
1.78333
1.27262
1.08603
1.03392
1.56207
2.04341
0.765097
1.43845
1.68345
1.08319
1.66462
1.66156
2.15857
0.842181
1.85439
1.44442
1.80793
1.05132
1.57156
1.77518
1.07114
2.12754
0.836246
1.2665
0.952303
1.8892
1.29792
1.66248
1.56993
1.43845
1.54656
1.60526
0.928769
2.4215
1.81158
1.79421
1.66364
1.74533
0.991608
2.10234
1.87746
1.13976
2.0645
1.74973
1.50783
1.68518
1.57264
1.04857
1.669
1.14977
1.66861
1.26176
0.999517
1.35704
2.20816
1.91831
1.28627
1.30846
0.561818
1.60419
1.34848
0.857558
1.53548
1.80741
1.88129
1.22281
2.30662
0.996804
2.66038
1.93576
1.88856
1.494
1.11675
1.8002
2.14202
1.62218
2.73948
1.40747
1.4801
1.50058
1.8764
1.19975
1.74923
1.88198
1.61434
1.84465
1.84288
1.98348
1.43266
1.57885
1.4897
1.11499
1.49524
1.40388
1.28647
1.9886
2.03511
2.17768
1.82316
1.19304
2.35612
1.10309
1.95263
1.33372
0.740143
1.84186
1.1895
1.97413
0.826117
1.27331
1.15532
1.65598
1.74929
1.6995
1.40982
2.3519
2.03221
1.63453
1.14039
1.03716
2.29924
1.04328
1.72396
1.84012
0.677615
1.42516
1.5148
2.28342
1.64404
1.52021
1.47323
1.89447
2.143
1.36107
1.91729
2.00861
1.53247
1.68494
1.41656
0.938644
1.65114
1.86423
0.681105
2.00431
1.66885
1.4518
1.27531
2.18801
1.85185
1.23657
2.3605
2.40929
2.08498
2.20216
1.83883
2.35719
1.46476
1.44451
1.37142
2.45698
2.01664
2.06337
0.993769
1.27685
1.93383
1.77724
1.69655
1.51064
1.71325
2.11337
0.86855
1.90273
1.24487
1.7736
1.1471
1.8285
1.69845
0.580079
2.06949
1.28761
1.76376
2.15908
2.15902
1.68355
1.00436
2.19241
1.25037
1.1891
1.98707
1.50881
1.93749
2.58779
0.656918
0.874399
1.27167
0.820847
0.862227
1.10218
1.69805
1.02135
1.75066
2.24949
1.53368
1.37509
1.41949
2.06997
1.24796
1.79702
0.673873
0.85091
1.72704
1.05113
2.00032
1.3774
1.18742
1.84111
2.19353
1.49253
1.85912
0.970176
1.76086
0.783228
0.930184
1.39775
2.04304
1.32951
0.66715
1.86055
1.75379
1.70493
0.770507
1.33201
2.74397
1.35561
0.968681
0.928494
1.44544
1.92919
1.2764
2.13869
1.27538
1.16371
1.03382
1.23014
1.30479
1.56625
0.930138
1.08099
1.42711
1.45036
2.17653
1.15011
0.933416
0.71335
1.34544
2.23241
1.61867
1.76868
1.67137
0.959952
2.25826
2.20783
1.99805
1.9455
0.894373
1.07585
1.66752
1.42224
1.43155
1.40834
2.09997
1.48392
1.89473
0.904241
1.47372
1.52891
1.59991
1.48478
1.34758
0.783774
1.8425
1.3862
1.29529
1.55236
2.36445
1.24467
1.4475
1.71621
1.71029
2.1474
1.05998
1.50896
1.83248
1.39255
1.00661
1.01713
1.20346
1.68357
1.80216
1.01108
1.39273
1.78936
1.40203
1.70028
1.53814
1.02952
1.46172
1.77114
1.20307
1.46513
2.16263
0.967128
0.700095
1.38603
1.72923
1.32426
1.25407
1.20516
1.66113
0.995012
1.18544
1.60419
0.958249
2.06047
1.08167
1.82676
1.53319
1.37335
1.11873
1.19881
1.29422
1.66079
1.58078
1.26823
0.895806
2.16952
1.8106
1.9594
1.07287
1.84633
1.54079
1.01904
1.12646
1.96684
1.00621
0.761337
1.45773
1.53917
2.13701
1.08684
2.03795
2.51348
1.31793
1.23622
1.63548
2.181
2.13625
0.945113
1.88365
1.69247
2.08771
1.61115
1.33422
1.15245
1.46464
2.19123
1.45236
1.11489
1.61971
1.61185
0.716755
1.98661
1.87564
0.97435
2.30515
1.44119
1.55662
1.88325
1.43095
1.97482
2.10941
1.6416
2.29633
1.30346
2.23225
2.0821
2.12013
1.88538
2.10011
2.32944
2.37191
1.76911
1.64524
1.4019
1.94003
1.84522
1.5851
1.25477
1.49308
1.76823
1.87331
2.04327
1.10899
1.46864
2.19192
1.45629
1.69563
1.58209
2.16477
1.56393
2.91506
1.17682
1.69373
1.81796
2.27831
1.80235
1.04238
2.38516
1.08709
1.55747
1.44986
1.0438
1.91519
0.87545
1.5174
1.38808
1.74229
1.22049
1.2219
1.76446
1.52812
1.67626
2.25944
1.21651
1.73273
1.87068
1.85109
1.75789
0.694967
2.16574
1.10153
1.52696
1.3897
1.34441
1.51076
1.42805
1.99801
1.7166
1.85471
2.28993
1.99013
1.12841
1.63071
1.865
1.06467
2.36717
1.32794
0.982084
1.57393
1.34068
0.909224
1.09492
2.09968
1.60669
1.54595
1.89341
1.29926
0.66104
1.0811
1.87906
1.40961
1.41642
1.73594
1.27933
0.64085
1.03081
1.93452
2.21242
1.81963
1.71579
1.25873
1.7225
1.13892
2.40068
1.71417
1.21997
1.96898
1.98295
1.28392
1.21669
1.95182
0.713487
1.52048
1.1421
1.5184
1.29091
1.84958
2.26517
2.48846
2.21754
1.92225
1.50914
1.8178
1.15595
1.29557
1.87206
1.1537
1.48775
0.969782
1.61411
2.0151
1.19712
0.78151
1.54491
1.63823
1.1653
0.539165
1.90279
0.758318
1.58374
1.63335
2.79575
1.22719
1.69895
1.66064
1.19158
2.42257
0.550989
0.69993
2.09808
1.8804
0.561979
1.64288
2.12304
1.92196
2.11582
2.16702
2.10401
1.60278
2.04847
1.63786
2.07998
1.59631
2.11006
2.48568
1.54553
1.20026
0.85554
1.52716
1.69139
1.37378
2.47243
0.792651
1.26253
2.08498
1.61048
2.19871
2.6242
1.21378
1.15482
1.15702
1.55165
1.34598
0.751598
1.21683
1.3388
2.22218
1.55035
1.28341
2.46588
2.35644
1.46809
1.3166
2.17828
1.28894
1.58502
1.56524
1.41298
2.32228
1.4097
1.84205
1.27806
0.817697
1.98308
1.63236
1.52005
2.3892
1.5272
1.51718
0.745923
1.80511
1.52067
1.95634
0.929763
1.29465
1.4713
1.25881
1.22181
0.472543
1.98683
1.60193
0.539532
2.28769
1.0039
1.17168
1.93558
1.13441
1.06527
1.24994
1.02642
1.54801
2.49726
1.49945
0.956991
1.88198
1.51688
1.6501
1.90472
1.23426
1.27232
1.0448
1.56219
0.868267
1.27599
1.80945
0.438567
0.940396
1.25873
1.52751
1.41403
1.20888
2.13945
1.51199
1.34291
1.46531
2.0445
0.953104
2.21121
1.58371
1.71361
1.92974
1.03868
2.15664
0.887977
1.44421
2.10993
1.47291
1.61121
1.28659
1.4123
2.0068
0.769395
1.62236
1.58221
1.49435
1.63425
0.811442
1.00755
1.30306
1.03202
1.34463
1.67591
1.92136
1.62948
1.76675
1.73684
2.03765
1.78722
1.85487
0.643428
2.12446
1.63554
1.99855
1.52205
1.62259
2.03416
1.53878
0.777655
1.24448
1.51465
1.30027
2.09973
1.87687
1.57759
2.38132
1.24106
1.61239
1.40268
1.25753
1.36606
1.27863
1.11775
1.28335
1.48285
1.59857
1.47819
2.11268
1.9397
1.53789
1.7478
1.85561
0.747488
0.763068
1.56604
1.72741
1.38941
1.10702
1.15152
1.44713
1.85831
1.40296
1.50128
1.54204
0.967586
1.54632
1.89286
2.1756
1.33893
1.38317
1.53912
1.37911
1.47339
2.44985
1.72936
1.32513
2.11387
0.864492
1.29253
1.4377
1.26364
2.27917
0.945098
1.02214
0.768995
1.61198
1.99249
2.07407
1.96766
1.27621
1.47121
1.0756
1.00125
2.31109
0.600906
0.832773
1.77398
1.53527
2.04157
1.85672
2.00921
1.21143
1.31286
1.8852
1.85417
1.69346
1.54882
1.5754
2.05647
1.88285
1.51581
1.28576
2.30964
1.59253
0.830159
2.04252
2.30326
1.2271
2.04199
0.77883
1.83997
1.59607
1.8687
1.09631
1.98354
1.43422
1.05339
1.1348
1.57341
1.47409
2.5545
1.7949
2.12394
1.21292
1.75294
1.3367
2.32886
1.6497
1.70905
1.72504
2.3528
1.88814
1.43611
1.49834
1.90753
1.58306
1.94206
1.27337
1.74929
1.67659
1.29129
2.66261
1.63395
0.574547
0.995305
1.01809
0.661628
1.53007
0.988457
1.54223
2.60906
0.782927
1.35226
1.4951
1.43765
2.27983
1.61298
1.75451
0.759626
1.42366
2.31659
1.0584
1.70665
1.50312
1.99166
1.37494
0.890564
2.21565
1.64349
2.40966
1.72795
2.04421
1.17461
0.970579
1.86885
2.145
1.56845
0.986617
1.21467
2.20465
2.03115
1.71012
1.66573
2.03273
2.03027
1.47691
1.29164
1.04628
2.01123
2.19817
2.23325
1.25426
1.94826
1.55346
1.31758
1.52487
1.57818
2.38899
1.3856
2.07108
1.6426
1.53853
2.10407
1.94639
1.33074
1.34419
1.95961
0.999671
1.31787
1.69214
1.69053
1.57403
1.00358
0.986217
1.56643
1.27621
1.8052
1.60126
1.49731
1.37437
1.76638
1.09957
2.26516
1.85181
1.79001
1.21407
1.53062
2.05577
1.53252
2.13283
1.76495
1.32667
1.83396
1.91904
0.845303
1.48432
1.27908
2.12678
0.978966
2.49784
1.52905
1.04772
2.45345
1.51926
1.65234
1.74006
0.93645
1.27302
1.64677
1.45432
1.46998
2.30745
1.68076
2.10003
1.18604
1.79097
0.982797
1.2504
1.71454
2.14294
2.03812
1.03545
0.908513
0.629599
1.26175
1.18197
1.76489
1.20847
1.652
2.56454
0.865776
1.54769
1.67069
1.43429
1.61512
1.24727
2.35433
2.06585
0.887149
1.96094
0.915804
2.25933
1.91849
1.91654
0.528705
2.08569
1.85319
1.77061
1.47182
0.997283
1.17538
1.70371
2.18449
1.67014
1.33485
1.53887
1.00845
1.45125
2.11942
1.51504
2.10885
1.41593
0.756658
1.99657
1.96463
1.47026
0.951623
1.52354
2.24992
2.33293
1.47489
1.87154
1.76445
1.55206
1.85086
1.79202
1.85468
0.708656
1.04126
1.43559
0.881527
1.43848
1.43336
1.79759
1.59417
2.4155
1.60352
0.967513
1.44884
1.2289
1.47231
1.09792
1.13878
2.00309
1.76628
1.17993
1.2302
1.99141
1.63499
1.19632
1.69629
1.18496
0.919886
1.70925
1.81764
1.9143
1.18066
2.22047
1.49476
1.90078
2.20389
1.01604
1.67278
1.78676
1.33391
1.39526
2.23898
1.35064
1.54134
1.97128
1.95243
1.76289
1.46427
1.53141
1.95098
1.49755
1.11591
2.07365
1.30125
1.94428
0.999662
1.0995
1.45088
1.4088
1.23891
1.55609
1.12233
1.88631
1.66223
1.78836
1.49155
2.57134
1.37451
1.26349
2.2324
2.5832
1.65866
1.48628
1.49082
2.31127
1.92431
1.35527
1.49932
1.66229
0.960934
1.26757
2.28429
1.94275
1.47697
0.829813
1.26087
1.39385
0.992758
1.37769
0.96723
1.48616
1.50504
1.22567
1.53972
1.67612
1.54076
0.890407
1.34654
1.70628
1.68036
1.60837
1.8174
1.22028
1.09696
1.13144
1.49167
1.45577
1.6091
1.55896
1.28856
2.48402
1.34726
1.20699
1.53563
2.15302
1.649
1.80468
1.35982
1.54872
1.53801
1.6581
1.77709
1.9321
0.533174
1.56842
1.77622
1.8781
1.21285
1.13851
1.19718
0.667352
1.00032
1.83976
1.66732
1.10709
1.57775
1.55604
1.45502
1.6569
1.56912
1.01496
1.48207
0.596509
1.68193
1.86305
1.91029
1.34664
1.11485
1.83632
1.65454
1.46759
1.62026
1.86172
1.56063
1.02963
2.05895
1.81535
1.40964
1.7592
2.23819
1.21996
2.16479
1.13074
1.70665
1.60547
1.99444
1.52659
1.72124
1.02521
0.916312
1.64413
0.774229
1.67836
2.70053
1.67315
1.66603
1.24243
0.842846
1.69262
1.34538
1.42304
1.06778
1.71109
1.06606
1.93406
1.42748
0.846763
1.9224
0.708584
2.25324
1.88721
0.914328
1.70191
1.53791
1.65138
1.68439
1.0812
1.94377
1.80706
2.31664
1.96281
2.20192
1.59378
1.65967
1.68045
1.48279
0.940803
1.05817
1.3656
1.1177
1.46553
1.57397
2.33388
2.32855
1.69367
2.26079
1.75562
1.86849
1.91521
1.34193
0.996428
1.64626
1.823
1.13817
1.4395
1.5901
1.97728
2.03816
1.0298
1.82158
1.31275
1.61363
1.76333
1.41832
0.934687
2.01954
1.39806
1.16198
1.29822
1.81227
1.50933
1.45666
1.31459
1.87055
2.35935
1.74936
1.52415
1.43285
1.38712
0.97102
1.60673
2.3863
2.2201
1.53706
1.67109
2.56547
1.45868
1.41868
2.58099
0.744702
1.91975
1.72868
1.32357
1.71682
1.37658
1.42557
1.49026
1.32861
1.6928
0.930322
1.32662
0.936827
1.33428
2.27334
1.91114
0.97571
1.63586
1.32196
1.60749
1.44774
2.05798
2.25266
2.15548
1.69852
1.60822
2.44227
1.42662
1.63805
1.6012
1.00788
0.712876
1.25048
1.61469
1.23105
1.31685
2.0944
1.62123
1.81963
2.05418
1.0518
2.335
1.69634
2.49674
1.92925
1.00588
1.59047
1.24235
2.10498
1.84037
1.98121
1.583
1.63903
1.30729
1.18814
1.07506
2.02592
1.13424
1.25303
2.1894
1.66683
1.72616
2.04169
1.41798
1.51443
1.29865
0.445239
1.3241
2.218
0.77879
1.34807
1.93108
2.19584
2.45586
1.24879
1.2388
2.20018
1.80455
2.17351
1.84669
1.07378
1.3607
0.797981
1.65711
1.92033
1.91291
0.525327
1.4415
1.75246
1.45401
1.21241
1.10217
0.943557
1.64065
1.2506
1.84764
1.78461
1.5396
1.09996
1.75721
2.11584
2.11382
1.5162
1.93272
1.53801
1.70375
0.746861
2.40828
1.36137
0.925778
1.64845
1.33751
1.38311
1.76361
1.09588
0.796135
1.89627
1.23712
1.11248
1.87254
1.63744
1.55297
1.1663
1.23993
1.18409
1.04714
1.26087
1.21813
1.2843
1.34018
1.28137
1.5294
2.39415
1.84694
1.53496
2.18791
2.12215
1.53508
1.50156
1.21293
1.4558
2.21225
1.36226
1.37005
2.04898
1.92696
2.2681
1.54345
2.23542
1.83288
1.49807
1.75593
0.894264
1.2659
1.5258
2.06407
2.54184
2.21169
1.01949
2.09438
1.10975
0.664187
1.55999
1.90835
0.927167
1.42236
1.40249
2.1303
1.1064
1.18969
2.17178
1.24615
2.09828
0.586348
1.78083
1.70874
1.97798
2.09958
1.24486
1.5755
1.5747
2.10769
2.14826
1.24938
1.89976
1.20379
2.36585
1.46633
1.47047
1.94622
1.46627
1.03769
1.5548
1.41574
2.01366
0.819952
0.965766
1.2168
1.42693
2.56026
1.72874
2.09919
1.19228
2.04511
0.670116
1.16765
1.79859
1.92593
1.74448
1.07706
1.53401
1.46716
1.86755
1.02729
1.59152
1.57348
1.69877
2.25437
1.74328
2.31822
1.00328
0.962813
1.58889
2.24491
1.46812
1.96264
1.25818
1.84377
1.50758
1.4597
2.50235
1.78546
0.754034
1.45442
2.14892
0.632081
1.66959
0.682556
2.01872
1.90641
2.13965
1.38336
1.84597
1.40098
1.79215
1.40883
1.16403
0.9681
1.28048
1.82113
1.0752
1.45564
1.57087
1.73375
1.70665
2.8632
1.37782
1.42261
1.71951
1.22262
1.3805
1.13805
1.67928
1.47909
1.32265
1.2504
1.46087
1.27225
2.58081
1.93209
2.17842
1.77653
0.970243
1.95836
1.65316
1.81032
1.54171
1.51125
2.0299
1.35675
1.39961
1.8536
2.52189
1.38485
2.27916
2.39604
0.735683
1.37826
1.13424
0.981816
2.47338
1.73987
1.87175
0.835357
1.2766
0.783063
1.1617
1.65385
1.6879
2.07828
2.76054
2.2238
0.94818
1.96628
1.24538
1.2997
1.37276
2.42531
1.92492
2.10429
2.16858
1.94974
2.46661
1.77746
2.37075
1.32223
1.14633
2.13249
1.63062
1.04543
1.62713
1.36656
1.37378
1.39267
0.962776
0.986833
2.71003
2.22012
1.66269
0.90424
1.94777
1.34776
1.71093
2.04211
1.64686
2.18957
1.0173
1.72534
1.95473
0.902076
1.36175
1.40466
1.80092
1.60085
1.27672
2.1266
0.967691
1.49076
1.96945
2.07152
1.62435
1.38665
1.33133
1.22246
0.874424
1.78352
1.64651
1.53166
1.98341
1.23661
0.542475
0.849044
1.53902
1.77687
1.66129
1.42619
1.81951
1.13118
0.912835
1.96596
2.00544
1.31831
1.81172
2.16038
1.24756
1.01937
1.12773
1.28023
0.864186
1.41403
1.96256
1.93147
1.65715
1.73338
1.81494
1.54907
1.73183
1.72238
1.54586
2.1847
1.58673
0.70021
1.17373
1.57228
2.35333
1.52403
2.17072
1.50477
0.937767
1.21319
1.95661
1.80442
2.2709
1.25578
1.6558
1.54217
1.43118
1.87096
1.54849
0.91236
1.74635
1.76177
1.07758
1.88811
2.00175
1.99277
1.20365
0.783946
1.36313
1.43784
0.930732
2.43721
1.03837
1.17298
2.52505
1.39317
1.73325
1.52287
1.83826
1.45936
1.21556
1.18175
1.47979
1.87052
2.50721
2.40308
2.19964
1.22457
0.865403
2.15606
1.03482
2.13586
1.43827
2.60215
1.39738
0.748086
0.813928
2.48404
1.99662
1.70634
1.4853
1.49014
1.93127
1.35458
1.53679
1.51917
0.811669
2.13166
1.85449
1.32021
1.04007
1.56791
2.557
1.52672
1.83996
2.03177
1.57568
1.48071
1.66315
2.41815
0.926193
1.42967
1.77503
1.37129
1.46108
2.22155
2.06358
2.28177
2.03847
0.998098
1.94796
1.29258
1.24416
1.13145
1.57031
1.19055
1.97791
1.34604
1.84532
2.26639
1.0789
1.12922
1.27726
1.34801
1.49126
1.86957
1.37758
1.2963
2.71097
1.73715
1.1986
1.16343
1.37584
2.12663
1.03279
1.2154
1.89865
1.54559
1.07965
2.06369
1.10421
1.4869
1.88984
1.75693
1.14174
1.90176
0.85155
2.03186
1.4801
1.54288
1.93979
1.42384
1.94421
1.80397
1.13367
0.803731
1.14134
1.46903
1.492
0.880321
2.02652
1.47194
1.2641
2.04354
2.28212
1.83102
2.56818
1.55389
1.42781
2.79379
1.63956
1.49216
1.72437
1.29255
1.72958
2.22452
1.49688
1.43397
0.885901
1.23661
2.43591
1.70474
1.28513
1.05135
1.83984
1.41089
1.49027
1.3741
1.49889
1.86823
0.828611
1.66793
1.09594
1.79856
0.88036
1.72377
1.87907
1.3302
1.15294
1.09487
2.30911
1.26177
1.57171
1.57208
1.15679
1.30012
0.881476
1.08975
1.82007
1.5212
1.71197
0.632666
2.31776
1.42859
1.36483
0.532643
1.7892
1.79705
1.82696
1.89756
1.97214
1.65762
0.445227
1.41246
1.99604
2.12111
0.986367
0.740008
0.851882
0.85884
0.952123
1.8577
1.08997
1.92671
1.1981
1.67838
2.13526
1.04219
1.23196
2.1339
2.05114
1.43125
0.767334
1.71729
1.16184
1.80544
1.37357
1.48524
1.75701
0.896584
1.22593
1.21885
2.3407
1.66628
0.964132
1.01666
2.05952
1.80863
1.50251
1.36862
1.19396
1.45441
1.04125
1.50422
1.22626
1.0345
2.26741
1.80787
1.89132
1.61879
0.898548
1.27768
1.47001
1.57959
1.36918
2.61113
1.72568
2.22029
1.90337
1.72843
1.02095
0.960835
0.993207
1.48038
1.39131
2.39496
1.74681
1.35895
1.24139
0.69301
1.77491
0.97013
2.19637
1.56643
0.927968
2.37595
1.3558
1.9687
1.52293
0.938184
1.50989
2.34392
1.8265
1.51345
2.0696
1.23641
1.73733
2.14685
2.09267
1.13905
1.65586
1.20032
1.25874
1.40856
1.66502
2.25261
1.45611
0.843812
1.31215
1.74328
1.18561
1.64273
1.76849
0.777231
1.73672
0.972692
2.31577
1.11275
0.962529
1.81303
1.43876
1.4324
1.27506
1.60278
1.5603
1.25605
1.15124
1.66579
2.25173
1.29469
1.53743
1.30581
1.59175
1.53001
1.64848
2.56077
2.22413
1.65341
1.61263
2.27956
1.51373
1.18975
1.47041
1.63138
2.14674
1.29482
1.72533
1.52338
1.88945
1.54143
1.38019
2.01111
1.00315
1.58679
1.66583
1.86491
1.3212
1.26779
1.71183
1.51871
1.20137
1.10806
1.67345
1.00714
2.2082
1.29478
1.19571
1.94376
2.04428
1.91248
1.72465
1.41537
1.79135
1.47151
1.76153
1.30451
1.30751
1.85252
1.69717
0.784705
2.17113
1.3046
1.02149
1.6563
2.21454
1.52387
1.53907
1.53423
1.39087
1.93301
1.21989
2.10038
2.2949
1.85653
2.63494
0.54225
1.13377
1.85386
1.48769
1.42835
1.591
1.47912
1.29377
1.24396
1.87922
2.29182
1.12766
1.53679
1.80335
2.28612
1.72868
1.72194
1.17756
1.40519
1.37422
1.30182
2.32294
1.68635
1.6964
0.614371
1.57074
1.47994
1.34942
0.858638
1.05955
1.55682
0.421851
1.88573
2.18289
1.71112
1.51712
1.7616
1.74139
1.79962
1.02692
1.08796
2.18334
1.68684
2.10326
2.24593
1.77647
1.65819
1.30252
1.26138
1.41001
1.12624
1.44159
1.52891
1.88683
0.725905
2.1105
1.98606
0.814228
1.51645
1.63948
1.65718
1.41057
1.24796
1.49397
1.09251
1.66065
1.44658
1.6562
1.26567
1.55444
1.52445
1.42853
1.46425
2.16745
1.64331
1.87139
1.54077
1.61396
1.82751
0.83473
2.12164
0.513355
2.22475
2.13603
0.917946
1.10641
0.629229
1.95
1.69517
1.40779
1.85088
1.65773
0.663693
0.688566
1.38261
1.33048
0.868698
0.650626
1.72565
0.751795
1.03907
1.88361
1.57617
1.04362
1.49601
1.19806
1.34134
2.45308
1.06968
0.99107
1.92787
2.57076
2.15848
1.81617
1.32434
1.66211
1.54186
1.4616
1.64141
1.41883
1.70068
1.62062
1.65453
0.871282
1.2674
2.00281
1.14278
1.40704
1.0689
1.51474
1.06141
1.59662
1.63121
1.53985
1.54143
1.4639
1.01966
1.84801
0.900886
1.24422
1.18718
1.44934
1.63927
2.30607
2.10162
0.823675
2.17005
1.37179
1.52513
1.55645
1.59629
1.25445
1.23325
1.97445
1.94983
1.9277
1.56239
1.33541
1.79865
2.6316
1.63854
1.92808
1.90118
1.22647
2.19195
2.01663
1.71762
0.992281
1.51684
1.47084
1.54433
2.02016
1.7559
1.00024
1.8016
1.58657
0.65451
1.04431
2.0285
1.85917
1.652
0.51622
1.36718
1.58288
1.24897
2.09384
2.17501
1.48641
1.90072
1.45254
1.11852
1.63314
1.99746
1.15216
1.19409
1.17796
2.0318
1.54546
1.3683
1.94895
1.29516
1.59433
0.553035
2.25976
0.796636
1.10313
1.91738
1.54632
1.8368
1.7119
1.79511
1.68948
1.73536
2.24572
1.01742
2.4165
1.18033
1.05003
1.65451
1.75773
2.12821
1.81441
1.20686
1.29561
1.48794
2.48653
1.91882
1.791
1.64876
1.12031
2.05184
2.1377
0.973182
2.21893
2.41296
0.67042
1.80869
0.949502
0.472753
0.648912
1.66134
1.54107
0.585979
1.33943
1.98901
2.28109
1.94329
1.21353
1.71559
2.02205
2.13622
0.710089
1.12371
1.90327
1.41372
2.45638
2.12631
2.62641
1.29522
1.08389
2.14994
0.84388
1.89151
1.26503
0.855713
0.444309
1.37851
1.37186
1.47691
2.13603
0.916832
1.57598
1.36868
2.26318
1.33189
1.74371
1.15432
1.38063
2.35806
1.67861
1.92619
1.62135
1.59998
1.15372
2.17463
0.777779
0.957725
1.678
1.49473
1.61201
2.25827
1.79433
1.86538
2.02396
1.47415
0.927691
0.932767
1.91606
1.15071
1.87772
1.62698
1.10454
2.75363
0.868754
2.10678
2.20062
1.86283
2.44462
1.36943
1.38193
1.84871
1.15872
1.38255
1.98507
1.54736
1.82245
1.36706
2.36619
1.08185
1.2326
2.0101
2.36235
1.47967
0.907183
1.28977
1.18673
1.25378
1.63031
0.965242
1.87039
1.74302
1.61906
1.02412
2.39732
1.42284
2.04104
0.961153
1.72639
1.93873
1.90988
1.80969
1.2101
0.916446
2.05443
1.40701
1.61983
1.8011
0.911151
1.56546
1.56005
1.55279
1.85159
0.988816
1.8097
2.21347
1.21213
1.08731
1.99054
1.39222
1.72421
1.72256
2.33632
1.92598
1.54302
1.51333
1.8424
1.72962
2.46968
1.72735
2.33869
1.67547
1.96807
1.37018
1.44329
1.36257
0.73051
1.50489
0.714621
2.29714
1.56365
1.52235
1.60339
1.64049
1.20474
2.28707
1.13613
1.35608
2.50813
2.2347
1.20006
1.80292
1.69597
1.64943
1.47188
2.16141
1.5979
1.93473
1.13969
1.00117
1.73128
1.38115
0.896327
2.14699
1.19403
1.96492
1.50407
1.73854
2.76855
1.89098
1.37157
1.34694
1.96054
1.94993
1.84225
1.86417
0.51195
0.962605
1.56396
1.63958
2.03212
1.95205
1.27622
1.36269
1.87052
0.619052
1.68961
1.02643
1.39335
1.24325
1.52201
0.930565
1.97681
2.14031
1.34193
2.1156
1.80311
1.38563
1.8167
0.764903
0.821874
1.59936
1.45567
0.6314
1.29166
1.85526
1.44571
2.01765
0.717955
1.81859
2.05116
1.32862
1.08217
2.1729
0.948527
1.1726
2.45038
1.48977
1.69617
1.46495
1.31004
1.48438
1.3622
1.75994
1.06204
1.5096
2.13077
1.68286
2.36355
1.33429
1.33522
0.924728
1.57598
1.10422
2.24672
1.94106
1.54244
0.859757
1.04806
2.2111
1.71738
1.72174
2.0644
2.13333
0.641771
2.38999
1.13642
1.09278
1.40556
1.88167
1.87195
1.32941
1.54589
1.56747
1.11991
1.83883
1.32419
1.50905
1.54149
1.46501
1.35376
0.637254
1.24647
1.69373
1.43888
2.03963
1.77276
2.43739
1.74961
1.53097
1.79847
1.29421
2.22527
2.26698
0.820014
1.61048
1.74254
1.08182
2.10496
1.50795
1.57012
1.38736
1.36743
1.28919
1.38681
1.76091
1.1887
2.24002
1.73186
1.9241
1.82682
2.25938
1.44479
1.39633
1.87554
0.880965
1.00566
2.10724
1.55505
2.08305
2.36627
1.33591
1.8085
1.97146
1.55062
1.73867
1.19082
2.28581
0.987786
1.87304
1.64844
1.82118
2.01382
0.792726
1.41786
1.55796
1.76423
1.938
2.06242
1.60901
1.86417
1.20235
0.85853
2.00262
1.56327
1.1931
0.769144
1.94243
1.44495
1.55218
2.2026
0.910216
1.35957
0.78487
2.17544
1.00395
1.01472
1.84582
1.4806
1.58355
2.2676
1.5993
1.19644
2.43327
0.971403
0.987673
1.59814
1.83264
1.0277
1.24181
2.27217
1.34795
1.28748
0.936845
1.61744
0.817969
1.42718
1.35828
0.750089
1.36831
1.57159
2.05227
1.95958
1.61662
1.99215
1.90063
2.38452
1.26372
1.6269
1.10897
1.91315
1.4567
0.643023
1.46581
1.23512
1.86823
0.971662
1.56774
1.34845
2.03389
1.74581
1.37553
1.23796
1.63413
1.38097
0.673981
1.8966
1.85395
2.34363
1.78056
1.81249
1.21005
1.4334
1.93414
2.37531
1.7774
1.09432
1.35558
1.97656
1.39819
1.34112
1.75637
1.55682
1.3008
1.57244
0.923976
1.0282
1.32309
1.22193
1.25683
1.69823
1.0503
1.63355
2.24213
0.867663
2.34783
2.2096
1.31039
2.33569
1.6546
2.39742
1.42471
2.08277
1.40989
2.03692
1.70671
2.02443
1.90379
1.95934
2.06337
1.55435
1.62586
1.78365
1.05371
1.81755
0.792047
0.953179
1.3736
1.0865
0.989396
1.95086
1.06312
1.74536
2.10348
1.2958
0.77606
2.12252
1.44002
1.59112
1.65702
1.25028
2.12188
1.28516
0.791115
0.881753
1.95678
1.29238
2.28129
1.78649
1.65614
0.877164
1.48475
1.52723
1.31844
1.01734
1.00162
2.22306
1.54858
1.12749
1.83411
1.98499
2.09983
1.22803
1.76198
1.1726
1.41798
1.7756
1.21496
1.60654
0.661649
1.14113
2.19926
1.67491
1.64833
1.67892
0.972693
0.662124
1.89189
2.13274
2.11061
1.35483
1.58116
1.95494
1.72015
1.43396
2.48984
2.09002
1.60477
1.0543
0.974131
2.47515
1.68856
2.23619
0.738881
2.26777
1.36319
1.67502
1.14676
2.03483
1.44565
1.097
1.94741
2.13619
1.08285
1.68552
1.95239
1.12886
1.37357
1.83382
1.30297
1.70967
0.958467
1.56057
1.86497
2.35006
2.17786
0.994872
0.598797
1.49749
1.92263
1.34259
2.0674
2.40699
0.901886
1.8021
1.66426
1.60798
2.11618
2.17514
2.28753
1.35086
1.79718
1.34832
2.40541
1.80109
1.22344
2.67968
1.03248
2.27698
1.43584
1.96992
1.15372
1.66444
1.95486
1.50327
1.2712
1.8847
1.51804
0.880127
1.22275
2.39311
1.97093
1.90996
1.34826
1.27701
2.51947
2.11078
1.76184
1.54607
1.71775
1.64747
1.88998
1.70055
1.30035
1.19969
1.65114
1.99302
1.04717
2.17498
0.910352
1.34551
1.6566
1.22164
2.01562
2.36592
1.58952
2.63869
1.48244
1.51223
1.82722
1.74613
1.63309
1.64981
1.36718
1.61671
2.35388
1.97662
0.781294
2.20945
1.27053
1.15243
1.25869
1.83485
1.08631
1.15294
1.43294
2.2828
2.05719
1.23743
1.46743
2.18928
1.35795
1.15235
1.72689
1.45557
1.38578
2.12857
1.73162
1.25426
1.38482
1.44031
1.68266
1.13286
1.72633
1.87741
1.4118
1.75218
1.65274
1.15432
1.04983
1.86245
1.22774
2.26777
2.2393
2.23367
1.2293
0.979872
1.27126
1.02357
2.15289
0.828877
1.15241
1.12178
1.64306
1.46599
1.66996
1.22768
2.37967
1.82841
1.01365
1.55143
1.74404
2.69394
1.8565
1.13313
1.32907
1.50978
1.59741
1.32906
1.06584
1.62597
1.46369
1.51212
1.43171
1.19305
1.50443
1.8041
1.93219
1.60165
1.58239
1.91434
2.10674
0.792341
1.4929
1.30884
0.848874
1.62475
1.89084
1.92326
1.66738
1.37589
2.04669
1.3356
1.58099
1.60932
1.0549
1.55841
1.20147
1.11097
1.53906
1.24132
1.22648
1.86865
1.58102
1.37882
1.82029
1.71769
1.80147
0.856161
1.64863
0.622772
2.19281
1.16477
1.40042
2.14548
2.26874
1.74492
2.16034
1.26567
1.36142
1.81138
1.71016
0.964041
2.25439
1.58792
1.47472
1.37634
1.65136
1.69243
1.39562
1.10539
1.16133
0.964696
2.29973
1.49438
0.913411
1.44456
1.82455
1.86417
1.60756
2.27532
1.14684
0.855488
1.69373
1.35489
2.0331
1.25827
1.51895
2.29197
1.07523
1.75951
0.821158
2.20524
1.75705
1.67928
2.19065
2.14943
1.38019
1.63132
1.72127
1.98175
1.61236
2.0664
0.924502
1.55941
2.06124
1.84485
0.768229
1.15225
1.63753
1.1282
1.86551
0.894098
1.24573
1.45885
2.48029
1.54259
2.31563
1.68386
2.28003
1.55712
2.07615
1.56683
2.225
2.43753
1.05418
1.35031
1.40135
1.27174
2.06621
1.88869
2.13982
0.888669
0.961296
1.44405
1.0529
2.39013
1.17091
1.69795
1.18367
1.50731
1.71254
2.14235
0.928388
1.63713
1.07803
1.50738
1.76275
1.83614
1.93147
1.57489
1.33996
1.38373
1.27892
1.34714
0.977744
1.36536
1.747
2.22422
2.03867
2.35979
0.928272
1.94639
1.63554
1.66162
1.34306
1.25631
1.53548
2.4747
0.758738
1.2184
1.2268
1.98401
1.92762
1.44805
1.25792
2.5312
1.36762
1.54406
1.42944
1.73746
1.82303
1.82569
1.83004
1.51223
1.41591
1.92445
1.93114
1.5885
1.7751
1.09326
1.08817
1.31263
1.05241
2.17509
1.06075
1.25026
1.06518
1.97498
2.39325
1.32322
1.05918
1.48585
1.57983
2.30416
1.70844
1.61634
2.00983
2.06882
1.07246
0.989546
1.88211
1.05155
1.17862
2.41928
1.26016
2.16249
1.72939
1.60451
1.06955
1.55896
1.45586
0.803747
1.47139
2.31794
1.55383
1.50456
1.22476
1.62554
0.427994
1.68174
0.674849
1.90421
1.91119
2.13164
2.34912
2.27539
1.245
2.16609
1.37705
1.73258
1.5414
1.4144
1.54339
1.31214
1.46439
2.29145
1.32806
1.8123
0.948372
2.75324
1.769
2.37236
0.879792
2.07721
1.25743
2.15215
1.86761
1.15986
1.44079
1.5534
1.00314
0.856949
2.44445
1.51541
1.68628
1.44439
0.764969
1.25097
1.52207
0.954543
1.58557
1.25657
1.60092
0.620478
1.65298
1.25201
1.88038
1.51296
1.05572
1.39811
1.96036
1.69348
1.9868
1.08506
1.50495
2.01782
2.14224
1.67941
1.89557
1.43315
1.95458
1.36023
1.34045
1.42762
2.45512
2.01825
1.95065
1.53505
1.89716
1.4399
1.42576
1.59979
2.02242
2.58436
2.21618
1.62548
1.20895
1.48474
2.22291
1.34466
1.3909
2.06886
1.7032
1.33064
1.19681
1.26567
1.69231
2.49137
0.828526
1.4785
0.813207
1.40234
1.10347
1.84852
1.6456
1.28905
2.0293
1.85678
2.15452
1.75811
1.59491
1.67092
1.43132
1.3713
1.48463
0.940609
1.727
2.07904
0.573442
1.40443
1.6517
1.49369
2.35329
1.15657
2.06394
1.77909
2.31764
1.04318
1.79289
0.61763
1.04705
2.1875
1.93493
1.53276
1.9454
2.36722
1.58612
1.22927
1.86617
1.61223
1.79446
1.36643
1.96588
1.81069
1.74652
0.632425
1.34782
1.47534
2.33604
1.39682
1.92151
1.44739
0.948004
1.91185
1.50826
1.62373
0.811824
2.16594
1.67751
1.25339
2.03348
1.20546
1.00108
0.711493
2.22566
1.93872
1.38982
1.63548
0.977248
1.49639
0.677294
1.72574
1.32624
0.761758
1.76265
2.18416
1.02015
1.73225
1.405
1.99006
1.29389
1.48509
1.64227
1.51791
1.52751
1.3236
1.69809
1.74353
1.35427
2.05902
0.85908
1.44999
0.852201
1.50018
1.04882
0.585724
1.47531
1.97984
1.072
0.596448
1.6738
0.957628
1.91761
1.45862
2.41087
2.15083
1.00545
1.29161
1.87618
0.900953
1.14217
1.65633
1.14387
0.885761
1.07919
1.23203
1.37201
1.42434
1.86255
1.81253
1.96059
2.09516
1.19383
0.574991
1.42625
2.36257
1.30925
1.68567
2.15146
0.940834
2.20345
1.48546
1.0748
2.56355
1.92495
2.00107
0.533961
0.79687
1.8382
1.10261
2.1495
1.08623
1.9684
2.00481
2.20078
1.71727
1.47715
1.40853
2.0209
1.45079
1.10897
2.22077
2.64704
2.2087
1.14718
2.10982
1.43062
2.1612
1.34604
2.02326
1.67223
0.843397
1.64726
2.31877
0.961009
1.91342
2.12497
2.11277
2.00833
1.2863
2.05359
1.97494
1.0871
1.3189
1.32507
1.00209
1.19633
1.66787
0.854098
2.28674
2.06699
1.46203
1.81163
1.20293
1.7057
1.40469
2.15361
1.86482
1.00721
1.46375
0.892286
1.92597
1.10507
1.663
2.09173
0.978539
2.29067
0.873894
1.69485
1.80828
2.20344
1.42643
1.62475
1.92964
2.08529
1.53985
1.6312
1.2071
2.29546
1.82411
2.17763
0.754879
1.07126
1.95348
1.34732
2.06999
2.25331
1.0014
2.1817
1.97032
1.88792
1.5656
1.79177
1.81271
1.3851
1.68721
0.920205
1.30125
1.72819
1.71794
1.81369
1.5979
2.09432
2.32412
1.64814
2.06086
1.13556
1.61372
1.26305
1.40608
1.35683
0.903032
1.2333
1.79731
1.42068
2.30464
1.20375
1.85138
1.46829
2.19446
2.33006
1.6323
1.54852
1.73035
2.07373
1.30428
1.27979
1.59109
1.45223
1.61509
2.44037
1.09017
2.20999
2.36212
1.97559
2.05925
1.54598
0.8663
1.15545
2.22586
1.41356
1.5206
1.2513
2.23547
1.34632
0.932195
2.09579
2.21529
1.67296
1.33999
0.898506
0.901664
1.81196
0.953391
1.68119
2.31834
1.44542
1.24648
1.53805
2.05004
1.21467
1.58093
1.21302
1.92853
1.63192
1.3192
1.77659
1.01273
1.09936
0.866729
1.55041
1.67652
1.81475
1.88791
1.73552
1.80703
2.29181
0.790693
1.67051
1.79774
1.83883
1.54052
2.09963
1.01947
1.64288
1.91763
1.55517
1.33868
1.62547
1.38162
1.35264
2.35189
2.09484
1.51597
2.28816
0.933606
0.656515
2.31219
1.45684
2.08162
1.56259
1.48503
1.64465
1.02456
1.4037
0.961363
1.1632
2.00244
1.39521
1.91799
1.44615
1.61977
2.30766
1.42138
2.37864
2.2242
1.38317
1.68082
0.973384
2.14075
1.87749
1.10313
0.825788
1.26977
1.23046
2.35492
1.56207
1.59308
1.41356
1.07427
1.70265
1.07656
2.0264
1.52067
1.52846
1.54479
0.994418
1.6615
1.1371
1.90385
1.72361
1.53434
1.75891
1.12311
1.31055
1.61515
1.28586
1.13387
1.26298
1.8858
1.33139
2.31007
1.13484
2.25804
2.73339
1.59827
2.10238
1.79912
1.76955
1.84652
2.37221
0.919305
1.47893
1.77959
1.09466
2.09404
1.05749
1.84028
2.00154
2.17526
1.40327
1.39639
2.27305
1.79891
0.781659
1.43742
1.3748
1.09412
1.76064
2.11747
2.38284
1.53569
1.80028
1.77177
1.41088
1.30068
1.64527
2.1065
1.76775
1.14345
1.75246
1.36045
1.44215
