1.272
1.79546
0.859581
0.459864
1.08687
2.29285
2.23915
0.752691
1.13745
1.81929
1.42711
1.21964
2.72963
1.49247
1.54504
1.87029
1.56628
0.731275
0.941144
0.720079
2.02138
1.58361
1.20993
2.372
1.09594
1.41386
1.80436
1.02364
1.3958
1.7974
1.46027
1.02439
0.582468
1.43192
1.76221
1.00709
1.73913
2.40534
1.89859
1.85081
1.35661
1.20255
1.86704
1.32391
1.90583
2.29875
2.03744
1.2608
1.96879
1.2524
1.19134
1.1237
0.862198
1.20875
1.35526
1.71713
1.79199
1.39304
1.02321
1.71657
1.63743
0.800149
0.807934
1.17088
1.01734
0.831586
1.41316
1.34701
2.19977
0.751946
1.32655
1.88682
0.865432
1.06802
1.86207
1.11431
1.61775
2.02327
0.760544
1.90893
1.10352
2.24591
1.4152
1.43211
0.998077
1.76831
2.35637
2.11732
2.1514
1.28583
1.26459
1.82294
2.08736
1.34713
1.01087
1.31408
1.88669
1.52812
1.14952
2.37491
2.0479
2.79808
0.945276
1.03357
2.25601
0.900647
1.53385
2.08702
1.13334
0.937288
1.92753
2.01761
1.55673
1.59437
1.40617
0.768825
1.29668
1.24741
1.44516
1.92723
1.55444
1.80229
1.61647
1.47148
1.58743
1.81133
2.50366
1.28989
1.55123
2.15352
1.79384
1.95395
1.82433
1.20901
1.21276
1.3592
1.89808
1.17432
1.61378
1.44421
1.45696
2.13758
1.17545
1.20346
1.74113
1.98975
1.14918
1.34995
0.981937
1.19783
1.2167
1.49039
1.8197
0.891039
1.49331
1.30687
1.94849
1.39898
2.24749
0.971916
1.15731
1.01057
1.34041
1.74286
1.22606
2.08674
1.50943
1.36074
1.37366
2.61203
1.02435
1.03019
2.09827
0.794515
1.06235
1.67984
1.22777
1.90086
2.2959
1.5204
1.00856
2.08885
0.794315
1.33848
1.93248
0.679863
1.39007
1.49319
1.64245
1.08616
2.28337
1.44775
1.57318
1.82029
1.8937
0.710859
1.93075
1.47016
1.9004
2.37017
1.73319
1.5654
1.75193
1.00185
0.629642
2.02496
1.91742
1.94763
1.89632
1.59959
1.16651
1.89306
1.05961
1.216
1.76205
1.49627
1.37432
1.21359
1.295
0.703521
1.42468
1.41983
1.18969
1.16544
1.80756
1.71898
2.28164
1.3508
1.56481
1.39099
1.40883
1.36145
1.67634
1.6694
1.68503
0.929211
1.48537
1.23803
1.36961
1.81995
1.97396
1.61546
1.68604
1.20072
1.38944
1.37708
2.31966
1.2982
0.47379
1.46372
2.30206
1.18014
2.50487
1.275
1.80499
1.18489
1.8436
1.11378
0.762789
1.94216
1.95499
1.57653
1.56423
1.50254
1.93428
2.07295
1.60663
2.02423
1.53241
0.896285
2.12461
1.61262
2.55879
0.959739
1.87765
1.80794
1.06141
1.92736
2.43632
1.66209
1.5338
0.894382
1.80756
0.764036
1.17774
1.31938
1.34859
1.95631
1.00605
2.06144
0.880035
2.24256
0.813836
2.11732
1.27225
0.89768
1.91168
1.62635
1.67686
1.30346
2.10155
1.65457
1.84592
1.36357
2.10819
1.04107
1.32309
1.57528
1.28288
2.00504
1.20238
1.6302
2.23248
0.917051
1.53673
1.7867
1.27914
1.31698
1.36402
1.94836
1.65154
1.22659
1.74959
1.97795
1.44027
1.1167
1.42352
1.00604
1.33017
1.62355
1.56221
2.18705
2.66828
1.63514
1.78314
1.41944
1.33679
1.12536
1.62276
2.22654
0.961167
1.33893
1.16813
0.939424
1.58282
1.20366
0.913674
1.89608
1.85949
1.22956
0.555761
1.25182
1.77299
2.23732
2.24117
0.93679
1.75838
1.16591
1.64198
1.92463
0.875436
0.606225
2.02782
1.05859
1.48805
0.901443
1.77142
1.36896
1.40478
1.75221
2.06375
2.38847
1.36451
1.75935
1.15398
1.86931
1.76347
1.23085
1.07628
1.9193
0.639218
2.41342
1.09157
1.84285
2.33728
1.79486
1.25309
1.42619
1.334
1.27315
1.19606
1.3949
1.15326
1.97838
1.85271
1.36762
0.696499
0.9628
1.49642
0.749056
1.34676
1.53411
1.42779
1.26478
1.7775
1.52366
0.8711
1.40237
2.22099
1.39329
1.73496
0.977368
1.33115
1.7954
0.98329
1.76644
0.865842
1.27616
1.50734
1.1154
1.2313
1.54021
1.68524
0.712603
1.34057
1.71448
1.85507
1.63436
0.962137
1.79502
2.07394
2.24118
2.32336
1.8529
1.88875
1.63205
1.60791
2.25538
1.46832
1.83857
1.87538
1.08016
1.32813
1.26203
1.5269
1.7897
1.00576
0.793845
1.62401
0.951216
1.3366
1.18254
1.59878
1.97297
1.50777
1.56298
1.14563
2.24174
1.54412
1.78264
0.717992
2.78136
1.45524
1.55142
1.74347
1.84805
1.65117
1.23567
1.21976
1.41675
1.34813
1.60956
0.725917
0.811765
2.17072
1.88958
1.80856
1.83105
2.169
1.70548
1.66358
1.14188
1.91651
2.29972
2.37858
2.12298
1.53197
1.02308
1.68918
2.05719
1.16458
2.20901
1.59308
1.41341
1.03812
0.994863
0.970538
0.496081
1.82596
1.59996
1.00009
1.49706
2.40671
1.14308
1.10941
1.27312
1.73814
0.908022
1.37231
1.46254
1.53453
1.54379
1.71947
0.954082
1.51116
0.936625
1.26414
1.5581
2.53651
1.41654
1.36244
0.997724
1.65344
1.6618
1.52439
1.40884
2.11939
1.30814
1.522
1.85322
1.54327
2.11704
1.40234
0.998768
2.03904
1.00206
1.49908
1.16876
1.38527
2.198
1.73347
1.45715
1.42491
2.23748
1.78839
1.92314
1.43034
1.76986
1.31177
1.19348
1.291
1.61363
1.65476
1.7521
1.59204
1.28283
1.03922
1.48341
1.33296
1.15826
1.77668
0.857414
1.34913
1.3053
1.69514
0.795613
1.16525
1.42483
1.20026
1.58038
0.781948
2.33825
2.53062
0.925799
1.60156
1.63725
1.68285
1.31988
1.54986
1.61414
2.07924
1.08685
1.05074
1.24571
1.92717
2.03682
0.833645
1.02729
1.4623
1.36357
1.54491
1.97829
1.46141
2.4319
1.16464
1.50679
1.25786
1.245
1.60016
2.16409
1.71738
1.53223
2.06434
1.48861
1.22468
1.56591
1.82862
0.63408
1.40896
2.09277
1.32023
1.85653
2.68578
1.89487
1.06449
1.4748
2.55408
1.41415
1.58901
1.62539
1.80276
1.1729
2.12921
2.39642
1.49739
1.49678
1.32879
1.63162
1.21632
1.4509
1.60685
1.50465
1.75867
2.02002
1.21584
1.29484
1.48281
1.03241
2.19743
1.64986
1.70077
1.70197
1.47476
1.12535
1.70051
1.62047
1.24049
1.74892
1.54346
0.896381
1.55578
2.04782
1.04969
1.20085
1.79705
1.88137
2.16238
2.14934
1.00052
2.04189
0.97446
1.29091
1.96419
1.73998
1.59485
0.949936
0.861114
1.3709
1.65298
0.999808
1.64248
1.56555
1.53826
1.39639
1.69957
1.93813
1.36325
1.03876
1.78071
1.23808
1.55725
1.82717
1.07119
1.26564
2.03143
2.04922
1.61934
2.11045
2.22969
1.72571
1.30092
0.828897
0.834142
1.90505
1.42437
1.34363
2.25095
2.00271
1.39298
0.743507
0.745342
1.91184
2.18954
1.74991
1.94108
1.16392
1.01824
1.96482
1.31439
1.11813
1.31165
1.89899
1.28723
1.37429
0.929052
1.06313
0.787301
1.03319
1.0462
1.26931
1.31101
2.1666
1.72161
1.38307
1.79865
1.29987
1.4635
0.870217
1.81281
1.87714
0.778935
1.41625
1.98407
1.27661
1.39937
1.12908
2.21023
1.39493
1.12028
1.69742
1.05493
2.01616
1.49333
1.20058
2.13759
2.47064
1.80926
2.24074
1.95632
1.75009
2.25273
1.47393
1.82193
2.34143
1.15572
1.27723
1.72424
1.64527
1.52201
1.49421
1.50024
0.873138
1.0608
1.58454
1.96496
1.6371
1.8531
1.16863
1.7077
2.11062
2.29133
1.07043
1.26822
1.08824
1.71179
1.49749
1.01078
1.00655
2.33344
0.808711
2.09242
0.903829
1.52809
1.28404
1.82587
0.976792
1.4427
0.991658
1.24293
1.42443
0.774982
2.49159
1.88154
1.84941
1.39732
1.17846
1.06124
1.79628
2.04278
1.53954
2.08491
2.05925
1.88862
1.50186
1.78501
1.37466
1.8352
1.14794
1.44231
1.9208
1.30074
1.48402
1.77796
1.33886
2.04593
1.52015
1.15248
1.65295
1.74846
1.44319
1.4686
0.981644
1.72547
1.01197
1.99408
1.11002
1.52244
1.74575
1.29142
1.81582
0.756379
1.77715
2.01535
1.92789
2.08609
1.39199
1.88544
1.07572
1.2696
2.10715
2.31016
0.990027
1.52352
1.31982
1.32032
2.20064
1.40248
1.14663
2.01354
1.13917
1.86851
1.65978
2.45934
1.77578
1.80797
0.842351
2.52127
2.45485
1.1257
1.06505
1.11634
1.80863
1.39224
1.35264
1.87759
1.81831
2.32518
1.89035
2.33808
1.31364
2.09324
0.818898
1.01183
1.30258
1.88202
1.58368
1.42832
2.33929
1.78586
0.818483
1.42418
1.81397
1.22573
2.59117
0.84762
1.42739
1.40747
1.62362
1.16624
1.07981
1.19706
1.80982
1.65831
1.49801
2.59161
1.82385
1.09943
1.76215
1.22325
1.59973
1.95651
1.73571
2.22883
1.47924
1.173
1.60803
1.5239
1.767
0.908225
1.32844
2.18622
0.919754
1.76109
1.73294
1.80328
2.28664
1.22223
1.78795
1.5261
0.516481
2.20765
2.49479
1.40418
1.00109
2.23504
1.74401
1.5794
1.09127
1.16714
1.56488
1.43993
1.92382
0.914611
1.49865
1.76411
1.34594
2.10672
1.91633
0.919087
0.938887
1.12692
1.36428
0.622263
1.45488
1.10862
2.41349
1.70443
2.58542
2.245
1.18817
1.23719
1.2522
1.04574
1.70028
1.76271
0.796199
1.84964
1.71781
1.24792
1.86468
0.939573
2.19068
1.25307
1.54676
2.04114
2.04564
1.17641
1.23937
2.13354
1.35373
1.44624
1.23029
1.36711
1.36463
1.41934
1.44387
0.636603
0.781774
2.39573
1.44175
1.53838
1.89969
1.99687
0.967732
1.70036
1.90686
1.66609
0.974984
0.831858
0.940662
1.13899
1.3918
1.34294
1.30758
2.2571
1.53172
0.882174
1.07537
1.40741
1.11913
1.96489
1.76003
1.51704
1.73579
2.17501
1.77497
1.81048
1.05264
2.22268
2.30737
1.66922
1.35933
1.56121
1.35505
0.916873
1.55094
1.75624
1.26625
1.72526
2.10514
1.87192
1.19343
1.54626
1.47642
0.985243
1.56948
0.848297
1.59517
1.22982
1.41366
2.46248
0.89316
1.28239
1.1802
1.03837
1.62065
0.661463
0.820136
1.19524
2.08989
1.95263
1.46197
0.798424
0.823898
1.55377
1.72238
1.71596
1.48852
1.40215
1.36263
1.37973
1.05373
1.81498
1.66057
1.74341
1.84047
1.10574
1.65586
0.984354
0.833458
1.82102
2.13953
2.17357
1.44497
1.3101
1.61728
1.33303
1.63554
1.83592
2.26342
1.86493
1.14585
2.03689
1.50624
1.30473
1.84904
1.46156
1.12296
1.74839
0.989372
2.00012
1.84598
0.637506
1.59184
2.4103
1.09429
0.9907
1.98968
0.918043
1.37702
0.869984
1.42958
1.21303
2.30041
0.992713
1.80059
1.3334
1.94704
1.90615
1.47403
1.75078
1.31149
2.16062
1.64143
1.45714
0.894638
2.15499
1.46654
2.23468
1.2119
2.37194
1.07224
1.18263
2.58203
1.62249
1.42798
1.05647
1.81825
2.47992
0.520929
1.01671
2.22808
1.8451
2.05501
2.28509
1.07576
1.1279
1.29524
1.72142
1.66729
0.851151
0.553414
0.82667
0.563841
1.70222
1.63961
1.89999
1.44068
1.73294
1.47268
1.26809
2.1643
1.69362
2.01277
1.71312
1.56087
2.06241
1.0878
0.403256
1.26602
1.66186
2.52696
1.83585
1.27573
1.64554
1.12317
0.93449
1.51795
1.32404
1.77934
1.10945
0.939627
1.39849
1.755
2.2197
1.77958
1.63091
1.72503
1.43673
1.44223
1.47928
1.07232
1.50543
1.72516
1.38043
1.0864
1.07735
1.01065
1.68033
1.05612
1.01431
1.36908
0.978015
1.43962
1.15426
1.50948
1.64343
1.50978
1.21114
0.442472
2.03164
1.44673
1.72417
1.2056
2.12828
1.27663
1.54565
1.56304
1.27513
1.59405
1.86162
0.834413
1.77428
2.70168
1.5791
1.9637
0.926109
2.02328
1.22508
1.47452
1.26486
1.21429
0.69515
1.05851
1.70942
2.48286
1.0105
1.70309
0.658842
0.800195
0.851307
1.46556
0.836114
0.881814
1.40704
1.01624
2.13962
0.99175
1.66095
2.11624
1.23097
2.47274
1.07946
2.17617
1.41922
1.91437
1.12548
2.03685
1.52539
0.912337
0.934095
1.37739
1.172
1.65941
1.87426
1.22729
1.54479
2.42693
1.3389
1.32793
1.07277
1.4293
1.19015
1.65463
1.13653
2.04724
1.71614
1.29014
2.41896
1.91219
1.17677
0.542962
0.840871
1.59576
1.94579
1.4455
1.54794
1.37179
1.68431
1.56854
1.02247
1.37627
1.2989
1.33347
1.88547
1.30517
1.33792
1.24332
1.34997
0.832764
1.64377
1.84462
0.932111
1.06445
1.65711
1.16813
2.09829
2.11928
1.48821
1.54836
1.97682
1.68229
1.92014
1.31985
0.976824
2.05805
1.79443
1.74139
1.25413
1.10702
1.13325
0.529812
1.05126
2.13455
1.54544
1.22523
1.20483
1.27088
1.58978
1.15867
0.877903
1.88804
1.62808
1.55279
1.14885
1.14904
1.08168
1.68976
1.36154
2.26755
2.39452
1.30915
1.13911
0.968496
1.7573
0.994288
1.49425
2.1016
0.813053
1.78448
2.13687
2.36327
1.50718
0.935587
1.62258
1.42647
1.9851
1.39453
1.58825
1.80003
2.26078
1.82711
1.7665
1.50154
1.36487
1.94104
1.48506
1.82549
1.19783
1.44098
1.7882
1.36016
2.2578
1.46507
1.87094
1.42551
1.71389
1.36984
1.16138
1.9517
1.17028
1.28494
1.40023
1.36899
0.580563
1.84395
1.00046
1.46782
1.70219
1.56004
1.20869
1.76715
1.81164
1.97051
1.7233
1.48457
1.82259
1.52451
1.60179
2.24792
1.16477
1.89138
0.478922
1.82411
1.76105
1.52134
1.19054
1.36051
2.13683
2.29824
0.595366
0.723529
1.73362
2.3302
0.885764
0.632454
1.78839
1.24029
1.52274
2.16776
0.584734
1.69123
2.1171
1.60962
0.964018
1.36374
1.35801
1.03013
1.53365
1.17612
1.39527
1.15738
2.0623
0.998141
1.83127
1.76868
1.75264
2.17159
2.11429
1.31843
1.82571
1.0956
0.799051
2.37087
2.04669
1.27493
1.84572
1.27582
2.23225
1.12759
1.89273
1.0002
1.08665
1.23861
2.00849
1.32995
1.0056
2.33203
0.719159
1.13211
1.4839
2.12672
2.20288
1.31786
1.78927
2.29695
1.99025
2.22208
1.86277
1.71775
1.89373
1.68612
1.62522
0.858493
2.14413
1.09188
2.09566
1.76321
1.34688
1.97766
1.14336
2.80673
1.31301
1.14152
0.980539
1.14983
1.2449
2.3965
1.85227
1.31323
2.11296
2.15714
1.87255
1.12705
1.52617
1.96094
1.1268
1.33127
1.5356
0.925171
1.03006
1.1465
2.16705
0.807548
1.6416
1.31079
0.809662
1.23158
1.42866
1.00206
1.4712
1.58954
0.72566
1.28304
1.44598
2.09645
0.799047
1.5218
1.89811
1.41601
1.50891
1.20728
1.49461
0.940127
1.09917
1.23367
1.82453
1.33943
0.699994
0.749112
1.14623
0.770197
1.67106
1.39521
0.741903
1.47212
1.19145
1.65206
2.29615
1.30229
1.45607
1.26292
1.39831
1.55685
1.22476
1.4571
1.62183
1.6917
2.08986
2.03608
1.43962
1.72512
2.09286
1.39924
1.46099
2.23713
1.51216
1.53223
1.67051
1.07791
1.00731
1.43152
1.67566
1.23738
1.67962
2.07763
1.08141
1.92464
1.55664
1.36435
1.0087
1.42141
2.03415
1.53505
2.57987
2.29386
0.397369
1.61725
1.61821
1.41637
1.55957
1.45143
1.34219
1.59704
0.984934
0.932611
1.23258
1.0599
1.33405
0.939022
0.895141
0.781322
1.2077
1.01459
2.06879
1.78944
0.944231
1.75494
2.51077
1.39961
2.00294
0.93092
1.91988
1.35814
1.7642
1.36834
1.63144
1.81781
0.958049
1.76737
1.75923
0.85001
2.12975
2.06269
1.15512
1.73056
1.34325
1.60569
1.31339
1.49244
2.22506
1.74347
0.908704
1.04847
1.79164
2.15042
1.62606
1.4088
1.95325
1.43234
1.32765
2.28405
0.835217
1.83421
1.71164
1.59909
1.57342
1.87956
1.34519
1.93827
1.05206
1.88585
1.71004
2.13831
0.960604
1.78455
1.36581
1.41847
2.03402
1.74254
1.98711
1.82809
0.805542
1.48739
1.65188
1.02991
2.76693
2.13167
1.51266
1.11947
1.72682
1.72908
1.03333
1.54583
1.47853
2.09744
1.66813
0.706096
1.29131
1.13542
1.1417
1.65816
1.20163
1.4164
1.74536
2.15522
2.29838
1.92912
1.31447
1.77334
1.19632
1.25457
1.32275
1.56836
1.98174
1.68745
1.63108
1.39539
1.54473
1.34247
1.19494
2.69639
2.03504
1.24461
1.81998
1.55911
1.44128
1.83036
1.89364
2.12425
1.52574
1.30743
1.79477
2.50158
1.18261
1.30846
1.22632
0.94525
1.1175
1.78663
1.46998
1.01589
0.625174
1.15216
1.06989
0.998261
2.36321
1.10996
1.60466
1.08375
2.31875
1.24061
1.71762
1.5207
1.53203
1.64554
0.778765
2.58478
1.5979
1.57373
1.71669
0.914583
1.74998
0.718661
1.19513
2.30957
2.23876
1.74563
1.28487
1.63034
0.951054
1.30346
2.3477
1.07404
1.06187
1.67002
1.46053
1.80367
1.22148
1.59102
1.3687
1.34588
0.557341
1.13898
0.46477
1.94179
1.56819
2.45533
1.22734
0.892099
1.9132
2.0752
1.63529
1.41121
1.97038
0.997053
1.09105
1.4503
2.42199
1.22197
1.18506
1.64891
1.61888
1.89544
1.5243
1.72849
0.789987
0.911144
1.80542
1.73684
0.89006
1.42323
1.89065
1.54781
1.49464
1.5089
0.827527
0.534108
1.4003
1.93977
1.42471
1.11966
1.47096
2.731
2.17874
2.2131
1.42384
1.15879
2.193
1.47074
0.928761
1.26906
0.932046
1.70837
1.78058
2.49969
2.31291
1.48083
1.71355
0.87726
1.17683
1.29431
2.33354
1.35573
2.00537
1.59765
1.77204
1.57995
1.52678
1.71806
1.73838
0.994643
1.39403
0.547248
1.09149
1.68521
0.641584
1.18861
1.82818
1.59753
1.7524
1.46663
1.81311
1.82196
1.03918
2.07045
1.15239
2.30591
1.23484
2.09902
1.53627
1.11513
1.87595
0.503708
1.42045
0.590338
1.49351
1.81309
1.01625
1.38473
1.13499
1.35102
1.16043
2.41988
1.20051
1.80179
1.34808
1.34225
1.62122
1.27143
0.992913
1.92697
1.25297
1.49961
1.18792
2.2072
1.90298
1.54168
2.2999
1.13335
1.66107
0.931484
1.29884
1.4194
0.954187
1.27498
0.767143
0.902459
1.27959
1.31462
1.46175
1.1727
1.32114
2.1566
1.65338
0.799276
2.23493
1.15893
1.29732
1.31517
1.55499
1.23124
1.65494
0.976039
1.2124
0.785757
1.53533
1.21803
2.31932
1.25836
1.63536
0.987348
1.36865
1.46358
1.37465
1.49504
0.929009
1.61075
1.36326
1.55548
1.82704
1.69963
2.03969
1.12152
1.35274
2.37894
2.2555
1.46838
1.87266
1.40642
1.6597
1.44058
1.502
1.40353
1.69828
1.71263
1.63878
1.81787
1.01058
0.952794
2.23859
0.717325
1.84929
1.7387
1.5896
1.50971
0.985292
1.8517
1.29956
1.1111
1.14831
1.84947
1.40556
2.39347
1.18838
1.55102
1.41477
1.57334
1.57835
1.23977
2.42165
2.39421
1.11574
1.09573
0.864677
1.70859
1.47832
2.03028
1.4605
1.26708
1.93826
1.35912
1.0936
1.11397
0.740102
1.16205
1.43343
1.24507
1.17545
1.57213
1.58523
1.46206
2.23228
1.69821
2.09552
1.07357
1.69951
1.25563
1.95532
1.47072
1.20529
1.60114
1.48824
0.745072
1.48935
1.96787
1.64187
2.03358
0.58034
2.12555
1.35514
1.79771
1.41424
1.50764
1.46433
2.35341
2.37804
0.655498
1.85456
1.49222
1.50791
1.29193
1.62502
0.772692
0.923511
1.02803
1.03963
0.908096
1.8687
1.36848
1.10354
2.1237
1.45841
1.93189
1.80731
1.58129
1.99047
0.948765
1.63799
1.19337
0.54041
1.18627
1.09345
1.83104
2.18207
0.88364
1.60993
1.52809
2.187
1.47156
1.62744
1.17928
1.00415
0.697611
2.12967
1.10076
2.26827
0.910462
1.70904
1.4435
1.6205
1.4951
2.05815
1.39735
1.36886
1.48524
1.42237
1.50263
1.31787
1.36609
1.99041
0.798329
1.40537
1.56058
1.21436
1.26387
1.67609
1.45343
1.8831
1.59337
1.59082
1.952
0.797736
1.1215
1.34497
1.28048
1.41099
2.0887
1.19599
1.87522
1.82351
1.46412
2.32831
1.38293
2.14186
0.934451
1.37203
1.20677
1.98671
1.59833
1.40133
2.08995
2.759
0.925812
1.93539
1.34633
2.42292
1.32297
0.695735
1.28627
2.098
1.30457
1.67898
1.46231
2.14128
1.50911
1.94216
1.19698
2.17569
1.27958
1.30435
1.66291
1.4909
1.49173
1.10084
0.991168
1.83187
1.85208
1.68592
1.92977
1.02033
1.10591
0.980736
1.6705
1.87087
1.69329
1.84044
1.62209
1.59717
1.36953
0.871179
1.46651
1.7397
1.7563
1.15001
1.87495
2.46936
1.03858
2.13129
1.29428
2.57159
2.11125
2.43524
1.87148
1.64839
1.50165
0.907352
1.43519
1.51137
1.97922
1.31843
2.19134
1.09443
1.31881
2.08357
1.3463
0.959814
1.98003
0.86117
0.978096
1.59524
1.97469
1.78814
1.73678
1.73499
1.93536
2.32781
1.18344
1.53148
1.8634
2.01907
2.08007
1.51587
1.59234
2.53489
0.88312
1.87282
2.06989
1.14564
1.94075
1.58819
1.26215
2.46639
1.35887
1.31673
1.91892
1.44128
1.08885
1.44187
1.18258
0.802123
1.75063
2.10664
2.28061
1.40992
1.26547
1.35132
1.35283
1.32228
0.973707
0.689215
1.41075
1.66548
1.52922
0.31823
1.70043
1.57007
1.75662
2.06144
2.53764
1.94534
2.23687
1.20396
1.53302
1.1418
1.56452
1.57699
1.80541
1.07482
1.50535
0.970443
0.96373
0.990858
0.804308
1.40337
1.37379
1.80994
2.01305
2.06341
1.55255
0.368485
1.58279
2.08074
1.54639
1.65987
1.19771
1.54272
2.1367
0.991729
1.91553
1.70102
1.5697
2.16865
2.46733
1.89084
1.99792
1.323
0.776471
0.903574
1.20195
2.49261
1.243
1.49553
0.98213
1.43808
1.89799
1.92054
0.777997
1.0309
0.661597
1.11957
1.54143
0.843897
1.50318
0.948724
0.510409
1.27033
1.32404
1.2417
1.02766
1.73715
1.86915
1.62984
1.3941
0.595169
0.874777
0.792889
2.09052
2.00604
1.38833
0.778502
0.783744
1.60581
1.58874
1.9856
1.07569
2.15987
1.0517
1.26094
1.13088
1.82077
1.60704
1.52797
1.36246
1.83737
1.48726
1.21956
1.70433
1.09851
1.72985
1.09796
1.43084
1.37963
1.02363
1.80455
1.41906
2.31019
1.46955
2.14108
1.16978
1.24454
1.54018
1.96479
1.19644
1.74964
1.19429
1.16723
1.15191
1.54626
0.985739
1.03809
1.58477
1.39254
1.73276
1.15265
1.53474
1.41779
1.24692
1.54493
1.63181
1.12938
1.63052
1.81359
1.35039
1.5173
2.16246
2.04299
1.35816
1.45161
0.826286
1.57385
1.89343
1.51607
1.3292
1.59979
1.44085
0.875023
1.61564
1.97513
1.2935
1.71302
1.65733
2.26777
1.71647
1.10346
1.55207
1.80298
1.6069
1.35747
1.17657
1.52323
1.99536
1.39502
1.79577
1.96033
1.94888
1.40463
1.7808
0.9126
1.10101
0.858277
0.580857
1.4647
1.374
1.16603
1.18132
1.78383
1.87804
1.09387
2.20204
0.849133
1.25627
1.22293
1.15749
1.60155
1.80217
0.394481
1.51441
2.18619
1.31521
1.04162
0.934085
1.20103
1.50581
1.76078
1.69283
1.90711
0.896607
1.70345
1.64876
1.40218
1.52757
1.6834
1.168
0.85707
1.48861
2.02456
2.05122
2.1157
2.07052
1.22059
2.15797
2.02342
1.37073
1.18357
1.27238
1.61173
1.36874
1.90376
1.20287
1.59409
0.498732
1.24154
1.29542
1.2418
1.97094
1.67734
1.706
1.22293
1.38007
1.03829
1.23964
1.44597
1.92971
2.21358
1.32366
2.22291
1.89225
1.91541
0.777864
1.94944
1.49223
2.2574
1.09923
1.79037
2.17023
0.965777
1.91871
1.83478
1.78745
1.28614
1.53835
1.95349
0.812096
2.02525
1.79133
1.42477
1.3947
1.46436
1.47219
1.21539
1.32964
0.555096
1.56951
2.1211
1.40215
1.50887
2.11853
1.86545
1.58178
2.13824
1.88978
1.20783
0.954582
1.38906
0.979547
1.52514
1.68889
1.5074
1.36691
1.0177
1.79364
1.58147
1.41298
1.2601
1.11186
1.43889
2.11918
2.097
1.14501
1.5465
1.75941
2.245
1.49636
1.31774
2.41609
2.43912
1.57656
1.22904
1.44473
1.36356
1.5726
1.73492
1.53823
1.86824
2.02742
0.907339
1.25842
1.43525
0.688881
1.65206
1.41588
1.70634
1.94108
2.16754
2.09743
0.995213
1.56893
1.08167
1.29345
1.23864
1.03457
2.07532
1.6315
1.08079
1.85785
0.797687
2.09805
2.02048
1.24487
1.98603
1.52757
1.56591
0.719447
1.83702
2.47379
1.55999
1.82058
1.73671
1.7543
1.90202
1.12913
1.66867
1.82884
1.71576
2.06301
1.14844
1.84614
1.95631
2.04238
1.80398
1.72682
1.59186
1.82979
1.24412
1.20967
1.77229
0.768348
1.78114
0.809821
1.32135
2.30801
1.31212
1.63251
2.13037
1.29131
0.908701
1.20804
1.42733
1.09586
2.12297
1.11132
1.4297
1.80869
1.81177
0.973066
2.06133
1.76227
2.03007
1.491
1.32875
1.64562
1.97582
1.22145
2.01335
2.07038
1.83819
1.43152
2.38004
1.57687
1.28802
1.64248
1.28882
2.08435
1.70505
1.33912
1.58499
1.63192
1.90909
0.602562
2.09169
2.20016
1.31424
2.04792
0.989258
1.38281
0.707644
1.21247
1.75246
1.34745
1.2783
1.29898
1.67186
0.910477
2.02565
1.84186
1.50098
1.59973
1.19403
1.88676
1.86022
1.34544
0.922056
1.13374
0.933857
1.25701
1.88034
1.0086
1.73573
1.26291
1.80154
2.31305
0.941207
1.85316
1.52788
0.949633
0.761356
1.65945
1.30511
0.993408
2.13629
2.23643
1.34238
2.18603
1.59266
0.814422
1.23583
1.7496
1.69391
1.96773
1.16689
2.03642
1.99142
2.30462
2.48962
1.55098
0.818585
1.44719
1.9433
1.11825
1.82297
1.80085
1.71312
1.48267
1.38062
1.50228
1.37608
1.22749
1.85685
2.07791
2.23983
2.24561
1.24874
2.14877
1.84986
1.7292
1.5997
1.06292
1.56567
1.52264
1.56155
2.74846
1.52022
0.775297
1.44042
2.53666
2.27443
0.856108
1.99556
1.95056
1.49939
1.59124
2.11065
1.62215
1.26567
1.03907
1.40679
1.23416
1.35764
1.64481
1.94137
1.12127
1.80914
1.46032
1.5159
1.91275
1.18791
2.31892
1.02427
1.16784
1.51064
1.2516
2.22574
1.52326
1.43106
1.87349
1.51156
0.849168
1.79586
1.32949
2.06872
1.31427
2.0863
1.35155
1.32511
2.37766
1.49394
0.816015
1.35054
1.14355
1.38466
1.37803
0.945438
1.51039
1.5239
1.94023
1.31919
2.27946
1.22755
1.37627
1.63114
0.950485
2.22876
1.82788
0.715604
2.30653
2.24726
1.06636
0.707243
1.27582
0.72049
2.18453
1.38665
1.38758
2.16989
2.10848
1.56597
1.00666
2.23232
1.76829
1.40395
1.75196
1.81332
1.44232
0.873703
1.41999
1.10604
1.46786
2.10126
1.21924
1.29497
1.31982
1.46992
1.73529
1.89718
1.67468
0.693649
1.54665
1.5592
1.94213
1.59503
1.055
1.99744
1.50205
1.66254
1.0235
1.04088
0.67624
1.7769
1.6136
1.54397
2.43628
2.22292
1.74106
1.53258
1.30302
1.92053
2.07778
2.0813
1.61706
1.33761
1.54267
2.11774
1.4546
2.14123
1.67284
0.973214
1.46725
2.07715
1.87051
1.99569
1.5845
0.720917
1.30937
1.54644
1.75621
2.13867
1.15169
1.33391
2.09411
1.08777
1.59924
1.42699
2.18542
0.616516
1.34678
1.43879
1.81535
1.08717
2.27858
1.01674
1.71497
1.07454
1.08432
1.61622
1.74867
1.65753
1.2901
1.56187
1.20464
1.78952
1.89382
0.862009
0.886946
0.67245
1.31377
0.531304
1.01171
2.51155
2.08723
1.435
1.65356
1.955
1.56811
1.74356
1.25278
1.20934
1.56768
1.72133
1.65947
1.37701
1.79558
1.46341
1.30315
1.14814
1.89061
1.40253
1.44944
0.97929
0.816186
1.1266
1.95941
1.36805
1.68659
2.03303
1.45094
2.18595
1.24982
1.514
1.11656
1.40624
1.30842
1.17649
1.20937
1.94128
2.20334
1.56712
1.46636
2.39072
1.86277
1.31048
1.2899
2.11011
1.90485
0.929111
1.38373
1.86835
0.941088
1.29428
1.02612
1.49422
1.33089
1.4819
1.21074
2.04463
1.55053
1.27161
2.0381
1.30628
1.70197
1.39596
1.34732
1.4173
2.08154
1.41452
1.89479
1.20309
1.3195
0.981115
0.946424
1.43162
0.913528
0.86211
0.976667
2.25774
1.27812
1.28923
2.55024
1.76547
1.40008
1.45563
0.795358
1.09956
1.5955
1.28245
2.28524
2.21426
1.59393
1.38187
1.86576
0.946186
1.60498
0.895416
1.45235
2.16584
1.75836
1.6805
1.40494
2.09539
1.88137
0.936081
1.71873
1.76128
0.863023
1.35439
1.55095
0.713441
0.710302
1.87746
1.58625
2.19942
1.05036
1.68315
1.10102
1.40923
1.47579
1.22398
1.40889
2.00342
2.00819
1.61631
2.38863
2.29554
2.11317
1.44467
2.1697
1.75016
1.81561
1.69409
1.99269
2.43869
2.11342
0.86901
1.44866
1.3425
1.37994
1.32095
1.52768
0.971185
2.03102
1.45026
1.11704
1.47415
0.947548
1.82862
1.66309
2.06586
2.3473
1.03773
1.49786
1.07935
1.3522
0.934768
2.37944
1.03757
1.342
1.03034
1.34156
1.30479
0.926029
1.00792
1.95388
1.1663
1.43839
2.01079
1.82382
1.87535
1.12273
1.26698
2.12288
1.28537
1.01036
1.9571
1.73557
1.51779
1.07016
1.01865
2.11232
1.46504
1.68931
1.89492
1.87599
1.65433
1.22669
2.09972
2.02205
1.56662
1.52317
1.61311
1.63221
2.54237
0.782072
1.51859
1.30764
2.29297
1.28844
1.44516
1.65004
1.55261
1.43044
2.17228
1.58886
2.46862
1.64692
1.36232
1.04323
2.18641
2.22113
1.26752
0.859535
2.19495
1.63187
1.05042
1.46841
1.43623
1.27813
0.825343
0.798886
1.96152
2.20581
1.66659
1.38579
1.26047
2.12867
1.66609
1.22982
1.9733
1.79771
1.59772
1.48567
0.776679
1.51272
1.56578
1.84453
1.94783
1.98217
1.50734
0.972518
0.644084
1.45862
0.535402
1.55276
0.845789
1.86595
1.48782
1.06856
1.8687
1.243
1.78695
1.43802
1.07345
1.96205
1.12353
2.10531
2.15067
0.900362
2.10521
2.05722
1.13121
1.40924
1.00733
1.69256
1.67051
1.26982
2.14179
1.54375
2.16537
1.15561
0.723393
1.81045
1.59998
1.6883
2.27713
1.0407
1.41022
0.447656
1.5107
0.887428
2.14165
1.24667
0.976194
0.429525
1.66245
1.68622
1.22346
1.34317
1.44159
1.71503
1.42672
1.69545
1.91907
1.54449
1.8608
2.52405
1.76371
0.862943
1.80056
1.41862
1.52012
1.85068
2.15401
1.97521
1.57727
1.95254
0.66234
1.48414
1.96714
1.98367
1.79734
1.7004
1.29938
1.34538
1.29701
2.02361
2.0775
1.04564
1.87855
1.14997
1.50307
1.91612
0.885713
1.494
1.18184
1.44393
0.82617
1.48769
1.70979
2.13453
1.43704
0.539328
1.46296
0.958388
1.64955
1.56883
1.50893
1.5581
1.96929
1.37868
2.14153
2.09637
0.7719
0.7678
2.01826
1.10726
2.3301
2.54602
1.83032
1.92629
1.70671
1.8197
1.43253
2.56021
2.27239
1.68561
0.849367
1.59601
1.93082
2.08308
1.26898
1.90541
1.03564
1.38684
0.926017
1.14948
0.684561
2.45918
1.87196
1.37682
2.23317
1.7212
1.50792
1.51527
1.4461
0.556466
0.945592
2.10578
2.06979
0.600642
1.54046
2.3857
1.62686
1.39447
1.60639
1.74514
1.54446
1.27174
1.81546
1.65157
0.822715
1.62906
1.6649
1.60471
0.932456
0.748263
1.93977
1.1468
2.38582
1.91755
1.89743
1.36936
1.37647
0.899576
1.24119
2.41898
1.59187
1.76333
1.22003
1.91612
1.74945
1.65592
2.63411
1.18481
1.39749
1.60089
1.72584
2.10329
1.73468
1.32873
1.96443
0.797928
1.47979
2.09689
0.686586
1.47879
1.0323
1.90518
2.10819
1.48206
1.00299
1.52085
1.21048
1.46053
1.72457
2.08689
1.27812
1.05235
1.67247
1.48052
0.972452
1.59289
1.5689
2.02861
2.20606
1.54742
0.728527
1.39403
2.69703
1.62786
2.7649
0.795841
1.83204
2.04861
1.71288
0.834136
0.855942
1.42317
1.44682
1.11865
1.7156
1.5672
2.12447
1.05411
1.85093
0.439729
0.594319
0.980969
1.12517
1.91343
2.02851
1.6539
1.18356
2.08519
1.75115
0.940858
1.77809
1.22265
1.39865
1.5162
1.92095
1.94494
0.606642
2.26646
0.604316
1.28514
1.04664
1.42592
1.39193
1.07549
1.54491
0.741742
1.15699
1.50899
1.29126
1.8457
1.19626
1.75923
2.46217
1.44239
1.77697
2.33685
1.45495
1.09041
1.40537
1.95118
1.05282
1.76196
1.78639
1.51755
1.83348
0.971744
1.77086
0.409843
1.60972
1.85341
1.10423
1.45163
1.58302
1.47619
1.36247
1.98634
0.69169
1.76849
1.84072
1.43773
1.63964
1.95411
0.890115
2.16059
1.06439
2.32957
2.19425
1.53753
1.55145
1.88297
0.900563
1.3236
1.55499
1.76227
1.6823
2.55896
1.52898
1.4122
2.36976
0.683418
1.98394
1.5986
2.31044
1.75587
1.06856
1.15232
1.38352
1.88662
1.66689
1.63077
1.88576
1.41858
1.28474
1.41996
1.79066
0.951456
1.62354
1.49259
1.4707
1.46562
1.20323
1.85946
1.4655
1.63658
1.26394
0.814944
1.39168
1.14003
1.02627
0.696189
1.78583
1.61842
1.01535
1.55438
1.87759
1.75376
1.72337
1.05205
1.58111
1.69262
0.865595
1.79963
1.20134
2.07411
1.13779
1.2013
1.60535
1.29735
1.96601
0.757077
1.15859
1.84783
0.603496
2.15833
1.58459
0.764548
1.62148
1.28589
1.39527
1.11803
2.28841
1.22401
1.36283
1.08393
0.941819
1.83743
1.4861
1.42125
1.74663
1.85243
1.52192
1.90951
1.46489
1.73424
1.27777
2.41464
1.2649
1.59277
1.5924
1.4363
0.975164
1.74223
1.64974
2.07874
1.14596
1.15611
1.14306
1.74805
0.924606
1.58496
1.65464
1.66499
1.71386
1.56958
2.00167
1.47311
2.01137
1.13212
0.924278
1.58221
1.13475
1.75475
1.33359
1.20214
0.827086
1.92125
1.97045
1.82713
1.50055
1.56724
1.57434
1.33553
0.970049
1.51241
0.809303
1.54913
1.58453
0.680766
2.52263
1.79171
1.76992
2.28721
1.89023
2.29704
1.4793
1.84389
1.06347
1.44699
1.00639
1.72324
2.01795
1.80367
0.96975
0.999225
1.78933
1.25822
1.72117
1.47538
1.50942
1.56259
1.71269
1.20631
1.0175
1.14965
1.94343
1.54925
1.80973
1.08644
1.55206
1.28086
1.33956
1.4419
1.76927
1.97695
0.454424
0.543781
0.94351
1.42475
1.40085
1.29339
1.19306
1.11888
1.7687
1.87528
1.19581
0.855027
1.27946
2.5812
1.79108
1.80809
2.0956
1.57898
1.30814
1.37615
1.227
2.04958
0.774056
1.39949
1.25654
0.899353
2.13952
1.4834
1.5699
1.41186
1.65191
1.35518
2.30994
1.8224
1.27277
1.31869
0.753099
2.08803
1.26112
1.4281
2.44042
0.974413
1.50275
1.06083
1.99985
1.3708
2.02063
1.84297
1.99495
2.59944
2.62158
1.81104
2.12558
1.03793
1.90899
0.844725
1.81768
1.19978
0.850745
2.01201
1.38777
1.70382
1.20563
1.53343
1.90528
1.61083
1.62466
2.07763
1.54119
1.88748
1.38013
1.95348
0.910895
1.40617
1.13986
1.94137
1.00074
0.730181
1.72516
1.32026
1.6356
1.42773
2.09774
1.21651
2.24412
1.66849
0.977963
1.44793
1.64251
0.883847
1.2549
1.48757
1.62018
1.20712
1.96185
1.59338
1.42577
0.757854
2.1844
1.6073
2.16409
0.984466
0.78613
1.51935
0.995623
2.03341
0.958048
1.45265
1.37359
2.2812
1.73276
1.05472
2.31581
1.9064
1.89338
1.41583
1.87375
1.71904
1.59185
1.37534
1.92111
0.796646
1.02803
1.26867
0.835554
1.12987
2.00517
2.05866
1.8842
1.26016
1.75542
1.28418
0.847299
1.15224
1.13347
2.08449
1.8185
1.82222
1.44116
0.683435
1.64386
1.52895
0.883399
0.505799
2.64899
1.43682
1.76834
2.21016
0.984859
1.55554
1.82514
1.34138
1.05389
1.56665
1.83424
2.23029
2.15146
1.3532
1.9491
1.92138
0.864585
2.24709
2.38872
2.02993
2.14194
0.854358
0.758258
1.18277
2.10976
0.824121
1.46979
1.40262
0.907649
1.75935
1.69925
1.60056
1.00184
2.25222
1.00897
1.17988
1.10333
2.65792
1.32254
0.946637
1.38134
1.28627
1.1913
0.913505
2.07973
0.977033
2.13109
2.26879
0.749605
1.42434
1.17346
0.979131
1.86539
1.07297
1.14688
1.30935
1.68721
1.1477
1.96952
0.917056
0.727847
1.51969
1.65168
1.15373
2.22776
2.21504
2.07205
2.51816
1.60156
1.36687
1.34551
1.79258
1.47053
1.11211
1.66947
1.7238
2.13188
2.3326
1.6905
1.39757
2.21838
1.50098
1.1342
1.14195
2.33728
0.847741
2.04896
1.47366
1.87964
1.06613
1.33601
1.57159
1.18357
1.62857
0.970574
1.60793
1.031
0.851637
2.03501
1.60599
1.15479
1.30332
1.42201
1.35882
2.48955
1.65378
0.937866
1.86003
1.55767
0.600181
1.71719
1.69334
2.12864
1.02865
1.69631
1.22475
2.1702
1.10981
1.52537
0.627118
1.59402
1.74633
1.31035
1.25478
1.80066
1.70234
1.68469
1.17313
1.25299
2.55964
2.33078
1.59359
0.827903
1.83307
1.18825
0.731095
0.976927
1.14395
0.652169
1.14604
1.60527
1.74722
1.51352
1.96926
1.71035
1.16524
1.86344
0.95895
0.966798
1.40203
1.43722
1.29605
1.40422
0.773278
2.11446
1.34005
1.51779
1.4491
1.38479
2.38648
1.73029
1.52427
1.68653
1.32938
1.61408
1.43322
1.81868
1.16843
1.78377
1.78764
1.44227
0.802515
0.703027
1.49137
1.90163
2.3306
2.53284
0.695061
1.88547
1.49651
2.21686
1.89029
1.68044
0.986611
2.23503
1.24854
1.86746
1.36275
2.28474
1.01997
1.08479
2.36623
1.54027
1.62643
1.087
1.5316
1.34582
1.62289
1.43537
1.24441
1.51639
1.17314
1.60031
1.5375
0.792764
1.14099
2.24459
0.871742
1.52928
1.7267
1.65984
1.48282
1.30169
2.09743
2.64459
0.991705
1.18584
2.31673
1.12569
2.09091
2.4067
1.92021
1.67754
0.900195
1.54498
0.738066
1.67695
1.5545
2.08709
1.29826
1.08907
1.03162
2.07462
1.00471
2.176
1.61192
1.75277
2.2946
1.88387
1.89087
1.33692
1.93846
0.570649
1.82619
1.29789
1.42712
1.45335
1.51834
0.643357
1.14435
1.45506
2.04456
2.07648
1.80217
2.21652
1.16125
1.19186
1.02611
1.68021
1.08582
1.04001
1.52079
1.2944
1.31969
1.22683
1.39554
0.994538
1.65751
1.05627
1.41746
1.41872
1.46028
1.58929
1.12154
1.39342
1.77484
1.10265
1.39943
1.28589
1.57104
2.04025
1.72472
2.18722
1.1026
1.49841
1.56549
1.54342
1.99312
1.42742
2.16106
1.2551
1.48369
1.82124
1.83965
1.64655
1.51969
1.5179
1.3901
2.70313
0.54714
0.969903
1.67391
1.09293
0.26943
0.626049
1.80248
1.75817
1.64368
1.52647
1.05346
1.66404
1.21729
1.0516
1.3161
1.19422
1.43161
1.74774
1.70009
1.86372
2.25762
1.46099
