1.91722
1.15862
1.44159
1.54717
1.68076
1.50971
1.60469
1.28366
1.55722
1.47587
0.948362
1.90382
1.96205
1.69883
1.66947
0.943573
1.30934
0.737689
1.66579
1.72028
1.59772
1.44461
1.67462
1.21853
1.53997
1.17064
1.53991
1.53893
1.38974
1.04139
1.30568
1.76364
1.63896
1.4089
1.76367
1.53704
1.08851
1.35533
1.44621
1.5534
2.2995
1.89164
1.10185
1.3631
1.63144
2.26778
1.78748
0.966511
1.07363
1.21528
1.3523
1.54693
1.09408
1.38078
2.43883
1.33535
1.11292
1.35876
1.17515
1.84085
1.98169
2.06574
1.6201
1.76825
1.94166
2.00429
1.04304
1.05163
2.33007
1.32964
1.12723
1.35176
1.62566
1.61133
1.54833
2.12016
2.00908
1.89189
2.03276
1.47354
0.615258
1.42033
1.98314
1.22793
2.3481
1.15569
1.48708
1.66548
2.38374
2.26922
1.39385
1.45506
1.40723
1.71358
1.42193
1.22844
1.60779
1.41569
1.66613
1.2169
1.97283
1.92196
2.27009
1.33629
1.61659
2.20537
2.17558
1.94911
1.80612
0.839442
1.30194
1.92067
1.34124
2.24045
2.12551
1.56066
1.49009
0.946127
0.964876
1.86605
1.60767
2.21397
1.44208
1.009
1.91605
1.33252
2.02731
1.54665
1.62655
1.20392
1.51935
1.02774
1.14893
1.19058
1.32976
1.27219
1.12149
0.995753
1.35614
1.36166
2.24662
1.94422
2.44708
1.62276
1.57089
2.18991
2.03098
1.36731
0.950341
1.26688
1.1918
1.39624
1.01718
0.881958
2.12045
1.78533
0.598086
0.664036
1.83993
1.343
1.8828
1.88791
1.56456
1.15432
2.02238
1.67224
1.64316
1.73616
1.35873
0.930365
2.21914
2.28966
1.94924
1.58992
1.28341
1.44011
1.25078
0.90377
1.71528
1.5115
1.9953
1.92561
1.28423
1.12217
1.33071
1.83725
1.07977
1.45171
0.859795
1.19659
2.00389
1.83554
1.69151
1.89154
0.91428
1.84564
1.45309
1.55224
0.633621
1.33304
2.06962
0.884989
1.26726
1.81478
0.951602
1.48334
1.27691
2.15702
1.42593
0.711674
1.33089
0.672282
2.00356
1.19045
0.717803
1.20681
1.92092
1.26708
1.48768
1.19789
1.13009
0.928311
1.34685
2.13745
1.8075
2.5329
1.55029
1.29599
1.93794
0.598579
0.938738
2.56575
1.27327
1.65978
1.29808
1.38519
1.54272
1.08105
0.920983
1.71733
2.07477
1.76314
1.19235
0.994571
1.67249
1.23299
1.74474
1.6839
1.87215
1.5486
1.44451
1.91573
1.23916
0.463914
1.33183
1.05444
1.93075
1.40116
1.48402
1.30865
1.36333
2.11238
2.07254
1.72701
1.26317
0.802357
0.591102
1.81466
1.27117
1.83061
1.21402
1.75544
1.47912
0.764608
1.97879
0.774077
0.689316
2.15066
1.77282
1.83996
1.02448
2.1726
2.21214
1.34055
0.770469
1.26817
1.34266
1.59756
1.22437
2.12735
1.90987
1.49802
1.3096
0.835968
1.42082
1.60856
1.46802
1.09611
1.03183
1.75483
0.503382
2.1049
1.20859
2.10618
1.24746
1.21637
1.91088
1.41514
1.53282
0.7354
1.66866
1.54943
1.89354
1.52939
1.76787
1.18017
1.87644
1.71386
0.784136
2.02525
1.96952
1.3158
1.22842
1.63074
1.47194
1.51559
0.932584
1.8797
1.1366
2.09856
1.24274
1.25172
0.606584
0.988776
1.82239
2.02109
2.73255
1.29922
1.00121
2.03444
2.50435
2.41431
1.52512
2.141
1.85551
1.06515
0.768981
0.604932
1.06787
1.72188
1.84224
1.53682
2.12902
1.53282
1.74012
0.501785
2.30013
2.0613
1.69744
1.54079
1.14409
1.69594
1.59576
1.54781
1.5481
1.76622
1.62751
1.56835
0.257807
2.08785
1.03432
1.3319
1.29507
2.37792
1.11035
1.65708
1.17915
1.36592
1.18751
1.38957
1.70954
1.26918
2.12885
1.22664
1.20972
1.50459
1.2585
1.0541
0.576479
0.703393
1.29249
0.771941
1.82915
2.22557
1.49769
2.15589
1.39447
1.28156
2.14586
1.10663
0.999518
1.9073
1.87024
1.40906
1.04013
1.65402
0.860428
1.24347
2.39684
1.32731
0.957486
1.37099
1.02913
1.41109
2.19584
1.76202
1.46034
1.86567
1.84377
1.60926
1.15231
1.84452
1.06048
0.587161
1.23533
1.56915
2.04038
1.48794
0.606714
1.25317
1.52928
2.08652
1.79706
1.45048
1.15412
0.61119
1.9316
0.776576
1.40791
1.03718
1.89499
1.65859
1.10623
1.77684
1.07133
1.73452
1.5137
1.75314
0.804559
1.21941
2.07748
1.87138
1.40296
0.622811
0.953895
1.49789
1.22896
1.48555
0.869822
0.929781
2.09468
1.93866
1.48699
0.960334
0.675954
1.55883
1.30175
1.14958
1.94199
1.89106
1.71318
2.34137
1.61482
0.712368
2.1204
1.69938
0.721819
1.33165
0.684696
0.506979
1.05191
2.1871
1.84694
1.4566
2.0917
1.80005
1.00545
1.0223
1.73192
1.63132
1.14777
1.43389
1.19769
1.671
1.18244
2.20434
1.53395
1.71726
2.27018
1.37557
1.24068
1.35208
1.53172
1.90628
1.44681
1.90971
1.81158
1.56829
1.488
0.69498
1.63398
1.62007
1.36859
2.20144
1.04036
2.2959
2.1439
1.14757
1.39626
1.11453
1.59546
1.10412
1.89991
0.985
2.03341
2.16965
0.669598
1.65329
1.11618
1.01936
1.56317
1.84744
1.54791
1.33463
1.50923
2.25776
2.02677
1.51613
1.07994
2.098
1.65803
1.30226
1.37969
2.19156
1.49596
1.92502
1.02742
1.18922
1.32687
0.723218
2.18811
1.77647
1.35876
1.07217
2.11043
1.97076
1.60022
1.55212
0.944045
1.84957
1.59057
1.22939
1.36463
1.16862
1.57775
1.35441
1.5258
1.20797
1.47777
1.49287
1.34738
1.52262
1.32126
1.98447
1.1169
1.65941
1.53728
1.40048
1.29364
1.17246
1.39149
1.32369
1.96284
1.85354
1.76115
1.76712
1.56575
2.3618
2.20891
1.47666
1.33839
1.12522
0.591292
1.41322
1.65387
1.22923
1.25862
1.49194
1.24235
1.272
1.40506
1.79252
1.84594
1.88946
1.5906
1.7867
2.06442
1.04804
1.43918
1.70309
1.50042
0.740392
1.40045
1.87869
0.788537
2.05978
1.65457
1.80888
1.47127
1.34995
1.23396
1.50927
1.48742
1.59943
1.14617
1.58657
1.93885
1.79634
0.944492
1.03031
1.99233
1.4227
0.623389
1.57433
1.46096
1.68021
2.01908
1.91294
1.72479
1.17473
1.57879
1.85717
1.73041
1.29411
1.17532
2.17919
1.83358
1.76937
0.658222
1.9158
0.808634
1.17551
2.30826
1.15272
1.73675
1.41415
0.914088
1.98574
0.929568
1.51657
2.23482
1.53142
1.20457
1.51694
1.21221
1.68762
1.43463
1.00365
2.26966
1.63196
0.869023
1.40116
1.35862
1.71855
1.46573
1.64114
1.55033
1.4368
1.53548
1.22372
1.44596
1.21031
1.06019
1.86449
1.34554
2.00436
0.896545
1.38474
1.72167
1.28439
1.32297
1.11247
1.82316
0.939404
0.974644
1.76943
1.19599
1.35458
1.19147
1.45426
1.4663
1.79455
1.78633
1.60205
0.68362
2.3178
1.31787
1.55285
1.83448
1.35812
1.86571
1.64747
1.38234
1.6546
1.87778
1.91471
1.17409
2.13627
1.95519
1.91359
2.36067
0.62971
0.744219
0.73612
1.74675
0.829526
1.51345
1.82486
1.04339
1.9367
2.11647
1.61457
1.72006
1.482
0.953768
1.25785
2.66004
2.09574
1.76224
1.55694
1.29967
1.6853
1.43075
1.47062
1.68392
2.08823
0.86441
2.01437
1.79264
0.782523
1.34976
1.73791
1.4265
1.27573
1.90175
1.22469
2.35579
1.09738
0.848879
1.78096
2.09757
1.47071
1.68415
2.0814
2.08787
2.14463
0.785151
1.70099
1.47563
0.981521
1.42617
1.54534
1.68853
1.97293
1.2326
1.5436
1.30855
1.44873
1.18058
1.72491
1.58798
0.563383
1.16963
2.03024
2.2475
0.887656
1.85205
1.08479
1.81083
1.21586
1.27095
0.840571
0.773044
2.16063
1.50454
2.13709
1.40011
1.29359
2.16983
1.06911
1.6853
1.40266
1.76774
1.45388
1.46341
1.16118
1.37273
1.59228
1.80957
1.60468
1.78433
0.899332
2.1241
2.09665
1.58789
1.57019
1.35148
0.957273
0.829349
0.942885
2.20317
1.47734
2.57992
1.49896
0.587328
1.79752
1.46397
1.57006
1.63269
1.23958
1.78286
1.33315
1.14196
2.28554
1.03066
0.479525
2.3093
1.60266
1.65715
0.511947
2.09341
1.21416
0.490346
2.01257
1.80342
1.85524
1.08218
1.00018
1.51944
1.64805
2.15581
1.53795
1.89931
1.71544
0.70691
1.50862
2.01386
1.3879
1.15305
1.52354
1.07987
0.921443
1.67885
1.69148
1.20231
2.1121
2.47127
1.41841
1.05128
1.36612
0.969759
1.82714
1.93983
1.61977
0.434022
0.433379
1.51767
1.89834
1.28982
1.83181
0.928848
1.05571
1.02795
1.19763
1.55297
1.52565
1.52675
1.4463
2.00776
1.14582
1.41369
1.7784
1.67002
2.02484
1.52012
2.22842
0.956667
0.865854
1.95098
2.0078
0.968964
1.47317
1.94127
1.82534
1.36768
1.16454
1.48183
0.950848
1.74572
1.76345
1.28583
1.24897
1.83696
0.812964
1.52335
2.27166
1.62371
0.851372
1.83181
1.0717
1.62221
1.52702
1.15672
2.01734
1.64091
1.47801
0.647153
1.05602
2.36189
0.978037
1.37195
1.66928
1.94927
0.6154
0.96873
2.2158
1.06856
0.511997
0.983527
1.00264
1.17587
1.27088
1.02408
1.5035
0.759856
1.84954
1.51547
2.51551
1.4092
1.82027
0.709126
1.18659
1.65568
2.47954
0.928311
1.63661
2.42762
1.83516
1.63994
1.21035
2.01093
0.727483
0.928011
2.57763
2.41276
0.5564
1.98301
1.74709
2.19644
1.03836
1.60639
1.72299
1.06382
2.2723
1.99221
1.9684
0.804319
1.60938
1.22878
2.01184
1.23318
1.64276
2.07366
1.607
1.01517
1.19054
0.617127
1.9733
1.90368
1.28519
2.16705
1.43288
0.324952
0.483762
1.2608
1.7457
0.598705
1.84503
1.68998
2.14585
1.15733
2.0024
2.22909
0.897268
1.2017
1.42977
1.95138
2.19745
0.946489
2.06058
1.50338
1.16451
1.55804
0.992281
1.40283
1.18844
2.05033
1.18581
1.57901
1.2944
0.990125
0.955621
0.909303
1.4596
2.32867
1.272
1.28519
1.87267
1.52012
1.61213
2.47436
1.4403
1.03105
2.02858
1.58447
2.04524
1.65261
0.9533
0.88523
1.28644
0.764872
1.29637
0.930468
2.30846
1.04959
0.939635
1.90518
2.28085
0.805995
1.04951
1.79465
0.846184
1.78045
1.61091
1.84833
0.954148
1.42385
2.15513
1.36974
1.12462
1.48429
1.10419
1.37867
1.36201
1.17498
2.17982
2.21445
2.16986
1.27238
1.83351
2.08176
1.72892
2.18722
2.56466
1.46587
1.77912
1.33384
1.85647
1.21051
1.33528
1.99305
0.982265
1.68916
2.06385
0.93379
0.994371
1.60877
2.12298
1.32108
1.77161
1.67929
1.21742
2.04443
1.31605
0.799263
1.2601
1.51608
1.96629
1.65366
1.5092
2.00193
1.0545
1.16131
1.21732
1.74492
1.56738
1.64646
1.67142
1.6596
1.54925
1.74527
1.25887
0.660267
2.38455
0.932644
0.951015
1.38049
1.32592
1.67617
1.25633
0.921754
1.5454
1.64254
2.08646
2.25109
1.67594
0.924197
1.98807
1.06737
0.69053
1.65445
1.59933
0.681247
1.81296
1.13717
1.86982
0.862525
2.0026
1.56768
1.21318
1.46734
0.655637
0.780296
2.17512
2.20495
1.30185
1.98813
2.35403
2.39989
1.72628
1.00421
1.35765
1.77369
2.2042
1.82966
1.49076
1.17511
1.6992
0.974502
1.61433
1.34754
1.3457
1.87755
1.64441
1.58795
1.89826
1.62459
1.50401
2.03518
1.35001
1.56005
1.923
1.16031
1.69022
1.15415
1.08947
2.38728
2.16946
1.88406
1.9232
1.54087
1.08706
1.73401
1.8074
1.36354
1.16783
2.08099
2.12481
1.99737
1.09885
1.60266
2.01994
1.31458
1.04169
1.63956
1.75438
2.63832
0.995261
0.813515
1.38592
0.971655
1.9999
1.6858
1.39331
1.82748
1.65828
0.894326
1.05609
1.56955
1.75444
1.06087
0.725496
1.73208
1.46869
0.831086
1.90169
0.844057
1.70942
1.58274
2.59795
2.03915
1.33322
1.79966
2.0386
2.16487
1.84776
1.50446
1.09193
1.51381
1.37049
1.51564
1.33472
1.85886
1.10047
2.45156
1.01855
1.53072
1.61702
1.27289
1.22637
1.46482
2.014
1.77884
1.40227
1.56414
1.83256
1.72127
1.17228
1.39341
1.48484
1.30916
2.24344
1.2887
1.00661
1.31824
1.78026
1.16776
1.45844
1.83527
1.16889
1.96794
1.42385
2.28057
1.10033
2.09468
2.07814
1.54171
1.62484
1.75072
1.01159
1.32366
1.88368
1.20294
1.84776
2.62747
1.64557
1.34328
1.3596
1.29029
1.54183
1.64
1.29526
1.64456
1.76684
1.45913
2.00006
1.71434
1.5686
1.98413
1.70801
2.13879
1.4447
2.01643
0.878194
1.07168
2.11382
1.81202
1.29865
1.79859
1.26407
2.21492
1.33281
1.27749
1.23942
1.09473
1.61848
1.71201
1.55993
1.44061
1.70717
0.843969
0.892846
1.12638
1.3161
1.18391
1.28398
1.12739
1.33692
2.12145
2.01569
1.71781
1.74421
1.82859
1.78033
1.4273
0.701351
1.88317
1.68739
1.86232
1.48769
1.48242
0.928643
1.92109
1.59656
1.74558
2.05122
1.11464
1.48022
1.15819
1.49216
0.825208
1.77067
1.6791
1.3247
1.7201
2.35185
1.19854
1.61462
1.08558
1.53783
2.35014
1.20889
1.20052
1.4358
2.28335
1.44984
1.89633
2.15097
1.61054
0.998942
1.49758
1.78932
1.24374
0.973401
1.26263
1.33554
1.94304
1.21504
0.901396
1.9597
2.05102
1.3126
1.8503
2.49248
1.99307
1.99771
1.79336
2.08378
1.59375
1.93391
1.59894
1.63497
2.00183
1.82688
1.42659
1.52598
1.52409
1.31295
1.11706
1.04423
0.861875
1.40531
1.55209
2.0012
1.59711
0.970788
1.51975
1.25837
1.30318
0.743256
1.7807
1.92808
1.30549
0.691507
1.27135
1.83334
1.84421
1.48745
1.85787
1.49532
1.95681
1.41614
1.344
1.45491
2.04284
1.26837
1.54247
1.3542
2.25243
0.741918
1.77603
1.69047
1.73412
1.07367
1.34087
1.54719
0.781862
1.65369
1.34231
2.10118
1.79245
1.93797
1.60413
1.85431
1.34801
1.17689
1.97191
1.51449
1.44164
0.714611
1.36326
1.13016
1.75283
2.40663
1.71713
1.45967
1.19002
0.995826
1.57
1.65494
1.75768
2.29368
2.45896
1.28577
1.42786
1.23013
2.04737
1.52989
2.03988
1.42714
2.10216
1.36809
1.48561
0.922235
1.14197
1.66407
2.279
1.01271
1.01229
1.3132
1.27933
0.952019
1.91931
1.74316
1.08686
1.40611
2.53386
1.70557
1.93873
1.67984
0.870942
0.935032
1.65384
1.4347
0.728581
1.04607
2.00796
0.763499
1.09312
1.82636
1.60486
1.62771
1.93872
1.59521
0.992807
1.80888
0.927866
1.15238
2.15118
1.2778
1.84668
0.825049
0.979596
1.19826
1.93317
1.60669
1.47728
1.51226
1.52115
1.12556
1.56557
1.79046
2.23588
2.44319
0.906007
0.891955
2.23719
1.28194
1.11424
1.59582
1.83118
1.72509
1.88066
1.34838
0.72408
0.504364
1.47194
2.15781
1.2037
0.80982
1.51645
1.25524
1.98508
1.91194
1.45273
1.51394
1.09006
1.94415
1.13639
1.69489
1.4273
1.69763
1.46713
1.49414
1.29526
1.4063
1.58252
2.60022
1.74545
1.42563
1.46801
1.35164
2.36036
1.69843
1.27608
1.41763
1.33309
0.979326
1.48362
0.755239
1.53814
0.995654
2.09891
1.70856
1.1833
1.83072
1.20522
1.74533
1.41072
1.39192
1.95595
1.88204
1.78533
0.746273
1.37767
1.43443
1.15485
1.65116
1.93121
1.53062
1.92783
1.10549
1.14878
2.22347
1.14944
1.69883
1.4305
1.07873
1.38373
1.23916
1.51718
1.59027
1.81246
1.6928
1.79709
0.954753
1.79658
1.82001
0.789416
1.62065
0.854688
2.04478
1.25091
1.29225
1.12462
1.42705
1.82134
1.5364
1.15165
1.6896
1.69207
1.5773
1.37263
1.66248
2.41998
0.849365
1.99355
0.759288
1.65763
1.33102
1.99194
1.31477
1.29821
1.70314
1.17233
2.35034
1.37256
1.05084
1.73721
1.67017
1.45321
1.70129
2.13267
1.30302
2.03873
0.81057
1.35264
1.05216
1.36151
1.71911
2.01444
1.52925
1.47884
1.22768
0.834998
0.857712
1.62517
2.18651
1.52051
0.681997
1.39689
1.55483
1.99095
1.8175
2.50133
1.46857
1.83446
1.46624
2.30828
1.40512
2.0419
1.84516
0.729341
1.81979
2.09566
1.88579
1.20776
1.66714
1.08914
1.57177
1.26221
1.00683
0.866908
1.75935
2.34967
2.00538
2.0351
1.24055
0.574086
2.26409
1.95059
1.71787
1.33621
1.83959
1.60223
2.1161
0.840927
0.804492
1.06005
2.12429
1.19376
1.34522
1.72327
1.32856
2.10677
1.39047
1.44602
1.72756
2.59435
1.98041
1.82184
0.668979
1.39404
1.97549
0.700917
1.24831
1.18324
2.3044
1.66928
1.65837
2.31751
1.62307
1.85939
1.43759
1.43825
2.22673
2.0798
1.33058
1.7979
1.16771
2.28742
1.75879
1.60352
2.30071
1.47869
2.4022
1.045
1.55128
1.90074
1.62386
1.92359
1.63572
1.71689
1.01431
0.913323
2.14686
2.30021
1.49048
0.942491
1.92699
1.12468
1.49673
1.37929
0.744926
2.01474
1.56314
1.94468
1.75692
1.80386
1.1259
1.92665
1.57318
1.49235
1.09737
1.53322
1.46611
1.93225
1.11642
1.54241
1.27366
1.9674
1.28764
1.65249
1.22705
1.56228
0.837032
1.38113
2.17102
2.2744
1.53624
1.22434
1.98519
1.39413
1.5733
1.78649
1.19008
1.44541
1.34234
2.31888
1.5964
1.14971
1.54577
1.82483
1.69742
1.07545
2.53184
1.27688
1.49094
2.1055
1.63554
1.63869
1.05768
0.914458
1.72071
2.28749
1.6596
1.42588
1.19475
1.24757
1.24209
1.97708
0.760138
1.39918
1.81629
1.67629
1.71834
1.00515
2.14441
1.57931
1.09765
2.0376
0.512152
1.62722
0.779822
1.67941
1.65139
1.56842
2.33497
0.679826
1.0108
0.677832
1.72942
0.886303
1.80066
1.59906
1.46329
1.82474
1.70597
0.899171
2.10948
1.50342
1.54565
0.695765
1.55395
1.08734
0.779692
0.838319
1.51971
0.551171
1.3238
1.973
1.42317
1.45801
1.43015
1.78483
1.16643
2.19448
1.53398
1.19176
1.47735
0.94708
1.65127
1.3547
1.67812
1.45767
1.91314
2.01424
1.63321
1.53176
0.677034
1.65574
1.71756
1.61549
1.01167
2.30048
0.594308
1.90793
1.51235
1.49112
1.30947
1.32107
1.47789
1.47151
2.3365
2.23426
2.33824
0.961974
0.728276
1.7122
1.51688
1.45371
1.95092
1.65274
0.5469
1.49066
1.34382
1.47626
0.325564
0.96978
1.68101
1.1767
1.74806
1.66241
1.2281
0.935584
2.00435
1.43974
0.724945
0.829939
1.68699
1.75252
0.811561
1.27844
1.4318
1.56915
1.31452
1.34382
0.815491
1.69403
1.24866
1.46829
2.14918
1.34369
1.31679
2.19015
1.60938
1.49437
1.85043
1.47628
1.72336
2.01874
1.40361
0.811841
2.15672
1.59387
0.960006
1.17088
1.72096
1.8135
1.88411
0.971652
1.13781
1.95348
1.50596
1.59747
0.873195
1.65121
1.49835
1.82439
1.26381
2.20188
1.83848
1.24425
1.58081
1.29147
2.47974
1.80499
1.18073
2.24512
1.38876
2.05987
1.13151
2.35628
1.68426
1.23499
1.70496
2.36001
1.76613
1.28928
1.56939
2.20856
1.54656
1.62472
1.86915
0.982964
1.44288
1.77809
1.81668
1.30854
1.31382
1.99433
1.9343
1.64224
1.46823
0.827305
1.77753
1.24519
1.4307
1.48402
0.898017
1.53777
0.865126
1.43741
1.09798
0.841784
1.53624
1.51847
1.34012
1.14238
0.848781
1.74184
0.700062
1.52088
1.51492
1.0245
1.5758
1.99497
2.04393
1.75302
2.16399
1.54174
1.63309
1.70712
1.28092
1.54836
2.08788
0.978113
1.54141
1.63389
1.87452
1.73462
1.13314
1.7991
1.97105
1.64349
1.82266
1.89248
1.85538
1.87519
1.5827
1.12108
1.95928
1.47136
1.42594
1.08092
0.904684
2.13332
1.70998
1.31092
1.11098
1.71993
1.19022
1.87733
1.40274
1.50749
1.38373
1.28538
1.3096
1.11369
1.44279
1.14267
1.68156
1.18123
1.00105
1.53343
2.51245
1.45309
0.898022
1.1017
0.963973
2.31148
1.58319
0.984666
1.31149
1.32372
1.26915
1.49219
1.20065
1.82903
1.8006
1.75665
1.191
1.91787
1.63181
0.547099
2.03813
1.44798
2.5468
0.95088
1.69508
1.31806
2.0235
1.51672
1.62142
1.61066
1.6389
1.28195
0.948292
0.436642
1.59553
1.34749
1.48481
1.39918
1.57482
1.64451
1.53353
1.67174
1.52849
1.65065
1.34989
1.83717
0.98274
1.80014
1.40845
1.16251
1.15322
1.93587
1.47194
2.25265
1.91878
2.4245
1.39791
1.69594
1.95322
1.22236
1.52537
1.47795
1.36434
1.25663
1.62511
1.0441
0.830567
1.36955
1.28284
1.71343
0.837492
1.87548
0.846936
1.60513
0.433718
0.873604
0.847983
1.63279
1.4974
1.46047
1.03744
1.01964
1.23405
2.43536
1.12567
1.84092
1.47409
1.92098
1.85778
2.22121
1.42848
1.48377
1.51804
1.58795
1.72512
0.600281
1.17332
1.96519
1.02048
1.2667
0.987674
1.26658
1.49336
1.50654
1.50699
1.90098
1.80926
2.46103
0.966415
1.60132
1.78528
0.568042
1.19814
1.20333
1.83244
1.16215
1.26519
1.23868
0.830072
1.2661
2.16349
1.72327
1.44613
1.09888
0.931689
1.3297
2.17414
0.54441
1.72948
1.51003
0.875741
1.42424
1.31994
1.77572
0.889786
1.6371
1.41502
2.43213
0.625531
1.08783
1.67137
1.33196
1.48267
1.58227
2.1823
1.57336
1.58834
1.33383
1.56664
1.66895
0.839616
1.53357
0.671335
1.52726
1.4976
2.2542
0.905785
1.31793
1.34344
1.60007
1.96106
1.24145
2.22865
1.52554
1.17564
1.41795
1.33905
1.86634
1.2435
1.66438
2.03368
1.65794
1.11185
0.644034
0.985127
1.98341
1.45795
0.768253
2.23015
2.79113
2.05137
1.26321
1.65702
0.775409
1.32531
1.39868
1.38411
1.4105
1.8163
1.29221
2.00985
1.04395
1.15178
2.29066
1.85552
1.05483
1.77379
2.22853
2.11995
1.46464
1.57611
1.93832
1.10146
1.92457
1.33139
1.87041
1.7964
1.73499
1.61989
1.35001
1.15178
1.78533
1.80655
1.44841
1.41557
1.74331
1.09073
1.52097
1.57672
1.50376
1.27206
1.96881
1.07811
0.99829
1.39459
2.14964
2.32615
1.53185
2.1131
1.62955
0.703472
1.13924
0.791716
1.48831
2.14933
1.29369
2.30647
1.59265
2.04922
1.10331
1.85513
0.830862
1.40982
1.20692
1.28016
2.5724
1.42792
1.61757
2.24049
0.392569
0.850421
1.40376
1.24093
1.98895
1.24892
1.4342
0.728286
1.77758
1.87772
1.24028
2.17479
1.74006
1.54272
1.3166
1.04261
1.89998
1.95309
0.457361
1.33347
1.19054
2.16688
2.48597
1.76234
1.91863
1.92349
1.35159
1.8991
1.37509
1.74198
1.36756
1.38659
1.293
2.10801
0.861322
1.38895
2.23581
1.8237
2.03374
0.823299
0.833424
1.40413
2.22051
1.73735
2.24692
1.29729
1.87551
1.95056
1.90288
1.51266
1.75128
2.80001
1.45875
1.60999
1.66904
1.3552
1.66891
1.84675
1.56274
0.668657
1.79984
1.61121
0.68704
1.59955
1.52974
1.05106
1.29764
1.47553
1.93095
1.52122
1.6192
1.37895
0.79367
1.92476
1.12286
1.34128
1.37447
0.771779
1.50702
1.36893
1.48189
1.5536
1.0938
1.55291
1.75531
1.61998
1.98277
1.51747
1.09618
1.57374
0.664349
2.08469
0.797143
2.12148
0.871333
1.44851
1.24664
1.50153
1.55432
1.77603
1.41539
0.798084
1.52216
1.53814
1.96211
1.65298
1.2771
0.915388
0.737223
1.23124
0.880391
2.00153
0.965408
1.3258
1.02942
1.95637
1.46938
1.77154
1.35211
0.804662
1.79396
2.06462
1.85767
1.85653
1.15038
1.34288
2.04491
1.27535
1.15116
1.52256
1.43931
1.36767
0.914774
2.32537
1.49749
0.763662
1.12415
1.67252
1.94258
0.937823
1.1472
2.21876
1.01849
1.48941
1.39683
2.34698
1.63439
2.45956
1.47556
1.28414
0.758234
1.50978
1.56915
2.16971
1.89177
1.09601
2.11903
1.14283
0.968397
2.05992
1.23397
2.28656
2.36954
1.50614
1.53879
1.71861
1.61524
1.13192
1.25978
1.31854
2.00187
2.06837
1.36182
1.45567
1.29205
1.01521
1.16862
1.64153
1.54797
0.790977
1.40005
1.8197
1.79039
2.11175
1.95137
1.33987
1.32447
1.5305
1.4427
1.50312
2.07732
1.99932
1.87852
2.1057
2.23898
2.05143
1.48628
2.31083
1.64882
1.26368
1.94226
1.47728
1.04114
1.922
1.44215
1.60449
1.80229
1.36232
2.11293
0.937955
2.25436
2.25607
1.43537
1.49449
1.34773
1.20856
1.13881
1.25143
1.18074
1.99972
1.56825
1.07357
1.33774
1.62218
1.62563
1.86108
1.36706
1.59018
1.95257
0.710168
1.93336
1.41861
2.18082
1.03325
1.37276
1.86481
1.68365
1.34557
0.613725
0.938005
1.34619
1.8512
1.7475
2.08543
1.55944
1.40648
1.45647
1.99761
1.56959
1.00762
1.80047
1.56586
0.863518
1.55462
1.19297
0.839455
0.491132
1.07211
2.25828
1.86876
1.50572
1.30561
1.18884
1.24235
1.79537
1.10437
1.73514
0.905788
1.43679
1.19757
2.19767
1.30028
2.05919
1.12045
1.75382
1.22722
1.84941
1.23606
1.21475
1.46002
1.92112
1.56683
1.74979
1.45871
1.58331
1.05682
1.90797
2.36272
1.53806
2.50347
1.71354
1.26503
1.74849
1.58715
1.826
1.08716
2.05069
1.35539
1.31898
2.01712
1.09676
2.00914
1.27992
1.73332
1.6834
1.28083
2.37771
1.8782
1.50244
1.30878
1.83036
1.96191
1.25618
1.57989
1.40599
1.39614
1.21748
1.51544
1.10073
1.13717
1.45973
1.08278
2.03876
2.09935
1.58004
1.90705
2.13627
1.59369
1.98067
1.39258
2.62371
1.95387
1.49868
0.890317
1.47654
1.85516
0.528244
1.46166
1.69028
2.16724
2.04415
2.05119
0.774614
0.729375
1.29669
2.31024
1.59582
1.88491
1.48962
1.1301
1.17584
1.36787
1.40902
1.71217
1.87765
1.12672
1.40933
1.40698
1.74844
1.72751
0.566483
2.29754
1.5236
1.18903
1.98534
1.46277
1.5254
1.67695
1.84225
1.11615
1.53783
2.46501
0.986476
0.990312
1.05048
1.33033
0.609584
0.813961
1.08001
1.54455
1.66364
1.15349
1.15171
1.51813
0.4443
2.02138
1.81683
1.52934
2.06838
1.52203
0.756567
1.10946
1.59436
2.15591
1.47052
1.17862
1.52463
2.11773
1.56768
0.511904
1.649
1.17475
1.64239
2.36739
1.87568
1.72973
1.31763
1.86698
1.0786
1.1066
0.711514
1.73573
1.74353
1.66836
1.03061
1.51669
1.74576
1.46458
1.37732
0.923269
1.24352
1.85208
1.41986
1.46148
1.66631
1.84047
1.21859
1.45355
1.32161
1.78464
1.52749
2.10654
1.55546
1.61506
1.50416
2.46292
1.97668
0.60389
1.16225
1.23438
1.73127
1.79102
1.67091
1.7546
1.38907
1.42795
1.38063
1.23135
2.13033
1.54717
1.46099
0.946793
1.84592
1.81541
1.46424
1.84992
2.8651
2.47197
1.81124
1.61995
1.7928
0.939413
1.3173
0.808975
2.02192
2.0548
2.13526
1.3011
1.65782
1.54577
1.1275
1.15437
1.21241
2.20477
0.892687
1.12005
2.30483
1.51327
1.47372
1.15766
1.49235
0.890301
1.25008
1.36594
1.51309
0.67405
1.06962
1.71294
1.99868
1.19143
1.42526
1.57864
1.27879
1.22197
1.79308
1.12816
2.27695
1.09847
1.36051
1.03972
1.8813
1.47893
1.88971
1.31098
2.03928
1.18679
1.72343
1.48013
1.63328
1.66355
1.21241
1.80907
2.0326
1.38019
1.50881
2.44615
1.33303
1.84858
1.25362
2.07073
1.75066
0.907265
2.38765
1.07305
1.82505
1.80266
1.06082
1.71081
1.63271
1.82997
1.13744
1.58453
2.10224
0.961084
1.59527
0.895189
1.56422
1.42822
1.88041
1.49985
1.58227
1.70203
0.68497
2.22255
1.46972
2.46065
0.847229
2.37916
2.32709
1.50272
1.23841
2.11753
1.51999
1.37652
1.99446
0.661858
2.02259
2.08836
1.5516
1.9221
0.872079
0.995306
1.42724
1.44664
1.14917
1.72293
1.99081
1.57293
1.95549
0.921902
2.20486
1.37561
1.16503
1.54266
1.46614
1.06131
1.28399
2.42368
1.26605
1.45075
1.55975
1.51339
1.89287
1.80636
1.59061
1.86073
1.30704
1.47427
1.54668
0.592977
1.87612
0.765358
1.6861
1.5585
1.45051
1.68611
1.37304
1.58804
1.31019
2.22141
2.09017
1.07993
0.903395
1.8058
1.6653
1.20352
0.973448
1.32703
2.32591
2.00402
0.559745
2.0373
0.590271
0.795553
1.36689
1.26349
1.54452
1.30308
1.02533
1.65788
1.54595
1.02537
2.03909
1.62766
1.78327
1.5529
0.247077
1.64384
1.42187
1.16525
0.977078
1.74278
1.20715
1.65229
0.570413
2.25951
2.32273
1.18419
2.10499
1.51899
1.38143
1.74678
0.761952
1.17329
0.736691
0.430776
1.1069
1.52433
2.27524
1.20104
0.383579
2.43875
0.668334
0.725604
1.45137
1.99678
1.56597
0.816202
0.802742
1.58831
1.36275
1.55248
1.65163
1.95013
1.57486
0.941894
1.76177
0.800331
1.31578
1.67577
1.61575
1.53447
1.40308
2.42571
1.40927
2.11032
1.43496
0.689684
2.023
0.891325
1.71315
0.971731
0.809357
1.98699
1.71892
1.10641
1.44821
1.84399
1.30552
1.96588
1.71512
2.23729
0.439405
1.18318
1.08444
2.45003
2.07644
1.86126
0.885422
1.26102
1.4302
1.7475
1.03118
1.36107
1.01741
1.94774
1.41854
1.75537
1.56667
2.24561
1.06207
2.00522
2.06565
1.32806
0.777233
1.81897
1.99865
2.32463
1.41928
1.14744
1.58885
1.63179
2.31266
1.74474
1.12975
1.4666
0.6248
1.5045
2.17204
1.85513
2.03483
1.65794
1.32582
2.12713
1.35189
0.968319
1.54992
2.11567
1.0563
0.980681
2.17552
1.02741
1.65831
0.459046
2.17471
1.25945
1.75836
1.34282
1.76675
1.98281
1.24042
1.13616
1.87835
1.27149
1.32228
2.1811
1.40246
1.9668
1.73554
2.51172
1.35633
1.26112
2.13658
0.907713
2.19909
1.29072
1.94901
2.02416
1.06353
2.19895
1.24707
0.642871
1.08493
1.3597
1.67094
0.914718
2.31689
2.19718
1.87157
1.1341
2.05115
1.53184
0.832324
1.20103
1.51529
1.06612
1.8038
2.2713
1.92145
2.20521
1.64582
1.61033
0.914483
1.40964
1.60114
1.22106
0.718315
1.6609
1.58636
1.60938
1.02698
1.97464
1.4427
0.775894
1.99834
1.1263
1.31793
1.61759
1.0859
1.08745
2.07253
2.27717
1.23497
1.79149
1.0449
1.47053
2.66573
1.07508
1.98448
1.13663
1.76047
1.39803
2.1295
1.4542
1.27532
1.84602
1.21579
0.942082
1.25741
1.29478
1.54082
1.3967
1.87305
1.85602
1.89408
1.75469
1.55888
1.27315
1.50251
1.83775
0.989391
1.00953
1.92255
2.39778
0.928241
2.53542
1.50423
1.09855
2.01423
1.85437
1.55954
1.55474
0.856079
1.11975
1.41817
1.62307
1.68595
1.38668
1.42553
1.30579
1.53569
1.28512
1.69437
1.49779
0.848418
1.67542
2.0992
1.87017
1.37553
1.5236
2.3098
0.796927
1.52001
2.48347
1.36592
1.45395
1.29091
1.05696
1.68303
1.643
1.56677
2.2821
1.37171
0.82218
1.9475
1.91832
1.42233
1.92034
1.77831
1.85688
2.18604
1.17667
0.926251
1.16989
1.60483
1.70776
1.16708
1.18659
1.61702
0.828197
1.67462
0.862169
0.780979
2.05068
1.58276
1.53339
1.84681
1.15018
1.80116
0.921354
2.05933
1.7113
0.86373
1.90938
0.782885
1.87495
2.12831
1.6068
2.22015
1.60016
1.42644
1.82644
1.13817
1.79283
1.9021
1.00154
1.19758
1.71105
0.675817
1.17564
1.12198
1.30842
1.47752
1.79712
1.53343
1.45825
2.03116
1.2583
2.11156
1.97682
2.02473
1.11532
1.09093
1.86411
1.74025
1.74392
0.711696
1.4743
0.687424
2.0184
1.36388
1.9331
1.38
1.84502
1.58331
1.79614
1.51839
1.67612
1.72565
1.88445
1.09132
1.63034
1.67689
2.36887
1.16731
1.08906
1.21165
1.07697
1.0491
1.01943
1.34554
0.986647
2.26188
2.08003
1.4585
1.50633
2.05531
0.961525
2.421
2.02925
1.42136
1.51999
1.29104
1.49553
1.58142
1.41533
1.70006
2.00409
1.07938
1.28557
1.765
1.26019
1.64368
1.50483
2.21702
0.685744
0.959664
1.02857
1.45745
0.908363
1.70425
1.16985
1.66407
1.81611
1.43186
1.43513
0.886011
1.51069
1.70222
1.90072
1.39459
1.49962
1.56054
1.91236
1.5081
1.37055
1.54479
1.3557
0.897778
1.94983
1.47041
1.53899
0.934926
0.821266
0.943996
1.5151
1.37509
0.847911
1.25503
0.974369
1.4097
2.12203
1.63909
1.23948
1.77092
1.31461
1.98278
1.74601
0.928467
1.83642
0.878465
0.903997
1.46034
1.08052
1.75656
1.72238
1.20117
1.28045
1.56063
0.908273
0.760746
2.3424
1.63902
1.58181
2.03784
1.07361
1.88355
1.7171
1.55255
1.58874
1.35401
0.99745
1.91586
1.28815
1.52838
0.855712
1.57104
1.52097
1.60303
1.71747
1.45752
2.02484
1.1678
1.63046
1.29646
1.227
0.336573
1.09092
1.48138
1.49198
2.15354
2.30639
1.03877
1.56819
2.54257
1.16968
1.89992
2.32799
1.10471
1.82444
1.6576
1.74604
1.34181
1.55975
1.27972
1.71645
1.33522
2.25601
1.61298
1.72707
1.15553
1.72707
1.18416
1.59619
2.00175
2.14704
1.12989
1.80704
1.3655
1.35751
2.17249
1.94083
2.10082
0.755193
1.35151
0.962781
1.7125
1.69877
2.46017
1.98554
2.14811
2.06504
1.2811
1.54867
1.56335
1.21455
1.66754
1.53844
2.10045
1.03615
1.44934
1.87273
1.58685
1.00946
1.34544
0.754628
1.83092
1.12367
2.63718
1.68936
1.50728
1.67069
1.26989
1.91618
1.89657
2.04208
1.95874
1.36944
2.16518
1.8936
1.41168
1.68988
1.75209
1.21839
1.11321
1.19836
2.04688
1.51795
1.41557
0.804749
2.05985
1.04026
1.99985
1.33029
1.37492
0.92487
0.943411
2.00934
1.88073
1.4265
1.58685
1.47305
1.37246
2.40507
1.18375
1.71121
1.41471
1.54478
1.84766
1.04719
1.53765
0.866032
2.05761
1.09677
1.42216
1.55382
0.962125
1.38895
1.3027
2.04848
1.41608
1.90983
2.12904
1.62435
1.81441
2.01954
1.25945
1.96429
1.90337
1.38
1.06646
1.49054
1.42057
1.25313
1.78815
0.471863
1.7632
0.902446
1.63505
1.3263
1.79102
1.54063
1.32976
1.43426
1.0935
1.8444
1.27545
1.43038
0.927693
2.12211
0.924715
2.07658
2.33777
0.656906
1.16111
2.41155
1.23416
1.79213
1.09072
1.74939
1.98895
1.46863
1.56292
1.51584
1.30049
1.58303
1.6582
1.42344
1.89718
1.58258
2.01406
1.47709
0.939016
2.24605
0.68277
0.86616
1.13377
1.41613
1.53972
1.26282
2.34546
1.52629
2.49447
0.712733
1.45666
1.68979
1.76569
1.76283
1.54946
1.79402
1.40141
1.7853
1.35314
0.766744
1.9015
1.6129
1.43117
1.00524
2.16365
1.46949
1.37755
1.25843
1.07597
1.52976
1.36736
2.01352
2.06902
1.37559
2.54517
1.46139
1.44854
1.11785
1.43824
1.15982
1.27308
1.81629
1.8015
1.57995
0.931045
1.65476
1.59256
1.64943
1.4933
1.56396
1.01503
0.860215
1.00863
1.08664
1.88676
1.37204
1.20009
1.93349
1.58911
1.47613
1.70905
0.874381
1.4774
1.75233
1.74083
1.48016
1.53936
2.01437
2.68698
1.83048
1.28016
1.73202
1.91956
2.26944
0.598989
1.57495
1.26503
1.0737
1.71022
1.14822
1.32161
1.30771
2.07191
1.80424
1.12449
1.24403
0.801185
1.38187
1.22308
1.45982
1.52384
0.945169
2.28511
1.35612
1.79002
1.35815
1.98141
1.47961
2.31672
1.89524
1.11967
1.85446
2.25249
1.63303
1.79903
1.6148
1.0958
1.2098
1.74477
2.02868
2.20397
1.56263
0.990201
2.09948
1.78539
1.83572
0.961082
1.29415
1.26433
1.93036
1.27401
1.31591
1.02714
1.77351
1.02849
1.46556
1.6073
1.96515
1.85284
2.34636
2.09031
1.81674
1.3792
2.03932
1.13205
1.11987
1.96972
1.19396
1.4403
2.28206
1.68472
1.30825
1.13171
1.22839
1.01825
1.22528
1.15419
1.80285
1.45025
1.26125
2.00197
1.41638
1.64025
1.53362
0.727463
0.958412
1.33717
1.5396
2.10461
1.46243
1.67941
1.78327
1.84313
1.46274
1.52806
2.29686
1.70049
2.35385
1.11408
2.21363
1.85271
2.0043
1.07237
1.69305
2.27977
1.27027
1.06127
0.75811
1.43316
1.96879
1.15085
1.42261
0.818803
1.6539
1.52849
1.41293
1.31512
1.6092
1.69933
0.893175
2.26341
1.64393
1.06229
2.10435
1.94944
0.664591
1.46059
1.51351
1.04191
1.45507
1.26847
1.56726
2.26617
1.3274
1.50165
1.62172
1.22453
1.43576
1.52131
0.907062
1.74985
2.12541
1.89335
1.57098
1.75072
2.033
1.5617
1.01762
1.22606
2.05895
1.46851
2.11302
2.10493
1.28468
1.21891
1.87186
0.942058
1.398
1.66196
1.72488
1.38578
1.94461
0.768552
1.63158
1.12219
1.99926
1.43223
2.19668
1.90683
1.5509
2.27073
0.839352
1.69104
1.3655
1.92384
1.43636
2.12916
1.62025
0.76733
1.96589
1.72238
1.71624
1.92574
2.15117
2.21931
1.65733
1.84656
1.59601
1.35825
1.84123
1.39751
0.749929
1.5107
1.54272
1.69168
1.10864
1.16119
1.74055
2.09165
0.992978
1.08728
1.80326
1.0901
1.23743
2.13657
1.29567
2.20693
1.53835
1.12977
1.9277
1.22527
1.36307
0.841743
1.24452
1.56494
1.83054
1.47191
0.419334
1.36612
1.79314
2.00365
1.76812
1.60859
1.27119
1.84173
2.0965
2.43766
1.22028
1.72733
1.87843
1.50697
2.18791
1.16728
1.56907
1.69981
1.49213
1.65678
1.92586
1.48509
1.47458
1.05998
1.89286
1.18212
0.850815
1.97815
1.2183
1.82033
1.51624
1.4334
1.82644
1.81868
1.59939
1.57641
1.87583
1.42224
1.5794
2.34171
0.825697
1.52372
1.84186
1.84938
1.4859
1.6389
1.29377
1.83763
1.81315
0.967612
1.56945
0.867775
1.66658
1.66756
2.48135
1.13825
0.734279
0.907874
1.00406
1.69975
1.61109
1.38783
1.47022
1.72809
1.40627
0.680769
1.51614
1.52125
1.59124
1.87222
1.49226
1.46636
1.56156
1.51793
0.83436
0.800727
1.58647
2.39357
1.33949
1.26324
0.890547
2.24371
1.67658
0.771614
1.52134
2.17153
0.97095
0.882656
2.05874
2.07135
1.26803
2.00778
1.68467
0.861867
2.01802
1.68321
1.84126
1.39003
1.64775
2.29542
0.963853
2.06681
1.40642
2.27905
1.27812
2.10123
1.54107
1.4374
1.85596
1.50948
1.61082
1.39372
1.35957
1.79377
0.946569
1.72355
1.78202
1.89776
1.54262
1.21982
1.69542
1.2486
0.929098
1.78914
2.05336
1.31629
1.90566
0.932651
1.58429
0.912584
1.41915
1.28359
1.45779
1.01021
1.40531
1.71661
1.58485
2.23448
1.12847
1.45792
1.93026
2.07991
0.620505
0.436086
1.55001
2.13456
1.47703
2.24489
1.17127
1.42509
1.99095
0.979516
1.70233
1.7069
1.58221
1.56283
1.79464
2.50615
1.30763
1.6124
1.08544
1.07416
1.22664
1.28099
1.9445
1.40208
1.30188
1.27124
1.82163
0.797591
1.27918
1.25584
2.16952
1.66707
1.60297
1.84611
1.89115
1.16265
1.04614
1.76302
1.45382
0.929426
1.23331
1.94331
1.14435
1.71337
1.96119
1.7283
1.7912
1.50954
2.3048
1.18403
2.05556
1.83548
0.71168
0.823049
1.61179
2.1184
1.39701
1.56649
1.60706
2.17944
0.94562
0.779547
0.838211
1.8623
1.78105
1.08361
1.25207
0.783711
1.97457
1.23803
1.69351
1.07849
1.19869
1.72324
1.42045
2.35047
1.73263
1.5309
1.35239
1.92488
2.12168
2.11373
2.15326
2.16129
1.74439
2.08765
1.34231
0.970809
1.18086
1.97975
1.45587
2.00598
2.13672
1.6208
1.48818
2.05988
1.41557
1.61967
1.5298
1.77547
1.27145
0.813907
1.41446
1.01726
1.33466
1.53437
2.06956
1.0821
1.75923
1.52783
2.39243
1.74588
1.06648
1.49767
1.6408
1.12912
2.01999
1.19071
2.68826
1.86755
1.7299
1.04427
1.83301
2.25725
1.17869
1.14144
1.58154
1.09226
2.31184
0.861005
1.73168
2.46555
1.39599
1.65513
2.17005
2.08408
1.01708
1.14472
1.32731
2.55444
0.921471
1.89976
1.64077
1.92884
1.99826
2.06685
2.20392
0.746864
1.03766
2.01143
1.33573
1.22223
0.993448
1.02842
1.6633
1.84897
1.78991
1.86399
2.41154
1.5606
1.90137
1.11196
2.08322
2.2412
1.20104
2.40684
2.07673
1.33636
2.19541
0.777876
1.81906
1.79934
1.4305
1.19225
2.05916
1.93617
1.39484
2.0049
1.62472
1.41152
1.05518
1.2015
2.10253
1.34006
1.70407
1.67845
1.38311
1.49216
2.13368
1.52349
1.26554
0.819417
1.93659
1.84484
1.18614
2.00019
1.43414
0.927308
2.09258
1.87237
1.62036
1.6547
2.60058
0.795106
1.56036
1.53783
2.41446
1.90998
2.17976
1.86953
1.05152
1.1687
1.394
2.1765
2.01467
1.82178
0.937237
1.3923
1.5822
1.96999
1.47173
0.861018
1.09882
2.03809
0.828445
0.658328
1.8917
1.15952
2.08571
2.04017
2.01502
1.27239
1.32231
1.99817
2.26444
1.45269
1.26785
2.0699
1.41557
1.13043
0.619643
1.57879
1.08825
1.65421
1.38566
1.41307
1.6453
1.81875
1.89933
2.06614
0.955711
1.66168
1.74169
1.8538
2.02242
1.6249
2.63082
0.825201
1.54543
1.62152
1.42582
1.68871
2.38564
1.27554
2.2425
1.80367
1.56546
2.32753
1.56488
1.05816
0.912761
1.27704
2.54432
1.29593
1.03795
1.84729
1.22042
1.13751
2.24423
1.59579
1.47347
1.04114
1.99737
2.11211
1.61854
0.922489
1.40104
1.51429
1.65513
1.35164
1.90929
1.93718
1.15076
1.17646
0.790946
1.5349
0.921062
2.20569
1.24648
0.860216
0.891112
1.24782
1.35964
2.25286
1.79124
2.46838
1.83699
1.18114
1.36986
0.933029
1.13083
1.24879
1.26273
2.06047
1.53942
1.21578
1.37938
0.890358
2.18552
1.07256
1.2254
1.83048
1.6795
0.810303
2.31573
2.13346
0.932999
1.52467
1.80417
1.78099
1.84061
1.03482
0.759452
2.21563
1.1388
1.67177
1.50514
2.05708
1.42218
1.10791
2.19788
0.809485
1.59796
0.817098
2.33596
1.49082
1.86806
1.19864
2.24319
1.44931
1.77061
2.47059
1.88791
2.30113
2.06057
2.20179
1.77754
2.10529
1.81224
0.801176
1.23784
2.20189
0.912071
2.18992
2.15711
1.82665
1.21813
1.33623
1.21703
1.41885
1.57635
1.16384
2.22121
1.76243
1.22982
1.21664
1.51596
1.00804
1.97373
1.86685
1.73653
1.82846
0.928299
2.03649
1.61977
1.43562
1.38668
1.6273
1.09261
1.16684
1.00857
2.01377
1.8874
1.80794
1.30366
1.25766
1.61408
1.46745
1.8657
1.92822
1.00149
1.42139
1.55899
1.18635
1.44444
1.34851
1.39763
1.14991
1.56036
1.53747
2.12261
1.37795
2.12528
1.76983
