1.57676
0.815966
1.7214
1.12482
0.740844
1.55316
1.76532
1.64977
1.68139
1.02155
1.44119
1.48944
1.62349
1.45509
1.8074
1.25544
1.98051
1.62038
1.05935
1.94428
1.497
1.42055
1.12159
0.88668
1.42656
0.928375
1.51486
1.50304
1.94402
1.56695
1.40814
0.865446
1.99075
1.34068
1.85531
0.944214
1.64305
1.94836
1.69001
1.52155
1.79353
1.74867
1.9097
1.36768
2.14201
1.6047
1.4959
1.43697
1.87515
1.98848
0.786416
1.62533
1.26912
1.54418
1.18257
1.90841
1.01245
1.13434
1.81804
1.70353
1.51941
1.87743
1.12115
1.80009
1.35158
1.53972
1.44513
1.21859
1.27142
1.14874
1.81143
1.86374
1.75896
1.19197
1.07981
0.930445
1.16837
1.70687
1.57348
2.19129
2.23703
1.3833
2.15727
1.57739
1.48959
1.81265
1.87155
1.56622
2.19503
1.24074
1.01561
1.29174
1.52345
1.73727
1.11023
2.21732
1.32957
1.16072
2.58054
1.79843
1.35526
1.07691
1.62093
2.37963
0.582515
1.65519
1.06466
2.34394
1.7122
1.27034
1.58355
1.50673
1.26176
1.90037
1.28813
1.0114
2.33387
1.97204
1.35483
1.11397
2.06429
1.84466
0.513363
1.54983
1.3253
1.81449
1.62414
1.95368
1.34493
2.21431
1.31383
2.42533
0.96561
1.49431
1.5371
1.56631
1.71191
2.30035
0.728942
1.31086
1.03999
1.25966
2.43515
1.81246
1.78608
1.93225
1.77634
1.93657
1.81252
1.12739
1.73059
1.14811
1.73715
1.72655
2.28657
1.3607
1.75805
1.55554
1.77155
0.820126
1.46492
1.33661
1.85094
1.35233
1.08898
2.40584
1.38901
1.96159
1.45758
1.32427
1.15658
1.8078
1.13993
2.04046
2.42146
1.35739
1.78317
2.09677
1.18716
2.0343
0.960758
2.00019
1.87785
0.901567
2.17814
1.96145
1.41519
0.878672
2.30083
1.39955
1.82436
1.99048
2.37443
1.96696
1.8085
1.74595
1.38069
1.90725
1.95171
1.48022
1.70964
1.47145
1.9496
0.546274
1.444
1.17548
1.57182
1.95085
0.830009
1.76756
1.93438
2.19277
1.36413
1.20418
0.94433
1.57244
0.717101
1.19711
1.41149
1.78288
1.69308
1.64863
1.22379
1.5373
1.30182
1.94822
1.30283
2.18019
0.908646
1.55016
2.60787
1.78361
1.77553
1.21931
1.43494
1.80686
1.19645
1.80301
1.17843
1.56503
1.91476
1.76003
2.32877
1.50801
1.64713
1.81964
2.06518
1.85266
1.63747
1.34197
1.77685
1.66156
2.25947
1.75207
1.51987
0.786331
1.30979
2.2351
2.24359
0.898625
1.59088
1.20075
2.15241
1.39075
0.618802
2.02265
2.21603
1.89363
1.31681
1.61903
1.70394
1.70141
1.3081
1.94143
1.32687
1.61909
1.11716
1.25334
1.61427
1.34228
1.28748
1.20627
1.16048
1.49657
2.20997
1.20895
1.86238
1.58013
0.917725
1.36818
1.11335
2.10967
1.92405
1.47335
2.40888
2.19008
1.66217
1.94714
0.715555
2.0816
1.19659
1.81441
0.73072
1.48717
1.01029
0.714916
1.56643
1.42036
0.857782
1.1376
2.20553
0.947922
1.47837
2.09267
2.18772
0.891524
1.69619
1.28007
1.63542
1.4604
1.00827
2.27241
2.23572
1.24709
2.2868
2.29038
1.64003
1.65372
1.39453
0.61696
2.20583
0.520841
2.31199
2.30203
1.55282
1.54907
1.36213
2.0192
2.24109
0.990058
1.72874
1.85055
2.01853
2.05665
1.46046
1.4152
2.11624
2.30388
2.28267
1.59786
2.01318
1.3445
1.8322
1.09892
1.4852
1.07968
1.07491
1.4789
1.46439
1.23231
1.45506
1.58081
1.86754
1.44968
0.529316
1.57074
2.00328
1.32362
1.86206
1.05584
1.60688
0.789966
1.5113
1.53878
1.47617
1.38025
1.83636
2.20643
1.48641
1.54406
1.56269
1.59228
1.69369
1.54559
0.612186
1.84761
1.28577
1.525
1.26912
1.87887
1.6999
1.50368
1.66726
2.25955
1.72935
2.04964
1.84567
0.68827
1.0737
1.02023
1.79251
1.94052
2.18207
1.25277
1.7188
1.33924
1.06124
2.74254
0.925022
1.29586
1.36059
1.22827
1.31856
1.57934
1.90649
0.986265
1.67207
1.23014
0.953773
1.63095
1.85748
1.58938
2.09955
1.30843
1.4429
2.02755
2.0976
1.29424
1.35337
1.21865
1.22561
2.13454
1.36647
0.763308
1.69044
1.74006
1.53649
1.41854
1.69016
1.62368
1.9602
1.70658
1.80756
0.953701
1.12868
1.95605
1.48206
1.46237
1.40001
2.18936
1.71734
1.74681
1.61115
1.44104
2.3989
1.37238
1.68526
0.774531
0.964213
2.35154
1.92242
1.70597
1.26293
1.51241
1.55398
1.80869
1.48328
2.11056
2.26752
1.62514
1.43106
1.66315
1.36689
1.53307
1.60302
2.01502
1.06358
1.18758
1.90279
1.31042
1.63719
1.79352
0.940926
1.08837
1.88856
2.37828
1.23628
1.45777
0.830462
2.22719
1.8338
0.618423
1.17452
0.699401
1.66738
1.43494
0.978539
1.93821
2.16575
1.44933
1.84158
1.82083
1.96562
1.11594
2.02077
0.832104
1.35565
1.58005
1.56411
1.30116
1.169
1.25335
2.35456
2.19168
0.645139
1.26253
1.60104
2.05896
2.22764
1.84548
1.23984
1.30255
2.24175
1.29136
0.943359
2.12398
1.86947
1.41489
1.59637
2.16809
1.74568
1.84951
1.05262
1.77625
1.47087
1.31937
1.17409
1.34945
1.23554
1.30283
1.1916
1.40054
1.6286
0.728444
0.758213
2.1938
1.73621
1.49499
2.01683
1.21123
2.23969
0.931942
1.22898
2.16647
2.13614
2.05856
1.55432
1.7703
1.43784
2.17837
1.04227
1.70788
1.11063
1.74076
1.49663
0.924947
1.44627
0.939171
1.85519
1.17468
1.60901
1.20895
0.944472
1.73894
1.86921
1.14496
0.881101
1.6725
1.65911
1.95099
1.27321
1.92268
1.65843
1.40842
1.88124
1.78246
1.52586
1.32447
1.25949
1.2911
1.80944
1.56128
1.45435
1.34288
2.91807
1.17624
1.72725
1.8964
2.17561
1.12982
1.74781
1.28054
0.794144
2.48666
1.36759
1.11923
1.36243
1.02886
1.37518
0.935767
1.57788
1.85462
1.78002
2.12612
2.0975
1.59979
1.23571
1.50403
1.19436
1.94639
0.767423
2.1931
1.24554
1.45037
1.69858
1.26388
2.95113
2.39224
1.30656
2.17341
2.051
1.08395
1.39437
1.1472
1.88945
1.20284
1.19312
1.78146
1.79408
0.9394
2.42618
1.19041
1.98487
1.53221
2.36016
1.01535
2.23848
1.54589
1.3318
1.74849
1.87399
1.07343
1.96752
1.89486
1.50873
1.9232
0.858679
1.262
1.47728
1.14606
1.44215
2.0079
1.65384
1.705
1.06053
1.72414
2.01907
1.88881
1.92229
1.91723
1.48567
1.76653
0.973685
1.07065
1.8118
1.49333
1.94311
2.03221
1.1803
2.14965
1.7679
1.53893
1.4962
1.53908
1.88541
1.42166
1.16012
1.29922
2.2308
1.4951
0.655446
1.72312
1.18347
1.72534
0.776763
1.30264
1.68732
2.31795
2.30704
0.819137
1.32183
1.91222
1.90529
1.972
2.2027
1.74452
2.07205
1.43325
1.67263
1.54159
1.34463
1.87046
1.44627
1.94829
1.86653
1.37997
1.24564
0.847397
1.83248
2.28474
1.6726
1.55548
1.35695
1.36575
1.23496
0.903781
1.61296
1.2919
1.83054
2.574
1.02382
2.21232
1.80285
1.30321
1.83411
1.421
1.36818
1.92554
1.35539
1.54171
1.01323
2.10126
1.37417
1.55035
1.09012
1.45002
1.57269
2.01847
1.14217
1.66241
1.58305
1.68137
2.37761
1.62496
1.24131
1.52213
0.939065
1.60404
1.9955
2.33378
1.57914
1.49582
1.84186
0.813239
1.72862
1.60037
0.795535
1.63357
1.65439
1.33058
1.159
0.834304
0.977774
1.57867
2.1148
1.59967
2.24669
1.44159
1.2787
1.28086
1.72497
1.08953
1.25327
1.66597
2.24298
1.86325
2.19609
1.51789
0.932799
2.31218
1.17434
1.39171
1.89724
0.80275
1.19136
1.2408
1.45948
1.31351
1.55091
1.3542
0.593616
0.785681
1.52601
1.71074
1.93262
1.45644
1.0568
2.02494
1.46886
1.81561
1.92848
1.54375
1.88817
1.44996
2.19718
1.30995
2.38551
0.801519
2.12036
1.94209
1.96622
0.997324
1.49057
1.62557
2.13677
1.32385
1.47412
1.43365
1.1156
1.19685
1.55743
1.73888
1.48984
1.9953
1.58071
1.36446
0.885138
1.634
1.10812
1.53191
2.03129
1.53096
0.949421
2.31911
1.8243
1.04705
1.40224
1.57022
1.10063
1.90243
1.80254
1.21921
1.57782
2.06962
1.60486
0.89065
2.3806
1.04049
1.96596
1.37428
1.42421
1.51915
1.52928
2.39076
1.68998
1.53985
1.3655
2.24281
1.58131
1.53459
1.81145
1.67447
1.0903
2.08618
1.69871
1.26298
1.63584
1.68235
1.97337
1.46439
1.11255
1.0501
1.6874
1.97855
0.544431
1.71674
1.99134
1.76016
1.62955
1.25278
0.350259
1.74105
1.67769
1.36695
1.62698
1.55563
1.30245
1.46421
1.57678
1.7483
1.56152
1.5152
1.06431
0.986406
1.16985
2.20328
1.55343
1.38003
1.51539
1.55535
1.04571
1.24377
2.09123
1.10578
1.17699
2.00545
0.641475
2.10075
1.35252
1.2098
1.87548
1.84193
1.14173
1.34575
0.905644
1.37802
1.62643
2.05143
0.863543
2.2986
1.89286
1.17617
0.81726
2.15168
1.18854
1.06995
1.55773
1.2324
1.29724
1.13745
1.74424
1.47954
1.8043
1.4936
0.978793
1.40314
2.05911
1.81257
2.1968
1.9206
1.05486
1.33784
1.5205
1.08555
1.85189
1.81334
2.01521
2.1166
1.64295
1.46255
1.78808
1.47329
1.82802
1.10009
1.1726
1.57312
1.57782
0.985795
2.35979
2.03932
1.2681
0.816939
1.51605
1.40982
1.12916
1.56185
1.84795
0.461544
1.57171
1.44295
1.39335
1.28041
2.31867
1.75114
1.85978
1.17002
1.911
1.35601
2.10371
2.02817
1.74266
2.24855
1.55987
2.09852
1.29897
1.45917
1.35226
1.49253
1.01417
2.61012
1.72057
0.409476
1.23679
1.24319
1.31736
2.53846
1.71638
1.46195
1.565
1.09628
0.782643
0.915841
2.28393
2.20303
1.98451
1.00198
1.71158
1.46476
1.65597
1.07093
1.91785
0.879228
1.65225
1.49838
1.655
1.72988
1.45506
1.66948
1.74105
0.793531
0.688483
1.74557
0.56358
0.973725
1.46016
1.06138
2.60052
1.47311
2.14858
2.01215
2.36011
1.83683
0.925151
1.90019
1.42153
1.45469
1.46605
2.12806
1.24356
2.49848
1.89109
1.00238
1.86589
2.06886
2.26808
1.15452
1.79137
1.44424
1.45494
1.64285
1.86397
0.918491
1.01171
1.11125
0.97914
1.69631
0.65991
1.48592
1.32315
1.67609
1.59619
2.19481
1.44107
1.55181
0.93303
1.079
1.97245
1.47501
2.01208
1.51675
1.83895
1.70563
1.00973
2.12082
2.35074
0.698163
0.821446
1.55163
0.943289
0.919789
0.847972
1.42679
1.53896
1.6286
1.52696
2.13747
1.36026
1.21465
2.10717
1.05281
1.78743
1.6037
0.946347
1.58606
1.47675
1.0503
2.45267
1.46452
1.73382
1.88029
0.784716
1.22385
1.23428
1.52042
1.78124
1.662
1.49718
1.25101
1.87823
1.70349
1.41223
1.56366
2.33729
0.349812
1.8629
0.546041
1.95216
2.68994
1.68359
1.57098
1.87522
2.12489
2.29587
1.73078
1.84967
2.1235
1.47127
1.22583
2.37965
1.67677
2.25721
1.44547
1.65029
1.17345
1.79816
1.74762
2.22459
1.72911
2.13668
1.87094
1.54125
1.1937
1.56136
1.43691
1.97066
2.02053
1.80864
1.49577
1.25413
2.42647
1.45589
2.10788
1.96884
1.72238
2.41581
1.52806
1.41526
1.58664
1.78078
2.01386
1.62508
1.78361
0.727684
1.55566
2.50393
1.70062
1.38516
1.88544
1.57091
1.83619
1.57521
1.51396
0.744523
1.54757
1.12813
2.36484
1.53164
1.52219
0.371017
1.91972
1.33679
0.558005
1.57055
0.898498
1.71049
1.94348
1.95382
2.37032
1.4709
1.30612
1.16028
1.43993
2.09836
1.25522
1.42363
1.96674
2.08691
1.78977
1.25368
2.47253
1.19662
1.84821
1.88679
1.94891
1.47158
2.64166
1.78124
1.47311
2.47733
0.985047
1.85635
2.04011
2.10422
1.41072
1.45795
2.11143
1.12367
2.10564
2.14324
1.79487
0.841323
1.78015
2.45943
1.29919
1.4173
0.691491
2.53067
1.43577
0.724574
0.9449
0.954219
1.84687
1.61231
1.40945
2.00956
1.34927
1.6066
1.0892
1.62435
0.907326
0.287554
2.0847
1.53154
1.00532
1.56201
2.02233
1.80806
2.17821
1.85773
2.10304
1.34785
2.44774
1.45135
0.929975
1.40274
1.75444
2.08937
2.24858
2.09242
1.17429
1.32938
1.37957
1.95296
1.93761
1.40961
1.72911
1.93683
1.87862
1.54601
1.84541
1.17675
0.887181
0.94665
1.30799
0.692901
2.35937
1.02135
0.418102
1.88615
1.37098
1.30312
1.01954
1.81459
1.66487
1.64221
2.81319
1.46396
1.04783
2.23052
2.4707
2.35669
1.64441
0.999442
1.27091
2.01898
1.21915
1.51241
1.84446
1.70291
1.62875
2.31366
2.14831
1.1931
1.72815
1.25913
1.41744
1.65946
0.734764
0.96317
1.54595
1.16285
1.346
1.41983
1.45856
1.98709
1.42909
1.61845
2.10397
1.74762
1.9165
1.41557
1.00443
1.17451
1.88506
2.08
1.69458
1.74001
1.97615
1.15839
1.74065
2.15767
1.67972
2.01393
1.2047
0.921089
1.63438
1.51849
2.05915
0.565291
1.59698
1.57511
2.08288
1.05886
1.35939
1.62331
1.60034
1.08002
1.76951
1.85135
1.63805
2.00369
1.55174
0.764222
2.12358
1.85564
1.6737
1.8309
0.89747
1.14522
1.71358
1.18244
1.98536
1.92449
1.54578
1.05588
1.488
1.8376
0.788015
0.438837
1.15313
1.93468
1.26944
1.67378
1.32355
1.27228
1.95177
1.19842
1.6177
1.28602
1.11743
2.1748
1.80399
1.26842
1.49131
1.65776
1.56991
1.4366
2.48349
1.47133
1.33359
1.51327
1.75485
0.711597
1.66695
1.55071
2.17479
1.17736
1.61086
1.1413
1.42828
1.41156
0.770982
1.54034
1.15218
1.52873
1.77779
1.7799
1.90037
1.91887
1.26541
1.29088
0.992129
1.5283
0.961007
1.87148
1.0022
1.19279
2.02646
1.36955
0.94113
2.09066
1.34275
2.62618
1.50463
0.409108
1.29935
1.29256
1.49369
0.644427
1.71422
1.44854
1.43679
1.67728
0.595042
1.54168
1.21582
1.81196
1.20456
0.990986
1.52604
1.92912
0.969321
1.28971
1.34516
1.51437
1.91914
2.36862
1.55541
1.9829
1.633
1.455
1.67775
1.89043
1.30131
1.18054
1.30852
2.14031
1.10548
1.77827
1.34397
1.20445
1.49859
2.02582
1.04613
0.861424
2.39759
0.881114
2.36702
1.42205
1.90615
1.50483
1.45726
1.5588
2.08428
1.92684
2.28842
1.813
1.34394
2.33879
1.39775
1.87696
1.68345
0.523754
1.13029
1.35395
1.61024
1.26618
1.72449
2.18671
1.42354
1.63803
0.989109
1.65154
2.09574
1.78846
1.00563
1.5816
1.71214
1.3429
2.50249
2.28792
1.60181
1.63095
2.30711
1.63138
1.40073
1.9941
2.05428
1.32196
1.92372
1.45002
1.27914
2.55269
1.96116
1.71491
1.5107
1.41114
1.45521
1.53331
2.09014
1.73449
1.33105
1.02388
1.8702
1.46053
1.71963
2.47041
1.11071
1.44516
0.892966
2.17295
2.40157
1.95088
1.29484
0.811683
1.70277
1.55097
1.73437
1.30564
1.74173
1.62203
1.38609
1.74656
1.27453
1.6834
1.52192
1.41311
2.41051
1.94575
1.88503
1.61784
1.47933
1.12133
1.63242
0.725762
1.58873
1.72534
1.76606
2.07623
1.15317
2.60293
2.31026
2.32358
1.61399
1.19015
1.91934
1.91275
1.79908
2.34157
1.30011
1.61728
1.38185
1.95394
1.0946
1.20412
0.883213
1.89835
1.14703
0.341764
1.60483
2.42886
2.40276
1.19501
0.901855
1.47335
1.9156
1.60562
1.42795
2.00575
0.920766
1.31237
1.27532
1.52485
2.05715
1.49964
1.83402
1.92558
1.84272
1.82868
2.02884
1.97915
1.29453
2.01144
1.3833
2.00698
1.5159
0.60504
1.8729
1.08734
1.60657
1.31877
1.20646
2.49541
1.64918
1.83253
0.959857
1.9876
1.13656
2.00866
1.76162
1.2608
1.63695
1.94047
2.13144
1.75204
1.37814
1.87852
1.59924
1.47954
1.83279
2.12318
1.83791
1.87481
1.26902
2.60375
0.97715
2.37353
1.4349
1.8112
2.05712
1.81408
1.3263
0.57423
0.899271
1.18218
1.2665
1.37646
1.45985
1.63034
1.3393
1.46894
2.27238
1.51055
1.19947
1.27972
1.36763
1.62579
1.51076
1.0527
1.18929
2.14612
1.50452
1.82417
1.44578
2.21098
2.47788
2.1135
1.88484
1.56298
1.21807
1.59419
0.468616
1.81671
2.10132
1.77915
1.49124
0.866109
1.07795
1.21292
1.30739
1.36893
2.04836
0.883325
0.70151
0.918479
1.48383
1.91606
1.4747
1.19133
1.55584
1.48193
1.58013
1.95628
1.68758
0.845277
1.95917
1.64491
1.17227
0.635374
1.94404
1.11873
0.979918
1.70225
2.04306
1.35954
1.83683
1.79055
2.02133
1.24006
2.272
1.68346
1.32762
1.47623
1.90251
1.46936
2.34345
0.39488
1.64576
1.14153
1.10337
1.51541
1.79311
0.913686
1.47366
0.824125
1.30606
1.31774
1.43007
2.17346
1.13179
1.42693
2.20992
2.03867
1.59931
2.31128
1.58532
1.93357
1.43266
2.06102
1.06099
2.00294
1.51974
1.00632
1.35064
1.22515
1.67373
1.64964
1.97098
2.13107
2.07805
1.68249
1.25933
1.09737
1.57379
1.8718
1.45772
1.46053
2.41836
1.36656
1.33042
1.55401
1.75064
1.44977
2.31042
1.48601
1.91237
1.99147
1.8411
1.75116
2.22868
1.81655
1.05121
1.68567
1.40846
2.52442
1.98034
0.843983
1.09137
1.90493
1.39298
1.75761
0.834756
1.60274
1.52256
1.54382
1.40091
1.77466
0.587833
1.25005
1.25207
1.49673
1.88405
1.20156
2.22999
2.13743
2.16135
1.6832
1.08999
1.6475
1.74008
1.95693
2.52372
1.40577
2.23993
1.76075
1.11275
1.17859
0.767404
1.7258
0.865499
1.7439
1.53
1.35633
1.68248
1.43864
1.2256
0.868866
2.37703
1.56167
1.19583
1.80715
1.49675
1.53676
1.88624
1.0854
1.45349
1.89543
1.5647
1.58538
1.10251
1.37822
2.21165
1.55493
0.710673
2.32796
2.11895
1.73329
1.95414
2.27757
1.26343
2.05956
2.47231
2.50799
1.5606
0.795998
1.00653
0.707711
2.2875
1.75699
1.70317
2.20634
0.279825
2.46856
1.40487
1.92657
1.87695
1.09796
1.40639
0.631194
1.7501
1.17662
2.30986
1.52213
1.33623
1.45119
0.672486
1.77098
1.35811
1.85408
1.86532
1.08278
1.29827
1.62453
2.47815
1.09236
1.54723
1.5523
1.24673
2.13529
1.53081
1.95987
1.77422
1.43139
1.61439
1.1911
1.58859
1.06655
1.77025
1.44252
1.51197
1.37026
1.57623
1.53224
1.48034
2.00981
1.79067
0.804177
1.87215
0.976501
1.83095
2.19079
0.738001
1.39422
1.59277
1.35733
1.20747
1.47498
2.17198
0.831006
1.86502
1.50642
1.83206
1.55405
0.630725
1.48518
1.91761
1.23072
1.63132
1.55792
0.944652
1.41242
1.17299
1.33645
0.88663
2.1072
1.54205
2.39318
1.40472
2.03495
1.01697
1.45515
1.49663
1.40951
1.48022
0.952486
2.3779
1.05956
1.42193
2.22472
1.4334
1.4918
1.86608
1.09932
1.64664
1.39552
1.47335
2.09236
1.29639
1.19921
1.46139
0.981273
2.73871
2.01656
1.52008
2.24816
1.32183
2.15169
1.55261
0.842188
1.3644
1.72736
1.53692
1.13552
1.6311
2.40808
2.0259
1.66913
1.54021
0.459292
0.937291
1.74768
1.7555
2.3554
1.33171
1.07551
1.59427
1.56558
0.765506
1.34024
1.90395
0.814648
1.82373
1.72627
2.43962
0.921814
1.2031
1.81038
0.563552
2.10645
2.02358
1.52264
1.50859
1.44479
1.81136
1.70406
1.19701
1.7904
1.78583
1.75629
1.83535
0.810995
1.4902
1.27337
1.13892
1.55786
1.54962
1.63952
1.44648
1.92307
1.64903
2.33757
1.49786
1.76918
1.87394
2.59827
1.64863
1.74322
0.959193
0.616035
1.5531
1.4566
0.604422
0.839934
1.45881
1.73542
2.00965
1.75674
1.84662
2.16437
2.32449
1.2808
0.447892
2.31688
2.13963
1.33303
1.30755
2.05895
1.36475
1.24068
1.27161
1.39459
2.21369
1.90182
1.26388
1.43069
1.34801
1.59207
1.83073
2.67376
1.17769
1.93157
1.59718
1.93085
1.56521
1.60474
0.97095
2.02542
1.03634
1.38466
1.81287
1.60901
1.16779
0.832968
1.85376
2.05873
1.59404
1.54882
2.04316
1.42181
2.10263
1.60678
1.30519
1.95749
1.89149
1.24219
0.727391
0.948834
1.63083
0.770139
1.93513
0.807222
0.829438
1.58215
1.85297
1.27787
2.40065
1.24706
1.80957
1.36643
1.88249
2.54103
1.48438
2.42431
1.19552
2.09894
1.01433
2.00301
0.846593
1.86405
2.29622
1.05667
1.90247
1.83143
1.26927
1.90567
0.841834
2.01805
1.7085
0.392886
1.43026
2.08834
0.975089
1.55651
1.44236
2.13181
1.78708
1.69705
2.00469
1.34989
1.53612
1.48267
1.56414
1.23313
2.18933
1.58242
1.40685
1.79005
2.12021
1.73978
1.62337
2.12868
1.81622
1.95859
1.12583
1.49896
1.67536
1.68905
1.58242
1.25377
1.90305
0.713622
1.4041
1.77777
1.41146
1.09367
1.6103
1.692
1.0695
1.24074
1.7498
0.509567
1.07274
1.81494
1.65304
1.39298
1.44934
1.49484
1.83987
1.85129
0.670479
1.66214
1.90699
1.52509
2.32837
2.06166
2.00157
2.07797
1.06974
1.85075
2.17142
0.869021
1.59393
1.33829
1.06811
1.8743
0.925823
1.52073
1.73786
2.20815
1.56239
1.49554
1.89679
0.951701
2.02131
1.97165
1.89116
1.60983
1.4518
1.70191
1.2082
0.878455
1.27713
1.21914
1.43814
1.46912
1.25945
2.04179
1.78138
1.81268
1.06859
1.8735
1.4804
1.43038
1.78196
0.913642
1.22832
1.7521
0.938908
1.59405
1.8984
1.88955
1.22346
1.38274
1.74229
1.82614
1.40079
1.51828
1.48714
1.06727
2.54274
1.49619
1.26565
1.41532
0.810752
1.57608
2.3093
1.11724
0.838098
2.25654
1.41879
2.00164
1.69025
1.41585
1.32741
1.34996
1.98927
1.89944
1.3813
2.46891
1.87842
1.76321
1.43088
1.01234
1.54986
1.46452
1.49294
1.26912
1.28261
1.78589
1.88547
1.73115
1.4169
2.18752
1.76036
2.32497
1.64674
1.22359
1.88841
2.48835
2.12928
2.33321
1.40376
2.36091
1.8161
2.02322
1.28284
2.19525
1.23224
1.16899
0.983324
1.37994
1.77769
1.52195
1.289
1.70906
1.63783
2.58121
2.47382
1.6853
1.50306
1.87871
0.975766
1.1769
0.871663
1.30454
1.01281
1.85764
1.5907
0.912923
1.60028
1.67327
0.831353
1.43919
0.983469
2.12289
1.53331
2.25428
1.84199
1.85705
2.08486
1.37021
1.36472
1.47059
1.45907
1.57391
1.35627
1.08694
1.09036
1.85456
0.90586
1.63132
1.1994
1.99998
2.53988
1.46317
1.19363
1.83554
2.28879
2.10046
1.1767
1.36535
1.32689
1.07247
1.3046
1.20954
1.46943
1.12983
1.46175
1.6245
1.02141
1.81334
0.907541
1.27059
0.158648
1.18218
1.35873
1.59784
1.97105
0.78299
1.11227
1.71462
1.71026
1.62896
1.26765
1.11479
2.16122
1.87471
1.74223
1.85219
1.31361
1.58074
1.69686
0.614521
1.73681
2.81869
1.50703
1.33648
1.228
2.30303
1.26938
1.0951
1.30062
1.52439
1.59802
1.66187
1.5639
1.41075
1.59341
1.74483
1.57824
1.07774
1.37671
1.23635
1.97848
1.57782
1.59128
1.96528
1.68918
1.84244
2.06586
1.72654
1.68027
2.1866
1.78886
1.50355
1.42458
1.70092
1.67588
0.802877
2.11292
1.19337
1.54832
1.54931
2.59333
1.17034
1.3274
2.08765
1.61482
1.13804
1.64327
1.60727
1.43275
2.04855
2.28896
1.24351
2.37326
2.1982
1.53319
1.93493
1.87918
1.74152
1.52577
1.1993
1.37136
1.86322
2.47339
1.21254
1.88432
1.65941
1.13633
0.841629
1.78337
1.90844
1.59772
2.24404
1.65304
1.52763
1.47259
0.964461
1.4664
1.47225
1.55425
0.961952
1.74183
2.06057
1.46139
2.02049
1.30925
1.31711
2.24472
1.88811
2.2194
0.6709
1.47513
2.21399
1.55541
0.801575
1.85504
1.54223
1.51865
1.92457
2.2614
2.28218
0.671797
2.03703
1.49669
1.43537
1.47412
1.92332
1.73783
0.943934
2.10347
1.39314
1.36473
1.7043
1.57751
0.866094
1.71869
1.68125
1.71035
1.8053
1.68862
1.25098
1.54876
1.77659
0.949046
1.29212
0.870642
1.81039
1.16285
1.69205
1.14147
0.952199
1.73825
1.77664
2.3552
1.6329
1.53307
0.995709
1.68883
2.28228
1.68659
1.30925
2.01519
2.04385
1.5273
0.884561
2.27453
1.58731
1.45856
1.33855
1.03698
0.786984
0.932115
1.63144
1.30814
1.59863
1.09202
1.87695
0.797819
2.16784
1.52128
1.37929
1.91172
1.7142
1.18225
2.11504
2.15157
1.90256
1.257
1.79096
1.12974
1.14677
1.50972
1.9458
0.930146
2.0719
1.45242
2.17237
1.0872
1.06367
1.25172
1.49859
1.40246
1.25082
1.39453
0.949027
0.885565
1.24863
0.995303
1.78504
2.46516
1.87964
0.967688
1.96982
2.10664
1.20495
1.19232
0.842955
2.3794
1.57275
1.82114
1.39986
1.62203
0.851433
1.30251
1.22268
1.6084
0.443346
1.3076
1.9924
2.39086
0.695262
0.737538
2.27073
1.86398
1.56689
1.03197
1.53334
1.28767
1.43999
1.23162
0.906136
1.96049
2.03363
2.50352
1.24789
1.06383
1.29136
1.68423
1.45558
1.02067
1.88926
0.683776
1.62047
2.00951
2.34275
0.911349
1.24023
2.02713
2.1441
1.21575
1.63389
1.50749
1.19313
2.18646
0.914485
2.17606
1.31696
2.29328
1.03281
1.04343
0.836117
2.11097
1.17875
1.41545
1.86079
2.26477
1.74341
1.64478
1.78224
1.30787
2.12032
1.80003
2.03682
1.63389
2.14258
1.04693
0.554739
2.04761
1.66562
2.0791
1.99521
1.75696
1.96748
1.68759
1.76635
0.920457
0.977147
1.27824
1.8188
1.66104
1.22058
1.74285
1.82313
1.6532
1.13751
1.85368
1.75323
1.70816
1.73859
1.18739
1.29706
1.09689
1.64089
1.82865
1.52042
1.51382
1.49664
0.724133
0.840789
1.51706
1.46139
1.78202
2.45871
1.39963
1.54247
1.16803
1.72061
2.12821
2.20825
2.12863
1.40257
1.29491
2.21101
1.42414
1.4951
1.94035
1.73926
1.46329
2.01886
2.23512
0.999032
1.55596
1.56671
1.59155
1.41159
1.7949
2.04948
2.1465
0.847179
1.7703
2.23558
1.74838
2.49008
2.05056
1.65329
0.967246
1.80132
1.74836
2.53075
1.90338
0.852202
1.34012
1.60975
1.46599
1.45588
1.82279
0.605289
1.69629
1.34932
1.70128
1.64251
1.64092
1.37204
0.895792
1.38938
1.24603
2.27435
1.7469
1.99877
1.63921
0.365431
1.65512
1.43768
1.99189
1.21892
1.14231
0.993258
1.36338
1.55407
2.21466
2.04951
2.27603
1.42465
1.55865
2.0113
1.50951
2.59254
1.37721
1.75878
1.57152
1.49001
2.48638
0.873674
1.7555
1.64906
2.36588
1.42045
2.28796
0.880991
1.07873
2.39556
2.04352
1.71312
1.75285
1.53838
1.1192
1.94228
1.83996
1.40856
1.89209
1.5129
0.98736
2.12791
1.68202
1.67855
1.99691
1.79317
1.57635
0.802303
1.74688
1.13865
1.76591
1.50624
1.73202
1.0988
1.60181
1.97106
1.55908
1.56335
0.655991
2.39633
1.12941
1.06305
1.85915
1.33519
1.26493
1.70008
1.07994
1.35283
0.902627
1.71241
2.38704
1.88611
2.07467
0.979575
1.4542
1.61741
0.628416
1.02609
2.05143
2.20325
1.67349
2.16562
1.48088
1.92981
1.8454
2.46923
1.39726
2.40415
0.754248
1.15601
1.42588
1.61477
2.31797
1.92133
1.39986
1.2899
2.1112
0.89145
1.24911
1.46274
2.45448
1.58978
0.859238
1.86723
1.4485
1.55143
1.71534
1.08728
1.09648
1.56462
1.71565
1.37156
1.44738
1.31666
0.964989
1.65185
1.5129
1.49544
1.32645
1.27589
1.54894
1.58358
0.49672
0.792621
2.14484
1.97003
1.53948
1.36382
1.25111
1.64224
1.51733
1.60349
1.34576
1.5712
1.43931
1.51431
1.48904
1.70022
1.1337
1.96063
1.20784
1.71923
0.835536
1.58465
1.11063
1.69998
2.48688
1.37329
1.78883
1.61509
1.65387
1.62355
1.8908
1.82187
1.47795
2.49619
1.60975
1.75979
1.09815
2.04757
1.31864
2.12014
1.889
1.48938
2.30876
1.04145
1.33616
1.98706
1.31162
1.17426
1.75261
1.74139
2.62947
1.55386
2.06588
1.62374
0.903224
1.93856
1.61473
1.88693
1.42255
1.54971
2.49944
1.55917
1.18373
0.918745
1.63635
1.32919
1.8519
1.75972
1.35339
1.7488
1.03904
1.69394
1.1076
1.64392
1.37543
0.895043
2.42068
1.4848
1.31168
2.07609
1.77734
1.04827
0.790814
1.18534
2.06109
1.73873
1.84047
1.30182
1.20157
1.35658
2.1126
2.36586
1.12416
1.5048
0.937278
1.17154
1.04259
1.92333
1.73372
1.71096
1.34876
2.11565
1.39548
1.22295
1.49859
1.53661
1.27152
1.71679
0.830129
2.02042
1.2386
1.65125
2.10544
1.70956
2.03526
1.34568
1.23564
1.56823
1.9628
2.15558
1.18956
2.10282
1.10759
1.36346
1.70801
2.14521
0.696535
1.43885
2.51729
0.983767
1.79008
1.39099
1.23496
1.16926
1.63401
2.2091
2.33487
1.78068
1.53153
1.9596
1.94679
1.37609
1.71206
1.82562
1.24881
1.88342
1.04784
1.16776
2.26521
1.67594
0.476769
1.49014
1.23551
2.11828
0.75305
1.36871
1.48524
1.7819
2.08942
1.31796
2.28892
1.05301
1.7891
2.20115
1.4283
1.69024
1.2626
1.271
2.08084
2.20325
1.07558
0.852305
1.30972
1.4285
1.23286
2.24712
0.987964
1.07572
1.80107
1.76998
1.50605
0.922246
1.42653
1.58007
1.83762
1.20771
1.81422
1.20294
0.930485
2.31139
1.66015
1.39585
1.12257
1.6596
2.04771
1.32466
1.42897
1.41835
1.35442
1.32209
2.07198
1.60092
1.39673
1.8984
1.84225
1.00125
2.39218
1.31648
1.17412
1.13239
1.02992
0.900976
1.34498
1.24657
1.80343
1.02529
1.83753
1.41199
1.83231
2.22667
1.43532
1.66885
0.838191
1.16481
1.82354
1.18525
1.45033
1.67198
1.81108
1.7712
2.37387
2.24771
1.80653
1.15684
1.42033
1.39583
1.42827
1.19353
1.29707
1.96267
1.9678
0.932872
1.15055
0.974438
2.20489
1.75085
1.94986
1.95057
2.04592
1.36837
1.48573
1.26711
2.37519
1.41983
1.38312
1.45383
1.55841
1.86009
1.5302
1.76345
2.1249
0.72904
1.47366
2.52253
1.67652
1.42354
1.36285
0.99386
2.00961
1.55786
2.45513
1.99194
2.31394
1.94186
1.91288
1.90144
1.86838
2.13884
1.81995
1.90421
2.29938
0.909801
1.52852
2.27482
1.82411
1.56884
1.72668
1.45629
2.1366
2.17026
1.88246
1.02962
1.85871
1.11227
1.49382
0.518784
1.3154
1.28714
1.59236
1.79146
0.62373
0.481943
2.13184
1.95539
0.741572
1.77321
2.23055
1.37033
1.69467
1.35583
2.33528
1.59941
1.32095
1.84168
1.48977
1.13672
1.98761
1.30644
1.84979
1.85621
1.89441
1.15469
1.499
1.52904
1.57269
0.225569
0.937234
1.33196
1.52598
1.54015
1.87886
0.849684
1.1332
2.12425
1.84572
2.14644
1.79265
1.90195
2.2778
1.55493
1.61454
1.69526
1.58148
1.87268
1.49749
1.5429
2.34244
1.28172
1.12219
2.08421
1.7353
1.0852
1.76519
1.2362
1.28859
0.96137
0.781431
1.42341
1.49287
2.23909
1.14934
0.843307
1.56268
1.5653
1.80434
1.45229
1.78589
1.02764
1.38153
1.68789
1.39549
0.837776
1.25869
1.00327
1.275
1.35295
1.01884
1.10354
1.13852
1.67125
1.6231
1.63786
1.74059
1.23493
1.87752
1.27755
1.777
1.04311
1.33635
0.854314
1.1025
2.02442
1.33878
1.46556
0.151273
2.28911
1.9088
1.46703
1.68186
1.31165
2.20824
1.84992
1.85863
1.49179
1.35598
1.68644
2.03198
1.34231
1.42459
1.02032
1.20633
0.728478
1.27246
2.02862
2.30179
0.955032
1.57211
1.87203
1.08894
1.8638
2.65019
1.58471
1.37771
2.37225
1.7502
1.34748
0.997492
1.76356
0.961371
2.14869
1.73399
1.66646
1.19371
1.96795
1.26085
1.5542
1.5192
1.3297
1.40574
1.85653
0.693529
2.10238
1.87554
1.10155
1.63838
1.29699
1.29491
1.54153
1.52982
2.11753
1.24306
1.55792
1.55523
1.42958
2.03382
1.31493
1.76513
1.31997
1.27014
1.0407
1.54513
1.17108
1.56762
1.46476
0.961971
2.0798
2.48865
1.62594
1.39961
2.11756
2.04898
1.5783
1.43777
1.73505
1.55145
1.55175
0.779173
1.05602
1.47942
0.902448
1.1992
0.859936
1.21383
1.557
1.31553
1.06151
1.12773
1.63652
1.11796
0.899582
1.32086
1.13492
1.58178
1.06026
1.3058
1.15377
2.28718
2.03539
1.79577
1.84789
0.620682
1.69019
1.44514
1.37206
2.22718
1.10914
1.41637
0.712427
2.2374
2.01909
1.9316
1.52777
2.30661
1.43894
1.33089
1.6247
1.7221
2.57225
2.64878
1.63487
1.71149
1.68592
1.81787
1.04127
1.49304
0.769024
1.0104
2.02732
1.50771
1.93886
1.578
1.93589
1.46169
1.74768
1.68702
1.69385
2.20977
0.585901
1.93948
1.75786
1.78808
0.754201
1.88733
1.72797
1.8627
1.33566
1.91572
1.37304
1.91246
1.72374
2.11352
2.15518
1.45678
1.96095
1.55001
1.77995
1.16557
1.5849
2.18501
2.53702
1.68039
1.41702
1.51474
2.10464
1.10888
1.69336
1.90338
0.920885
0.957554
1.96054
1.05564
1.45088
1.58412
1.43648
0.915952
1.14842
1.1539
1.14237
2.01016
1.22957
1.08884
1.69532
1.55148
1.55502
2.14187
1.66554
1.22151
1.23072
1.26215
1.3985
2.06161
2.37687
0.85832
2.11235
0.409447
0.633965
1.42764
1.47194
1.62242
1.85297
1.16364
0.593474
1.81913
1.52403
1.78908
1.54279
2.19726
1.91424
2.09618
1.49311
1.5074
1.84176
1.92194
1.20205
1.60184
2.04155
1.43913
1.91388
0.850566
1.86727
2.35019
0.876831
0.988828
2.36163
1.74105
1.5819
2.24279
1.64181
1.27353
1.92136
1.29129
1.58471
1.84025
1.24798
2.54254
1.8789
1.44711
1.98915
1.31736
0.978133
1.921
1.41699
1.85448
1.71494
2.0461
1.3108
1.63132
1.00309
1.34826
0.896715
1.03567
0.921129
1.60773
1.85539
1.17689
1.0583
1.64334
1.97287
1.20975
1.06123
2.17217
1.28945
1.65372
2.08677
1.38734
1.30716
1.59564
2.59468
2.40206
2.48033
1.86281
2.35607
1.66386
1.34452
1.56457
1.82411
1.81265
1.40012
1.84348
1.36589
1.17061
1.43026
1.77893
1.28357
1.61005
0.967528
1.80359
0.888255
1.41222
1.42637
1.43164
1.61463
1.97841
1.14844
1.70995
1.75948
1.34748
1.90498
1.21085
2.40506
1.56832
0.370901
2.32122
2.33014
2.12306
2.36206
0.75401
1.03031
0.764153
1.96033
1.79831
1.33158
2.26292
1.292
0.769503
2.15999
1.65604
1.61347
1.71139
1.72899
2.4323
2.3836
2.27511
1.2292
1.8385
0.631483
1.45063
1.26816
1.95355
2.34534
1.59674
1.14864
2.2379
2.01256
0.850334
2.10515
1.81341
1.93796
1.70998
1.79633
0.757401
1.50269
1.23893
1.01849
1.4019
1.09408
1.35414
0.638231
1.19198
1.6001
1.658
1.80416
1.98159
1.59161
2.10762
0.953001
1.47188
2.13
1.87848
1.20006
1.59991
1.10107
1.42545
1.35033
1.61983
1.72472
1.50171
1.60987
0.945639
1.55255
1.35379
2.14745
1.61824
2.07847
1.23938
1.30985
1.19083
1.1275
1.17984
1.25886
1.16497
1.89882
1.69391
1.52751
1.50501
1.37835
1.00816
1.48555
1.24034
1.32633
1.81837
2.32104
1.22089
1.41106
1.26516
1.9219
1.06466
1.09755
1.15825
1.95915
1.50622
0.641046
1.52079
0.722031
1.22573
1.27461
1.5462
1.54098
0.657682
2.48603
1.80238
1.2269
1.21664
1.88661
1.82108
1.58787
0.581182
1.07322
1.22793
1.57217
1.98563
2.26314
1.88682
1.82653
1.85844
2.42406
1.32928
1.55255
1.44005
1.329
1.18548
1.70129
1.10846
1.6031
1.36082
1.574
2.0914
1.60258
2.45867
2.26524
1.57989
1.61103
1.51486
1.82329
1.20393
1.54504
2.35721
1.56374
0.805146
1.32265
1.51461
1.36057
1.12692
2.10545
1.86028
1.31057
1.05886
1.24139
1.73163
1.00661
1.97124
0.836613
1.64619
1.41681
1.40304
2.00854
1.33438
1.7854
2.57428
1.45764
2.7977
2.16344
1.66194
1.10996
1.67766
1.69831
1.51743
1.79985
1.51816
1.48371
1.45316
1.47807
1.8735
1.74133
1.58828
1.46177
1.60181
1.3929
1.53551
1.40741
0.612162
1.02841
0.891566
2.26171
1.86915
1.22681
1.81699
1.62978
1.40046
1.40636
1.46869
1.52222
1.21123
2.2116
1.67766
2.18993
1.41211
1.67846
1.94821
1.0822
1.6225
1.52332
1.4694
1.83347
1.82394
1.01619
1.43265
0.987055
1.64245
1.5007
1.95017
1.44771
1.74192
0.878619
1.71355
1.67615
1.48978
1.51804
2.1422
1.76812
2.37341
1.37907
2.18506
2.33379
2.04854
2.13531
1.51224
1.80022
1.81888
1.75956
1.31736
1.09423
1.17468
2.21583
1.57959
2.46958
1.54766
2.39169
1.824
0.910527
1.70659
1.84275
1.50693
1.41229
2.30509
1.48824
2.35299
1.24345
1.46372
0.853569
1.51804
1.75759
1.74605
1.98209
1.51779
1.22301
2.81485
2.12757
2.18203
1.45321
1.53093
1.57775
0.871116
2.09599
2.10086
1.71559
1.4135
2.13548
1.04697
1.73721
0.493857
1.15379
2.26251
2.40133
0.85045
1.72408
1.5115
1.29881
1.49688
2.16918
1.51529
1.31473
1.25381
1.15999
1.01784
1.26125
1.80809
2.45882
1.59016
1.36824
1.64457
1.25178
1.87108
1.91872
1.19832
1.79289
1.73378
1.71775
1.42212
1.51003
1.97711
1.5115
1.03929
2.54678
2.34359
1.03982
1.7912
1.47792
1.99267
1.42679
2.3874
1.84101
1.61549
1.1862
1.27302
2.64664
2.26966
1.64557
1.74415
0.86748
1.99761
1.42091
1.87784
1.07301
1.27968
1.72401
1.4334
2.49855
1.18363
1.69617
1.34371
0.987864
2.12304
1.38463
1.30201
1.39471
1.12664
1.0255
2.51416
2.07429
2.60813
0.864432
1.34257
0.971481
1.43334
2.41015
2.26011
1.39788
1.77848
1.71565
1.39819
0.74023
0.845602
1.19954
1.70369
1.88086
1.63169
2.20596
0.915978
2.4686
1.65995
1.89304
1.26552
1.07078
2.30107
2.18824
1.19426
2.16617
1.76325
2.17092
0.8116
1.63225
1.7591
2.0027
1.11798
1.84114
1.17306
1.88094
2.24792
2.12948
1.09774
1.44516
1.33778
1.43131
1.23175
1.64925
1.48365
1.27589
1.74158
1.61188
1.7912
1.00719
2.49555
1.70603
2.041
1.91955
1.53374
1.14758
1.06467
1.51251
1.29059
1.16603
0.960273
1.40444
1.7069
2.15344
1.86117
1.84874
1.41403
1.32249
1.52739
0.796009
1.36562
2.09758
1.34621
2.06169
2.65918
1.39905
1.16568
1.81687
1.18363
2.26357
1.23376
1.06674
1.28223
0.862106
2.09951
1.65874
1.20241
1.14685
1.0699
2.07116
1.0724
0.876675
1.48023
1.43858
1.99024
2.19894
2.3034
1.37397
0.994391
1.49752
1.88217
0.963478
1.82634
1.04835
1.36693
1.0294
0.802798
1.78189
1.31313
0.672609
1.15639
1.17465
1.26357
2.23114
1.36955
1.45813
1.33949
1.53078
2.08541
1.9519
1.77908
1.51231
2.33348
1.45945
2.06226
0.948112
1.50715
1.53893
1.30701
2.16864
1.83797
1.3572
1.65794
1.00639
1.46116
1.22745
1.52451
1.18555
1.86698
1.20435
1.78639
1.02221
1.74635
1.82953
1.22442
1.29764
1.49831
1.34889
1.65904
1.33224
1.91074
0.674493
1.74582
1.49216
1.47485
0.769136
1.44836
1.91572
1.89215
1.68675
1.23189
1.49082
1.10625
0.741985
2.29124
1.43145
1.40896
1.08933
0.873983
1.84442
1.98067
1.4747
2.00297
1.09484
2.22829
1.16071
1.47525
0.831451
1.1258
1.16616
2.09583
1.65828
1.15303
1.30543
2.09905
1.89943
1.69699
2.20782
1.75557
1.83838
0.64414
1.65053
1.46863
1.6051
1.68651
1.24171
2.05026
1.30125
1.13324
1.10185
2.14821
1.57843
1.59961
1.62105
1.66009
1.30636
2.22818
1.88533
2.32975
1.85551
1.24924
1.35445
0.610838
2.31679
1.12083
2.10418
1.39004
1.47121
1.48635
1.838
1.57936
2.22254
1.76819
1.40233
1.31843
1.21553
0.74509
1.78683
1.17352
1.00266
2.62424
2.48502
0.774368
1.52189
1.33155
1.97712
1.9949
1.30509
0.890948
0.650496
1.75239
1.68961
2.2665
1.75425
1.53734
1.94807
1.94495
1.6415
1.52482
1.41115
1.23882
1.93644
1.47004
1.13393
1.4451
2.28616
2.08151
1.52998
0.705492
1.51393
1.42391
2.00766
1.53484
1.34732
1.52954
0.971913
1.23525
1.20199
1.39181
1.9112
1.4876
0.608937
1.82411
1.49027
1.10526
2.02155
1.73709
1.60486
1.80945
2.59275
1.89763
0.75912
2.20435
1.56182
0.993987
1.68493
1.22752
1.52757
0.740818
1.55285
2.33434
1.70188
1.19553
1.88611
1.21976
1.91695
1.53537
2.06282
1.0618
1.80117
1.38221
2.03259
1.89559
1.43747
2.15253
1.88205
1.19146
1.89273
2.1079
1.17988
1.56707
1.27375
1.48374
2.23591
2.12067
1.39949
1.48353
2.09074
2.13247
1.69723
0.838821
1.80072
1.32369
1.55719
1.78086
1.59149
0.741683
0.820989
1.36391
1.95968
1.61579
2.0265
2.40742
0.64395
2.78499
0.78039
2.4472
2.38618
1.18288
1.4037
2.04783
1.9563
1.32825
1.42154
1.84427
1.44679
1.80452
0.839768
2.25819
1.54969
1.74862
2.26126
1.6963
1.55548
2.10748
1.7758
0.693513
1.46151
1.23554
1.74934
1.31055
1.48878
2.199
1.14792
0.940472
0.78251
2.12419
1.69939
0.897043
1.51105
1.05817
1.57533
1.85784
2.48988
1.38851
1.95496
0.77189
1.14603
1.60162
1.33643
2.01274
1.09196
1.62759
1.73035
1.52474
1.70915
1.54812
1.61109
2.2035
1.00078
1.24447
1.46524
1.42616
0.638369
1.47646
1.00318
1.77073
0.985756
1.63627
1.19238
1.22038
1.30498
1.55667
1.04532
1.17217
1.56036
1.43753
1.26829
2.29849
1.34313
0.805946
1.04754
1.50957
1.43192
1.7301
1.64862
1.69816
2.30798
1.26714
1.69926
0.848663
2.17883
1.98475
2.07332
1.19134
1.94042
1.98563
1.47522
1.40147
1.43808
1.37371
2.00832
1.02235
0.982256
1.54579
1.8438
2.28587
2.27257
1.34948
1.85214
1.28221
1.20693
1.87729
1.15913
2.26301
1.75006
1.99015
1.75858
1.82398
1.63199
1.74898
1.16341
1.62404
1.84594
1.86991
1.41656
1.21954
1.97796
1.79283
1.53612
1.68564
1.78138
2.10019
1.20402
1.06734
2.08853
1.24222
1.77862
1.13663
0.640599
1.73907
1.13181
1.89963
1.10877
1.53759
1.89512
1.68393
1.48138
1.37142
0.875314
1.31279
1.67622
1.68745
1.62597
1.21108
0.905326
1.89223
2.00698
1.13104
2.19773
0.81409
0.995026
2.20486
1.64007
1.50067
2.05494
1.89634
2.45623
1.51452
1.94927
1.50702
1.36307
1.93568
