1.01502
1.41952
1.77485
1.2196
1.74867
1.63407
1.7519
1.07662
1.61567
1.52397
1.74774
1.40445
1.3405
1.66959
0.902985
0.87852
1.7475
1.74882
1.64716
1.54409
2.35152
1.54968
2.0803
1.09854
0.642605
1.38516
1.00136
1.44892
1.87225
1.35942
1.87736
0.478386
1.1854
1.27422
1.28322
1.96152
1.15492
2.45594
2.1313
1.06053
1.27846
0.990576
1.4793
2.69177
1.88714
1.51189
1.34795
0.87861
1.24871
1.36952
1.91819
1.36971
0.864706
1.20522
1.08314
1.40316
1.26503
1.05209
0.952339
1.57995
1.93114
1.07121
0.903913
0.889231
1.34701
1.45974
1.23978
1.57672
1.92388
1.29319
1.65307
0.936712
1.15078
1.60505
1.37814
1.40209
1.58691
1.32137
1.88419
1.46476
2.06172
1.58581
0.968063
2.02131
1.69457
0.92094
1.33974
1.7642
2.05089
1.98924
0.912208
1.67603
1.50893
1.59637
2.12541
0.525115
1.10369
1.4764
2.56189
1.80091
1.61271
1.44233
1.34024
2.16809
1.94196
2.00322
1.62725
1.42613
0.854156
1.44867
1.09202
1.50637
1.35352
1.70813
2.03095
1.3365
1.39124
1.74242
1.25317
2.23611
1.56225
0.621639
1.9669
1.51156
1.25371
2.0717
1.56527
2.08344
1.46298
1.93446
1.61408
1.4951
0.667249
1.6928
1.85685
1.26452
1.49746
2.20064
0.6181
1.53033
1.99496
1.27104
1.41666
2.03887
1.52183
2.56003
1.85061
1.758
1.22508
1.93335
1.57659
1.07904
1.40692
1.60135
1.69299
1.32404
1.83086
1.43642
1.704
1.91223
1.5549
1.21715
1.503
1.20767
1.53785
1.552
1.53287
1.05465
1.35314
1.44953
1.93198
1.52891
1.93062
2.24586
1.12943
1.51953
1.21128
1.88833
1.22281
1.52934
1.80637
1.05694
1.23964
1.76915
1.19255
1.43186
0.728465
2.13216
1.36939
1.17531
1.59192
2.21182
1.8058
1.254
1.57598
1.74446
1.87529
2.24179
1.6419
0.898643
0.888059
1.45917
0.906484
1.15932
2.04665
1.65929
1.49094
1.14265
0.599876
0.996866
1.29992
1.63566
1.26006
1.35495
1.18284
1.82808
2.16898
1.86659
1.92912
1.4558
1.57296
2.00665
1.73554
1.2169
1.99624
2.01468
1.21518
2.12087
2.14717
1.9963
2.00698
1.66554
1.17177
1.10934
1.52673
1.78495
1.52577
1.36703
1.72028
1.025
0.929938
1.02587
1.75357
1.10504
1.99229
1.21254
1.79085
1.20979
1.14931
1.33328
0.876669
2.35419
1.23188
0.79504
1.08561
1.84303
1.92005
1.55087
1.02041
2.15067
1.46371
1.63558
0.7195
1.968
1.86731
1.363
1.99483
1.9567
1.36463
0.853205
2.18444
2.36387
1.60052
1.56922
0.654361
2.44516
1.65751
1.69271
1.22067
1.42141
0.766782
1.32227
1.54995
1.5436
2.11561
1.89744
1.23693
1.84808
1.931
1.26195
1.92904
1.92574
1.23413
1.22496
0.697689
0.716264
1.00981
1.40413
1.95059
1.46323
1.88249
2.00597
1.62704
1.38684
1.59802
1.38522
1.22638
1.69004
1.38497
1.47541
1.51382
1.38827
1.19051
1.73567
0.89051
1.34388
0.968725
1.35162
0.996099
1.36717
1.31175
1.1594
1.49678
1.56317
2.12511
2.79472
0.989482
1.64863
1.9571
0.836111
1.60046
1.16331
1.08785
2.32982
1.78974
1.72639
1.3726
0.94451
0.897663
1.61619
1.14945
1.9545
1.26717
1.27484
1.18604
2.17561
1.49449
0.972038
1.37565
1.51461
1.75196
1.38491
1.51205
1.47329
1.33833
0.588809
0.91464
1.55471
1.51326
1.76905
1.26816
1.26275
1.56683
1.40073
2.21274
1.67112
1.30087
1.66898
2.34057
1.27458
1.31067
1.07365
1.29833
1.0249
1.99797
1.68859
2.06761
1.92496
1.21182
1.84491
1.01109
1.2496
0.85282
1.35286
0.709743
2.86815
2.11026
1.0009
1.94635
1.85783
1.93735
2.03744
1.21404
1.28077
1.70202
1.41693
1.30403
1.76943
2.00654
1.29055
2.50577
1.04298
1.40834
1.42544
1.21293
1.69412
1.21898
2.07952
1.41275
1.94154
1.26208
2.04511
1.21517
1.49177
1.30514
2.32985
1.58372
1.27614
1.27262
1.4351
1.22652
2.30893
1.2048
1.55044
1.54436
1.83241
1.30106
1.24686
2.24781
1.52983
2.15718
2.06838
1.48788
1.7439
1.477
1.33416
1.22404
1.12611
1.54064
1.63841
0.873139
1.18695
2.28469
0.990795
1.56317
1.75985
1.43571
1.75485
1.3194
2.14767
1.87765
1.3533
1.17733
2.2379
1.35655
1.36327
2.16577
1.66499
1.0569
1.2472
1.54846
1.33667
1.74923
1.58353
1.39912
1.43013
1.00235
1.81718
0.778095
1.31225
2.00181
0.827985
1.54907
1.88891
1.14482
2.59763
1.01564
1.57312
1.1764
1.49299
0.882858
1.28755
1.43282
1.5514
1.285
1.17769
1.5986
2.16743
1.3739
1.82859
1.96876
1.46973
1.95453
0.65498
2.58425
2.18243
1.65831
1.88636
0.728529
1.10271
1.10867
1.59748
1.60688
1.48221
1.14128
1.50396
1.92301
2.06199
1.02914
1.46034
1.95105
1.25585
1.77971
1.67929
2.15761
1.76022
1.22482
1.43864
1.44798
1.03921
1.04294
1.2104
1.0014
2.66243
1.46952
1.61731
1.1838
2.48988
1.14914
1.45608
1.93493
2.06733
1.54846
1.00813
1.04342
1.35939
1.53563
1.02992
0.810499
1.38205
1.31906
1.22603
1.52121
0.897325
1.65133
1.50318
1.75016
1.0089
1.33717
1.61671
0.74036
1.41239
1.67797
1.96054
2.44846
0.985665
1.31191
1.43273
1.12613
1.1432
0.962882
1.20087
1.02257
1.34024
1.87349
1.91022
1.35145
1.65476
1.57556
2.00432
1.57541
1.3517
1.5335
1.49682
1.51987
1.67014
1.2324
2.27481
1.6272
1.03099
1.32088
1.1824
1.9736
0.945691
2.08617
1.46283
1.24014
1.46678
1.66039
1.52329
2.18978
1.16763
1.08265
0.716946
1.78542
0.778878
1.5029
1.95968
2.10734
2.09108
1.53793
1.84294
0.951161
1.34851
0.850338
1.60163
1.25605
1.97285
2.36189
1.35517
1.62478
1.89367
1.61133
2.05136
2.03448
1.66337
1.22949
2.28802
1.90751
1.64753
1.05238
1.643
0.765586
1.36955
1.35564
1.74167
1.42008
1.50538
1.80417
1.51602
1.49981
0.924358
1.63646
1.1486
0.872407
2.30887
2.21027
1.81586
1.83099
2.58567
1.71534
0.770246
0.745616
1.13622
1.37858
1.72602
1.70363
1.37492
1.08721
2.04511
0.972582
1.25321
1.27685
1.82052
1.85772
2.15438
1.90634
2.20583
1.59869
1.3388
1.07865
1.81375
0.661765
1.42119
0.886265
1.60364
0.995175
1.92544
1.67407
1.27859
2.1912
2.72118
1.60104
1.52841
1.36861
1.11172
1.62154
1.6539
1.29047
1.40129
1.17095
1.3015
1.67572
1.90802
1.92018
1.9741
1.95315
1.70185
1.06228
1.94698
1.9808
1.4739
1.4084
1.19651
1.12137
1.80857
1.24428
1.24293
2.26031
2.04263
1.93392
2.05526
2.67084
0.891528
1.70679
0.632495
0.720344
1.57128
1.54004
2.0824
2.14593
1.17488
1.91263
1.65258
1.86067
2.13456
1.6186
1.83927
1.29928
1.17607
1.69569
1.32026
1.44355
1.07281
1.5887
1.36358
0.602797
1.24122
1.36195
1.90343
1.35736
1.38523
1.85316
1.34169
1.06404
1.93924
1.21775
1.39137
1.70373
1.84253
2.19006
2.49978
1.82168
1.45306
1.47189
1.07912
1.92236
0.958123
1.37652
1.27555
1.92395
2.20829
1.2633
1.30596
1.62557
0.757528
0.986847
2.08442
1.16205
1.28399
1.27781
1.21906
1.64037
2.06295
1.46799
1.333
2.21084
1.90376
1.12737
0.598581
1.43297
1.06897
1.77853
2.0623
1.55261
0.973986
1.86902
1.7151
1.49792
1.24377
1.12264
1.05408
1.47783
1.18258
0.605148
1.11489
2.07781
1.28658
0.743729
1.51156
1.97369
1.7008
1.40128
1.39825
1.54821
1.02271
1.47507
1.40268
1.32082
1.52769
1.5173
1.25349
0.821582
0.811729
0.464177
1.55499
1.95522
1.6834
0.903
1.71047
1.53977
0.980015
1.51
1.4173
1.3297
1.98754
1.16153
2.20948
1.62355
2.73832
1.64048
0.749145
1.63331
1.39298
1.0378
2.78256
1.6416
1.31249
1.86474
2.08708
1.03329
2.19053
1.85844
1.4686
1.95124
1.28242
1.37335
1.88227
1.05904
2.19949
1.24693
1.69746
1.8578
2.25703
2.18852
1.7949
0.949735
1.53081
2.19491
1.4774
2.06054
1.5011
2.21581
1.35655
1.36169
1.45448
1.03755
0.915731
1.28041
2.25942
0.963298
0.924359
1.20011
1.21345
1.44861
1.02313
1.43195
1.75923
1.95592
1.09772
2.46256
2.07791
1.8422
1.91586
1.52393
0.89145
1.55456
1.73749
2.03152
1.47249
1.26625
1.27736
1.84618
1.09243
1.20388
1.19487
1.78321
1.21141
1.1714
1.09332
1.95183
2.27449
1.45881
1.8883
1.54269
1.89174
2.04387
1.08199
1.50354
1.01681
1.35461
1.42428
1.20526
1.51993
1.01194
1.28805
1.38441
1.19514
0.792572
0.825929
1.75395
1.27953
1.40109
2.10416
1.16007
1.82512
1.7837
1.17294
1.93251
0.949482
1.43673
1.36878
1.75868
1.34673
1.3826
1.32549
1.22625
1.53154
2.00921
2.45061
1.30239
1.40822
1.96278
1.22061
1.89389
1.18948
0.505963
0.766951
1.45586
1.59424
1.79771
1.74018
2.24139
1.5352
1.8202
1.17905
2.31279
1.32344
0.918519
0.862552
1.46136
2.2003
1.48377
2.42972
1.29555
2.21487
2.17198
1.83102
1.04592
1.9088
0.944906
1.33378
1.3523
1.79455
1.3285
0.965981
1.40451
1.17184
1.34432
1.52894
1.46008
1.85942
1.69815
2.65046
1.59185
1.89988
1.53279
1.10114
1.84085
1.9959
1.12525
2.22008
1.66291
1.25426
1.6157
1.21979
1.21247
0.46011
0.844872
1.85557
1.35086
2.43615
1.68165
1.34798
0.35768
1.48132
2.04669
0.970874
1.59021
1.34494
2.39831
2.36624
0.965714
1.80047
1.55731
1.28277
2.53947
1.18834
1.03146
0.839448
1.03718
1.55206
0.730128
2.2003
2.13002
2.08034
1.43605
0.984119
2.25291
1.10941
1.12749
1.17193
2.74698
1.29865
1.34983
1.15802
1.47556
1.66504
1.69539
2.45768
1.04073
1.68392
1.23187
1.27525
1.2898
1.30017
2.01164
1.30818
2.18021
2.28356
1.02893
1.43452
1.74099
1.12976
2.27801
1.34883
1.60451
1.07965
1.52583
1.70924
0.439432
1.62389
1.43098
1.01503
1.95889
2.48152
1.59234
1.24746
1.38988
0.455854
1.51353
2.15725
0.766796
2.45246
1.73536
1.71417
1.92821
1.6268
1.61818
1.29789
0.552486
0.971872
1.64508
1.57645
0.777226
1.59106
1.85583
0.586883
1.51425
1.34559
1.61702
1.36989
1.10114
1.34995
0.989018
1.6367
0.987489
1.42934
1.19835
2.47674
1.66462
1.28659
2.4195
2.34223
2.18489
1.78642
1.73579
1.2539
1.98654
1.70825
1.42798
1.08021
1.65653
1.62093
2.02247
1.45666
1.81297
1.19008
0.651616
0.407796
1.42162
1.9217
1.36781
1.47102
1.45856
1.56576
0.701357
1.13336
2.05946
0.897764
1.57536
0.643848
1.7246
1.34942
1.94498
1.3527
0.978415
1.37702
0.573845
0.968151
1.83446
1.15678
0.996238
0.891403
0.804869
1.78577
1.22245
1.9455
2.00315
1.68612
2.29245
2.03027
1.55494
2.48807
2.17598
1.16434
1.46126
1.21597
1.69225
1.69883
1.21241
1.58294
1.66741
1.34344
1.81825
0.956305
1.2697
2.40906
2.4751
1.52742
1.32378
1.26585
0.890255
1.24717
1.72621
0.883328
1.5708
0.923007
1.25573
1.583
0.893002
1.70794
1.76066
1.51186
1.29713
1.69133
1.72139
1.52149
1.81548
1.2723
1.55382
1.89
1.71531
1.80191
1.33874
0.92985
1.343
1.46973
1.14611
1.21826
0.627671
1.30574
1.24289
2.16938
1.92268
2.12555
1.09605
1.35264
1.20182
2.36462
1.42705
1.78683
1.98787
1.30315
1.80173
1.62465
1.48559
1.68099
0.936435
1.6055
1.08793
1.67565
2.13576
2.35686
1.26936
1.18924
2.50156
0.901995
1.70813
1.29187
0.83285
1.10859
1.03123
1.44319
1.8063
2.26139
0.953566
1.78739
0.774492
1.04776
1.13607
1.1029
1.37217
1.35584
2.00537
1.70397
1.07905
2.24568
1.22672
1.48481
1.03901
1.62912
0.935371
1.19462
0.619415
1.30574
1.16438
0.759267
2.23286
1.70419
1.32464
0.965925
1.56933
0.67366
0.774798
1.79768
1.76718
1.70332
1.51403
1.40979
1.60981
2.26033
0.673012
1.36051
2.04733
1.96416
1.56118
1.7314
1.91751
1.36743
1.21266
0.970584
2.08403
1.92008
2.16132
0.551209
1.70182
1.75488
1.02566
1.76619
0.773626
1.4234
2.20636
1.87894
1.36993
1.93872
0.653748
1.19466
1.98699
0.173169
1.83256
0.978915
1.64869
0.853002
1.36207
1.15412
2.46886
1.25558
0.964558
0.675994
0.981933
1.35301
1.44854
1.29401
1.95401
2.36732
1.1154
1.32992
1.78964
0.661921
1.07475
1.64075
1.99502
1.3388
0.669601
1.30036
2.0381
2.0891
1.79021
1.34034
1.85011
1.67152
1.07908
2.49661
1.87792
1.28748
2.01617
1.35786
0.87931
1.37372
0.272567
0.922964
1.59054
1.6517
1.46519
1.9314
2.06081
1.90972
1.26168
1.3275
1.50367
1.68408
1.04251
1.36163
0.850337
1.60101
1.95961
2.14134
0.691412
1.19992
1.51681
0.609284
1.6095
1.33403
1.2558
1.43999
1.48059
1.58715
1.15065
0.805451
1.38758
0.973326
0.800315
1.33719
0.969629
1.95598
0.972742
2.64325
1.65059
1.03603
1.70924
1.40865
0.861175
1.03487
2.33253
0.759667
1.5744
1.82234
2.07963
0.852347
1.16714
1.92294
1.03431
1.08595
2.0399
1.69471
1.99624
1.34682
1.54314
1.19058
1.11852
2.17324
1.41823
1.19692
1.80574
1.36806
1.56781
1.32196
1.46464
1.16441
1.30843
1.75643
1.60336
1.60709
1.18205
1.34607
1.21838
0.985586
1.652
1.91167
0.502584
1.4184
1.12671
0.665809
1.51981
1.2267
2.63152
1.33083
1.82196
1.39639
0.735068
1.14087
1.25526
1.36275
1.942
1.31531
1.42486
1.37254
1.48717
1.81294
1.99262
1.76084
1.38868
1.91845
1.54009
1.22557
1.64
1.03343
1.02707
1.5404
1.56559
1.98467
1.09944
1.27449
1.3302
1.88291
1.46895
2.36918
1.44344
1.46654
1.84136
1.06084
1.32533
1.69314
1.14085
0.96487
1.18364
2.09984
1.16638
1.10661
1.66027
1.71644
1.90896
1.58559
1.62661
1.37441
0.796949
2.02462
1.32479
1.09005
2.29239
0.784373
1.05844
1.30928
1.8687
1.14081
1.80935
1.9026
1.03526
1.47265
1.07453
1.40215
2.19797
0.728047
1.79009
1.51944
0.984825
1.87714
1.67085
2.51752
1.65289
2.14527
1.79897
2.08553
1.29932
0.801089
1.77737
0.75601
1.90305
1.03582
2.07532
1.86766
2.22423
0.800421
1.71425
2.09053
2.12174
1.5294
1.80468
0.897246
1.56744
1.77329
1.01403
1.61793
1.47673
1.73808
1.44828
1.66545
1.19524
1.3754
1.48567
1.36943
1.44245
2.12576
1.11967
1.51437
1.22508
1.8614
0.902122
2.30799
1.98031
1.48379
1.35826
1.22679
2.35207
0.812194
1.06565
0.865305
1.23121
1.5072
2.00975
1.36863
1.22138
1.15698
0.81253
1.11642
1.63554
1.68064
1.52949
1.7718
1.02685
1.76103
2.25354
1.18745
1.07946
2.26405
1.41526
2.47569
1.9679
1.08624
1.11725
0.743269
2.23565
1.47133
1.47071
1.62325
1.2549
2.26419
1.58892
1.24706
0.957574
1.62074
1.30783
2.28316
1.5493
2.18693
1.75308
1.18212
1.51808
1.15932
1.74018
1.06924
1.08243
0.710025
2.22762
0.424939
1.04675
0.647953
1.22658
1.92405
2.45553
1.11349
1.83241
1.63844
2.07715
1.61984
2.31222
1.16624
1.50308
0.832285
0.823174
0.996246
1.87924
2.06698
1.81875
1.02984
1.63707
1.89756
1.57022
1.48046
1.6449
1.10558
1.39416
2.06453
1.03803
1.94419
1.46157
0.944747
1.90175
1.401
1.48095
1.63187
1.68064
0.792471
0.401539
1.05997
1.60245
2.18461
1.22218
0.997767
1.81737
1.80379
1.91787
1.20238
1.62349
1.54177
1.76417
1.40908
1.64857
1.50079
2.01776
1.59628
1.49394
1.36915
2.08491
1.75724
1.28872
1.84351
0.821955
1.93663
1.33155
1.17918
1.23667
1.46341
2.07285
1.22866
0.996805
1.59619
1.76212
0.804921
1.35001
1.51498
1.51376
1.74111
1.65402
1.07155
1.35389
1.36373
1.58041
0.908956
1.07161
1.56304
2.14817
1.31382
0.994761
1.32841
1.34824
1.46771
2.34112
1.27699
2.3296
1.57132
1.83614
1.90272
1.37042
2.65308
1.46909
1.01871
1.62554
2.28606
1.93383
0.85741
1.16204
1.87919
1.18122
1.77366
0.792735
1.89132
2.00335
0.957145
1.95866
1.07841
1.22693
1.61414
0.798558
1.66266
1.26829
1.55285
0.990423
1.9719
1.58703
1.59109
0.587459
1.72781
1.33786
1.16378
1.31761
1.77366
0.567718
1.25291
0.944178
1.44822
1.81977
1.35308
1.4989
1.54675
1.68242
2.12427
1.63649
1.88201
0.892702
1.6788
1.75029
1.25108
1.68137
1.78914
1.24545
1.38131
0.883238
1.64196
1.70311
1.40989
1.48843
0.783611
2.34048
1.04748
0.920743
1.25853
1.45168
1.53328
2.03273
1.71494
1.17174
1.31319
2.23867
1.5783
1.61506
1.70473
2.21015
1.10983
2.13506
1.25079
0.65398
1.54546
1.91294
1.27834
2.29397
1.56184
1.55908
1.02147
0.804112
1.6643
2.41733
2.17789
1.80229
1.96198
2.04748
1.14831
2.11297
1.855
1.1027
1.51119
1.2486
1.93689
1.61347
0.982957
1.51303
1.18181
1.06884
1.7568
2.35667
1.64323
1.16006
1.07925
1.48432
0.959652
1.7136
1.61127
2.27365
1.32944
2.36362
2.34035
1.31978
1.80541
1.80263
1.59167
0.969303
1.27117
1.306
0.591438
1.9169
0.544725
1.32736
1.40772
1.74805
1.60721
2.41156
1.54644
1.68669
1.88393
1.8406
1.49825
1.23686
1.41502
1.72231
1.71403
0.786224
1.41316
1.73744
0.996976
1.92164
1.06448
1.07287
1.89338
1.30204
1.46105
1.14897
1.67668
1.12103
1.43124
1.03603
1.31042
1.82246
0.976186
1.89789
1.18765
1.6106
1.29827
2.03754
1.35066
1.30941
0.827986
0.673656
2.01805
1.43765
2.38209
1.58917
1.28354
1.25881
1.8766
1.77285
2.17905
0.508961
0.862536
2.26722
1.56448
2.02469
1.16623
1.04614
1.41778
1.02428
1.90066
2.14281
2.17405
2.53016
1.33259
1.3773
1.4152
0.880477
1.36205
1.44282
2.42781
1.55703
1.56353
1.28178
1.70523
2.15834
1.36101
1.879
1.91317
1.454
1.2965
1.28786
1.71041
2.15945
2.17197
1.47953
1.32618
1.47654
1.45715
2.20384
1.60846
1.99586
1.02215
1.12844
2.29393
1.80778
1.21839
1.34841
1.36119
1.41341
1.69502
2.21499
2.28082
1.73132
1.9612
1.46231
1.82184
1.29999
1.90153
1.15925
1.23353
0.978848
1.38653
1.55853
1.3096
2.04134
0.468867
1.64821
1.6901
1.55709
1.33127
1.71047
2.04925
1.41879
0.95497
2.22992
1.36583
1.95553
2.28915
1.72959
2.07882
1.54461
1.44694
1.30171
0.839224
1.33517
1.56042
1.26482
1.2303
1.44039
1.58117
0.907131
1.33883
1.19568
0.935296
1.41038
1.31862
1.94994
1.69096
1.38415
1.36055
1.27375
0.966388
1.27011
1.74
1.83377
1.19518
2.5438
0.984843
1.58371
1.50526
2.46848
2.0755
1.918
1.73291
1.72655
1.3887
0.855806
2.24994
1.83699
1.42921
0.630386
1.29833
1.89811
1.88811
2.03627
1.52287
1.83359
2.01596
1.52555
1.56652
2.10536
1.73368
0.941133
0.94296
0.998003
2.33849
1.98935
1.08243
1.02463
1.08105
0.804719
1.58544
1.31673
1.89499
1.5141
2.08983
1.05858
1.21082
1.77853
1.51539
1.79121
1.7736
1.46446
1.19794
2.31574
1.981
1.66389
1.33993
0.714094
1.96529
1.26116
1.82165
2.1313
1.22079
0.705695
1.13252
1.39695
0.931625
1.35064
0.921515
1.99175
1.4966
1.21351
2.36735
1.70252
0.692014
2.14114
1.48399
1.36768
1.53304
1.35961
2.20149
1.76507
1.80697
1.03928
2.087
2.31925
1.29798
1.25573
0.795216
1.72417
1.79396
2.25826
1.69563
1.14122
0.625841
1.10259
1.6577
1.34937
1.61689
0.615133
2.34045
2.293
2.03795
1.08982
1.60498
1.14217
1.33478
1.09717
1.48921
2.07351
2.16417
1.44292
1.70604
1.51049
1.79915
1.19882
1.92359
1.34422
2.16062
1.03225
2.17716
0.978875
2.28399
2.08203
1.30865
1.62753
1.46752
1.27235
2.36416
1.19238
1.4089
1.45957
2.86627
1.80744
1.17
1.84583
1.14097
1.26163
2.19412
0.868647
1.31256
2.42138
2.46414
1.46775
1.90566
1.65375
1.13514
1.86344
1.38646
1.38912
1.09929
1.54937
1.90693
1.13447
1.0767
2.16246
1.54467
1.14885
0.83479
1.50462
2.1884
1.84123
2.05126
2.01211
1.37845
1.95217
1.72145
1.46728
1.293
1.95835
1.25201
2.06369
1.26151
1.77117
0.633073
1.81221
2.01884
1.89518
1.24012
1.08727
1.10202
1.86941
1.25446
0.848655
2.18829
1.4886
1.20712
1.38749
1.69582
1.36251
1.06933
0.703315
1.36033
0.661411
1.6868
1.55413
1.73532
1.68005
1.18722
1.65408
1.64609
1.31238
1.68951
1.55793
0.554546
1.49302
0.875258
1.58415
1.08321
1.91979
1.12035
1.73222
1.42437
1.42793
0.387484
1.08897
1.63297
1.65856
1.46246
1.52803
1.34444
1.54412
1.5107
1.67468
1.79371
1.96326
1.08916
1.07809
1.33253
1.599
0.974341
2.17014
2.22567
1.39424
1.22708
1.56564
1.52762
1.69305
1.18654
1.36718
1.39075
1.34995
1.10061
1.31294
2.22808
1.72028
1.41746
1.78664
1.235
1.11339
1.06535
1.44927
0.576545
0.671492
1.32548
1.70005
1.05691
1.83551
0.804923
1.57632
1.06424
2.34935
1.00588
2.06133
1.87196
0.738299
1.73205
1.43643
1.2123
1.11289
1.27688
1.18919
0.835271
1.48267
1.86985
1.17413
1.73813
2.14228
1.69994
1.44221
1.64961
1.36063
2.35662
1.91084
1.87474
0.71482
1.45665
2.19178
1.4483
1.45776
1.43192
1.87578
0.946376
2.2145
1.82594
1.3488
2.39603
1.65283
1.7483
1.86663
1.39893
1.42477
1.69136
1.0935
1.46345
1.46538
1.77765
1.31843
1.65053
2.1963
1.6675
1.64328
1.08389
1.20732
1.44645
1.88727
2.28147
1.21297
1.38687
1.09861
2.1768
1.28119
1.16623
1.5096
0.834119
1.6936
1.33139
1.228
1.67138
1.85392
0.888069
1.14649
1.73186
1.44516
1.49129
1.76849
1.66698
1.55187
1.20568
1.27773
1.05679
2.26659
0.875033
1.03609
1.56286
1.72742
2.05864
1.63115
1.80511
1.77949
2.18857
1.58349
0.98494
1.06235
1.115
0.76734
1.92001
1.17799
1.73513
1.2757
2.36439
1.98597
1.41458
1.38594
1.0601
1.96347
1.85771
1.71046
2.03586
1.13985
1.16199
0.696232
1.25162
1.76691
1.86164
1.6787
0.982702
1.50868
1.1775
0.730828
2.51933
2.37264
1.4636
1.62517
1.49443
1.42725
1.96548
1.94422
0.890116
1.08223
0.891811
1.31501
2.08057
1.40432
2.00033
0.905005
1.6323
1.43241
1.25714
1.35595
1.89145
1.39273
0.615685
0.911297
0.955668
1.31805
0.870354
1.44784
1.97417
2.07826
1.98908
2.10167
1.822
1.27075
2.1272
1.25329
1.70795
0.772687
1.60515
0.537839
1.22223
1.53116
1.72781
1.26179
1.28201
1.41545
1.80241
1.78714
1.93984
1.78764
1.70221
1.63003
1.58761
1.50998
1.79499
1.38435
1.33529
1.29285
0.55278
2.03546
1.06146
1.83572
1.33586
0.96539
1.421
1.07322
0.9769
1.43942
1.68186
1.70905
1.60547
1.05423
1.58871
1.59625
1.66968
0.981835
1.76125
0.792757
1.54021
1.46347
1.63591
1.48622
1.42606
1.41514
1.17196
1.11589
1.17468
1.1887
1.10691
1.72559
1.55393
1.14559
1.03425
1.21924
1.62496
1.03646
1.03098
2.11134
1.10129
1.61237
0.923512
1.27761
1.3351
1.17557
2.0683
1.46375
0.939718
1.90809
1.88227
1.45549
1.16803
1.3378
1.1889
1.43722
1.7184
1.65041
1.62404
2.76675
1.50263
0.686243
1.07531
1.2574
1.62447
1.71824
1.33629
1.50151
1.45143
0.714025
2.00974
1.53268
0.848074
0.900968
1.92515
1.56024
1.17361
1.95006
1.50266
1.91715
1.64772
2.55274
1.42281
1.2514
1.56092
1.82771
1.45125
1.3673
1.79152
1.88374
0.851616
1.84389
1.48769
1.55157
1.24409
1.34445
1.27548
0.908045
1.05981
1.71972
1.46034
2.36529
1.59737
1.56384
1.77236
2.071
1.94789
1.70862
1.51364
2.23923
1.69655
1.91445
1.61896
1.86372
1.73344
1.65427
1.02032
1.66027
1.16237
0.957871
1.53432
2.17463
1.45684
1.50511
1.50499
1.92658
0.982501
1.80963
1.96886
1.96199
1.75182
1.21674
1.23097
1.31118
1.62453
2.08557
1.60419
1.11091
1.60944
1.6356
2.17103
0.806264
1.04096
0.966956
1.42127
1.63068
1.45383
1.23486
1.55261
2.10196
1.05113
1.95749
2.03317
1.40022
1.83636
1.6097
2.08883
1.55744
2.33719
1.37148
1.33604
1.59845
1.54296
0.766545
1.33243
1.57855
1.60626
1.65531
1.58923
1.26042
1.52183
1.07047
1.9024
1.46409
1.62349
1.53183
1.37096
1.57108
1.44738
2.34584
0.979419
1.02398
1.71731
1.70462
1.58273
1.55163
1.54357
2.03536
0.944912
1.42728
1.65733
1.61819
1.2697
1.39602
1.66646
1.37055
1.52409
1.73109
1.49161
1.2726
2.15855
1.64392
1.45724
1.63046
0.853618
2.24803
1.50238
1.44713
1.34632
1.40401
0.461647
2.15555
2.06413
1.82837
1.12127
1.99824
1.62285
2.28582
1.6917
1.58097
1.01805
1.49357
0.600584
1.2113
1.69299
1.33094
0.853657
1.66628
1.54186
1.53948
1.6012
1.43182
1.21749
0.96179
1.84452
1.69729
1.97622
1.57556
0.809998
1.61152
1.44701
1.16005
2.02232
1.48898
1.94921
1.74824
1.04574
1.34494
1.97279
1.26939
1.12627
1.17924
1.17094
1.54672
1.68709
1.79963
2.21114
2.37685
1.69625
2.29191
1.31755
1.51125
2.15402
1.80295
0.843432
1.19599
1.08886
1.73659
2.51137
0.742799
1.68309
1.69579
0.882058
1.2711
1.03882
1.56408
1.32193
1.19967
1.45494
1.11519
0.692436
2.13607
1.53582
1.38901
0.81153
1.826
1.68641
0.938816
1.42645
1.71346
0.879397
1.42421
0.841857
2.23145
2.00006
1.0159
1.70542
1.37412
1.99389
1.46022
1.64514
1.49792
1.19478
1.23164
1.49201
1.8296
2.14646
1.49333
1.70597
1.74939
1.57962
1.49865
1.68472
1.86874
1.09371
1.06043
1.30296
1.25503
1.09922
1.63467
1.59936
0.988488
1.78814
2.40336
2.24786
0.348513
1.48416
1.48346
1.02465
1.69886
1.61347
1.85659
2.50551
1.71948
1.68832
1.10542
0.93091
1.89731
1.4355
1.02306
0.624324
1.54406
1.82148
1.00271
1.48941
1.9155
1.93741
2.03976
0.320546
0.773957
1.63451
1.69083
1.86073
1.77331
1.29571
1.50989
1.20029
1.9202
1.70587
1.15674
1.31249
1.65678
1.39986
1.36157
1.38746
1.66168
1.65923
1.52519
1.80151
2.14237
1.69406
1.15111
1.67241
1.66934
1.12041
1.29735
2.16513
2.38242
1.23027
0.934393
1.492
1.45082
2.16791
2.27464
1.06958
1.37857
0.975828
2.18775
2.3715
0.947336
1.08105
1.22788
1.42977
0.383657
1.13911
0.82917
1.54312
1.76003
1.63952
1.73492
1.97659
1.6267
0.649609
1.39301
2.18527
0.916733
1.44409
1.16854
1.38804
0.684034
1.71207
0.877992
1.41335
1.22112
1.16165
1.84649
0.73095
1.1914
1.22021
2.26222
1.30556
1.85522
1.74489
1.66337
1.59163
1.54862
1.72236
1.22949
1.08914
1.41424
1.78803
2.02158
2.29703
1.21286
1.74209
1.56152
2.06075
1.70118
1.73112
1.2152
1.10516
1.60889
1.81539
1.67168
2.26509
1.97675
1.66272
1.33569
2.10493
1.41645
1.59118
0.976646
1.50214
1.39868
2.72478
1.14359
1.59533
1.4215
1.1677
1.74328
1.75122
1.76142
2.24296
0.869281
2.41415
0.564835
1.61998
0.749793
1.44061
1.30966
1.55248
1.35676
1.07298
1.42724
1.25862
2.00109
1.56127
1.3491
1.46679
1.67487
1.51987
1.76597
1.11854
1.01582
1.11991
1.33428
2.01081
0.711046
0.959206
1.46397
1.73399
1.49798
2.23817
1.89049
1.31623
2.26785
1.05949
1.38355
1.818
0.817175
2.31351
2.13101
1.3855
1.89048
0.894219
1.27666
0.780366
2.39055
2.31391
1.54014
1.44593
1.43131
1.1719
1.81674
1.11337
1.86972
1.54369
2.4699
1.44582
1.54351
1.68603
2.03956
1.06061
2.07841
1.51434
1.07182
1.19015
1.30451
1.13259
0.941301
1.20228
1.85494
2.13557
1.23461
1.62973
1.88194
2.13116
1.49822
1.53295
1.99788
1.26426
1.93827
1.90479
1.83997
0.98654
2.05958
1.76874
1.34551
1.35383
2.04864
1.87679
0.536232
2.30661
1.21846
0.92359
1.44233
2.18917
1.78974
1.4366
1.52445
1.3962
1.0852
1.46411
1.06574
1.98508
1.26765
1.22233
0.966446
2.07349
1.9826
1.38471
0.823556
0.855025
2.01366
2.26691
0.816573
0.900127
1.18811
1.42212
1.6378
1.27576
0.675073
1.50618
1.42388
1.66039
0.950698
0.830767
1.5291
1.79271
1.56701
1.6068
1.46192
1.51431
1.28494
2.06885
1.36222
1.7289
1.34507
1.02334
1.62617
1.2882
1.37366
1.62615
1.67263
2.08053
0.886004
1.62551
2.05867
1.71325
2.237
1.60917
1.57838
2.14621
2.1631
1.39887
1.37257
1.3329
1.50725
1.68885
1.78588
2.08951
1.54474
1.37546
1.18976
1.15652
1.24404
1.34112
1.70345
1.61798
2.35521
1.15819
1.06117
1.22479
2.38728
1.40258
1.30947
1.03766
1.6607
1.4873
0.844499
0.852695
0.972797
1.92434
0.884921
1.96459
1.72117
1.01359
1.67922
1.25604
1.07363
1.67352
1.54919
0.882756
1.25715
2.16024
2.18243
1.47274
1.52843
1.76232
2.29883
2.03363
1.32146
1.48987
2.1079
2.27657
1.67643
1.1733
1.41468
1.53392
0.868549
1.5393
1.13978
1.55773
1.73703
1.38031
2.2666
1.37048
2.05384
1.7107
2.23518
2.1785
1.84954
1.45807
1.23358
0.713356
1.0558
1.33974
1.63055
1.84665
1.4973
2.64007
0.698804
1.05037
2.42895
1.49345
0.686979
2.14232
1.51813
1.84167
0.824624
1.24096
1.87062
2.1957
1.57199
1.62294
1.5015
1.96188
1.34789
1.30195
1.49859
1.92255
1.81068
2.26381
1.33309
1.85483
2.16526
1.38392
1.94606
1.06215
2.33405
1.04847
1.681
0.767492
2.0045
2.0048
1.66511
1.53043
1.07152
1.75389
2.03968
2.10492
1.3041
1.57617
1.62661
1.90977
1.7352
1.74551
0.910975
1.58438
1.74056
1.66101
1.13079
2.03948
0.937147
1.27295
2.0731
0.974185
2.51694
1.1837
2.18029
1.75199
1.99918
0.985759
1.08296
1.40382
1.11805
1.81642
1.89586
1.22093
0.724458
1.2098
1.98821
1.91262
0.707866
1.59013
1.05485
1.27364
1.93179
1.25259
2.06456
2.18194
1.36007
1.43735
1.48432
2.32085
1.81246
1.27815
1.79077
1.95257
1.53331
2.28271
1.13091
2.22441
1.61201
1.68595
1.73876
1.20833
0.704285
1.29389
1.40023
1.25702
1.83895
1.68893
1.67916
1.44005
1.10678
1.9523
1.35635
1.20737
1.37561
1.4083
1.71377
1.36161
1.50092
0.385871
1.66468
0.742741
1.36849
1.87324
2.17682
1.76962
1.96298
1.77647
1.49002
1.51133
1.2617
1.63426
2.39672
1.51767
0.628653
1.79684
1.55099
1.65819
0.863244
1.43568
2.15974
0.782923
1.36868
1.35295
1.698
1.46436
0.953204
1.88412
1.27959
1.13151
1.42723
1.44215
0.797029
1.32457
1.34864
1.72042
1.76679
1.09119
0.966421
1.50948
1.25393
2.26119
1.45571
1.78296
1.72664
1.61732
1.20777
1.29678
1.52809
2.73328
1.47651
0.856011
1.37544
1.00866
1.67849
1.21706
1.14171
0.752582
1.24286
1.49213
2.06289
1.79674
1.89011
1.51959
1.46565
0.618122
1.5585
0.859796
0.491485
1.9842
0.62291
1.56753
1.89792
1.03055
1.62348
1.83655
1.78448
1.25246
1.28449
2.62471
1.92998
1.72766
1.07887
1.58093
1.18105
1.1954
1.08061
1.52146
0.950684
1.32265
1.25874
1.37303
1.82789
1.15696
1.11554
2.19758
1.83668
0.744342
1.87156
0.822826
1.88595
1.31042
1.57214
1.5965
1.41452
1.66333
1.17908
2.33103
1.04801
1.66262
1.46378
1.58675
0.953184
1.2498
1.23824
1.10525
1.59643
1.15592
1.64211
1.70727
1.74406
1.7638
1.27594
1.97635
1.17233
1.62624
1.38755
2.3341
1.31878
1.16358
1.40051
2.03939
1.97826
0.843419
1.89203
0.917267
1.46037
1.84209
1.75948
0.778102
2.42126
1.21591
0.711355
1.07077
1.24881
1.34147
2.00818
1.65219
1.50706
1.51135
2.03321
2.00958
1.84989
0.625317
1.40057
1.68635
1.11622
2.27409
1.43162
0.860534
1.96882
1.85731
1.26669
1.88278
0.8711
1.41531
1.37951
1.97798
1.76369
1.3678
1.27244
1.92913
1.29999
1.20315
1.90034
2.3053
1.45199
1.7483
1.50226
1.94229
1.43031
1.10463
1.40079
1.68183
1.66936
2.2548
1.25229
2.07243
1.54931
1.48003
2.15599
1.32038
1.59173
2.13832
1.83579
1.02169
0.684034
2.44204
1.39168
0.893486
0.499956
1.64
1.19495
1.53627
1.95964
1.21553
0.527924
0.893147
1.77382
1.88348
1.21896
1.34883
1.61873
1.57342
1.24654
1.41718
1.5707
1.93434
1.78805
1.53191
1.38328
1.63571
0.68411
1.30459
1.34782
1.32766
2.00496
1.50486
0.746927
1.66508
1.97016
0.815963
1.39034
1.38477
1.92632
0.450892
0.566589
1.61488
1.94094
1.55084
1.40865
1.87759
1.50355
1.29447
1.9877
1.86474
1.02172
0.850165
1.4244
2.04217
1.92938
1.02642
1.87391
1.88573
1.2197
2.10777
2.22991
1.78049
1.41075
1.78701
1.36051
0.728527
0.985522
2.01035
1.89454
1.98867
0.852433
0.876302
1.59384
1.09202
1.73437
1.37091
2.24774
1.13455
1.60538
1.56514
2.07205
1.38839
1.14921
1.64856
0.973243
1.05683
2.11004
1.24944
1.15565
1.1036
1.86455
2.34249
1.90453
0.689576
0.892998
1.16511
1.26024
2.0636
1.90176
1.90571
2.18977
1.45398
1.27946
1.50783
0.905693
1.34739
1.89608
1.91794
1.5617
2.38291
1.5943
1.48849
1.44997
1.07135
0.906962
1.26901
2.3882
1.22093
1.53722
2.73181
1.50085
1.39343
0.336721
0.996954
2.14735
1.80116
2.13007
1.70135
0.691968
0.681685
1.45635
0.830506
2.28651
1.96238
1.51596
1.97945
1.56182
1.94541
2.35923
1.07607
0.961342
1.83699
1.13667
1.89328
1.85513
1.93807
1.37455
1.45229
1.12102
1.71861
0.745374
2.61907
1.29722
1.38442
2.28283
1.7563
1.41566
1.22314
2.04792
1.96204
1.35379
1.14824
1.71698
1.60834
1.8774
1.88159
0.93815
1.0361
1.61419
1.42199
2.35576
1.67775
1.42381
1.72232
0.74846
1.34325
1.87647
1.39494
1.49331
1.35664
1.32026
1.27774
1.45457
1.38491
1.36089
1.38218
2.18744
1.8151
1.6893
1.049
0.880555
2.12182
2.07136
2.29677
1.83293
0.757848
1.6806
1.39127
1.3828
1.84776
2.2052
2.09925
1.60568
2.14957
0.807443
1.652
1.72378
1.19706
1.78764
2.35128
1.53634
1.20098
0.9344
1.04601
2.08708
1.51211
1.61195
1.12716
1.61292
1.57943
1.5483
1.57604
1.08575
1.49233
1.69315
1.45101
1.20827
1.70849
1.47734
1.44836
1.88111
1.49241
1.12564
2.05032
2.75509
1.58653
2.05205
1.52525
1.76557
1.18905
1.21208
1.23273
1.33965
2.20348
1.17499
1.31679
1.90182
1.26247
1.59286
1.65534
1.55725
1.20321
1.7154
1.76824
2.44434
1.32681
1.76653
1.08624
1.39009
2.47176
2.00332
0.896604
0.891001
1.50855
1.51082
0.517956
1.19262
1.14496
1.42998
0.505232
2.27159
2.5921
1.4207
1.81498
1.00885
1.2879
1.35164
2.12331
0.982371
0.875817
2.15024
1.2419
1.12948
1.40302
2.27803
1.52565
1.01498
2.17466
2.15022
1.45067
2.4433
1.42323
0.832826
1.45162
2.33473
1.90207
1.71198
1.96116
1.32165
0.43702
0.93853
1.24222
2.02039
0.719141
2.17026
1.83432
0.950123
1.80257
1.18317
0.75829
1.65684
2.11597
1.50177
1.23951
0.743107
1.49706
1.63224
1.19278
1.33271
1.54227
1.48861
1.07344
1.60187
1.5283
0.982272
1.64205
2.01744
1.93303
1.54586
2.2233
1.39385
1.7452
1.10607
0.972934
0.929373
1.40054
1.85685
0.59122
0.750847
1.5
1.91084
1.31541
2.04428
2.17643
2.00403
1.34663
1.08658
0.752835
0.761201
1.38672
2.29696
1.43328
1.75711
1.01791
1.09281
2.09263
1.51394
1.06933
1.59449
1.20231
1.88926
2.0784
1.28162
1.4553
1.16783
2.12056
1.4165
1.40828
2.34221
1.95536
1.02615
1.77958
2.21801
0.337507
1.95294
1.68279
0.945825
1.5819
1.94855
1.50575
1.71852
1.64778
1.9723
0.60673
1.62007
1.44707
1.91427
1.11829
1.4902
1.51015
1.47856
1.87695
1.37786
1.00479
1.7122
0.631973
1.44688
2.37181
2.13534
1.44147
2.00914
1.0619
2.42072
1.47611
1.46851
1.21506
1.62618
1.83212
1.19606
1.68656
1.57653
1.48636
2.16286
2.25456
1.30166
2.26358
1.04833
0.868967
0.804835
1.8248
1.53313
1.75129
1.7532
0.654808
1.09634
1.5509
2.46842
0.606682
1.37379
1.46848
0.795476
1.62871
1.84624
1.76843
1.45494
1.75556
1.35276
1.27481
1.47022
2.01947
2.57327
1.75171
1.31893
2.24297
2.25306
1.16245
2.13766
1.12309
1.6367
1.71127
1.7774
1.54638
1.79145
1.17485
2.65549
0.904417
1.92177
2.12317
0.755419
1.96516
2.38128
1.29142
2.18662
2.30218
1.32212
1.67154
1.43322
1.90327
1.23117
1.0033
0.601854
1.33811
1.65777
0.820303
0.799981
1.20259
1.08617
1.0814
1.1814
0.997003
1.63401
1.60031
2.08043
1.56985
2.17072
1.16889
1.11499
2.32738
0.861621
1.34638
1.87736
2.09435
1.5791
1.76881
1.89599
0.919814
1.15145
0.813007
2.03652
1.83807
1.60944
1.51914
1.82928
0.794311
1.08363
1.9329
1.39769
1.92841
1.62731
1.56607
1.40834
1.47495
1.46016
0.873824
1.06241
1.81466
1.23078
1.95742
1.83459
1.11186
1.88358
2.25935
1.82934
1.57928
1.40574
1.87458
1.96073
1.52106
0.951528
1.09526
0.737351
0.92537
1.6834
1.43925
0.954009
0.937173
2.08572
2.22939
1.65163
1.55542
1.70413
1.21911
0.856113
1.15299
1.38404
1.52015
1.38354
1.41265
2.31657
1.27786
1.56164
1.84034
1.85799
1.75643
1.33378
1.28202
1.52494
0.822616
