1.60895
1.36407
1.07597
1.41536
1.1801
0.558044
1.27033
1.28543
0.941009
1.10413
2.519
1.05247
1.21391
2.10054
1.28886
1.41607
1.61305
2.32948
1.7491
1.19808
1.28392
1.03398
1.31457
1.79053
1.75833
1.44073
1.42304
1.35596
1.48089
1.85697
1.1656
1.43457
1.42977
2.02283
0.678076
2.18871
1.30517
1.78009
2.0451
2.06025
1.7902
0.948783
1.48644
1.6374
1.13232
1.91683
1.7964
1.45251
0.842783
1.52934
2.54829
1.39692
2.0022
1.9959
2.10191
1.81092
1.24737
1.41199
1.19468
0.685224
1.56512
1.18765
1.19015
1.30966
1.23098
1.38674
1.03782
1.18324
1.37702
1.55819
2.07443
0.984064
1.96561
1.76582
1.67732
1.39214
1.67502
1.33924
1.25522
1.10839
1.65745
1.49608
1.04056
1.28291
1.38882
2.07415
1.54214
1.22105
1.40961
2.05151
1.76849
0.876599
0.941604
0.875021
2.03291
1.63071
1.01687
1.7852
1.40543
1.17459
1.42238
1.52537
1.02574
1.79452
2.17446
1.35108
1.70172
1.65849
2.32679
2.16106
1.69274
2.22172
1.30523
1.62154
1.15583
1.19417
2.07852
2.55329
2.03103
1.85325
2.05264
0.790916
1.82631
1.8325
1.43962
2.03819
1.18126
1.92932
1.57786
1.34538
2.25386
0.930822
1.04284
0.936051
1.74657
1.63921
1.56427
1.85278
1.50679
2.12146
0.944464
0.831863
1.40442
1.81774
2.38748
2.23433
1.13412
1.35826
1.41464
1.63059
1.05008
2.06538
1.19753
1.37098
1.33573
1.68761
2.11256
1.36606
2.10819
2.64052
1.50023
1.03283
1.10214
2.01758
1.47945
1.41363
2.35384
1.25471
1.77615
1.70335
1.41222
1.69895
1.45696
2.39439
1.53808
0.685209
2.04758
1.75811
1.45567
1.81935
2.30562
1.50771
2.39087
0.991232
1.55841
1.37294
1.82836
1.76047
1.61537
2.18886
0.802255
1.98861
1.11628
0.977022
1.9546
1.53575
1.37926
1.47335
2.10777
2.06441
1.40667
1.71183
1.88362
1.39503
1.42588
1.25798
2.01514
0.808836
1.3842
0.967939
1.9953
2.5464
2.31408
2.12054
2.25289
1.84003
1.99535
1.36665
0.895451
1.33267
1.78908
1.43146
1.21301
1.46096
1.24132
1.86841
0.705185
0.752198
1.49951
1.54478
2.00563
1.05347
1.52708
1.17444
1.5907
1.95915
0.943436
1.64723
2.3706
1.32781
1.25694
1.09764
2.07623
1.39279
2.00153
1.30055
1.83625
1.32215
1.62875
1.80676
1.6103
1.48748
1.6115
0.86662
1.44031
1.09913
1.65378
1.35395
1.48328
1.40871
1.91602
1.26081
0.833149
2.27319
1.69756
1.36558
1.85309
0.760206
1.94114
0.724493
0.952022
0.847352
1.81893
1.59439
1.44738
0.921663
1.37497
2.18639
1.98384
2.15796
1.12743
1.572
1.61708
1.94166
0.428272
1.57843
1.87196
1.15278
1.1397
1.75412
1.58548
1.73004
1.6858
1.28121
1.87413
1.221
1.84531
1.29516
0.876399
1.05101
1.38865
1.93211
1.70474
1.78755
1.63022
2.17607
1.88967
1.02468
1.29865
1.65151
1.63279
0.845864
1.6146
1.84696
1.48849
1.49461
1.70665
1.61613
1.55711
1.78402
2.17146
1.57299
1.16855
0.624327
2.37546
2.23426
2.25616
1.11092
0.726534
1.80701
1.14412
1.79407
1.49412
1.27863
1.41539
1.91362
1.88412
1.93219
1.56893
1.37223
1.49302
1.44295
1.68844
1.99065
1.72253
1.78614
1.38097
1.78902
1.11731
2.03368
0.758687
1.0182
1.70105
1.16245
1.40569
1.56945
2.12625
0.890003
1.85653
1.76624
1.54172
1.36989
1.90478
1.2704
1.9348
1.34488
0.773265
2.00597
2.17109
1.8774
1.76183
1.91172
0.62042
0.921711
1.53191
1.74325
1.75057
1.58203
1.68455
0.828505
1.6132
1.32775
1.11552
1.86945
1.08905
1.13798
1.41406
1.82954
1.03382
0.593332
1.53084
1.59439
0.656689
1.53817
1.71849
0.720453
1.31651
1.90589
1.19576
2.05716
1.04755
1.21072
2.21749
2.17019
2.16547
1.27659
1.28272
1.28267
2.33868
0.673158
1.0087
2.06673
2.02409
1.27978
1.52946
1.2348
1.4289
1.85265
1.16092
1.54884
1.53233
1.47078
1.71956
1.53991
0.519806
1.736
1.65764
1.66548
1.50064
1.33089
2.01484
1.28487
1.07143
1.28399
1.52745
1.02382
1.40636
1.06166
1.95177
1.92359
0.962193
1.68764
1.46906
0.721509
1.6764
1.37248
0.860871
1.09003
1.85679
2.27311
1.64939
1.28627
1.92297
1.13892
2.3138
1.54693
1.65941
1.39639
1.80436
2.08708
0.877264
1.88079
0.886834
2.11954
1.43329
1.24358
1.75777
0.821553
1.90089
2.02598
1.024
1.45523
1.95983
1.11784
1.56951
1.3777
1.25661
1.75453
1.92508
1.60941
1.45875
1.86219
1.01317
2.03943
1.56231
1.11016
2.43045
1.70277
1.52784
0.821273
1.48581
1.9543
0.952942
1.40781
1.11539
1.56695
0.627817
1.76855
0.817154
2.28332
1.89817
1.43954
1.34851
2.10598
2.12626
0.7848
1.04181
1.55681
1.69197
1.77865
1.61683
1.03214
1.55728
0.46757
1.83857
1.53682
1.91241
1.3195
1.21573
1.70405
1.58154
0.717268
1.00874
1.98781
1.2998
1.46495
0.878445
1.36039
1.74959
0.870494
1.49626
1.28938
2.17569
1.75463
1.68383
0.754957
1.12001
1.61561
1.71599
0.463339
2.20067
1.15572
1.58033
1.38401
1.09592
1.62664
1.66484
0.981949
1.46261
0.724683
2.02293
1.76706
1.79127
1.24242
0.93758
1.40073
1.56022
1.81755
1.80995
1.25455
1.99838
1.67928
1.96321
1.41044
1.61524
1.80426
1.62123
1.73087
1.52702
1.51623
1.27786
1.13233
2.28436
1.4609
1.34701
1.47567
1.32101
1.01927
1.43007
1.78752
1.43205
1.84261
1.39022
1.76918
1.71514
1.30884
1.02371
1.50089
1.11954
1.56591
1.16991
1.13804
1.63615
1.20755
1.69537
1.3089
1.1998
2.50574
1.55355
1.29755
1.79981
1.45192
2.02871
1.52907
1.67511
1.71568
1.56494
0.854379
1.62233
1.82638
2.14077
1.65831
1.4105
1.3202
0.832222
2.27658
1.22855
2.12986
1.44996
1.91897
1.85716
2.13764
1.62168
2.18932
1.82414
0.605102
1.49688
1.01623
1.57849
1.56399
1.36251
1.41624
1.3307
1.58493
1.06811
0.779685
1.89135
1.29758
0.937341
0.904544
1.44996
1.91384
1.51654
1.2857
1.97244
0.814496
2.05813
1.69366
1.58416
1.93428
1.15072
1.25503
2.17797
1.59857
0.889473
0.918679
1.85959
2.00809
1.32995
1.33886
0.788433
1.92193
1.649
2.41377
2.2226
1.41514
1.37938
1.41424
2.00097
1.47538
2.11126
1.71553
1.21603
1.40384
1.74348
1.33987
1.56311
1.57891
1.71886
0.884108
1.39967
1.14271
1.30378
1.55804
1.95802
1.65262
2.04367
0.899737
1.96046
0.776751
2.82662
1.45438
1.70884
1.86111
1.52122
1.08292
1.52849
1.15471
1.49675
1.14616
1.48765
1.65816
1.87304
2.06836
0.758694
1.52514
1.23425
2.28539
1.28716
1.53531
1.49314
1.16693
1.87931
2.26548
1.53915
1.55859
2.66142
0.902646
1.9945
1.95627
1.91622
0.899895
1.76551
1.60602
1.33949
1.51235
1.56393
2.31866
1.32638
1.39676
1.2948
1.40011
1.65035
1.78158
1.4186
1.49253
1.45693
1.87068
2.21501
1.49718
1.82023
1.24235
1.48077
1.36244
1.01199
1.31181
1.78466
1.58154
1.38143
1.76123
1.21832
0.969466
1.64655
1.85348
1.65102
1.5954
1.43549
1.23745
1.23386
2.02749
1.12278
1.66511
2.33954
1.66852
1.17154
1.57177
1.08244
1.06092
1.28386
1.87516
1.13044
1.46246
1.33587
1.69167
1.6706
1.28159
0.926106
1.04331
1.71621
0.471821
1.0233
1.97357
1.65618
1.38817
1.42366
1.30978
1.40605
1.43908
1.89557
2.00766
1.07393
1.79266
1.70252
1.92835
2.20697
1.85602
1.22946
1.43432
1.70758
1.56161
1.68678
1.78315
0.792955
1.68291
1.98312
1.86717
1.81473
1.76799
0.51464
1.5841
1.49149
1.54588
1.22113
1.48207
0.630825
1.39205
1.23183
0.64354
1.6596
1.36525
1.4601
2.1064
1.40816
1.66628
2.64357
1.37996
1.97286
1.57318
0.980877
1.61024
1.59381
1.15141
1.48881
1.54803
2.00033
2.14223
1.50358
0.961619
0.976925
2.22367
0.658039
1.0073
0.994497
1.00184
1.24305
1.38386
1.8387
1.52198
2.43676
1.07503
1.42465
1.4709
0.910977
2.30392
1.03312
1.14561
2.50867
2.07345
1.56407
1.20337
1.56042
0.895685
2.15778
1.68838
1.5534
1.80574
1.93121
1.96456
1.10594
0.712259
0.860239
1.18482
1.81438
2.28994
1.27381
1.39213
1.28596
1.32982
2.00961
1.13831
1.22955
1.2153
1.93193
1.3838
2.16976
1.59479
1.07187
2.64064
1.61109
2.1281
1.71153
0.920064
1.5014
1.43704
1.07607
2.34457
0.818952
1.47685
0.992538
1.59118
1.37055
1.33529
1.32699
1.70739
1.4569
1.42617
0.987416
0.848853
1.66493
1.77848
1.41644
1.92418
1.35211
1.48978
1.05709
0.823292
2.02688
1.71647
1.86876
1.61457
1.60416
0.91361
1.54543
1.16471
1.77909
1.42693
0.8001
1.7805
1.42847
1.52989
1.17333
1.88643
2.04628
2.02462
1.96946
1.68414
1.97117
2.15198
0.969347
1.0897
1.51883
1.12597
1.17181
1.86538
0.966205
1.18007
1.57943
1.84966
1.91887
2.15465
1.54842
1.38274
1.88516
1.52137
1.81177
1.76123
1.02715
1.2626
1.39279
1.60705
1.56988
1.74142
1.66426
1.71688
0.932592
2.08412
2.09319
2.31234
1.37161
1.76784
1.3517
2.3039
1.84509
0.939243
2.09232
1.95164
2.08172
0.964732
0.834014
2.12019
0.700545
1.2732
0.923427
1.79643
1.58184
2.00981
1.68322
1.74009
1.67551
1.94501
1.87145
1.21794
0.507434
1.02499
1.47277
0.888926
1.45991
0.833015
1.60953
1.88099
2.20082
1.38106
1.24757
2.08315
0.999737
1.50605
1.40008
1.57019
2.84622
2.29502
1.51161
2.25613
1.14684
1.55561
2.3515
1.68033
1.70012
1.18014
1.35225
1.05734
1.83635
1.93324
1.87193
1.48451
2.24259
1.35954
2.00678
2.14123
1.17795
1.90537
1.65724
1.61121
2.32366
1.61512
1.29206
1.44984
1.29085
1.72763
1.69252
1.19821
1.43251
1.93813
1.44547
1.767
1.3269
1.76087
0.915766
1.10736
1.10812
1.61534
1.45961
1.56951
1.09888
1.57573
1.62802
1.7741
1.37637
1.92691
1.27167
0.510047
0.834774
0.881997
1.67806
1.68306
1.68832
1.39874
2.27606
1.34613
1.49688
1.98367
2.12494
1.42185
1.85233
1.25824
1.49391
1.14475
1.06232
1.8145
1.14851
1.40358
1.15942
1.96285
1.94888
1.19639
1.86615
1.24749
1.47536
1.21755
0.613879
2.22707
0.45665
1.43165
1.56665
1.76672
1.34453
1.40197
1.8765
1.50966
1.35995
1.80131
1.47614
1.84662
1.97472
1.3053
0.977114
1.344
1.0791
1.33874
1.17107
1.55471
1.20404
1.72357
2.36128
1.66263
1.87532
1.85529
1.03141
1.60779
1.53777
0.612733
1.77505
1.44393
1.83185
1.02261
1.34273
0.963947
0.823912
1.91061
1.5508
1.8114
0.850675
0.850288
1.63939
1.76
1.3144
0.861683
1.67254
1.5686
1.66245
1.32089
1.62753
2.08259
1.68285
1.09614
0.945534
0.995915
1.86181
1.72676
1.28503
1.44682
1.60764
2.26707
0.740574
1.07107
2.33264
1.23457
1.31244
1.36724
2.02338
1.37147
1.41903
1.34957
2.43932
2.17772
1.61164
1.35489
2.2393
1.74477
1.96357
2.2041
1.2711
1.1756
1.65508
2.26207
1.03411
1.37522
1.07988
1.7335
1.27538
1.15376
1.29821
1.44279
1.17032
1.87612
1.05672
0.880551
2.0111
1.58331
1.53466
1.98254
1.24022
1.47795
2.11951
1.29332
1.1603
1.70296
2.17405
0.938498
1.45733
0.844967
1.06501
2.29119
0.817216
1.92671
1.23532
1.58013
2.02817
1.86678
1.77082
2.03457
1.23473
1.20797
1.37304
1.35555
2.02314
2.02246
1.44368
2.06455
1.08503
1.8937
1.66462
1.6528
1.9647
1.18373
1.55669
2.05321
1.52114
1.93951
1.58358
1.5352
1.74999
1.42514
1.25365
0.408523
1.2418
2.2007
0.837184
1.6457
1.17795
1.01395
1.70699
0.397198
2.27927
1.53081
1.38588
1.62258
1.56399
1.26265
1.05484
1.63805
1.35631
1.71078
1.4211
0.880145
1.67575
0.95256
1.49469
1.53199
1.30036
1.4387
0.808813
0.894794
1.29415
0.662949
0.699185
1.86628
1.50422
1.49883
1.62349
1.63395
0.582971
1.18389
1.63731
0.807947
1.8406
1.31238
1.72676
1.99444
1.18367
1.90631
1.39574
1.30233
1.48855
1.9978
1.44411
1.31395
1.25728
1.97682
1.61873
1.57815
0.919212
1.1751
1.50905
1.04438
1.40042
1.98434
1.48091
1.69354
1.99341
1.90105
1.88069
1.11404
1.52427
0.992756
1.1997
1.12908
1.94553
1.3882
1.96569
2.0488
1.31214
1.36531
2.28721
1.22548
1.13972
1.56266
1.87126
1.45924
1.8806
1.5531
1.54349
0.935844
1.0662
1.57025
1.81642
1.43741
2.21974
1.98822
1.19652
2.15796
1.59619
1.80637
1.38174
2.01487
1.57971
0.813591
2.08133
1.53432
1.36637
1.62466
2.03075
1.54262
1.69717
2.06472
0.832253
1.69649
1.33238
1.48765
1.56317
2.09836
1.45206
1.8063
1.47268
1.34544
1.92261
1.10781
2.06865
1.41217
2.27072
2.28147
1.45865
2.11952
1.367
1.31515
1.09545
2.14742
1.33523
1.68773
1.32322
1.52201
1.36126
2.2533
1.06547
2.23658
1.67262
1.96066
1.6698
1.74452
1.18297
1.58532
1.64888
1.24171
1.6764
2.16594
1.94039
0.877343
1.50091
1.63603
1.07321
1.46059
1.64559
1.4375
0.817566
1.24055
0.814212
1.23098
1.30207
1.76974
1.9959
1.27549
1.0318
1.72423
1.20516
2.26523
1.1867
0.913711
2.01388
1.23522
1.42909
1.32011
1.14309
1.68798
1.31414
1.12327
2.3231
2.62319
1.64025
1.72636
0.752776
1.40351
0.926581
1.15786
1.07479
1.97915
2.10131
1.11478
1.74985
1.79027
1.29561
1.30403
1.84805
1.6475
1.27519
1.22333
1.41321
1.56051
0.798532
1.12316
2.24108
1.72108
0.389434
1.80536
1.02883
1.89567
1.9234
1.73446
1.5628
1.54736
1.8608
1.01487
1.51785
1.0678
2.30729
1.51076
1.44502
1.5283
2.12986
2.14587
2.36653
1.30419
1.27162
1.75241
1.90544
2.09007
0.942269
0.8581
2.48576
1.38783
0.97667
0.798215
2.05495
1.79812
1.47002
0.819166
1.76072
0.705732
1.4739
1.04063
1.84335
1.30777
1.65558
2.31474
1.50355
1.83257
1.31421
1.3263
0.893614
2.02416
2.00255
1.10434
1.30072
0.865002
1.99765
1.86372
1.09876
1.31876
1.78536
1.6367
1.54363
1.63903
1.20894
0.760919
0.832515
1.53282
1.47415
2.36378
1.7413
1.55682
0.892007
1.34149
0.851483
1.33472
1.46967
1.70148
0.977707
1.64465
2.42967
1.18072
1.21553
1.30855
1.81605
1.47924
1.44642
0.990405
1.45687
1.80542
2.27761
1.95955
1.98593
1.88579
1.2281
1.62698
1.62961
1.08686
1.06715
1.33803
1.56588
0.923307
1.51115
1.33433
0.735584
1.0491
0.700616
1.96085
1.75514
1.20026
2.04992
1.4037
1.76488
1.30525
0.193288
0.880959
1.41557
1.28939
1.32712
1.11555
1.57588
1.66205
1.10203
1.47327
1.65727
2.14573
2.05929
1.07309
1.35939
0.846165
0.539399
1.06124
1.24686
1.61237
2.34788
0.976364
2.01649
1.40481
1.203
1.65822
1.21809
1.3166
1.49449
1.28538
1.4188
1.59091
1.70252
1.25699
2.01056
0.849976
1.77753
1.54192
2.22883
0.931676
1.74595
1.43657
0.781505
1.95882
1.67419
1.70563
2.19111
1.3704
1.66229
1.56903
0.501168
0.87149
0.890803
1.63285
1.33447
1.6048
0.815113
1.79502
0.955483
1.86672
0.930636
1.66168
2.35913
1.82239
1.88663
1.47125
2.28534
1.5067
1.50844
0.924353
1.61576
1.06957
1.99009
1.93487
0.861521
1.40266
1.01388
1.94663
1.68024
2.09082
1.46028
0.891615
0.990166
2.17835
1.59979
2.31481
0.460195
1.302
1.67281
0.968532
1.18416
0.695857
0.75622
0.929996
1.4404
0.964486
1.70628
1.57751
0.644571
1.48279
1.52322
1.23312
1.69237
0.823143
1.54748
0.509932
1.09244
1.74548
1.83604
1.44141
1.56958
2.04993
2.12186
1.3102
1.30084
2.38598
2.24661
1.41188
1.66885
1.07235
1.2219
0.981427
0.812819
1.82783
1.46331
1.50599
1.24219
1.68973
2.00016
1.23719
2.04648
1.58538
1.04485
1.45788
1.57251
1.42989
2.02463
1.64117
1.12496
1.19356
2.35385
2.30354
1.10678
1.06578
1.10519
1.89765
1.55963
0.589922
0.833606
0.782381
1.83212
1.38795
0.998504
1.51394
0.640774
1.37497
1.56543
1.30642
0.945818
1.97847
0.691044
1.6791
1.65387
2.59087
2.43548
2.084
1.73363
1.7721
1.34131
1.63536
1.11722
1.59314
2.26722
2.01806
2.06261
0.574783
1.10538
1.07946
1.60616
2.15364
1.26936
1.67677
1.41579
0.965569
0.996756
2.10305
1.46788
1.69065
1.12148
1.01928
0.678995
2.05274
2.28195
1.22486
1.69686
1.65099
1.56927
1.52204
1.58935
2.1247
0.668089
1.68466
1.80524
1.09576
1.44799
1.90298
1.26602
1.30473
1.18875
1.73975
1.77927
1.8103
1.49221
1.86979
0.960378
1.67143
1.83684
2.05446
0.598136
1.90783
1.28882
1.09051
1.8387
1.49791
1.3015
1.14425
1.21883
2.41013
2.02272
0.464368
1.78902
1.19823
1.15965
1.09167
1.85084
1.58154
1.44793
1.49871
0.842375
0.83024
2.19506
1.02026
2.00874
0.94844
1.90014
1.96515
1.3986
1.48419
2.12792
1.15331
1.20882
1.83168
1.87471
2.11287
1.46117
0.530364
1.06694
1.65125
1.3015
1.77354
1.62851
2.38888
1.32932
1.23771
0.883137
0.926787
1.17404
1.73003
1.42205
2.00537
1.98107
1.04974
1.35097
1.01035
1.51159
1.22184
1.74829
0.978742
2.03055
1.63768
1.46053
1.05732
1.56524
1.53899
1.84014
2.07147
1.62948
1.36425
0.792546
2.288
1.09487
1.65249
2.20233
0.668168
1.32759
1.23715
1.65614
1.18132
1.14717
2.20303
1.46717
1.2851
1.63358
2.00645
1.12547
1.39112
1.58046
2.25432
1.45217
1.45729
1.54113
1.10931
1.59821
1.46875
1.87957
0.891685
2.01985
2.16712
1.65157
1.50764
2.20698
1.64372
1.82341
0.24412
1.4709
0.970868
1.33623
2.59268
1.80948
1.06109
2.07651
1.09781
2.10933
1.26317
0.818504
1.46375
1.57611
2.10047
1.52928
1.54288
1.69324
2.196
1.99865
1.80849
1.8313
2.33484
1.76476
1.17611
1.84365
1.73666
1.7614
1.48549
1.49057
2.00853
1.46094
2.2485
1.30449
2.0313
1.38659
1.14341
1.01466
1.58165
1.8805
1.75904
1.80809
1.89328
0.58579
1.00994
1.37627
1.85598
1.42694
1.0655
1.47772
1.23764
1.27736
1.35414
1.60932
1.06919
1.33642
2.09842
1.22159
1.18666
1.5331
1.45696
1.85646
2.14304
1.91976
1.73234
1.53844
1.44162
1.63887
1.43833
1.49522
1.38833
2.20728
1.38516
1.56628
1.30713
1.48175
1.8651
1.10258
1.93999
1.05605
1.27496
2.55265
0.967907
1.30806
1.33011
1.68991
1.80951
1.41718
1.6397
1.2167
1.74712
2.26818
1.32158
1.46881
1.38311
1.54052
2.43656
1.55792
1.84339
1.88604
1.83927
2.52349
1.3633
1.25336
1.67137
2.42476
1.36157
2.22191
2.34561
1.42526
1.4164
1.33441
0.874154
1.45924
0.523899
0.904263
1.95532
1.02213
1.4439
1.04502
1.79934
1.92834
1.48815
1.7823
0.880719
2.3158
0.769521
1.96846
1.47695
1.72812
0.808586
1.08375
2.58496
1.57238
1.09141
2.25453
2.32442
1.552
1.63471
1.43198
1.7923
2.09714
1.27232
2.01359
1.44799
1.54208
0.831881
1.41415
1.72726
1.54092
1.51379
1.1986
1.67088
1.55778
1.22742
1.5312
1.92778
1.46022
2.28338
1.63211
0.951755
1.5052
1.90813
1.4962
1.24879
1.52849
1.17809
1.89119
1.36007
0.61141
0.961951
1.52427
1.81114
0.653583
2.23564
0.792324
1.43371
1.44034
2.01988
1.39701
1.3954
1.19199
1.03623
2.07932
1.08589
1.17637
1.88092
2.2644
1.3482
1.48475
2.16102
1.38268
2.26692
1.01849
1.49747
1.03237
1.05203
2.20174
2.0229
1.60924
1.74269
1.38802
1.53282
1.66343
0.78542
1.10982
1.61537
1.97895
1.56364
1.1872
1.10357
0.648883
2.0975
1.84852
1.25682
1.58462
1.44879
1.0564
1.41736
1.28852
1.23039
1.56574
1.01271
1.3892
0.944003
1.13978
1.95803
2.04318
1.76174
1.54998
1.21208
0.893468
1.68746
1.2852
1.7939
1.29422
1.10627
2.2611
2.32363
1.07224
1.90997
1.32268
1.70742
0.851152
1.80511
1.25413
1.01287
1.14265
1.23208
0.886662
1.08941
1.64931
1.16635
1.37976
2.02326
1.43525
1.04953
1.68689
1.70551
1.82004
1.37624
1.34663
2.12255
0.582045
2.32653
1.93938
1.16411
0.81351
1.44237
1.80166
1.69745
1.34006
1.31517
1.28134
1.20202
1.39447
1.39025
1.74006
1.38361
1.75798
2.10515
2.47483
1.25201
1.38883
1.83304
1.94891
1.15071
1.7473
0.930078
1.11574
1.19967
1.78455
1.11247
1.28054
1.07566
0.946132
1.09477
1.94744
1.69453
1.13182
1.51088
0.696866
0.925173
1.38654
1.364
1.71901
2.13476
0.529891
1.32655
1.99235
1.87106
1.99952
2.03108
1.17352
1.1598
1.66413
1.69207
2.12741
1.01594
1.66999
2.30325
0.739983
2.22944
1.64092
2.47219
1.75643
1.86723
1.40364
2.22397
1.80861
1.2017
1.56039
1.47697
1.91865
1.51486
0.887822
1.52885
1.51058
1.28303
1.73419
1.4265
1.00508
1.10347
1.48604
1.23148
1.75321
1.92756
1.75768
2.25482
2.614
1.97264
1.3787
1.46337
0.814374
1.22732
2.03894
1.3607
1.81391
1.2625
1.76781
1.37229
1.47059
1.5146
1.73189
1.05606
1.88528
1.2138
1.60394
0.971842
1.17472
1.45961
1.61975
1.16005
1.34444
1.55999
1.08547
1.20779
2.09954
1.84527
1.24151
1.92835
1.70062
0.878836
1.35241
2.91989
0.857305
1.76121
1.51254
1.10837
2.10174
1.35292
1.72744
1.11893
1.53242
1.02018
2.0691
1.42597
1.74074
2.15139
1.49743
1.37608
1.15606
1.86685
1.18258
1.45838
1.6615
1.7892
1.49487
0.784558
1.23254
1.31168
1.40583
0.532009
1.64551
1.36537
1.48775
2.33297
1.39751
1.52956
1.87574
1.55371
1.29199
1.49075
1.15172
0.883795
1.51755
1.60437
2.37511
1.65104
1.41832
1.29748
0.847815
1.54479
1.5418
1.41242
1.59112
1.71287
1.70487
2.591
1.86807
1.54254
1.6818
2.32714
1.51758
0.67883
1.41464
1.90996
2.0034
1.78755
2.21216
1.29383
1.40639
1.31524
1.31831
1.77097
1.8025
1.65969
0.655138
0.964277
2.02911
1.74799
1.838
1.71644
1.53548
2.35035
1.67837
1.85653
1.21325
1.22041
1.78564
2.14045
0.788108
1.9963
2.68904
2.07637
1.46222
1.1156
2.0722
1.36541
0.798476
2.12068
0.948906
1.41522
1.7804
0.858095
2.14115
1.88015
1.95453
1.60223
2.18896
0.901284
1.25612
1.80004
1.12306
1.29758
0.603747
1.58078
1.40865
0.612281
1.99824
1.67898
1.99872
1.92678
1.06469
0.827096
1.7356
1.01133
1.82322
1.68689
1.69051
1.61463
1.58413
0.840973
1.26016
1.49473
1.13157
1.1863
1.8446
1.24048
0.96908
1.55206
1.56486
1.63147
0.881587
1.60433
1.50832
1.48745
1.462
1.42341
1.31578
1.36701
0.779311
2.2065
1.68447
1.55285
1.7117
1.13218
0.593115
1.62203
1.45488
0.684993
0.602499
0.780064
1.8175
1.06459
1.89654
1.80672
1.32819
1.35458
0.595616
1.19123
1.57159
2.04206
1.8829
1.84223
1.29615
0.79949
1.55459
1.84522
0.903704
2.21472
1.74812
1.28575
1.66666
1.61512
1.98107
1.42699
1.33526
2.02605
1.77865
1.39602
0.736174
1.60034
1.85774
1.47139
1.19737
1.98743
2.39303
1.92359
1.5972
1.08508
2.1285
1.60859
0.621289
1.39099
0.559214
1.70431
1.28067
1.01693
1.91222
2.26167
1.38143
1.66425
0.960924
1.43747
1.46311
2.20715
1.77406
1.38733
1.15147
1.92561
1.666
1.25458
1.1425
2.05839
1.54388
1.79351
1.65831
1.46758
1.70058
2.34147
2.27681
2.29729
1.9766
1.23066
1.5548
1.61897
1.12867
1.36045
1.93581
1.14924
2.53383
1.30137
1.91197
1.87747
0.445107
1.5545
1.57128
0.958939
1.86284
1.2555
2.17962
1.17055
1.70714
1.51987
1.35251
2.04592
1.23325
1.23081
1.107
1.83361
2.20992
1.16444
1.75503
1.2578
1.25684
2.01444
1.90098
0.726341
0.731204
1.58276
1.13993
1.42511
1.15318
1.13764
1.48285
1.81567
1.54794
1.17776
1.04507
1.84513
2.34883
1.36301
1.26592
1.38569
1.28242
1.06784
1.36152
0.655288
1.25701
1.16711
1.24963
0.822183
1.59656
1.38473
1.66407
1.20287
1.05473
1.41121
2.38329
1.04615
1.00054
1.76756
1.20862
1.2408
1.54186
0.915246
1.293
1.49353
0.794734
1.34895
1.56677
1.33136
1.11548
1.45761
1.76569
2.11167
1.4352
2.26461
1.27175
1.36503
0.911647
1.14308
1.58856
1.42687
1.3562
1.71145
2.10734
1.76379
1.00377
1.45684
1.27838
1.33849
1.455
1.95677
0.945755
2.12504
0.762936
0.665699
1.00401
2.23914
1.19698
1.45447
0.889547
1.3846
2.159
1.3792
1.87752
1.9329
2.55055
1.86672
1.87844
0.926443
1.41922
1.53734
1.56048
1.72744
1.21605
1.85755
2.01644
1.70169
1.06655
1.21943
1.77025
1.59692
2.35237
1.027
1.77958
1.39594
1.86022
1.00052
1.94147
1.56462
1.29552
1.57713
1.70803
2.19908
1.57513
1.23796
0.714855
1.09974
1.3905
1.40649
1.13083
1.05135
1.63407
1.7823
1.80405
1.53026
1.03619
2.11825
1.59622
1.31397
1.56811
0.737408
1.51446
1.08934
1.196
1.86631
1.58551
2.16769
1.92801
2.55857
2.19348
1.36584
1.48641
1.15679
2.07415
2.53817
0.782638
1.32124
0.779759
1.62651
1.86915
1.69139
2.21429
1.23053
1.79258
1.84656
1.41631
1.63325
1.11767
1.16145
1.87849
1.81252
1.5482
1.33648
1.9068
2.40913
1.64692
1.13602
1.15659
1.73758
1.23735
1.1726
2.31272
1.35786
1.26944
1.06946
2.12555
1.81114
1.6301
2.28338
1.28926
1.96439
1.08049
2.31763
1.76476
2.33186
1.59179
1.64955
1.48812
1.4581
1.75526
1.49281
1.90754
0.727515
1.23408
1.80882
0.983094
1.69034
1.35323
1.56393
1.97536
1.3993
1.89982
1.44319
1.04647
1.37491
1.48328
2.03777
1.58122
0.885954
1.45506
2.01414
1.66616
1.67671
1.21064
1.49443
2.17375
1.22541
1.44535
1.58785
1.90819
1.49914
1.67256
1.82604
1.20735
1.43826
0.660535
1.21586
1.28099
1.48464
1.36893
2.29254
1.65053
1.45945
1.65739
1.62782
1.2858
0.808225
1.08454
1.84133
1.23778
1.3236
1.52526
1.275
1.30333
1.04791
0.916945
1.47486
1.42369
1.53704
1.23758
2.09327
2.2372
1.55676
1.56514
1.21533
1.77666
1.31692
1.12278
1.77142
2.07526
1.2243
0.907148
1.23968
1.78303
1.90079
1.01137
1.72831
1.75309
1.69868
1.31427
1.05164
1.40401
2.48395
1.38099
1.52393
1.23564
2.25464
1.32065
1.88086
1.38864
1.12584
1.40042
2.78354
1.82792
1.09078
1.73889
1.89782
1.78757
1.22696
2.11817
1.38485
2.04765
0.720001
1.72147
1.42133
1.6703
1.47574
1.67671
1.86947
2.46916
2.48738
1.46962
1.25265
0.716903
2.50675
1.54162
1.55822
1.54955
1.58827
1.59552
1.5291
1.81768
0.757472
2.25921
0.537446
1.43442
1.01282
1.59424
1.76625
1.70647
1.55645
1.17108
1.17019
1.56451
1.02285
0.820834
1.35714
1.67241
1.31326
1.77522
0.555031
0.84878
1.51871
1.73183
1.33516
1.64487
2.31429
1.28511
1.54284
1.78814
1.91775
1.06253
2.27731
1.72627
1.41069
1.27204
1.38411
1.29859
1.45008
1.33315
1.46415
1.35211
1.06754
2.04422
1.0086
2.30584
1.1412
1.54266
1.91892
1.07191
1.43118
1.51131
1.40152
1.52511
1.69873
1.2681
1.52348
1.8995
0.939345
2.34119
1.38752
1.52042
1.2126
1.64775
0.747536
1.13979
1.75351
1.39165
1.34955
1.62771
2.01765
1.07476
1.83421
1.02622
2.33353
0.877404
1.82071
1.67048
0.969923
0.929468
1.46133
1.21636
1.69834
2.73248
1.10858
1.007
1.53047
1.02628
1.30666
1.36039
1.49782
0.796381
2.61448
1.17942
1.31503
1.67045
1.54966
0.923935
0.828992
1.03971
0.854282
1.7418
1.9075
1.78199
0.749341
1.09022
1.30751
1.35462
1.66867
1.31162
0.802988
0.76034
2.1427
1.17334
1.26626
1.47125
2.34694
1.36615
1.23913
1.4728
1.11261
1.53447
1.61094
1.81492
2.02023
1.03823
2.29086
1.52641
1.68162
1.78367
1.30593
1.51058
1.49571
1.10518
2.22121
0.779263
1.75974
1.55621
2.30411
1.77043
1.84636
1.59698
1.79033
1.73956
1.36357
1.69834
0.907525
1.45242
1.35739
1.49339
1.25018
1.93193
2.22254
1.2504
1.61479
1.29377
2.40959
1.6861
2.14004
0.792132
1.594
1.51278
2.0623
1.53676
2.33876
1.9273
1.28038
0.76614
1.44544
2.48669
1.51692
1.64331
1.75743
1.19048
1.59326
1.55935
1.30783
1.41973
1.91702
1.15848
0.881751
1.42113
1.18192
0.806448
1.9112
1.64377
1.86686
1.60468
1.02877
1.66698
1.54978
1.27921
1.23788
1.12743
1.45614
1.66432
0.913019
1.34795
1.69815
1.11615
0.712954
1.26616
1.24403
2.12234
1.91872
1.77756
1.28704
1.24127
0.64721
1.87849
1.75848
1.37609
2.22762
1.71966
1.38516
1.31862
0.60356
1.34269
1.69903
1.19414
1.46265
1.60843
1.59532
1.38283
0.794974
0.445112
1.57592
1.81529
2.19436
1.85965
1.70798
2.21985
1.4105
1.56427
2.1141
0.488412
1.16319
1.96497
1.49996
0.949332
1.30801
0.990205
1.77697
0.753743
1.53508
2.03372
1.54366
1.62875
0.940112
1.57049
1.77148
1.4223
1.34394
1.30447
1.48316
1.4872
1.8765
0.603266
1.24586
1.53762
2.2446
1.3492
2.03404
1.23764
1.24873
2.2203
1.91073
1.81957
1.47991
1.00849
1.4939
1.42705
1.4701
1.09196
1.88157
1.52971
2.02056
1.18098
1.02805
1.6001
1.73517
1.81875
1.59271
1.64303
1.06263
1.39242
1.23786
1.57382
1.94579
0.962538
1.37808
1.19875
1.75196
1.29117
1.46458
1.01054
1.78326
1.10248
0.709726
1.54076
1.10668
2.16517
0.492367
1.98417
1.80521
1.14374
1.28004
1.19678
1.43987
1.49984
1.41826
1.90021
1.81098
1.74099
1.00415
1.5594
0.649946
1.15448
2.13067
2.07254
1.28827
1.33147
1.56485
1.33365
0.803192
0.970151
2.30296
1.71775
0.854909
1.53383
0.899621
2.04862
1.7502
1.54806
2.1052
1.319
1.03112
1.54333
1.30446
0.788489
2.06615
0.830086
0.926322
1.2337
1.83424
2.6649
1.53734
1.40576
1.25398
1.37938
1.71843
1.86574
1.36251
1.17855
1.49651
2.39536
1.94856
1.97768
2.09391
1.95934
2.13324
1.20937
0.747824
2.70706
1.94868
2.1272
1.38864
1.30909
0.661101
1.43057
1.40583
2.16972
1.66646
1.60474
1.44027
1.86168
1.61329
1.49291
0.83268
1.23732
1.40622
2.13858
0.915697
1.76687
2.1994
1.76536
1.57272
1.58398
1.45942
1.46415
1.37913
1.40827
0.548376
2.37942
1.85352
2.47433
1.35348
1.43318
2.27866
2.02462
2.03875
0.953669
2.01853
1.67419
1.89306
1.41094
1.96113
1.46059
1.29592
0.9014
1.86609
1.30999
1.79696
1.8822
2.37473
1.60007
1.87355
1.97203
1.89519
0.948422
1.34256
1.49351
1.41545
1.299
0.966587
1.52705
1.18444
1.88083
1.73684
1.58581
1.68512
1.3361
1.53356
1.7555
2.19992
1.28115
0.698675
1.37472
1.57467
1.67314
1.35457
1.62365
1.15665
1.27755
1.60932
2.25602
0.816693
1.17537
1.58966
1.59472
2.10933
1.92431
0.921651
1.76227
1.63065
1.31499
1.64175
1.87004
2.33069
1.26055
2.09147
1.42038
1.05494
0.977349
1.38724
1.0574
0.968448
1.48126
1.60243
2.04845
1.46728
1.89406
1.32193
2.09962
1.97343
1.76258
1.60675
1.82436
1.7959
1.05114
1.77301
1.68334
1.59092
1.29307
0.875528
1.4632
1.56073
2.04559
0.942882
1.74158
1.99952
1.34065
0.918349
1.2361
1.38199
0.732041
1.27615
2.57733
1.38578
0.789454
0.852384
2.19194
2.01326
1.88675
1.81929
1.59741
1.82714
1.42057
0.971448
1.75587
1.79151
1.84358
1.88297
1.25545
1.62594
1.44756
2.08669
1.84247
1.28977
1.73344
1.80138
2.32148
1.63805
1.27241
1.71572
1.20223
1.09005
1.63439
1.29475
2.08253
0.954812
1.47415
1.43128
1.68168
2.09026
2.37244
1.49149
2.57796
0.893303
1.50575
1.08596
2.05036
2.07233
1.64683
1.39434
1.36774
1.258
1.02998
1.54412
1.06021
1.15732
1.30653
1.59949
1.66414
1.52592
0.889852
1.16949
1.65785
1.52901
1.29178
1.77173
1.75917
1.076
1.47662
1.18154
1.33842
2.00745
1.1839
1.93337
1.61592
1.45377
0.831446
2.0359
1.03632
1.51223
0.942343
1.3592
1.83018
1.28181
2.06345
1.05017
1.37872
1.25532
1.35502
1.51954
1.57891
1.43679
1.74706
0.589525
1.91339
2.08798
0.831682
1.71352
1.60031
1.58926
1.55627
1.8178
1.84655
2.01142
1.31294
1.11099
1.25223
1.76653
0.806608
1.64465
1.03585
1.93571
2.15772
2.03576
1.21319
0.840191
1.83819
2.35292
1.78196
1.75628
1.06256
1.77565
1.53481
0.96003
2.22185
1.29104
2.0591
2.47783
1.52099
1.20037
1.6023
1.33799
1.26304
1.93402
1.92515
1.84322
0.546394
2.26924
0.921909
1.29171
1.38851
1.11778
1.93505
2.42394
1.87958
1.16398
1.87023
1.26372
1.31661
0.888201
1.37326
0.881441
1.39304
1.42162
1.2395
2.44848
0.993334
1.31411
1.10781
2.02511
1.19973
1.43245
1.63731
1.75341
1.43734
1.56588
1.45709
1.70351
1.37453
1.5779
1.00853
1.85961
1.58691
2.33678
1.53979
0.861572
1.7263
1.36135
2.13998
1.06985
1.32492
1.61158
1.41872
1.03631
2.36147
1.52824
1.07527
2.28837
1.25751
1.31875
1.68266
1.66821
2.01015
1.9259
1.18415
1.59344
1.43845
2.00349
1.73628
1.33755
1.97194
0.868288
1.42079
1.73214
2.34374
1.92264
1.51269
1.67942
1.4692
1.45696
1.77834
1.37593
1.72207
0.741927
1.66993
2.27391
1.73409
0.889626
1.8697
1.28302
1.93732
1.37783
1.54375
1.06857
1.7958
2.25045
2.26477
1.89711
1.63597
1.9961
1.78851
0.686112
1.08817
2.32383
1.32128
1.22724
1.24561
2.18942
1.39259
2.03041
2.18476
1.47788
1.85093
1.07461
2.00638
1.99591
1.84168
1.14167
1.22995
1.79077
2.2561
2.10544
1.62489
0.91967
1.41851
0.71911
1.29597
0.898512
1.33039
1.32045
1.45358
1.71547
1.85475
1.532
1.10698
1.34131
2.13211
2.18477
0.699823
1.58252
1.01524
1.68392
2.07713
1.61928
1.58752
1.34099
1.36746
2.21044
1.5148
2.39084
2.02132
1.44513
0.59806
1.65408
1.33623
1.72617
1.82222
1.82442
1.26356
1.36974
1.823
1.5093
1.09612
1.37715
1.37675
1.46671
1.16378
0.895046
1.74535
1.20718
1.77909
1.28443
1.71537
2.19237
2.11357
1.69791
2.00968
0.789734
1.34262
1.78846
1.12269
0.681101
1.14837
1.89744
0.699011
1.38296
1.0474
1.91197
1.44738
0.982934
1.3224
2.06614
1.51371
2.26412
1.50127
1.72787
1.72769
2.1305
1.39503
1.21101
0.97557
1.25797
1.8656
1.367
1.18146
1.10538
1.45924
1.15895
1.69004
1.79659
1.42384
1.20615
1.64239
1.82039
1.05195
1.90592
1.61983
1.86851
1.77538
1.6618
1.72491
1.74953
2.02287
1.83017
2.03137
2.08445
1.46636
1.53939
1.26444
2.25391
1.26087
1.32542
1.91951
1.42014
1.25408
1.12618
1.64684
1.14825
1.38398
1.41087
2.06907
2.29646
1.9118
2.35212
1.97596
1.81427
1.65947
1.8079
1.65813
1.69452
0.878957
1.71842
0.678806
1.42483
1.90208
1.01495
1.55346
1.08746
1.35133
1.42039
2.23355
1.86153
0.410245
1.3773
1.81098
1.37229
1.51883
1.84753
2.10787
1.16826
1.60251
1.53954
2.45475
0.90928
1.24477
2.25102
1.42315
1.00726
1.30555
1.47462
0.936243
1.30931
2.47701
1.13537
1.41134
1.30915
1.03492
2.04744
1.98789
0.806023
1.48175
2.21708
2.04708
1.61065
2.57461
2.12539
0.950857
1.46272
1.67253
1.98446
1.40871
1.54433
1.72139
2.10656
2.25355
1.42465
1.87151
2.28148
1.28688
1.2111
1.95282
1.3715
1.72365
1.19567
1.48469
0.928396
0.981559
1.30405
0.989826
2.45586
1.81875
0.9474
1.75323
1.3892
0.94807
1.35401
1.50238
1.7335
1.82467
1.35726
1.56643
2.3629
1.31181
1.49587
1.92639
0.886389
0.752714
0.980911
1.62869
1.0429
1.8756
1.26835
1.25117
1.24464
1.46071
1.91813
0.996539
1.67783
1.31086
1.19973
1.33007
1.33434
1.33981
1.20392
1.57849
2.17373
1.07912
2.26278
0.727601
1.16053
1.38535
1.79427
1.73606
1.34582
1.83127
0.831498
1.61152
0.844237
1.89248
1.88553
1.27285
1.83648
1.35832
1.7629
1.80053
0.716455
2.1021
2.05418
2.0581
2.46453
1.44534
1.29403
1.35106
2.11368
1.14763
1.22761
1.68838
0.90396
1.81252
1.15329
1.77111
1.67763
1.61783
1.15732
1.05522
0.972139
1.3166
1.45955
1.28608
1.8375
1.16311
1.54027
1.87605
1.85809
1.21514
2.14712
1.70748
1.54778
1.48843
1.18681
2.44096
1.89887
1.7006
1.17954
1.36282
1.50673
2.10039
1.85046
1.00212
1.75671
1.32475
1.25353
1.34115
1.48402
1.34673
1.66616
1.7964
1.23817
0.543655
2.38078
1.37634
0.963782
0.500289
1.47105
0.779731
1.04818
1.91049
1.47114
0.754324
2.19614
0.792848
1.13063
2.29313
1.88823
1.64873
1.96641
0.999742
1.06375
1.86615
1.08056
1.25355
1.32536
1.56762
1.26404
1.53368
1.20915
0.974977
1.57363
1.02475
1.3645
1.72843
1.8475
1.02227
1.08008
1.0368
1.00492
1.4757
1.10899
1.75382
1.39831
1.07277
1.07889
1.40939
1.88512
1.72478
1.33441
1.72432
1.65813
1.23344
2.06897
1.97689
1.95599
1.18273
0.923354
1.62469
1.95533
1.12469
1.50948
2.15753
1.70653
1.39872
1.70031
1.57672
0.858781
1.77728
1.22164
1.6249
1.61708
1.97138
0.61159
1.2688
1.4105
1.40648
1.05352
1.36949
1.30448
1.86864
1.94298
1.36308
1.3351
1.07267
2.33759
1.49369
1.52583
1.27347
1.10385
1.73189
1.62754
1.42412
0.529979
2.13744
1.85281
1.85126
1.27251
1.06581
2.02747
1.13077
1.61977
0.891897
1.6599
1.39326
2.15402
1.45214
1.29081
2.06048
1.38777
1.85068
1.23508
1.35742
1.03738
0.62284
2.16157
1.79719
1.26003
1.53734
2.06465
1.65209
1.63126
1.7207
0.657345
0.947607
1.41038
1.29821
1.65359
1.57809
1.33184
2.14915
1.08423
1.41047
1.52079
1.17035
1.70191
2.21047
0.83426
0.741386
0.710682
1.30112
0.651591
1.92144
1.31575
1.57755
0.971527
1.38805
1.88759
0.629766
1.98654
1.40122
0.389221
1.57482
1.34288
0.976022
1.37086
1.62594
0.832792
1.27105
0.805662
0.756597
0.943069
1.17772
2.59917
1.47557
1.51938
1.58664
1.56817
1.2182
1.25182
1.9046
1.2989
2.73318
2.26842
1.01096
2.95077
1.33272
1.44738
1.35308
1.38113
0.890298
1.0179
1.73771
2.4032
1.349
1.7765
1.24217
2.18678
0.836554
1.33315
1.37322
0.840384
1.61308
1.72176
0.976328
1.19686
0.83858
0.926862
1.51433
1.38609
1.47777
0.97777
2.09482
1.46802
0.824495
1.68512
2.70806
0.985678
1.72713
0.751558
0.617819
0.811001
2.11894
2.06623
0.280157
1.02857
1.69674
1.73022
1.58838
1.00703
1.14249
2.06447
1.462
0.50617
2.00894
1.71312
1.33222
1.67646
1.10665
2.09697
0.862614
1.27708
1.37164
1.123
1.15554
1.56958
1.54272
1.65512
1.18726
1.92008
1.31062
1.64361
0.885002
1.38609
1.01944
1.31794
2.51307
1.61503
1.91981
1.55657
1.9456
1.86321
1.74099
1.49265
1.9281
1.59619
0.905745
1.80417
0.750188
1.90278
1.63058
0.819332
1.98667
0.789318
2.10748
1.51038
1.64741
0.832916
1.59321
1.40939
1.01258
1.40747
1.71633
1.36722
1.53423
0.770567
0.845543
1.64602
2.05164
0.733544
1.24263
1.82022
1.05886
2.06282
2.29303
1.88644
1.68739
1.37969
1.61543
1.41452
1.36737
1.95378
2.25258
2.23348
0.762913
1.00696
2.07722
1.68939
0.598093
1.03315
1.51523
1.8458
1.64438
1.92954
1.85618
2.58439
2.30842
1.69832
1.82407
0.910591
1.68183
1.8329
1.61332
1.71793
1.68689
1.89132
1.62874
0.66171
1.13401
1.3497
1.43882
0.80777
0.929634
1.98761
1.15446
1.81699
1.41804
1.30011
1.59619
2.3743
1.82631
1.26698
0.977217
1.34519
1.24789
1.28328
1.26919
0.88177
1.41254
2.22033
1.26995
1.62508
1.18521
1.63889
1.01446
2.00322
1.3435
1.28707
2.0665
1.46324
0.901369
1.7614
1.72589
1.15978
1.57354
1.25987
1.06919
1.22217
1.83042
1.03461
2.05612
1.28481
1.0237
1.0402
1.39723
1.5405
1.49622
1.23369
1.86793
1.33604
1.00954
1.57989
1.45936
1.79677
1.53172
1.59118
0.752043
1.96826
1.343
1.89196
0.937903
1.5903
1.90144
1.5239
1.82209
1.15461
1.92959
1.91799
0.852459
1.89705
1.60388
2.1602
1.35489
1.80674
1.35851
1.37154
1.35754
0.964065
1.78808
1.53713
1.79824
1.62817
1.36709
1.47396
1.78617
1.18983
0.843894
1.49871
1.11479
1.72407
1.44814
1.26522
1.58618
2.03778
0.956677
1.12415
1.04105
1.91178
2.12799
1.90137
1.59741
1.32171
1.31376
0.548731
2.06739
1.68534
1.37002
1.00892
0.918489
1.26593
1.78528
1.31269
1.57476
1.53459
1.03185
2.18659
0.540897
2.56341
2.20166
1.65874
1.71556
1.8077
1.86245
1.35205
2.49917
2.19513
1.69695
1.75186
2.32884
1.37198
1.2719
0.947595
0.766416
1.27717
1.6382
2.16467
0.802358
1.49336
0.816452
1.63881
2.15381
1.42465
1.47194
1.19813
1.2609
1.08877
1.58935
0.300328
2.45517
1.23341
1.24896
1.01229
1.12409
1.39862
1.83872
1.85116
0.923587
1.80044
0.970288
1.5971
1.469
0.593296
1.20791
1.77173
2.29048
2.27336
1.64037
1.39955
0.67413
1.80373
2.30407
1.86003
1.30266
1.15282
1.72695
1.19606
1.26666
1.78664
1.73059
1.09592
1.93839
1.75629
1.96135
1.45574
1.01095
1.47421
1.50379
1.62869
1.38783
2.65392
1.63456
1.87027
2.15226
0.849814
0.975448
0.464943
1.42335
1.40407
1.74198
0.664278
1.83591
1.16295
1.76109
1.88589
1.37982
1.6475
1.9331
1.01906
1.70185
1.8554
2.00369
1.54119
1.34494
1.38162
1.3224
1.37142
1.39007
1.4758
1.82795
1.2304
2.17746
0.867572
1.36104
1.70068
1.48935
1.13302
1.02443
1.50587
1.72139
2.33709
1.13864
0.9871
1.52867
1.31197
1.32599
2.04982
1.7688
1.11954
1.44449
1.83316
1.28029
1.27618
1.07298
2.04728
1.51596
1.86156
1.2962
2.34953
2.03686
2.23159
1.22577
0.869099
1.60712
1.97072
1.43611
2.10621
1.29015
1.08012
1.3295
1.29782
1.91907
1.98162
1.45832
1.25028
1.08133
1.57391
2.27348
1.81035
1.57501
1.36251
2.60918
1.2964
1.26234
1.71463
1.47073
1.3101
1.43716
1.17492
2.50239
2.55594
1.28119
1.7159
1.54865
1.78558
1.87964
1.83591
1.27854
1.4302
1.0509
0.982378
1.78383
0.694022
2.04948
1.09271
1.35326
2.29198
1.01129
1.52357
1.40859
1.63113
1.22697
1.24015
1.12414
1.80023
1.06207
0.856541
1.83094
0.919493
1.22077
1.18501
1.45192
1.2734
1.6219
1.15031
0.973834
1.16271
2.01758
1.71417
1.13656
1.4455
1.88226
2.17287
1.73467
1.40543
0.88454
1.26442
1.56055
0.801266
1.62612
0.813979
1.10301
1.32583
1.46769
1.91229
1.19475
1.3697
0.97532
1.94269
0.0912809
2.05555
1.05609
1.24741
1.51244
0.654676
0.975113
1.71966
1.37941
1.06545
2.002
1.5849
1.54827
1.76118
1.4439
1.88399
1.90665
0.947283
1.46353
1.44976
1.27219
0.855855
1.20993
1.33378
1.87253
1.64172
1.23593
1.68954
1.78651
1.59915
1.20881
1.70825
1.16537
0.683885
1.41205
1.05633
0.721311
1.57641
1.38361
1.2764
2.23443
1.37913
1.66061
1.4369
