1.27283
1.79527
0.854007
0.459698
1.08768
2.29288
2.23862
0.752731
1.13575
1.81645
1.42637
1.21758
2.72908
1.49235
1.54583
1.87164
1.56646
0.73126
0.94128
0.720312
2.02151
1.58371
1.21077
2.37107
1.09388
1.41341
1.80436
1.02443
1.39574
1.7974
1.46025
1.02392
0.58125
1.43322
1.76258
0.998977
1.73913
2.40522
1.91956
1.85078
1.35297
1.20294
1.86532
1.32429
1.9055
2.29914
2.01042
1.26087
1.96724
1.25329
1.18955
1.1258
0.862054
1.20913
1.35483
1.71701
1.79167
1.39317
1.02371
1.71633
1.63783
0.800149
0.807271
1.17025
1.01847
0.831572
1.41369
1.33455
2.19977
0.760728
1.3275
1.88629
0.866311
1.06815
1.86074
1.63065
2.02239
0.760591
1.90893
1.10346
2.24576
1.41576
1.43266
0.998423
1.76831
2.35629
2.11946
2.15205
1.28592
1.26377
1.82212
2.08743
1.34713
1.01639
1.31408
1.88676
1.5283
1.15086
2.37491
2.04831
2.79639
0.960338
1.03365
2.25625
0.900577
2.0868
1.13261
0.937857
1.93004
2.01697
1.55551
1.59427
1.40617
0.768934
1.29666
1.24775
1.44584
1.92704
1.55444
1.80229
1.6183
1.47099
1.58731
1.81133
2.5036
1.28989
1.55213
2.15322
1.79386
1.95388
1.82423
1.21136
1.21306
1.3592
1.89808
1.17541
1.61384
1.44421
1.45368
2.1431
1.17723
1.20548
1.74221
1.98974
1.14891
1.35052
0.973913
1.19587
1.21784
1.49088
1.82001
0.890512
1.49361
1.3065
1.9483
1.3986
2.24749
0.971871
1.15831
1.00973
1.34009
1.74282
1.22508
2.08674
1.53853
1.36054
1.37366
2.61352
1.02444
1.03005
2.09793
0.794277
1.06256
1.67978
1.23783
1.90066
2.29464
1.52056
1.00836
2.08904
0.793892
1.33943
1.93183
0.679878
1.37857
1.49288
1.64239
1.09065
2.28353
1.44716
1.56936
1.82029
1.89399
0.711313
1.9303
1.47077
1.90144
2.37104
1.72565
1.56382
1.75336
1.01074
0.629719
2.02504
1.91696
1.94763
1.89632
1.59949
1.16649
1.89139
1.06117
1.21701
1.7623
1.49627
1.37433
1.21225
1.29494
0.703857
1.42465
1.4199
1.21064
1.1655
1.80844
1.71899
2.28178
1.56481
1.39093
1.41112
1.36169
1.6764
1.66996
1.68472
0.92682
1.48487
1.23809
1.36974
1.82187
1.98015
1.61538
1.68647
1.20048
1.38982
1.37659
2.3161
1.29818
0.459433
1.4636
2.30211
1.18106
2.50637
1.27513
1.80517
1.18547
1.84383
1.11235
0.761397
1.94204
1.95499
1.57653
1.56387
1.50251
1.93421
2.07295
1.60492
2.02403
1.5324
0.895528
2.12454
1.61262
2.57152
0.959759
1.87759
1.8079
1.06114
1.9273
2.43665
1.66214
1.53368
0.888797
1.80753
0.764038
1.17742
1.31856
1.34866
1.95598
1.00594
2.06099
0.877802
2.24718
0.813912
2.11732
1.27174
0.89768
1.91226
1.62638
1.67441
1.30378
2.10111
1.65439
1.84611
1.36369
2.10812
1.04118
1.32296
1.57467
1.28419
2.00348
1.20499
2.23282
0.917042
1.53658
1.78673
1.27781
1.3166
1.38566
1.94915
1.65157
1.22667
1.75171
1.97782
1.44027
1.11568
1.42349
1.00531
1.32435
1.59314
1.56149
2.18713
2.66741
1.64282
1.78052
1.41926
1.33792
1.12497
1.62276
2.22654
0.96001
1.33893
1.16703
0.820822
1.5827
1.20418
0.904529
1.89631
1.85917
1.22982
0.554977
1.25182
1.77281
2.23731
2.2425
0.935062
1.75838
1.16078
1.64198
1.92418
0.874172
0.605996
2.02779
1.06333
1.48833
0.901128
1.77198
1.36905
1.40638
1.75227
2.06553
2.38854
1.36426
1.75941
1.15335
1.86889
1.76307
1.22989
1.08438
1.9097
0.639235
2.4135
1.18486
1.84259
2.3384
1.79486
1.25305
1.42693
1.334
1.27331
1.19612
1.39497
1.15232
1.97848
1.8526
1.36743
0.695913
0.96435
1.4955
0.748911
1.34676
1.53386
1.42779
1.26436
1.7775
1.5236
0.872023
2.22099
1.3941
1.73477
0.988807
1.33095
1.7953
0.982454
1.7695
0.863834
1.67159
1.50737
1.11484
1.23065
1.52088
1.68524
0.712542
1.34033
1.71386
1.85519
1.63426
0.960966
1.79495
2.07432
2.22567
2.32314
1.85271
1.88881
1.63205
1.60784
2.25463
1.46814
1.8387
1.87538
1.07971
1.33347
1.26183
1.52736
1.79058
1.00574
0.793886
1.62401
0.946067
1.33667
1.18275
1.59885
1.97294
1.50758
1.56274
1.14468
2.24182
1.54424
1.78158
0.718043
2.77048
1.45524
1.55142
1.74341
1.84808
1.65124
1.23572
1.22463
1.41273
1.34794
1.60941
0.725846
0.811871
2.17368
1.88945
1.80856
1.83092
2.16774
1.7053
1.6599
1.1417
1.91589
2.29965
2.37828
2.12277
1.53197
1.02311
1.68913
2.05726
1.16172
2.20875
1.59301
1.39453
1.03698
0.994101
0.970973
0.496492
1.826
1.59979
0.999814
1.49767
2.40689
1.14288
1.10846
1.27261
1.73771
0.907977
1.37209
1.46578
1.536
1.54342
1.71911
0.953454
1.51697
0.929089
1.26451
1.5581
2.53596
1.41594
1.36238
0.998099
1.65352
1.6618
1.52464
1.41199
2.1194
1.30865
1.52196
1.85303
1.54284
2.11701
1.40231
0.998336
2.04099
1.01074
1.49694
1.16968
1.38505
2.19819
1.7337
1.45727
1.42543
1.78939
1.92372
1.43059
1.76961
1.31078
1.19314
1.29104
1.61323
1.65794
1.59216
1.28157
1.48322
1.33252
1.16039
1.7767
0.854981
1.3492
1.30302
1.69514
0.795385
1.16749
1.42465
1.20264
1.58026
0.782923
2.33839
2.53051
0.924727
1.60639
1.62582
1.685
1.31988
1.54986
1.62264
2.07924
1.09031
1.05079
1.24467
1.92577
2.03669
0.830672
1.03056
1.46218
1.36425
1.54498
1.97822
1.46141
2.43152
1.1655
1.50679
1.25734
1.24487
1.58923
2.16416
1.71725
1.53279
2.06434
1.48855
1.22523
1.56555
1.82862
0.630256
1.40822
2.09305
1.32019
1.85694
2.68432
1.89482
1.06559
1.46489
2.5539
1.41421
1.58904
1.62521
1.80295
1.1729
2.12907
2.33111
1.49705
1.49679
1.33005
1.63162
1.21472
1.45098
1.60633
1.50459
1.75929
2.01563
1.21605
1.29446
1.48279
1.03326
2.19743
1.66046
1.70077
1.70019
1.50514
1.12617
1.70051
1.62044
1.24033
1.74685
1.54293
0.894887
2.04267
1.05056
1.20154
1.79757
1.88143
2.16275
2.14964
1.00342
2.04188
0.975713
1.964
1.74014
1.59488
0.949287
0.86094
1.37101
1.65298
0.999948
1.65641
1.56573
1.53832
1.39681
1.70083
1.93866
1.36339
1.05302
1.78064
1.23786
1.55667
1.82729
1.07119
1.26561
2.03147
2.04922
1.61934
2.10985
2.22969
1.73134
1.30059
0.828932
0.834142
1.90516
1.42499
1.34586
2.25133
2.00278
1.39292
0.743162
0.744622
1.9112
2.18954
1.74985
1.91632
1.16444
1.01816
1.96541
1.31717
1.11132
1.31133
1.89899
1.28576
1.41881
0.931602
1.06409
0.788314
1.03332
1.04551
1.2706
1.30748
2.15695
1.72176
1.3828
1.79934
1.29982
1.46353
0.873128
1.81243
1.87746
0.780193
1.4165
1.9844
1.27576
1.39949
1.12922
2.20993
1.39512
1.12041
1.69742
1.05492
2.01477
1.4932
1.20627
2.13804
2.47215
1.81064
2.23443
1.95661
1.75009
2.25242
1.47345
1.822
2.34159
1.15665
1.27755
1.72426
1.64527
1.52207
1.49421
1.50061
0.872685
1.06076
1.58525
1.96443
1.63704
1.85307
1.16916
1.70764
2.11069
2.29077
1.06522
1.26835
1.08769
1.70665
1.49779
1.01043
1.00652
2.2996
0.807714
2.09223
0.903852
1.52809
1.28408
1.82644
0.977151
1.44295
0.991577
1.24865
1.42612
0.77594
2.49212
1.89326
1.84947
1.39608
1.17845
1.06222
1.79603
2.04264
1.53954
2.07563
2.05926
1.88862
1.50186
1.78814
1.37469
1.84153
1.14757
1.44232
1.91675
1.30055
1.48475
1.77784
1.33987
2.04593
1.52012
1.15248
1.65297
1.74864
1.44245
1.46975
0.9823
1.72769
1.01231
1.99402
1.1049
1.51822
1.74575
1.29294
1.81565
0.75707
1.77622
1.92782
2.08532
1.39199
1.88669
1.07537
1.2721
2.10763
2.31054
0.990016
1.52219
1.32006
1.30998
2.19868
1.40237
1.14496
2.01354
1.1371
1.86909
1.66076
2.45943
1.77572
1.80791
0.839586
2.52122
2.45384
1.1232
1.06455
1.11029
1.80888
1.38842
1.35245
1.87759
1.81818
2.32434
1.88783
2.33819
1.31364
2.0906
0.820543
1.01162
1.30252
1.88214
1.5841
1.42847
2.33931
1.78583
0.818534
1.39932
1.8048
1.22546
2.59164
0.846671
1.42727
1.4071
1.62487
1.16684
1.07608
1.19659
1.81032
1.65831
1.49782
2.59176
1.82033
1.09943
1.76221
1.21932
1.59936
1.95915
1.73571
2.22954
1.4789
1.1718
1.60801
1.53093
1.768
0.908107
1.32844
2.18622
0.918746
1.76153
1.73294
1.8032
2.28545
1.22385
1.78795
1.51956
0.516084
2.20742
2.49475
1.40417
1.00094
2.23425
1.74401
1.5802
1.09057
1.16803
1.56433
1.43978
1.92392
0.921766
1.49847
1.7642
1.34651
2.10641
1.91633
0.918454
0.939475
1.12754
1.36528
0.622022
1.45469
1.10947
2.48653
1.704
2.58483
2.24509
1.18837
1.23732
1.24429
1.04047
1.70029
1.77136
0.798248
1.84964
1.72324
1.24892
1.86471
0.985589
2.19115
1.2548
1.54676
2.03957
2.04633
1.17573
1.23999
2.13348
1.35448
1.44615
1.37573
1.36463
1.41922
1.44239
0.637481
0.778301
2.39573
1.4415
1.53942
1.89969
2.0019
0.967736
1.6987
1.9057
1.66585
0.972572
0.831867
0.942644
1.13964
1.39278
1.34553
1.30574
2.25718
1.5316
0.882507
1.07834
1.40747
1.11869
1.96466
1.75997
1.51712
1.73579
2.17359
1.7751
1.81023
1.05223
2.21918
2.30456
1.66922
1.3592
1.56103
1.35505
0.924577
1.55102
1.75814
1.2674
1.7253
2.105
1.8789
1.19349
1.54607
1.49284
0.985726
1.56945
0.849617
1.59501
1.23027
1.41378
2.46252
0.893367
1.28252
1.18007
1.03866
1.62068
0.661571
0.820122
1.1956
2.09
1.95289
1.46172
0.798263
0.82404
1.56213
1.72213
1.71368
1.48858
1.40172
1.36312
1.37957
1.05275
1.81498
1.66057
1.74347
1.84076
1.10492
1.65623
0.982592
0.833448
1.82102
2.13975
2.17319
1.44497
1.31035
1.61732
1.28716
1.63554
1.83389
2.26264
1.86258
1.12523
2.03689
1.50624
1.30409
1.8491
1.45663
1.12425
1.75032
0.99121
2.00006
1.84599
0.637565
1.59144
2.4103
1.09607
0.990718
1.98949
0.917836
1.37689
0.869911
1.4297
1.21339
2.3004
0.993018
1.80233
1.38915
1.94717
1.90627
1.47397
1.75078
1.31433
2.16062
1.64173
1.45705
0.892435
2.15441
1.46826
2.23589
1.21277
2.37194
1.07255
1.19414
2.58754
1.62252
1.42736
1.05557
1.81809
2.48009
0.520662
1.01642
2.22808
1.8456
2.05539
2.2806
1.07545
1.14342
1.29507
1.72142
1.6673
0.833804
0.553414
0.829828
0.56287
1.70222
1.63961
1.89995
1.44099
1.73294
1.47231
1.26818
2.15595
1.6937
2.01277
1.71306
1.56095
2.06199
1.08452
0.4014
1.26617
1.66242
2.52709
1.83509
1.27551
1.11499
1.51721
1.32309
1.77934
1.10828
0.940105
1.39794
1.75482
2.21939
1.77977
1.62994
1.72516
1.43673
1.44221
1.47938
1.07599
1.50564
1.72522
1.38076
1.08889
1.05875
1.0099
1.67996
1.05498
1.01114
1.36639
0.978338
1.43938
1.15679
1.51516
1.64343
1.5104
1.21092
0.451091
2.00227
1.44599
1.7254
1.20432
2.12849
1.27512
1.54571
1.56304
1.27478
1.86155
0.833975
1.77435
2.70169
1.57931
1.96364
0.928094
2.02348
1.22476
1.47452
1.26607
1.21767
0.694064
1.05782
1.70949
2.48282
1.00948
1.70314
0.659649
0.800278
0.851741
1.46571
0.836291
0.881709
1.40747
1.01601
2.14034
0.991461
1.66085
2.11495
1.23041
2.47274
1.07946
2.18029
1.41923
1.12563
2.03699
1.52539
0.911934
0.931434
1.37733
1.16308
1.65941
1.87336
1.22677
1.54491
2.47388
1.33877
1.32788
1.07589
1.42659
1.18989
1.65463
1.13901
2.04703
1.71491
1.28958
2.41866
1.91217
1.18027
0.542966
0.840945
1.59576
1.94579
1.44771
1.54803
1.3721
1.68443
1.56811
1.04138
1.3763
1.29827
1.33466
1.88547
1.30549
1.33817
1.24293
1.35044
0.835334
1.64374
1.84462
0.931972
1.05942
1.6573
1.16782
2.09837
2.11885
1.48824
1.54836
1.97768
1.68236
1.92014
1.32045
0.977827
2.05805
1.7948
1.74142
1.1064
1.13436
0.529014
1.05193
2.13455
1.54529
1.22463
1.20483
1.27011
1.59027
1.15873
1.88759
1.62793
1.55297
1.14836
1.14904
1.08159
1.69228
1.36095
2.26741
2.39454
1.30903
1.13791
0.96932
1.75712
1.01648
1.49421
2.10243
0.812835
1.78458
2.1368
2.36234
1.50758
0.935625
1.62701
1.42564
1.98694
1.39276
1.58825
1.80035
2.26077
1.82738
1.7665
1.49934
1.36568
1.94098
1.48515
1.82543
1.20058
1.43993
1.78851
1.36069
2.25732
1.46489
1.87906
1.42539
1.71392
1.36954
1.16093
1.9517
1.17241
1.28497
1.39995
1.24177
0.582642
1.84395
1.00054
1.46791
1.70043
1.56004
1.21488
1.76715
1.8118
1.97032
1.7233
1.48457
1.82247
1.52451
1.60188
2.24796
1.16882
1.89165
0.480417
1.82386
1.76106
1.52543
1.1916
1.35695
2.13799
2.29877
0.595366
0.723715
1.73344
2.3302
0.885764
0.639356
1.78745
1.23726
1.52283
2.16234
0.584049
1.69142
2.11673
1.60975
0.95997
1.36441
1.35888
1.03223
1.53423
1.17547
1.39577
1.15785
2.06293
0.999371
1.8313
1.76862
1.75184
2.17151
2.11438
1.31862
1.82715
1.09466
0.803069
2.3706
2.04669
1.27461
1.88316
1.27716
2.23223
1.1272
1.89273
1.00116
1.08655
1.23832
2.00877
1.32492
1.00992
2.33203
0.71952
1.13528
1.48481
2.12671
2.20128
1.31786
1.78933
2.29712
1.99051
2.22207
1.8628
1.71732
1.88868
1.68587
1.61796
0.857942
2.14477
1.0916
2.09559
1.76296
1.35114
1.97763
1.14376
2.80703
1.31359
1.16089
0.980682
1.1495
1.24385
2.39643
1.8522
1.31326
2.11253
2.15677
1.87261
1.1272
1.52516
1.961
1.12733
1.3319
1.53548
0.924661
1.03028
1.14851
2.16695
0.806279
1.64153
1.31086
0.809631
1.23785
1.42863
1.00248
1.47081
1.58947
0.72556
1.28427
1.4467
2.09651
0.79968
1.5218
1.89805
1.41607
1.50859
1.20706
1.49455
0.93853
1.0863
1.23189
1.82493
1.3451
0.700011
0.748848
1.14901
0.771178
1.671
1.39534
0.739754
1.47209
1.19214
1.65139
2.29606
1.3047
1.4557
1.26439
1.39822
1.55697
1.22184
1.45708
1.62183
1.69171
2.0899
2.03593
1.43935
1.72512
2.09293
1.3998
1.46114
2.23699
1.51183
1.53223
1.67051
1.07798
1.00827
1.43149
1.67634
1.23803
1.70252
2.07811
1.07813
1.92379
1.557
1.36452
1.00837
1.42471
2.03427
1.53502
2.57997
2.29377
0.397061
1.61954
1.61824
1.41656
1.55938
1.45143
1.34225
1.59704
0.985172
1.10279
1.23267
1.05682
1.33391
0.940296
0.894568
0.78229
1.19799
1.015
2.06879
1.7898
0.944243
1.75544
2.51077
1.39292
2.00321
1.36038
1.76438
1.36696
1.63138
1.81711
0.9777
1.76843
0.850008
2.12975
2.0629
1.16105
1.72577
1.3482
1.60596
1.31407
1.49379
2.22629
1.7435
0.909
1.04868
1.79177
2.14975
1.62612
1.40857
1.95318
1.4323
1.32767
2.2838
0.835309
1.8343
1.71164
1.59965
1.57336
1.87956
1.34482
1.93742
1.05201
1.88569
1.71004
2.14154
0.960342
1.78398
1.36619
1.41718
2.03423
1.74257
1.98744
1.82777
0.786645
1.48751
1.65182
1.02991
2.76885
2.13231
1.51009
1.1169
1.72676
1.72792
1.03326
1.54571
1.47841
2.09716
1.66746
0.718381
1.29063
1.13407
1.13599
1.65816
1.19931
1.41617
1.73981
2.15549
2.29851
1.92925
1.31455
1.77324
1.19632
1.25463
1.3941
1.5683
1.98188
1.68746
1.63147
1.39535
1.54479
1.34544
1.19513
2.69259
2.03556
1.24485
1.82011
1.55834
1.44135
1.83042
1.89396
2.12478
1.52494
1.54612
1.79477
2.50159
1.18281
1.30856
1.22742
0.951081
1.11757
1.78663
1.46992
1.01589
0.62518
1.14936
1.07001
0.997837
2.36267
1.10879
1.60485
1.0814
2.31987
1.23828
1.71769
1.51678
1.53203
1.6457
0.777033
2.58163
1.59793
1.57403
1.72066
0.908343
1.75004
0.718742
1.19868
2.30955
2.23876
1.7457
1.28461
1.62863
0.9513
1.29941
2.34646
1.0744
1.0631
1.67002
1.46212
1.8026
1.22028
1.59108
1.34626
0.558262
1.13892
0.473668
1.94232
1.56826
2.45583
1.22931
0.891262
1.91285
2.07539
1.63511
1.41106
1.97025
1.07662
1.44967
2.42205
1.22236
1.18974
1.64891
1.61842
1.89557
1.52432
1.72806
0.790264
0.917295
1.80593
1.73641
0.890063
1.42323
1.89081
1.54788
1.49443
1.5089
0.827442
0.538481
1.40069
1.94016
1.38532
1.11717
1.47016
2.72991
2.1786
2.21268
1.42384
1.15994
2.19244
1.47062
0.940844
1.26906
0.932448
1.70838
1.77965
2.49926
2.31289
1.50813
1.7146
0.878198
1.18311
1.29408
2.33354
1.35673
2.00288
1.59765
1.77211
1.57992
1.52543
1.71824
1.73832
0.996943
1.39385
0.54757
1.07325
1.68533
0.641328
1.18861
1.82818
1.59756
1.75246
1.46663
1.81314
1.82196
1.03756
2.07045
1.15132
2.30605
1.23418
2.09781
1.53672
1.11349
1.87599
0.504122
1.42243
0.59067
1.49345
1.81312
1.01856
1.38497
1.13343
1.35114
1.16112
2.41992
1.20048
1.80204
1.34787
1.34422
1.62122
1.27174
0.993872
1.92873
1.25111
1.49885
1.18768
2.2075
1.90294
1.5429
2.29925
1.13219
1.66119
0.930853
1.29884
1.41934
0.953848
1.27495
0.767295
0.902747
1.27876
1.31809
1.45377
1.17203
1.31476
2.15644
1.65336
0.799404
2.23556
1.16365
1.29732
1.31323
1.65549
1.23105
1.65488
0.97721
1.21084
0.78637
1.53148
1.21803
2.3193
1.25856
1.63407
0.986983
1.3683
1.46358
1.37382
1.49504
0.929049
1.61051
1.3665
1.53081
1.82707
1.69951
2.03942
1.12138
1.35334
2.37889
2.25721
1.46838
1.87279
1.40803
1.66339
1.4407
1.50233
1.40361
1.69831
1.71232
1.63872
1.81784
1.01057
0.952569
2.23907
0.717582
1.84929
1.73845
1.5896
1.50981
0.985381
1.85265
1.29959
1.11403
1.14838
1.84954
1.40661
2.39339
1.18139
1.55058
1.41514
1.5734
1.57666
1.23014
2.42147
2.3942
1.1093
1.09368
0.864677
1.70862
1.47832
2.03021
1.46065
1.26893
1.93793
1.35823
1.09402
1.10976
0.738032
1.16325
1.43333
1.24628
1.17452
1.58233
1.58227
1.46206
2.2323
1.69265
2.09454
1.07697
1.7024
1.25609
1.94855
1.47087
1.20516
1.60822
1.48837
0.745042
1.48984
1.96859
1.6471
2.03345
0.578567
2.12692
1.35564
1.79771
1.41471
1.50767
1.46452
2.35406
2.37303
0.658468
1.85456
1.49229
1.50787
1.29383
1.62484
0.774479
0.924336
0.961667
1.03963
0.909029
1.86895
1.36891
1.1034
2.1237
1.57415
1.93189
1.80734
1.58129
1.99191
0.949054
1.63447
1.19331
0.540717
1.18626
1.0925
1.8314
2.177
0.884532
1.60981
1.52812
2.18843
1.47081
1.62741
1.18264
1.00394
0.698018
2.12916
1.09611
2.26929
0.911129
1.70921
1.44319
1.62197
1.49532
2.05677
1.40178
1.36837
1.4853
1.42218
1.50202
1.31931
1.36622
0.798379
1.40531
1.56058
1.21273
1.26413
1.67658
1.45481
1.88303
1.59263
1.59088
1.95095
0.797769
1.121
1.34497
1.28029
1.41184
2.08386
1.19789
1.87586
1.82351
1.46415
2.32883
1.38287
2.14222
0.93879
1.37203
1.20728
1.98682
1.59833
1.40064
2.08996
2.75187
0.929208
1.93532
1.34643
2.42296
1.32287
0.695735
1.28768
2.09782
1.30486
1.67843
1.46108
2.14113
1.51019
1.94131
1.19697
2.18191
1.27952
1.30435
1.66291
1.49124
1.49247
1.10094
0.991042
1.83168
1.85062
1.68524
1.92997
1.01997
1.0988
0.980158
1.67054
1.87164
1.69329
1.84253
1.62227
1.59711
1.36731
0.870643
1.46645
1.74025
1.14998
1.87495
2.46938
1.03886
2.1254
1.29415
2.57118
2.11125
2.43524
1.87148
1.64674
1.50474
0.907054
1.43587
1.51247
1.97901
1.31635
2.19138
1.09201
1.31888
2.08357
1.34656
0.968574
1.98003
0.861812
0.976559
1.59524
1.97469
1.78814
1.73678
1.73536
1.93536
2.32766
1.18554
1.53105
1.86328
2.01963
2.07993
1.51361
1.59234
2.53481
0.882869
1.87286
2.06983
1.14564
1.93937
1.587
1.26307
2.46645
1.3594
1.31912
1.91924
1.44128
1.08878
1.44175
1.20026
0.802128
1.74771
2.10635
2.28094
1.40987
1.26567
1.35132
1.35345
1.3224
0.983046
0.696069
1.41054
1.66542
1.52916
0.316973
1.70129
1.56655
1.75666
2.06157
2.53809
1.94554
2.23642
1.2029
1.53301
1.14181
1.56463
1.57699
1.80579
1.07335
1.50538
0.970292
1.19206
0.992268
0.802193
1.40351
1.37363
1.81045
2.01393
2.054
1.55236
0.368485
1.58283
2.07861
1.54594
1.65987
1.19871
1.54266
2.13895
0.991705
1.91534
1.70102
1.57092
2.16875
2.46734
1.89129
1.99972
1.32364
0.776445
0.903822
1.20366
2.49704
1.24776
1.49571
0.980572
1.43827
1.89808
1.9206
0.77835
1.05535
0.662706
1.13201
1.54125
0.845167
1.50293
0.948834
0.510806
1.27084
1.32397
1.24162
1.08019
1.73715
1.86902
1.62948
1.3923
0.592784
0.873197
0.793339
2.09038
2.00423
1.38833
0.778058
0.764166
1.60581
1.98493
1.07853
2.15712
1.05402
1.26205
1.13414
1.82071
1.60704
1.5301
1.36254
1.83427
1.47905
0.737179
1.70448
1.10143
1.7301
1.09828
1.43177
1.37966
1.02317
1.80706
1.41943
2.31016
1.46955
2.14101
1.17293
1.24423
1.54047
1.96479
1.19486
1.7505
1.19462
1.16683
1.15277
1.54546
0.985994
1.0373
1.58483
1.39224
1.73282
1.15495
1.53492
1.41545
1.24637
1.5445
1.63181
1.17565
1.62799
1.81359
1.35058
1.51737
2.16246
2.04291
1.34558
1.45085
0.828416
1.57382
1.89355
1.51594
1.32914
1.59985
1.44104
0.874071
1.97516
1.29351
1.71271
1.65718
2.26792
1.71641
1.10266
1.55202
1.80449
1.60729
1.35775
1.17815
1.52323
1.99522
1.39416
1.79577
1.96043
1.95321
1.4037
1.78318
0.912767
1.10081
0.858662
0.581477
1.4647
1.37291
1.19284
1.18112
1.78427
1.87797
1.09644
2.20204
0.84908
1.25696
1.22361
1.16085
1.60153
1.80217
0.391556
1.51442
2.1857
1.31515
0.934162
1.20077
1.50605
1.76066
1.69253
1.90686
0.89878
1.70332
1.64888
1.40224
1.52751
1.68346
1.16803
1.48861
2.02452
2.05202
2.11653
2.07052
1.22065
2.1582
2.0232
1.37067
1.18344
1.27251
1.61173
1.36861
1.9036
1.20287
1.59385
0.498605
1.24058
1.29554
1.24158
1.97097
1.67737
1.70505
1.22304
1.3801
1.02964
1.23926
1.44635
1.92971
2.21366
1.32364
2.22266
1.88836
1.9165
0.777705
1.95049
1.49284
2.25751
1.09854
1.79484
2.17013
0.978027
1.91878
1.83503
1.78751
1.28583
1.53817
1.95329
0.812441
2.02525
1.79133
1.42428
1.39559
1.46507
1.47216
1.21527
1.32964
0.555761
1.56964
2.1211
1.39922
1.514
2.11547
1.58178
2.13839
1.23147
1.21181
0.953742
1.38996
0.979565
1.52521
1.68888
1.50746
1.36765
1.02137
1.79258
1.5811
1.41273
1.28481
1.11098
1.42545
2.11917
2.09535
1.14743
1.5465
1.75935
2.245
1.49593
1.31812
2.41611
2.43902
1.57378
1.22904
1.44455
1.3635
1.57185
1.70105
1.86824
2.02742
0.907494
1.25925
1.43519
0.686602
1.65157
1.41736
1.70628
1.94111
2.16632
2.09714
0.992837
1.56976
1.07863
1.29345
1.23854
1.02933
1.6315
1.07938
1.85766
0.797566
2.09805
2.02031
1.24396
1.98593
1.52769
1.56594
0.72164
1.83639
2.47461
1.55938
1.82052
1.73618
1.7527
1.90195
1.12934
1.66882
1.82862
1.71576
2.06296
1.14981
1.84665
1.95519
2.04257
1.80398
1.72713
1.59234
1.82979
1.24409
1.20895
1.7726
0.769107
1.78114
0.815767
1.32118
2.31088
1.31193
1.63248
2.13052
1.29182
0.909508
1.20804
1.42696
1.09586
2.12297
1.11385
1.42967
1.80749
1.81494
0.972832
2.06046
1.76271
2.0302
1.491
1.32882
1.6456
1.97582
1.22158
2.01294
2.06969
1.83879
1.43155
2.38012
1.57745
1.28386
1.6428
1.2871
2.084
1.70468
1.33924
1.58609
1.63143
1.90883
0.602873
2.09175
2.20014
1.31424
2.04797
0.988222
1.38291
0.707683
1.21266
1.75538
1.34701
1.27861
1.29862
1.67192
0.911123
2.02531
1.84142
1.50098
1.59888
1.19462
1.8865
1.86048
1.34551
0.920596
1.13481
0.932208
1.25782
1.88034
1.0068
1.73573
1.26266
1.80147
2.31218
0.941443
1.855
1.52598
0.949122
0.762084
1.65653
1.30476
0.992212
2.13622
2.23658
1.34206
2.18662
1.58433
0.81416
1.22677
1.69473
1.96773
1.1664
2.02885
1.99195
2.30461
2.5214
1.55095
0.818836
1.44721
1.94324
1.11584
1.82335
1.79778
1.71325
1.48267
1.38094
1.50225
1.37755
1.22762
1.85484
2.07784
2.23882
2.24545
1.24886
2.14877
1.84922
1.72736
1.59978
1.06071
1.56463
1.52268
1.56155
2.7209
1.52021
0.774497
1.43968
2.54051
2.27443
0.85513
1.99556
1.95059
1.50648
1.59076
2.11065
1.62233
1.26605
1.03909
1.2337
1.35876
1.64477
1.94206
1.1213
1.80913
1.46
1.51639
1.91249
1.18778
2.31889
1.02441
1.16796
1.51064
1.25162
2.22516
1.52445
1.43051
1.87324
1.51755
0.849156
1.79668
1.33034
2.06883
1.3149
2.08576
1.35189
1.32574
2.3774
1.494
0.8157
1.36211
1.14361
1.38461
1.37804
0.945357
1.51043
1.5236
1.94023
1.32385
2.27938
1.22665
1.37628
1.63114
0.951116
2.22868
1.82286
0.719696
2.30569
2.24522
1.06667
0.706932
1.27576
0.720005
2.18388
1.38659
1.38758
2.16989
2.10826
1.56582
1.00586
2.23232
1.76814
1.40333
1.75196
1.81336
1.44208
0.87389
1.42017
0.985636
1.46783
2.10056
1.21967
1.29478
1.32485
1.46967
1.73693
1.89775
1.67425
0.689373
1.54664
1.55902
1.94183
1.59527
1.06201
1.99744
1.50049
1.66254
1.02392
1.04229
0.67589
1.77671
1.6128
1.54369
2.42923
2.22291
1.74131
1.52977
1.30314
1.91787
2.07778
2.0813
1.61518
1.33796
1.5427
2.11667
1.45512
2.14113
1.67272
0.973177
1.46739
2.07826
1.87043
1.99576
1.5845
0.720865
1.30937
1.54638
1.75624
2.13882
1.15084
1.33391
2.09411
1.08992
1.599
1.42702
0.613189
1.34704
1.43876
1.81378
1.08734
2.27817
1.01675
1.71479
1.07441
1.0843
1.61677
1.74867
1.65727
1.29069
1.56095
1.20477
1.78952
1.89383
0.862074
0.886802
0.671335
1.31452
0.530751
1.0115
2.51211
2.08723
1.43519
1.65467
1.95296
1.56811
1.74341
1.25149
1.203
1.56768
1.72232
1.6596
1.37618
1.7949
1.46323
1.30315
1.15251
1.89061
1.40087
1.44379
0.979435
0.816208
1.12624
1.95908
1.37104
1.72213
2.0331
1.45094
2.18761
1.24715
1.1165
1.40605
1.30818
1.17685
1.20454
1.94141
2.196
1.56733
1.46614
2.39239
1.86271
1.31067
1.28958
2.10997
1.91013
0.931351
1.38299
1.86832
0.941571
1.28996
0.992676
1.49401
1.33115
1.48221
1.21395
2.04463
1.55039
2.03826
1.30621
1.70751
1.39596
1.3462
1.41736
2.07764
1.41453
1.89451
1.2032
1.31982
0.981679
0.945696
1.43137
0.913198
0.864715
0.97671
2.25857
1.29171
2.5498
1.76547
1.40008
1.45683
0.795633
1.10183
1.59604
1.28471
2.28503
2.21369
1.59363
1.38249
1.86286
0.946186
1.60523
0.894761
1.4515
2.16591
1.75839
1.6805
1.40524
2.09526
1.88143
0.938622
1.71873
1.76096
0.864237
1.35476
1.55064
0.712908
0.710485
1.87539
1.5865
2.19948
1.05173
1.68358
1.10074
1.40925
1.47547
1.22165
1.40902
2.00349
2.00819
1.61604
2.38972
2.29554
2.11267
1.44467
2.17
1.75004
1.81573
1.69388
1.99222
2.43119
2.11395
0.868301
1.44483
1.34207
1.38044
1.32108
1.5265
0.971538
2.03102
1.45026
1.11574
1.47418
0.950812
1.82878
1.66315
2.06677
2.34722
1.03831
1.49804
1.07678
1.35189
0.93509
2.37964
1.03695
1.35264
1.02063
1.34196
1.30536
0.921084
1.00785
1.95369
1.16676
1.43876
2.01058
1.82453
1.87528
1.12259
1.26656
2.12288
1.28798
1.01143
1.95736
1.73625
1.51883
1.07086
1.01779
2.11226
1.46602
1.68947
1.8955
1.87535
1.65463
1.30521
2.09633
2.02144
1.56686
1.52311
1.61231
1.63199
2.543
0.780059
1.51816
1.30764
2.29365
1.28917
1.4451
1.65139
1.55261
1.43074
2.17519
1.58886
2.47044
1.64759
1.3621
1.04367
2.18649
2.22283
1.26746
0.881071
2.1941
1.63187
1.05162
1.46838
1.43617
1.27825
0.825335
0.799127
1.96152
2.20559
1.66609
1.38572
1.26054
2.12864
1.66606
1.23053
1.97304
1.79781
1.59656
1.48904
0.776695
1.51321
1.56491
1.84475
1.94842
1.98244
1.50593
0.986314
0.644527
1.45887
0.53688
1.55201
0.852267
1.86686
1.48765
1.06871
1.86883
1.24256
1.78677
1.43796
1.0728
1.96205
1.12365
2.10513
2.15045
0.900347
2.1052
2.05722
1.13198
1.40715
1.00857
1.6925
1.67345
1.26772
2.14179
1.54375
2.16346
1.11662
0.723648
1.81045
1.59882
1.68758
2.27601
1.03907
1.41037
0.447331
1.50171
0.888366
2.14142
1.24667
0.97759
0.429875
1.67787
1.68623
1.22554
1.34347
1.44085
1.71503
1.42387
1.69671
1.91832
1.54479
1.86073
2.52405
1.76485
0.862771
1.80094
1.41835
1.52085
1.86112
2.15373
1.97514
1.57623
1.95223
0.667748
1.48411
1.96688
1.98267
1.79774
1.70178
1.29928
1.34545
1.29707
2.02409
2.07785
1.04543
1.87855
1.15373
1.50374
1.91612
0.885139
1.49382
1.20908
1.44405
0.826112
1.48754
1.70622
2.13453
1.43716
0.539011
1.46399
0.95862
1.64374
1.56884
1.51223
1.55871
1.96945
1.38047
2.14121
2.09657
0.772308
0.767691
2.01704
1.10691
2.33056
2.54608
1.83023
1.92681
1.8197
1.43224
2.56019
2.27082
1.68561
0.849292
1.59601
1.93082
2.0849
1.19248
1.90541
1.03604
1.38671
0.926474
1.14736
0.683929
2.4592
1.87183
1.37688
2.23295
1.7212
1.50798
1.51532
1.44544
0.596802
0.940754
2.10578
2.07046
0.601342
1.54027
2.38564
1.62628
1.39465
1.60755
1.74527
1.54403
1.27296
1.81559
1.65151
0.819291
1.62918
1.6649
1.60501
0.932898
0.748092
1.94284
1.14827
2.38501
1.91755
1.89718
1.36949
1.37656
0.899733
1.24099
2.41508
1.76345
1.20541
1.91885
1.74446
1.65592
2.58897
1.18481
1.39692
1.60089
1.72577
2.10358
1.73471
1.32849
1.96443
0.797909
1.48151
2.09683
0.686409
1.47856
1.03227
1.90692
2.10823
1.48218
1.00284
1.52079
1.21047
1.46053
1.72429
2.09045
1.30258
1.05328
1.67247
1.4804
0.973173
1.59295
1.5689
2.02518
2.20636
1.54702
0.728527
1.39391
2.69605
1.62612
2.76478
0.796722
1.83204
2.04896
1.71257
0.834166
0.858504
1.42292
1.44682
1.11926
1.71556
1.56939
2.12483
1.05247
1.85233
0.439344
0.592805
0.981127
1.12671
1.91307
2.02851
1.6479
1.1837
2.08547
1.74991
0.940929
1.80392
1.2503
1.39831
1.51755
1.922
1.94475
0.606585
2.26668
0.604451
1.28496
1.04662
1.42243
1.39274
1.07437
1.54491
0.741564
1.15705
1.5078
1.29342
1.8452
1.19704
1.75917
2.46263
1.44239
1.7764
2.33702
1.45498
1.08961
1.40543
1.95164
0.972525
1.76236
1.78599
1.48855
1.83351
0.966715
1.77104
0.409981
1.60965
1.85348
1.10366
1.47055
1.58313
1.47608
1.36232
1.98641
0.692458
1.76861
1.84098
1.4313
1.63982
1.95338
0.889372
2.15996
1.06445
2.32954
2.19425
1.5375
1.55163
1.88252
0.901041
1.32366
1.55505
1.76224
1.68229
2.55932
1.52904
1.4122
2.3689
0.683377
1.98374
1.59845
2.31054
1.75544
1.0685
1.15378
1.38345
1.88643
1.66744
1.63046
1.88576
1.41887
1.28315
1.42014
1.79071
0.952194
1.62352
1.49259
1.46977
1.46476
1.20297
1.85946
1.46538
1.63637
1.26426
0.802409
1.39255
1.14103
1.02603
0.695994
1.78583
1.61812
1.01371
1.55426
1.87196
1.75376
1.72337
1.05114
1.58349
1.69262
0.865442
1.79963
1.20147
2.07053
1.13557
1.20201
1.6037
1.29726
1.96625
0.757365
1.15839
1.84786
0.603058
2.15249
1.56167
0.764548
1.62126
1.28602
1.39509
1.11935
2.23712
1.23538
1.36224
1.08299
0.942649
1.83775
1.48625
1.42199
1.74818
1.85303
1.52247
1.90984
1.4643
1.73424
1.2779
2.41434
1.26637
1.59277
1.59228
1.43851
0.974892
1.74247
1.64973
2.07771
1.14556
1.15465
1.14314
1.74805
0.924577
1.58496
1.65972
1.66579
1.71386
2.00191
2.0114
1.13218
0.924267
1.58221
1.13374
1.75475
1.33315
1.20162
0.826394
1.92125
1.82701
1.50055
1.56766
1.57467
1.33553
0.966172
1.51229
0.788765
1.549
1.58471
0.681036
2.52263
1.79193
1.76986
2.28702
1.89036
2.29704
1.47872
1.84364
1.06201
1.44691
1.00342
1.7246
2.01836
1.80396
0.970008
0.998721
1.78933
1.25797
1.72102
1.46931
1.50923
1.56304
1.71269
1.20656
1.01851
1.14669
1.94354
1.54949
1.80847
1.08657
1.55322
1.285
1.33962
1.4419
1.76919
1.97692
0.455679
0.548402
0.945701
1.4254
1.40364
1.2932
1.19374
1.11863
1.7688
1.87516
1.19499
0.854786
1.28054
2.58137
1.79108
1.80392
2.09567
1.57946
1.30801
1.37621
1.22557
2.04944
0.773248
1.41001
1.25397
0.8998
2.1395
1.48843
1.56985
1.41186
1.64141
1.35448
2.23267
1.82467
1.27338
1.31679
0.752786
2.08831
1.26171
1.43309
2.43756
0.968361
1.50269
1.06041
1.99986
1.37084
2.02063
1.84297
1.99475
2.58673
2.6208
1.81131
2.12559
1.03766
1.90899
0.845912
1.81768
1.19586
0.85022
2.01221
1.39305
1.70388
1.20846
1.53398
1.87286
1.61083
1.62466
2.07736
1.5414
1.88807
1.37969
1.95355
0.913285
1.40667
1.13945
1.94298
0.99951
0.731559
1.72497
1.32061
1.6356
1.42656
2.09771
1.21609
2.24342
1.66855
0.977739
1.4371
1.64245
0.883847
1.26892
1.48665
1.62018
1.20797
1.96109
1.57977
1.42565
0.757305
2.18446
1.60724
2.16459
0.986321
0.785382
1.51917
0.998563
2.03368
0.958048
1.45068
1.37101
2.28121
1.73412
1.04419
2.31581
1.90641
1.89364
1.41622
1.87496
1.71904
1.59143
1.37534
1.9212
0.796947
1.02779
1.2689
0.835552
1.12959
2.00481
2.05866
1.89474
1.25962
1.75533
1.28424
0.847331
1.15217
1.13804
2.08584
1.818
1.82196
1.44116
0.683418
1.64374
1.52931
0.883399
0.50579
2.64424
1.43679
1.76603
2.21008
0.986626
1.55523
1.825
1.34112
1.05388
1.56668
1.83439
2.23089
2.15748
1.35326
1.94962
1.92164
0.865609
2.24863
2.38875
2.02925
2.14164
0.854301
0.759082
1.18304
2.10976
0.827357
1.47035
1.40193
0.906787
1.69928
1.60071
1.00295
2.25188
1.01228
1.18136
1.10319
2.66432
1.32254
0.94687
1.38131
1.28614
1.19109
0.913236
2.07973
0.977888
2.13102
2.26872
0.697677
1.42366
1.17338
0.978763
1.86539
1.0737
1.13461
1.30403
1.68721
1.1476
1.96939
0.917064
0.727847
1.51966
1.65185
1.15405
2.23054
2.21504
2.07186
2.5159
1.60382
1.36675
1.43818
1.79158
1.47041
1.10943
1.66947
1.72386
2.13336
2.33364
1.69045
1.40258
2.2184
1.50105
1.13387
1.14195
2.3373
0.849202
2.05777
1.47332
1.87983
1.07572
1.33572
1.57135
1.18212
1.62854
0.970574
1.60964
1.03009
0.851571
2.03505
1.60599
1.15659
1.30254
1.42139
1.3582
2.46175
1.65387
0.939706
1.86041
1.554
0.600815
1.71713
1.69336
2.12861
1.02665
1.69637
1.2251
2.1702
1.10969
1.52537
0.631825
1.59402
1.74633
1.31073
1.25426
1.7985
1.70234
1.68272
1.17342
1.25301
2.55968
2.33076
1.59305
0.832322
1.83256
1.21546
0.731014
0.977884
1.14375
0.652169
1.14816
1.60394
1.74722
1.51333
1.96887
1.71035
1.16425
1.86344
0.95895
0.972936
1.40184
1.43698
1.29599
1.40132
0.773258
2.11396
1.31812
1.51767
1.44959
1.38373
2.38659
1.73041
1.52476
1.68727
1.31231
1.61366
1.43322
1.81789
1.16777
1.78208
1.78748
1.44235
0.802543
0.701754
1.49161
1.90134
2.33028
2.53278
0.695135
1.88557
1.49939
2.21596
1.89029
1.68049
0.986486
2.23501
1.24872
1.86749
1.3631
2.28471
1.02127
1.08333
2.36606
1.54034
1.62673
1.08548
1.52989
1.34413
1.62293
1.43494
1.2438
1.51657
1.17285
1.5997
1.53765
0.79349
1.14075
2.2446
0.867493
1.52922
1.72647
1.65987
1.4819
1.30214
2.09743
2.65588
0.991479
1.18508
2.31537
1.03523
2.09091
2.40668
1.92027
1.67774
0.899571
1.54314
0.738066
1.67695
1.55444
2.08702
1.29983
1.08871
1.03135
2.07456
1.00464
2.17561
1.61246
1.74725
2.29457
1.88387
1.89151
1.3373
1.93846
0.570758
1.82625
1.29795
1.42705
1.43636
1.51865
0.643187
1.14358
1.45168
2.04456
2.07638
1.80229
2.21771
1.15892
1.19186
1.02628
1.67996
1.08485
1.0536
1.53136
1.29554
1.31326
1.228
1.39467
0.993932
1.67168
1.05646
1.41764
1.41875
1.46053
1.58917
1.14396
1.39329
1.77485
1.10273
1.39968
1.29751
1.5711
2.04154
1.72466
2.18835
1.09883
1.49835
1.56564
1.54293
1.99292
1.4281
2.16061
1.25509
1.48396
1.82111
1.83977
1.64637
1.51993
1.51786
1.39078
2.70235
0.547597
0.971751
1.67391
1.09291
0.293805
0.625947
1.80242
1.64368
1.52671
1.05416
1.66404
1.21989
1.05149
1.31616
1.1915
1.43161
1.72559
1.70031
1.86372
2.25762
1.46096
