0.518227 312.98
-2.70688 528.277
0.913316 377.958
-1.70385 488.481
-inf 465.764
-0.533804 421.99
1.59785 548.663
-0.514246 469.782
1.16343 451.215
-1.27048 543.195
0.582865 798.78
-0.495154 276.036
-209.308 653.852
1.72237 524.278
0.163158 274.129
-21.3408 509.787
0.998048 531.931
3.73029 397.79
-9.92784 709.435
0.347594 601.077
0.365152 708.055
0.572055 764.109
0.00216877 433.708
34.2151 638.859
-0.297475 321.83
0.641457 374.944
4.51286 451.154
0.516031 631.941
13.0975 499.055
-0.967151 382.729
0.613648 454.017
-7.17094 379.974
-0.466578 364.954
5.16207 517.204
-1.00323 422.569
10.7948 459.993
0.462708 548.039
0.211605 317.695
0.21412 470.532
-389.83 445.666
-3.2656 613.647
3.24721 491.008
-0.779597 490.039
-1.58298 390.139
-0.615299 538.728
0.327316 553.687
-2.66243 570.682
0.982675 412.023
-5.21042 466.664
0.140225 680.889
-2.07308 473.504
-1.71764 511.321
-2.34817 480.549
0.187615 343.703
-0.0285667 395.296
2.73082 566.953
-0.107428 542.249
0.39036 309.828
1.41571 337.837
-0.0628463 330.673
-0.217009 454.338
-2.96887 476.303
0.140334 459.682
0.445304 673.818
-21.7897 516.853
1.17252 843.125
0.325761 419.27
34.3628 443.314
-6.86294 496.082
-0.369468 671.595
4.11197 528.618
-1.1422 435.994
14.7241 685.12
0.606346 293.713
0.387095 300.938
-0.49056 542.137
1.34902 583.865
1.10333 528.481
-0.889379 376.842
0.492867 441.311
0.618794 325.221
-0.268488 311.275
2.04055 384.626
0.696283 459.287
-1.9371 437.524
3.63688 424.226
3.46164 501.331
-4.70931 531.761
-26.8858 384.905
-11.8715 505.856
1.79744 485.757
0.272425 678.379
0.114021 373.082
1.75809 620.512
2.07267 604.607
17.1029 509.717
-0.527933 282.071
1.41634 436.892
-1.63599 481.033
0.334046 301.536
0.211985 929.697
-0.463133 473.701
2.32276 317.139
-1.12033 372.602
0.0504399 260.751
0.689762 311.935
-0.555637 348.051
-1.06584 361.674
10.1567 383.223
-0.172993 296.126
-0.809089 358.198
0.312608 292.409
-9.20318 580.717
1.41544 671.739
-1.81168 486.415
0.557847 410.912
-6.61707 454.789
0.747085 521.077
-0.138726 276.375
-0.652876 527.534
-0.414035 597.401
0.317105 586.863
-0.425749 459.5
1.80493 405.63
-1.03828 487.391
2.9633 474.347
0.682706 388.33
-0.0364732 435.078
0.356948 587.703
-0.604429 441.882
-2.40474 531.172
3.6203 450.35
0.959738 487.268
0.342133 385.639
-0.217141 240.913
-12.3898 403.676
-1.70414 422.748
80.1957 647.146
5.52889 491.752
-5.09607 504.496
-0.413879 275.518
0.221624 313.723
0.802751 324.031
0.264025 406.237
-0.272752 306.352
0.103688 414.582
-1.00419 575.507
0.382752 359.761
-2.41259 470.509
3.33245 420.19
-0.154973 349.797
-0.508143 424.343
0.341925 517.261
-1.02573 474.779
-1.50177 349.823
0.631763 614.428
-1.14393 329.434
6.60635 645.655
1.70046 443.918
-0.623172 395.686
-0.496286 581.84
0.155325 405.53
-4.57776 494.582
0.558865 440.473
-6.67763 429.953
-0.644291 308.354
1.79212 465.286
-0.139463 586.316
0.3468 1111.71
0.244531 387.644
0.614341 308.452
-0.141649 304.26
-0.148706 360.903
7.61763 602.524
0.127756 557.415
0.81656 300.564
0.763437 383.061
-0.199825 337.089
-0.0472109 391.304
-0.534595 653.546
10.6052 438.933
1.07966 502.628
-0.0985129 371.347
20.2626 485.811
-2.7718 415.499
5.55553 475.11
0.527429 567.89
54.4989 478.242
-6.57184 400.633
-2.19062 440.888
-0.805255 367.534
5.86623 441.007
-0.727889 313.858
0.586521 337.498
43.1055 528.539
-1.86194 437.895
2.50624 498.82
0.132121 236.529
-0.0935037 383.05
0.080111 306.129
-0.138134 251.815
1.57138 387.02
1.87987 431.095
7.57021 479.587
0.298185 648.257
0.523877 375.156
-0.624445 286.537
-0.0523636 518.529
-0.20543 290.413
-0.260951 310.279
-2.30105 635.801
4.4672 443.909
-53.8779 445.898
-0.197758 449.369
-1.21743 610.386
0.0925812 252.963
0.884573 553
-1.64466 405.263
-1.84195 436.415
2.48541 447.077
-1.39823 408.034
0.450205 351.759
0.336815 290.864
-0.525423 338.3
-1.76851 560.321
-0.425394 294.716
1.08713 541.08
-0.740817 345.294
-0.766493 514.01
0.226797 401.448
-11.5083 550.725
-1.93444 551.056
-0.114045 735.694
1.5873 448.02
-0.812673 382.587
5.90983 450.198
-1.30739 359.408
-0.335465 520.695
0.387189 328.519
-0.95433 431.923
11.275 552.958
-0.0688606 359.051
-3.26089 402.111
-1.85114 404.95
-1.74099 424.891
-0.502739 393.76
1.26166 343.934
0.581486 317.552
2.91056 528.563
-1.4901 477.864
0.204458 475.171
0.666908 640.51
0.129145 639.571
1.87851 550.214
0.565217 391.987
14.0551 606.98
-0.421355 296.063
-0.186098 458.654
-6.86528 510.054
0.430206 311.765
0.394514 386.924
-0.379137 301.153
1.35423 348.864
0.248285 474.956
-1.00838 452.413
-49.2281 350.549
11.1095 597.816
0.495907 400.397
0.768384 469.241
0.810071 335.711
-0.388557 363.946
0.187108 378.243
0.881998 353.918
0.865137 465.08
10.7861 466.495
-0.279989 366.978
1.7573 542.11
-4.50404 490.975
0.89066 331.721
-0.812033 400.242
-0.166299 579.089
3.48267 326.891
-0.246527 266.814
-1.00181 432.669
-2.32721 476.55
-0.048902 440.891
-0.431361 328.441
-1.29497 492.805
10.4211 477.686
-0.901337 375.592
-1.09897 933.826
0.165181 436.768
0.582403 570.517
1.19717 396.366
0.970376 732.234
-0.645909 403.036
0.295312 374.651
-0.558249 343.784
1.19914 315.241
-0.708883 424.245
-0.0499278 287.292
-6.3197 467.962
0.838637 527.505
1.26806 368.959
1.29902 348.892
-0.294975 334.243
1.23075 485.504
-0.931763 637.618
0.0813979 252.747
-1.64049 498.175
-2.59494 427.682
1.50693 306.512
0.126161 323.529
0.0967693 508.124
641.25 429.951
0.524935 302.97
-0.179337 343.135
