0.39906 344.807
0.913821 409.13
0.557852 235.902
0.38333 334.345
0.44445 348.253
0.702811 401.432
0.977701 62.8157
0.728371 419.961
0.86961 453.779
0.56843 369.967
1.27573 172.994
0.691107 113.785
0.984873 251.925
0.455049 352.827
0.4156 348.794
0.510493 355.15
0.593723 378.074
0.581462 376.639
0.840436 288.23
0.864673 520.293
0.638647 388.284
0.753012 386.801
0.515917 364.083
1.38077 249.042
0.379988 239.226
0.447683 313.139
0.295522 329.604
1.05916 300.143
0.538945 366.74
0.396576 340.944
0.263213 326.904
0.708801 398.337
0.689922 407.545
0.37804 345.446
1.29171 976.115
0.569611 386.106
0.305786 332.901
0.698096 212.398
0.773471 441.081
0.527399 224.569
1.02668 339.265
0.893854 318.181
1.07546 339.334
0.421109 341.634
0.507232 236.314
0.771886 320.304
0.45308 273.753
0.583692 380.776
0.300493 305.855
0.973326 238.672
0.576433 379.16
0.359111 169.648
0.846812 390.284
0.924657 421.414
0.617722 391.752
0.58579 521.099
0.842138 453.432
0.59079 375.171
0.311835 337.596
0.501555 365.288
0.667876 240.602
0.741565 469.517
0.254637 324.525
0.438011 346.233
0.485068 354.441
0.834311 456.526
1.01787 245.96
0.441938 354.576
0.588208 364.042
0.337088 331.903
0.711616 410.048
0.57701 224.606
0.293663 328.648
0.597679 359.178
0.479808 350.655
0.144068 317.543
0.283797 329.704
0.477408 357.044
0.257264 325.989
0.542706 368.166
0.687945 394.291
0.361805 340.636
0.560995 376.028
0.242114 329.38
0.646331 403.583
0.691255 329.555
0.908069 347.994
0.360761 278.638
0.51276 364.955
0.861167 465.675
1.31104 289.358
0.916758 130.213
0.442107 347.094
0.420205 342.72
0.848213 85.725
0.608475 364.176
0.187218 322.307
0.55562 251.76
0.824352 446.918
0.462788 211.984
0.73171 401.927
0.247772 322.763
0.476698 326.264
0.693647 400.894
0.336685 319.961
0.66023 184.674
0.81072 463.404
0.651822 384.071
0.532408 361.18
0.358095 353.1
0.42786 353.416
0.657872 401.55
0.354855 329.057
0.234464 323.49
0.632426 221.936
0.485762 356.106
0.291772 325.416
0.486614 359.996
0.599768 291.709
0.324107 58.5178
0.514417 359.198
0.186867 316.417
0.894676 391.716
0.666167 389.521
0.515535 305.577
0.366039 268.579
