0.691122 470.769
0.970783 278.011
0.502971 392.347
0.415501 364.585
0.219407 328.845
0.42959 351.254
0.501686 393.757
0.0614651 321.124
0.375439 356.418
0.506329 300.903
0.594023 405.032
0.840335 64.7421
0.873411 303.042
0.331573 364.054
0.741814 537.596
0.390619 325.74
0.433198 374.464
0.288008 308.713
0.800088 225.489
0.788211 496.102
0.110326 331.887
0.534213 350.449
0.0774707 341.663
0.737883 233.554
0.656422 441.542
0.17102 328.138
0.793671 202.02
0.251122 341.243
0.659254 259.352
0.191151 327.715
0.423365 370.429
0.199742 331.856
0.0635216 314.26
0.474529 411.962
0.298897 342.281
0.366095 367.508
0.287055 329.988
1.04726 513.391
0.658438 388.311
0.283348 342.127
0.753134 320.107
0.205929 338.591
0.17577 328.061
0.264578 340.737
0.361974 362.696
0.776571 460.82
0.828337 342.378
0.830708 301.444
0.352363 350.475
0.274394 328.808
0.361035 362.888
0.49614 231.802
0.605156 332.824
0.239441 357.782
0.591823 345.857
0.376813 361.39
0.775379 420.722
0.44815 352.41
0.894632 130.767
0.432787 357.654
0.357312 333.187
0.477937 390.694
0.400517 344.256
0.325139 336.496
0.413774 403.636
0.38994 299.39
0.672679 427.845
0.23938 346.41
0.368456 366.288
0.257174 351.655
0.318504 335.047
0.853627 326.646
0.783794 256.366
0.810999 408.091
0.498639 388.383
0.168236 331.707
0.292679 369.088
0.705871 215.645
0.315132 340.953
0.491832 284.519
0.886541 291.763
0.286781 332.967
0.211953 333.173
0.679307 441.182
0.238102 326.459
0.39812 294.478
0.655944 188.407
0.400557 381.686
0.180797 315.605
0.625763 314.623
0.197763 323.955
0.590921 424.979
0.0980762 313.927
0.873558 183.903
0.241037 344.958
0.381299 376.286
0.688422 513.283
0.303144 316.651
0.170577 334.534
0.74411 431.533
0.737014 202.256
0.57482 220.663
0.14529 334.239
0.110673 319.417
0.659937 435.946
0.668919 303.793
0.445709 371.848
0.834193 126.482
0.13056 313.493
0.484686 387.363
0.35096 91.6063
0.41948 398.538
1.13177 324.779
0.269379 348.674
0.324752 358.432
0.565133 409.583
0.626288 228.245
1.05797 317.616
1.05416 374.131
0.402346 380.423
0.539278 410.737
0.373605 335.607
0.16825 316.09
0.135678 345.14
0.58287 398.255
0.42625 382.511
0.963656 523.786
0.417243 345.397
0.364068 354.257
0.514252 100.238
0.317329 322.486
0.315846 353.905
0.432542 329.005
0.291849 342.489
0.454572 477.518
0.235465 343.723
0.129887 330.267
0.927867 272.573
0.235097 341.576
0.499813 399.886
0.646392 262.564
0.939373 483.159
0.912153 329.317
0.0709509 318.896
1.04604 344.93
0.386362 338.508
0.2077 341.093
0.154973 324.216
0.459093 251.323
0.809616 210.399
0.769069 516.476
0.633118 398.69
0.179905 320.106
0.924286 483.523
0.847049 233.052
0.882817 392.168
0.262673 328.48
1.04836 247.637
0.270809 338.349
0.224409 326.893
1.03963 454.341
0.446778 347.718
0.35397 356.231
0.45966 382.222
0.181081 329.945
0.368173 349.436
0.614979 221.167
0.268449 329.392
0.650559 420.471
0.220054 322.322
0.584685 378.426
0.456785 335.384
0.277844 333.257
0.327755 360.553
0.733983 516.103
0.47094 113.211
0.378272 300.768
0.561891 420.652
0.204623 324.163
0.899805 397.241
0.253005 336.842
0.204969 332.469
0.373616 321.578
0.430453 378.113
0.305816 351.728
0.335502 376.569
0.395111 364.745
0.371092 368.61
0.106094 314.054
0.356508 371.625
0.286114 347.782
0.587034 256.177
0.69305 432.182
0.498633 387.068
0.252012 347.546
0.275127 322.839
0.487382 396.915
0.694216 455.624
0.617973 385.795
0.799972 555.427
1.14207 822.911
0.165705 326.545
0.215316 329.878
0.575635 323.677
0.610953 448.383
0.479929 373.48
0.583538 395.386
0.323678 323.896
0.528618 400.678
0.50012 381.994
0.56058 358.367
0.267206 339.531
0.0538835 327.079
0.641092 360.495
0.41564 371.595
0.643306 452.857
0.302516 360.777
0.586511 281.705
0.320944 213.21
0.911275 244.316
0.101211 314.549
0.638292 384.224
1.2621 505.734
0.499926 400.598
0.163168 317.86
0.749772 421.982
0.50909 380.82
0.271104 331.246
0.69896 282.693
0.36692 345.328
0.48601 306.802
0.52653 389.071
0.371975 356.313
1.26271 360.109
0.505136 386.476
0.21049 338.823
0.264995 345.937
0.381746 348.184
1.19531 434.111
0.206048 333.646
1.05625 291.087
0.80232 545.985
0.434015 383.602
0.0565336 318.544
0.219389 314.986
0.764592 163.711
0.848558 335.368
0.419894 344.04
0.85412 240.849
0.876684 440.604
1.05807 246.876
0.417865 265.942
0.604265 438.588
0.565004 414.567
0.324975 344.768
0.96075 276.929
0.664763 402.174
0.362241 344.384
0.429549 172.395
0.463629 374.726
0.509765 385.654
0.464213 336.473
0.921509 265.655
0.615825 460.269
0.376062 364.79
0.295799 318.196
1.21049 323.736
0.410968 345.192
0.349627 347.697
0.206596 305.192
0.646686 499.901
0.806635 433.892
0.815851 417.119
0.378177 348.43
0.278628 352.707
0.605048 445.322
0.249962 357.303
0.581043 315.699
0.729517 374.537
0.288204 339.883
0.570154 378.046
0.955734 208.926
0.487428 384.956
0.708779 364.22
0.548745 83.9643
0.416841 427.027
0.824625 373.988
0.151573 334.486
0.781224 257.319
0.126299 320.435
0.396428 371.614
0.801469 319.21
0.568154 261.754
0.687825 148.42
0.435974 368.159
0.181261 333.352
0.643583 437.918
0.380377 350.261
0.421287 337.415
0.147925 320.467
0.557504 445.135
0.429799 331.354
0.992466 229.666
0.26718 367.783
0.757765 396.845
0.391032 333.287
0.427768 348.409
0.482465 368.152
0.596327 440.618
0.286879 345.519
0.34185 283.767
0.764871 195.861
0.459617 351.441
0.101721 315.453
0.117687 325.344
0.659017 442.31
0.323098 326.532
