0.518227 470.769
-2.70688 278.011
0.913316 392.347
-1.70385 364.585
-inf 328.845
-0.533804 351.254
1.59785 393.757
-0.514246 321.124
1.16343 356.418
-1.27048 300.903
0.582865 405.032
-0.495154 64.7421
-209.308 303.042
1.72237 364.054
0.163158 537.596
-21.3408 325.74
0.998048 374.464
3.73029 308.713
-9.92784 225.489
0.347594 496.102
0.365152 331.887
0.572055 350.449
0.00216877 341.663
34.2151 233.554
-0.297475 441.542
0.641457 328.138
4.51286 202.02
0.516031 341.243
13.0975 259.352
-0.967151 327.715
0.613648 370.429
-7.17094 331.856
-0.466578 314.26
5.16207 411.962
-1.00323 342.281
10.7948 367.508
0.462708 329.988
0.211605 513.391
0.21412 388.311
-389.83 342.127
-3.2656 320.107
3.24721 338.591
-0.779597 328.061
-1.58298 340.737
-0.615299 362.696
0.327316 460.82
-2.66243 342.378
0.982675 301.444
-5.21042 350.475
0.140225 328.808
-2.07308 362.888
-1.71764 231.802
-2.34817 332.824
0.187615 357.782
-0.0285667 345.857
2.73082 361.39
-0.107428 420.722
0.39036 352.41
1.41571 130.767
-0.0628463 357.654
-0.217009 333.187
-2.96887 390.694
0.140334 344.256
0.445304 336.496
-21.7897 403.636
1.17252 299.39
0.325761 427.845
34.3628 346.41
-6.86294 366.288
-0.369468 351.655
4.11197 335.047
-1.1422 326.646
14.7241 256.366
0.606346 408.091
0.387095 388.383
-0.49056 331.707
1.34902 369.088
1.10333 215.645
-0.889379 340.953
0.492867 284.519
0.618794 291.763
-0.268488 332.967
2.04055 333.173
0.696283 441.182
-1.9371 326.459
3.63688 294.478
3.46164 188.407
-4.70931 381.686
-26.8858 315.605
-11.8715 314.623
1.79744 323.955
0.272425 424.979
0.114021 313.927
1.75809 183.903
2.07267 344.958
17.1029 376.286
-0.527933 513.283
1.41634 316.651
-1.63599 334.534
0.334046 431.533
0.211985 202.256
-0.463133 220.663
2.32276 334.239
-1.12033 319.417
0.0504399 435.946
0.689762 303.793
-0.555637 371.848
-1.06584 126.482
10.1567 313.493
-0.172993 387.363
-0.809089 91.6063
0.312608 398.538
-9.20318 324.779
1.41544 348.674
-1.81168 358.432
0.557847 409.583
-6.61707 228.245
0.747085 317.616
-0.138726 374.131
-0.652876 380.423
-0.414035 410.737
0.317105 335.607
-0.425749 316.09
1.80493 345.14
-1.03828 398.255
2.9633 382.511
0.682706 523.786
-0.0364732 345.397
0.356948 354.257
-0.604429 100.238
-2.40474 322.486
3.6203 353.905
0.959738 329.005
0.342133 342.489
-0.217141 477.518
-12.3898 343.723
-1.70414 330.267
80.1957 272.573
5.52889 341.576
-5.09607 399.886
-0.413879 262.564
0.221624 483.159
0.802751 329.317
0.264025 318.896
-0.272752 344.93
0.103688 338.508
-1.00419 341.093
0.382752 324.216
-2.41259 251.323
3.33245 210.399
-0.154973 516.476
-0.508143 398.69
0.341925 320.106
-1.02573 483.523
-1.50177 233.052
0.631763 392.168
-1.14393 328.48
6.60635 247.637
1.70046 338.349
-0.623172 326.893
-0.496286 454.341
0.155325 347.718
-4.57776 356.231
0.558865 382.222
-6.67763 329.945
-0.644291 349.436
1.79212 221.167
-0.139463 329.392
0.3468 420.471
0.244531 322.322
0.614341 378.426
-0.141649 335.384
-0.148706 333.257
7.61763 360.553
0.127756 516.103
0.81656 113.211
0.763437 300.768
-0.199825 420.652
-0.0472109 324.163
-0.534595 397.241
10.6052 336.842
1.07966 332.469
-0.0985129 321.578
20.2626 378.113
-2.7718 351.728
5.55553 376.569
0.527429 364.745
54.4989 368.61
-6.57184 314.054
-2.19062 371.625
-0.805255 347.782
5.86623 256.177
-0.727889 432.182
0.586521 387.068
43.1055 347.546
-1.86194 322.839
2.50624 396.915
0.132121 455.624
-0.0935037 385.795
0.080111 555.427
-0.138134 822.911
1.57138 326.545
1.87987 329.878
7.57021 323.677
0.298185 448.383
0.523877 373.48
-0.624445 395.386
-0.0523636 323.896
-0.20543 400.678
-0.260951 381.994
-2.30105 358.367
4.4672 339.531
-53.8779 327.079
-0.197758 360.495
-1.21743 371.595
0.0925812 452.857
0.884573 360.777
-1.64466 281.705
-1.84195 213.21
2.48541 244.316
-1.39823 314.549
0.450205 384.224
0.336815 505.734
-0.525423 400.598
-1.76851 317.86
-0.425394 421.982
1.08713 380.82
-0.740817 331.246
-0.766493 282.693
0.226797 345.328
-11.5083 306.802
-1.93444 389.071
-0.114045 356.313
1.5873 360.109
-0.812673 386.476
5.90983 338.823
-1.30739 345.937
-0.335465 348.184
0.387189 434.111
-0.95433 333.646
11.275 291.087
-0.0688606 545.985
-3.26089 383.602
-1.85114 318.544
-1.74099 314.986
-0.502739 163.711
1.26166 335.368
0.581486 344.04
2.91056 240.849
-1.4901 440.604
0.204458 246.876
0.666908 265.942
0.129145 438.588
1.87851 414.567
0.565217 344.768
14.0551 276.929
-0.421355 402.174
-0.186098 344.384
-6.86528 172.395
0.430206 374.726
0.394514 385.654
-0.379137 336.473
1.35423 265.655
0.248285 460.269
-1.00838 364.79
-49.2281 318.196
11.1095 323.736
0.495907 345.192
0.768384 347.697
0.810071 305.192
-0.388557 499.901
0.187108 433.892
0.881998 417.119
0.865137 348.43
10.7861 352.707
-0.279989 445.322
1.7573 357.303
-4.50404 315.699
0.89066 374.537
-0.812033 339.883
-0.166299 378.046
3.48267 208.926
-0.246527 384.956
-1.00181 364.22
-2.32721 83.9643
-0.048902 427.027
-0.431361 373.988
-1.29497 334.486
10.4211 257.319
-0.901337 320.435
-1.09897 371.614
0.165181 319.21
0.582403 261.754
1.19717 148.42
0.970376 368.159
-0.645909 333.352
0.295312 437.918
-0.558249 350.261
1.19914 337.415
-0.708883 320.467
-0.0499278 445.135
-6.3197 331.354
0.838637 229.666
1.26806 367.783
1.29902 396.845
-0.294975 333.287
1.23075 348.409
-0.931763 368.152
0.0813979 440.618
-1.64049 345.519
-2.59494 283.767
1.50693 195.861
0.126161 351.441
0.0967693 315.453
641.25 325.344
0.524935 442.31
-0.179337 326.532
