-2.35913 344.807
0.948736 409.13
2.63145 235.902
18.8866 334.345
-1.0551 348.253
-0.200491 401.432
315.948 62.8157
3.08665 419.961
0.957965 453.779
-0.732502 369.967
-4.3895 172.994
5.44605 113.785
-1.43442 251.925
-4.25349 352.827
-5.75729 348.794
-2.78886 355.15
-0.616365 378.074
-0.863803 376.639
0.612259 288.23
0.119749 520.293
0.896816 388.284
22.5665 386.801
-87.8505 364.083
-1.65787 249.042
1.13977 239.226
-2.30324 313.139
-1.23152 329.604
0.756847 300.143
-1.39527 366.74
0.932692 340.944
-3.04264 326.904
-1.24483 398.337
-1.23287 407.545
-5.14629 345.446
0.125419 976.115
-0.494036 386.106
-32.7575 332.901
1.01345 212.398
-0.362403 441.081
-5.60618 224.569
0.241487 339.265
-1.13376 318.181
0.417221 339.334
-1.51586 341.634
-1.26584 236.314
1.99756 320.304
10.8205 273.753
-1.48693 380.776
-1.7597 305.855
3.92781 238.672
4.83122 379.16
-4.21064 169.648
0.170537 390.284
0.976969 421.414
-0.338247 391.752
0.00872157 521.099
-0.643361 453.432
-5.82545 375.171
-0.450256 337.596
1.11362 365.288
1.13315 240.602
1.47103 469.517
-3.04681 324.525
-10.7609 346.233
-0.42962 354.441
0.346893 456.526
8.88426 245.96
0.638503 354.576
0.537417 364.042
-0.916938 331.903
0.643806 410.048
4.57386 224.606
-1.09129 328.648
1.10482 359.178
-1.60968 350.655
15.637 317.543
6.16962 329.704
-0.847466 357.044
-9.94664 325.989
-5.48567 368.166
2.52859 394.291
0.740586 340.636
13.9671 376.028
-3.55023 329.38
0.446368 403.583
0.862743 329.555
-0.975354 347.994
0.585872 278.638
-0.716669 364.955
0.094125 465.675
-0.541173 289.358
-0.634312 130.213
0.970235 347.094
1.64464 342.72
0.648996 85.725
0.169428 364.176
1.31041 322.307
-5.77714 251.76
0.477017 446.918
3.0729 211.984
10.2861 401.927
-1.62803 322.763
4.54926 326.264
0.120192 400.894
2.7328 319.961
1.68979 184.674
0.275121 463.404
0.605163 384.071
0.558904 361.18
0.992395 353.1
0.823978 353.416
-2.88977 401.55
-1.26053 329.057
-46.9815 323.49
-0.987808 221.936
1.64529 356.106
-10.0638 325.416
-3.58799 359.996
-1.8411 291.709
4.25398 58.5178
0.866322 359.198
-1.16452 316.417
-0.284802 391.716
0.280362 389.521
-1.08454 305.577
42.4819 268.579
-1.99501 366.023
7.10294 336.389
0.385713 334.476
0.24266 533.448
0.490963 460.942
17.5816 348.06
9.25056 372.733
0.375253 356.973
-1.63858 381.877
-2.16352 320.354
1.16903 238.644
9.32381 216.74
3.3018 333.622
2.00412 148.773
0.356662 539.555
1.68329 75.7674
-1.21432 282.506
-1.18689 406.28
1.35604 330.791
0.753045 351.71
1.44615 369.821
-1.31807 315.29
-0.329965 381.349
0.869607 366.296
1.16206 468.248
2.57084 335.573
0.795993 361.393
-1.79758 329.784
1.05274 357.823
-0.574231 475.853
2.00165 335.97
53.086 343.781
-6.89897 227.03
13.1755 158.04
-11.5778 348.361
0.76939 394.257
0.379983 703.849
0.345048 493.712
-4.1259 351.376
0.824843 401.251
-2.21408 367.713
-0.8506 335.088
3.78546 349.659
1.72047 357.65
-0.249528 383.049
1.49594 279.523
1.02799 168.162
0.595551 366.051
3.00736 368.644
1.07837 286.007
-0.349364 341.137
3.39047 390.016
0.281771 449.991
1.35632 324.523
-0.741025 348.617
-12.434 359.964
0.64817 330.981
-0.843049 345.391
-4.68449 358.815
-3480.88 337.775
-0.614006 330.814
-2.55233 259.919
0.329391 271.153
-1.70541 318.421
2.00038 320.121
0.440311 462.532
-0.671893 385.273
7.07116 338.199
-0.640804 328.382
2.27809 241.58
-0.662095 356.027
-0.421601 118.085
1.92214 362.388
-1.12283 346.943
1.55145 278.307
2.07094 258.472
-1.2674 388.086
0.582436 406.606
-12.8731 375.691
2.49326 323.688
0.624462 359.702
1.2683 344.344
-0.612587 314.101
0.895251 157.552
-0.570122 372.454
0.800968 321.345
8.36166 326.423
-0.445045 444.417
-0.998743 369.748
1.94668 365.157
11.4551 364.826
0.515561 368.735
2.42448 186.744
3.94761 322.974
-2.20681 366.7
1.03326 397.109
6.6168 328.38
5.39012 340.323
3.27265 337.68
3.12357 343.434
0.542693 316.079
2.73913 367.161
2.15843 319.302
0.890054 406.045
-0.361016 369.834
-0.392309 381.895
-0.503701 342.131
-0.571186 332.109
-0.766634 316.899
-1.191 320.774
4.87098 299.237
-0.355577 313.194
0.956827 391.405
-0.864688 171.067
1.52352 318.491
-0.744224 190.001
-0.335385 283.938
1.03332 258.571
1.70516 360.283
-1.2335 326.665
1.56594 345.086
2.5625 317.147
-1.58046 373.455
2.7536 334.729
0.662812 427.356
0.921714 383.906
0.176655 795.295
-2.92841 356.253
-2.59295 280.914
-0.584967 453.657
1.59415 332.273
0.613342 302.651
6.24509 51.5834
1.82295 328.75
0.141249 577.028
-6.3646 329.555
26.1757 405.529
0.575932 381.826
-0.232028 443.268
0.344882 498.399
0.541683 316.893
0.823413 378.857
5.1053 324.194
-1.44426 137.399
1.58557 75.7707
-0.95772 385.789
0.405386 484.273
-0.451551 474.533
0.2882 437.611
-0.70818 377.273
0.93322 416.902
0.968488 387.764
-1.75832 327.502
-3.42639 111.965
0.935686 277.358
-1.82717 343.171
0.795604 334.252
-1.4783 251.744
2.19982 345.715
0.86773 402.224
-6.10243 325.93
-0.468398 476.171
-0.603166 439.963
-1.85747 286.036
7.5835 377
1.13179 193.93
1.02629 368.055
-2.2449 332.245
-157.049 253.124
-0.414633 412.374
0.970219 414.586
0.924353 437.018
-0.533269 243.889
-1.25442 366.371
4.17899 341.594
-0.331526 361.499
-0.735128 354.988
5.70024 236.179
1.57066 242.404
0.581633 271.867
-77.3421 161.857
-2.91319 277.034
-0.912496 344.899
-0.349012 297.333
-3.21351 391.969
-2.71008 348.423
0.684751 418.836
2.72493 218.475
-8.30316 346.954
-2.678 344.631
1.27048 169.161
-1.33552 330.514
23.0446 360.769
-3.36243 384.542
1.9341 321.579
0.756055 330.947
3.25854 363.437
-6.88792 335.689
-0.687568 92.4095
0.4028 228.505
-0.338064 171.291
14.2837 352.682
0.670824 350.264
-0.943505 341.957
-0.24791 368.998
0.304708 294.721
-2.46597 234.097
-2.33614 332.138
-0.499288 364.539
2.43894 77.5949
3.11111 248.1
6.21614 387.295
0.693372 437.263
-1.54072 380.79
-2.53606 343.333
1.38384 377.447
4.28436 341.347
4.44045 347.555
0.748193 298.919
2.45941 445.083
1.15351 79.6132
-17.3078 324.74
-4.23324 359.13
-1.64466 354.959
-1.79844 348.068
0.839711 248.047
0.844795 329.882
0.954526 378.502
7.90489 321.556
-0.509182 332.744
0.295666 471.539
4.00566 329.483
0.813718 441.397
229.244 381.452
0.761943 409.551
-1.89322 363.361
-0.888821 402.678
-1.8939 307.067
-0.705913 339.304
0.527173 429.182
1.18078 365.267
1.31051 404.523
0.493155 367.571
-3.92788 356.201
-1.96685 385.698
1.38605 319.778
0.373176 421.379
-1.02652 297.828
0.926091 359.025
-0.491852 379.805
1.60927 336.02
0.615595 351.79
2.29139 333.573
1.20138 374.201
-1.06714 380.081
-1.9326 360.211
-10.3732 304.772
-1.41956 107.723
-0.264788 695.464
1.06177 483.882
0.21505 354.763
6.87861 251.543
-0.00304921 296.672
0.275822 645.084
-1.59835 65.0861
5.00478 327.678
-0.997115 319.64
0.132046 410.269
3.59821 163.454
0.961371 355.714
0.876978 384.526
1.80002 130.715
0.172747 308.861
-0.761396 359.873
0.253946 315.542
0.881412 237.877
-0.407302 426.526
-0.541721 101.191
1.02131 372.378
-0.919386 341.747
4.56974 238.91
0.653571 269.966
-3.89764 344.563
-0.714625 325.372
-2.42322 334.143
1.10957 223.215
-1.8217 341.814
0.303185 448.294
2.75688 329.119
1.21891 400.305
-5.04098 341.726
2.45947 357.194
2.65914 314.226
1.18988 64.404
2.3649 384.899
-1.20743 210.266
1.6086 362.217
0.395241 677.836
0.545803 455.611
-0.757549 472.381
-0.769608 331.84
1.15226 319.164
2.18915 321.519
-1.79906 315.714
-8.90549 330.645
-0.907683 412.909
2.59245 354.437
2.11157 385.292
-0.755382 214.284
3.91469 367.749
1.12946 352.168
0.443215 334.909
-1.71076 379.874
-62.1857 368.458
3.88687 344.373
0.674933 322.772
4.42944 338.618
3.50902 369.399
0.482446 336.371
0.525639 302.174
16.2096 340.518
-1.46396 135.944
-1.37219 281.537
0.292032 389.475
1.43854 338.224
-0.604381 321.286
-0.827231 219.304
1.20848 444.969
3.21062 292.307
-1.28935 328.947
-0.49012 402.697
-2.57785 347.193
1.04889 331.329
8.25307 269.958
-0.900267 370.975
0.277242 592.094
2.94798 289.948
-0.435215 397.979
-2.29222 335.671
1.50609 371.659
2.66062 312.262
1.55139 346.823
0.413048 449.476
2.39303 339.535
-0.783474 433.756
0.421344 415.358
-8.82126 241.211
2.29747 340.68
-27.8611 316.049
8.25307 269.958
-0.900267 370.975
0.277242 592.094
2.94798 289.948
-0.435215 397.979
-2.29222 335.671
1.50609 371.659
2.66062 312.262
1.55139 346.823
0.413048 449.476
2.39303 339.535
-0.783474 433.756
0.421344 415.358
-8.82126 241.211
2.29747 340.68
-27.8611 316.049
0.522235 293.736
0.649634 410.367
-2.05706 350.914
0.411653 377.962
1.04731 411.112
4.53503 292.498
-0.659263 376.888
1.51977 364.147
-3.29418 343.733
4.6793 326.155
0.596954 336.217
0.455547 602.431
2.03919 350.894
0.329476 420.481
