0.691122 312.98
0.970783 528.277
0.502971 377.958
0.415501 488.481
0.219407 465.764
0.42959 421.99
0.501686 548.663
0.0614651 469.782
0.375439 451.215
0.506329 543.195
0.594023 798.78
0.840335 276.036
0.873411 653.852
0.331573 524.278
0.741814 274.129
0.390619 509.787
0.433198 531.931
0.288008 397.79
0.800088 709.435
0.788211 601.077
0.110326 708.055
0.534213 764.109
0.0774707 433.708
0.737883 638.859
0.656422 321.83
0.17102 374.944
0.793671 451.154
0.251122 631.941
0.659254 499.055
0.191151 382.729
0.423365 454.017
0.199742 379.974
0.0635216 364.954
0.474529 517.204
0.298897 422.569
0.366095 459.993
0.287055 548.039
1.04726 317.695
0.658438 470.532
0.283348 445.666
0.753134 613.647
0.205929 491.008
0.17577 490.039
0.264578 390.139
0.361974 538.728
0.776571 553.687
0.828337 570.682
0.830708 412.023
0.352363 466.664
0.274394 680.889
0.361035 473.504
0.49614 511.321
0.605156 480.549
0.239441 343.703
0.591823 395.296
0.376813 566.953
0.775379 542.249
0.44815 309.828
0.894632 337.837
0.432787 330.673
0.357312 454.338
0.477937 476.303
0.400517 459.682
0.325139 673.818
0.413774 516.853
0.38994 843.125
0.672679 419.27
0.23938 443.314
0.368456 496.082
0.257174 671.595
0.318504 528.618
0.853627 435.994
0.783794 685.12
0.810999 293.713
0.498639 300.938
0.168236 542.137
0.292679 583.865
0.705871 528.481
0.315132 376.842
0.491832 441.311
0.886541 325.221
0.286781 311.275
0.211953 384.626
0.679307 459.287
0.238102 437.524
0.39812 424.226
0.655944 501.331
0.400557 531.761
0.180797 384.905
0.625763 505.856
0.197763 485.757
0.590921 678.379
0.0980762 373.082
0.873558 620.512
0.241037 604.607
0.381299 509.717
0.688422 282.071
0.303144 436.892
0.170577 481.033
0.74411 301.536
0.737014 929.697
0.57482 473.701
0.14529 317.139
0.110673 372.602
0.659937 260.751
0.668919 311.935
0.445709 348.051
0.834193 361.674
0.13056 383.223
0.484686 296.126
0.35096 358.198
0.41948 292.409
1.13177 580.717
0.269379 671.739
0.324752 486.415
0.565133 410.912
0.626288 454.789
1.05797 521.077
1.05416 276.375
0.402346 527.534
0.539278 597.401
0.373605 586.863
0.16825 459.5
0.135678 405.63
0.58287 487.391
0.42625 474.347
0.963656 388.33
0.417243 435.078
0.364068 587.703
0.514252 441.882
0.317329 531.172
0.315846 450.35
0.432542 487.268
0.291849 385.639
0.454572 240.913
0.235465 403.676
0.129887 422.748
0.927867 647.146
0.235097 491.752
0.499813 504.496
0.646392 275.518
0.939373 313.723
0.912153 324.031
0.0709509 406.237
1.04604 306.352
0.386362 414.582
0.2077 575.507
0.154973 359.761
0.459093 470.509
0.809616 420.19
0.769069 349.797
0.633118 424.343
0.179905 517.261
0.924286 474.779
0.847049 349.823
0.882817 614.428
0.262673 329.434
1.04836 645.655
0.270809 443.918
0.224409 395.686
1.03963 581.84
0.446778 405.53
0.35397 494.582
0.45966 440.473
0.181081 429.953
0.368173 308.354
0.614979 465.286
0.268449 586.316
0.650559 1111.71
0.220054 387.644
0.584685 308.452
0.456785 304.26
0.277844 360.903
0.327755 602.524
0.733983 557.415
0.47094 300.564
0.378272 383.061
0.561891 337.089
0.204623 391.304
0.899805 653.546
0.253005 438.933
0.204969 502.628
0.373616 371.347
0.430453 485.811
0.305816 415.499
0.335502 475.11
0.395111 567.89
0.371092 478.242
0.106094 400.633
0.356508 440.888
0.286114 367.534
0.587034 441.007
0.69305 313.858
0.498633 337.498
0.252012 528.539
0.275127 437.895
0.487382 498.82
0.694216 236.529
0.617973 383.05
0.799972 306.129
1.14207 251.815
0.165705 387.02
0.215316 431.095
0.575635 479.587
0.610953 648.257
0.479929 375.156
0.583538 286.537
0.323678 518.529
0.528618 290.413
0.50012 310.279
0.56058 635.801
0.267206 443.909
0.0538835 445.898
0.641092 449.369
0.41564 610.386
0.643306 252.963
0.302516 553
0.586511 405.263
0.320944 436.415
0.911275 447.077
0.101211 408.034
0.638292 351.759
1.2621 290.864
0.499926 338.3
0.163168 560.321
0.749772 294.716
0.50909 541.08
0.271104 345.294
0.69896 514.01
0.36692 401.448
0.48601 550.725
0.52653 551.056
0.371975 735.694
1.26271 448.02
0.505136 382.587
0.21049 450.198
0.264995 359.408
0.381746 520.695
1.19531 328.519
0.206048 431.923
1.05625 552.958
0.80232 359.051
0.434015 402.111
0.0565336 404.95
0.219389 424.891
0.764592 393.76
0.848558 343.934
0.419894 317.552
0.85412 528.563
0.876684 477.864
1.05807 475.171
0.417865 640.51
0.604265 639.571
0.565004 550.214
0.324975 391.987
0.96075 606.98
0.664763 296.063
0.362241 458.654
0.429549 510.054
0.463629 311.765
0.509765 386.924
0.464213 301.153
0.921509 348.864
0.615825 474.956
0.376062 452.413
0.295799 350.549
1.21049 597.816
0.410968 400.397
0.349627 469.241
0.206596 335.711
0.646686 363.946
0.806635 378.243
0.815851 353.918
0.378177 465.08
0.278628 466.495
0.605048 366.978
0.249962 542.11
0.581043 490.975
0.729517 331.721
0.288204 400.242
0.570154 579.089
0.955734 326.891
0.487428 266.814
0.708779 432.669
0.548745 476.55
0.416841 440.891
0.824625 328.441
0.151573 492.805
0.781224 477.686
0.126299 375.592
0.396428 933.826
0.801469 436.768
0.568154 570.517
0.687825 396.366
0.435974 732.234
0.181261 403.036
0.643583 374.651
0.380377 343.784
0.421287 315.241
0.147925 424.245
0.557504 287.292
0.429799 467.962
0.992466 527.505
0.26718 368.959
0.757765 348.892
0.391032 334.243
0.427768 485.504
0.482465 637.618
0.596327 252.747
0.286879 498.175
0.34185 427.682
0.764871 306.512
0.459617 323.529
0.101721 508.124
0.117687 429.951
0.659017 302.97
0.323098 343.135
