0.691122 4.07976
0.970783 5.44613
0.502971 4.28361
0.415501 4.64232
0.219407 4.26055
0.42959 4.20042
0.501686 4.98861
0.0614651 4.15085
0.375439 4.4331
0.506329 4.7418
0.594023 5.29411
0.840335 3.93426
0.873411 6.02361
0.331573 4.6668
0.741814 4.03403
0.390619 4.39318
0.433198 4.81207
0.288008 4.14597
0.800088 5.70771
0.788211 4.34364
0.110326 4.3608
0.534213 4.69459
0.0774707 4.09962
0.737883 5.7027
0.656422 4.15101
0.17102 4.1407
0.793671 5.0579
0.251122 4.45153
0.659254 4.69758
0.191151 4.19494
0.423365 4.53219
0.199742 4.16276
0.0635216 4.04976
0.474529 5.10887
0.298897 4.25768
0.366095 4.54394
0.287055 4.29808
1.04726 3.96902
0.658438 4.47615
0.283348 4.32508
0.753134 5.67723
0.205929 4.28329
0.17577 4.27485
0.264578 4.29021
0.361974 4.72361
0.776571 4.43674
0.828337 5.28048
0.830708 4.77373
0.352363 4.53412
0.274394 4.28308
0.361035 4.60321
0.49614 4.62395
0.605156 4.64475
0.239441 4.1977
0.591823 4.04361
0.376813 4.70834
0.775379 3.8254
0.44815 4.14124
0.894632 3.92731
0.432787 4.14562
0.357312 3.87643
0.477937 4.73189
0.400517 4.26214
0.325139 4.2849
0.413774 4.80569
0.38994 5.63554
0.672679 4.33907
0.23938 4.41918
0.368456 4.63367
0.257174 4.40454
0.318504 4.38916
0.853627 4.87433
0.783794 6.27337
0.810999 4.13954
0.498639 3.9119
0.168236 4.22773
0.292679 4.44668
0.705871 4.95798
0.315132 4.26385
0.491832 4.4902
0.886541 4.18744
0.286781 3.93803
0.211953 4.22513
0.679307 4.716
0.238102 4.28056
0.39812 4.17857
0.655944 5.16884
0.400557 4.58099
0.180797 4.03038
0.625763 4.6752
0.197763 4.24288
0.590921 4.9381
0.0980762 4.09166
0.873558 5.2453
0.241037 4.43726
0.381299 4.70528
0.688422 4.06651
0.303144 4.2465
0.170577 4.33683
0.74411 4.19863
0.737014 4.9509
0.57482 4.63058
0.14529 4.0021
0.110673 4.02912
0.659937 3.78711
0.668919 4.21794
0.445709 4.14935
0.834193 4.79717
0.13056 3.90185
0.484686 4.04724
0.35096 4.15906
0.41948 4.08652
1.13177 6.07101
0.269379 4.51156
0.324752 4.55162
0.565133 4.39604
0.626288 4.47648
1.05797 4.86657
1.05416 3.84402
0.402346 4.9947
0.539278 4.91594
0.373605 4.36327
0.16825 4.16885
0.135678 4.25715
0.58287 4.95481
0.42625 4.436
0.963656 4.27121
0.417243 4.11533
0.364068 4.75743
0.514252 4.50237
0.317329 4.5933
0.315846 4.33147
0.432542 4.48913
0.291849 4.3567
0.454572 3.7091
0.235465 4.30443
0.129887 4.22889
0.927867 5.93559
0.235097 4.40202
0.499813 4.54295
0.646392 3.95216
0.939373 4.16679
0.912153 4.06966
0.0709509 4.1141
1.04604 3.97771
0.386362 4.16517
0.2077 4.52382
0.154973 4.14604
0.459093 4.44625
0.809616 4.67911
0.769069 3.87635
0.633118 4.4961
0.179905 4.25279
0.924286 4.75326
0.847049 4.26368
0.882817 4.52024
0.262673 3.91001
1.04836 6.38134
0.270809 4.39811
0.224409 4.25163
1.03963 4.19677
0.446778 4.15985
0.35397 4.35141
0.45966 4.08966
0.181081 4.01214
0.368173 4.1021
0.614979 4.72413
0.268449 4.14563
0.650559 5.19726
0.220054 4.14683
0.584685 4.05215
0.456785 4.02608
0.277844 4.10713
0.327755 4.64428
0.733983 4.12455
0.47094 3.99152
0.378272 4.17348
0.561891 4.02516
0.204623 4.13508
0.899805 4.58601
0.253005 4.31631
0.204969 4.33844
0.373616 4.05438
0.430453 4.65648
0.305816 4.30875
0.335502 4.66545
0.395111 4.85494
0.371092 4.58618
0.106094 4.00207
0.356508 4.52138
0.286114 4.18426
0.587034 4.48754
0.69305 4.028
0.498633 4.10318
0.252012 4.42026
0.275127 4.13734
0.487382 4.81385
0.694216 3.75053
0.617973 3.75253
0.799972 3.99293
1.14207 3.82723
0.165705 4.1719
0.215316 4.19055
0.575635 4.64337
0.610953 4.3726
0.479929 4.44074
0.583538 3.95235
0.323678 4.01099
0.528618 3.93378
0.50012 3.96942
0.56058 4.64777
0.267206 4.28754
0.0538835 4.28453
0.641092 4.43641
0.41564 4.85455
0.643306 3.91204
0.302516 4.75695
0.586511 4.35483
0.320944 4.08839
0.911275 5.04484
0.101211 3.84723
0.638292 4.27322
1.2621 4.00255
0.499926 4.17183
0.163168 4.123
0.749772 3.8932
0.50909 4.96203
0.271104 4.08655
0.69896 4.61833
0.36692 4.12893
0.48601 4.78288
0.52653 4.91712
0.371975 4.40377
1.26271 5.07037
0.505136 4.29958
0.21049 4.31965
0.264995 4.12177
0.381746 4.43842
1.19531 3.95343
0.206048 4.19252
1.05625 5.74523
0.80232 3.986
0.434015 4.46124
0.0565336 4.15311
0.219389 4.046
0.764592 4.40337
0.848558 4.28166
0.419894 4.1789
0.85412 5.56428
0.876684 5.1538
1.05807 4.21725
0.417865 5.7612
0.604265 4.04884
0.565004 5.1725
0.324975 4.14222
0.96075 6.34605
0.664763 3.83302
0.362241 4.21711
0.429549 5.03408
0.463629 4.20935
0.509765 3.98426
0.464213 3.99283
0.921509 4.65489
0.615825 4.09974
0.376062 4.37331
0.295799 3.97599
1.21049 6.77311
0.410968 3.9866
0.349627 4.4571
0.206596 4.11635
0.646686 4.12821
0.806635 4.16592
0.815851 4.25607
0.378177 4.43811
0.278628 4.42307
0.605048 4.2134
0.249962 4.64006
0.581043 4.70513
0.729517 4.10852
0.288204 4.2383
0.570154 4.14621
0.955734 3.86124
0.487428 4.07443
0.708779 4.95234
0.548745 5.1876
0.416841 4.08181
0.824625 4.05649
0.151573 4.30503
0.781224 4.86073
0.126299 3.95274
0.396428 6.19321
0.801469 4.32759
0.568154 4.54559
0.687825 4.50823
0.435974 5.4261
0.181261 4.08241
0.643583 4.27229
0.380377 4.16187
0.421287 4.08673
0.147925 3.96738
0.557504 3.74464
0.429799 4.3243
0.992466 5.29615
0.26718 4.33251
0.757765 3.97848
0.391032 4.06883
0.427768 4.43152
0.482465 4.98456
0.596327 3.97962
0.286879 4.34525
0.34185 4.41482
0.764871 3.78238
0.459617 3.35842
0.101721 4.12604
0.117687 4.18337
0.659017 4.19812
0.323098 4.00798
