1.47183 356.049
3.05571 354.118
-0.261634 433.412
-1.47048 318.778
1.72136 385.882
-1.19757 334.32
0.396205 536.075
1.81836 212.144
0.785215 290.737
2.57222 164.217
1.19471 344.394
-1.44215 367.731
3.97219 143.849
10.6862 348.704
5.68227 328.374
-1.79942 111.672
-1.59333 339.095
0.587274 403.443
18.8932 345.873
0.415386 424.629
16.2805 324.384
-0.755744 213.288
0.486144 422.92
-0.648386 369.455
-5.41836 335.906
6.2231 340.668
-146.132 365.572
1.25358 394.09
0.969165 404.958
-0.411098 359.666
-18.5172 349.29
0.712226 321.995
2.83839 332.877
298.951 123.606
0.725519 354.659
-0.529643 373.597
-2.08332 292.042
2.69759 376.535
1.41387 343.954
0.684139 331.522
0.697179 352.384
-1.14699 475.596
0.589706 442.106
3.91864 329.485
3.06437 317.83
-43.8957 321.605
0.28608 341.649
0.162431 872.729
10.1015 345.339
-0.459434 371.922
2.31439 337.813
-0.132538 540.283
-1.24002 303.299
0.916965 185.003
0.342133 405.802
0.721013 327.236
0.738921 408.251
0.458538 322.044
0.794645 276.352
-1.67018 359.666
-0.523216 456.4
0.326986 420.743
-5.94862 399.053
-10.4732 271.941
-0.61373 402.51
0.289582 369.931
0.487609 480.149
4.58179 340.326
-1.45435 350.929
0.564922 217.929
-7.29886 389.274
1.81572 232.565
12.2886 191.294
-0.504888 436.833
-3.26557 323.7
16.2728 325.769
0.488702 486.464
0.331635 76.8472
2.17553 15.4669
1.25994 110.827
5.38158 343.157
-1.87879 344.04
6.37123 321.698
4.12822 95.8105
-2.14398 297.674
-1.16768 377.502
1.21671 347.53
-1.03076 323.369
-1.87848 288.432
-0.473419 613.165
-9.78678 328.194
-8.70962 252.76
-0.746993 105.187
0.954477 291.562
-0.20382 322.107
-0.411182 358.691
1.0215 368.215
15.2307 223.667
1.28095 388.455
-1.51979 330.945
0.267395 477.862
-0.332675 81.1287
-0.271802 376.397
-1.73552 367.695
-0.73921 317.356
-1.54069 357.107
-1.27771 399.28
-3.27002 365.256
-2.68175 332.8
11.7735 386.314
2.69589 346.334
2.10743 267.404
-1.58528 353.127
1.20025 362.741
-0.52499 336.399
0.373359 186.597
0.668791 342.653
-0.379611 317.075
5.95895 409.374
-4.20012 325.983
4.11458 331.645
0.398241 427.826
2.02607 335.585
3.63947 297.999
2.20095 339.181
0.465502 391.423
0.594919 177.674
-0.751601 396.308
-1.33475 363.258
0.413426 348.662
0.335353 395.206
0.806378 418.535
1.46149 374.656
0.730488 89.2748
39.7491 350.944
-0.707557 357.832
-1.26997 353.98
-0.508486 434.544
1.72201 296.334
1.73525 370.043
-7.08841 330.216
0.350732 478.986
-11.8706 320.823
-0.838595 483.29
-1.72209 378.004
-0.255621 543.389
-8.06751 330.501
-0.380148 469.957
2.06218 353.023
-0.428632 403.555
-13.1343 408.233
-3.01457 362.335
-2.125 334.897
-2.83609 262.745
-5.85302 114.856
-3.12411 353.07
-0.678148 346.172
-0.740757 376.894
4.25582 317.312
-3.42808 67.1899
-0.397213 329.58
1.476 383.905
