-2.35913 4.33033
0.948736 4.58589
2.63145 5.09241
18.8866 4.26776
-1.0551 4.47617
-0.200491 3.3476
315.948 6.14207
3.08665 5.46156
0.957965 5.09989
-0.732502 4.63233
-4.3895 4.55988
5.44605 5.00216
-1.43442 5.76225
-4.25349 4.74273
-5.75729 4.4827
-2.78886 4.89355
-0.616365 4.08671
-0.863803 6.41471
0.612259 4.29657
0.119749 3.39711
0.896816 5.17959
22.5665 5.45254
-87.8505 4.71204
-1.65787 5.26001
1.13977 4.13496
-2.30324 4.69689
-1.23152 4.17078
0.756847 4.90447
-1.39527 4.91499
0.932692 4.55716
-3.04264 4.25693
-1.24483 4.47697
-1.23287 4.28238
-5.14629 4.52028
0.125419 3.39953
-0.494036 5.00642
-32.7575 4.3256
1.01345 4.22346
-0.362403 3.9398
-5.60618 5.13966
0.241487 3.81089
-1.13376 5.2615
0.417221 3.99762
-1.51586 4.35903
-1.26584 4.68148
1.99756 5.8062
10.8205 4.49402
-1.48693 4.60419
-1.7597 4.19719
3.92781 6.72805
4.83122 4.91074
-4.21064 4.31211
0.170537 3.63349
0.976969 4.91626
-0.338247 5.34789
0.00872157 3.64155
-0.643361 4.30969
-5.82545 4.93843
-0.450256 4.56944
1.11362 5.95768
1.13315 4.54409
1.47103 4.80151
-3.04681 4.20398
-10.7609 4.4413
-0.42962 4.4853
0.346893 4.21083
8.88426 7.10029
0.638503 4.36926
0.537417 4.13246
-0.916938 3.95633
0.643806 4.48631
4.57386 4.5723
-1.09129 4.35202
1.10482 4.4258
-1.60968 4.65529
15.637 3.87401
6.16962 4.02347
-0.847466 4.04439
-9.94664 4.17114
-5.48567 4.71172
2.52859 5.04197
0.740586 3.88552
13.9671 4.83418
-3.55023 4.27454
0.446368 4.0294
0.862743 4.32932
-0.975354 4.65356
0.585872 3.9619
-0.716669 4.92824
0.094125 3.36359
-0.541173 4.39131
-0.634312 4.21843
0.970235 4.35279
1.64464 4.48579
0.648996 4.46215
0.169428 4.24232
1.31041 4.11399
-5.77714 5.05715
0.477017 4.62654
3.0729 4.43411
10.2861 5.19831
-1.62803 4.04139
4.54926 4.74767
0.120192 3.70684
2.7328 4.1192
1.68979 5.20658
0.275121 3.65493
0.605163 4.33627
0.558904 3.96254
0.992395 3.96916
0.823978 4.20443
-2.88977 5.20623
-1.26053 3.8952
-46.9815 4.12111
-0.987808 4.86915
1.64529 4.90324
-10.0638 4.24928
-3.58799 4.76056
-1.8411 4.78121
4.25398 4.45925
0.866322 4.20282
-1.16452 3.82214
-0.284802 3.85447
0.280362 3.83664
-1.08454 5.04011
42.4819 4.53458
