-2.18169 4.18179
0.0690573 3.84786
-1.3358 4.94593
0.237804 4.02619
-3.57948 4.1565
1.92617 4.56104
-0.293595 4.04067
2.25173 5.1935
-0.630752 4.00451
-1.17017 4.06682
-1.63142 4.15436
0.408069 4.00804
-1.61561 5.26378
1.94674 4.71507
1.6877 4.06093
2.52262 5.18593
1.15425 4.32186
0.626353 3.67539
1.09521 4.91925
-1.19297 4.19448
2.8529 4.13643
0.846316 4.70907
-5.05606 4.29209
4.42367 4.38683
-11.7207 4.77156
1.07359 4.06168
-3.19839 4.27867
-2.55916 5.29653
-6.56494 4.79298
-2.04503 4.26821
0.439404 4.15914
-17.2053 4.24369
-1.90489 4.24168
-0.55998 4.3403
-0.109343 3.82579
4.64472 4.78452
0.228154 3.96703
0.326032 4.06197
-8.46265 4.36895
1.29778 5.33421
