-2.35913 4.33033
0.948736 4.58589
2.63145 5.09241
18.8866 4.26776
-1.0551 4.47617
-0.200491 3.3476
315.948 6.14207
3.08665 5.46156
0.957965 5.09989
-0.732502 4.63233
-4.3895 4.55988
5.44605 5.00216
-1.43442 5.76225
-4.25349 4.74273
-5.75729 4.4827
-2.78886 4.89355
-0.616365 4.08671
-0.863803 6.41471
0.612259 4.29657
0.119749 3.39711
0.896816 5.17959
22.5665 5.45254
-87.8505 4.71204
-1.65787 5.26001
1.13977 4.13496
-2.30324 4.69689
-1.23152 4.17078
0.756847 4.90447
-1.39527 4.91499
0.932692 4.55716
-3.04264 4.25693
-1.24483 4.47697
-1.23287 4.28238
-5.14629 4.52028
0.125419 3.39953
-0.494036 5.00642
-32.7575 4.3256
1.01345 4.22346
-0.362403 3.9398
-5.60618 5.13966
0.241487 3.81089
-1.13376 5.2615
0.417221 3.99762
-1.51586 4.35903
-1.26584 4.68148
1.99756 5.8062
10.8205 4.49402
-1.48693 4.60419
-1.7597 4.19719
3.92781 6.72805
4.83122 4.91074
-4.21064 4.31211
0.170537 3.63349
0.976969 4.91626
-0.338247 5.34789
0.00872157 3.64155
-0.643361 4.30969
-5.82545 4.93843
-0.450256 4.56944
1.11362 5.95768
1.13315 4.54409
1.47103 4.80151
-3.04681 4.20398
-10.7609 4.4413
-0.42962 4.4853
0.346893 4.21083
8.88426 7.10029
0.638503 4.36926
0.537417 4.13246
-0.916938 3.95633
0.643806 4.48631
4.57386 4.5723
-1.09129 4.35202
1.10482 4.4258
-1.60968 4.65529
15.637 3.87401
6.16962 4.02347
-0.847466 4.04439
-9.94664 4.17114
-5.48567 4.71172
2.52859 5.04197
0.740586 3.88552
13.9671 4.83418
-3.55023 4.27454
0.446368 4.0294
0.862743 4.32932
-0.975354 4.65356
0.585872 3.9619
-0.716669 4.92824
0.094125 3.36359
-0.541173 4.39131
-0.634312 4.21843
0.970235 4.35279
1.64464 4.48579
0.648996 4.46215
0.169428 4.24232
1.31041 4.11399
-5.77714 5.05715
0.477017 4.62654
3.0729 4.43411
10.2861 5.19831
-1.62803 4.04139
4.54926 4.74767
0.120192 3.70684
2.7328 4.1192
1.68979 5.20658
0.275121 3.65493
0.605163 4.33627
0.558904 3.96254
0.992395 3.96916
0.823978 4.20443
-2.88977 5.20623
-1.26053 3.8952
-46.9815 4.12111
-0.987808 4.86915
1.64529 4.90324
-10.0638 4.24928
-3.58799 4.76056
-1.8411 4.78121
4.25398 4.45925
0.866322 4.20282
-1.16452 3.82214
-0.284802 3.85447
0.280362 3.83664
-1.08454 5.04011
42.4819 4.53458
-1.99501 4.96249
7.10294 6.63281
0.385713 4.07661
0.24266 3.88377
0.490963 3.87681
17.5816 4.58255
9.25056 4.87657
0.375253 4.20574
-1.63858 4.54471
-2.16352 4.02928
1.16903 4.01384
9.32381 5.84681
3.3018 4.24923
2.00412 4.46653
0.356662 3.82251
1.68329 4.22374
-1.21432 4.51028
-1.18689 3.94281
1.35604 4.37681
0.753045 3.96207
1.44615 4.62326
-1.31807 3.59194
-0.329965 3.94493
0.869607 4.14295
1.16206 4.97581
2.57084 4.51326
0.795993 5.02083
-1.79758 3.91876
1.05274 5.57633
-0.574231 4.05805
2.00165 5.58973
53.086 4.48456
-6.89897 5.20845
13.1755 4.97296
-11.5778 4.7176
0.76939 4.8472
0.379983 4.00282
0.345048 4.28936
-4.1259 4.57279
0.824843 4.46312
-2.21408 4.82791
-0.8506 3.99462
3.78546 4.47975
1.72047 4.28331
-0.249528 3.51589
1.49594 5.92031
1.02799 4.34184
0.595551 4.88184
3.00736 4.79488
1.07837 4.11916
-0.349364 3.53836
3.39047 5.46587
0.281771 4.46809
1.35632 4.19035
-0.741025 4.38406
-12.434 4.57662
0.64817 3.68686
-0.843049 4.24649
-4.68449 4.70222
-3480.88 4.30164
-0.614006 3.77071
-2.55233 6.44547
0.329391 3.97517
-1.70541 3.63994
2.00038 3.98308
0.440311 3.94915
-0.671893 3.92854
7.07116 4.53836
-0.640804 4.08023
2.27809 4.64034
-0.662095 5.51284
-0.421601 3.91377
1.92214 4.40806
-1.12283 4.08968
1.55145 4.14598
2.07094 4.38352
-1.2674 4.7291
0.582436 4.88531
-12.8731 4.86599
2.49326 4.08607
0.624462 4.37054
1.2683 4.23979
-0.612587 3.41503
0.895251 3.99249
-0.570122 3.92307
0.800968 3.65092
8.36166 4.24542
-0.445045 4.26292
-0.998743 4.66326
1.94668 5.32383
11.4551 6.4448
0.515561 5.5573
2.42448 5.66204
3.94761 4.05128
-2.20681 5.8445
1.03326 4.25093
6.6168 4.1597
5.39012 4.3805
3.27265 5.14612
3.12357 4.32341
0.542693 4.0475
2.73913 4.95847
2.15843 3.86385
0.890054 4.63434
-0.361016 3.65012
-0.392309 3.81945
-0.503701 3.75536
-0.571186 4.03035
-0.766634 4.82218
-1.191 3.98952
4.87098 4.7022
-0.355577 4.04235
0.956827 4.1161
-0.864688 6.09212
1.52352 3.76982
-0.744224 4.57111
-0.335385 4.4194
1.03332 4.51258
1.70516 4.46352
-1.2335 4.22149
1.56594 4.55299
2.5625 4.18343
-1.58046 4.68021
2.7536 4.40683
0.662812 4.16315
0.921714 4.64353
0.176655 3.60571
-2.92841 4.4845
-2.59295 4.69705
-0.584967 4.20342
1.59415 4.15495
0.613342 3.57649
6.24509 5.98378
1.82295 4.16232
0.141249 3.36577
-6.3646 4.1975
26.1757 5.08897
0.575932 3.87243
-0.232028 3.8065
0.344882 3.86211
0.541683 3.29134
0.823413 4.96262
5.1053 4.5331
-1.44426 4.53494
1.58557 4.59862
-0.95772 4.65263
0.405386 4.12357
-0.451551 4.6017
0.2882 3.86939
-0.70818 4.21557
0.93322 4.85126
0.968488 5.0717
-1.75832 4.82332
-3.42639 5.97386
0.935686 4.30212
-1.82717 4.75081
0.795604 4.2639
-1.4783 4.48785
2.19982 4.21069
0.86773 4.53077
-6.10243 4.24266
-0.468398 4.45215
-0.603166 4.23679
-1.85747 5.56469
7.5835 4.8873
1.13179 4.64972
1.02629 5.13735
-2.2449 4.26183
-157.049 5.60849
-0.414633 4.49846
0.970219 4.03118
0.924353 4.53653
-0.533269 3.96342
-1.25442 4.41404
4.17899 4.26402
-0.331526 3.76389
-0.735128 3.85192
5.70024 4.66653
1.57066 5.08775
0.581633 4.03469
-77.3421 6.75533
-2.91319 5.9945
-0.912496 4.84407
-0.349012 3.71478
-3.21351 4.9947
-2.71008 4.24853
0.684751 4.33843
2.72493 4.99187
-8.30316 4.57172
-2.678 4.43212
1.27048 4.82097
-1.33552 4.35709
23.0446 4.8435
-3.36243 5.71658
1.9341 3.9231
0.756055 3.89288
3.25854 4.69815
-6.88792 4.38464
-0.687568 5.01591
0.4028 3.94342
-0.338064 4.36882
14.2837 4.65273
0.670824 4.09108
-0.943505 4.3135
-0.24791 3.85004
0.304708 3.979
-2.46597 4.39653
-2.33614 4.22983
-0.499288 3.80438
2.43894 6.07019
3.11111 4.16717
6.21614 5.07514
0.693372 4.32349
-1.54072 4.44068
-2.53606 4.23984
1.38384 6.72119
4.28436 6.68368
4.44045 4.57824
0.748193 3.97291
2.45941 5.4071
1.15351 3.9747
-17.3078 4.19351
-4.23324 4.51834
-1.64466 4.39228
-1.79844 4.30869
0.839711 4.43213
0.844795 4.06386
0.954526 4.84355
7.90489 4.65642
-0.509182 4.14981
0.295666 3.68921
4.00566 4.19188
0.813718 4.61226
229.244 4.88197
0.761943 6.04048
-1.89322 4.2872
-0.888821 4.64118
-1.8939 6.12126
-0.705913 3.94562
0.527173 3.98441
1.18078 7.04645
1.31051 4.69713
0.493155 4.10911
-3.92788 5.52405
-1.96685 4.53365
1.38605 3.79498
0.373176 4.23941
-1.02652 5.01113
0.926091 4.33015
-0.491852 4.00595
1.60927 4.48764
0.615595 4.5592
2.29139 4.31145
1.20138 4.92186
-1.06714 4.46035
-1.9326 4.45415
-10.3732 6.85626
-1.41956 6.28989
-0.264788 3.81797
1.06177 4.6788
0.21505 3.72441
6.87861 5.75074
-0.00304921 3.55339
0.275822 3.72242
-1.59835 5.37471
5.00478 4.25028
-0.997115 3.91118
0.132046 3.7262
3.59821 4.58469
0.961371 4.39329
0.876978 4.81083
1.80002 3.83667
0.172747 3.80566
-0.761396 5.41568
0.253946 3.56832
0.881412 4.40517
-0.407302 4.26478
-0.541721 3.89577
1.02131 4.23692
-0.919386 4.39101
4.56974 5.64699
0.653571 4.93307
-3.89764 4.58335
-0.714625 3.99094
-2.42322 4.2347
1.10957 4.79852
-1.8217 4.19056
0.303185 4.07779
2.75688 4.70122
1.21891 4.81534
-5.04098 4.47863
2.45947 4.52305
2.65914 4.66603
1.18988 4.63272
2.3649 5.07134
-1.20743 4.71203
1.6086 4.26741
0.395241 3.96264
0.545803 4.15395
-0.757549 4.47522
-0.769608 3.96889
1.15226 6.00375
2.18915 4.05251
-1.79906 4.43709
-8.90549 4.3043
-0.907683 4.33115
2.59245 4.87906
2.11157 4.96671
-0.755382 4.30154
3.91469 4.80337
1.12946 4.36037
0.443215 3.5732
-1.71076 4.76354
-62.1857 4.75707
3.88687 4.50185
0.674933 3.8982
4.42944 4.43009
3.50902 4.82349
0.482446 3.85507
0.525639 3.99435
16.2096 4.34824
-1.46396 4.51107
-1.37219 4.40728
0.292032 3.92303
1.43854 4.46567
-0.604381 3.92251
-0.827231 5.88122
1.20848 4.0588
3.21062 4.04534
-1.28935 4.29607
-0.49012 4.6962
-2.57785 4.62463
1.04889 4.05916
8.25307 5.21726
-0.900267 6.49515
0.277242 3.69812
2.94798 5.81975
-0.435215 4.00268
-2.29222 4.1092
1.50609 4.74956
2.66062 3.22583
1.55139 4.2156
0.413048 3.82477
2.39303 4.34944
-0.783474 4.3105
0.421344 3.73154
-8.82126 5.59708
2.29747 4.27953
-27.8611 3.421
8.25307 5.21726
-0.900267 6.49515
0.277242 3.69812
2.94798 5.81975
-0.435215 4.00268
-2.29222 4.1092
1.50609 4.74956
2.66062 3.22583
1.55139 4.2156
0.413048 3.82477
2.39303 4.34944
-0.783474 4.3105
0.421344 3.73154
-8.82126 5.59708
2.29747 4.27953
-27.8611 3.421
0.522235 3.9163
0.649634 4.37615
-2.05706 4.41744
0.411653 3.86303
1.04731 4.74258
4.53503 5.1612
-0.659263 4.16803
1.51977 4.58835
-3.29418 4.32931
4.6793 4.23172
0.596954 4.18586
0.455547 4.07972
2.03919 4.93389
0.329476 4.34856
