0.518227 470.769
-2.70688 278.011
0.913316 392.347
-1.70385 364.585
-inf 328.845
-0.533804 351.254
1.59785 393.757
-0.514246 321.124
1.16343 356.418
-1.27048 300.903
0.582865 405.032
-0.495154 64.7421
-209.308 303.042
1.72237 364.054
0.163158 537.596
-21.3408 325.74
0.998048 374.464
3.73029 308.713
-9.92784 225.489
0.347594 496.102
0.365152 331.887
0.572055 350.449
0.00216877 341.663
34.2151 233.554
-0.297475 441.542
0.641457 328.138
4.51286 202.02
0.516031 341.243
13.0975 259.352
-0.967151 327.715
0.613648 370.429
-7.17094 331.856
-0.466578 314.26
5.16207 411.962
-1.00323 342.281
10.7948 367.508
0.462708 329.988
0.211605 513.391
0.21412 388.311
-389.83 342.127
-3.2656 320.107
3.24721 338.591
-0.779597 328.061
-1.58298 340.737
-0.615299 362.696
0.327316 460.82
-2.66243 342.378
0.982675 301.444
-5.21042 350.475
0.140225 328.808
-2.07308 362.888
-1.71764 231.802
-2.34817 332.824
0.187615 357.782
-0.0285667 345.857
2.73082 361.39
-0.107428 420.722
0.39036 352.41
1.41571 130.767
-0.0628463 357.654
-0.217009 333.187
-2.96887 390.694
0.140334 344.256
0.445304 336.496
-21.7897 403.636
1.17252 299.39
0.325761 427.845
34.3628 346.41
-6.86294 366.288
-0.369468 351.655
4.11197 335.047
-1.1422 326.646
14.7241 256.366
0.606346 408.091
0.387095 388.383
-0.49056 331.707
1.34902 369.088
1.10333 215.645
-0.889379 340.953
0.492867 284.519
0.618794 291.763
-0.268488 332.967
2.04055 333.173
0.696283 441.182
-1.9371 326.459
3.63688 294.478
3.46164 188.407
-4.70931 381.686
-26.8858 315.605
-11.8715 314.623
1.79744 323.955
0.272425 424.979
0.114021 313.927
1.75809 183.903
2.07267 344.958
17.1029 376.286
-0.527933 513.283
1.41634 316.651
-1.63599 334.534
0.334046 431.533
0.211985 202.256
-0.463133 220.663
2.32276 334.239
-1.12033 319.417
0.0504399 435.946
0.689762 303.793
-0.555637 371.848
-1.06584 126.482
10.1567 313.493
-0.172993 387.363
-0.809089 91.6063
0.312608 398.538
-9.20318 324.779
1.41544 348.674
-1.81168 358.432
0.557847 409.583
-6.61707 228.245
0.747085 317.616
-0.138726 374.131
-0.652876 380.423
-0.414035 410.737
0.317105 335.607
-0.425749 316.09
