0.39906 446.556
0.913821 400.801
0.557852 504.567
0.38333 403.964
0.44445 577.069
0.702811 219.813
0.977701 550.37
0.728371 622.647
0.86961 593.887
0.56843 546.441
1.27573 397.053
0.691107 421.908
0.984873 581.905
0.455049 609.347
0.4156 463.085
0.510493 577.416
0.593723 393.229
0.581462 1362.76
0.840436 325.919
0.864673 225.958
0.638647 850.234
0.753012 618.513
0.515917 536.075
1.38077 455.319
0.379988 332.902
0.447683 656.238
0.295522 476.938
1.05916 563.046
0.538945 633.275
0.396576 754.339
0.263213 461.341
0.708801 395.857
0.689922 501.77
0.37804 558.767
1.29171 210.123
0.569611 1063.1
0.305786 463.501
0.698096 304.625
0.773471 305.579
0.527399 594.533
1.02668 272.064
0.893854 493.132
1.07546 304.325
0.421109 456.289
0.507232 447.748
0.771886 635.434
0.45308 468.779
0.583692 449.925
0.300493 474.07
0.973326 711.178
0.576433 551.324
0.359111 380.648
0.846812 289.397
0.924657 519.853
0.617722 1825.06
0.58579 256.84
0.842138 418.945
0.59079 622.012
0.311835 1123.42
0.501555 1258.62
0.667876 391.609
0.741565 466.826
0.254637 505.126
0.438011 414.788
0.485068 853.827
0.834311 583.693
1.01787 707.696
0.441938 680.955
0.588208 401.68
0.337088 404.88
0.711616 500.349
0.57701 415.705
0.293663 618.394
0.597679 433.796
0.479808 561.351
0.144068 367.052
0.283797 342.067
0.477408 340.896
0.257264 426.83
0.542706 503.235
0.687945 550.369
0.361805 332.997
0.560995 547.411
0.242114 420.454
0.646331 389.159
0.691255 338.586
0.908069 424.182
0.360761 371.882
0.51276 768.825
0.861167 242.886
1.31104 543.105
0.916758 270.771
0.442107 483.346
0.420205 523.413
0.848213 366.163
0.608475 1069.83
0.187218 481.959
0.55562 628.07
0.824352 745.255
0.462788 423.746
0.73171 565.885
0.247772 408.68
0.476698 497.941
0.693647 671.682
0.336685 404.096
0.66023 497.961
0.81072 221.935
0.651822 414.956
0.532408 306.734
0.358095 298.227
0.42786 395.571
0.657872 649.362
0.354855 317.169
0.234464 420.101
0.632426 483.114
0.485762 739.527
0.291772 471.95
0.486614 550.859
0.599768 479.624
0.324107 464.415
0.514417 345.746
0.186867 377.343
0.894676 314.357
0.666167 470.8
0.515535 742.915
0.366039 435.515
0.537187 647.703
1.07217 789.586
0.363296 756.48
0.959648 414.845
0.83474 251.917
0.479231 515.137
0.536476 542.934
0.495959 740.209
0.598118 415.889
0.221203 448.766
0.368172 346.322
0.849858 570.569
0.334474 411.895
0.493033 380.754
0.97592 270.13
0.405302 379.107
0.887807 361.958
0.686468 317.149
0.321045 656.357
0.408823 319.303
0.412384 506.702
0.104403 318.426
0.660953 685.786
0.53075 342.018
0.89759 465.883
0.360608 627.194
0.488318 822.999
0.397595 317.779
0.656488 947.233
0.841809 305.739
0.721773 635.984
0.417074 511.363
0.607917 605.37
0.565099 520.132
0.60942 460.662
0.839306 534.352
1.11812 335.493
0.848108 540.917
0.467008 492.85
0.655526 485.84
0.545139 566.403
0.369142 381.025
0.459933 461.041
0.510238 361.652
0.643035 232.246
0.968664 567.332
0.518644 487.793
0.514166 766.164
0.537995 538.13
0.29697 464.809
0.385566 251.422
0.686412 677.732
0.815026 868.988
0.556165 338.779
0.442819 710.561
0.508957 462.85
0.315192 280.022
0.521825 498.826
0.494064 557.505
0.438867 432.876
0.322341 358.051
0.717979 921.952
0.372596 728.387
0.0602483 366.229
0.180474 406.606
0.83752 301.64
0.621377 301.047
0.350148 561.576
0.332636 493.229
0.67612 413.381
0.822115 1088.77
0.880063 237.544
0.494695 401.919
0.443221 358.165
0.370864 360.355
0.561271 394.025
0.640282 466.377
0.689282 700.601
0.587657 539.583
0.258483 405.94
0.487366 507.658
0.451493 392.476
0.196596 271.64
0.382711 292.154
0.592973 326.433
0.299267 305.822
0.288215 473.514
0.937852 488.199
0.560939 472.693
0.540077 834.788
0.9476 751.223
0.581676 1218.88
0.594493 737.756
0.246822 385.726
0.725317 724.4
0.630671 500.336
0.303621 411.564
0.39625 449.979
0.521211 761.111
0.390974 415.054
0.895867 271.933
0.522911 638.063
0.25572 345.665
1.12833 444.562
0.588316 244.067
0.573541 295.814
0.408314 275.087
0.316277 602.297
0.542943 556.633
0.194282 446.036
0.618529 475.962
0.85825 403.494
0.608731 477.989
0.774444 874.295
0.16267 425.282
0.815151 411.853
0.765445 792.745
0.754493 352.044
0.492993 437.098
0.296644 513.828
0.420781 549.916
0.325371 438.127
0.544964 489.742
0.31562 546.931
0.7975 328.915
0.837164 398.98
1.15503 260.004
0.487309 440.372
1.06903 432.364
0.829446 354.357
0.342134 387.34
0.332373 246.243
0.945436 509.088
0.299779 393.374
1.00836 193.022
0.33976 429.647
0.698044 572.145
0.530616 300.158
0.808748 426.791
1.13412 287.844
0.179568 212.088
0.579876 830.312
0.412642 488.745
0.7729 326.891
0.88695 390.491
0.618929 457.872
1.0333 421.529
0.8437 839.564
0.771401 424.305
1.0806 313.378
0.660097 486.253
0.615056 541.94
0.729906 382.602
0.842925 547.241
0.430715 433.382
0.361057 706.633
0.375162 564.697
0.574445 362.657
0.420852 376.63
0.693871 512.271
0.27521 437.059
0.834725 662.93
0.765497 393.879
0.713806 599.031
0.586836 554.13
0.810916 370.623
0.547655 719.348
0.325434 467.452
0.761712 596.635
0.710847 765.947
0.707095 405.79
0.759988 420.129
0.586644 497.587
0.567473 440.442
0.39877 438.015
0.531708 439.953
0.487713 260.696
0.923582 409.57
0.971741 433.12
0.280447 351.228
1.40747 737.258
0.70644 781.33
0.440973 1040.48
0.903424 219.905
0.616833 550.946
0.429685 378.513
0.8096 359.538
0.833587 457.084
0.433556 488.894
0.425926 448.121
0.891782 369.347
0.307571 590.523
0.440707 609.833
0.797415 835.24
0.18917 408.553
0.321444 366.83
0.522783 505.877
0.349638 486.835
0.747899 492.835
0.510692 321.983
0.920061 555.674
0.42472 512.003
0.464393 437.926
0.710781 452.532
0.558896 713.767
0.804278 279.793
0.271809 611.389
0.426971 420.705
0.527217 278.287
0.825808 521.719
0.238304 410.057
0.596577 602.003
0.814309 391.493
0.602583 448.466
0.377781 414.773
0.689928 1308.21
0.919971 702.683
0.343198 488.258
0.678194 354.078
0.790314 622.38
0.350544 296.449
0.233317 466.856
0.506419 450.642
0.481499 427.708
0.43275 393.61
0.782498 332.63
0.320924 496.019
0.644988 558.395
0.48685 478.807
0.368192 813.523
0.966983 204.348
0.293741 403.492
0.953888 445.615
0.645569 541.782
0.697742 965.926
0.894934 377.958
0.69107 534.072
0.617564 963.539
0.401754 347.679
0.742428 316.08
0.580769 1572.61
0.603017 499.323
0.549174 413.931
0.873588 557.456
0.595808 423.703
0.180403 357.854
0.710017 641.694
0.829034 468.633
0.453822 398.426
0.583504 317.96
0.421381 476.496
0.461038 808.468
0.330395 459.535
0.603823 569.639
0.570359 406.222
0.502454 422.898
1.00715 721.61
0.979791 648.841
1.42527 264.985
0.889526 438.168
1.04338 209.853
0.72156 743.551
0.444889 474.254
1.04319 224.73
1.10468 417.823
0.501796 383.352
0.218332 456.184
0.644457 584.697
0.593614 432.655
0.463546 483.15
0.630986 540.144
0.885839 312.701
0.839754 352.695
0.463198 1086.09
0.767339 198.331
1.17614 320.815
0.768345 630.53
0.270319 499.106
0.594096 347.584
0.402081 572.48
0.761225 539.491
0.833184 669.266
0.428683 631.133
0.279854 517.309
0.301854 400.248
1.23571 373.867
0.408872 373.332
0.764191 449.694
0.543167 499.818
0.624977 567.325
0.403073 468.363
0.509537 445.143
0.504965 494.119
0.551822 410.124
0.59209 600.956
0.399414 606.746
0.529815 363.307
1.10545 280.294
0.813133 376.796
0.964168 430.499
0.310859 423.064
0.941861 784.868
0.218404 451.007
0.659637 404.232
0.334665 444.549
0.761648 334.677
0.488364 711.533
0.618284 625.255
0.780293 310.951
0.547249 551.96
0.512535 387.293
0.385078 312.275
0.591455 486.535
0.542476 502.627
0.402741 455.17
0.334314 346.1
0.373951 482.661
0.523685 534.528
0.397388 440.526
0.384579 423.874
0.370195 478.352
0.85465 371.445
0.458391 404.735
0.649662 394.28
0.372157 609.694
0.216566 530.841
0.751271 781.367
0.787281 406.202
0.180778 401.883
0.353384 528.294
0.694273 615.991
0.423941 582.125
0.329812 454.546
0.723024 510.521
0.531278 1452
1.00515 230.481
0.638783 814.251
0.642247 509.525
0.351557 369.943
0.563922 510.697
0.0670144 238.521
0.432613 375.659
0.799647 265.294
0.374179 444.018
0.733421 365.023
0.864079 253.342
0.854532 621.718
0.385835 424.531
0.092016 310.001
0.723024 510.521
0.531278 1452
1.00515 230.481
0.638783 814.251
0.642247 509.525
0.351557 369.943
0.563922 510.697
0.0670144 238.521
0.432613 375.659
0.799647 265.294
0.374179 444.018
0.733421 365.023
0.864079 253.342
0.854532 621.718
0.385835 424.531
0.092016 310.001
0.691337 256.132
0.742148 399.145
0.383009 444.134
0.566188 244.513
0.697955 477.969
0.81765 499.054
0.628035 420.891
0.513884 482.007
0.412285 447.676
0.307156 469.137
0.443882 580.072
1.00043 383.474
0.465919 767.668
0.777001 541.879
