-2.18169 320.708
0.0690573 249.097
-1.3358 324.5
0.237804 440.855
-3.57948 316.834
1.92617 295.64
-0.293595 531.913
2.25173 363.619
-0.630752 349.695
-1.17017 323.69
-1.63142 320.936
0.408069 373.434
-1.61561 71.9474
1.94674 362.915
1.6877 331.358
2.52262 417.055
1.15425 349.658
0.626353 45.1998
1.09521 391.897
-1.19297 437.594
2.8529 324.88
0.846316 378.568
-5.05606 340.55
4.42367 354.052
-11.7207 377.565
1.07359 315.132
-3.19839 329.926
-2.55916 366.455
-6.56494 227.472
-2.04503 334.115
0.439404 429.107
-17.2053 330.456
-1.90489 327.443
-0.55998 391.564
-0.109343 366.061
4.64472 385.726
0.228154 847.512
0.326032 503.964
-8.46265 228.441
1.29778 277.646
