0.476583 356.049
0.450104 354.118
0.816435 433.412
0.201727 318.778
0.994209 385.882
0.370965 334.32
0.865204 536.075
0.907465 212.144
0.61483 290.737
0.695212 164.217
0.370683 344.394
1.43608 367.731
1.32949 143.849
0.457306 348.704
1.1526 328.374
0.505646 111.672
0.363167 339.095
0.676042 403.443
0.435087 345.873
0.744508 424.629
0.255643 324.384
0.378575 213.288
0.979428 422.92
0.543706 369.455
0.354434 335.906
0.42762 340.668
0.533317 365.572
0.654588 394.09
0.709192 404.958
0.852533 359.666
0.459701 349.29
0.561704 321.995
0.332876 332.877
0.483963 123.606
0.82258 354.659
0.575261 373.597
0.732168 292.042
0.585694 376.535
0.4963 343.954
0.332713 331.522
0.472358 352.384
0.941032 475.596
0.821294 442.106
0.220989 329.485
0.172011 317.83
0.187343 321.605
0.896612 341.649
1.21603 872.729
0.41448 345.339
0.554533 371.922
0.357531 337.813
0.966509 540.283
0.884222 303.299
0.416872 185.003
0.750246 405.802
0.294654 327.236
0.893305 408.251
0.276385 322.044
0.316059 276.352
1.20984 359.666
0.998733 456.4
0.633301 420.743
0.667331 399.053
0.405976 271.941
0.656089 402.51
0.566742 369.931
0.830231 480.149
0.346352 340.326
0.460942 350.929
0.683878 217.929
0.746816 389.274
1.013 232.565
0.679423 191.294
0.76246 436.833
0.269333 323.7
0.262021 325.769
0.868921 486.464
0.807455 76.8472
0.764924 15.4669
1.02138 110.827
0.421459 343.157
0.638662 344.04
0.243904 321.698
1.2726 95.8105
0.625697 297.674
0.595744 377.502
0.412598 347.53
0.306111 323.369
0.800957 288.432
1.0935 613.165
0.243165 328.194
1.0109 252.76
0.308859 105.187
0.793936 291.562
0.24038 322.107
0.569771 358.691
0.471796 368.215
0.422354 223.667
0.581195 388.455
0.293162 330.945
0.840244 477.862
0.77625 81.1287
0.578591 376.397
0.548346 367.695
0.134943 317.356
0.471172 357.107
0.800174 399.28
0.50749 365.256
0.361012 332.8
0.60049 386.314
0.436119 346.334
1.06067 267.404
0.464968 353.127
0.522201 362.741
0.371947 336.399
0.644108 186.597
0.390078 342.653
0.148317 317.075
0.620837 409.374
0.278467 325.983
0.337979 331.645
0.804974 427.826
0.365093 335.585
0.590805 297.999
0.380665 339.181
0.667011 391.423
1.20848 177.674
0.668726 396.308
0.457812 363.258
0.456659 348.662
0.625596 395.206
0.778177 418.535
0.564977 374.656
0.922388 89.2748
0.743783 350.944
0.48421 357.832
0.48572 353.98
0.744795 434.544
0.552273 296.334
0.532468 370.043
0.413191 330.216
0.832737 478.986
0.187966 320.823
0.872278 483.29
0.59991 378.004
0.99575 543.389
0.288803 330.501
0.836084 469.957
0.475568 353.023
0.681169 403.555
0.674737 408.233
0.512825 362.335
0.519943 334.897
0.699562 262.745
1.16575 114.856
0.964425 353.07
0.58652 346.172
0.565914 376.894
0.158155 317.312
0.221504 67.1899
0.567273 329.58
0.619262 383.905
