0.691122 470.769
0.970783 278.011
0.502971 392.347
0.415501 364.585
0.219407 328.845
0.42959 351.254
0.501686 393.757
0.0614651 321.124
0.375439 356.418
0.506329 300.903
0.594023 405.032
0.840335 64.7421
0.873411 303.042
0.331573 364.054
0.741814 537.596
0.390619 325.74
0.433198 374.464
0.288008 308.713
0.800088 225.489
0.788211 496.102
0.110326 331.887
0.534213 350.449
0.0774707 341.663
0.737883 233.554
0.656422 441.542
0.17102 328.138
0.793671 202.02
0.251122 341.243
0.659254 259.352
0.191151 327.715
0.423365 370.429
0.199742 331.856
0.0635216 314.26
0.474529 411.962
0.298897 342.281
0.366095 367.508
0.287055 329.988
1.04726 513.391
0.658438 388.311
0.283348 342.127
0.753134 320.107
0.205929 338.591
0.17577 328.061
0.264578 340.737
0.361974 362.696
0.776571 460.82
0.828337 342.378
0.830708 301.444
0.352363 350.475
0.274394 328.808
0.361035 362.888
0.49614 231.802
0.605156 332.824
0.239441 357.782
0.591823 345.857
0.376813 361.39
0.775379 420.722
0.44815 352.41
0.894632 130.767
0.432787 357.654
0.357312 333.187
0.477937 390.694
0.400517 344.256
0.325139 336.496
0.413774 403.636
0.38994 299.39
0.672679 427.845
0.23938 346.41
0.368456 366.288
0.257174 351.655
0.318504 335.047
0.853627 326.646
0.783794 256.366
0.810999 408.091
0.498639 388.383
0.168236 331.707
0.292679 369.088
0.705871 215.645
0.315132 340.953
0.491832 284.519
0.886541 291.763
0.286781 332.967
0.211953 333.173
0.679307 441.182
0.238102 326.459
0.39812 294.478
0.655944 188.407
0.400557 381.686
0.180797 315.605
0.625763 314.623
0.197763 323.955
0.590921 424.979
0.0980762 313.927
0.873558 183.903
0.241037 344.958
0.381299 376.286
0.688422 513.283
0.303144 316.651
0.170577 334.534
0.74411 431.533
0.737014 202.256
0.57482 220.663
0.14529 334.239
0.110673 319.417
0.659937 435.946
0.668919 303.793
0.445709 371.848
0.834193 126.482
0.13056 313.493
0.484686 387.363
0.35096 91.6063
0.41948 398.538
1.13177 324.779
0.269379 348.674
0.324752 358.432
0.565133 409.583
0.626288 228.245
1.05797 317.616
1.05416 374.131
0.402346 380.423
0.539278 410.737
0.373605 335.607
0.16825 316.09
