1.47183 488.061
3.05571 417.184
-0.261634 261.061
-1.47048 362.933
1.72136 552.76
-1.19757 560.748
0.396205 384.699
1.81836 365.209
0.785215 739.096
2.57222 431.454
1.19471 760.589
-1.44215 460.503
3.97219 516.829
10.6862 468.646
5.68227 617.352
-1.79942 354.203
-1.59333 354.841
0.587274 686.465
18.8932 487.345
0.415386 473.698
16.2805 431.684
-0.755744 906.656
0.486144 259.89
-0.648386 339.476
-5.41836 451.972
6.2231 472.062
-146.132 571.416
1.25358 660.658
0.969165 472.522
-0.411098 249.493
-18.5172 548.698
0.712226 337.172
2.83839 439.73
298.951 450.987
0.725519 344.043
-0.529643 454.95
-2.08332 495.948
2.69759 553.254
1.41387 762.593
0.684139 654.717
0.697179 454.438
-1.14699 525.366
0.589706 596.383
3.91864 488.866
3.06437 408.993
-43.8957 470.608
0.28608 232.106
0.162431 279.944
10.1015 540.406
-0.459434 704.219
2.31439 490.05
-0.132538 227.763
-1.24002 545.573
0.916965 382.044
0.342133 622.411
0.721013 306.841
0.738921 350.688
0.458538 371.571
0.794645 339.196
-1.67018 539.147
-0.523216 282.987
0.326986 376.919
-5.94862 576.745
-10.4732 525.681
-0.61373 404.654
0.289582 329.623
0.487609 344.615
4.58179 501.888
-1.45435 552.307
0.564922 329.556
-7.29886 728.679
1.81572 735.266
12.2886 490.259
-0.504888 318.184
-3.26557 414.179
16.2728 468.622
0.488702 412.008
0.331635 250.857
2.17553 401.096
1.25994 421.825
5.38158 595.064
-1.87879 432.145
6.37123 374.845
4.12822 442.963
-2.14398 550.107
-1.16768 431.202
1.21671 495.099
-1.03076 400.035
-1.87848 1038.24
-0.473419 354.402
-9.78678 442.508
-8.70962 653.958
-0.746993 443.012
0.954477 391.382
-0.20382 357.417
-0.411182 313.905
1.0215 354.501
15.2307 428.69
1.28095 461.179
-1.51979 587.781
0.267395 472.62
-0.332675 463.954
-0.271802 280.966
-1.73552 644.883
-0.73921 306.599
-1.54069 845.262
-1.27771 588.277
-3.27002 504.17
-2.68175 430.687
11.7735 565.931
2.69589 678.945
2.10743 391.62
-1.58528 860.409
1.20025 587.496
-0.52499 616.812
0.373359 248.595
0.668791 344.14
-0.379611 242.611
5.95895 559.359
-4.20012 448.892
4.11458 438.482
0.398241 971.429
2.02607 501.155
3.63947 593.49
2.20095 393.162
0.465502 386.819
0.594919 336.309
-0.751601 491.913
-1.33475 538.814
0.413426 656.326
0.335353 295.771
0.806378 364.878
1.46149 495.333
0.730488 360.2
39.7491 637.082
-0.707557 421.209
-1.26997 380.844
-0.508486 873.045
1.72201 500.45
1.73525 405.149
-7.08841 519.148
0.350732 312.176
-11.8706 432.814
-0.838595 494.818
-1.72209 478.434
-0.255621 239.585
-8.06751 472.853
-0.380148 323.139
2.06218 456.521
-0.428632 276.071
-13.1343 591.141
-3.01457 529.904
-2.125 779.788
-2.83609 666.458
-5.85302 552.568
-3.12411 647.503
-0.678148 462.509
-0.740757 456.731
4.25582 425.01
-3.42808 413.116
-0.397213 379.744
1.476 409.44
