0.518227 312.98
-2.70688 528.277
0.913316 377.958
-1.70385 488.481
-inf 465.764
-0.533804 421.99
1.59785 548.663
-0.514246 469.782
1.16343 451.215
-1.27048 543.195
0.582865 798.78
-0.495154 276.036
-209.308 653.852
1.72237 524.278
0.163158 274.129
-21.3408 509.787
0.998048 531.931
3.73029 397.79
-9.92784 709.435
0.347594 601.077
0.365152 708.055
0.572055 764.109
0.00216877 433.708
34.2151 638.859
-0.297475 321.83
0.641457 374.944
4.51286 451.154
0.516031 631.941
13.0975 499.055
-0.967151 382.729
0.613648 454.017
-7.17094 379.974
-0.466578 364.954
5.16207 517.204
-1.00323 422.569
10.7948 459.993
0.462708 548.039
0.211605 317.695
0.21412 470.532
-389.83 445.666
-3.2656 613.647
3.24721 491.008
-0.779597 490.039
-1.58298 390.139
-0.615299 538.728
0.327316 553.687
-2.66243 570.682
0.982675 412.023
-5.21042 466.664
0.140225 680.889
-2.07308 473.504
-1.71764 511.321
-2.34817 480.549
0.187615 343.703
-0.0285667 395.296
2.73082 566.953
-0.107428 542.249
0.39036 309.828
1.41571 337.837
-0.0628463 330.673
-0.217009 454.338
-2.96887 476.303
0.140334 459.682
0.445304 673.818
-21.7897 516.853
1.17252 843.125
0.325761 419.27
34.3628 443.314
-6.86294 496.082
-0.369468 671.595
4.11197 528.618
-1.1422 435.994
14.7241 685.12
0.606346 293.713
0.387095 300.938
-0.49056 542.137
1.34902 583.865
1.10333 528.481
-0.889379 376.842
0.492867 441.311
0.618794 325.221
-0.268488 311.275
2.04055 384.626
0.696283 459.287
-1.9371 437.524
3.63688 424.226
3.46164 501.331
-4.70931 531.761
-26.8858 384.905
-11.8715 505.856
1.79744 485.757
0.272425 678.379
0.114021 373.082
1.75809 620.512
2.07267 604.607
17.1029 509.717
-0.527933 282.071
1.41634 436.892
-1.63599 481.033
0.334046 301.536
0.211985 929.697
-0.463133 473.701
2.32276 317.139
-1.12033 372.602
0.0504399 260.751
0.689762 311.935
-0.555637 348.051
-1.06584 361.674
10.1567 383.223
-0.172993 296.126
-0.809089 358.198
0.312608 292.409
-9.20318 580.717
1.41544 671.739
-1.81168 486.415
0.557847 410.912
-6.61707 454.789
0.747085 521.077
-0.138726 276.375
-0.652876 527.534
-0.414035 597.401
0.317105 586.863
-0.425749 459.5
