0.518227 4.07976
-2.70688 5.44613
0.913316 4.28361
-1.70385 4.64232
-inf 4.26055
-0.533804 4.20042
1.59785 4.98861
-0.514246 4.15085
1.16343 4.4331
-1.27048 4.7418
0.582865 5.29411
-0.495154 3.93426
-209.308 6.02361
1.72237 4.6668
0.163158 4.03403
-21.3408 4.39318
0.998048 4.81207
3.73029 4.14597
-9.92784 5.70771
0.347594 4.34364
0.365152 4.3608
0.572055 4.69459
0.00216877 4.09962
34.2151 5.7027
-0.297475 4.15101
0.641457 4.1407
4.51286 5.0579
0.516031 4.45153
13.0975 4.69758
-0.967151 4.19494
0.613648 4.53219
-7.17094 4.16276
-0.466578 4.04976
5.16207 5.10887
-1.00323 4.25768
10.7948 4.54394
0.462708 4.29808
0.211605 3.96902
0.21412 4.47615
-389.83 4.32508
-3.2656 5.67723
3.24721 4.28329
-0.779597 4.27485
-1.58298 4.29021
-0.615299 4.72361
0.327316 4.43674
-2.66243 5.28048
0.982675 4.77373
-5.21042 4.53412
0.140225 4.28308
-2.07308 4.60321
-1.71764 4.62395
-2.34817 4.64475
0.187615 4.1977
-0.0285667 4.04361
2.73082 4.70834
-0.107428 3.8254
0.39036 4.14124
1.41571 3.92731
-0.0628463 4.14562
-0.217009 3.87643
-2.96887 4.73189
0.140334 4.26214
0.445304 4.2849
-21.7897 4.80569
1.17252 5.63554
0.325761 4.33907
34.3628 4.41918
-6.86294 4.63367
-0.369468 4.40454
4.11197 4.38916
-1.1422 4.87433
14.7241 6.27337
0.606346 4.13954
0.387095 3.9119
-0.49056 4.22773
1.34902 4.44668
1.10333 4.95798
-0.889379 4.26385
0.492867 4.4902
0.618794 4.18744
-0.268488 3.93803
2.04055 4.22513
0.696283 4.716
-1.9371 4.28056
3.63688 4.17857
3.46164 5.16884
-4.70931 4.58099
-26.8858 4.03038
-11.8715 4.6752
1.79744 4.24288
0.272425 4.9381
0.114021 4.09166
1.75809 5.2453
2.07267 4.43726
17.1029 4.70528
-0.527933 4.06651
1.41634 4.2465
-1.63599 4.33683
0.334046 4.19863
0.211985 4.9509
-0.463133 4.63058
2.32276 4.0021
-1.12033 4.02912
0.0504399 3.78711
0.689762 4.21794
-0.555637 4.14935
-1.06584 4.79717
10.1567 3.90185
-0.172993 4.04724
-0.809089 4.15906
0.312608 4.08652
-9.20318 6.07101
1.41544 4.51156
-1.81168 4.55162
0.557847 4.39604
-6.61707 4.47648
0.747085 4.86657
-0.138726 3.84402
-0.652876 4.9947
-0.414035 4.91594
0.317105 4.36327
-0.425749 4.16885
