0.212827 360.63
1.41443 188.016
1.42695 566.583
0.783934 285.946
0.16774 364.528
0.403338 401.022
0.872956 302.636
0.683022 550.043
0.41482 252.481
0.264629 317.8
0.204939 398.76
0.562729 277.525
0.734319 433.055
0.522956 507.973
0.299485 346.746
0.656673 506.804
0.474436 373.483
0.658959 349.14
0.619682 459.983
0.803942 418.071
0.244511 344.618
0.586583 520.648
0.391506 408.905
0.457283 533.894
0.646925 486.943
0.134866 374.101
0.296609 469.572
0.699024 614.855
0.570288 490.577
0.336438 414.862
0.742424 309.871
0.366877 374.023
0.304261 408.726
0.605996 371.521
0.561363 367.003
0.547122 479.738
1.2397 261.835
1.0728 309.613
0.549429 400.781
0.843052 434.768
