0.298303
0.983127
0.847944
0.975038
0.417907
0.792051
1.17423
0.831841
0.696202
1.2957
1.28409
0.712846
0.276481
0.604802
0.606329
1.41011
0.958132
1.30573
0.604024
0.59165
0.586657
0.782049
0.802475
1.06381
0.646586
1.15001
1.1518
0.800271
1.21022
1.10757
0.941958
0.357788
0.733434
1.17272
0.604037
0.634745
1.08567
0.85557
1.31696
1.13659
0.871427
0.849085
1.02125
0.857372
0.740919
0.90499
0.790863
1.26454
1.16156
0.704564
0.82242
0.847286
1.1703
0.90064
0.509921
1.07148
1.11135
0.893653
0.891739
0.682658
0.375642
0.397095
0.540361
0.729689
0.320542
0.384424
1.28494
1.2522
0.641279
1.00829
1.1119
1.1876
0.890439
0.652494
0.552968
1.04702
0.525186
0.706743
0.284031
0.905285
1.56616
1.26604
0.839581
0.810625
0.383631
1.27747
1.04473
0.677212
0.911175
0.9075
0.728762
0.686095
0.767563
0.649575
0.711205
1.12568
0.912329
0.793406
0.62909
0.923111
0.683555
0.730329
0.348507
0.797763
0.874242
0.407307
0.82578
0.498064
0.637116
1.52452
0.90894
1.02832
0.838944
0.433671
0.530701
0.697464
0.798786
1.37476
0.63944
1.03435
0.729912
0.645112
0.816319
1.0623
0.321412
1.13722
0.794336
1.35718
0.487459
1.09628
1.35352
1.18244
1.03517
1.1706
1.12217
1.17804
1.1497
0.670638
0.821875
0.998372
0.318194
0.556367
0.698382
0.886591
0.649535
0.915689
1.07198
1.12554
1.56393
0.879566
1.52341
0.779068
1.25109
1.23155
0.224459
0.474108
1.53184
1.46674
0.855352
0.844485
0.253375
0.328016
0.719565
1.01742
0.601021
1.18363
1.21606
0.718465
1.06733
1.18091
0.359742
0.293914
0.911885
0.641386
0.837154
1.20874
1.06966
1.3167
0.554592
0.97327
0.240244
0.640086
1.14918
1.26668
0.938804
0.259414
1.28841
0.748943
1.34568
1.46085
0.165896
0.81784
0.573911
1.19149
1.49747
0.495708
0.726359
0.65097
1.57009
0.949083
0.629888
1.33255
1.04412
0.559013
1.20929
0.929595
0.860546
0.475317
0.753592
1.40012
1.01912
1.55617
0.736188
0.934652
1.51814
0.971134
0.548683
1.08154
0.743405
0.971553
1.21257
1.21744
0.794707
0.710466
0.402221
0.6165
0.621703
0.916692
0.278534
1.5084
1.19622
0.557094
0.93044
0.97089
1.07683
1.03268
0.870913
1.3948
1.18973
0.495058
1.02444
0.598662
1.55846
0.922036
1.29558
0.80176
1.41649
0.409258
0.990101
0.656519
1.35409
0.68413
0.710092
1.0252
1.49212
0.760878
1.24432
0.515587
0.777746
0.924137
0.990311
1.11766
0.410471
0.226729
0.525155
0.877897
1.5631
1.54989
0.52696
0.890507
0.635049
1.00193
0.591061
0.886301
1.41038
0.539506
1.51172
1.53411
0.496559
0.54917
0.746364
1.11034
0.24848
0.372827
1.21531
1.42338
1.09616
0.781727
0.520962
1.23878
0.286715
0.535085
1.00205
0.984001
0.930746
1.2799
1.05814
1.30109
0.633887
1.00339
1.55769
0.668567
1.52891
0.116842
0.207571
0.968494
0.476163
1.07814
0.957721
0.404589
0.719186
1.07696
1.43444
0.763333
0.602799
0.468127
0.614194
0.908256
1.23028
0.639627
1.10198
1.4197
0.215357
0.198955
0.795281
0.93105
0.933053
0.701631
0.827943
1.4028
0.621556
0.961714
0.524854
1.10304
1.25945
1.51087
1.15425
0.777424
0.831871
0.673771
0.984839
1.39395
1.44438
0.564742
0.50439
0.560182
0.890046
0.329944
0.289857
1.52986
1.47719
1.49572
1.31093
0.533596
0.749359
0.797578
0.495038
0.95135
0.575385
1.34932
0.663778
0.867678
0.682068
0.712072
1.07131
0.48494
0.535415
0.645273
0.745886
0.399791
0.721587
0.739858
1.46687
0.52973
1.04505
0.423583
1.33705
0.807413
0.815358
0.383429
1.20028
0.812163
1.09268
0.985573
0.9307
0.773441
0.721553
0.798159
0.325983
0.936206
0.983155
0.60536
1.06667
1.11615
1.05449
1.46775
0.927976
1.5448
0.631594
0.456572
0.819254
0.828155
0.790838
1.14891
0.164878
1.18909
1.15188
0.975792
0.515502
0.784252
0.98172
0.520972
1.54446
0.931323
0.474143
0.799895
1.45332
1.0023
1.48145
0.969756
0.419772
0.514164
1.20007
0.373577
0.719576
0.763678
1.19641
0.526798
1.15609
1.55958
0.864463
0.682048
0.65335
0.834284
1.50468
0.904451
0.872461
0.291132
0.574234
0.703592
1.25495
1.53253
1.1652
1.43726
0.830952
1.0834
0.260072
0.890612
1.22507
0.347944
1.0719
0.544164
0.707883
0.806352
0.727326
0.946397
0.635822
0.610344
0.702637
1.47812
1.19496
0.830546
1.44637
0.944785
1.26388
1.22768
0.531798
0.215603
0.913782
1.52939
1.43719
0.628549
1.30386
0.957519
0.950657
0.652813
0.909364
1.23787
0.807367
1.11869
1.45989
0.360059
1.22494
1.55161
0.881823
1.50781
1.54309
1.13409
0.265745
0.420183
0.95123
0.656979
0.353783
1.54884
0.480097
1.43351
0.733987
0.710701
1.13682
0.82398
0.905896
0.659634
0.984142
0.355175
0.868228
0.489983
0.713694
0.799102
0.97798
0.954347
0.722443
0.614097
0.937361
0.67083
0.712364
1.00287
0.759204
1.50852
0.641007
0.602855
0.74435
0.596768
1.0944
0.493317
0.712259
1.05231
0.756978
1.16586
0.818349
1.08484
0.459557
0.693782
0.568895
0.268119
1.51221
0.708851
1.11515
1.27611
0.584332
0.283039
1.03329
1.07643
0.651812
0.33697
0.559136
0.742332
1.17014
0.420795
0.661853
0.792441
1.08672
0.749789
0.900693
0.298961
1.54198
1.13213
0.957944
1.51757
0.189858
0.598279
0.79565
1.06493
0.663805
0.600138
0.581315
0.451561
1.20045
0.904505
0.584516
1.08491
1.2085
1.06815
0.992963
0.800325
0.950149
1.27618
0.711934
0.6048
0.765536
0.605148
0.763691
0.539638
0.97953
1.13656
1.37684
0.852309
0.972721
1.0064
0.938931
1.10173
0.178556
0.998793
0.402666
0.424569
0.873815
0.317202
0.606553
0.692069
1.03216
1.39104
1.53328
0.838091
1.18539
0.874755
1.07138
1.17741
1.08241
0.906563
0.91626
0.364051
0.250978
0.475754
0.900173
0.824631
0.613089
1.47938
0.873999
0.607994
0.625748
0.81026
0.656431
1.50929
0.966033
0.566021
1.42274
0.171134
0.660205
0.404722
0.921513
0.81587
1.05253
0.690716
0.890927
0.530225
1.20345
0.639959
0.490988
0.304877
1.21401
1.1241
0.478383
0.746105
1.47849
0.643661
0.678786
0.479369
0.0779538
0.313564
0.505007
1.00955
0.946494
0.398815
0.623556
0.867096
1.19385
0.709987
0.586296
0.747367
1.51252
0.357261
1.33819
0.998172
0.34187
1.09441
0.644586
0.842294
1.40077
0.333082
1.20133
0.706782
0.364178
0.888972
1.07985
0.615005
1.14996
0.443041
0.884308
1.47702
0.539883
0.980305
1.23969
0.78629
1.18802
0.517209
1.04759
0.997548
1.09663
0.837148
0.969966
1.07147
1.06213
0.987248
1.19786
0.348729
1.01473
1.09987
1.29844
1.04103
1.14542
0.856409
0.824785
1.33356
0.583547
1.44732
1.17113
0.562977
1.12569
0.913428
1.04655
0.661444
0.885685
0.374808
0.366741
0.584472
1.54578
0.273239
0.89989
0.619342
0.383371
0.756263
0.584158
0.58247
0.794312
0.665911
0.348593
0.507492
0.994395
0.580822
0.700713
0.387175
0.509325
1.23785
1.32107
1.31694
0.6439
1.45599
0.774914
0.92191
1.08731
0.337028
0.301748
0.609603
0.516716
1.01152
1.19228
1.0604
0.614606
0.433323
0.453426
0.689565
1.21991
0.679567
0.720092
0.693434
0.798552
0.844052
1.44697
0.400828
0.827784
1.50669
0.859953
0.642741
0.962695
1.09154
0.596341
1.15254
0.539549
1.53461
1.45311
0.665071
0.823202
0.773534
0.966184
0.587528
0.36573
0.993613
0.696213
0.0888195
1.45493
0.924883
1.29084
1.27549
0.821202
0.573151
0.605284
0.456129
0.859493
1.19623
0.858534
0.662954
1.2924
0.462854
0.845276
0.850349
1.0519
0.839215
0.197483
1.27446
0.603602
1.1205
0.607225
0.894262
0.86231
1.28701
1.3927
0.556415
0.748884
0.378198
1.12356
0.995589
0.223324
1.13499
0.551443
0.937332
0.617877
0.658918
0.689173
1.10432
1.0101
0.993884
0.317832
0.83675
0.411455
1.3015
0.497285
0.20626
0.782575
0.880354
1.13636
1.36705
1.42256
1.30007
0.551742
0.654443
0.659643
1.20904
1.56814
0.836746
0.934452
0.675904
0.602602
1.19121
0.669483
1.07292
1.22761
0.674838
1.15862
1.40276
0.447779
0.537676
0.4784
1.41194
0.382793
1.00341
1.41279
0.825017
0.365298
0.3357
1.20318
1.13934
0.762791
0.533589
1.08277
0.817901
0.735021
0.652979
0.544977
1.42327
1.07923
0.874586
0.76679
0.971608
1.03928
1.04261
1.29803
0.657623
0.403903
1.40271
0.259792
0.634319
1.16078
1.25127
1.10295
1.20664
1.02936
0.32076
0.898443
1.33171
1.45159
0.756445
0.305041
1.13783
0.455165
1.27222
1.22681
1.26613
1.12814
0.908917
1.19546
0.780922
1.24603
0.525699
1.21812
1.03375
0.392617
0.448073
0.456573
1.00876
0.401655
1.17805
1.42289
0.489577
0.869158
1.20773
0.639809
0.367559
0.711294
0.860572
0.959401
0.904332
1.28225
0.578451
0.594871
0.836731
1.02997
0.292289
1.47791
0.992919
0.489175
0.544053
1.56944
0.660022
1.30476
0.501941
0.729018
1.16447
0.242703
0.713661
0.620911
1.55892
1.22433
0.277889
1.20286
0.865563
0.473487
0.502543
1.49173
1.47599
0.970482
1.07351
1.42688
1.11252
1.12727
0.791609
0.826906
1.28361
0.620997
1.43626
0.866731
0.587886
0.448883
0.734683
0.330595
1.49036
1.14498
0.942792
0.831641
1.44642
0.642851
0.550863
0.584542
0.478583
1.0261
0.219037
1.51947
1.41915
0.627289
0.627949
1.44239
0.22666
0.525445
0.171534
1.24862
1.09423
0.658563
1.23559
0.456142
0.380915
0.357043
1.52264
0.771844
1.01836
0.809993
1.10045
0.659073
0.407811
0.7799
1.18885
1.03593
1.5181
0.339069
0.3955
0.809446
0.430235
0.690676
1.31578
1.5263
0.959512
0.62658
1.50414
0.797996
0.424274
0.722068
0.972737
1.0891
0.897089
1.26044
0.923633
0.741026
0.943656
0.213514
0.39108
1.21672
0.869108
0.766359
1.40532
1.0349
1.23537
0.781257
1.22836
0.158961
0.92911
0.649654
1.2259
1.13044
1.24924
1.3194
0.791323
0.467238
1.03911
0.899948
0.763887
1.02392
1.09649
0.56845
0.681528
1.10893
0.518365
0.572966
0.419794
0.689141
1.18085
1.33651
0.891548
1.35331
0.839738
1.284
0.490369
1.19745
1.22236
0.773389
0.851909
1.37368
1.09
0.590401
1.47212
0.814572
0.886223
0.352435
1.55206
0.893719
0.536616
0.744753
0.959073
1.05116
1.46295
0.966956
1.12618
1.32972
0.448156
0.292897
0.643647
0.873561
0.374353
0.287392
0.880477
0.415562
0.478817
1.22777
0.445307
0.767576
0.288602
1.37647
1.04451
0.706753
1.41208
0.638827
0.405174
1.30993
1.22459
0.647729
0.879011
0.847525
0.372084
0.448654
1.09091
0.535306
0.856658
1.53191
0.903999
0.607188
0.423659
0.824485
0.614246
0.210423
1.24848
1.44471
1.18013
0.507979
0.820096
0.720734
0.695393
0.825404
0.590847
0.834107
0.891368
1.4534
0.55914
1.26951
0.900842
1.18722
0.783389
0.688116
0.980048
0.680545
0.939932
0.643643
0.544917
0.671889
0.775919
1.37747
0.430884
1.49632
1.51414
0.788991
0.872628
1.45615
0.551228
1.05771
0.703504
1.44969
0.546463
0.625576
0.905433
0.663601
1.52947
1.37263
0.783091
0.188549
0.847847
0.780621
0.402565
0.415845
0.480835
1.13319
1.17609
0.292722
0.382341
0.525862
0.904151
0.942453
0.796943
1.141
1.01517
1.12118
1.00559
0.508922
0.505348
0.615495
0.368234
1.00275
0.787701
0.522416
1.17167
0.855992
0.737231
0.935305
0.739138
1.1053
1.29334
0.46678
0.246653
0.387968
0.199898
1.2261
1.10685
0.58109
0.964126
0.776404
0.685378
1.1067
0.256558
0.08628
0.366192
1.0642
0.582486
0.733751
0.892183
1.2831
0.716299
0.441011
0.808567
1.41144
0.896348
0.867108
1.18236
0.651598
0.483292
0.927537
0.391063
0.900127
1.5684
1.10094
0.873689
0.978517
1.49049
1.46725
1.11281
0.914059
1.40817
0.197015
1.49141
0.489473
0.888144
0.67702
0.382423
0.936357
0.457854
0.574119
0.426156
0.791458
0.775478
0.98842
0.798341
0.738572
0.820067
1.26826
0.337508
1.05282
0.475979
1.14431
0.797066
1.02977
0.715727
0.962672
0.888875
0.757189
0.172682
0.71245
1.12628
1.12332
0.435
0.827485
0.955153
1.10554
0.98003
0.92233
0.411277
0.938905
1.11985
0.790389
0.653949
0.861967
0.799267
0.61872
1.01082
0.591605
1.08025
0.339791
1.23112
1.04311
0.432369
0.813202
0.989648
0.888829
1.224
1.28054
0.247491
1.04571
0.333508
0.601934
0.678159
0.844462
0.97097
0.993846
0.864738
1.01444
0.751641
0.979232
1.05154
0.865763
0.703802
0.28208
0.962059
1.26603
0.147934
0.730354
1.0445
1.3577
0.46351
1.37938
1.31053
0.138288
0.440887
1.42288
0.672404
0.970029
0.610084
1.04676
0.889508
1.01103
1.09078
0.820798
0.819078
0.544213
0.902526
0.41962
1.34526
0.710546
1.20822
1.15809
0.968753
1.08286
1.02377
0.820737
0.886026
1.04539
0.547326
0.401978
0.716871
0.465103
0.866475
1.42324
0.39395
0.468908
0.553258
0.625105
0.760635
1.55872
0.213824
0.835313
0.666983
0.725231
1.04805
0.744983
0.967232
1.06573
1.0954
1.46519
0.494756
0.746327
1.01064
1.13461
0.528875
0.974662
0.770935
1.14684
1.08782
0.431518
0.926949
1.11214
0.887914
0.395577
1.0228
0.881203
0.389764
0.498736
1.47452
1.29333
0.671931
0.867942
1.51769
0.826043
0.902371
1.4496
0.454321
1.04936
1.35471
0.676731
0.515773
1.04378
0.525516
0.566105
1.09484
0.446443
0.951482
0.716294
0.690817
0.381543
0.889481
0.533741
0.549839
0.32105
0.986456
0.787843
1.15153
0.777668
1.00273
1.46391
1.28669
0.995253
0.694851
0.664014
0.553297
1.21918
0.657466
1.17848
0.970371
1.52882
0.858891
0.359569
0.841151
1.39306
0.86977
0.590587
0.348088
0.71523
0.536828
1.03552
0.539299
0.753848
0.801428
0.838045
0.393085
1.11781
1.12828
0.782822
0.61888
1.38112
0.333685
0.592166
0.405767
1.24611
1.02878
1.24005
1.45264
0.562024
0.836459
0.401106
0.666396
0.998712
0.766192
0.706619
0.770774
1.4419
0.725233
0.717153
0.978303
1.44669
1.27997
1.29218
0.453602
0.523067
0.513024
0.74264
1.01443
1.40848
0.559965
0.56094
0.891814
0.646378
0.583508
0.820534
0.680764
0.881984
0.1053
0.935302
0.270981
0.566585
0.721307
0.625718
0.809773
1.18692
1.23712
0.791873
0.532525
0.73476
1.37484
1.36576
0.807943
1.07133
1.17218
0.483366
0.680605
1.35993
1.18249
0.589898
0.482033
0.225062
0.483355
0.349282
1.36028
1.29655
0.536773
0.964178
1.38287
1.48927
0.248561
1.48981
1.2843
0.622755
0.607881
0.548681
0.297727
0.846455
1.18196
0.958503
1.19612
1.10381
0.615291
0.901608
0.538188
1.28577
1.31226
1.02598
0.349371
0.671119
0.649472
0.731148
0.896587
1.22618
1.16222
0.39682
0.634655
0.803144
1.30463
0.89562
0.498405
1.09494
1.10693
0.627579
0.753278
0.691255
0.327141
0.762762
1.41172
1.48345
1.16452
0.657194
0.925492
1.33355
0.727583
0.921733
0.813778
0.398609
1.03613
1.19336
1.0479
0.360116
0.963099
0.829473
0.718717
0.497208
1.10627
0.997679
0.905075
1.00809
0.894772
0.608305
0.48019
0.91399
1.09045
0.809525
0.35669
0.414554
1.17786
0.980399
1.21389
1.44622
0.928095
1.41012
1.04163
1.20775
0.49933
0.689567
0.940631
0.631804
1.03103
1.07016
0.963461
0.730442
0.235249
0.267208
0.465382
1.36564
1.15194
0.679528
0.96645
0.660606
0.597526
0.82194
0.507789
1.01718
1.09911
0.344983
1.04364
0.450486
0.813304
1.21532
1.03505
1.09762
0.865343
0.652671
0.333841
0.498521
0.733642
1.31907
1.16087
0.532995
0.488409
1.49429
0.582078
1.49829
1.05726
0.863896
0.925589
0.995281
0.940036
0.351575
0.874275
1.06687
0.409481
0.870211
0.657404
0.821337
0.503476
0.317958
1.32538
0.75302
1.37069
0.716717
0.912922
0.827615
0.780858
1.39002
0.704127
1.05217
0.832722
0.792668
1.06727
0.645745
0.745256
0.654689
0.557634
0.33687
0.943645
0.896006
1.30752
0.842192
1.06392
0.773401
0.425068
0.876525
0.715724
1.00824
0.830968
0.991777
1.31201
0.669407
0.666275
0.241246
1.18257
1.47577
0.858156
0.86927
0.216276
0.981185
0.582922
1.00772
0.557272
1.03336
0.561123
0.764342
0.276468
0.89601
0.973153
0.578542
0.167237
0.445269
1.06361
0.571976
1.37569
1.11022
1.07007
1.1237
1.24162
0.47733
0.454015
0.579915
0.900414
1.33579
1.45709
0.262709
0.642268
0.773483
0.967877
0.530622
0.517467
0.329151
1.54738
1.56904
1.06815
0.872176
0.922296
0.840093
0.526847
0.968801
0.386652
1.33368
0.876634
0.421085
0.581992
0.397435
0.345814
1.49847
0.770334
0.380652
0.791298
1.07907
1.1357
0.420142
0.664271
0.773332
0.597975
0.950667
0.269267
0.812561
0.781862
0.228755
0.750289
0.905833
0.924355
0.751874
0.758966
0.724614
1.18014
0.285283
0.809401
1.03986
0.45465
0.747836
0.773501
1.48769
1.24547
0.560329
0.686483
0.494137
0.614557
0.793763
1.51403
1.30598
0.671183
0.779191
0.854781
1.18925
0.199305
1.34826
0.672138
1.06398
1.39691
1.01625
0.7407
0.269409
0.707741
0.57095
1.26141
0.388104
1.01356
0.760832
1.38822
0.792814
1.08421
0.585598
1.03376
0.768588
0.958858
0.452441
0.904667
0.509783
0.958268
0.69922
1.47317
1.08982
0.669521
0.737351
0.734383
0.953295
0.53519
0.766867
0.96917
0.439388
0.972422
0.875318
0.802333
0.822272
0.623322
0.505581
1.00148
0.563153
0.50618
0.486192
1.06925
0.613596
1.00579
0.730352
0.721774
0.66715
0.512828
1.56117
1.23826
0.579649
0.50158
0.764974
1.22546
1.27851
0.976681
1.0838
0.382622
1.37482
0.992066
0.657149
0.686776
0.702431
1.50377
0.525451
0.819336
1.09531
0.303277
1.43022
0.495511
1.40258
0.506711
0.926004
0.793117
0.702582
1.43716
1.26641
1.50861
0.489879
1.21035
0.616576
0.735472
0.908655
0.376098
0.796643
1.29034
0.819397
0.618751
0.602417
1.33883
1.46828
1.31756
1.13108
1.45033
0.869903
1.20035
1.54476
0.800927
0.166799
1.00952
0.977033
0.758706
0.62755
1.03235
0.366777
0.696123
0.912932
0.855002
1.17398
0.624839
0.79114
0.983327
0.757576
0.667196
0.105187
0.473682
0.740679
1.45013
0.700682
0.669953
0.482928
1.29759
0.664668
1.53663
0.371454
1.23646
0.728257
1.02398
0.833344
0.725123
1.31241
0.735951
0.482554
0.611558
1.47351
1.37168
0.440776
0.86732
0.906737
0.703434
0.711778
1.55906
1.02581
1.08451
0.926447
1.35951
1.20593
0.700044
1.44643
1.05174
0.707068
1.14616
1.18101
0.662543
1.03796
1.52629
1.36873
0.625877
0.470073
1.53166
1.06794
0.671694
0.55569
1.06106
1.31954
1.39212
0.726178
1.0273
1.08856
0.260375
0.877688
1.06881
0.955555
0.92542
1.21109
0.372463
0.692475
0.594602
0.79729
0.954234
1.28738
0.358765
0.531454
1.24635
1.12748
0.428736
0.617593
0.461514
1.37374
1.35194
0.339304
0.790544
0.760254
1.44706
0.823392
0.761727
0.642374
1.08192
0.268289
0.408872
0.973741
0.57335
0.99608
0.532708
0.399249
0.999717
0.178865
1.27172
0.386963
0.999209
0.4216
0.96461
1.23032
0.743042
0.431296
0.644509
0.97377
0.860297
0.395809
0.689396
0.71915
0.569734
1.32367
0.679216
0.508555
0.320374
0.92018
1.14175
0.403673
0.620641
0.61956
0.681415
1.37665
0.449793
0.909517
1.10291
1.02819
1.3283
0.624264
1.22735
0.670992
1.11116
1.37683
0.71206
0.737139
0.804231
1.22784
1.28613
0.790713
1.41533
0.720341
0.836097
1.26811
0.868277
0.310769
1.03176
0.458684
0.743938
1.01976
0.90389
0.678662
0.834494
0.769688
0.537519
1.12119
0.744771
0.580369
0.693884
0.816976
1.0342
0.516179
0.157549
0.650908
0.563049
0.558812
0.739698
0.829556
0.687767
1.01064
0.814773
0.887316
0.747235
0.987181
1.40621
0.327377
0.625869
0.866441
1.18096
0.753093
0.917426
0.614265
0.757565
0.704682
1.03275
0.850775
0.996293
1.00704
0.82423
1.25355
0.518969
0.780637
1.27328
1.37215
0.918953
0.556842
0.926497
1.31776
1.20039
1.37473
0.419065
1.13469
1.19914
0.830028
0.959311
0.924615
0.691757
1.03094
0.424046
0.311437
1.00621
1.00153
0.234391
0.719162
1.31147
0.415174
0.804012
0.847162
1.53826
1.34127
0.506613
1.35295
0.549947
0.760393
0.560926
0.890607
0.733566
0.954402
1.22651
1.47625
0.851449
1.15863
0.771113
1.32729
0.688415
0.605672
0.84452
0.467133
0.637503
0.701592
1.15104
0.290074
0.76981
0.574472
0.886501
1.00394
1.07749
0.644839
0.659945
1.04436
0.226041
0.668344
1.00709
0.982823
0.33132
0.890386
0.700372
0.675287
1.06151
1.03862
0.609666
1.50353
1.28423
0.79424
1.12115
0.752565
1.26553
0.575536
1.40729
0.755291
1.42993
1.5615
1.31061
0.474993
1.30723
1.23262
1.2649
1.20389
1.39437
0.822688
1.31759
0.635046
0.708271
0.965579
0.470547
0.144546
0.958412
0.679571
1.22283
0.977803
0.611632
1.52624
0.780819
0.67533
1.10991
1.13171
1.43087
0.859788
0.992129
0.609997
1.1269
0.347877
0.404141
0.418838
1.35414
0.824001
0.52745
0.127278
1.54479
0.969102
0.97763
0.667625
1.02782
0.851234
0.89845
1.42418
1.07532
0.700928
0.758732
0.817405
1.056
1.23901
1.01288
0.866987
0.527755
0.551972
1.3641
0.453256
0.750506
1.26119
0.743192
1.04643
0.577964
1.55521
0.925955
0.720424
0.418365
1.5585
1.11606
0.757898
0.894535
0.771129
0.58976
0.955128
0.846893
0.538511
0.828468
1.24424
0.6479
1.53517
0.566768
1.53104
0.915745
0.984073
0.409366
1.4839
1.07705
0.856587
0.539198
0.833709
1.10539
0.226295
0.782436
1.01308
0.742265
1.11529
0.582189
0.873837
0.809656
0.164554
0.624889
0.990848
1.54832
1.11997
0.742003
0.677195
1.51098
0.581844
0.69339
0.121732
0.939073
0.6296
0.886966
0.783949
0.787986
1.13008
0.777501
0.631938
0.816564
0.227047
1.15249
1.1831
0.571096
0.440395
1.09222
0.427243
0.436755
0.614872
0.749777
0.547278
0.561071
1.49733
0.563517
0.933859
0.350772
0.315185
0.49896
0.77826
0.78647
1.15304
0.431065
0.772232
1.16932
0.691969
0.379921
1.06618
0.698016
0.67714
0.696636
0.984177
0.838189
1.19905
0.714167
0.944839
0.58799
0.417835
0.63958
0.182268
0.833153
1.53171
1.19968
1.41976
0.942836
0.385475
0.983768
0.291819
0.689683
0.449349
1.00587
0.251136
1.53905
0.959569
1.07428
1.1789
0.694745
0.873066
0.818068
0.312635
0.833741
1.33739
0.930551
0.860044
0.894515
0.999375
1.34089
1.5463
0.59276
1.12133
1.5003
0.16959
0.831233
0.608811
1.05366
1.25365
0.389867
0.617263
1.46159
1.01873
1.5046
0.665063
0.472534
0.869988
0.745022
0.546169
0.894359
0.301745
0.837075
0.587226
0.810123
1.13503
1.22485
0.407405
1.46274
1.18053
0.707696
0.85042
1.02623
1.36364
1.33262
1.05255
0.336313
0.895304
0.782065
1.11702
0.672611
0.38783
0.436586
0.710775
0.645538
0.7857
0.715718
0.601867
1.11921
1.22972
0.556383
0.324808
0.567753
1.0383
0.742646
1.42198
1.41448
0.990414
1.39808
1.13842
1.06082
0.638229
0.840979
1.01311
0.531918
0.9666
1.43382
0.415285
1.01489
0.599931
0.890854
1.40906
0.741834
0.845831
0.99603
0.689152
0.58987
1.57039
0.676678
0.621167
0.995079
0.36472
0.889489
1.06854
0.693765
1.45654
0.626964
1.55527
1.04629
0.652563
0.830319
0.998284
0.818534
0.735318
0.329568
0.718938
1.34804
0.801594
0.646988
0.702915
0.603309
1.17419
1.27698
1.48474
1.27823
1.3692
0.387256
1.34677
0.796282
1.22844
0.367931
0.676363
0.538138
0.827968
1.47066
0.549712
0.768787
0.603479
0.550971
1.20745
0.852949
0.903583
1.06863
1.08938
1.06677
1.05235
1.10212
1.4172
0.280037
0.96383
1.40135
1.03536
0.487507
0.286086
1.22245
1.33386
0.476368
1.24789
1.14271
1.34064
0.321851
1.11164
0.861887
0.704842
1.1879
1.3655
0.616809
0.908531
0.217783
0.470751
1.10242
0.505409
1.43206
1.20648
0.586145
0.942082
0.401342
0.666555
0.681269
0.872729
0.397043
0.691995
0.973351
1.2373
1.0867
0.476499
0.765668
0.795318
0.707005
0.843398
1.20894
0.970345
0.488193
0.69641
0.74338
1.45568
0.756477
0.849414
0.552606
0.891914
0.782268
0.821206
1.12588
0.602544
1.24768
0.595498
0.458619
0.444156
0.826868
0.485784
0.613201
0.967869
0.901789
0.613763
0.695677
0.859537
0.505877
0.870032
1.44345
0.189314
0.660396
0.965999
0.649595
1.09982
0.567287
1.36005
0.66714
0.165946
0.683575
0.793833
0.895757
0.890791
1.2254
1.02152
1.34818
0.364261
0.82524
1.17021
0.967663
0.676223
0.89623
0.917217
1.03422
0.765073
0.582979
1.36637
0.766232
0.975513
0.438381
1.23594
0.828342
0.446645
0.822332
0.934161
1.48402
1.12044
0.771191
0.33034
0.42537
0.484221
1.16989
1.27606
1.22228
0.25809
0.53329
1.12805
0.7716
0.69465
1.47255
0.760109
1.05317
1.27711
1.52532
0.890359
0.296629
0.97673
0.863598
0.800224
1.15667
1.10842
0.688373
0.721882
1.04738
0.432825
1.31532
0.906236
0.932117
0.268969
0.834962
0.972093
1.0112
0.537469
1.18062
0.378335
1.12284
1.0309
0.835298
0.657956
0.670334
0.52894
0.709416
1.07115
1.18309
0.583291
0.522863
0.621116
0.558959
0.514217
0.982531
0.564577
1.31318
0.83557
0.3027
1.14119
0.439089
0.893822
0.853971
0.773426
0.266301
1.32731
0.556009
1.3651
0.912641
0.480412
1.0138
0.677018
0.365436
0.844266
1.09875
0.569971
0.502696
1.42117
0.724238
1.13606
1.4153
0.955212
0.587127
1.49597
0.403049
0.968323
0.642987
1.04224
1.11656
0.723064
0.69839
0.691552
0.436417
0.735444
0.587119
0.913706
0.565121
0.347476
0.736999
1.23176
0.825296
0.513585
1.53101
1.00296
0.463966
0.228191
0.169113
0.985712
1.44582
1.45764
1.06554
0.549349
0.588412
0.702673
0.703498
0.989463
1.10278
0.851127
0.949283
0.729941
0.529414
1.09146
0.707739
0.9086
0.703928
0.695835
1.39146
0.59421
0.733925
0.963772
0.377379
1.11689
0.644239
0.672718
1.05551
1.27383
0.75242
0.973447
1.2247
1.13776
1.18263
1.01785
1.55666
1.52862
1.12983
1.32936
0.772308
1.01446
0.964578
1.09299
1.38228
0.645313
0.332142
0.981307
0.832029
0.781701
1.42694
1.05023
1.03891
0.274178
0.97613
0.961706
0.617301
0.378887
0.625168
1.47834
1.03493
1.09816
0.828817
0.487518
0.619562
0.516671
0.782134
0.752839
1.12239
1.11193
1.15706
0.592864
0.439715
0.909616
1.15104
0.710682
0.682397
0.927663
0.764992
1.25667
0.947177
0.253412
1.02659
0.768759
0.95386
0.537776
1.1032
0.928265
0.784523
0.4505
0.684389
0.292619
0.768766
0.6161
0.691764
0.649578
0.522207
1.48682
1.2028
0.975048
0.706134
0.686684
0.620038
0.467601
0.768897
0.927969
0.97617
1.00506
0.279778
0.675516
0.971001
1.47677
0.471132
0.487967
1.02434
0.774562
0.968223
0.476337
0.623198
1.05412
0.683005
1.32276
1.17699
1.32996
0.21464
0.73445
0.352888
1.03655
0.585608
1.04921
1.22456
1.16851
1.24258
0.26017
1.20979
1.47685
0.437472
0.653316
1.07748
1.10416
0.653365
1.34275
1.17501
1.20427
1.00089
1.43968
1.23398
0.777256
0.291257
0.930479
0.923504
0.748685
0.829179
1.01257
0.658974
1.32113
0.523637
1.50721
0.893575
1.26169
0.605531
0.847349
0.237567
0.996303
0.129394
1.37511
0.408847
0.928423
0.820319
1.01285
1.28754
0.437279
0.380392
0.975059
0.602456
0.775683
0.9095
0.408715
1.03473
0.432367
0.588951
1.3026
0.35552
1.25011
0.390645
0.910102
1.23765
0.520065
0.700152
0.418159
1.3746
0.79474
0.347715
1.14811
0.54198
1.34679
0.701564
0.879392
0.961307
0.841234
0.623589
0.501518
1.45817
0.872047
0.86567
0.476429
1.42165
0.619468
0.518708
0.830203
0.858093
0.659808
1.02529
0.919527
0.3922
1.53783
0.700381
0.329513
0.680205
1.10497
1.23759
1.23106
1.26297
1.26195
0.829513
1.20359
1.01744
0.699591
0.659926
0.858102
0.739235
1.22413
0.126704
0.826985
1.15102
0.68079
0.663996
1.11948
1.04345
0.775371
0.902806
1.19588
0.631232
0.804418
0.696419
0.69888
1.04586
0.542704
0.96699
1.32529
1.10051
1.42364
0.401783
1.3766
1.05455
0.576189
0.857235
0.819827
0.871943
0.524676
0.815436
0.387292
0.199384
1.36707
1.24674
0.626844
0.997094
1.07867
1.37159
0.861879
0.353113
0.44031
1.47721
0.868478
1.56382
1.32398
0.831284
1.44252
1.08714
0.93901
1.32913
0.84704
0.783228
1.09708
0.565907
0.610901
0.531009
1.02533
1.08434
0.833569
0.757563
0.96453
1.05309
0.579453
1.30492
0.890899
1.53835
0.354502
0.346903
1.25276
0.704684
0.583267
0.826646
1.08068
1.35722
1.28777
1.56336
1.34873
1.10693
1.20309
0.445279
1.20401
1.37533
0.452054
1.52016
1.37659
1.01443
0.650943
0.64165
1.32085
1.41547
0.732567
0.898457
0.999611
0.788106
0.310194
1.14939
1.27351
0.642801
1.56113
0.909081
0.458285
0.895633
0.669192
1.04501
0.529532
0.774336
0.281321
0.710413
0.859567
0.444845
1.21833
0.957039
1.1709
1.49076
0.777814
0.523474
1.0757
0.766138
0.733157
1.10522
0.416015
0.511522
0.278967
1.43589
1.0051
1.2491
0.646224
0.479437
0.258764
1.44318
1.16786
0.815148
0.455095
0.725452
0.894161
1.31929
0.795495
0.728769
0.722739
0.752668
0.256947
1.13603
0.60621
0.572377
1.07925
0.906329
0.469733
0.142805
0.83103
0.841971
1.44587
0.514806
0.6411
0.471588
0.437279
1.12883
0.645494
1.48001
0.992886
0.394278
0.464601
0.384473
1.00877
1.01191
0.658748
1.01448
1.16784
0.780497
0.478264
1.06436
1.53764
0.417497
1.12638
0.502891
1.45842
0.405746
1.03581
0.556712
0.841196
0.537299
0.792454
1.06851
1.44502
0.315828
0.889976
0.904609
0.302699
0.968115
0.771911
0.610451
0.501137
0.783264
1.37553
0.120593
1.55454
0.539233
1.14467
1.00705
0.598713
1.16164
0.477291
0.891948
1.4851
1.18595
0.996669
0.435695
1.32419
0.885217
0.647735
0.888942
1.08838
0.718679
0.747832
0.722143
1.29701
0.929748
0.607538
1.23201
0.806358
1.04047
0.39509
0.595129
0.744769
0.730463
1.50792
1.28277
0.884382
1.01447
1.53442
0.598019
1.10193
1.2733
0.817926
1.10806
0.665351
1.55443
1.07138
0.998881
1.01267
0.588172
1.03363
1.25917
0.308662
0.361988
0.974688
0.484975
1.53995
0.755436
0.979242
1.05941
0.848482
0.995583
0.906877
0.911187
0.488891
0.949486
0.952259
0.471838
0.961151
1.17131
1.38878
0.976087
1.04182
1.20084
0.333293
0.361616
0.353892
0.527777
0.77773
1.31524
0.97234
0.867182
1.52743
1.38014
0.85824
0.569846
1.20059
0.40446
0.70338
1.28162
0.243284
0.411385
0.747819
0.827059
1.29251
0.985303
1.21508
0.629807
1.05117
0.882722
0.761759
0.902512
0.602147
0.816872
0.630439
0.830389
1.42428
1.24706
0.393477
0.427541
0.8298
0.820159
0.463138
1.4602
0.724764
0.772868
0.902736
1.07807
0.939994
1.29803
0.587846
0.931921
1.07838
0.720714
0.922639
1.29343
0.999654
0.506334
0.84003
0.351044
0.452847
0.707498
0.24199
0.425076
1.17685
1.22781
0.969293
0.789102
0.388791
1.36689
1.0036
0.69686
1.34773
0.473833
1.31267
1.45824
0.393859
0.517145
0.588205
0.386537
0.981678
0.586165
1.29715
0.175518
0.65931
1.44633
0.287582
1.44722
0.783097
0.719274
0.525757
0.561031
0.706945
0.81852
0.371907
0.397428
0.984029
0.878566
0.786059
1.11297
0.964477
0.448668
1.53126
0.982416
0.921512
1.21445
1.29372
0.52672
1.25507
1.12044
0.345764
0.870951
0.563937
0.202786
0.196538
1.19581
1.06841
0.345144
1.10531
0.573902
1.40768
0.959812
1.46194
0.144544
0.935156
0.527198
1.01044
0.915682
0.734756
0.30642
0.964997
1.07756
0.661705
1.13692
0.688897
1.10688
0.773912
0.491977
0.576486
0.988699
1.08088
0.960233
1.22949
1.26095
1.08818
0.981993
1.11351
0.879101
0.458537
1.21262
1.10021
0.158336
1.29843
0.407348
0.223883
1.09304
0.909073
0.977648
1.0286
0.830542
0.911666
0.565509
0.273432
1.05814
0.819901
0.39686
0.843778
0.588332
0.788879
0.549366
1.46834
1.16498
1.40817
0.878338
1.27602
0.432728
1.16373
0.578208
0.417006
0.805865
1.01493
1.43906
0.729451
0.789474
0.943441
1.1942
0.832928
1.04033
0.549106
0.834432
0.759586
0.562452
1.25442
1.20993
0.258892
0.70494
0.694279
1.2821
1.32152
1.26889
0.608354
1.17439
1.28574
1.04914
1.13513
0.97666
0.345041
0.964034
0.821622
0.337758
0.870498
0.394645
0.415506
1.17957
0.421811
1.28969
1.41451
0.642173
1.14366
0.974727
0.608866
0.923568
1.37226
0.922809
1.03684
1.2913
0.79542
0.324817
0.542457
0.645612
0.646599
1.26763
0.471112
0.453052
0.987128
0.728073
0.829102
1.34146
0.752057
0.889116
1.06034
1.44651
0.76213
1.21626
0.574196
0.434573
1.32902
0.891042
1.05684
0.653982
1.07474
1.0773
1.37421
1.39079
0.754094
0.786578
0.486498
0.539101
1.24655
0.55197
0.47305
1.15153
0.567738
0.385596
1.25299
0.633362
0.699715
0.551734
0.945956
0.734418
0.891176
0.513478
0.852272
0.591026
0.979482
0.820417
0.957076
1.04502
1.20105
0.670165
0.241332
0.766756
1.17984
0.6903
1.02765
1.22309
0.332906
0.392124
0.386077
1.35992
1.21566
1.51054
0.801778
0.955601
0.657687
0.293618
0.416596
0.810429
0.941349
0.920659
0.570772
1.30299
1.26591
0.691014
0.392013
1.4747
1.12545
0.478827
0.71941
1.13179
1.22018
1.44714
0.285776
1.25913
0.756657
0.815842
0.864995
0.484897
1.07224
0.258773
0.443688
0.343986
0.373069
0.915145
0.426428
0.599229
0.743702
0.580882
0.427678
0.894206
1.09138
1.26178
0.229624
0.637498
0.866039
1.29829
0.367
1.2444
0.306929
1.12152
0.849536
1.2069
1.18305
0.650816
0.985674
0.811624
0.837788
0.843987
0.84716
0.383662
0.989019
0.753654
0.806565
0.882644
0.464034
1.18394
1.04036
1.23053
0.927324
1.23151
0.815364
1.17285
1.26526
0.851326
0.875496
0.925129
0.824649
0.733079
0.659817
0.634182
0.816153
0.395515
0.860465
0.601989
0.645071
1.11534
1.43579
0.721238
0.835033
0.875102
0.582107
0.819795
0.504079
1.40665
0.871876
1.03773
0.743939
1.07872
1.00815
0.953295
1.00788
0.392617
0.818199
0.811572
1.18869
0.162969
1.4252
0.632811
0.613583
1.54787
1.04759
0.347528
1.0501
0.458257
1.34161
0.388545
0.15852
1.12301
1.09235
0.637364
0.832114
0.751661
0.510621
0.849719
0.308603
0.609109
0.166616
0.791749
1.21733
0.458577
1.49755
1.31202
1.38505
0.868363
0.828936
0.959395
0.880871
1.34639
0.504702
1.39115
0.699729
0.523152
0.441679
0.360271
0.955353
0.56008
0.776721
0.895614
0.682007
0.775209
1.53066
0.318848
0.670606
0.846554
1.26064
0.353133
0.791394
0.986896
1.11466
1.06056
1.27316
1.12543
0.505695
0.911149
1.02028
0.641544
0.923107
1.30695
1.40931
0.971635
1.2651
0.994987
0.467417
0.557754
0.906794
1.20618
0.823827
0.735579
0.828589
0.887893
0.805226
1.10823
1.39336
1.1186
1.08223
0.473815
0.83088
1.18057
0.338337
0.953542
0.943126
0.684692
1.47995
1.01625
0.871515
0.800658
1.14329
0.876153
1.16366
0.647852
0.428369
0.881076
0.793099
0.388958
0.641957
1.49125
0.542726
1.00741
1.19095
0.531814
1.07732
1.0407
0.844129
1.03284
0.597329
1.04874
1.06727
1.41252
0.914113
1.01435
1.00117
0.699436
1.43556
0.656957
0.995211
0.450134
0.743649
0.564763
0.93048
0.861327
0.516774
0.807334
0.688822
0.443385
0.511952
0.710392
0.577513
1.1736
1.28648
0.509252
0.886118
0.356724
0.794535
1.39416
0.364645
0.398693
0.295452
1.4424
1.13013
1.07124
0.536869
0.544759
0.909075
1.14654
1.13252
0.551275
1.19825
1.07594
0.635299
0.516431
0.481996
0.319952
0.2608
0.946125
0.679222
1.26763
0.247005
1.29798
1.52882
0.329271
1.51531
0.830684
0.360041
0.446844
1.10176
1.04372
1.10182
0.725998
1.05592
1.05391
0.567498
0.859199
0.855752
0.281039
0.803347
0.698199
0.809611
1.52431
1.16787
0.762807
0.935802
0.63631
1.02763
0.6739
0.978768
0.447647
1.05045
0.655871
0.532937
0.905958
0.321711
1.22954
0.452639
1.18314
0.188222
1.25298
0.979252
0.453374
1.14302
1.03823
1.35334
0.808625
0.224293
1.33246
0.780408
1.53669
0.746441
0.816857
1.11441
0.883972
0.497795
0.997114
1.17137
0.672114
0.62763
1.1404
0.415351
0.74355
1.38158
0.91014
0.732333
1.10894
1.16833
0.742596
0.911526
0.829669
0.36917
1.10128
1.05246
0.850095
1.0124
0.853491
0.64108
0.685998
0.40803
0.40136
0.323079
0.800704
0.817181
0.824234
0.580676
1.16486
1.16446
0.812353
0.773051
0.906635
0.07687
1.02935
0.94808
0.617029
1.31041
1.27789
0.893362
0.796086
0.794202
0.659082
0.74447
0.69282
0.982194
0.383717
1.04516
0.905052
0.419923
0.666111
0.649269
1.42212
0.601379
0.866856
0.341227
0.97403
0.702885
0.77925
1.39163
0.757143
0.632663
0.560453
0.767398
0.711943
0.392052
0.535091
0.496587
0.656538
0.941937
0.485086
1.00054
1.34581
0.614141
0.733976
0.731271
1.04271
0.957569
0.505875
0.576583
1.1836
1.11325
0.505747
1.1419
1.2821
0.837556
0.923822
1.17506
0.410485
0.643191
0.979733
0.328874
1.20842
0.782528
1.29324
1.09491
0.700309
0.558797
0.751439
1.46653
1.06988
0.898204
0.398107
0.354007
0.700399
0.835715
0.431605
0.0660288
0.540462
0.950062
1.37037
0.429099
0.650803
0.459554
0.964492
0.644998
0.998089
0.992288
1.38633
1.21086
0.351838
0.796257
0.644199
1.21415
0.510309
1.12162
1.48936
0.230665
0.896673
0.690639
0.67735
0.697987
0.807645
0.736823
0.993573
0.714955
0.449249
0.835306
0.693504
0.286048
1.28715
0.786361
1.06898
0.448663
0.644303
0.637981
1.13164
0.581853
0.517481
1.13525
0.53357
1.39559
0.863839
1.05979
0.660959
1.05254
1.43795
1.33033
1.21778
0.429582
0.837154
1.03119
0.753529
0.390802
0.701627
1.42688
0.722105
1.00931
0.82898
0.531779
0.663181
0.797954
0.839781
0.914063
1.27102
1.31033
0.747549
0.555444
0.916352
0.930582
1.22701
0.730653
0.960318
1.31965
0.892932
0.615255
1.27077
1.22624
0.436975
0.426312
0.99429
0.607816
0.780617
1.23478
0.809622
0.502814
0.585622
0.755742
0.781068
0.381049
1.17108
0.583138
1.00526
0.335695
1.11866
0.315917
0.635177
0.718681
0.578645
0.75732
0.722157
0.99476
0.901532
0.920557
1.24662
0.423909
0.409453
0.32678
0.55921
1.10677
0.705109
0.887505
1.31869
0.759729
0.742253
1.02633
0.612811
1.17812
0.599634
1.24009
1.02902
1.0798
0.660132
1.11065
1.35343
0.387054
0.766372
0.720185
0.987958
0.697542
0.410367
0.701951
1.52663
1.19096
0.912653
0.478255
1.16658
0.977904
1.06387
0.869133
0.329327
1.12262
0.614767
0.955654
0.868037
0.861127
0.830073
0.562138
0.804954
0.930053
1.2168
1.12901
1.31652
1.19545
0.323486
0.810668
1.13421
0.961394
0.978051
1.38294
0.817712
0.939514
0.605969
0.707161
0.671477
0.465685
0.571452
1.09788
1.48264
0.383958
1.1771
1.51738
0.995793
0.956103
0.983549
0.640858
0.297613
0.976356
0.315385
1.17216
0.632543
1.29681
0.692465
0.355609
1.40889
1.41914
0.631478
0.264518
0.82267
0.588583
0.602322
0.346159
1.17213
1.49848
1.52505
0.506419
0.341549
1.308
0.893453
1.41017
0.574949
0.983115
0.964367
1.15525
0.9826
0.776616
1.1513
0.848598
0.789985
0.877949
0.917018
0.883583
0.969168
0.349661
0.342337
0.457072
0.53695
0.366841
1.44181
1.20833
0.962244
0.452253
0.976275
0.512393
0.648021
0.686188
1.20181
0.253177
0.952216
0.669295
0.951624
0.668091
1.13205
1.3192
0.907584
1.21192
0.992126
1.3439
0.328504
1.18142
0.441096
0.784013
0.430071
0.859969
1.22744
0.788038
1.02333
1.25364
0.290761
0.913184
0.696685
0.412957
0.364499
1.1518
0.891593
0.62921
1.09576
1.20092
0.837354
1.42214
0.745299
1.30346
0.511953
0.449421
0.710933
0.881729
0.600253
0.39453
0.488329
1.19871
1.03476
0.886416
0.821023
1.28108
1.10704
0.614604
0.976236
0.542581
0.790132
0.241126
1.38378
1.17858
0.67035
0.785078
1.10723
1.17183
1.13616
0.632414
0.519825
0.701039
0.769787
0.64331
0.591369
0.328373
1.25389
0.451518
0.19329
1.25916
0.398335
0.481508
0.808476
0.806912
1.50008
0.621762
0.43838
0.963452
0.936545
1.13085
0.689931
0.944971
0.753922
0.759904
1.25788
1.06624
0.90048
0.730629
0.976188
0.439663
0.823784
0.767717
0.874306
0.804845
0.686836
0.817779
0.922959
0.852562
1.42576
0.499023
0.388281
0.933002
0.410002
0.678775
1.20344
1.26708
0.192817
0.576241
0.481639
0.580599
0.725859
1.4082
1.19984
1.05613
0.801567
0.641454
0.608061
0.400718
1.25623
1.09255
0.796452
0.0887239
0.779466
0.445356
1.42989
0.873351
1.32345
0.39702
0.811129
1.5174
1.26322
0.529501
1.29597
1.51422
0.662873
1.05521
0.205681
0.690718
0.267168
0.870072
0.963732
0.443713
0.298583
0.854339
1.0104
0.735159
0.763618
1.14148
1.52531
0.901585
1.12641
0.511477
1.01354
0.8941
0.446944
0.539204
0.448616
0.375408
1.15943
0.659272
0.84978
0.292251
0.597667
0.674512
0.599743
1.25671
0.881559
0.868806
0.937877
0.696809
0.384445
0.948096
0.676594
0.66568
0.672468
0.608744
0.64156
1.20528
1.22816
1.03455
0.530381
1.1647
1.04632
0.516654
0.920612
0.972792
0.272901
0.776225
1.16737
1.34222
0.460568
0.46337
0.628695
1.18382
1.0562
0.985926
0.575977
0.942934
0.347208
1.13679
1.17025
1.35531
1.4529
0.619546
1.39209
0.406021
1.10031
1.48426
0.8426
0.904556
1.46689
0.531629
0.717976
0.657762
0.472026
1.02389
1.09112
1.32543
0.999851
1.33843
0.990682
0.358011
0.709758
1.06772
0.84633
1.33427
0.648531
1.30157
1.21619
0.198605
0.75513
1.42113
0.407784
0.1589
1.17031
1.05448
0.327505
0.981185
0.369632
0.85862
1.51805
0.34434
1.10919
0.723781
0.836421
0.582374
0.927505
1.17062
0.682225
1.32968
0.676413
1.31732
0.560003
0.65376
0.690473
0.774457
0.267681
0.820704
0.410261
0.534031
0.791569
0.279784
1.00651
0.23765
0.806984
0.893998
1.14054
1.46459
1.42414
0.123273
1.3248
0.572728
0.240269
0.568443
1.02225
1.07558
0.870842
0.678763
0.605771
1.04396
0.750666
0.513002
1.29269
0.990152
1.03357
1.16607
0.250067
0.327237
0.406294
1.25025
1.25299
0.81455
0.63283
1.03257
1.00179
0.682457
1.51984
0.969052
1.29603
1.09593
1.12337
1.06532
0.953854
1.1263
1.10472
0.617694
0.819611
0.400908
0.219115
1.23098
0.779655
0.618181
0.98309
0.665256
0.882164
0.756411
0.998967
0.759409
0.991678
0.48793
0.884895
0.438094
0.514282
