0.856233
0.745365
1.35767
0.853858
1.2341
1.5478
1.02392
0.912666
1.40074
1.13054
0.701995
1.05925
0.905917
0.58492
1.02273
0.911432
0.538749
0.460692
0.526777
1.2418
0.812348
1.25271
0.800573
0.84189
0.898642
0.841468
0.951216
1.52896
0.637379
0.283173
0.967013
1.07713
0.789177
0.229648
1.48388
0.536471
1.02927
0.545604
0.545841
0.544366
0.523311
1.28247
0.846227
0.586366
1.44941
0.443716
0.368675
0.745005
1.40331
0.932856
0.47601
1.01484
0.527489
0.178705
0.0991521
0.460035
0.878947
0.733825
0.977663
1.52631
0.619542
1.06059
0.92532
0.886089
0.87686
1.30204
1.22786
0.918064
1.01519
0.99634
0.530905
1.37163
0.666946
0.586438
0.536576
1.02151
0.742288
0.774467
1.09736
1.05843
0.492711
0.839826
1.00751
1.01146
0.891924
0.334083
0.913922
0.941045
0.730118
0.534256
0.417223
1.3201
1.18776
0.731352
0.593486
0.729696
1.13394
0.653865
0.79176
1.00191
0.673687
0.847728
1.32509
0.80733
0.596455
0.90446
0.398586
0.683916
0.398582
0.212689
1.1621
0.458067
1.38893
1.07858
0.976618
0.975176
0.141128
0.615905
0.754292
0.733476
0.480711
1.43545
0.617313
0.848721
0.863762
0.329996
1.04457
0.452277
0.958808
0.782078
0.714935
1.23426
1.44231
1.25013
0.434135
0.727208
1.02256
0.446038
1.03197
0.840321
1.55942
1.33613
1.05218
0.320079
0.422813
0.210461
1.05966
0.880791
1.01098
0.676777
1.27233
0.322773
1.15891
1.20156
0.868966
0.528529
0.762152
0.817321
0.566993
0.691387
0.980008
1.17811
1.08551
0.240063
0.94467
0.936095
0.64559
1.13114
0.553036
0.518412
0.726538
0.541493
0.951435
0.503018
0.831304
1.51701
0.392804
0.938198
1.1805
0.386117
0.809648
0.603908
0.424741
1.20156
1.01397
0.936417
0.47662
0.35691
0.481041
0.614659
1.32633
0.770608
0.996353
1.22099
0.706698
0.951934
1.09003
0.978474
0.80534
0.601251
0.733017
0.391314
0.454213
0.925
0.889874
0.943248
0.484741
1.30607
0.932555
1.28338
0.402702
0.459687
0.234862
0.597133
0.789917
0.529054
0.843379
0.978569
1.22137
0.887338
0.91132
1.09761
1.4583
0.68378
1.48971
0.72472
1.53907
1.44417
0.92195
0.842389
0.268418
1.41834
0.604983
0.926234
0.613367
0.528834
1.29894
0.510096
0.631699
0.767632
0.963775
1.15666
0.422291
0.728103
0.132075
0.903087
0.788631
0.83752
0.496705
0.930194
0.62485
0.993517
0.89765
1.24382
1.00583
1.29159
0.558416
0.799485
1.10343
1.33283
0.480098
1.13684
1.36114
0.553666
0.691554
0.918545
0.647464
1.5673
0.450014
1.4645
1.21255
1.39041
0.522953
0.795449
0.679982
1.45722
0.943021
0.477091
0.222341
0.463828
1.37386
0.573398
0.811206
0.668612
1.29788
0.563726
0.415611
0.990262
1.10971
0.814676
0.560106
0.563022
0.548003
1.00722
0.565103
1.14064
0.758582
1.07938
1.39188
1.28492
0.804149
0.356881
0.976155
0.612081
0.935973
0.472044
0.930866
1.18221
0.816092
1.03437
0.901941
1.37056
0.697006
0.845888
0.972979
0.896629
0.974813
0.48258
0.934557
0.338666
0.359962
0.73309
1.35434
1.47575
0.341262
0.357194
0.299688
1.03862
1.41053
0.414547
1.51174
0.465425
0.63931
0.944765
0.721389
0.255429
1.07435
0.34552
1.02159
0.861076
0.889195
0.719912
0.690263
0.419996
0.553331
0.686647
0.943443
0.504835
1.25425
0.462713
1.4593
1.42561
0.605593
1.07954
0.720809
0.553482
0.365057
1.35012
0.907545
0.49047
0.836647
0.727563
0.760324
1.0182
0.532943
0.959082
1.38987
0.624551
0.43019
0.631709
0.708352
0.735811
1.51103
1.17271
0.99705
0.711888
0.861211
0.845872
0.587026
1.4327
0.802216
0.771752
1.23679
0.65977
1.06966
0.989091
0.808466
0.805025
1.07214
1.31908
0.927374
0.59816
1.43944
0.714027
0.702309
1.41076
0.999768
0.839545
0.92071
0.045273
1.26456
0.968831
0.35768
0.316819
0.348267
0.997276
0.970848
0.987213
0.488301
0.813047
1.32091
0.334406
0.249481
0.985809
0.76212
0.885814
0.71989
1.001
0.971312
0.756283
0.597188
0.841643
0.411902
0.937046
1.38986
0.50097
0.969009
0.583346
1.11234
0.789305
0.69437
1.02232
1.34386
0.960391
1.11387
1.25022
0.770532
1.1851
0.361349
0.757628
1.20548
0.577625
0.944601
1.40195
0.810198
1.09497
1.40078
1.24961
0.495792
0.30649
1.05355
0.938949
0.332326
1.37966
0.277345
0.577049
0.462861
0.757881
0.359713
0.30401
1.2526
0.55107
1.48505
0.286967
0.684869
1.06222
0.627581
1.38845
0.953762
0.84463
1.35217
0.782607
0.77883
1.31542
0.931881
0.915744
0.872942
0.371136
0.583901
0.629593
0.722956
0.70569
1.09319
0.141081
0.662595
1.12418
0.438722
0.535704
0.781383
1.37734
0.704187
0.78749
1.26341
1.31457
1.2142
0.641462
1.5338
0.966283
1.40252
0.525184
0.614576
1.08406
0.833064
0.471061
0.533396
1.47586
1.25784
0.728992
0.574787
0.54129
0.491139
1.15545
1.06191
1.33706
0.763932
0.727342
0.194441
1.17476
0.957267
0.448145
0.856281
1.46387
1.20609
1.1517
1.04859
0.633816
0.723904
0.90345
0.642969
0.753879
0.730345
1.07541
0.473024
0.919001
0.88989
1.40543
1.10373
0.86392
0.725965
1.33911
0.471304
1.41995
0.536183
0.7832
1.09834
0.679229
0.507367
1.38061
0.900923
1.46365
0.735568
0.899133
1.06067
1.05932
1.20166
0.693719
0.733539
0.48416
0.689753
0.869191
0.908898
0.568987
0.328895
0.718796
0.55568
0.707316
1.17735
0.674549
0.630503
0.930249
0.847512
1.518
0.435313
0.96994
0.845393
0.81221
1.20175
1.53386
0.755351
0.53091
0.778806
0.429382
0.749979
0.581539
0.843909
0.943584
1.23435
0.821528
1.08111
0.800802
1.10236
0.985115
0.519261
0.968872
0.866188
1.2149
1.18295
0.545702
0.837477
0.842989
0.305653
1.088
0.718159
0.996692
0.664512
0.443651
0.771882
1.46436
0.925292
0.679909
0.766275
0.785732
1.00128
1.12019
1.31044
0.839223
1.10452
0.529131
0.949379
0.195078
0.283644
0.532879
0.60693
0.878084
0.493588
1.50562
0.917353
1.13527
0.75646
0.560084
0.753164
0.867132
1.45163
0.541527
1.09186
1.35358
0.340699
1.03974
1.49249
1.40009
1.00541
0.728044
1.14679
0.851311
0.916443
1.32166
0.197335
0.867875
0.655374
0.799133
1.27991
1.27858
0.285543
0.710844
1.42918
1.45046
0.680533
0.288159
1.1917
0.89162
1.48284
0.319977
0.901216
0.677295
1.00444
1.24997
0.894512
1.0729
0.617209
0.640733
0.619575
0.722737
0.961059
0.905553
0.615702
0.848262
0.852308
1.15271
0.395065
1.31746
0.811271
0.956375
0.929106
0.556327
0.487494
0.765134
0.486304
1.24482
0.426086
1.45508
0.949866
0.875241
0.515259
0.40596
0.938172
1.1233
0.730633
0.985708
0.894866
0.962986
0.734613
0.593087
0.491665
0.431536
1.43677
0.68325
1.14841
0.243109
0.916957
0.903014
1.16075
1.03748
0.844219
0.878838
0.78974
0.619406
0.944939
1.22747
0.42616
0.439424
0.555732
1.4745
0.793084
0.539061
0.971
0.680518
0.556484
0.587884
0.834587
0.97101
0.845738
0.808471
0.961379
0.892415
0.913243
1.03204
1.18445
0.971073
0.46224
0.869748
0.352047
1.12
1.15651
0.894822
1.24812
0.860245
0.385877
0.518982
0.933569
0.674922
1.03485
1.24189
0.885421
0.297869
0.836737
0.535641
0.778687
0.883197
0.868932
0.306377
1.19482
0.890786
0.739472
0.802965
0.994214
1.36113
1.2459
1.19519
0.817624
0.522828
1.07151
0.700564
0.888962
0.753157
0.75796
0.924117
1.18131
1.34665
0.691956
1.42785
1.52893
0.484296
0.573575
0.753921
0.873782
0.97155
0.926352
1.23044
0.573002
0.517436
1.03049
0.603264
1.22328
1.02659
0.354512
0.278921
1.08881
1.08112
0.84962
0.954824
0.690298
0.608124
1.49635
0.443374
0.191425
0.444252
0.647435
0.620628
1.30683
0.990916
0.769643
0.986346
0.945723
0.682518
1.51326
0.985624
1.33505
1.49742
1.12864
0.744617
0.911915
0.40018
0.819222
0.795815
0.610075
1.02981
0.3541
0.661013
1.32391
0.61413
0.775864
1.28824
1.00641
0.720327
0.360293
0.529971
0.93936
1.54455
1.25864
0.329359
1.50528
1.55505
1.1193
1.27452
1.1337
1.04084
0.801996
1.01862
0.475757
1.03784
0.930006
0.86141
1.29891
0.291585
1.17552
1.12598
0.41945
0.802175
0.871382
0.96274
0.91326
1.4149
0.927007
0.673665
0.63885
0.518093
0.590795
0.781663
1.24699
1.50647
1.24588
0.984087
0.395564
0.330739
0.891691
0.75517
0.857899
0.963069
0.236906
1.00855
1.0939
1.06111
0.780431
0.712279
0.504735
0.598128
1.09295
0.669396
0.697716
0.465543
0.386939
1.18062
0.795688
0.721738
1.17156
0.377339
1.37536
0.842641
1.19737
0.656454
0.960505
0.92325
0.815642
0.759489
0.8063
0.705397
1.29432
1.29505
0.459624
0.978899
0.813521
0.90888
0.832627
0.774409
0.826539
1.39778
0.901535
0.792888
0.288905
0.531691
0.733516
1.27098
0.947611
0.983867
0.632389
0.781381
1.33648
0.790564
0.707409
0.72487
1.06104
0.448316
0.810991
0.177704
0.467639
1.01544
0.38753
0.840297
1.20296
1.04009
0.937904
1.1085
1.32221
0.698204
1.31511
1.10535
1.01873
0.608669
0.547013
0.487524
0.585038
0.868498
0.325602
0.831056
0.88156
0.868229
1.11624
0.88897
0.956646
0.618427
0.642244
0.558516
0.517004
0.700871
1.34621
0.756838
0.636056
0.573988
0.738644
0.844907
0.822704
0.547307
0.407169
1.19333
0.645969
0.60597
0.271428
1.3206
1.56672
0.392657
1.55274
0.985795
1.24458
0.705583
0.757428
0.161701
0.599747
0.841533
0.812459
0.177241
0.673186
0.9891
1.53428
1.26362
0.841881
1.31415
0.665735
1.41946
0.854828
0.726184
0.730782
0.859475
1.09681
0.25769
0.897082
0.97823
0.772764
0.631692
0.911336
0.330648
0.658239
0.293628
1.0731
1.18501
0.603015
0.635128
0.980811
1.40779
0.963646
1.42911
0.674115
0.253444
1.01973
1.37293
0.27329
0.913525
0.354841
0.661466
0.970849
0.318283
0.550774
0.658216
1.0204
0.55674
1.14784
0.751101
1.00024
0.575832
0.406024
1.51688
0.730556
0.314549
0.702631
0.418822
1.14341
0.514414
1.25586
1.37592
1.16115
0.881919
0.678636
0.788293
1.15143
0.546858
0.869972
0.694158
1.04311
0.229977
0.950987
1.48942
1.27796
1.26924
0.95315
0.777584
0.444383
1.05205
0.415917
0.965261
1.06703
0.338274
0.388743
0.872275
0.466524
1.28026
0.900639
0.977387
1.34466
0.732903
1.0569
1.14212
0.962464
0.449438
0.314067
1.24149
0.37718
1.05692
0.788442
0.922505
1.55922
0.38549
1.49641
0.674916
0.670288
1.13017
0.761505
0.777417
0.351619
0.846285
0.757625
0.564155
1.08314
0.504696
0.276486
0.952304
1.23101
1.01721
1.19008
1.03241
1.14918
0.633077
1.03721
0.854022
0.841567
0.55939
0.425022
1.2748
1.48519
0.771867
0.757864
1.51042
1.01151
1.1397
0.304487
1.568
1.02717
1.26404
1.30172
0.454361
0.694975
0.416175
1.51634
1.31508
0.546402
0.357963
0.967906
0.63666
0.852493
0.966717
0.828549
1.18644
0.631143
0.614192
0.785767
1.09866
1.46826
1.38916
0.743185
0.820875
1.1759
0.770247
0.52426
0.400887
1.37134
1.0829
0.413096
0.947206
0.933212
0.872144
0.53225
0.977337
1.04855
0.875092
0.871359
0.378074
0.764273
1.14677
0.342458
0.789152
0.256269
0.637952
1.39196
1.03801
0.776895
0.623851
1.06957
0.974746
0.950762
0.552022
0.826446
1.08058
0.995086
0.994364
1.25436
0.630169
1.42697
1.47178
0.879901
1.23661
0.948109
0.513838
1.15801
0.975752
0.477256
0.861671
0.943829
0.87426
0.241146
1.34465
0.6779
1.36009
1.37809
0.425011
1.44263
0.474274
1.19662
0.688581
0.688254
0.628258
0.803449
0.68672
1.28376
1.04299
0.779465
0.792174
0.695959
0.617466
0.856248
0.289298
0.749048
0.806072
0.753079
0.521868
0.388407
0.938535
0.898198
0.623442
0.944339
0.968462
0.92069
0.658078
0.732387
0.906218
1.01553
1.30758
1.04657
0.49845
1.49063
1.28619
1.00681
1.17091
0.98068
1.39776
0.56974
0.881898
1.08771
0.844241
1.19815
1.04424
1.30096
0.802348
0.764363
0.997472
1.31137
1.2804
0.594909
1.18763
0.786887
0.68339
0.81879
0.807764
1.36004
0.691195
1.0673
1.52072
1.486
0.578837
0.653594
1.0173
1.29885
0.663467
1.52063
1.09619
1.20871
1.36018
0.305328
0.954165
0.474043
0.272291
1.02317
0.853575
1.06631
0.806929
1.13118
0.324315
0.696703
1.11875
0.862818
0.63007
0.933558
0.683173
1.32965
1.47646
0.869034
1.10295
0.826119
0.371477
0.728224
0.664774
0.416833
0.366842
0.691445
1.07514
0.769936
1.33399
0.988871
1.11236
0.608441
1.22703
0.426516
0.510892
0.999572
0.900398
0.323201
1.38759
1.10925
0.983925
0.513713
0.967689
0.363288
0.601298
0.767815
1.21008
1.47012
0.591033
0.748408
0.6886
0.296236
0.398634
0.906441
0.338909
0.557701
0.615138
1.09779
0.0849885
0.541246
1.40873
0.699358
0.682599
0.746252
0.670336
0.766294
0.975537
0.658434
0.549632
1.43434
0.504829
0.995925
0.635599
0.851578
0.362918
0.828468
0.414125
0.864613
0.962455
0.780099
0.731952
0.665134
0.699422
0.44987
0.496611
1.24261
0.484223
0.792946
0.850913
1.05943
0.262211
1.04889
0.473399
0.986501
1.00679
0.769406
0.321295
1.18274
0.208283
0.851042
0.477683
0.462854
0.469336
1.00199
0.728888
0.719237
1.30613
0.539841
0.86671
0.686544
1.46759
0.684067
0.93341
1.14434
0.65692
0.806694
0.724609
1.42742
0.86435
1.47252
1.11375
1.02521
0.353705
0.482826
1.11263
1.30341
0.527778
0.932422
0.463646
1.30854
1.3504
0.203816
1.06295
1.41565
0.881748
1.35903
0.55539
1.18853
1.12277
0.341229
0.675883
0.816142
0.491368
0.769872
1.20371
1.25551
0.960025
1.03509
0.317271
0.453273
1.14432
0.822823
0.729746
0.804272
0.968744
0.544791
0.885655
0.893006
0.935164
0.762587
0.59458
1.35165
1.33448
0.211716
0.500137
1.40197
0.720306
1.18534
0.594456
0.740912
0.980354
0.973502
0.591369
0.343475
0.791728
1.21185
1.48418
1.01672
0.67159
1.03394
0.613479
0.678477
0.515493
0.569588
0.834676
0.936777
0.440784
0.383481
0.225611
1.17864
1.38991
0.402077
0.758166
1.56324
1.40702
0.663115
1.20273
0.634836
1.39197
0.683326
1.5593
0.832858
1.10678
0.445449
0.925413
0.961308
0.43616
0.856932
0.809758
0.83428
0.806058
1.53525
0.209225
0.728817
1.06674
1.00995
1.48839
0.130702
0.440875
1.22961
0.93818
0.409777
0.601011
0.62308
0.997184
0.996963
1.42395
1.38772
1.03546
1.08246
0.272456
0.70956
0.679264
1.22475
0.882168
1.36299
1.19905
0.902395
0.841556
1.40807
1.2772
0.935645
1.25347
0.987248
0.845621
0.794082
0.934569
1.1812
0.78265
0.92411
0.630012
0.453335
0.541391
0.485523
0.530864
0.866388
0.899136
0.513781
1.05125
1.39113
1.01192
0.52951
1.18556
0.841645
0.794321
1.37121
1.04754
1.40746
0.848042
0.431103
0.900932
0.829947
0.809524
0.42071
1.43983
1.21049
1.22356
0.935762
1.02573
0.770031
1.31799
0.729532
1.24185
1.07169
0.691645
0.474775
0.428479
0.714779
1.24694
0.996758
1.37912
1.50626
1.21845
0.951916
0.716268
0.694044
1.16684
0.675891
0.798963
0.904107
0.80241
1.08971
1.09273
0.603338
1.01769
0.902195
0.672729
0.711048
1.09793
0.321156
1.37558
1.15004
1.02229
0.274673
1.24971
0.949036
1.28089
1.47628
0.350817
0.532377
1.01561
0.641331
0.823067
0.528201
0.852131
1.4448
1.2761
1.45107
0.555421
0.915267
0.668469
1.46133
0.562074
0.933315
0.228209
1.34989
0.757871
0.504108
0.708307
0.474714
0.649964
0.323864
0.703614
1.10796
1.18898
0.704117
1.16519
1.08991
0.378599
1.40887
0.896716
1.28364
0.385547
0.628426
0.887369
0.82676
1.27521
1.30087
0.22705
0.55917
0.478622
1.46343
0.801425
1.03757
1.14477
1.33866
1.4055
1.36273
1.40031
0.716466
1.19889
0.413993
0.838486
1.48415
0.782188
0.601719
1.344
1.127
1.46986
0.772256
1.47204
1.08014
0.386284
0.647944
1.25496
0.651779
0.365424
0.47481
1.12834
1.00867
0.299512
0.524271
0.801192
0.658081
1.02319
0.876154
1.33273
1.2951
0.551174
1.02109
0.840464
0.862575
0.492695
0.593854
0.921012
0.616139
0.906514
1.11914
0.883646
0.737024
0.712124
0.806725
0.601503
1.19644
1.11703
0.372321
0.260246
1.10545
1.48825
1.46702
0.547754
0.542555
0.77603
1.28635
1.31502
0.6292
0.831407
1.21017
1.05097
1.53676
1.0615
0.54998
1.25816
1.26041
1.07788
1.4238
0.657485
0.702196
0.637569
0.387029
0.167377
0.630857
0.50111
0.870214
0.930963
1.30178
0.757634
0.411146
0.599514
0.692017
1.52227
1.14192
1.08412
0.723894
0.199016
0.84321
0.600585
0.998515
1.19177
1.36289
0.400301
0.986245
0.72767
1.32428
1.48553
1.44106
0.505493
0.685094
0.956235
0.947285
0.729248
0.995021
1.28425
0.602563
0.861302
1.50355
0.55614
0.76781
1.10656
0.935223
0.456777
0.935411
1.02724
0.958614
0.91209
0.697615
0.730334
0.849804
0.456116
1.31396
0.761545
0.587777
0.822312
1.56846
0.394296
1.06629
1.39496
0.428746
1.23532
0.764006
1.2563
0.987817
0.770761
0.173939
1.39734
0.847246
1.42349
0.988962
1.51536
0.410026
1.23586
1.27582
0.670374
1.28338
1.28223
0.575802
1.10088
0.690688
1.56883
0.664403
0.519226
0.794272
0.651221
0.646043
1.10846
1.11583
0.284683
0.47282
0.859909
0.901756
1.35209
1.10492
0.599014
0.992016
0.476989
0.677507
0.376188
0.818772
1.13959
1.4985
1.45656
1.21339
1.03964
0.932398
0.678063
0.501176
1.05448
0.763403
1.24642
0.654346
0.954549
0.522262
1.11583
0.600163
0.61722
1.2424
1.06055
0.665608
0.743813
0.747333
0.589181
0.64353
1.11069
1.51757
0.212568
1.12643
0.771395
0.593035
1.44512
0.876379
0.935947
0.45161
1.12673
0.9561
0.602201
0.924487
0.886464
0.552592
0.4262
1.19912
0.8246
1.01036
0.954739
0.8183
0.977704
0.73553
1.30558
0.743842
1.01396
0.564842
1.2169
0.429096
0.474345
0.570528
0.846265
0.428367
0.712442
0.697117
1.21112
0.879477
1.12739
0.982329
0.705973
0.549228
1.09005
0.30036
1.15023
0.507725
0.872513
0.810892
0.929178
0.818556
0.704071
0.714779
0.897944
0.670967
0.352834
0.482461
0.825646
0.793657
0.494241
0.766743
1.08484
0.848459
1.02764
0.4584
0.93656
1.10534
1.11124
1.18627
0.477778
1.09652
0.158447
0.827315
0.979199
1.21145
0.654003
0.544849
0.496551
0.972141
0.673451
1.51022
1.09241
0.996117
0.785434
0.921684
1.05559
0.632056
1.00145
0.827761
0.979706
1.10805
1.23046
0.962847
0.300062
1.13003
0.94938
0.861872
0.728981
0.670216
0.145397
0.386837
1.01681
0.860334
1.06548
0.813025
1.16206
0.769802
0.944138
0.487605
0.785313
1.15661
1.11465
0.691446
0.289206
1.05642
1.17848
1.09871
0.884647
0.459318
1.26554
1.0891
0.860189
0.593185
0.707371
0.851433
0.493946
0.918056
0.406416
0.246394
0.87668
0.707157
0.798344
0.920058
0.428803
0.644994
0.748142
0.529972
0.590442
0.603144
0.998073
0.998716
0.818112
0.477003
0.803762
0.186142
0.340409
0.682631
0.987578
1.06356
1.3027
0.836536
1.56384
1.37185
0.487605
1.53882
0.837121
1.50913
0.321231
0.922034
0.636984
0.738501
1.33357
0.588764
1.5281
0.395899
1.33533
0.825205
1.51033
1.01944
0.61388
0.643446
1.0517
0.554784
0.336774
0.548667
0.484054
0.843535
0.692545
0.0595569
1.36071
0.785972
0.893998
0.88189
0.818301
0.725279
0.719168
0.804497
0.77481
1.02164
0.708022
0.808665
0.894089
0.987327
0.556602
0.658831
0.913901
0.564841
1.47014
1.22852
0.420461
1.15169
1.21252
1.15877
1.16144
0.55829
0.756249
1.55743
1.42009
0.921966
0.283511
1.4549
0.507605
1.3487
0.766776
0.779295
0.45236
0.766904
0.789598
0.781542
1.2451
0.981247
1.2566
1.05282
0.585817
0.274685
0.835391
1.10091
0.338497
1.03816
0.361997
1.41319
0.982859
1.29142
1.19291
0.934527
0.247581
0.491504
0.433353
0.984088
0.652862
0.500717
1.4607
1.03158
0.510808
0.814558
1.00022
0.93802
1.05815
1.47892
0.266221
0.3916
1.04417
0.548698
0.728525
1.29989
1.19699
0.896784
1.19244
1.00886
1.12196
0.924556
1.25734
1.24662
0.158833
0.16327
0.635851
0.877065
0.960265
1.26572
0.717152
1.14079
0.729957
0.925649
1.05759
0.33774
0.357917
1.22916
0.715112
0.90928
1.10878
1.40014
0.929438
1.17033
1.35348
1.226
1.38172
1.31226
1.08171
0.897587
1.48909
0.874291
0.418137
0.944891
1.22656
0.579389
0.389127
1.19011
0.886413
1.40355
0.393026
1.0198
0.323564
0.410336
1.28853
1.4341
0.682582
0.516788
0.606344
1.19953
0.841551
0.842174
0.965035
0.750185
1.05182
0.456437
0.746566
0.959395
0.848613
0.675611
1.18714
0.792584
0.583847
0.553788
1.42319
0.483978
1.34441
1.02517
0.934705
0.610973
1.12618
1.14508
1.11055
1.21609
1.17702
0.650608
1.0838
0.972414
1.05726
1.48753
1.35664
0.895663
0.859204
0.381257
0.535833
1.53153
0.828358
0.255029
0.305384
0.329168
0.205865
0.938607
1.12439
0.454411
0.43699
0.674776
1.20747
0.7645
0.88334
1.41756
0.830232
0.614534
0.874253
0.661053
0.723398
0.746705
0.449138
0.531238
1.07974
0.721154
0.855308
0.529278
0.886285
1.24706
0.624049
0.857029
1.14095
0.595454
1.13306
1.15349
1.00156
0.948441
1.00662
0.613427
0.34054
0.51595
0.175646
0.662363
0.61243
0.792435
0.73046
1.37816
0.973101
0.693679
1.18335
0.620084
1.14628
0.666638
1.06389
1.10727
1.12099
1.02336
1.14789
0.42773
1.32565
0.633457
1.24798
0.826592
0.725692
0.744637
1.03227
1.48442
0.64542
1.56598
0.977745
0.0894652
0.437147
1.03802
0.342295
0.479386
1.23021
1.02886
0.839995
1.28094
0.640501
0.74373
1.53567
0.744667
0.999686
0.443877
1.06952
0.829443
1.23599
0.331228
1.064
0.447508
0.531384
1.10985
1.17073
1.03496
0.646436
1.29003
0.652928
1.16643
0.822109
0.619475
1.40323
0.896357
1.00655
1.09753
1.55715
0.474028
0.950577
0.655391
0.429681
0.989135
0.923633
0.999153
0.990886
0.932687
0.7867
1.12306
0.820727
0.631339
1.0619
0.401503
0.828616
0.784413
0.963301
1.29205
0.703195
0.994537
0.824466
0.62113
0.405532
0.645954
0.694941
1.26636
0.705153
0.549087
0.593327
0.791888
1.44007
1.12488
0.37841
1.07379
0.418492
0.527758
0.874897
0.758198
0.803085
1.24938
0.695527
0.981628
0.622819
1.46184
1.25432
0.310234
0.605937
0.440399
1.0719
0.876627
0.462797
0.656634
1.1043
1.17148
0.914242
0.36686
0.484125
1.3419
0.567519
0.783236
0.26231
0.717705
1.16321
0.623371
0.81578
1.44581
0.514102
1.34707
0.846739
0.8511
1.29462
0.473922
0.63182
0.404005
0.748786
0.597868
1.21548
1.02502
1.24606
1.48396
0.944289
1.50043
0.523535
0.878965
1.50299
0.711964
0.562388
0.461379
0.278394
0.672916
1.34987
0.44144
1.55625
0.737119
0.425583
0.46842
1.02647
0.690408
1.47012
1.25673
1.04312
0.747245
0.977251
0.453356
0.982107
1.42183
0.602541
0.604121
0.67272
1.30876
0.833856
0.95115
1.03834
0.879995
1.04726
1.20776
1.0154
1.3966
0.494568
0.558562
0.555058
0.831041
1.21219
1.52326
1.03189
0.724481
1.42382
1.33523
1.56998
0.628698
1.35994
0.566299
0.650166
1.48399
0.841679
1.32383
1.06847
0.553046
0.129586
0.745472
0.351644
1.01132
1.31804
0.731316
0.431067
1.24502
0.302586
0.577574
0.874247
0.892313
0.653577
0.574602
0.833614
1.2044
0.425264
0.585297
0.815204
1.37276
0.594279
0.472644
0.989892
0.975679
0.149866
0.324998
0.700561
0.532872
1.17302
0.680741
0.821878
1.54279
0.974476
1.55163
0.695686
1.23635
1.15792
0.843389
0.388584
0.811203
0.911138
0.999985
0.926086
1.10748
0.35947
0.501867
0.708103
1.05588
0.328935
0.699472
0.997085
1.09308
0.713566
0.662002
0.709942
0.802234
0.800636
0.879289
0.453642
0.451169
0.432041
0.473238
1.27309
1.13917
0.505328
1.3368
0.853118
0.282653
1.1107
0.699407
1.09221
0.231534
0.230299
1.35447
0.812705
0.701686
1.18626
0.965893
1.16922
0.665638
0.937226
0.703509
0.847193
1.0317
0.808657
0.883706
0.909509
1.22723
1.09394
0.456461
0.975706
0.360096
0.815835
0.984554
1.10452
0.358229
1.48673
1.49603
0.860459
1.03268
0.687963
1.00421
1.05563
0.636094
0.444303
0.596252
1.27106
1.43169
0.755344
0.753487
0.968755
0.939875
0.906392
1.05784
1.04928
0.750968
1.40173
0.862073
1.10554
0.965548
1.43281
0.608736
0.7942
0.525855
0.915893
1.30141
0.766899
0.295449
1.42338
1.36899
0.893667
1.0898
1.25419
0.614451
1.28606
1.08695
0.794209
1.32446
0.939787
1.04136
1.06659
1.4098
0.740787
0.382462
0.690039
1.14025
0.386461
0.849459
1.17048
1.47403
0.975129
0.932361
0.952619
0.934205
0.580224
0.503077
0.659013
1.47425
1.18525
0.942296
0.915961
0.965801
0.692587
1.30066
0.229853
1.49222
1.42914
1.46498
0.650632
0.990094
0.657452
1.28344
0.728092
0.258944
0.835649
0.684564
0.206021
0.491623
0.536637
0.454056
1.40499
0.986427
0.781113
0.614332
0.482482
1.00018
0.280644
0.794557
0.59172
1.2178
0.919955
0.524333
0.558693
1.01869
1.42683
0.580805
1.13419
0.489077
1.14254
0.356244
0.593112
0.849355
0.784357
0.468023
0.225883
0.963456
0.965621
1.39131
1.14173
0.83789
0.755566
1.29566
0.952328
0.681834
0.647789
0.685504
1.08221
1.1414
0.478846
0.741014
0.912756
0.854039
1.37207
0.683771
1.12593
1.14671
0.280406
0.59697
0.907218
0.576968
0.648558
0.115366
0.748595
1.14645
1.33489
0.400584
0.642453
1.51062
1.35356
1.4002
0.531334
0.230197
0.437026
0.692529
0.909664
0.86762
1.22293
0.916742
0.520604
1.48524
1.00148
0.312107
0.319654
0.602467
0.811488
0.685339
0.381315
1.03421
0.983358
1.15908
0.680945
1.12131
0.942085
0.673117
0.815424
0.907102
1.22376
0.671206
0.332761
0.943624
0.65146
0.89944
0.566561
1.0902
0.685059
0.751301
0.482118
0.505379
0.505486
0.816211
0.81025
0.573641
0.799262
0.697374
1.51431
1.10947
0.37071
1.13503
0.488049
1.19841
0.793724
0.419226
1.23671
0.322183
0.800276
1.28165
0.823398
0.633098
0.263361
0.540763
1.41066
0.78638
0.36733
0.705341
0.932554
1.03226
0.757303
0.654848
1.0004
0.991509
0.548424
0.611092
0.656458
0.70555
0.615492
0.923814
1.26092
1.48108
1.16792
0.845474
0.941156
0.746168
0.403596
0.915593
1.00637
0.621164
0.869742
1.12513
1.30547
1.22057
0.461099
0.919193
1.04802
0.746772
0.829704
1.06007
1.11966
1.44556
0.860263
0.913383
0.683953
1.0242
0.757534
0.675615
0.626376
0.74858
1.06824
0.332855
0.851564
1.08898
0.421258
0.368672
1.02229
1.32378
0.867035
0.849745
0.414617
1.22663
0.562108
0.470857
0.740105
0.81638
1.15152
0.894543
0.418373
0.999548
0.939495
0.917223
0.583341
0.881468
0.746022
1.06304
1.0629
0.886522
0.774912
0.319658
1.01971
0.449733
0.262978
0.770815
0.874746
0.51335
0.829027
0.280331
1.52355
0.609636
0.773571
1.27341
1.00994
0.685988
0.278189
0.639806
0.529041
1.12546
0.859968
1.39149
0.609089
0.575878
0.832907
0.730611
0.704516
0.722584
0.75978
0.620075
1.46056
0.414848
1.54704
0.784584
1.12963
0.726005
0.543757
0.528258
0.950992
1.00411
0.964718
0.857154
1.56442
1.3148
0.989441
0.593479
1.17342
0.59865
1.55735
1.40291
0.69729
0.905973
0.833644
0.514835
0.803901
0.814788
1.12864
0.452818
0.606314
1.07617
0.625003
0.422504
0.952702
0.898895
0.750956
1.42844
1.06277
1.05137
1.08181
0.789398
1.07128
0.530924
1.2347
0.253759
1.13646
1.13
0.442734
1.36544
0.974683
1.36355
0.922899
0.591982
0.440983
1.05056
0.864074
0.890418
1.21851
0.442935
1.13514
0.740956
0.897623
0.484597
1.36825
1.10086
0.556956
0.726938
0.813792
1.25165
0.703299
1.05674
0.383872
1.26498
0.368936
1.33599
0.72227
0.646821
1.13928
1.48865
0.647169
1.0488
0.742539
0.642377
1.02664
1.15395
0.674352
1.08011
0.91244
0.863008
0.64281
1.4681
0.80838
1.18145
0.845779
0.519455
0.862226
1.21134
1.36258
1.14357
1.34687
0.633558
0.576022
0.50909
1.37167
1.22434
0.885498
0.799382
0.61316
0.78662
1.55294
1.54922
0.416148
0.938632
0.874649
0.792246
0.458875
0.739514
1.09771
1.05114
0.999565
1.12693
0.658905
0.972223
0.29556
1.44277
0.361989
0.856221
0.8317
0.460229
1.45034
0.877641
1.03411
1.26483
0.220628
1.54635
0.400938
0.820618
0.889552
0.630206
0.42373
0.623081
0.486567
0.626701
1.02194
0.39785
1.39329
1.19485
1.4614
0.722992
0.902783
0.328064
0.397333
0.916173
0.800421
1.08034
0.642547
0.421938
0.497383
1.30357
0.768903
0.765365
0.338128
0.980942
0.411022
0.209246
1.17141
1.45216
0.879144
0.614019
0.633686
1.25703
0.531635
1.09541
0.58588
1.34554
0.805609
0.774342
0.564176
1.08356
1.50893
0.810851
0.955625
1.32966
0.331846
0.892656
0.568857
0.678426
1.15676
0.583392
1.05151
0.938385
1.02832
1.07334
0.694996
0.874596
1.37187
1.51272
0.643735
1.48728
1.39118
1.11868
0.850363
0.486565
0.690219
0.338502
1.10087
1.15911
1.55205
0.379746
0.360568
0.825504
0.568062
0.383631
0.834559
1.09787
1.34855
0.817589
0.610358
0.961881
0.866983
0.957157
1.01871
1.01732
1.31853
1.43625
1.25805
0.308555
0.625167
0.520102
0.587318
0.233321
0.823084
0.749358
0.553811
1.47335
1.26663
0.677774
1.02094
1.24933
0.798985
1.14157
0.406267
1.51489
0.638086
0.147678
0.934126
0.987815
1.18501
0.681937
1.27904
0.926011
0.969175
0.84507
0.705119
0.654281
0.718144
1.50546
1.02133
0.599115
0.222673
0.852203
0.304917
0.996232
1.07792
0.178874
0.471135
0.690297
0.619906
1.12826
1.02697
0.922137
0.852723
1.02794
0.684754
1.16892
0.644644
0.604829
1.1684
0.720299
0.651844
0.456777
1.15335
0.633926
0.884864
0.753746
1.38652
0.67464
0.600431
1.31507
0.728851
1.21046
0.615798
0.913207
0.993769
1.2623
0.328553
1.33984
1.55632
0.811031
1.33435
0.407558
0.849336
0.335876
0.773671
1.07698
1.00239
1.03442
1.13735
0.865931
0.81947
0.774354
0.351805
0.780789
1.10167
1.00808
1.47859
0.952502
0.350296
0.232852
0.886985
0.973448
0.691952
0.794771
1.43162
1.30925
0.398011
0.780703
1.26241
1.08594
1.40237
0.444988
0.403931
0.612909
0.527664
1.09775
1.33079
0.76747
0.795835
1.54115
0.620059
1.46427
1.25715
0.941982
0.57271
0.617078
0.885538
0.709905
0.997717
0.719802
0.934378
0.265091
0.969218
1.26035
0.732195
0.328623
0.30533
0.223212
0.741628
1.08408
0.214478
0.921916
1.53624
0.634165
0.539258
0.298555
0.922328
1.17146
1.47804
1.26826
0.774602
0.377416
1.02123
1.14858
0.921075
0.25204
0.578206
1.31621
1.43887
1.17833
0.898456
0.511356
1.19346
0.772573
0.694285
0.764261
0.964721
0.558582
1.01759
1.05314
0.781513
0.733556
1.41592
0.422742
0.475704
0.77392
0.980737
1.10688
0.537221
0.875229
0.851479
1.29089
0.284776
0.458261
0.249175
1.22217
0.30286
1.01374
1.16858
1.46286
0.446073
0.991648
0.726514
0.579737
0.645371
0.6311
0.22692
0.628888
0.80504
1.16455
0.790495
0.732157
0.938046
1.47242
1.13304
0.570823
1.33241
0.393397
0.510174
0.631357
0.752782
0.998049
1.19278
0.658926
0.603598
1.07235
1.54484
0.761916
0.531294
1.1212
0.923364
0.602319
1.00246
1.28154
0.512224
0.875434
0.661105
1.22399
0.637245
1.03113
0.469553
0.706549
1.19418
0.561787
0.571486
0.902406
0.459672
1.04165
0.259366
0.961708
0.492271
1.30989
1.08741
1.23011
0.761593
1.04321
1.35649
1.04331
1.0938
0.475424
0.788095
0.203365
0.952355
0.483844
0.71694
0.507343
0.72743
0.284012
0.867601
1.21448
1.29986
0.584143
0.811683
1.25707
1.29333
1.00858
0.645985
1.02905
1.17969
0.810431
0.435721
0.861438
1.50711
1.02106
0.770098
1.48106
0.873841
0.529065
0.94528
1.54041
1.43163
0.480661
0.711834
0.527274
0.654624
0.509144
0.52103
0.67622
1.56065
0.429272
0.525106
0.520316
0.24054
0.953405
0.881192
0.799088
0.322815
0.539959
0.929524
0.425136
0.956565
0.626051
0.734887
0.967492
0.579847
0.95775
1.12787
0.610622
0.994226
0.42436
1.18054
0.735595
0.801535
0.423879
0.516854
0.554379
1.01151
0.626504
1.34234
1.21163
1.06653
0.527315
0.615056
1.03865
0.992461
1.07425
0.948969
1.5397
0.631082
1.40221
1.04229
0.879212
0.62625
1.02001
0.656117
1.22392
1.02861
0.568647
0.810604
0.957972
0.855811
0.419448
1.03694
0.914343
1.20235
0.999075
0.115207
1.16039
0.637708
0.75708
1.24241
1.31312
0.567492
1.30476
0.625424
1.30753
0.823918
0.321953
1.01072
0.476908
1.14958
0.732777
0.873103
0.832067
0.627467
0.975505
0.791906
0.940186
1.43731
0.255969
0.71401
1.45363
0.439739
0.700732
1.04953
0.638374
0.318759
0.278503
0.88541
1.42271
1.02685
0.897523
0.525735
1.54419
0.47693
1.25846
0.27873
0.335719
0.332992
0.938564
1.54142
0.43586
0.526243
0.4375
0.419231
1.55189
0.437716
0.647694
1.17291
0.506436
0.909246
0.631352
0.524904
1.1244
1.00827
0.931807
0.970667
1.06358
0.62831
0.570881
1.16379
1.55648
0.505953
1.18946
1.07553
0.993834
1.05509
0.522623
0.580499
0.302118
1.19336
0.617486
0.880881
0.868206
1.5312
0.99712
1.32977
1.30171
0.83498
0.912972
0.415231
1.18052
1.07417
1.10717
0.471574
1.07856
0.673009
0.755032
0.480085
0.720475
0.555885
1.09351
0.711719
0.852131
0.913801
1.54267
0.399357
0.890879
0.500013
0.565453
1.45845
0.886206
1.21235
0.288532
1.13565
0.983127
0.494849
0.990979
0.703018
0.452658
0.840932
1.14537
0.397438
0.89306
0.798329
0.846411
0.821363
0.505168
1.11276
0.94577
0.647737
0.967071
0.732856
0.506624
0.852495
0.241633
1.54029
1.05951
0.923103
0.378753
0.515516
0.613405
0.752406
0.803165
0.640621
0.410068
0.798381
0.948588
1.3679
0.553751
0.394438
0.478362
1.3219
0.735343
0.861539
0.69533
1.3783
0.954897
1.20371
0.941887
0.373913
0.301264
0.379282
0.795679
0.396111
0.647822
1.42911
1.02705
0.699458
0.981686
0.961679
0.890758
0.164837
1.09932
0.546919
0.40171
0.884426
0.674252
1.03062
0.392187
0.719659
1.1761
1.03355
1.10704
0.679493
0.492605
0.51273
1.28926
1.26502
1.11926
1.42663
1.28302
1.29257
0.995843
0.857054
0.871572
0.700276
0.752891
1.3423
1.20017
1.03003
0.374683
0.371202
1.40532
0.896226
0.971159
0.751091
0.325671
0.554437
0.583004
1.03872
1.3665
0.414105
0.718514
0.349441
0.569226
0.950097
1.43363
0.65685
0.777782
0.565985
0.282918
0.31745
0.856355
1.03658
0.510248
0.724308
1.10212
0.718624
1.03183
0.799581
0.961142
0.88789
1.06445
0.947841
0.403973
0.930769
0.462417
0.433974
0.732619
0.440366
0.125904
1.32768
1.15432
0.87038
1.08017
1.51059
1.01439
0.5309
1.45594
0.898549
1.07656
0.539408
0.66891
1.43578
1.24606
0.477414
0.832272
0.877521
0.936288
0.836568
0.967925
0.346955
1.17762
1.00536
1.21624
0.884986
0.44384
0.8672
0.95354
1.13471
0.665859
1.02817
1.18901
0.467791
0.847266
1.23456
0.549401
0.543531
1.10277
1.18872
1.34733
0.38757
0.983327
0.854311
1.01675
0.522902
0.646712
0.5813
0.899284
0.34891
0.768603
0.69744
0.995866
0.190004
0.977903
0.903091
0.351093
0.679908
0.91721
1.43119
0.888771
0.947428
0.72544
0.850017
0.314888
0.478563
0.248322
0.54251
0.347867
0.440239
0.596682
0.357081
0.550074
0.85845
1.50569
0.637678
1.46277
0.979587
0.544915
1.46222
1.12104
1.20333
0.830048
0.694831
0.644386
0.786659
1.40637
1.09153
0.94387
1.01689
0.73864
0.592947
0.332533
1.24804
0.823785
0.978798
0.702369
1.44841
0.860807
0.631186
0.873113
1.14202
0.852691
0.7056
1.25964
0.793197
0.563815
1.01406
0.710285
0.903892
1.14426
0.612664
0.255163
1.51209
0.726495
0.606955
0.126411
0.807952
0.52625
0.145673
1.17721
0.758751
0.757449
0.280069
0.739377
0.865191
0.820262
0.238631
0.852718
0.816865
0.402795
0.420967
0.817514
1.3294
0.606561
1.01059
1.07781
1.06266
0.622463
0.695417
1.27629
0.82706
1.1801
0.55017
0.288033
1.37979
0.796039
0.886763
1.37915
1.08699
0.717451
0.777011
0.349894
0.994449
0.64628
0.610771
1.0947
1.07816
0.315607
1.35765
1.37683
1.44902
0.606534
1.54057
0.676652
0.891792
0.927644
0.898105
0.760238
0.958607
1.16554
0.73736
0.97411
0.895107
1.2356
0.816647
0.90244
1.068
0.693633
0.734344
1.18295
0.514128
1.37945
0.99536
0.739638
0.428195
0.603037
0.818829
0.608602
1.43838
0.499043
1.25828
0.504392
0.431131
1.40998
0.44678
0.990352
0.970635
1.05253
0.980718
0.61252
0.670007
0.585046
0.640604
1.06437
0.806152
1.15721
0.554662
1.14679
0.926271
0.497702
1.52101
0.505979
1.03754
0.473349
1.18132
0.883935
1.14334
1.28846
0.834494
0.801062
1.02174
0.855911
1.24795
1.00796
0.807999
0.775531
0.47448
1.27684
0.600007
0.871149
0.606912
0.980018
0.922705
0.496527
0.632135
0.514358
1.11228
0.852069
1.05373
0.305249
0.304683
1.35438
0.539078
1.10496
0.927222
0.757568
0.815418
1.17677
0.554846
0.966912
0.885686
1.4723
0.669766
0.921145
1.50226
1.46415
0.711935
1.42341
1.26804
0.437349
0.705073
1.42763
0.52946
1.55513
1.40225
0.510835
0.248
0.671733
0.63558
1.33496
1.31725
0.7957
1.14085
1.07795
0.913599
0.652624
0.776602
0.853032
1.21839
1.2353
0.97148
1.42788
0.928022
0.378477
1.26683
1.0874
1.06075
1.12406
1.14709
0.7924
1.04117
1.05066
0.999543
1.27045
1.25938
1.39529
0.449972
0.686041
0.831567
0.678051
0.843904
1.21163
0.248311
0.340183
0.329217
1.06879
1.17892
0.798836
0.325047
1.00515
0.854364
0.301802
1.06412
0.698431
0.643692
0.784618
1.29029
0.649493
0.904001
0.842206
0.598507
0.272565
1.50918
1.02964
1.0456
1.03656
1.10814
0.777302
0.846055
0.533039
0.715644
1.14907
0.984971
1.19644
0.353145
0.838586
0.806859
1.01043
1.02383
0.531354
0.667555
0.692061
1.5588
0.467037
0.588146
0.441932
0.945892
1.26787
0.539002
1.04513
0.621351
1.2957
0.943373
1.04159
0.794859
1.26957
0.970151
0.620736
1.35572
1.16112
0.872852
0.846823
1.08541
1.56642
0.29895
0.394676
1.22971
1.0527
0.725294
0.9049
0.645521
0.459279
1.49853
1.18772
0.877249
0.996569
0.457286
0.652121
0.868685
0.189869
1.17457
0.92011
0.87415
1.02755
0.88944
0.543322
1.37549
1.3618
1.56975
0.925555
1.50445
0.573971
0.783223
0.743096
1.31229
0.817157
0.263468
1.46715
1.09102
0.750253
1.3596
1.10331
1.26476
1.3822
0.763202
0.934327
1.3911
1.0123
1.33651
1.43393
1.30161
1.06559
0.587338
1.18208
0.602072
0.527478
0.701578
1.08882
0.922263
0.406165
1.22581
0.678041
0.325353
1.19797
0.976069
1.18731
0.663247
1.39459
1.21408
1.22857
1.12073
0.407726
0.743119
1.15081
0.68921
0.930473
0.247855
1.29131
0.990161
0.982369
1.28411
0.624314
0.919136
1.3391
0.960323
0.865565
1.26792
0.949824
0.954014
0.865089
1.41445
0.645562
1.24142
0.867353
0.857465
0.695811
1.30057
0.429444
1.3724
1.50892
1.48366
0.673659
0.0859635
1.31095
1.07467
0.764296
0.777861
1.02734
1.17387
1.02966
0.596793
1.16312
1.54416
0.514066
1.07286
0.782755
0.73423
1.03654
0.150814
1.29413
0.824104
1.05228
1.20451
1.14219
0.728454
0.842073
0.514545
1.11526
0.46305
0.997374
1.24973
1.47313
0.884275
1.08249
0.966534
0.850646
0.621187
0.464146
0.738302
0.959734
0.47583
0.554571
0.788557
1.04382
0.77349
1.3491
0.578487
1.50776
0.303812
0.707184
1.3663
0.329462
1.55356
0.205408
0.585052
0.558623
1.31249
0.678086
0.74009
1.13679
0.691083
0.948573
1.02995
1.19554
1.38239
1.54326
0.718056
0.903615
1.42674
1.15531
0.558825
1.25256
0.590128
0.683862
0.488229
0.823105
0.747555
0.71368
0.881182
0.888247
0.201068
0.672242
0.696177
1.47302
1.1146
0.683107
0.916135
1.51277
1.13778
0.995299
0.642852
0.709305
0.55451
0.962146
0.812823
0.585789
0.452729
0.415638
1.21225
0.573858
0.662989
1.10632
0.476413
0.519171
0.459896
1.06897
1.51607
1.01522
0.868313
1.11507
1.34937
1.1894
0.525881
1.00208
0.323014
1.10316
0.873814
0.645906
0.513063
0.886429
0.922959
1.16811
0.957056
1.29494
0.931674
0.886891
1.53618
0.844506
0.837663
0.872946
1.20261
1.00253
0.832079
1.42668
0.351651
0.971762
1.00588
0.182319
0.660761
1.33263
0.808888
0.61276
1.04873
1.1082
1.14568
1.39407
0.916308
0.294767
1.26163
0.844949
0.827031
1.16792
1.28236
0.733506
0.794562
1.02275
0.967807
0.705179
0.930726
1.18623
1.01308
0.941481
0.530329
0.747505
0.799726
1.41337
0.443808
1.34379
0.236056
1.43726
0.785703
0.339136
1.00803
0.427597
0.958816
0.571258
0.600461
1.52442
0.381515
0.873479
0.352145
0.749431
0.791277
0.767894
1.02416
0.92074
1.15681
0.49336
1.09335
0.684504
0.506961
0.863926
0.985339
0.389427
1.26722
1.33979
0.828453
1.37327
0.495112
0.903351
0.81569
0.82211
0.279551
1.37816
0.984563
0.927429
0.656779
0.257323
0.383142
0.540686
0.995696
1.01037
1.30071
0.210299
0.60847
0.73237
1.56904
1.20409
1.13218
0.390123
0.881151
0.549005
0.586216
1.10534
0.250724
1.49571
0.63801
0.313396
0.675329
0.930749
0.620928
0.59085
1.11675
0.964797
0.369319
0.4936
0.844547
0.318512
0.852206
0.925076
1.25027
1.54143
1.16938
0.559449
0.414578
1.53169
0.866891
1.40588
0.544271
0.316282
0.883365
0.874252
0.951035
0.990982
1.30291
0.722777
1.26662
0.399852
1.30832
0.913541
1.15272
0.845538
0.973158
0.441796
0.607991
1.27971
0.320601
1.36577
0.663666
1.02414
1.56214
0.943019
0.734911
0.898947
0.425889
0.601686
1.0522
1.45029
0.328314
0.429596
0.692709
0.856043
1.1773
0.743741
1.24456
1.01942
0.832324
0.667274
1.15962
0.511377
0.357797
0.634
0.747365
1.08674
0.742995
0.632266
0.615288
0.885427
0.594607
0.660142
0.747452
0.243711
1.35497
1.32944
1.46153
0.888546
0.696592
0.643396
1.49323
0.452538
1.20431
0.582294
0.431426
0.956116
0.859722
0.766949
1.22589
0.78043
0.333963
0.747408
0.571238
0.784909
0.947601
0.822109
0.78574
0.991215
0.654255
0.939717
1.01159
0.731074
1.41161
1.05701
1.03573
1.00008
0.981609
1.34827
0.92262
0.669541
0.697064
1.08863
1.13508
1.12624
1.3556
1.11538
0.394495
0.504476
1.07648
0.801141
0.350492
0.84406
1.02706
1.30072
0.851441
0.691379
0.557128
0.812983
0.756712
0.45167
0.969134
1.03557
1.51601
0.785568
0.280633
1.00919
0.50052
0.833256
1.38163
1.17728
0.912728
0.318026
0.222295
1.00304
0.888024
0.907146
1.01612
0.254742
0.522463
0.532593
1.19525
0.611478
0.813457
0.853089
0.610521
1.07575
0.866309
1.05405
1.49163
0.523049
0.507452
0.877348
0.398714
0.9553
0.362352
0.615943
0.629654
0.779669
0.865411
1.28001
1.40588
0.349424
1.41952
0.526712
1.13963
0.821316
0.838928
1.02355
0.61058
0.851799
0.650435
1.11744
1.28423
1.01116
0.436798
1.18375
1.29783
0.449517
1.3811
1.29394
0.744396
1.18668
0.994588
0.504379
1.0098
1.31551
1.15655
0.768668
0.733106
0.992473
0.844703
0.713584
0.61273
0.901912
1.17822
1.22376
1.08626
0.865051
1.31561
0.847183
1.38543
1.26539
1.06416
1.24345
0.324281
1.04384
0.744544
1.19768
0.611104
0.956569
0.38384
1.14679
0.958857
0.817593
1.44842
1.20311
0.431963
0.918528
1.16219
0.505611
1.09554
1.19469
0.456377
0.768566
0.421334
0.824786
1.25774
0.749863
0.796692
0.904897
1.36587
0.925984
0.891412
0.469976
0.676399
0.908673
0.694373
0.427814
0.531018
0.987263
0.527366
1.11931
1.42962
1.09101
1.31224
1.48124
0.82043
0.819622
0.851286
0.24337
1.09196
0.632712
1.356
