0.932307
1.45468
0.372095
0.684447
0.605098
0.890339
0.423901
0.962186
1.17212
0.386856
0.662616
0.746833
0.416815
1.31761
0.513977
0.392917
0.785762
0.890019
1.30469
0.639865
1.05709
0.629478
0.556671
1.1326
0.457629
0.777675
0.24398
0.726098
0.57192
1.04827
0.381678
0.587454
0.800037
1.12437
1.50024
0.895712
0.412065
0.173012
0.898348
0.947638
1.11055
0.767911
0.831541
0.557393
0.94338
0.800075
0.428944
0.420478
1.2947
0.927656
0.761082
1.413
0.8515
0.643353
0.906767
0.907905
0.663247
1.20046
0.888113
0.499659
0.330544
0.512292
0.401285
1.16649
1.16456
0.97451
0.301306
0.310294
1.10837
1.03028
1.08451
0.704266
0.506832
0.813753
0.577695
0.670996
0.660043
1.08752
0.5111
0.848081
1.43182
0.343921
0.545786
0.876678
0.439828
1.25205
0.316631
1.38391
1.28314
0.408526
0.854229
0.371429
0.570047
0.833184
0.335076
0.58421
1.21625
1.29169
0.616603
1.0806
0.561353
0.777942
0.968498
0.708189
0.901461
0.523823
0.486811
0.84952
0.209456
0.886645
0.787911
1.33269
0.792111
0.399742
0.602592
0.821739
0.624785
0.527959
1.13812
0.532994
1.36718
1.20211
1.4107
0.816652
1.14344
0.723894
0.948028
0.781673
0.786298
0.830087
0.657988
1.31639
1.05939
1.14304
0.35039
0.827118
1.13881
0.989909
1.07034
1.03667
1.32114
1.09504
0.390804
1.26004
0.795541
0.592932
1.47308
0.715265
1.02112
1.5324
0.705242
1.13924
1.26118
0.540993
0.611311
0.995172
0.712636
0.916258
1.03866
1.47271
0.624104
0.967837
1.14437
0.82248
0.362804
0.464529
0.75284
0.721625
0.847605
0.725973
0.778879
0.783196
1.21362
1.02039
0.555297
0.584418
1.46778
1.01185
0.69556
1.49612
0.492904
0.769363
1.33345
0.758599
0.897042
1.21697
1.12513
0.73763
0.457641
0.575376
0.975676
0.942718
0.974546
0.635278
1.20987
1.2457
0.639843
0.491698
1.15194
0.883042
0.368445
0.537522
1.26458
0.607885
0.497109
0.687291
0.856869
0.840615
1.22463
0.758891
0.858741
0.46194
0.898117
1.00228
1.00286
0.65224
0.271715
1.43127
0.894319
0.743116
0.426999
1.21589
0.703631
0.373438
1.34039
0.946807
1.02701
1.53646
0.980719
0.915999
0.459033
0.964652
0.343699
0.597633
0.78409
0.405325
0.636488
1.11114
0.594938
0.737674
1.46323
0.944242
0.492044
0.895921
0.430972
0.83399
1.2513
0.412333
0.800135
1.15861
0.930227
1.20083
0.647207
1.17881
0.925057
0.684877
0.328868
0.515944
0.700324
1.29555
0.883163
0.901866
0.960091
1.15976
0.305639
1.54271
0.403192
0.929969
1.56465
1.53801
1.30673
1.10423
1.40093
0.779082
0.369674
0.853284
0.785776
1.16586
0.816274
1.13799
1.56615
0.661395
0.560185
0.679271
0.540385
1.1417
0.517348
0.630894
0.279986
0.748908
1.22375
0.524877
1.33055
1.16183
0.634561
1.20032
0.883961
0.74629
0.881766
0.797107
0.788339
0.236939
1.33821
0.853083
1.3758
0.880204
0.718927
0.876528
0.918543
0.827822
0.153392
0.868593
0.836841
0.562896
0.215888
0.443561
0.341944
1.09521
0.852301
1.1227
0.819682
1.45407
0.447354
0.576567
1.0014
1.20995
0.181357
0.0830543
1.48479
0.648521
0.728257
1.08925
0.541775
0.730221
1.12944
0.324572
0.77764
1.032
0.730253
0.469669
1.21665
1.08804
0.892573
1.56767
0.201655
0.679539
0.370649
1.29247
0.496106
1.26255
1.37408
1.12347
0.667949
0.950865
0.667787
1.38841
0.114847
1.00082
1.24705
1.32407
1.41579
0.330024
1.0027
0.489337
0.767739
0.307968
0.482761
0.735582
0.806427
1.08062
0.46841
1.22076
0.790263
1.27164
0.783103
0.490771
1.55054
0.349081
0.842244
0.823518
1.03876
0.870187
1.12486
0.204776
0.732905
0.762731
1.4269
0.668191
1.40854
0.739329
0.886475
0.263044
1.17004
0.405877
1.29446
1.01446
1.0884
1.17295
1.22769
1.38217
0.254446
1.30508
0.621659
0.641948
0.969021
0.569057
0.763359
0.942202
0.54994
0.67469
1.49437
0.750678
0.860295
0.976903
0.848097
0.545404
1.16398
0.782129
0.775855
0.260208
0.354354
0.887465
1.10184
0.562128
0.73754
1.04219
0.494482
1.04519
1.03434
0.832121
0.533132
1.43922
0.334044
0.826994
1.02404
1.16224
0.736299
0.41353
0.672191
0.613047
0.516321
0.352721
0.849896
0.411164
0.918813
1.22082
0.774591
0.611321
0.774662
0.806676
0.738947
1.34887
0.717925
0.319421
1.13965
0.833852
1.10985
0.877073
0.610912
0.783851
1.27014
0.873845
0.55828
0.672493
1.32942
1.21143
0.319113
0.712013
1.09984
0.648574
0.552582
0.448051
0.769821
0.307247
1.02745
1.36827
0.505191
1.3079
1.3988
0.749724
1.27867
0.536142
0.353758
0.510499
1.0764
0.577043
0.505438
0.441815
0.892727
0.245507
1.1179
0.905921
1.31432
0.743435
0.411035
0.437194
0.895801
0.934337
0.422598
0.628533
0.941814
1.11569
0.595479
0.927346
0.669714
0.972864
0.364811
0.78558
0.511288
0.489039
0.686335
0.794121
0.40166
1.15603
0.87402
0.984504
0.599286
0.763252
1.56241
1.15061
1.01595
0.23629
1.52873
0.846458
0.359493
0.834581
1.38013
0.971029
0.586167
1.0466
0.408936
1.37993
0.800718
0.942471
1.08552
1.17713
1.46743
1.39245
0.871107
0.748362
0.570215
1.19021
0.823377
0.645428
1.10268
0.711164
1.0718
0.529152
1.26185
1.0749
0.826738
0.981391
0.595554
0.270819
1.40498
1.00119
0.661945
0.844131
0.961399
0.753913
1.03498
0.703104
1.13147
0.564623
0.723315
0.778905
0.729033
1.51848
1.00365
0.446223
1.17886
0.868248
1.18692
1.33776
0.525458
1.56362
0.459533
0.707288
0.74768
0.676912
1.05575
0.49339
0.956347
1.53423
1.0282
1.47161
0.553189
1.15623
0.919894
0.696712
0.802918
1.04955
0.627212
1.40329
0.975218
0.937728
0.465027
0.850693
0.748309
1.08019
1.36054
0.776561
1.05048
1.13503
0.872083
0.276387
0.654425
1.20633
0.6139
1.45929
0.55401
0.343548
0.971963
0.27089
1.02096
0.410878
1.20178
1.44459
1.22097
1.36831
0.449987
0.723505
1.05198
1.2134
0.143651
1.02439
1.32749
0.966953
1.0321
0.735483
1.27004
0.37236
1.39879
0.728545
0.369002
0.585903
0.565718
0.408498
0.868078
1.32858
0.711367
1.32379
1.31098
0.387685
1.17811
1.52039
0.442333
1.45267
0.396018
1.4328
0.817807
1.38868
0.120388
0.467278
0.416313
1.11217
0.560624
1.37453
1.04543
0.804463
0.852539
0.836156
0.927221
0.581618
1.4427
1.45615
0.775285
0.580103
0.914814
1.34074
0.899353
0.876259
0.838345
0.699586
0.967774
0.878482
0.927985
0.898121
1.51542
0.703527
0.424316
0.22225
0.952885
0.680211
0.225043
0.952825
0.616792
1.07699
0.506576
0.627942
0.801031
0.912975
0.763467
0.381135
0.800309
0.80231
1.49081
0.466507
0.553722
0.0926546
0.69719
1.12603
0.339066
0.623451
0.623352
0.235522
1.36434
0.688705
1.06508
0.771952
0.747726
0.693068
0.537274
1.41278
0.421031
0.432231
0.772265
0.779726
0.537229
1.13715
0.59528
0.311253
0.786918
0.608093
0.611057
1.10611
0.832824
1.35462
1.44857
0.475232
0.563743
0.958226
0.911897
0.852358
0.610165
0.519327
0.963424
0.757263
0.744415
0.530164
1.04942
0.864844
0.666696
1.54211
1.01466
1.10883
0.929795
1.26154
1.20985
0.327788
0.934586
0.381497
0.761824
0.995186
0.609081
0.587649
0.493111
0.666284
1.22591
0.884004
0.675483
1.17249
1.09628
0.269094
0.567254
0.668529
0.625425
0.87514
0.748977
1.26097
0.824917
1.27042
0.24841
0.555907
1.52912
1.08032
0.465329
0.823475
0.58188
0.978428
0.915923
0.905937
0.387143
0.877154
1.13217
0.414467
0.697616
0.472542
0.927264
0.332317
0.893847
0.56313
0.334036
1.13067
0.343186
0.386105
0.746689
0.792015
1.13122
0.554176
0.661772
0.919253
0.479977
0.739861
0.689381
1.39333
1.11741
1.42972
0.455643
1.1467
1.26491
0.517701
0.778539
0.631025
0.924427
1.19484
0.794627
0.601941
0.673094
0.706256
0.232224
0.842293
0.611644
0.748637
1.21671
0.260662
0.724131
1.17232
0.744028
0.227434
0.458812
0.855742
1.09083
1.22304
0.538997
0.37
1.34611
0.701569
1.13958
0.937521
0.479074
0.489451
0.694828
1.33917
0.533726
0.719706
0.896297
1.05006
0.536265
0.708495
1.30865
0.810875
1.49822
0.993966
1.22191
0.385833
0.98014
0.796411
0.89379
0.877834
0.949441
1.06781
1.3225
0.359006
0.504898
0.737213
0.564728
0.727309
1.51113
0.704696
0.313792
1.17921
0.284792
0.551139
1.0709
1.07435
0.724577
1.1397
0.678393
1.12125
0.759608
0.848575
1.1348
0.927731
0.533996
0.551808
0.87086
1.11443
1.44759
0.763067
1.16559
1.44729
0.591381
0.575646
0.601189
1.19167
0.817557
1.27496
0.765121
0.261596
0.697771
0.78521
0.990118
1.09616
0.212051
0.525253
0.816095
0.795328
0.634532
0.770545
0.85075
1.00228
0.420505
0.667819
0.626288
0.266129
0.256485
0.614433
1.08878
0.625247
0.901393
1.14864
0.604839
0.713645
1.00338
0.15501
0.264601
0.583839
0.325786
1.36553
0.482339
1.09375
0.200031
0.889398
1.41291
0.618269
0.974999
1.0261
1.3157
1.39244
0.661771
0.550118
0.820445
0.845207
0.945784
0.353182
0.792783
0.504948
1.28426
1.15443
0.650366
1.14283
1.02061
0.795062
1.51791
0.761221
0.782264
1.1328
0.472439
0.729173
0.891475
1.01734
0.60548
0.311114
0.818879
0.405604
0.410526
0.589389
0.43631
0.728278
1.29188
0.65423
0.399684
1.54771
0.440586
1.16953
0.718352
0.829117
1.02904
0.273137
0.243219
1.35498
0.698876
0.323518
0.698943
0.226188
0.771304
0.378341
0.883628
0.752414
0.957803
0.629531
0.435935
0.41325
1.56592
1.08199
0.486405
0.547727
0.502274
0.765891
0.551928
1.04748
1.32946
0.265854
0.849668
0.424277
1.34406
0.688495
0.660898
1.52938
0.337276
0.851919
1.02527
0.275423
0.479308
0.718765
1.14493
0.396703
1.01427
0.970195
0.690483
0.724118
0.637614
0.624141
1.56966
1.29138
0.912367
1.48045
1.31756
1.247
0.800591
1.08222
0.894405
0.345937
0.754345
0.975341
0.746982
0.424818
1.27252
0.527005
1.42072
1.32349
0.706185
1.15242
0.688393
0.949963
1.00972
0.370882
0.448438
0.922925
0.870087
1.21881
0.831468
1.46286
1.30296
0.95731
0.399139
0.981134
1.50188
0.876153
0.469041
0.6229
1.35189
0.985558
0.71556
1.01773
1.12459
1.14494
1.1914
0.95347
0.263217
1.01755
0.538056
1.1758
0.951545
1.1495
1.07268
0.987347
0.711904
0.885216
1.41412
0.999955
0.736571
0.77613
1.19799
0.300866
1.42283
0.913984
0.662188
0.774305
0.855315
0.74038
1.33073
0.94755
0.680053
0.208239
0.166564
1.27264
1.25311
0.627731
1.11178
0.799641
1.04843
0.314413
0.653378
0.281667
1.40585
0.944346
0.959861
0.697287
0.838595
0.915791
1.51651
0.33755
1.29431
1.03793
0.983392
0.401462
1.09822
0.672112
0.461153
0.651862
0.147346
1.04079
0.59768
0.724096
1.14389
1.08978
1.50848
1.4264
0.675651
0.696222
1.09558
0.78724
0.550089
0.878703
0.565678
0.596511
1.25714
0.795503
0.426235
1.16868
0.936699
0.404478
1.20336
1.46771
0.740966
0.72252
0.867873
0.921844
1.41381
0.915922
1.27158
1.00235
0.542132
1.45584
0.392042
1.12127
0.41943
1.19754
0.777552
1.21098
1.08691
0.846821
1.17308
0.710714
0.838281
1.32345
0.419175
0.543979
0.256791
1.23632
0.469046
0.686588
1.07124
1.04415
0.173336
1.11064
1.3503
1.16677
0.786706
0.353455
1.20669
0.615263
0.547282
1.26111
1.01268
1.05903
0.294187
0.794988
1.17071
0.778355
1.00458
0.319426
0.600891
1.14244
1.40868
0.710578
0.963438
0.772824
1.05178
0.720325
0.479438
1.5451
0.374441
0.978854
1.18898
0.327089
0.839921
0.614208
0.7049
0.798114
0.457309
0.557077
0.967826
0.647718
0.817623
0.521466
0.553249
0.565811
0.314607
0.411592
0.484811
0.510862
0.994179
0.941909
1.55215
0.732182
0.956931
0.251896
0.744274
1.03676
0.827051
0.664976
0.553943
0.188628
1.0717
0.766128
0.347637
0.839623
0.485681
0.639162
0.494371
0.79912
0.825879
0.873139
1.00584
0.648772
0.318739
0.604083
0.383901
1.38893
0.303778
1.15235
0.695606
0.778872
1.17737
0.456463
1.22344
0.849544
0.988
0.822955
1.05697
1.46691
0.587905
0.693639
0.486664
0.253047
1.25359
0.60809
0.508558
0.4648
0.396796
1.4656
0.684309
0.813042
0.961309
1.28844
1.1375
1.1439
0.867996
0.973224
0.756211
0.370321
0.324053
0.206416
1.33561
0.861711
0.779378
0.756827
0.323965
0.888427
1.14789
0.557823
0.794643
1.18788
1.08473
0.159772
0.525991
1.33632
0.663321
1.07176
1.47866
1.49525
0.689407
0.991919
1.04169
0.455314
0.83621
1.54965
1.48432
0.597847
0.371699
0.574566
0.62175
1.00097
0.659964
1.19186
0.654535
0.779897
0.996012
1.10734
0.46606
1.117
1.08687
0.893542
1.50814
0.992657
0.975004
0.891231
1.0407
0.656557
0.248144
0.619475
0.4677
0.231921
0.829266
0.788578
1.1621
0.928554
0.752149
1.0484
0.636871
1.42315
0.743529
0.22309
0.946893
1.42766
0.910986
0.556664
0.97182
1.37172
0.807146
1.35739
0.954649
0.910598
0.795276
0.928338
0.945434
0.576902
1.13395
0.830116
0.880746
1.52432
1.47059
0.268423
0.870634
1.5368
0.734473
0.395214
0.762171
0.292686
0.308162
0.668396
0.54594
0.5043
0.820202
0.846132
0.618659
1.52925
0.637686
0.509592
1.19539
0.919882
1.30206
0.733636
0.656145
0.770972
0.449778
1.52534
1.13849
0.46037
0.965769
0.624608
0.534466
0.758618
0.930175
0.948662
0.966828
0.614208
0.820945
1.55
1.53325
1.17895
0.292223
0.555139
1.36275
0.620448
0.77325
0.828731
0.825076
0.613556
0.865345
1.03785
0.838143
1.33603
0.845566
1.31566
0.571219
0.904541
1.36685
0.123988
0.596186
1.34275
0.849625
0.637801
0.740331
1.41577
0.343244
0.673476
0.24657
1.47562
0.856246
0.655393
1.08363
1.00832
1.38922
0.665503
0.877827
1.3199
0.80325
1.18013
1.14048
0.541245
1.45278
0.296734
1.304
1.37935
0.975557
0.420293
0.687379
1.31161
0.47765
0.652187
0.507382
0.467981
0.936256
0.832255
1.33192
0.893023
1.40902
0.856438
0.366623
0.763913
0.738296
0.933244
0.692416
0.994452
0.925559
0.653127
0.776896
0.950507
0.807575
0.244823
1.4535
0.622052
0.748761
0.639211
1.19535
1.15221
0.845908
1.30018
0.681958
0.374909
0.635155
0.499207
0.876173
0.842466
0.665816
1.44482
0.511312
0.771187
0.861327
0.536879
1.3417
0.729043
1.06021
1.10596
0.964152
0.925146
0.716073
0.677976
0.964251
0.656255
0.644014
0.430465
0.347148
1.5585
0.794649
0.628936
0.644901
1.065
0.722409
0.399841
1.21443
1.4655
1.00581
0.705941
1.11047
0.126445
0.708437
0.518433
0.340104
0.873944
0.722657
0.837126
0.857824
0.8084
1.22025
0.9886
0.88004
1.00968
0.602983
0.920269
0.403622
0.507872
0.778304
0.744817
0.344994
1.48873
1.38323
0.604711
0.682839
1.15211
1.3021
1.03634
0.752014
0.703383
0.800434
1.10155
0.977513
1.1723
0.690098
0.592349
0.555662
0.856539
0.718484
1.0137
0.826444
1.09965
0.744778
0.919891
1.23495
0.397744
1.4691
1.18612
0.695181
0.891118
0.369544
1.16769
1.24812
1.56974
0.495135
0.262718
0.660354
0.686008
0.648662
0.940449
0.673454
1.12708
0.673488
0.317542
1.43282
1.36697
0.582484
1.11611
0.197426
0.814736
0.608445
1.08733
0.798574
0.711512
0.424614
0.464562
1.12236
1.1575
0.382111
0.390313
0.752413
0.868327
0.629074
0.535207
1.27663
0.502692
0.322214
0.914323
0.287622
1.43931
0.892374
0.509826
0.411147
1.40093
0.496347
0.926232
1.07708
0.991233
0.613853
1.07696
0.904443
0.39822
0.668676
1.14858
0.472519
0.956372
0.264906
0.976093
0.71877
0.713614
0.41226
0.343299
1.23967
0.677856
0.535547
0.696747
0.963427
0.42992
0.906593
0.519819
0.622868
0.958029
0.933268
0.971873
1.56005
1.37457
1.26286
1.51775
0.565056
1.23937
1.20296
0.859121
1.49098
0.890763
0.936202
0.941729
0.665837
0.57755
0.793216
1.53912
0.397765
0.708907
0.263497
1.09511
1.11197
1.14352
0.34465
0.854921
1.29551
0.211452
0.916943
0.391123
0.521611
0.415076
1.01273
1.34052
0.237299
0.14897
0.911098
1.31932
1.08087
0.471923
0.871408
0.447823
0.535011
0.876499
0.431927
0.85742
0.889763
1.33464
0.335003
0.363938
0.60362
1.01648
0.179485
0.853228
0.814115
1.07924
0.735745
0.570439
0.721556
0.356625
0.597706
1.18037
0.371924
0.68865
0.892521
0.881836
0.414747
1.16331
1.01403
0.645317
0.800473
0.76889
1.42439
1.35517
0.708239
1.08417
0.834319
0.765861
0.759765
0.777784
0.523935
1.05217
0.773087
0.824158
0.605489
0.88951
0.587448
0.735773
0.620289
0.591404
0.432285
1.04395
0.653986
0.354045
1.4617
0.820839
0.92786
0.801181
1.46935
0.440026
0.721641
1.26736
0.565117
0.892895
0.590605
0.7282
0.740542
0.868066
0.459925
0.900083
0.879713
0.952699
0.81442
0.788424
0.733139
1.09851
0.590224
1.12241
1.40321
0.893501
1.20086
0.545781
1.16593
1.27338
1.52159
1.215
1.23436
1.07461
0.981494
1.15355
0.931091
0.666545
1.42359
0.971564
1.17579
0.852074
0.96403
1.13122
0.926682
0.831582
1.2165
0.247341
1.3943
0.722454
0.382535
0.526791
1.53157
0.635546
0.515769
0.943833
0.834464
0.877316
1.30019
0.636453
0.233701
0.54508
0.995675
0.732273
1.21115
0.943238
0.230405
0.980334
0.375935
0.726624
1.36072
0.763855
0.436687
1.22789
0.859314
1.55896
0.783558
0.205671
0.38331
0.816152
0.870791
0.414739
0.742418
0.63608
0.567857
0.709019
1.41946
1.09704
0.742818
1.22392
0.727906
0.774238
0.391176
0.581526
0.939826
0.499175
1.26658
0.749659
0.949747
0.874561
0.952557
0.869854
0.34841
0.545319
0.949403
0.888845
0.977225
0.561189
1.39983
0.485918
1.17867
1.31595
0.672153
0.855511
0.322487
1.36297
0.308683
0.757625
0.445002
0.138428
1.49316
0.896856
0.771462
0.936935
0.816915
0.673228
1.01814
0.606888
0.394468
0.388292
0.648306
0.985659
0.58189
0.253791
1.06767
1.1234
0.640444
1.35882
1.1475
1.30602
1.06314
0.869255
0.84692
0.642444
0.949553
1.10745
1.17738
0.30174
0.586947
0.553751
0.620287
0.604855
0.789889
0.895713
0.532591
0.570156
0.978233
0.883559
1.07077
0.826234
0.262815
0.906363
0.60123
0.554735
1.40458
1.10228
0.286605
0.436737
0.885266
1.42591
0.924629
0.879091
1.21092
1.023
1.24897
0.824163
0.889374
0.98424
0.794597
0.676331
1.02192
1.21977
0.873316
0.429771
0.756335
0.67692
0.295581
0.899438
1.35351
1.13254
1.01264
0.826457
0.665498
0.765959
1.06156
0.520428
0.800983
0.932852
0.684892
0.356349
0.724228
0.425496
0.88415
0.860361
0.945871
0.691794
0.474031
1.00074
1.48886
0.745797
0.632805
0.523904
0.381741
1.22566
1.10727
1.00476
1.45934
1.11486
0.504433
0.82456
1.15353
0.603214
0.879291
1.01868
0.525447
0.67285
1.17615
0.869737
1.51277
0.58525
0.922932
0.471582
0.814231
1.14333
0.438802
0.595358
0.840709
0.506403
0.415992
0.827668
1.14762
0.252822
0.430888
0.745561
0.541408
0.863425
1.03919
0.701651
1.46035
0.698939
0.597411
0.50385
0.937296
0.631794
1.27094
1.53319
0.645177
1.35941
0.549291
0.637375
0.525944
0.690432
0.876694
1.497
0.898494
0.934729
1.0416
1.42403
0.439843
1.17954
0.208122
1.24753
1.28209
0.437864
0.884619
0.777095
0.496311
1.2426
0.433282
1.09775
1.04746
0.807685
1.36772
0.695052
0.852838
0.535464
0.51992
1.00496
0.984919
0.841766
0.744572
0.831075
1.55453
1.44776
1.09063
1.14276
0.685168
0.540253
0.542873
0.527735
0.657687
0.519591
0.552208
0.461684
0.508733
0.819348
1.27046
0.539862
0.375195
0.647734
1.19311
0.611012
0.476171
0.663487
1.27899
0.596593
0.81575
0.641877
0.753286
0.792471
1.55672
0.625773
1.12264
1.35692
1.258
0.397191
0.657569
0.911124
1.06311
0.686118
0.346233
0.647105
0.844235
0.987507
1.03411
1.21012
0.531712
0.416947
0.811224
0.615518
1.18529
0.620905
0.8717
1.00959
0.62703
1.52173
0.645871
0.975255
0.827835
1.02314
1.25352
1.15095
0.855241
0.95839
0.403938
1.18373
1.03896
1.40889
1.16286
0.777232
0.37671
1.19073
0.559585
0.91548
0.639366
0.724996
0.480425
0.286245
0.670438
0.444008
0.676996
0.506069
0.933051
0.637614
0.880044
1.09433
1.39299
0.868662
0.804955
0.905336
0.826621
0.380642
0.702889
0.730872
0.295195
1.3703
0.261846
0.559513
0.623314
0.481884
1.2055
0.805678
1.40024
0.459127
0.549391
0.869468
0.778335
0.591448
0.902772
1.04462
0.990532
0.624687
1.09158
0.96141
0.278217
0.618666
0.494219
1.10569
0.986543
0.988691
0.890372
0.66843
1.35178
1.13564
0.268563
1.39152
0.949017
0.330224
0.676377
0.97322
0.872446
1.08398
0.828897
0.479183
0.44853
0.674591
0.665378
1.215
1.02423
1.40385
0.777708
0.41926
0.343893
1.45812
0.847301
0.383381
1.12161
1.10536
1.23878
1.20584
0.806234
0.920309
0.533011
0.352092
0.913623
1.01977
0.497037
0.822724
0.494801
1.54562
1.33365
0.539942
1.12207
0.533678
1.35645
0.609886
0.85261
1.18173
1.10756
1.21251
1.01311
1.07529
1.09114
1.51235
0.622641
0.99788
1.25356
0.421958
0.714622
0.947887
1.04605
1.12169
1.00175
1.07564
0.910231
0.949735
0.898502
1.02613
0.95016
1.03321
0.627867
0.700424
0.564126
0.519993
0.71686
0.74733
0.850207
1.1072
1.03107
0.618918
0.750538
0.796361
0.656051
0.387493
0.809446
0.571841
0.257654
0.347795
0.990138
0.790362
1.49349
1.03092
0.604638
0.57433
0.698656
0.354182
0.706931
1.13479
0.266518
1.13972
1.52854
1.0379
0.889597
1.21498
0.729501
1.24984
0.617387
1.05953
1.01471
0.556137
0.917353
0.234995
1.53128
0.496815
0.437634
0.763653
0.534366
0.939937
0.984081
0.612218
0.605628
0.375082
1.06193
0.512151
1.05761
0.557983
0.975907
1.21848
0.337746
1.22257
1.15489
1.10766
0.873388
0.434814
1.49579
1.40343
0.989383
0.753752
0.793374
0.407969
0.77819
0.528522
1.53268
0.406166
1.45153
0.956352
0.506245
0.474061
0.695089
1.08646
1.21413
0.968862
0.435258
1.15588
0.566278
0.639373
0.390614
0.5345
0.287626
0.5804
1.17869
1.28361
0.626868
0.477931
0.681376
0.618809
0.92445
0.60024
0.854887
1.04798
0.887284
0.511244
1.54865
0.732782
0.576524
1.47128
0.574657
1.42521
0.260311
0.668624
0.431789
0.750579
0.286591
0.708468
0.504804
0.786792
1.05101
1.24703
0.903311
0.396696
1.0148
0.862861
0.894325
0.709761
0.641228
0.850281
0.879574
0.845944
0.762758
0.95644
1.08419
0.981327
0.467913
0.703309
1.03115
0.97563
0.765349
0.90799
0.644346
0.341872
0.777657
0.698539
1.27736
0.230584
1.07641
0.884798
1.30054
1.24316
0.724131
0.875634
1.00906
0.663793
0.668195
0.815622
0.483894
0.613207
1.36708
0.993836
0.993104
1.33479
0.402915
0.396512
0.268677
1.34115
0.814987
1.49682
1.25256
0.57639
0.465132
0.596915
0.733891
0.215259
1.27434
0.576535
1.17696
0.961859
1.2207
0.529431
0.338222
0.128863
0.86393
0.545406
0.892878
0.822323
0.354254
0.821718
1.42015
0.396261
0.614473
1.11421
0.655621
0.816945
0.899031
0.914506
1.22562
1.14273
0.615008
0.299497
0.477644
0.456835
1.44187
0.185024
1.04874
0.936024
0.225203
0.449709
0.227646
1.26981
0.523203
0.671284
1.21588
0.796102
0.709548
0.433559
0.570961
0.960878
0.152621
1.39907
0.834995
0.552743
0.654595
1.05538
0.767946
1.22289
0.870879
1.2406
0.411116
0.577411
0.667218
0.287171
0.94891
1.50066
1.35669
0.809248
0.323066
1.23855
0.951775
0.720505
1.35387
1.27508
0.220263
0.607582
0.787424
0.725029
0.577635
1.01493
1.42258
1.34814
0.826283
1.51217
0.766438
0.218502
0.753629
0.743927
0.531076
0.484611
1.07392
0.532674
0.386137
0.645269
0.543588
0.978805
1.54116
1.02125
0.876733
0.527279
1.17913
0.873875
0.974865
1.56053
1.1313
0.327996
0.751322
0.556848
1.30665
0.575689
0.573342
0.847451
0.347305
0.663432
0.788536
0.481174
0.47539
1.27064
0.217765
0.363516
0.960356
1.39319
1.47966
0.911608
0.657575
1.1899
0.4641
0.630291
1.2493
0.942231
0.775749
0.87516
0.773887
1.00325
0.33684
0.796211
1.48092
1.09595
0.713876
0.870972
0.490094
1.04443
0.47803
0.96188
1.3689
0.827748
1.38485
1.20512
0.660056
0.540347
0.889613
0.794317
1.36811
0.73343
0.555545
0.438097
0.724983
0.672467
0.171245
0.891751
1.27255
0.60322
1.4511
0.700781
0.482912
1.03443
1.10354
0.622196
0.577291
0.607369
0.559004
0.556688
1.13647
0.781103
0.744576
0.518661
1.41745
0.976685
0.360147
0.952572
0.844796
0.353291
0.599183
0.39115
0.0849155
1.47498
0.465116
1.14262
1.09521
1.4048
0.839003
0.983931
0.932304
0.745101
0.616996
0.280209
1.37375
1.05246
1.19718
1.23436
0.902337
0.34585
0.80582
0.801322
0.721572
0.523383
1.2592
1.02144
0.81644
0.344224
0.688256
1.06464
0.754388
0.872532
1.15884
0.530699
1.15183
0.966103
0.530835
0.578952
1.07063
0.639139
1.24288
0.949546
0.750977
0.734263
0.798015
0.840582
0.824408
0.953997
1.40111
1.56296
1.48726
0.697977
0.670189
1.47022
0.136436
0.64306
1.05458
0.489618
0.324278
0.362762
0.624478
0.90948
0.559993
0.686498
0.779836
0.502288
0.821651
0.904362
1.14937
0.56667
0.823329
1.08728
0.815513
1.28886
1.0116
0.823427
0.610234
0.600868
0.955051
0.218121
0.513291
0.977295
0.779849
0.749252
0.675615
0.803112
0.596974
1.40609
0.426804
1.01609
0.866048
1.24981
0.486439
0.357961
0.900074
0.984945
1.16847
0.234186
0.977385
1.05904
0.873016
1.42168
1.51228
1.2737
1.02694
0.378489
0.879224
0.514648
1.52284
0.406802
1.06597
1.13594
0.854802
1.43357
0.367687
0.801216
0.690022
0.729415
0.621381
0.678504
1.45593
0.73509
0.586197
0.421433
1.13305
1.3941
1.03464
1.52466
1.42035
0.325739
1.01129
0.80751
1.08112
0.741149
0.916548
1.2474
0.995929
0.393073
0.342025
0.842621
0.961595
0.975846
0.950631
1.00857
1.27538
0.91654
0.5932
1.27914
1.01144
0.991889
0.447506
0.501847
1.21361
1.42374
0.570374
0.724897
0.996295
0.783803
1.10343
0.847842
1.07228
0.642681
1.17347
1.41803
0.292991
0.520523
0.54146
0.623691
1.39292
1.36844
0.845136
0.78023
1.20098
0.856513
0.74643
0.84955
0.720998
0.396223
1.3473
1.26023
1.25906
0.684819
1.05481
0.772712
0.573364
1.08862
1.35284
1.43907
1.06031
1.4573
0.504932
0.582591
0.6581
0.35827
0.966399
0.234434
0.73697
0.857091
0.652425
0.637802
0.662564
0.925075
0.204283
1.01614
0.649085
0.505946
0.456867
0.969206
0.694152
1.46561
1.00516
1.00219
0.695483
0.932788
0.710151
1.45997
1.10724
0.453125
1.0471
0.620064
0.352069
1.35793
0.948597
1.35993
0.277492
0.983834
1.18546
0.301311
0.771149
0.922324
0.908811
0.671957
0.976747
0.938438
1.55785
0.540633
0.660821
1.02961
0.730931
0.852859
0.743644
1.04383
0.550404
0.796421
0.471162
0.615539
0.613851
0.910368
0.50378
0.899869
1.10903
0.750026
0.56001
0.389804
1.03189
0.576111
0.901808
0.686211
0.864661
1.02544
0.488753
1.16069
0.77173
0.990303
0.329134
1.13229
0.99821
0.805184
0.647908
1.30308
1.23187
1.24812
1.24013
1.4468
0.863864
1.05812
1.1049
0.506388
0.515147
0.221317
0.570658
0.556445
0.776582
0.531741
0.741432
0.421569
0.852834
0.775949
0.669116
0.809697
1.31701
0.373872
1.17217
1.30867
0.661759
0.461276
0.686174
0.633645
0.625834
0.920783
0.914555
0.357902
0.935204
0.505268
0.502159
0.510528
0.560223
1.51254
1.28289
0.467723
0.683657
0.880702
0.556251
1.00909
0.965751
1.04957
0.409374
0.630376
1.31957
0.763208
0.604801
0.662314
0.75405
1.02248
1.38352
0.701858
0.956268
1.02926
0.736649
0.786918
0.477975
1.53744
0.732018
0.714203
0.888828
1.42946
1.11926
0.993093
1.36918
0.986059
0.332365
0.711981
1.17325
0.490922
0.496715
0.555326
1.2111
1.10975
0.608165
0.726871
0.605245
0.198693
0.504613
0.716499
1.18268
1.34592
0.86164
1.18354
0.726214
0.744643
0.514456
1.53321
0.307196
0.970943
1.29135
1.15149
0.666798
0.81153
0.760435
0.904837
1.17512
1.17423
0.563299
0.763473
1.06164
0.930766
0.766234
0.602882
0.871544
0.999405
0.246931
0.487456
0.718326
0.738974
0.609654
0.334665
1.2826
0.109011
1.30518
0.746488
0.623663
1.25771
1.20712
1.23546
0.546902
0.638014
0.770713
0.425478
0.50523
1.51339
1.49414
0.930405
0.788212
1.29159
1.52176
0.404708
1.5359
1.20905
0.301951
0.852739
1.05228
0.978403
1.27335
1.10623
0.449463
1.26155
1.16893
0.69475
0.631794
0.583972
0.299489
0.848808
1.03393
0.858004
1.07704
0.602463
0.765477
0.69676
0.508562
0.510962
1.2753
0.827357
0.380316
1.36743
0.985458
1.09676
0.855097
0.818585
0.909451
1.34285
0.802662
1.01222
0.819929
1.19458
0.44336
1.30944
0.874442
0.927645
0.707442
0.714415
0.421748
0.326784
0.843419
0.572063
1.03229
1.03091
0.549427
0.593314
0.991091
1.17629
0.899123
0.632197
0.616924
0.98015
0.857079
0.930734
0.647841
0.509272
0.372557
0.396193
1.28893
0.142688
0.0871839
0.383367
1.3804
0.636303
0.634218
0.861589
0.481113
0.428467
1.35586
0.397078
0.556781
1.55854
1.05531
0.816496
0.58718
0.835057
1.51874
1.16413
0.750567
1.01878
0.497486
0.39054
0.757304
0.602487
0.727381
1.01336
0.487778
0.322398
1.35512
1.05827
0.989829
0.61024
1.06926
0.846263
0.576874
0.875879
0.735766
0.720108
0.521792
0.819919
1.18757
0.872799
0.998253
0.577109
0.491902
0.323411
0.956382
0.425329
0.975519
1.26748
0.410188
0.920438
1.30325
0.692723
0.705247
0.655335
0.386247
0.538797
1.00467
1.3157
0.57705
0.40703
0.867113
0.760247
1.06672
0.291656
0.424801
1.38991
0.420697
0.827657
1.447
0.700551
1.15795
1.49172
1.43896
0.798156
1.33931
1.3809
1.06825
0.354495
0.443924
0.273761
1.24617
0.433905
0.180691
0.57273
1.52256
0.96732
0.27261
0.720625
0.974208
0.41367
0.712329
0.901249
1.15416
0.391576
1.25326
0.209972
0.858702
1.37117
1.4365
0.739018
0.844503
1.08208
0.723115
1.23741
0.560086
0.969001
0.612079
0.812336
0.568681
1.1698
0.887132
0.669154
0.916958
0.646104
1.1376
0.786076
0.436628
1.12214
0.39337
1.38874
1.33714
0.964289
0.225288
1.03637
0.723874
1.09745
0.651899
0.554962
0.973293
1.18868
1.18431
0.407695
1.08202
0.54804
0.619097
1.08946
0.720514
1.53066
0.578134
0.371876
0.335412
0.688251
1.14797
1.00788
0.721954
0.963317
0.926108
0.522627
0.698032
0.392315
0.863391
0.476832
1.13643
0.707146
0.172821
0.78182
1.12016
1.25458
1.05027
0.993507
0.903423
0.834398
1.32079
0.448309
0.528605
0.857709
1.2979
0.333259
1.06029
0.519485
1.32491
0.986582
0.485898
0.889466
0.787854
1.01446
1.52138
0.756407
1.14295
0.51384
0.548878
1.55806
0.606805
0.591183
0.669763
0.479808
1.35115
0.324946
0.296498
1.01681
1.03063
0.789136
0.891922
0.930715
0.428047
0.764688
0.551963
0.794182
0.909728
0.56353
0.551672
0.743407
0.871354
0.255482
0.610319
0.243995
1.11987
0.737078
1.07452
1.43294
0.814726
1.44827
0.753367
0.592465
0.774007
0.695064
0.586733
1.39831
0.490252
0.980772
0.795348
0.420106
0.389163
0.91121
0.863674
0.852725
0.933443
1.18012
0.362386
0.623869
0.524688
0.666509
1.23569
1.15232
0.660094
1.02468
1.22367
0.429882
1.41469
0.430085
0.594448
0.683585
0.927803
0.475316
0.806059
0.976931
0.254514
0.583601
0.357547
0.271722
1.53208
1.17619
0.663884
0.928118
0.812203
0.293247
0.999603
0.762292
0.2575
1.56315
0.470279
1.29896
0.97472
0.909418
0.788573
1.24684
0.657242
0.560098
0.899671
0.505314
0.541431
0.824998
0.380247
1.51602
1.53175
0.866434
1.31945
1.24741
0.896208
0.292788
0.741923
0.64497
1.43253
0.664335
0.652304
0.793671
1.12062
0.891033
1.46665
1.15274
0.549653
1.25757
0.725041
1.09449
0.987044
0.780768
1.01146
0.474259
1.04545
0.961498
0.42043
1.12914
0.363075
0.760652
1.23781
1.31463
0.678249
1.18075
0.447465
0.158893
0.83378
0.790128
1.10311
1.25617
1.12051
0.330339
0.458764
1.00619
0.222321
0.430952
1.49426
0.557323
0.726936
1.05612
1.25657
0.218859
0.748833
0.899093
0.856886
0.975213
0.849626
0.880124
1.14204
0.692589
0.567581
0.948524
1.08306
1.55263
1.00943
0.517506
0.952478
0.433937
0.368258
0.575475
0.870395
0.985124
0.541454
0.813269
0.525811
0.533343
1.29065
0.771161
0.51541
1.05677
0.735495
1.03702
1.05772
0.753645
0.831752
1.11569
1.01067
0.346028
0.95465
0.70718
0.919698
0.533987
0.821912
0.957579
0.854163
1.02007
0.307419
1.25438
1.33336
0.653222
0.996612
0.742561
0.917769
0.393713
0.936467
0.617415
0.477009
0.57931
1.2006
0.917264
1.15575
0.410934
1.12166
0.559624
0.472995
1.01981
0.750132
1.21747
0.87609
0.480178
0.912211
0.592206
0.52745
0.45311
0.631764
0.580603
0.979512
1.35377
0.815689
0.701554
1.23638
1.34239
0.995193
1.11888
0.901051
0.486755
1.27378
0.742647
1.34166
0.151272
1.29773
0.971784
0.352327
0.938085
0.68166
0.408673
0.595153
0.987223
0.825843
1.24192
1.19564
0.511045
0.768637
1.26039
1.03377
0.547498
0.978678
1.07584
1.30647
0.607031
1.35886
0.721889
0.801196
1.53492
0.782137
0.918451
0.791969
0.441879
0.967394
0.842175
0.349297
0.430771
1.16182
0.964915
1.25503
1.13337
1.3012
1.26882
0.832417
1.13358
0.343764
1.50296
0.704939
1.08277
0.611916
0.818038
1.08789
1.02862
0.583128
0.761824
1.24748
0.380998
0.601977
0.690711
0.635077
0.742573
0.926472
0.749698
0.764632
0.540372
0.440717
1.24033
0.512892
0.467546
0.703408
0.891732
0.852031
0.627847
0.949224
0.602974
1.48447
1.38684
1.19007
0.96845
1.10452
0.677508
1.09768
0.578255
0.446944
1.38901
0.376346
0.873109
0.878181
0.414898
0.478499
0.583498
0.919569
0.340393
0.780979
0.787605
0.689658
0.547534
0.596391
0.496689
0.759946
0.728467
0.62774
0.50887
1.18024
0.80245
1.37435
1.15623
0.862547
1.45867
1.34152
0.58085
1.1759
0.550746
0.416099
1.04328
1.32982
1.22271
0.891491
1.02174
0.469249
0.954775
0.859113
0.47344
0.914447
1.42258
0.404611
0.214804
1.05212
0.833144
0.72812
0.520851
1.28969
1.0009
0.696029
0.902799
1.08518
1.15967
0.544082
0.8645
1.02112
0.823721
0.637625
0.689076
0.960723
1.01973
0.929145
0.791555
0.610574
1.41727
0.712614
1.47911
0.981697
0.210468
0.527865
0.942703
0.452277
1.5112
1.48063
0.630055
0.265432
0.646779
1.17546
0.979507
0.360026
0.498365
0.945551
0.511173
0.410402
0.575873
1.28185
1.4687
0.68047
0.598188
0.554893
1.3657
0.855091
0.970986
0.607906
1.29961
0.6623
0.906828
1.02791
1.12541
0.737127
1.1957
0.57178
0.375458
0.823316
1.23786
0.860882
1.08393
0.767902
1.39112
1.18213
0.437183
0.394376
0.777407
0.873364
1.51737
0.598361
0.650242
1.01151
0.218883
0.548381
1.43883
0.380152
0.859552
0.681526
0.821872
0.445906
0.38251
0.829408
0.319873
1.03565
0.346719
0.750911
1.19363
0.786651
1.20556
0.330129
0.714718
0.63597
0.976664
0.659039
0.20016
1.17007
0.873922
0.442767
1.26713
1.4747
1.14262
0.500216
0.351821
0.208987
0.880514
0.877243
0.534608
0.535294
1.29613
0.647676
0.664977
0.914408
0.642103
0.70728
0.833061
0.90061
0.593632
0.631036
1.53
0.245952
1.27804
0.848363
0.538748
1.03968
0.19183
0.844671
0.526822
0.616869
0.863028
1.1455
0.348817
0.470305
1.16274
0.554596
1.19981
0.627778
0.555464
0.631884
1.33324
1.06
0.864516
1.24272
0.31672
0.350777
1.11279
1.15268
0.75589
0.543234
0.449273
1.12996
0.669917
0.738016
1.03832
1.13697
0.626779
0.689179
1.19706
0.505858
0.589906
0.964957
0.872942
0.773516
0.459944
0.794879
0.731152
0.465571
0.699722
0.347282
0.93538
1.46436
1.42927
0.650571
0.960364
0.494316
0.418772
0.387123
0.955922
1.42957
0.884587
1.38865
0.382981
1.5599
1.02917
0.952861
0.684857
0.800152
0.970822
0.706081
0.406046
0.429499
1.28119
1.25765
0.816939
0.648517
0.36054
0.989836
1.2389
0.944265
0.872444
0.789299
1.24683
1.24004
0.777232
1.21591
1.1184
1.26351
0.973948
0.676237
0.387402
0.357642
0.563282
0.533076
0.651645
0.463783
1.33103
1.19769
1.15235
1.24614
0.923827
0.648346
0.401225
0.504305
0.740954
0.565
1.0093
0.680327
0.744212
1.17797
0.830309
0.942239
0.856185
0.875635
0.913883
0.995117
0.315548
0.582927
0.7215
0.719661
0.428841
0.540718
0.41903
0.539652
1.47134
0.522289
1.04381
0.710143
0.669874
0.514593
0.579951
1.03484
1.07885
0.937419
0.92516
0.849277
1.48046
0.6141
1.03399
0.987197
0.911867
0.475199
0.458645
0.95099
1.00141
1.04431
1.39818
0.792334
0.841173
0.942319
1.01615
0.583479
0.555162
0.731618
0.780679
0.962151
1.35397
0.678959
1.02702
0.582728
0.92269
0.780127
0.31078
1.12736
0.537459
1.30453
0.740882
0.400934
0.448233
0.829567
0.692838
0.778753
0.480384
0.582817
0.883245
0.8846
0.437
1.41607
0.880678
0.305204
0.943129
1.54405
1.04171
0.55888
1.40857
0.271509
1.47459
0.938648
1.23228
0.601859
0.646517
0.712083
0.610227
0.468809
0.67871
0.595994
0.734424
0.376368
0.408386
1.18509
0.783864
1.05137
0.840264
0.396833
0.689374
0.788417
0.736864
1.45658
0.773567
1.09713
0.402385
1.3696
0.497298
1.34223
0.911521
0.787716
0.36972
1.35508
0.561575
1.3004
0.865571
0.671474
1.01505
0.622138
0.729804
1.24552
0.871893
1.02754
0.776233
1.18872
1.00588
0.564614
0.285594
0.794331
0.352488
1.2212
0.608289
0.707989
0.496469
0.832516
1.01823
1.02237
0.636046
1.37525
1.34845
1.04003
0.170846
0.36898
0.708472
0.966352
0.470451
0.749057
0.715783
0.827268
0.566457
0.601509
0.549829
0.453208
0.965425
0.954389
0.440072
0.519395
0.837463
0.53771
0.70355
0.724038
0.825083
1.24207
0.468076
1.18842
0.938346
1.28724
0.711538
0.432947
1.23306
1.05381
0.905223
0.528121
0.427068
0.62969
0.460991
0.70288
0.366949
0.192533
1.16809
1.3484
0.528299
1.20691
1.03337
0.415776
1.07197
0.549596
0.814111
0.668463
1.33688
0.647096
0.965498
1.44838
0.76903
0.429216
0.885002
1.15113
1.39808
0.784221
1.23325
0.657426
1.49992
0.501187
0.560425
0.780063
0.472585
0.680061
0.939096
0.131583
0.743774
0.92828
1.13054
0.770205
0.870081
0.865469
1.32477
0.389659
0.919442
0.568285
1.1814
0.469519
0.582613
0.295252
1.25166
0.210154
0.938626
0.366107
0.570904
0.941585
1.02824
0.574266
1.21203
1.39723
0.469204
0.800742
0.680539
0.69272
0.453335
0.88347
1.22489
1.1861
0.727901
1.00347
0.735785
1.49715
1.03764
1.08824
0.359319
0.566303
1.25461
1.08716
0.197357
0.849308
0.820836
0.959078
0.680949
0.485106
0.377824
0.546157
0.452089
1.17307
0.468382
0.809767
0.922275
0.783845
0.514609
0.346777
0.589474
0.811267
0.617935
0.627796
0.709954
0.935147
0.5428
0.519896
0.717887
0.343337
0.604648
1.19633
0.634838
0.541125
1.09978
0.955599
0.353592
0.544768
1.06105
0.964754
1.38248
0.564866
0.731526
1.42264
0.595344
1.38993
1.08957
1.17379
0.563948
0.89418
0.919126
0.87282
0.38613
0.352475
0.383878
0.522587
0.604675
0.669487
0.757467
0.630414
1.35374
1.10923
0.175699
1.53693
0.765125
0.57001
1.16566
0.589134
1.06896
0.471461
0.631753
0.449845
1.18371
0.341608
1.49804
1.18896
0.572351
0.627541
0.950449
0.386194
0.840785
0.616156
1.14473
0.799452
0.406069
1.07497
0.717709
0.915248
0.542395
0.339427
0.391549
1.46187
0.945751
0.706148
0.291008
1.055
0.904711
0.722956
1.17327
0.596065
0.822263
0.63803
1.49393
0.149744
0.725543
0.923001
0.346172
1.07458
0.699655
1.42062
0.224745
0.451786
1.45655
0.532308
1.14751
0.854615
1.50033
0.946906
1.21627
1.33852
0.710797
0.570111
0.270714
1.11057
0.548632
0.788313
0.145355
1.4198
0.674424
0.467647
0.962093
0.588795
1.21197
0.887743
1.05391
1.18267
0.891724
1.34329
1.12164
1.35101
0.977011
0.816963
1.53075
0.75779
0.581486
1.09863
1.534
0.868548
1.20138
0.417527
0.693269
0.444672
0.31133
1.0024
1.42602
1.14764
0.378086
1.2557
1.36408
0.803668
1.19386
1.28817
1.51702
1.01851
0.858049
1.04177
0.380615
0.607851
0.455826
0.20277
1.04662
1.52461
0.816061
0.368182
0.865749
0.637438
0.60055
1.33488
0.413564
0.633864
1.39457
0.996951
0.551522
0.371241
0.581052
1.50758
1.3624
0.928464
1.04817
0.189381
1.08738
1.19454
0.910867
0.553895
0.539779
0.715715
0.693981
0.343597
1.09477
1.17555
0.723234
0.677806
0.278035
1.39768
0.546659
0.83046
1.0568
0.823976
0.466691
0.826738
1.35103
0.701041
0.411958
1.28383
0.479074
0.278523
0.589484
0.16991
0.871933
1.15705
0.490428
1.04242
0.859954
1.02615
1.27639
0.949803
0.737041
1.31828
0.63821
0.606868
0.728252
0.725373
0.980313
0.789214
0.991503
0.461093
0.409538
1.32248
0.920894
0.365962
1.26746
1.08342
0.599892
0.61809
1.1412
0.458255
1.50989
0.635246
0.541163
0.207808
0.97103
0.526685
0.425094
0.318772
0.866772
1.01014
1.11586
0.814411
0.666349
0.570187
1.54186
1.10623
0.456541
0.931274
0.894783
0.855007
0.795914
0.306836
0.241427
0.591343
0.969754
0.967897
0.563096
0.733194
0.86984
1.2144
1.03655
0.627376
0.5073
0.559881
0.727847
0.205691
0.465051
0.861395
0.786013
0.965841
0.808898
1.11352
0.838087
0.899532
1.39683
1.17366
0.384436
1.03471
0.385617
0.940554
0.561754
0.649797
0.521057
0.435456
0.657026
0.820006
0.657325
0.365389
0.965431
1.10282
0.534255
0.807675
0.861327
0.351554
1.09352
0.757029
0.542096
0.688203
0.930763
0.492692
0.925927
1.26662
1.04329
0.315837
0.984814
0.655953
0.980788
0.167773
0.813598
1.18056
0.422885
0.291054
0.550572
1.20871
1.31826
1.38658
0.556677
1.14648
0.547389
0.889906
1.31994
0.950182
0.863204
1.11967
0.95065
0.646505
0.93856
0.221055
0.670252
0.790197
0.346855
1.27629
1.40879
1.31655
1.47023
0.568918
0.531411
1.09539
0.49818
0.770853
0.813212
0.544211
1.46998
0.595732
0.73223
0.586786
0.742884
0.587646
1.10963
0.556067
0.399868
0.555735
0.775787
0.569788
1.13701
1.49374
0.617839
0.822883
0.869436
0.560025
1.22691
0.937342
0.489161
1.00516
0.122584
0.603013
0.868009
0.659565
1.07785
0.885798
1.14243
1.4012
0.216421
0.714837
0.68702
0.815416
0.519151
0.547145
1.01662
0.558787
0.468295
0.992049
0.390017
1.39641
0.18622
0.834003
1.11915
0.967437
0.930555
0.872396
0.673178
0.919863
0.828982
0.732027
1.37629
0.490783
1.30605
0.316011
1.11358
0.602371
0.866195
1.24314
0.539034
1.11176
0.997439
0.725056
1.09977
0.479124
1.08549
0.942172
0.790207
0.965194
1.15758
1.11725
0.365304
0.982211
0.256729
0.976362
0.567095
0.646019
0.839223
0.682703
0.540906
0.586875
0.81093
0.405445
1.24736
0.816014
0.336646
1.10038
0.745017
1.18641
0.67581
0.250082
0.385083
0.746153
0.849499
0.367251
1.29006
1.40001
0.840984
0.786961
1.14484
0.63458
0.473992
0.623026
0.808473
0.443927
0.563932
1.01571
0.891899
0.474516
0.362699
1.01354
1.23595
0.579659
0.858141
0.789938
