1.13878
0.80353
0.523901
1.06096
0.496144
0.806552
0.643286
1.34469
0.588694
0.613604
0.93647
0.875356
0.854585
0.660056
1.28811
1.29764
0.884482
0.545596
0.630758
0.628537
0.364627
0.598502
0.317017
1.21921
1.47887
0.95231
1.12429
0.737542
0.480861
1.52428
0.464938
1.51611
0.912176
1.44619
0.861192
0.532548
1.10466
0.806496
0.335028
1.19726
1.09896
1.19183
0.631127
0.626571
0.801164
1.18062
1.05078
1.30399
0.945831
1.13247
0.558502
0.744178
1.26732
1.05116
1.08471
1.01158
0.848642
1.0981
1.37981
0.593755
0.214366
1.22271
1.27
1.37529
0.818224
1.11041
1.04974
0.551347
0.763328
0.914641
1.19822
1.18819
1.0296
1.05969
0.739368
0.749331
0.609503
1.1301
0.371723
0.872702
0.296088
0.683222
1.23704
0.321466
0.58416
1.36831
0.899886
0.48798
0.383864
0.136684
1.20844
0.471215
0.664099
0.62545
0.950099
1.52179
1.20262
0.888161
0.5722
0.976964
1.04906
1.00258
0.890202
0.26122
0.409089
0.777487
0.546446
0.969866
1.32339
0.771796
1.09328
0.847349
1.17147
0.822269
0.337555
1.18635
0.824081
0.68216
1.21149
0.514429
0.822044
1.50413
0.222908
0.841133
1.21305
0.371465
0.760147
0.270173
0.657374
1.17831
0.710497
0.728678
0.846435
0.750835
0.598178
0.885293
0.771672
0.291066
1.48923
1.29553
0.362098
0.898354
0.847362
0.358959
0.963
0.75174
0.39252
0.424796
1.06967
0.507596
0.673979
1.08284
0.926474
0.525734
0.532546
0.854636
0.732529
0.762827
0.636702
0.689521
0.72525
0.997176
1.21746
0.983629
0.795669
0.546869
0.657979
1.11099
1.0184
1.15927
0.221684
0.693887
0.252348
0.354777
1.02744
0.597579
1.3302
0.362142
0.978745
0.640159
0.660708
1.17124
1.19422
0.709153
0.908195
1.03183
1.40982
0.571901
1.08137
1.30267
0.645759
0.302797
0.839919
0.953869
0.818957
0.547387
0.331175
0.288165
0.61021
1.45412
1.48858
0.848787
1.22387
1.31264
0.65871
0.975445
1.06713
1.13285
1.52938
1.13036
1.195
0.612838
1.49085
0.98129
0.976798
0.643093
0.546738
0.231318
0.36024
1.04037
0.791126
0.203363
0.775319
1.00663
0.279214
0.129098
1.06025
0.122408
0.244883
0.160646
0.737174
0.825775
1.01482
1.0807
0.868766
0.968601
1.18808
0.833096
0.67518
1.10709
1.31239
1.10183
0.423077
1.00103
0.303126
1.16976
0.349425
1.03531
0.960901
1.19024
1.26221
0.304239
1.0343
1.46203
1.03458
0.36651
0.260864
1.0832
1.00496
0.292164
1.17744
0.757196
1.42942
0.324569
0.559005
0.964563
0.269501
0.484531
1.03841
1.47216
0.479574
0.662327
0.840308
1.28451
1.538
0.445301
0.583982
0.743508
0.954676
1.2087
1.56081
0.851276
1.01028
0.961083
0.782104
0.462811
1.03752
0.756361
0.512656
1.00835
0.79485
0.579125
0.928419
0.908941
1.49561
1.47718
1.5404
0.817381
1.03071
0.707277
0.577267
0.264786
0.836003
1.24621
0.816288
0.823521
0.942113
0.763936
0.989035
1.02467
1.01309
1.19429
1.32844
0.500715
1.269
1.01456
1.43021
0.777482
1.41646
0.756666
0.829141
1.06987
0.833952
0.842755
0.603053
0.735881
1.14589
0.487734
0.187247
0.786228
0.599452
1.49356
0.746651
0.336192
0.745864
0.634658
0.831285
1.25436
1.22487
1.04393
1.19713
0.780371
1.37606
0.982403
0.914815
0.679435
0.650566
1.49811
0.729779
0.959831
0.480954
1.09135
0.761965
1.00913
0.835928
1.32479
1.25516
1.10701
1.30249
0.683414
1.20293
1.21025
0.852899
1.00322
0.318548
0.625776
0.973845
0.782556
0.601318
0.865727
0.957195
1.23773
1.07803
1.42505
0.583067
0.972376
0.36069
0.546457
1.08715
1.09517
1.17443
1.17381
1.35231
0.789959
1.54023
0.946778
0.256466
1.18833
0.423852
0.398095
0.859133
0.435872
1.05663
0.830978
0.427727
0.677711
1.17203
0.326356
0.652364
0.865473
0.496836
1.13967
1.20275
0.867503
0.937405
0.435916
1.05534
0.261293
1.05716
0.505751
1.12024
0.615015
1.1931
0.61069
1.1447
0.546685
0.554574
1.09491
0.829969
0.816788
1.30903
0.570677
1.1099
0.951168
1.02976
0.999796
1.25444
0.852666
0.53431
1.02214
0.0899052
0.138552
0.856413
0.886754
0.904728
1.12209
1.13359
1.06069
0.657556
0.882467
1.25379
1.13581
0.905114
1.39694
1.10444
0.758171
0.891987
0.493882
0.974984
0.0924092
0.289258
0.770807
1.0936
0.324206
0.742984
0.970994
0.62883
0.641974
1.11468
1.12852
0.566663
0.949517
0.947616
1.00271
0.795741
0.716713
1.18094
0.943011
1.36141
1.18778
1.16241
1.36353
0.653183
0.970975
1.01282
0.543776
1.35884
0.86393
1.12835
0.616594
1.23569
1.13349
0.89945
0.73761
0.837415
0.997461
1.04049
0.403074
0.737187
0.602812
0.229418
1.0198
0.262942
1.53975
0.541267
0.421492
0.797501
0.699308
1.53539
1.05845
1.08488
1.16703
0.981966
1.12088
1.01288
0.711415
0.187948
0.440559
1.07618
0.696926
0.326865
0.900794
0.497662
1.12225
0.408521
0.678497
0.944452
0.735382
0.722419
1.13436
0.992047
0.954763
1.35063
0.617746
0.80682
0.697744
1.23877
0.444738
1.42634
0.88447
0.293615
0.706631
0.602783
1.52584
1.05907
1.14474
1.08165
1.06473
1.39256
0.821943
0.784336
0.982749
0.602732
1.2505
0.44981
1.19375
0.442327
1.25408
0.757703
0.957979
1.35924
0.906654
0.705295
0.154884
0.438526
1.16204
1.26561
1.05436
0.990052
1.00233
1.44126
0.930785
1.07659
0.909712
0.550695
0.273436
0.789215
0.683423
0.608579
0.143378
0.878467
1.14036
0.904858
1.05602
0.869607
0.461495
1.38305
0.73142
0.484537
1.09863
1.17503
1.46401
0.296019
1.17717
0.924391
0.803484
0.965959
0.75557
0.560963
0.7843
0.221872
1.07077
1.25256
1.44226
0.537644
1.4082
0.709665
1.01368
0.348789
0.838564
1.05307
0.653759
0.950008
0.914271
1.34744
0.635212
0.914271
0.631523
0.488097
0.878619
0.58303
0.664842
0.722875
0.508988
0.499945
0.868125
1.17742
0.343861
0.608183
0.509201
1.18296
0.605018
1.35451
0.788274
0.887482
0.904769
0.7711
0.881141
0.991708
0.737574
0.964435
1.48258
0.488533
1.06574
1.23895
0.286243
0.180098
0.570818
0.627057
0.538791
0.397626
1.56805
1.34879
1.05294
0.928175
0.499199
0.669173
0.842047
1.10529
0.412446
1.16334
0.905258
0.957397
0.556511
0.550627
0.21002
0.691112
0.295646
0.968772
1.2406
0.999219
0.497856
1.52217
1.05715
0.686726
0.501542
1.10656
0.257732
0.499809
1.01508
0.218269
0.880488
0.708358
0.707388
0.956192
1.55264
0.620977
0.597195
0.831767
0.863072
1.28837
0.966667
1.02927
0.302923
0.607463
0.483756
0.301712
0.467662
1.15602
0.373144
0.362394
0.664163
0.885378
1.03298
1.08127
0.73973
1.03614
0.856544
0.496283
0.861739
0.550674
0.34492
0.796261
1.26226
0.681543
1.47022
1.39177
1.36541
0.59818
0.18957
0.552074
1.0791
0.274371
0.649492
0.993757
0.722959
0.546601
0.360567
0.895131
0.958531
0.51244
0.773504
1.27281
1.09777
0.527871
0.767436
1.5438
0.881932
0.826259
0.883834
1.14481
0.83412
0.328581
0.765237
1.36576
0.58432
0.990128
0.856115
0.406015
0.801128
0.523363
0.771781
0.410526
0.870126
0.891392
1.05572
0.35518
1.17454
1.02049
1.10656
0.344319
0.328083
1.0365
0.832377
0.544736
1.41962
1.51825
0.85411
0.97553
0.81195
0.826454
1.39414
0.717022
0.166944
0.774287
0.831153
0.491115
0.465747
1.24956
1.55549
0.708182
1.02479
0.415718
0.291152
0.612744
1.24591
0.485126
0.892228
0.695997
0.906076
1.25043
1.10684
1.18746
1.18444
1.42813
0.865992
0.389449
1.08521
1.51753
0.828859
0.37869
0.517488
0.739498
0.901925
0.636915
1.21117
0.701065
0.897185
0.846241
0.807458
0.608518
1.18805
1.2808
1.39204
1.36062
0.774166
0.28436
0.442807
1.30844
0.919106
0.812494
1.33691
0.924017
0.745228
1.16964
0.374353
1.41102
0.305709
0.614869
0.737174
1.11734
1.46408
1.18309
0.92673
1.04239
0.702312
0.566093
0.987115
0.664639
0.358475
0.844332
0.202037
0.619234
1.08659
0.437663
0.865313
1.11317
0.964953
1.27526
0.582246
0.932722
0.643781
0.48094
0.295627
0.978684
1.13479
0.926976
1.14382
0.232224
0.7992
0.865208
0.664973
0.123614
1.17728
0.784098
0.78126
1.20411
1.29223
0.873973
0.466674
0.866558
1.31462
0.982207
0.894346
1.20852
1.20141
0.708941
1.01048
0.349189
1.02501
0.393648
0.782965
1.25542
0.343009
0.881448
1.33181
0.8798
0.402189
0.21348
0.68022
1.0237
1.08614
1.04907
1.01957
1.43802
1.10934
0.399964
1.29734
1.3177
1.02721
0.290012
0.468086
1.40289
0.593216
0.573857
0.529051
0.597695
1.20559
0.811262
1.08676
0.889495
0.67613
1.44798
0.929967
1.56197
0.891969
1.31516
1.15715
1.34886
1.42719
0.538603
0.99896
0.731965
0.554252
0.969297
0.594661
0.495844
0.921692
0.520884
1.16638
1.11239
1.04077
0.659573
0.886065
0.773729
1.03639
0.9416
1.09754
0.39704
0.421263
0.923527
1.01894
0.450275
0.885055
0.268812
1.08443
1.54549
1.35885
1.01432
0.622259
0.328708
0.51617
0.521633
0.656825
0.532273
1.3548
0.561341
0.843487
0.745138
1.27278
0.800196
0.525504
0.979961
0.851947
0.871147
0.355651
0.238021
0.778739
1.2869
0.451989
1.19452
0.878021
0.842565
0.464787
1.17031
1.56567
0.776585
0.92561
0.949981
0.645856
1.04211
0.4843
0.581717
0.903798
0.788618
0.79595
0.577046
1.37038
0.408591
0.103898
1.02929
0.58812
0.680116
0.866502
0.627072
1.06272
0.969607
1.44116
1.2981
0.606726
0.929336
0.653539
0.483463
1.1011
1.40479
0.662451
0.76257
1.39341
0.630408
0.997029
0.415471
0.392175
1.43257
0.483152
1.21282
0.974655
0.85403
1.13625
1.26075
1.26554
1.27188
0.61521
1.38852
0.303102
0.233674
0.290539
0.708256
1.24557
0.439167
1.09423
0.995697
1.54231
0.745307
0.811041
0.855768
0.98403
0.722504
0.51821
0.639758
0.562768
1.17287
0.788656
0.97796
0.957766
0.89002
1.14905
0.525857
0.944438
0.208805
0.791477
1.13988
0.723074
0.674872
1.26984
0.617333
0.82812
1.06278
1.16028
0.606417
0.68122
1.46636
0.56909
0.876788
1.47029
0.914695
0.882461
1.01134
0.937665
0.934528
1.49916
0.910869
0.617403
1.56694
0.578013
0.544416
0.46583
0.549732
0.681137
0.476591
0.932575
1.45871
1.34001
0.51461
0.63661
1.43512
0.617669
0.504849
1.53562
0.670644
1.03315
1.26735
1.00103
1.29972
0.89671
1.12152
0.636006
1.21127
0.729063
1.03673
0.40855
0.517432
1.07209
0.791918
0.666156
0.141379
0.408622
0.447998
1.21392
0.321684
0.469173
1.18092
1.54478
0.879819
0.901703
0.108716
0.666346
0.408011
1.50155
1.4362
1.30918
0.924294
0.397188
0.932814
0.718097
0.701651
0.610029
1.55302
1.28611
0.860583
1.26282
0.873497
1.49132
0.603326
0.883174
0.381525
0.978163
0.645444
0.750437
1.5314
1.48828
0.922702
1.10888
1.11564
1.28104
1.32603
0.514435
0.979097
0.149263
0.651794
0.753435
0.215748
0.594537
0.581673
0.624038
0.596827
1.17233
0.797584
0.87602
0.430511
0.605899
0.883728
0.955426
0.495317
0.832343
0.920718
1.18308
1.18061
0.411039
0.487045
0.937111
0.989728
0.913918
1.22329
0.927539
1.0257
1.22141
0.899903
1.2121
0.905194
0.724357
1.221
0.451231
0.61978
0.620353
0.972866
1.02325
0.580491
0.63757
0.3835
1.16589
0.974096
0.386335
0.778569
0.389434
1.01033
1.28405
0.771854
1.13743
1.14079
1.1354
1.52584
0.844531
1.01487
0.419088
0.634985
0.227752
1.38377
1.04759
0.907437
0.34586
1.03571
0.310727
0.194043
1.10006
0.391567
0.670094
0.93231
0.723645
1.24104
0.757577
1.22693
0.534747
0.29184
0.726586
1.15161
0.916863
0.533169
1.2072
0.593009
1.17657
1.29211
1.23554
1.50624
0.668271
0.543061
0.312748
1.34468
0.92332
1.45958
1.1662
1.456
1.52109
0.832175
1.00767
0.228189
0.583824
1.35822
0.633556
1.02573
0.840181
1.20754
0.815436
1.46739
1.03702
1.51394
0.824219
1.28391
1.38195
0.303585
0.404562
0.870256
1.56094
0.937058
1.42356
1.42001
1.20826
0.464548
1.11458
0.747912
0.834226
0.993464
0.20495
1.54428
1.05352
0.704525
0.60416
0.649004
0.64061
0.618352
0.774663
1.09313
1.22709
0.33915
0.561946
0.54353
1.51952
0.423456
0.515228
1.08965
0.420666
1.35271
0.90405
0.893413
0.659479
0.925894
0.498864
1.45131
1.06149
1.09216
1.21721
0.560712
1.41583
1.28171
1.26901
0.850771
1.0164
0.872156
1.03601
1.3365
1.4438
0.696194
0.809354
1.35929
0.961788
0.196668
0.371414
1.25617
0.815576
0.681816
1.52912
1.38277
0.915991
0.362345
1.21142
1.44734
0.837305
0.826109
0.309499
0.499496
0.781142
0.4599
0.481538
1.34208
0.515973
0.378177
1.4314
0.453483
0.747773
1.22999
0.894186
1.31375
1.27085
0.663705
1.22876
0.689097
0.500297
0.446328
0.920783
1.08668
1.19798
0.714752
0.566153
1.3782
0.754743
1.2488
0.764241
1.02121
0.360206
1.43195
1.10075
0.877528
1.55629
0.527681
0.795781
0.916253
0.681631
0.745844
0.537908
0.999274
1.3937
0.73555
1.27824
1.41156
0.79488
0.889724
0.42077
1.23957
0.785272
0.478893
1.20488
0.584336
0.739075
1.33967
1.10038
0.446426
1.44126
0.715871
0.725714
0.383788
1.27492
1.12962
0.434361
1.06471
1.0287
0.617186
0.638183
1.0977
0.762468
0.565101
1.0006
1.1685
1.05705
1.0867
0.906874
0.495085
0.805052
0.884596
0.794304
1.20008
0.966368
0.944478
0.447172
0.854073
0.670893
1.36317
0.881939
1.34389
1.1604
1.18329
0.269574
1.52672
1.17819
1.00571
1.36873
0.731156
0.948934
0.940113
0.917376
0.462011
0.954631
1.46426
1.02339
0.867023
0.875547
0.713582
1.1272
0.79737
0.736119
0.654995
0.364591
0.506692
0.595441
1.242
0.346503
0.638946
0.879458
0.727415
1.14448
1.10341
0.661572
0.642345
0.353742
1.24206
0.8785
0.971045
0.329055
1.18786
0.42146
1.11411
0.808986
0.685384
1.49565
1.05
0.476137
1.06867
1.15673
1.38923
0.328042
1.13465
1.07515
0.648877
0.586225
0.38982
1.07405
0.857859
0.770976
1.38871
0.414598
1.15521
0.914466
0.433842
1.56252
0.788337
0.984698
0.597382
1.26179
0.634247
0.589279
1.07467
0.661712
0.996583
0.826669
0.943592
1.48986
0.723122
0.613389
1.31811
0.623386
0.54426
0.541033
0.565293
0.459762
0.583104
0.55915
1.06541
1.31621
0.48999
1.53022
0.524854
1.24042
0.201866
0.315526
0.699875
1.33564
0.458678
0.395942
0.0584657
0.865683
0.764205
1.26101
0.762173
0.586832
0.834888
0.758646
1.23487
0.787464
0.687629
0.999462
0.962773
1.09
0.939422
1.18278
0.697369
0.528097
1.24918
1.27583
1.35184
0.764205
1.31415
0.448085
0.299311
0.764877
0.741998
0.913973
0.35466
1.34736
1.32434
1.36232
0.8949
1.10818
0.371265
1.19262
0.903401
0.970923
1.35511
1.0448
0.519955
0.634949
1.02016
0.771599
1.17423
0.696701
0.213562
0.923043
1.0252
0.25029
0.803936
0.785485
0.517769
1.12624
1.02142
1.37747
0.517955
0.864258
0.663774
0.938194
1.18097
0.826353
1.02431
0.854066
1.49235
0.71973
1.12236
0.696133
0.893301
0.430918
0.362829
1.01876
1.08761
0.939439
1.13301
1.08753
1.37172
1.52878
0.932896
1.45964
1.4227
1.55356
0.982791
0.308992
0.650716
1.0039
0.479642
0.472732
0.700085
0.696935
0.393494
0.954269
0.624101
1.3567
1.35107
1.23502
0.429187
0.595512
0.803176
1.08568
0.763413
0.600133
0.596181
0.685808
0.549244
1.4616
0.86781
0.708042
1.114
0.464636
0.749891
1.19932
0.224013
0.799483
1.18066
0.840487
0.854816
1.42545
1.42158
1.15692
1.11106
0.372065
0.877894
1.41252
0.599685
0.979006
0.270534
1.02499
0.611932
0.586948
0.671886
0.701403
0.514833
0.914743
0.0932188
0.716055
0.776477
1.19733
0.413401
0.84586
0.812578
0.605771
1.30819
0.346361
0.774512
0.94829
1.01218
0.644504
0.224249
0.954966
1.22302
0.656577
0.960023
1.31615
1.06881
1.12763
1.16979
0.452583
0.694972
1.06026
1.24199
0.805842
0.655621
0.740698
1.05413
0.857817
0.266487
0.945294
1.20841
1.17878
0.887794
1.07763
0.514176
0.820952
0.246933
1.03565
0.27208
0.303065
0.948062
0.601183
0.62747
1.35774
0.669056
0.604656
0.309616
1.33687
1.01219
0.80073
1.13177
0.497501
1.3867
1.03791
0.899924
1.24955
0.707948
1.56091
0.974284
0.541716
1.34712
0.555239
0.941543
0.816282
1.294
0.960452
0.769027
0.697353
1.36044
0.429886
0.805679
0.966608
0.825841
0.418804
1.51339
0.983873
0.800068
0.951091
0.488543
0.781509
1.11891
0.623091
0.645278
0.376109
0.657219
0.462424
1.28426
0.627447
0.697286
1.00826
0.458007
0.864919
0.881056
0.925506
1.30573
0.782634
0.53643
1.07171
1.24975
1.35259
0.457586
1.22887
1.4718
0.942786
0.791908
0.640094
0.787751
0.515187
1.12504
1.16243
0.481532
0.649599
0.571921
0.696659
0.292027
1.10659
0.730248
1.0154
1.51323
0.568277
0.641011
0.833914
0.742616
0.811717
1.00987
1.14866
1.29251
0.475497
0.348903
0.422483
0.574202
0.254239
0.942927
0.997844
0.165492
0.746458
1.05793
0.878061
0.900177
0.244755
0.660149
1.2772
0.655982
1.44964
1.13102
0.508175
0.648561
0.549581
0.990915
1.18666
0.983325
1.24961
0.471945
0.514233
0.42124
0.83051
0.698349
0.63785
0.861241
1.2468
0.509214
0.555786
1.22086
1.00739
1.1286
1.04024
0.349657
1.39768
0.838321
1.02369
0.754147
0.888743
0.402166
1.14895
0.440563
0.985675
0.642335
0.731373
0.947938
1.01856
1.11082
0.968955
1.56857
0.779356
0.791413
1.19017
0.538202
1.12728
1.15693
0.325784
1.08669
0.733224
0.99479
0.479436
1.45289
0.866147
1.34771
0.859461
0.562905
1.26582
0.455101
0.961461
0.627815
1.17287
0.615902
1.1378
0.806642
0.684355
1.42744
0.457195
0.879153
0.407502
0.916764
0.86443
1.03725
0.354158
0.401919
1.01539
1.54907
1.44059
0.677554
0.747739
0.267855
0.970367
1.13297
0.745259
1.30688
0.264418
0.834789
0.37394
0.509839
0.927744
0.774403
0.702637
1.32441
0.910601
0.767974
0.534115
1.07643
0.690942
1.31337
0.447457
0.504846
0.815771
0.276376
0.436408
0.686044
1.10348
0.848195
0.73471
0.740092
0.441449
0.730113
1.24314
0.794591
1.1017
0.564599
0.647459
0.511939
1.22616
1.54428
0.452115
0.466023
0.973523
0.778426
0.752499
0.70694
0.514433
0.267746
0.54454
0.49721
0.338306
0.746457
0.439768
0.799018
0.790259
1.10591
0.95395
1.32043
0.777534
0.856454
0.854645
1.06198
1.49156
0.697467
0.619752
1.09599
1.13942
0.49001
0.390994
0.748363
1.14723
0.308281
0.94057
0.544317
0.449302
0.520718
0.872384
0.613721
0.941518
0.83049
1.47154
1.13421
0.721397
0.877282
1.00184
1.07301
0.942519
1.25903
1.20924
0.933852
1.28257
1.06409
1.09638
0.391013
0.627543
0.76154
0.856649
0.871876
1.28105
0.932815
0.907515
0.287799
1.19944
0.560368
1.23431
1.13167
0.680425
0.589597
0.282758
0.557398
0.421624
0.417732
0.774858
1.24405
0.582707
0.438952
0.793302
1.56622
1.17354
0.768768
0.427996
0.581854
0.650234
0.485325
0.805732
0.62047
0.747732
0.133125
0.466298
1.27717
1.23565
1.56231
0.339786
0.341771
1.41479
1.29741
1.13303
1.3664
0.533791
1.19024
0.313992
0.606698
0.921348
1.07569
0.977112
0.74567
0.596452
0.896156
0.431536
0.772261
1.03705
0.624015
0.48461
0.60434
0.974681
1.55622
0.38383
1.11194
0.421879
0.842137
1.31478
1.56232
1.05444
0.741572
1.20676
1.11021
1.3031
0.377361
0.598043
0.956518
0.279676
0.657895
1.43644
0.455958
0.668834
0.962704
0.61765
1.03648
1.14805
0.428099
0.410358
1.05512
0.496494
0.228158
0.938445
0.934406
1.35361
0.568926
0.395076
0.581087
0.858042
1.07014
1.49575
1.12796
0.570978
0.835632
0.795004
1.52302
0.587466
0.48135
0.591167
1.03649
0.953255
1.2575
1.27993
1.14696
1.40601
0.248511
0.36179
0.848563
0.785337
0.93872
0.703101
1.3052
0.277413
0.929706
0.508501
1.21897
0.389064
0.999708
0.503471
0.362144
0.965364
0.493541
0.798205
1.02076
0.333314
1.04818
1.07437
0.782572
0.938735
0.642042
1.03472
0.581693
1.25021
0.848572
0.954795
1.44502
0.844771
0.53025
0.822803
0.771669
0.423395
0.663328
1.0716
0.423326
1.09683
1.04565
1.1382
1.09507
0.531256
0.995346
1.03204
0.803662
0.844369
1.26568
1.31494
0.731207
0.600724
0.421906
0.688129
1.1088
0.744217
0.832765
0.622401
0.664785
1.02191
0.892157
1.03629
0.416147
0.951955
0.385999
1.49445
0.398447
0.403102
0.543805
0.886334
1.01502
1.01358
0.303191
1.19524
1.48172
0.186044
0.921439
0.903128
0.975394
0.655438
0.889983
1.05738
1.45442
0.874486
1.4103
0.54337
0.5595
0.78049
0.417633
1.06391
0.528019
0.681344
1.31991
0.542826
0.569249
1.55491
0.922615
1.30918
0.699879
1.42435
0.574538
1.1252
1.10075
0.704864
1.16858
1.26673
1.09543
0.714232
0.439928
1.05151
0.951956
0.757188
0.842523
1.20116
0.589402
0.791237
0.250597
1.1331
1.10489
1.29104
0.605081
1.28556
0.269145
0.711572
0.821079
0.970903
0.906703
0.979852
0.65581
0.913585
0.783805
1.05871
0.986834
1.18974
0.911147
0.488329
0.420478
1.00317
0.42459
1.08641
1.10541
1.27233
0.96873
1.5335
1.50421
0.812769
0.872486
1.50107
0.557625
1.36253
0.574062
1.2949
0.487318
1.10675
0.251675
0.541382
1.43453
0.607413
0.796703
0.984003
1.00542
1.0437
1.00759
1.33064
0.818551
0.507596
1.23465
0.431243
0.896851
0.684042
0.966081
0.499851
1.01959
0.969562
0.572721
0.624935
1.44632
1.06134
0.387928
0.686309
1.17035
0.930097
0.397333
1.28557
0.181507
0.950684
0.920825
0.365347
0.706108
0.384459
0.787849
0.717778
1.2624
0.548367
1.1007
0.925547
1.13329
0.625778
1.34356
0.891874
0.394511
0.639373
0.578751
1.10156
0.982946
0.759954
0.396987
0.488521
0.949336
0.910399
1.08298
0.384399
0.830437
0.735653
0.877593
1.32367
0.765677
1.09423
0.985578
0.57229
0.391126
1.43253
1.06756
1.1523
0.6897
0.647578
0.533674
1.0043
0.757168
0.898255
0.87133
1.04542
0.820548
1.39435
1.09589
0.661101
0.566675
0.295255
0.612181
0.319127
0.373209
0.225368
0.67586
1.22812
1.37323
1.02327
1.49819
0.303693
0.948868
0.376196
0.958181
0.553981
0.340301
1.22232
1.14382
1.24404
0.41153
0.390988
0.5226
0.771864
0.994549
1.05189
1.43341
0.875184
0.488135
0.773959
0.690803
1.36101
0.771769
1.00589
1.37881
0.665606
0.314527
0.959779
0.682
0.662336
0.860422
0.378399
0.506907
0.924521
1.25583
1.28236
1.06171
0.405462
0.911411
0.788624
1.232
0.502111
1.17175
1.14434
1.24891
0.409582
0.766171
1.53485
1.39629
1.24674
1.1246
1.25419
0.96194
0.379907
0.115955
0.942149
0.112771
0.89943
0.946154
0.916295
1.15069
0.628441
1.33044
0.603412
1.27353
1.08951
0.640495
0.372647
1.01353
1.13295
0.731176
0.689775
0.701896
0.264171
0.871276
0.579302
0.536278
0.517154
1.07501
1.25299
0.827891
0.871064
0.911131
1.41121
0.0726981
1.16185
1.18106
1.17546
1.33861
1.05447
1.24029
0.813521
0.739765
0.675998
1.16201
0.735287
1.1281
0.730507
0.727008
0.586979
1.32231
1.03576
1.46662
1.05905
1.11429
0.891345
0.705804
0.787955
1.10712
1.2091
1.17958
1.01369
0.917837
1.23765
0.439536
0.627594
1.04038
1.13214
1.09731
0.579799
0.951116
1.10525
0.888763
1.0502
0.648362
1.17324
0.960462
0.781016
0.940439
0.5813
0.663175
1.31172
0.64294
0.660082
1.00255
1.28595
1.13963
1.13919
1.06796
0.627102
0.850893
0.616448
0.849743
1.37591
1.4381
1.19296
0.860359
0.987493
0.580463
0.898695
1.18315
0.691261
1.56451
0.64989
1.02987
1.45553
1.23822
0.489852
0.989142
0.976925
0.365287
0.93901
0.31491
1.06452
0.859425
0.682115
0.961646
0.602701
0.536339
1.20337
0.913752
0.38807
0.244074
1.281
0.463802
0.94021
1.05998
0.910485
0.920368
0.888964
1.43671
1.21645
0.771034
0.890299
0.337177
0.531962
0.539958
0.583902
0.223338
0.256856
0.93894
1.1636
0.463227
1.00219
0.215405
0.649792
1.02274
0.722873
0.865933
1.37335
0.444702
1.00822
1.19721
0.783731
0.546091
0.652616
1.19092
1.19257
0.527317
1.14315
0.824823
0.425576
0.567725
0.751427
1.2073
1.20093
0.830292
0.623299
0.688251
1.01585
1.15798
0.775942
0.573766
0.649478
1.54319
1.44421
1.22648
0.687232
0.580558
1.3933
0.881959
1.17176
0.445349
1.47579
0.281123
0.480076
0.859331
0.632202
0.851705
0.332363
1.0769
0.267327
0.917203
1.47389
0.519237
1.0915
1.37847
0.780913
0.579869
0.85142
0.763646
0.620203
0.996465
0.688868
1.19961
0.360179
0.719469
0.683365
1.02833
0.898012
0.66872
1.01928
0.378025
1.21247
1.56926
0.479014
0.427106
0.606845
0.546559
1.34776
0.81529
1.41556
1.25124
1.01792
0.539535
0.847978
1.10091
0.668789
0.803078
0.615635
0.663895
0.83163
0.917566
0.213984
0.84089
1.08472
0.579958
1.3702
0.202853
1.04073
1.26196
0.966122
0.807287
1.45597
0.226264
0.203583
0.568794
1.10492
0.220806
0.908163
0.219034
0.535231
0.668797
1.12379
1.20267
1.34672
0.921717
0.594049
0.810862
1.43548
0.641983
0.794934
0.882552
0.951054
1.25012
1.26259
1.13504
0.491995
0.441904
0.548473
0.594802
1.30979
0.542458
0.716445
1.26572
0.871506
0.705934
0.242038
0.77203
1.12402
0.992951
0.405963
1.00415
1.13234
1.11688
0.976337
0.881702
1.00078
1.24282
0.393128
0.364754
0.917833
0.354313
0.94759
0.7087
0.587772
0.653053
1.34214
1.22928
1.1588
0.559884
0.685646
1.3703
0.538959
0.441122
1.46813
0.884681
1.14975
0.68871
0.931572
0.922255
0.85288
1.1108
1.46828
0.360368
0.567428
0.706504
1.33447
0.542607
0.539684
1.22615
0.73867
0.772064
1.2778
0.684157
1.35179
0.401792
0.161333
1.21928
0.703739
0.859591
0.514973
0.902091
0.501665
1.0411
1.05626
1.3328
0.863518
0.756567
0.122903
0.704412
0.794244
0.464444
0.616464
0.86097
0.593224
0.425042
1.39705
1.50955
0.959087
0.916314
1.05079
0.571908
0.585723
1.18827
0.39733
0.313191
0.346027
1.29006
0.646746
1.2045
1.09592
0.540964
0.490095
0.564362
0.662019
0.780996
0.781644
1.15205
1.33237
0.28089
0.843093
1.35491
1.55691
0.904053
0.800954
1.18418
1.11549
0.579926
0.410314
0.861202
1.33372
1.5039
0.621675
0.42509
0.695865
0.333893
1.06301
0.604774
0.928177
0.326914
0.530999
1.20423
0.893091
0.785442
0.711175
0.993111
0.926334
0.449809
0.712774
0.616905
0.308882
0.538643
0.524741
1.21265
0.558734
0.49144
0.98828
1.13992
0.111469
0.627557
0.873345
1.40354
0.761427
0.751422
0.234349
0.378064
1.06259
0.918654
1.48324
0.224915
0.286929
1.1578
1.01607
1.12428
0.681221
1.41882
1.11468
1.42066
0.687954
0.433555
0.482396
0.361746
0.390731
0.517284
1.50592
0.869592
0.383889
1.23079
0.656202
1.00073
1.02112
1.48392
0.815699
1.30497
1.02722
0.963852
1.11378
0.42532
1.45305
0.923792
0.963876
0.335653
1.47978
0.268009
1.1964
1.0705
0.534932
0.917072
0.498152
0.971437
1.14891
0.998764
0.613583
0.824725
0.347476
0.989338
0.43177
0.738384
0.242759
0.413612
0.707774
0.899946
1.12157
0.504003
0.888174
0.550334
0.450554
0.377509
1.11537
1.18212
0.345305
1.30846
0.926921
0.662552
0.679441
0.724728
0.720208
0.994538
0.615106
0.749822
1.3245
0.498211
0.432311
1.30431
0.569523
1.30084
0.700281
1.48351
0.610188
1.3603
0.675094
0.828089
0.565659
1.14246
1.03135
0.707345
0.924572
0.301178
0.952307
0.907342
0.810598
0.610585
0.577842
0.438154
1.02216
1.22909
1.07933
0.916006
0.276549
1.51113
1.21152
0.748909
0.546006
0.705372
0.768574
0.358648
1.21333
0.400894
1.15217
0.830908
0.490417
1.33734
0.412604
0.284846
1.33287
0.648035
1.05366
1.16875
1.49713
0.439132
0.537805
0.670943
0.789906
0.774139
1.03476
0.534972
1.3233
0.381903
0.739959
0.413562
0.867492
0.655661
0.566568
0.131499
1.08886
0.590879
1.04624
1.03664
1.1589
0.862186
1.07016
1.21468
1.13383
0.430686
0.795474
0.936687
0.482132
0.407867
0.990233
0.864255
0.869848
0.923142
0.878791
0.330998
0.930954
0.28547
1.19228
0.552024
0.485464
0.889741
0.948734
0.780389
0.793713
1.52391
0.520092
0.992131
1.20803
0.727439
0.266221
0.419342
1.12939
1.2068
0.704832
1.24192
0.825631
1.26759
0.321293
1.02078
0.934261
1.42332
0.196045
0.509992
0.757688
0.962224
1.29544
0.419776
0.4135
1.34895
1.32299
1.30194
1.09568
0.579423
1.17622
1.50974
0.690067
1.07887
0.887864
1.25254
1.28939
1.20091
0.323683
0.683634
0.628398
1.11399
0.881398
0.811929
0.481082
0.794716
0.587222
0.797794
1.10834
0.542825
1.45358
1.31107
0.582293
1.12148
0.213224
1.29409
0.767204
0.662733
0.642568
0.768042
1.07317
0.904906
0.724384
0.329539
1.29939
0.990798
1.01512
0.856931
0.754203
0.761931
0.396385
0.904154
1.15906
0.906711
1.52587
0.965198
1.14674
0.578467
0.616633
0.269609
0.941343
1.06114
0.983952
0.524693
1.1889
1.19513
1.48552
0.568998
0.986691
1.32847
0.842576
1.28052
1.10549
1.44876
0.396794
0.683882
1.05521
0.426518
1.09184
1.21052
0.492763
0.853235
1.56063
0.932392
0.558939
0.423689
0.694184
0.960607
0.502196
0.418695
0.137383
0.735039
0.827909
0.351364
0.768626
1.13721
1.00162
0.946992
0.795294
1.29006
0.973764
0.985218
0.635847
0.491641
0.715136
0.20568
0.968274
0.123181
0.958945
0.537558
0.439436
0.315756
1.00811
0.871141
1.43775
1.14106
1.06586
0.544844
1.15747
0.767124
0.559657
1.46295
1.06127
0.890896
0.666529
1.33756
0.743205
0.722973
0.922604
1.30224
0.955128
0.311318
0.200319
1.30675
0.812592
1.21319
0.528339
0.815978
0.885006
0.66887
0.341951
0.509307
0.185972
1.22781
0.34713
0.370472
1.15116
0.279804
1.38319
0.733424
1.07198
0.415323
1.33378
0.799964
0.55525
0.685559
0.599599
1.06786
0.41342
0.645507
0.546998
1.3649
0.767211
1.04735
0.226515
1.14596
0.641646
1.49886
0.746754
1.13609
1.11292
1.31829
0.266941
1.32897
0.880426
0.798267
1.19572
0.44491
1.39371
0.411984
0.877173
0.326406
1.16413
1.05828
0.86563
1.29361
0.72388
1.15077
0.900124
1.47452
1.05133
0.550212
0.269069
1.38713
0.957507
1.05164
0.761146
0.319834
1.05729
0.523483
0.229675
1.3275
1.02179
0.630926
0.325914
0.632636
0.912675
0.405126
0.215389
0.574744
0.580193
1.14935
0.520195
0.591862
0.49401
0.631606
1.03875
1.42225
0.868672
0.805338
0.914254
0.325102
0.763948
0.539695
0.709314
1.07295
0.240102
0.805477
0.960585
0.721233
0.81202
0.574593
0.74487
0.914017
1.40342
0.518867
1.35971
0.962994
0.641232
0.400245
1.02361
0.479994
0.633603
0.913705
1.19862
1.17212
0.533737
0.728523
0.634617
1.50567
0.497294
0.823097
0.51769
1.39
0.668692
0.3442
1.35721
0.942879
0.991713
0.940036
0.877002
1.47839
0.555388
0.957317
1.00193
0.78971
0.827849
1.42201
0.976701
0.773728
1.08749
0.522174
1.11357
1.31747
0.662448
1.17635
0.343935
0.687419
0.634935
0.501367
0.803707
0.905005
0.885192
1.26655
0.718699
0.928233
1.26533
1.31395
1.23678
0.506542
1.09444
1.36016
1.50201
1.375
0.754195
0.337713
0.440001
0.563237
1.24719
0.660927
1.55398
0.637303
1.24514
1.43399
0.888443
1.49564
0.737394
0.499041
1.37344
0.749865
0.719642
0.521726
1.00712
1.37674
0.691929
0.390023
0.422269
1.35481
0.767965
1.05202
0.931623
1.03393
0.679594
1.18106
0.873659
0.853082
0.961906
1.26188
1.14116
1.24794
0.36366
0.610003
1.36505
0.372701
1.48851
0.829228
0.786762
0.606163
1.01864
0.973308
0.56126
1.25216
0.346473
1.14086
0.469464
0.809734
0.886323
1.50968
1.25294
1.08383
1.37893
0.993443
1.39072
0.959549
0.553573
0.758113
0.405387
1.02313
0.357995
0.922063
1.07681
0.873852
0.746301
1.08452
0.970481
1.07337
1.00372
0.209086
1.4532
0.378183
0.900955
0.845389
1.27609
0.37401
1.36485
0.358593
1.3311
1.44378
1.07463
0.997917
0.768528
0.544299
0.910477
0.755428
0.915114
0.420616
0.841946
0.446002
1.46864
0.782022
0.495633
1.22331
0.461827
0.946747
1.29251
0.374762
0.500111
0.940156
0.431432
1.24415
0.927155
0.746375
0.370517
0.473425
1.00279
1.06434
0.338899
1.06931
1.21874
0.328085
0.456113
0.864598
0.80314
1.12479
0.296654
0.820221
1.12151
0.938062
0.419399
0.728511
0.54384
1.05351
0.312114
0.59301
0.677012
0.82003
0.865753
0.615381
0.313063
1.14415
0.810625
1.43326
0.417636
0.82021
1.34619
1.50819
0.869946
0.904536
0.756032
0.149762
1.07327
1.42608
1.55587
0.625573
1.04022
1.19669
1.32578
0.809161
0.788202
0.930015
1.16184
0.540001
0.249476
0.385597
0.770344
0.828472
0.702562
1.46429
1.02242
0.847283
0.835317
0.398712
0.767557
1.39991
0.554942
0.368631
1.38242
1.10051
0.963817
0.76824
1.29464
1.52347
0.493077
0.623782
0.554635
0.9063
0.605113
0.618046
0.862191
0.847209
0.683185
1.07955
1.36051
0.847745
0.477521
0.986499
1.15879
0.774843
0.699442
1.30429
0.800896
0.403735
0.362852
0.923406
0.783711
0.787645
1.52914
1.13535
0.676744
0.972785
0.655924
1.24465
1.24211
1.0108
1.03586
0.455882
0.869845
0.187574
1.3454
0.552169
0.752516
0.462897
0.966865
1.00039
0.929566
1.42505
1.03881
0.255107
0.865913
1.13125
1.26517
0.856711
0.275131
0.265328
1.44328
1.24465
1.48758
0.95613
0.248102
0.695818
0.469409
0.741018
1.16082
1.05294
0.897475
1.21841
0.780496
0.696247
0.43123
0.543637
0.344537
0.929952
0.650126
0.859962
1.28436
1.19158
0.922918
0.622569
1.03326
0.662966
0.86812
0.958444
0.711297
1.36483
1.11276
0.464573
0.921968
0.963119
0.870084
1.50455
1.50781
0.802434
1.56246
0.590987
0.648609
0.93833
0.377311
0.610123
0.319798
0.444666
1.08339
1.22895
0.274269
1.05341
0.55198
0.547545
0.361509
0.909909
0.656543
0.992571
0.985373
1.42972
0.880642
0.8672
0.842098
0.563067
0.914803
1.01541
0.919788
0.674259
0.554742
1.45227
0.980535
1.17821
0.632968
0.575935
0.795444
0.787416
1.09895
0.560878
0.740609
0.27702
0.52838
0.832357
0.622787
1.37185
0.996774
0.65397
0.986795
0.856176
0.870426
0.919188
1.14216
0.796179
0.76537
0.874705
0.764448
0.406594
0.591991
0.681674
1.26977
1.53604
0.366005
0.289235
0.336894
0.380421
1.37104
0.515782
0.801247
0.734472
0.557932
0.382675
0.346176
0.540491
0.700394
1.32173
0.601562
0.416887
0.917029
0.447122
0.392611
0.686609
1.10287
1.1625
1.32955
0.129921
0.813175
0.888674
0.981637
0.594686
0.610684
0.989506
0.550494
1.29635
0.830326
0.514934
0.782477
1.24802
0.562254
0.653375
0.847482
0.368338
0.730816
1.27416
0.443937
0.74021
0.595237
0.578667
0.678659
0.512475
1.24136
1.03681
1.00126
1.26393
0.765605
1.25695
0.817528
0.799197
1.02152
0.548512
0.473566
0.934238
0.944842
0.564601
0.490214
0.562278
0.98751
0.605257
1.18505
1.19307
0.538079
0.996752
1.43865
1.25457
0.83475
0.644127
1.40467
1.25292
0.963879
0.815168
1.32625
0.782439
0.702979
0.823962
0.360223
1.56718
1.02186
0.879817
0.113222
1.22613
1.505
0.174595
1.38326
0.904827
0.714049
0.505286
0.625566
1.15131
0.316351
0.539968
0.678318
0.553797
0.674602
1.43785
0.775569
0.481194
0.29215
0.711681
0.133274
0.776692
1.41179
1.24866
0.957594
0.650896
1.44844
0.431132
0.419826
1.33018
0.810584
0.963077
0.858194
0.854729
0.695184
1.20531
0.959041
1.45784
0.714817
1.10429
1.24081
0.857985
1.15168
0.682354
1.14456
0.737932
0.66198
1.13948
0.555924
0.277022
0.554934
0.716814
0.555771
0.734302
0.905666
1.11861
1.31594
1.26547
0.771311
0.576373
1.53872
1.43473
0.889275
0.921227
0.856977
0.36197
0.328658
0.268887
0.963722
1.28012
1.57046
1.51586
0.796427
0.462812
1.05286
0.851494
1.32322
1.08604
0.371709
0.663273
1.02851
0.608295
1.23358
0.293501
0.46807
0.892134
0.727095
1.29708
0.350354
0.734027
1.33368
0.612498
1.03513
1.1738
0.489098
0.320751
1.32964
0.66386
0.571841
1.24763
0.648794
0.926103
0.610205
0.75018
0.455644
0.907894
1.51577
0.965014
0.677024
0.607408
1.00924
0.712622
0.637007
0.671382
0.770419
0.972707
1.23249
0.855843
1.50697
0.802381
0.465083
0.212207
1.12979
0.120187
1.14871
0.927948
0.643942
0.969828
0.967826
0.684569
0.311809
0.908711
0.464351
0.524636
1.06124
0.208749
0.835728
1.19155
0.600196
1.22182
0.824328
1.44391
0.375744
1.12527
0.55988
0.556235
1.56218
1.39881
0.916864
0.444859
0.688666
0.77718
0.707245
1.406
0.614099
0.521496
0.555296
0.691157
0.56143
1.06533
1.22794
0.711595
0.453917
0.561478
0.50385
1.05587
0.506092
0.498577
0.97006
0.346778
1.02813
0.711381
0.391391
0.416804
0.59451
0.845904
1.02796
0.607625
1.19776
0.374789
0.263266
1.43793
0.419945
0.822989
0.840584
0.118436
0.264046
0.889939
0.481339
0.78962
0.404374
0.9399
1.15888
1.4927
1.17304
0.698385
1.41223
1.45421
1.35377
1.13513
1.13438
1.3389
1.12284
0.561811
0.729233
0.651513
0.976323
0.719498
1.12566
1.20674
0.573549
1.24837
0.814193
0.999652
0.0618308
0.910322
0.63835
0.979583
0.918264
1.00268
1.32092
0.806792
0.771003
0.558169
0.575565
0.395595
1.38302
1.11528
0.449285
0.803859
0.603322
0.536183
1.12804
0.786738
0.682303
0.949702
1.49732
1.30262
0.400893
1.07689
0.358248
0.410446
1.02106
0.686656
0.269341
0.481361
0.712452
1.23597
0.767882
0.998855
0.804107
1.17546
1.05815
1.37065
1.20619
0.527437
0.675153
1.17156
1.19581
0.070003
0.378266
0.542069
0.645771
0.833788
1.3711
1.46361
1.23781
0.721482
0.702816
1.14993
1.04935
0.343325
0.928784
0.899015
0.47071
0.604217
0.862316
0.806096
1.27323
0.689971
1.33902
