0.856179
0.745316
1.35801
0.854001
1.23426
1.5522
1.0237
0.91241
1.40026
1.13046
0.707841
1.05921
0.905943
0.576131
1.02333
0.912242
0.541071
0.460692
0.526764
1.24271
0.811834
1.25347
0.800919
0.841588
0.898886
0.841231
0.951113
1.52618
0.635029
0.281643
0.967073
1.07738
0.789177
0.229608
1.48065
0.535941
1.03003
0.545317
0.545841
0.542837
0.524435
1.2825
0.846396
0.58635
1.44966
0.440055
0.369309
0.742776
1.4033
0.933578
0.475944
1.01484
0.528671
0.179437
0.103035
0.46061
0.878861
0.734261
0.977597
1.52655
0.619566
1.06183
0.926404
0.889567
0.877544
1.30208
1.22844
0.918106
1.01524
0.996363
0.530699
1.37234
0.663321
0.586672
0.538055
1.01862
0.741315
0.773514
1.09723
1.05842
0.492732
0.839797
1.00771
1.0119
0.891589
0.328862
0.914871
0.939161
0.730553
0.534248
0.419129
1.32038
1.1877
0.731172
0.594637
0.729707
1.13398
0.655636
0.792165
1.00355
0.673687
0.84528
1.325
0.810717
0.596501
0.904567
0.37505
0.684267
0.212389
1.16203
0.458173
1.3897
1.07853
0.976649
0.975494
0.140986
0.615883
0.754343
0.730988
0.481854
1.43544
0.624008
0.848892
0.864966
0.333289
1.04457
0.453253
0.958808
0.78269
0.714544
1.2342
1.44224
1.25226
0.432446
0.727545
1.02239
0.446701
1.03269
0.839952
1.55935
1.33609
1.05223
0.320079
0.42232
0.209939
1.0598
0.880348
1.01157
0.675196
1.26913
0.322651
1.15891
1.20183
0.868266
0.527622
0.762152
0.81752
0.567249
0.692497
0.978567
1.17683
1.08425
0.23953
0.944746
0.93802
0.645591
1.13116
0.554296
0.518359
0.728997
0.54155
0.951912
0.502034
0.83157
1.51637
0.392804
0.93717
1.18468
0.386117
0.809423
0.604053
0.425004
1.2016
1.01405
0.936457
0.47662
0.35766
0.496172
1.32627
0.770729
0.996337
1.22137
0.703194
0.952059
1.08912
0.978474
0.805105
0.602107
0.731841
0.391234
0.457494
0.924828
0.888871
0.943783
0.483925
1.30131
0.932408
1.28366
0.39087
0.457782
0.234862
0.597402
0.789772
0.843113
0.979478
1.22235
0.887215
0.910872
1.09748
1.45877
0.74623
1.48734
0.725171
1.53928
1.44399
0.921652
0.842393
0.26653
1.41864
0.604927
0.92666
0.612124
0.526021
1.2988
0.509054
0.631719
0.767399
0.963814
1.15662
0.422919
0.131116
0.904586
0.788708
0.838621
0.497971
0.927411
0.993521
0.897628
1.24418
1.00736
1.29192
0.5574
0.799087
1.10345
1.33288
0.480037
1.13519
1.36123
0.553636
0.692436
0.918735
0.647053
1.56731
0.450014
1.4642
1.21234
1.38979
0.524623
0.795515
0.680276
1.45714
0.942205
0.489203
0.222961
0.462781
1.37457
0.57478
0.814288
0.668612
1.29829
0.563729
0.416173
0.991109
1.10961
0.813799
0.558372
0.563254
0.547865
1.00694
0.565799
1.14095
0.758385
1.07919
1.39206
1.28507
0.805062
0.35737
0.976166
0.611825
0.936676
0.481622
0.928238
1.19308
0.816101
1.03437
0.903604
1.37051
0.697006
0.844844
0.974219
0.899192
0.975272
0.468585
0.935904
0.361142
0.734773
1.35269
1.47554
0.345828
0.360757
0.299818
1.03848
1.4089
0.410558
1.48857
0.4664
0.616814
0.944708
0.722222
0.254568
1.07413
0.344174
1.02334
0.861073
0.889605
0.720037
0.690069
0.420187
0.687084
0.503508
1.25441
0.462977
1.4593
1.42565
0.606744
1.08008
0.721996
0.553872
0.365234
1.35015
0.90721
0.492519
0.836879
0.727691
0.760404
1.01831
0.532935
0.959032
1.39227
0.625734
0.429755
0.631641
0.708297
0.735121
1.51105
1.23206
0.997139
0.711871
0.861094
0.845776
0.587323
1.43279
0.8021
0.771955
1.24088
0.658918
1.06955
0.989271
0.808134
0.805019
1.07141
1.3193
0.927157
0.59811
1.43278
0.714027
0.702309
1.41107
0.999977
0.838044
0.933045
0.0455607
1.2656
0.968702
0.354535
0.316784
0.349695
0.997496
0.969306
0.987219
0.488329
0.812971
1.32124
0.334406
0.250959
0.986735
0.762163
0.885893
0.720737
1.001
0.971312
0.755743
0.597274
0.841502
0.412673
0.936895
1.38977
0.499387
0.968703
0.583232
1.11236
0.792236
0.693627
1.02219
1.34349
0.960375
1.11387
1.25022
0.770474
1.18541
0.361619
0.757664
1.20504
0.577948
0.945044
1.40057
0.810207
1.09482
1.4009
1.24958
0.489745
0.306728
1.05355
0.938965
0.332705
1.37972
0.276285
0.577127
0.463368
0.758269
0.359713
1.253
0.550724
1.48471
0.285833
0.683819
1.06161
0.627577
1.38874
0.954566
0.854357
1.35215
0.78205
0.778689
1.31541
0.932298
0.916513
0.876029
0.371355
0.583135
0.629549
0.724339
0.70458
1.09249
0.149916
0.663229
1.12486
0.438814
0.535641
0.780923
1.37752
0.707675
0.786954
1.26341
1.31468
1.21585
0.640862
1.53379
0.965508
1.40254
0.524885
0.615172
1.08443
0.833383
0.470797
0.531469
1.47628
1.25783
0.72894
0.575753
0.541434
0.487152
1.15519
1.06222
1.33731
0.763915
0.727449
0.19456
1.17472
0.957683
0.447426
0.855843
1.46379
1.20609
1.1521
1.04701
0.633934
0.725128
0.906798
0.643036
0.753966
0.730345
1.07542
0.473024
0.918833
0.890058
1.40525
1.10388
0.864094
0.726083
1.33905
0.471304
1.41989
0.53618
0.78185
1.10022
0.679739
0.506437
1.38289
0.902819
1.46368
0.899113
1.06067
1.05948
0.714761
0.733674
0.484719
0.688238
0.872644
0.9081
0.568987
0.328945
0.718576
0.555672
0.70728
1.17523
0.630755
0.929978
0.849478
1.51748
0.414959
0.96998
0.845153
0.812174
1.21619
1.53418
0.754835
0.530766
0.779128
0.429753
0.749562
0.581221
0.844167
0.944443
1.2343
0.822218
1.08294
0.801162
1.10214
0.986711
0.510076
0.968996
0.864523
1.21452
1.17573
0.54618
0.836963
0.842213
1.08798
0.718096
0.992894
0.663819
0.44394
0.771909
1.46423
0.925718
0.680545
0.766275
0.785926
1.00253
1.12022
1.31031
1.10563
0.530385
0.949539
0.194953
0.285101
0.532838
0.606083
0.877952
0.490722
1.50512
0.917353
1.13511
0.756172
0.560367
0.752913
0.866969
1.45391
0.54156
1.09185
1.35355
0.339569
1.04011
1.49266
1.40034
1.00512
0.726526
1.14885
0.851464
0.916705
1.32148
0.198889
0.866908
0.657436
0.797799
1.2803
1.2786
0.286571
0.710658
1.42918
1.44977
0.681024
0.288363
1.19338
0.891756
1.48285
0.319208
0.901216
0.677598
1.00601
1.24986
0.894777
1.0728
0.617423
0.640475
0.619592
0.722719
0.961067
0.905781
0.615942
0.84836
0.853352
1.15239
0.395397
1.31809
0.811215
0.951774
0.928595
0.555394
0.487725
0.765159
1.24561
0.423905
1.45492
0.949447
0.87622
0.515056
0.405902
0.938614
1.12312
0.731225
0.986013
0.894859
0.956313
0.734913
0.595101
0.493021
0.436383
1.43585
0.677098
1.1481
0.242619
0.917248
0.901986
1.16074
1.03757
0.844023
0.879025
0.789741
0.619397
0.944949
1.22752
0.426064
0.440726
0.555396
1.47458
0.790351
0.539007
0.97103
0.680385
0.556372
0.588074
0.830916
0.971592
0.845776
0.80846
0.961523
0.891771
0.913253
1.03475
1.1851
0.970823
0.462762
0.870161
0.350297
1.15651
0.896556
1.24804
0.85948
0.385879
0.523075
0.934142
0.674028
1.03485
1.24245
0.883927
0.299362
0.836501
0.540147
0.778689
0.883471
0.867629
0.300618
1.19592
0.890791
0.739472
0.803535
0.99395
1.36073
1.24607
1.19538
0.817899
0.522358
1.08139
0.701203
0.889085
0.753908
0.758226
1.18093
1.34637
0.691956
1.44244
1.46492
0.484284
0.573782
0.753174
0.874966
0.971543
0.926198
1.22938
0.578319
0.519581
1.03037
0.602449
1.22285
1.02583
0.352953
0.27999
1.08881
1.08071
0.849012
0.690109
0.607356
1.49755
0.443497
0.19045
0.444219
0.647588
0.618383
1.30648
0.990916
0.779832
0.985958
0.945772
0.681821
1.51323
0.984373
1.33502
1.49564
1.12864
0.744629
0.912427
0.39996
0.819779
0.794729
0.610245
1.03007
0.352134
0.661165
1.32388
0.614217
0.77586
1.28826
1.00545
0.720303
0.360289
0.529935
0.939071
1.54388
1.25844
0.332433
1.50535
1.5552
1.11803
1.27452
1.13328
1.0402
0.802238
1.0189
0.475839
1.03699
0.930021
0.86276
1.29778
0.291563
1.1752
1.12645
0.41973
0.795525
0.871553
0.962724
0.913283
1.41517
0.927189
0.674001
0.640047
0.517483
0.589896
0.781663
1.24698
1.50643
1.24597
0.984078
0.399314
0.329327
0.890716
0.753519
0.858144
0.96262
0.238948
1.00843
1.0939
1.06164
0.785511
0.710809
0.504806
0.599113
1.08078
0.669428
0.695868
0.476813
0.386651
1.18097
0.79583
0.72174
1.1715
0.377006
1.37552
0.842718
1.19859
0.695031
0.921605
0.815577
0.759088
0.806605
0.705824
1.29474
1.295
0.45982
0.977635
0.813579
0.908655
0.832627
0.774299
0.826297
1.39778
0.904328
0.789708
0.297477
0.731687
1.27082
0.948255
0.984053
0.632679
0.781264
1.33018
0.790038
0.707443
0.724873
1.06113
0.447751
0.81115
0.191718
0.466007
1.01467
0.393822
0.840297
1.21645
1.04007
0.937734
1.10958
1.32257
0.698452
1.31511
1.10537
1.02186
0.608669
0.486222
0.584042
0.868642
0.326093
0.833307
0.881804
0.871153
1.11661
0.957189
0.618427
0.641933
0.561086
0.517087
0.701086
1.34615
0.756661
0.636535
0.573988
0.738754
0.845177
0.823504
0.548195
0.407124
1.19337
0.645978
0.604973
0.271805
1.32075
1.56674
0.391353
1.55312
0.989666
1.24522
0.705776
0.757335
0.160666
0.600284
0.841524
0.812442
0.177749
0.673186
0.988904
1.53521
1.26379
0.842324
1.31424
0.666095
1.41792
0.854828
0.726754
0.730695
0.858439
1.09692
0.230914
0.895511
0.978226
0.773037
0.614869
0.914795
0.333304
0.657909
0.2938
1.07243
1.185
0.603462
0.63453
1.40512
0.963986
1.42927
0.674004
0.240529
1.01864
1.37297
0.27329
0.913017
0.357944
0.6611
0.970884
0.550446
0.658307
1.02009
0.55696
1.14846
0.751583
0.999546
0.576336
0.407225
1.51688
0.73224
0.314586
0.70282
0.418058
1.14456
0.514015
1.25591
1.37591
1.1612
0.88175
0.713088
0.788433
1.15094
0.546959
0.870081
0.694449
1.04314
0.229017
0.950918
1.48959
1.27607
1.26901
0.953205
0.777981
0.444828
1.05117
0.416182
0.965329
1.06587
0.338159
0.391021
0.871859
0.467352
1.27475
0.900627
1.34913
0.733575
1.05681
1.14
0.961784
0.448988
0.317247
1.23923
0.376861
1.05681
0.78846
0.922521
1.55998
0.385543
1.5299
0.675099
0.670309
1.10966
0.765298
0.777651
0.351702
0.845781
0.757979
0.564946
1.08324
0.50451
0.263137
0.954162
1.23085
1.01725
1.19008
1.03258
1.15014
0.628386
1.03756
0.854022
0.841371
0.559116
0.424125
1.2748
1.48533
0.771812
0.757954
1.50988
1.0113
1.13748
0.304487
1.56901
1.02949
1.26402
1.30014
0.453677
0.695386
0.416188
1.51663
1.315
0.545758
0.358124
0.967673
0.636444
0.851924
0.968896
0.829937
1.18748
0.631166
0.616733
0.786035
1.09909
1.46829
1.38955
0.743112
0.819846
1.17596
0.769902
0.524277
0.401189
1.37127
1.082
0.412787
0.947627
0.933199
0.872415
0.53013
0.9773
1.04875
0.875117
0.871455
0.378116
0.763958
1.14516
0.342617
0.789152
0.263584
0.627233
1.3918
1.03826
0.777356
0.621884
1.06957
0.974297
0.950715
0.551907
0.830823
1.07841
0.996189
0.995331
1.25458
0.632807
1.42846
1.47278
0.879183
1.23661
0.948109
0.513701
1.158
0.976175
0.476288
0.861141
0.944099
0.874243
0.241477
1.34264
0.678715
1.36009
1.3781
0.424431
1.44265
0.473884
1.19662
0.688581
0.68707
0.628711
0.802531
1.28434
1.0424
0.779579
0.795011
0.695755
0.618036
0.856348
0.282165
0.749048
0.805888
0.753098
0.522878
0.39555
0.938535
0.898198
0.594784
0.950327
0.968462
0.920502
0.657831
0.733677
0.906041
1.01553
1.30688
1.0466
0.496062
1.49064
1.28264
1.0084
1.17229
0.980649
1.40265
0.569604
0.88192
1.08787
0.844415
1.1983
1.04425
1.30071
0.802322
0.997472
1.31108
1.28015
0.594909
1.19126
0.786731
0.683388
0.818893
0.80783
1.36026
0.691227
1.52094
1.48615
0.579142
0.653609
1.0173
1.29895
0.663473
1.52094
1.0972
1.20834
1.35627
0.306038
0.956809
0.475926
0.270842
1.02329
0.84836
1.06967
0.804089
1.135
0.325252
0.695209
1.1191
0.86398
0.620632
0.932772
0.683774
1.32958
1.47646
0.878561
1.10399
0.825906
0.373742
0.729728
0.665797
0.417473
0.365041
0.69181
1.07457
0.770659
1.33362
0.988568
1.11234
0.576692
1.23075
0.427378
0.510157
0.999585
0.897572
0.323633
1.38791
1.1094
0.983911
0.514379
0.967689
0.363168
0.601056
0.766484
1.21049
1.47021
0.591406
0.748924
0.689622
0.334333
0.403779
0.898332
0.337847
0.558121
0.615178
1.0982
0.0803736
0.558006
1.40866
0.69932
0.68396
0.744634
0.670429
0.766873
0.975428
0.658258
0.549897
0.50297
0.995944
0.63151
0.852106
0.364292
0.828739
0.414882
0.864571
0.962329
0.761736
0.731952
0.664866
0.700073
0.474392
0.49685
1.24373
0.519516
0.795059
0.852016
1.05942
0.266035
1.04919
0.474892
0.98656
1.00661
0.767312
0.324058
1.18271
0.207352
0.850683
0.475432
0.469596
1.00199
0.730892
0.718728
1.30613
0.540187
0.866439
0.686405
1.51344
0.68363
0.933365
1.14436
0.656053
0.80534
0.724535
1.42823
0.865698
1.4472
1.11259
1.02542
0.353481
0.481639
1.1118
1.30332
0.533738
0.932763
0.471927
1.31295
1.35045
0.194664
1.07699
1.4161
0.881061
1.3581
0.55539
1.18866
1.11869
0.341199
0.664945
0.818225
0.491408
0.769959
1.20338
1.25538
0.959657
1.03509
0.318043
0.454164
1.13463
0.821979
0.72992
0.804272
0.968714
0.545274
0.885281
0.892354
0.933964
0.762511
0.59458
1.35174
1.33466
0.210646
0.499239
1.48188
0.721858
1.18547
0.595849
0.743375
0.980227
0.974144
0.591369
0.343914
0.791634
1.21188
1.48554
1.01667
0.671554
1.03314
0.61362
0.67779
0.51705
0.558117
0.834565
0.936464
0.442077
0.373259
0.224075
1.17896
1.38971
0.402141
0.759269
1.56309
1.40661
0.668256
1.20127
0.635383
1.39267
0.683637
1.55884
0.833651
1.10678
0.444759
0.925847
0.96147
0.434565
0.859436
0.812909
0.834359
0.804794
1.53532
0.208251
0.728396
1.0659
1.01017
1.48835
0.130508
0.440875
1.22985
0.938512
0.409388
0.601455
0.62307
0.998396
0.99732
1.42401
1.38772
1.03687
1.08238
0.261598
0.714962
0.679292
1.22447
0.883967
1.36338
1.19915
0.90319
0.841599
1.40772
1.27685
0.931768
1.25388
0.987559
0.845651
0.794285
0.93272
1.17836
0.781616
0.924123
0.631041
0.453335
0.540807
0.485477
0.529696
0.861391
0.899179
0.512926
1.05296
1.39134
1.01192
0.52951
1.18551
0.843075
0.794552
1.40906
1.04534
1.40811
0.848138
0.431207
0.907038
0.830066
0.812952
0.41971
1.43986
1.19975
1.22229
0.935762
1.02585
0.770126
1.31869
0.729651
1.24214
1.07182
0.686848
0.475179
0.428498
0.714683
1.24701
0.996885
1.37916
1.50622
1.21852
0.953061
0.715878
0.693973
1.16614
0.678739
0.798844
0.904262
0.80241
1.09031
1.09613
0.604369
1.01766
0.901119
0.672126
0.711048
1.0979
0.321763
1.37623
1.15004
1.02229
0.273095
1.25026
0.949543
1.28008
1.47635
0.352042
0.532377
1.01586
0.640897
0.822523
0.516434
0.853382
1.44497
1.27548
1.45107
0.556684
0.914911
0.666359
1.46121
0.560324
0.933349
0.227895
1.34992
0.757748
0.504165
0.707417
0.474742
0.649921
0.323629
0.703675
1.10768
1.18898
0.70423
1.16542
1.04874
0.378042
1.40902
0.89858
1.28364
0.385957
0.627342
0.887476
0.82672
1.27521
1.29954
0.227671
0.560316
0.479121
1.46339
0.801593
1.03733
1.14815
1.33866
1.406
1.36266
1.40029
0.716413
1.19848
0.414843
0.83879
1.48323
0.782188
0.602065
1.34422
1.12599
1.47078
0.772159
1.47161
1.08037
0.645022
1.25485
0.649568
0.365793
1.12901
1.00888
0.301592
0.525675
0.801301
0.658622
1.0232
0.869104
1.33469
1.29483
0.55157
1.02073
0.8399
0.864057
0.492755
0.593703
0.920917
0.617034
0.906105
1.1186
0.883492
0.736703
0.712124
0.788483
0.605291
1.19629
1.11748
0.368288
0.261272
1.10637
1.48828
1.46827
0.547754
0.543925
0.776047
1.27712
1.31514
0.629203
0.831724
1.21096
1.05041
1.5368
1.06152
0.54989
1.25815
1.26193
1.07668
1.42373
0.657759
0.701916
0.637446
0.387727
0.162928
0.630328
0.501433
0.868913
0.934156
1.30186
0.758013
0.411332
0.594474
0.69139
1.52479
1.14311
1.08277
0.726483
0.195407
0.843451
0.597576
0.998535
1.19183
1.36349
0.401742
0.986299
0.727996
1.32425
1.48568
1.44104
0.505465
0.685067
0.956456
0.947243
0.729069
0.995072
1.28383
0.588702
0.861176
1.50356
0.555797
0.768108
1.10639
0.935162
0.456458
0.935341
1.02731
0.959095
0.911815
0.692708
0.730031
0.849856
0.455979
1.31393
0.761468
0.588377
0.822273
1.56828
0.393422
1.06603
1.39453
0.431391
1.23548
0.762908
1.2552
0.987265
0.770761
0.172681
1.40112
0.84694
1.42359
0.989135
1.51548
0.409965
1.23586
1.27103
0.670362
1.28353
1.28233
0.575628
1.09925
0.690688
1.56878
0.66417
0.518926
0.7939
0.654225
1.10848
1.11683
0.287837
0.479245
0.859896
0.902421
1.35208
1.10481
0.598473
0.992113
0.47685
0.677496
0.375715
0.818893
1.13956
1.4985
1.47431
1.21315
1.03991
0.932044
0.675058
0.501176
1.05459
0.763366
0.65431
0.954907
0.522262
1.11443
0.604189
0.617519
1.24253
1.06039
0.66436
0.743294
0.745908
0.570762
0.643822
1.11156
1.51757
0.21737
1.12652
0.77184
1.4451
0.875497
0.935152
0.45045
1.12669
0.956337
0.602611
0.924597
0.886506
0.551546
0.428639
1.19857
0.824771
1.01082
0.954739
0.820031
0.977759
0.737045
1.30539
1.01406
0.551313
1.21555
0.43051
0.474324
0.569953
0.846474
0.428359
0.712516
0.697598
1.23926
0.879301
1.1273
0.98278
0.705884
0.549288
1.09016
0.295737
1.15023
0.512755
0.87208
0.811919
0.925331
0.819093
0.703964
0.714809
0.901045
0.671104
0.353827
0.481687
0.825912
0.793657
0.493664
0.760457
1.08482
0.848817
1.01536
0.458437
0.937023
1.10507
1.11158
1.18636
0.478142
1.09666
0.210015
0.829391
0.979194
1.21079
0.653798
0.542725
0.496143
0.972221
0.673084
1.51022
1.08938
0.997254
0.785584
0.922762
1.05448
0.631854
1.00157
0.826358
0.979084
1.10862
1.23707
0.962466
0.301821
1.13
0.954711
0.85914
0.729088
0.670577
0.161084
0.387262
1.01628
0.858233
1.06622
0.809598
1.14005
0.77026
0.94418
0.48834
0.784475
1.15599
1.11536
0.68889
0.292284
1.05625
1.17861
1.10054
0.891479
0.459318
1.2656
0.860098
0.59334
0.707371
0.85138
0.49416
0.913091
0.406728
0.252338
0.876303
0.707132
0.79816
0.920194
0.429188
0.644158
0.747956
0.529813
0.590435
0.603247
0.997403
0.995992
0.81797
0.47359
0.803748
0.188227
0.336832
0.682695
0.987592
1.06502
1.30264
0.837367
1.56366
1.3717
0.488278
1.53786
0.836989
1.50847
0.922149
0.637375
0.73618
1.33357
0.583187
1.52715
0.398876
1.33533
0.825167
1.50895
1.01411
0.611846
0.643419
1.05431
0.555355
0.336556
0.547624
0.478037
0.843525
0.692127
0.0637236
1.35606
0.785817
0.891446
0.881898
0.818658
0.72535
0.718784
0.804497
0.773226
1.02153
0.708404
0.809145
0.909481
0.987307
0.556594
0.658754
0.91378
0.574787
1.47018
1.22706
0.422321
1.15376
1.21255
1.15928
1.1615
0.559383
0.756154
1.55744
1.42095
0.921966
0.283575
1.45348
0.507603
1.34877
0.766793
0.779298
0.451728
0.766969
0.803865
0.781542
1.2451
0.981247
1.25657
1.05292
0.586253
0.275571
0.835587
1.10251
0.337655
1.0396
1.41304
0.982853
1.29176
1.19299
0.934607
0.249275
0.484072
0.4318
0.984449
0.652848
0.496438
1.46079
1.04042
0.521207
0.802771
1.0006
0.937637
1.05805
1.47896
0.264039
0.391504
1.0443
0.54879
0.729415
1.29912
1.19698
0.894822
1.19244
1.00902
0.923994
1.25736
1.24696
0.159385
0.16902
0.635895
0.880669
0.961458
1.26642
0.716974
1.14366
0.724587
0.925849
1.05812
0.33904
0.357582
1.22892
0.715206
0.909577
1.10846
1.40053
0.929255
1.17014
1.35347
1.22566
1.38184
1.3117
1.08171
0.898
1.48916
0.874252
0.418697
0.944997
1.22646
0.578587
0.421019
1.18518
0.885849
1.40265
0.396186
1.02029
0.322827
0.390502
1.2875
1.4341
0.682758
0.516844
0.607357
1.19786
0.843889
0.841468
0.964957
0.750047
1.05184
0.457953
0.746566
0.959234
0.847946
0.675657
1.21753
0.792671
0.585227
0.554933
1.42305
0.484389
1.34528
1.02492
0.937764
0.610347
1.12614
1.14446
1.10997
1.21929
1.17695
0.650916
1.0838
0.97241
1.05734
1.35663
0.89404
0.85923
0.381064
0.535331
1.53066
0.828727
0.260766
0.303969
0.32951
0.210634
0.938999
1.12465
0.452721
0.436819
0.674692
1.20746
0.76456
0.883496
1.41722
0.830232
0.614342
0.873845
0.661051
0.722941
0.747144
0.449519
0.531038
1.07995
0.721552
0.852057
0.529278
0.887936
1.24718
0.62414
0.857163
1.13996
0.593938
1.13033
1.15235
0.995943
0.948504
1.00706
0.613454
0.341033
0.515895
0.188585
0.662363
0.612212
0.792424
0.729837
1.37816
0.97313
0.693849
1.18311
1.14621
0.663859
1.24463
1.1068
1.12004
1.02261
1.14702
0.427575
1.32594
0.634538
1.2486
0.826303
0.725858
0.745837
1.03231
1.48446
0.645314
1.56471
0.977936
0.0933723
0.436811
1.03651
0.344108
0.481708
1.23111
1.03025
0.82224
1.27987
0.642037
0.743947
1.53566
0.742546
0.999653
0.44391
1.06985
0.829797
1.236
0.311172
1.06421
0.446924
0.531641
1.10946
1.16782
1.03565
0.638435
1.29029
0.652807
1.16668
0.822426
0.619156
1.40317
0.896317
0.993446
1.09772
1.55731
0.474236
0.950043
0.65531
0.430995
0.988773
0.923661
1.02762
0.991527
0.932675
0.7869
1.12299
0.820603
0.629828
1.06235
0.401484
0.82863
0.784528
0.963393
1.29191
0.703842
0.994563
0.824472
0.621704
0.405972
0.646003
0.69373
1.26638
0.705452
0.549087
0.59334
0.7919
1.39323
1.12481
0.379323
1.07379
0.418309
0.52758
0.876623
0.758317
0.803635
1.24851
0.697508
0.977389
0.622111
1.46164
1.25417
0.314205
0.606494
0.440157
1.07179
0.876013
0.462013
0.656634
1.10444
1.17182
0.914218
0.366156
0.484132
1.34184
0.559984
0.785121
0.263614
0.717873
1.16321
0.624019
0.816924
1.44579
0.51333
1.34698
0.848003
0.8511
1.2945
0.472991
0.631067
0.407376
0.74608
0.598189
1.21746
1.02466
1.24564
1.48376
0.944271
1.50183
0.523635
0.87921
1.50303
0.70979
0.562367
0.460679
0.275139
0.673101
1.34976
0.440061
1.55633
0.737133
0.426623
0.468463
1.02654
0.690408
1.47011
1.25656
1.04292
0.748411
0.977148
0.453793
0.983625
1.42183
0.618192
0.603957
0.672515
1.3095
0.832538
0.950728
1.03526
0.880201
1.0474
1.20721
1.01587
1.39664
0.494421
0.557901
0.589381
0.831208
1.2107
1.52327
1.03164
0.72666
1.42522
1.33556
1.56997
0.632032
1.35979
0.565685
0.649827
1.48397
0.840983
1.32374
1.06802
0.553496
0.126987
0.745061
0.352923
0.996529
1.31833
0.731542
0.432558
1.24484
0.303125
0.578372
0.874316
0.892269
0.653551
0.574602
0.830766
1.20423
0.42352
0.581688
0.816342
1.37845
0.593059
0.471975
0.990316
0.97577
0.155942
0.32623
0.700835
0.532012
1.17302
0.680959
0.821239
1.55129
0.974476
1.55163
1.23675
1.15734
0.84112
0.383527
0.810287
0.910892
0.999985
0.925821
1.06438
0.359281
0.499909
0.706891
1.056
0.330879
0.68921
0.997076
1.09295
0.71326
0.662034
0.710169
0.802513
0.800601
0.878153
0.454442
0.451923
0.444825
0.474782
1.27322
1.13835
0.502539
1.3368
0.852621
0.283323
1.1106
0.696027
1.09228
0.231963
0.230085
1.35515
0.813129
0.701686
1.18746
0.956103
1.17063
0.665638
0.937229
0.702645
0.84743
1.03032
0.808768
0.883423
0.899352
1.22727
1.10197
0.458631
0.975682
0.359651
0.81601
0.98451
1.10453
0.358738
1.48698
1.49537
0.860251
1.03305
0.687855
1.00385
1.05544
0.636094
0.445761
0.597331
1.2709
1.43159
0.755696
0.753903
0.967654
0.939898
0.906581
1.0578
1.05059
0.750218
1.40203
0.862138
1.10784
0.964892
1.4328
0.804463
0.524941
0.915007
1.3038
0.767649
0.302291
1.42344
1.36899
0.893604
1.09135
1.25376
0.61501
1.28689
1.08689
0.794107
1.32439
0.93987
1.04136
1.06694
1.40814
0.74103
0.382624
0.689744
1.14035
0.384449
0.849252
1.17052
1.47409
0.973197
0.93226
0.952887
0.935217
0.581343
0.502219
0.660863
1.47402
1.18679
0.942143
0.917107
0.965801
0.692404
1.30065
0.226435
1.49192
1.40246
1.46496
0.650498
0.990349
0.658963
1.28362
0.727672
0.249633
0.836256
0.683312
0.205415
0.491623
0.536966
0.454085
1.40493
0.986344
0.78178
0.614795
0.480836
0.999348
0.282401
0.794623
0.591853
1.21877
0.919553
0.54939
0.558509
1.01863
1.42675
0.579728
1.13416
0.489555
1.14271
0.356244
0.592901
0.84913
0.784861
0.225622
0.963515
0.965376
1.39131
1.14337
0.837986
0.755463
1.2959
0.952254
0.681958
0.647798
0.68526
1.08273
0.479721
0.741293
0.912591
0.854345
1.37197
0.683461
1.12593
1.1467
0.280998
0.59689
0.907032
0.576968
0.648294
0.117089
0.748638
1.14677
1.33461
0.401807
0.642006
1.51069
1.35351
1.4003
0.531422
0.228987
0.437721
0.692296
0.911561
0.867097
1.22306
0.913126
0.517737
1.48524
1.00341
0.308617
0.319338
0.601825
0.811538
0.691624
0.381408
1.03418
0.989823
1.15897
0.68049
1.12093
0.943191
0.673263
0.815349
0.908765
1.22376
0.671457
0.332023
0.943404
0.651455
0.899363
0.566099
1.09053
0.684684
0.751827
0.480768
0.505599
0.514495
0.817009
0.810269
0.573947
0.799362
0.696797
1.51431
1.10956
0.370338
1.13458
0.487526
1.19944
0.794337
0.424443
1.23692
0.32208
0.801609
1.26949
0.823334
0.632444
0.262171
0.553129
1.4111
0.786671
0.367445
0.705341
0.934214
1.03227
0.757303
0.654848
1.00046
0.991344
0.54824
0.610614
0.65618
0.706023
0.614346
0.925318
1.26107
1.48098
1.16817
0.845285
0.942363
0.746177
0.403512
0.919492
1.00637
0.621292
0.869742
1.12542
1.30628
1.22639
0.46124
0.919127
1.04792
0.746946
0.832367
1.06007
1.1198
1.44869
0.912875
0.684235
1.02399
0.757633
0.675542
0.626402
0.749064
1.06833
0.327749
0.851858
1.08845
0.42048
0.368486
1.02236
1.32378
0.867378
0.850054
0.414156
1.22673
0.56203
0.471223
0.740202
0.81635
1.14852
0.894477
0.420521
0.999548
0.939495
0.917535
0.583364
0.881598
0.746145
1.06304
1.06283
0.886857
0.774642
0.320608
1.01974
0.448003
0.263245
0.770592
0.879583
0.527228
0.827748
0.285875
1.52424
0.609896
0.773355
1.27341
1.01011
0.68623
0.275332
0.639863
0.530775
1.12537
0.859845
1.39237
0.609087
0.575549
0.83227
0.730447
0.704494
0.722924
0.76022
0.6205
1.46173
0.413653
1.54701
0.784468
1.12909
0.725849
0.542216
0.528233
0.95093
1.00437
0.971843
0.85771
1.56264
1.3151
0.989441
0.59223
1.17342
0.598109
1.55796
1.40289
0.697286
0.906231
0.833616
0.514879
0.803901
0.819938
1.13164
0.452773
0.611321
1.07622
0.624746
0.422977
0.952702
0.898895
0.751259
1.42114
1.06328
1.05152
1.08098
0.787049
1.07243
0.518721
1.2347
0.255549
1.13668
1.13104
0.441459
1.36542
0.974628
1.369
0.92249
0.592928
0.440611
1.05058
0.865412
0.88753
1.21836
0.442213
1.1362
0.741066
0.897381
0.485337
1.36749
1.10206
0.55699
0.726919
0.803289
1.25221
0.703288
1.05674
0.384221
1.26429
0.369587
1.33612
0.722184
0.647073
1.13956
1.48865
0.645588
1.04877
0.740509
0.656814
1.02644
1.15368
0.674136
1.08028
0.913191
0.861923
0.643165
1.47582
0.808332
1.18159
0.845649
0.519237
0.862308
1.21122
1.36224
1.14365
1.34687
0.633061
0.59196
0.511065
1.35756
1.22451
0.885577
0.799899
0.612668
0.786623
1.55188
1.54827
0.415919
0.938521
0.87438
0.792149
0.463213
0.739418
1.09716
1.00002
1.12693
0.658884
0.972671
0.2764
1.44354
0.360765
0.856106
0.831699
0.460376
1.44998
0.877276
1.03355
1.26533
0.22081
1.54636
0.400903
0.82072
0.889507
0.630206
0.422764
0.625785
0.467556
0.626233
1.02193
0.398901
1.38936
1.19494
1.46069
0.72289
0.903379
0.327156
0.395729
0.91587
0.800421
1.08039
0.642771
0.421879
0.497097
1.30062
0.76831
0.76589
0.338067
0.980942
0.41047
0.240775
1.17992
1.4501
0.879195
0.614339
0.634217
1.25703
0.533397
1.09542
0.585774
1.34522
0.804677
0.774342
0.563955
1.08353
1.50836
0.810859
0.955263
1.32775
0.330262
0.892076
0.54864
0.678281
1.15777
0.607838
1.05249
0.938261
1.02864
1.07375
0.697954
0.87442
1.35862
1.51206
0.645556
1.48675
1.3915
1.11871
0.913089
0.487183
0.68942
0.332981
1.10084
1.1592
1.55175
0.379745
0.360584
0.825511
0.56901
0.383299
0.833944
1.09781
1.34865
0.817608
0.610418
0.961873
0.867073
0.957157
1.01871
1.01743
1.31828
1.43597
1.25809
0.308412
0.62501
0.520102
0.587418
0.233321
0.823747
0.74993
0.554223
1.47345
1.26665
0.67793
1.02037
1.24714
0.799153
1.14213
0.406331
1.51457
0.638568
0.154173
0.933752
0.987618
1.18498
0.684105
1.27895
0.925848
0.969273
0.844848
0.70509
0.654547
0.718144
1.50548
1.02171
0.598784
0.222182
0.851042
0.305194
0.996266
1.07801
0.178729
0.470193
0.690575
0.619894
1.12415
1.02178
0.853566
1.02794
0.683184
1.1689
0.644296
0.587555
1.17008
0.720132
0.65323
0.454778
1.15377
0.633855
0.883795
0.753159
1.38652
0.675022
0.598561
1.31507
0.728851
1.21038
0.614619
0.911291
0.995394
1.26159
0.328412
1.33984
1.55632
0.810704
1.33428
0.407629
0.850061
0.340716
0.773472
1.07617
1.00344
1.03384
1.13719
0.866781
0.819784
0.77776
0.350825
0.780789
1.10164
1.00803
1.47859
0.952624
0.232212
0.886985
0.974968
0.691965
0.799602
1.43182
1.30925
0.398156
0.780993
1.26261
1.08387
1.40226
0.445083
1.04489
0.527859
1.09776
1.33062
0.76731
0.795867
1.54164
0.616518
1.46305
1.25716
0.941214
0.575399
0.617182
0.885538
0.710165
0.997592
0.753825
0.93679
0.265242
0.969197
1.26137
0.731237
0.32974
0.305115
0.224574
0.741293
1.08402
0.219653
0.922252
1.53309
0.632071
0.541038
0.294388
0.922447
1.17146
1.47803
1.26827
0.774625
0.416191
1.02075
1.14856
0.921094
0.252832
0.57875
1.31675
1.44041
1.17933
0.898391
0.511356
1.21402
0.772565
0.69583
0.764123
0.964236
0.559902
1.01759
1.05344
0.78122
0.730974
1.41604
0.422806
0.474941
0.773968
0.980166
1.10688
0.536884
0.87528
0.850957
1.291
0.286639
0.458004
0.249908
1.22216
0.303937
1.01382
1.16858
1.46269
0.447574
0.991742
0.724676
0.58283
0.645462
0.630416
0.226713
0.624314
0.802018
1.16455
0.790915
0.732092
0.939126
1.47182
1.13232
0.573938
1.33256
0.392995
0.50984
0.631141
0.752463
0.998049
1.19321
0.659202
0.603224
1.07225
1.54494
0.759447
0.530387
1.11793
0.923379
0.602322
1.00251
1.28055
0.512412
0.875684
0.661305
1.22457
0.637325
1.03112
0.470199
0.70867
1.1952
0.560857
0.572814
0.903746
0.459956
1.04177
0.259528
0.966169
0.492308
1.30984
1.08728
1.23065
0.762389
1.04183
1.35666
1.04309
1.09362
0.47539
0.787515
0.209855
0.952459
0.70384
0.507588
0.726731
0.284259
0.867356
1.21466
1.29986
0.583342
0.811216
1.29308
1.00796
0.642859
1.02905
1.18034
0.809983
0.437269
0.859511
1.50433
1.0233
0.770526
1.47917
0.873854
0.529336
0.94528
1.54027
1.43194
0.480416
0.709848
0.533993
0.654383
0.509115
0.52103
0.67641
1.5605
0.42955
0.524143
0.237813
0.953415
0.88033
0.799103
0.322712
0.540243
0.930241
0.425095
0.956313
0.626045
0.734829
0.967064
0.579659
0.957405
1.12751
0.610622
0.993929
0.42584
1.17962
0.735559
0.801122
0.426415
0.526134
0.554507
1.00979
0.626408
1.34254
1.21165
1.06595
0.529029
0.614866
1.03846
0.992324
1.02339
0.944231
1.5397
0.63108
1.40218
1.04237
0.879411
0.626574
1.02029
0.657945
1.22127
1.02862
0.57173
0.812307
0.957867
0.855807
0.412206
1.04042
0.914347
1.1992
0.998818
0.115523
1.16039
0.635329
0.757828
1.24204
1.31277
0.569212
1.30562
0.626755
1.30754
0.823918
0.321944
1.00541
0.471376
1.14818
0.735218
0.87428
0.832341
0.629
0.976132
0.792065
0.941211
1.44045
0.258368
0.71378
1.45518
0.439433
0.700686
1.05026
0.638502
0.319221
0.278089
0.885381
1.42271
1.02592
0.897393
0.52729
1.54396
0.476721
1.25858
0.2803
0.332638
0.330322
0.940276
1.54143
0.4369
0.526425
0.43855
0.419713
1.5479
0.437803
0.647638
1.17464
0.50807
0.902575
0.631387
0.525168
1.1204
1.00827
0.931798
0.96927
1.06677
0.640221
0.570721
1.16379
1.55528
0.505633
1.18759
1.07683
0.993842
1.05591
0.521941
0.301979
1.19323
0.615703
0.881145
0.868283
1.53121
0.997152
1.32933
1.30053
0.83498
0.918391
1.17802
1.0742
1.10724
0.472538
1.07848
0.672876
0.755089
0.484178
0.720206
0.556544
1.09397
0.712104
0.852198
0.913801
1.54266
0.401366
0.891212
0.500022
0.566502
1.45797
0.885537
1.21479
0.284585
1.13562
0.98328
0.494693
0.990979
0.703155
0.452786
0.841652
1.14537
0.397118
0.893
0.799304
0.846473
0.821806
0.503704
1.11393
0.946033
0.648005
0.964042
0.732845
0.506624
0.852495
0.240858
1.54037
1.05993
0.923265
0.378136
0.514919
0.610396
0.751978
0.803151
0.640621
0.411398
0.798371
0.948102
1.36904
0.553542
0.394812
0.474818
1.32186
0.742167
0.861489
0.694441
0.954897
1.20417
0.947072
0.372791
0.302476
0.379722
0.795663
0.39535
0.647251
1.42921
1.02699
0.69942
0.981434
0.961706
0.890912
0.164272
1.09909
0.54667
0.400596
0.884475
0.674252
1.03119
0.394001
0.710565
1.17611
1.03287
1.10678
0.679475
0.493988
0.517096
1.28926
1.26504
1.11709
1.42657
1.28307
1.29203
0.995785
0.857003
0.871608
0.700977
0.752872
1.3423
1.20013
1.02981
0.374128
0.371364
1.41228
0.897535
0.971087
0.750964
0.321688
0.555028
0.584395
1.03846
1.36593
0.413981
0.720442
0.569226
0.948407
1.4334
0.656848
0.779025
0.566352
0.282932
0.3173
0.853952
1.03658
0.529793
0.725215
1.10213
0.717882
1.03302
0.800542
0.961282
0.890378
1.064
0.948048
0.403973
0.930675
0.46271
0.434633
0.733696
0.440685
0.12
1.32781
1.15444
0.869567
1.08002
1.50996
1.01462
0.530783
1.45593
0.898713
1.0754
0.539408
0.658518
1.43568
1.24507
0.477883
0.832799
0.877356
0.936887
0.836556
0.966212
0.349508
1.17771
1.0054
1.21623
0.885338
0.442364
0.869669
0.953575
1.13681
0.666245
1.02817
1.18901
0.467975
0.847101
1.23536
0.547297
0.536205
1.10271
1.18872
1.3413
0.387595
0.983563
0.854885
1.01716
0.521948
0.646648
0.582638
0.898491
0.347719
0.768514
0.697839
0.996114
0.191413
0.977928
0.903091
0.352773
0.679908
0.917434
1.43115
0.888771
0.947778
0.725897
0.312847
0.478899
0.24794
0.549748
0.349241
0.439778
0.596705
0.35727
0.55045
0.858194
1.50571
0.638212
1.45147
0.980471
0.548262
1.12269
1.20383
0.829723
0.697116
0.643549
0.785895
1.42586
1.09172
0.943753
1.01683
0.737766
0.584637
0.333037
1.24733
0.823961
0.97909
0.702196
1.45024
0.859867
0.631282
0.873348
1.14219
0.852729
0.709266
1.25977
0.793197
0.564106
1.01057
0.69935
0.903983
1.14419
0.610996
0.254472
1.51199
0.726143
0.606786
0.126037
0.807953
0.52427
0.148957
1.17717
0.759429
0.757179
0.286005
0.739534
0.865975
0.820162
0.235415
0.852723
0.816859
0.402804
0.421005
0.817412
1.33075
0.607401
1.01065
1.07753
1.06258
0.997923
0.696034
1.27669
0.826491
1.18029
0.550334
0.286953
1.38005
0.796418
0.885902
1.3794
1.08716
0.71733
0.776718
0.350462
0.99546
0.646093
0.61055
1.09875
1.07866
0.31369
1.35848
1.37625
1.44851
0.606472
1.54012
0.677141
0.896562
0.925411
0.897412
0.760839
0.958607
1.16709
0.737387
0.974035
0.895059
1.23664
0.816481
1.06799
0.69459
0.733968
1.18295
0.514336
1.38023
0.995693
0.739742
0.425373
0.603123
0.818829
0.611772
1.43882
0.498858
1.25827
0.5042
0.428182
1.41027
0.446493
0.992623
0.969847
1.04691
0.976683
0.612559
0.611291
0.584671
0.640697
1.06427
0.794536
1.15754
0.554033
1.13032
0.925707
0.497772
1.52086
0.507131
1.03648
0.473749
1.17814
0.884241
1.14314
1.2887
0.833788
0.800755
1.02178
0.856277
1.24792
1.00885
0.807689
0.77482
0.475748
1.27405
0.599979
0.871141
0.606765
0.98048
0.922769
0.497531
0.632845
0.514358
1.10967
0.855244
1.05315
0.312967
0.305474
1.35251
0.53915
1.105
0.927109
0.757821
0.815257
1.17676
0.554334
0.966912
0.886691
1.47232
0.66953
0.921156
1.50176
1.46415
0.712341
1.42369
1.26799
0.437843
0.707033
1.42787
0.529633
1.56547
1.40236
0.511981
0.248083
0.673592
0.634761
1.3345
1.31727
0.793549
1.14074
1.07751
0.915579
0.653656
0.776306
0.853166
1.21837
1.2353
0.97139
1.42758
0.9334
0.378447
1.24025
1.08763
1.06091
1.12407
1.14716
0.794553
1.04048
1.05224
0.999854
1.26953
1.25527
1.39523
0.451534
0.686041
0.831453
0.677809
0.844009
1.21135
0.248145
0.340183
0.326178
1.07035
1.17923
0.799336
0.324114
1.00505
0.854217
0.297762
1.06412
0.69808
0.641996
0.784109
1.2903
0.649332
0.903859
0.841794
0.598192
0.27222
1.50947
1.03193
1.04559
1.03665
1.10776
0.777907
0.844309
0.532274
0.706701
1.15044
0.989247
1.19653
0.353715
0.838564
0.804957
1.0105
1.02383
0.669036
0.691685
1.55855
0.46572
0.587572
0.442569
0.946317
1.2678
0.538583
1.0413
0.621356
1.29568
0.943153
1.04105
0.791281
1.26959
0.970151
0.620261
1.35588
1.16066
0.872014
0.846182
1.0853
1.56733
0.298236
0.394175
1.22975
1.05387
0.725431
0.907178
0.665532
0.459472
1.49821
1.18815
0.877184
0.996551
0.45607
0.651549
0.868866
0.18991
1.17457
0.920045
0.872724
1.0274
0.889403
0.542291
1.37499
1.36199
1.56986
0.925105
1.50801
0.575009
0.783283
0.743597
1.31224
0.817065
0.265268
1.52114
1.09099
0.750272
1.35962
1.10331
1.26494
1.38149
0.762476
0.934695
1.39112
1.01265
1.33641
1.43399
1.30153
1.06736
0.587359
1.18193
0.601525
0.526531
0.701335
1.08888
0.923708
0.408293
1.22617
0.67784
0.326463
1.19762
1.0133
1.18748
0.662495
1.39444
1.17478
1.22566
1.12063
0.410058
0.740485
1.1507
0.68905
0.930484
0.24838
1.2919
0.990499
0.982379
1.28419
0.62505
0.919034
1.33913
0.983501
0.865487
1.26797
0.949802
0.954577
0.865502
1.41438
0.64684
1.24142
0.86783
0.857614
0.695779
1.30055
0.429444
1.37249
1.50886
1.48361
0.67335
0.089383
1.34887
1.07469
0.748072
0.778863
1.02738
1.17392
1.0297
0.601985
1.1612
1.54235
0.512416
1.073
0.782332
0.735148
1.03629
0.155415
1.29449
0.824381
1.05242
1.20459
1.1421
0.841046
0.5214
1.11527
0.463019
0.997769
1.24975
1.47329
0.88398
1.08343
0.966595
0.850165
0.621448
0.464166
0.738317
0.47583
0.560107
0.788621
1.0437
0.773507
1.35075
0.578531
1.50817
0.304007
0.706624
1.36647
0.3273
1.55345
0.585333
0.555163
1.356
0.678643
0.740013
1.13703
0.694117
0.949343
1.03053
1.19296
1.37503
1.54322
0.718062
0.903615
1.42675
1.15527
0.558947
1.25256
0.591391
0.682875
0.490501
0.824798
0.747892
0.716606
0.883785
0.888085
0.201483
0.672248
0.696125
1.47225
1.11381
0.680259
0.918454
1.5127
1.13669
1.00691
0.643652
0.709383
0.552953
0.980384
0.812797
0.585763
0.447742
0.417084
1.21244
0.57309
0.661992
1.10774
0.476563
0.519377
0.461119
1.06848
1.51392
1.01523
0.869065
1.1151
1.34918
1.18959
0.525203
1.0016
0.322679
1.08032
0.873873
0.513711
0.885507
0.922882
1.168
0.956494
1.29492
0.930691
0.887188
1.53557
0.844619
0.837551
0.872989
1.20192
1.00132
0.831964
1.42667
0.347764
0.97162
1.00669
0.180111
0.662388
1.33272
0.808589
0.61381
1.04908
1.10765
1.14556
1.39376
0.918178
0.274784
1.26219
0.845056
0.828003
1.16806
1.28243
0.733596
0.79433
1.02263
0.967911
0.705179
0.931161
1.18612
1.01374
0.941689
0.531317
0.74757
0.799959
1.41343
0.443903
1.34414
0.242936
1.43736
0.785692
0.340347
1.00776
0.427604
0.958283
0.57388
0.603569
1.5227
0.381747
0.874027
0.352074
0.748022
0.791371
0.767532
1.02433
0.921814
1.15656
0.493252
1.09389
0.684583
0.506564
0.864424
0.985355
0.389427
1.26731
1.34055
0.828833
1.3733
0.495801
0.903832
0.816499
0.822167
0.280928
1.37812
0.984255
0.926758
0.65626
0.258417
0.383242
0.540871
0.995292
1.00881
1.30074
0.213708
0.608718
0.719604
1.56903
1.20355
1.13
0.390376
0.879816
0.549005
0.587598
1.10695
0.250724
1.49645
0.634598
0.313952
0.679385
0.930554
0.623317
0.591592
1.11614
0.964056
0.369246
0.4936
0.846568
0.317802
0.852132
0.925861
1.24807
1.54448
1.16882
0.557903
0.416821
1.53175
0.867101
1.40588
0.544271
0.320449
0.883835
0.874614
0.952171
0.992747
0.862943
0.723433
1.26683
0.400626
1.30961
0.913187
1.15263
0.843556
0.443086
0.608581
1.27894
0.320601
1.36577
0.663638
1.02414
1.53741
0.942407
0.736173
0.899452
0.426456
0.601228
1.05254
1.45
0.324546
0.430278
0.693028
0.853595
1.17757
0.743393
1.24654
1.02039
0.830021
0.666163
1.15962
0.512502
0.35108
0.631582
0.747411
1.08484
0.742795
0.632173
0.618988
0.884781
0.595446
0.660069
0.74993
0.243263
1.35452
1.32945
1.46619
0.890551
0.698503
0.644993
1.4932
0.451541
1.20424
0.586253
0.433276
0.955985
0.859676
0.764095
1.22589
0.780987
0.334038
0.746108
0.569485
0.785079
0.947233
0.822295
0.783485
0.991602
0.653742
0.940229
1.0119
0.731074
1.41158
1.05779
1.03603
1.00008
0.981737
1.34813
0.922721
0.659647
0.692528
1.0893
1.13486
1.12668
1.35549
1.11683
0.379536
0.504135
1.07649
0.800904
0.350856
0.844375
1.02706
1.30153
0.851477
0.688534
0.556518
0.813087
0.756543
0.451541
0.970273
1.03635
1.51604
0.785477
0.279924
1.00915
0.502739
0.835914
1.38148
1.17727
0.912863
0.317007
0.222331
1.00312
0.888024
0.907393
1.01613
0.254604
0.52114
0.531833
1.19688
0.614276
0.813003
0.853113
0.611167
1.07581
0.865692
1.05477
1.49164
0.523481
0.506365
0.878247
0.395292
0.956435
0.361444
0.615943
0.629284
0.778027
0.864712
1.28
1.40584
0.349403
1.42066
0.526331
1.13922
0.82159
0.838865
1.00277
0.610827
0.852112
0.65043
1.11651
1.28394
1.0107
0.436795
1.18394
1.29787
0.449905
1.38116
1.29391
0.744396
1.18668
0.994715
0.504379
1.00969
1.31518
1.15697
0.768123
0.730661
0.992468
0.845698
0.706716
0.613644
0.901912
1.17827
1.08596
0.865053
1.31508
0.847805
1.38554
1.26537
1.06416
1.24354
0.324356
1.04398
0.744181
1.19768
0.610993
0.986408
0.396788
1.14685
0.959557
0.819884
1.44901
1.20301
0.426463
0.918395
1.16219
0.505714
1.09548
1.19487
0.456967
0.769287
0.420561
0.824698
1.25877
0.749856
0.796877
0.904991
1.36597
0.925978
0.891012
0.470667
0.676355
0.910883
0.694515
0.42783
0.531122
0.98748
0.541227
1.12036
1.42949
1.09157
1.31266
1.45207
0.820145
0.822816
0.851748
0.246451
1.09196
0.632595
1.35527
