1.44147
1.48292
0.522593
1.1172
0.815052
0.772345
0.488082
0.928647
0.47115
0.846905
0.616504
0.404993
0.719924
0.370885
1.12277
1.13349
0.91157
0.6537
1.31724
0.587457
0.610223
1.23313
0.852646
1.17312
0.387667
0.480769
1.4376
0.657375
0.567092
0.519909
0.611403
0.551996
0.998078
1.2716
0.746372
0.910308
0.362244
1.15492
1.40925
1.45506
1.45212
1.45677
1.52317
0.448786
0.262476
0.711077
1.54735
0.478951
0.863846
1.14068
0.627529
1.07436
0.832993
1.37843
0.803303
0.145377
0.595546
0.998125
0.923051
1.20322
0.782116
1.30428
1.32449
1.28016
0.848568
0.816884
0.644999
1.51795
0.855495
1.27759
0.860402
0.634927
0.758695
1.43109
0.301289
0.510426
1.51006
0.778193
1.41252
0.546107
0.712285
0.955501
0.748094
1.25728
1.3978
0.863004
0.225685
0.428865
0.404391
0.778112
1.13773
1.1049
0.699663
0.515127
1.33098
0.696614
0.86464
0.539556
0.544713
1.14267
0.868079
0.786488
1.15767
0.556324
1.43569
1.15086
1.29712
0.882192
0.912098
0.391449
1.08478
0.943317
0.483611
1.44989
1.49368
0.909659
0.485689
0.70338
0.653832
1.16433
1.10697
0.537193
0.934914
1.01882
0.721912
0.987835
0.97468
0.429925
0.732244
0.789552
0.435256
0.636779
0.939151
0.566275
0.803686
0.767017
0.333732
0.618434
0.793402
1.22336
0.244328
0.503052
1.23046
1.47897
0.186645
0.55938
0.547816
0.752035
1.4822
0.632716
1.20756
0.643124
0.519437
0.726892
0.928263
0.849686
0.922136
0.732501
0.31419
0.412546
1.17961
0.882565
1.38182
1.08669
0.854161
0.406813
0.630784
1.11573
0.791523
1.48878
1.02514
1.2184
0.586659
0.927447
0.608766
0.796844
0.285767
0.683393
1.16063
0.37257
0.948949
1.17824
0.519171
1.01885
0.508993
0.419734
0.171233
0.40332
0.606006
0.96875
1.3885
0.946915
0.826787
0.409505
0.429671
0.520312
1.47697
1.15834
0.506889
1.18772
0.88735
0.647293
0.748774
1.05029
0.785849
0.424085
0.474108
1.22635
0.454874
0.661263
0.230348
0.917741
1.13181
0.600048
0.802963
0.673018
0.945422
0.620649
0.644277
0.671187
0.562788
0.593852
0.68314
0.679155
0.342943
0.446295
0.941359
0.634629
1.0298
1.17408
0.718097
0.880764
0.614273
0.68093
0.512625
0.763461
0.618597
0.576438
0.216082
1.30779
0.4444
0.421064
0.394208
0.737951
0.692207
0.970765
0.827747
0.665525
0.415633
0.747987
0.858921
1.23611
0.782276
0.330704
0.429478
1.16954
1.55328
0.383584
0.896966
1.4283
1.47888
0.26164
0.496412
1.45877
0.418421
1.51453
0.919812
1.08821
0.862402
0.389405
0.31267
0.601836
1.40195
1.0292
0.657165
1.29154
1.31313
0.423485
1.1755
1.11302
1.16396
1.49429
0.99727
0.353376
0.806565
0.993894
0.999636
0.566318
0.813294
1.32683
0.532366
0.584229
0.437881
1.43295
0.320755
0.90622
0.548005
0.677641
0.372493
0.713705
1.48108
0.669386
0.78803
0.422333
1.42506
1.52545
0.821032
0.895777
1.52725
0.434062
0.806542
0.800797
0.885082
0.38136
0.709644
0.713371
0.631585
1.23287
1.14809
0.84376
1.44063
0.705059
1.25556
0.90375
1.06684
0.365615
0.625742
0.584523
0.478758
0.561869
0.498605
0.708333
0.551825
0.366397
0.862293
0.535992
1.19434
0.954991
0.677852
0.488587
0.873137
0.911779
0.821295
0.801015
0.0625603
1.34131
1.15981
1.34551
1.07842
0.38415
1.20687
0.410576
0.744001
0.612259
0.926228
0.450049
1.32128
0.791221
0.819155
0.466183
0.765826
0.992546
0.472866
0.939679
0.497855
0.635541
1.12817
1.23945
1.1884
0.484139
0.781356
0.982677
1.5537
0.280261
1.42507
1.04615
0.672916
1.39108
0.89379
0.52564
1.12176
0.703724
1.34996
0.306829
0.960127
1.32539
0.892505
0.440158
0.994107
0.700589
0.624269
1.033
0.711935
0.738213
0.871903
0.909241
1.26399
0.558228
0.486363
0.500409
1.17839
0.934394
0.164194
0.60623
0.568374
0.953657
0.797473
0.533877
1.44839
0.504033
0.879151
0.868911
1.42328
0.371814
0.158165
1.13967
0.774984
1.02219
0.899254
0.466917
0.955077
0.257779
0.407141
0.582617
0.440972
0.845773
0.656615
0.342631
1.21848
0.837433
0.774586
0.806626
0.970319
1.48056
0.599461
0.738677
0.790743
0.718119
1.19186
0.703529
0.53417
0.694986
0.695181
0.442152
0.698937
0.703411
0.893394
0.376837
0.597808
1.5641
0.971531
0.665607
1.24489
0.951464
0.623663
0.918694
1.17281
1.20208
0.880727
1.04217
0.82299
0.919759
0.445024
0.814885
0.727783
1.05098
0.619008
0.711297
0.694623
0.777549
0.823019
0.479625
0.984657
0.557543
1.34136
1.41674
0.39646
0.354351
1.40966
0.613218
1.00861
0.891421
0.791796
1.33221
0.812627
0.989213
0.527531
1.08779
0.841734
0.621413
0.775347
0.317002
0.239771
0.412005
1.04393
0.692253
0.879438
0.807789
0.703375
0.309903
0.702655
0.603012
1.14242
0.63023
0.4022
1.29946
0.934454
0.964023
0.472385
0.919366
0.454725
0.493268
0.597482
0.786198
1.20334
0.666244
1.20511
1.32459
0.972296
1.32069
0.305175
0.989226
0.907588
1.42163
0.930632
0.714926
0.914182
1.00032
1.33066
0.734011
1.14718
0.566681
1.16348
0.4475
0.870621
0.854153
1.54157
1.49887
0.973217
0.987218
1.22327
1.2051
1.35807
0.462944
0.592681
0.28886
0.695982
1.09172
0.458874
0.839031
0.906934
1.51158
1.09618
1.51584
0.9342
0.550988
0.397775
0.511569
1.26895
0.759368
1.28356
0.693819
0.184477
0.672158
1.28855
1.36705
0.708233
0.513137
0.83935
1.00039
0.281864
0.910467
0.717692
0.359017
1.01241
1.13662
0.563114
1.1858
0.487809
0.680478
0.834719
1.09401
0.275581
0.769488
0.736495
0.771591
1.03982
0.976139
0.656139
0.663126
0.599139
0.815213
0.781351
0.702707
0.791596
0.431307
0.614447
1.01282
1.39793
0.35911
0.417824
0.505644
0.814389
0.585796
0.812031
0.942754
0.819055
1.44315
0.863883
0.530093
0.916532
1.3972
0.933223
1.05478
1.41011
1.00359
1.08748
0.68943
1.03165
0.565784
0.818646
0.929045
0.122846
0.410428
0.917792
0.500601
1.11205
0.681494
0.641726
0.691279
1.42543
1.38453
0.948908
0.682636
1.18663
1.48652
0.433867
0.492177
0.369871
0.356375
1.11349
1.1488
0.682017
0.776533
0.242834
1.04688
0.558439
0.851628
1.36836
1.12607
0.618811
0.357741
1.33849
0.553323
0.295593
1.05329
1.01096
0.78932
1.12322
0.737256
0.978982
0.848073
0.837956
1.07113
0.80037
0.608215
0.599132
1.299
0.919383
0.774685
0.794649
1.04291
0.701776
1.34388
1.14163
0.960763
0.185084
1.01032
0.135151
1.17935
0.994086
0.673189
1.32591
0.381863
0.855238
0.536849
0.440514
0.646864
1.01395
0.87013
0.756047
0.727151
0.517573
0.54894
1.14425
0.599054
1.12105
0.53208
1.1335
0.383408
0.410147
1.24358
1.07699
0.871733
0.897036
1.52679
0.426942
0.280534
0.803473
0.878275
0.769585
0.269502
0.119705
1.1744
0.365937
0.438789
1.27549
1.15536
1.07721
0.997699
0.78407
0.658314
1.21992
1.06412
0.370584
0.46284
0.444322
0.857615
0.601216
0.62713
1.22875
0.965844
1.24731
0.965613
1.16424
0.836335
0.65601
0.22269
1.0286
0.881766
0.645995
0.57477
1.03007
1.32682
0.7156
1.56876
1.53727
1.22347
0.322101
1.06722
0.631287
0.296831
0.377122
0.926775
0.906743
0.76716
0.671623
0.700695
0.762582
1.10619
0.51932
0.64267
0.676889
0.682918
0.811804
0.494163
1.08355
1.48482
0.912034
0.448799
0.475205
0.458658
0.465079
0.707133
0.756082
0.780142
0.767047
1.02889
0.384705
0.799323
0.656362
1.09297
0.440274
0.268229
0.385716
1.19176
0.615919
0.774364
0.862173
0.636547
0.973951
1.25593
0.954845
1.2601
1.25382
0.409623
1.31474
1.08989
0.713281
1.06388
0.382634
0.704487
1.0229
1.32557
0.52559
0.656821
0.867194
0.441831
0.611939
0.326906
0.870818
0.713945
0.508612
0.652369
0.931834
1.52913
1.29829
1.27482
0.996937
0.820921
0.746197
0.978531
1.39354
0.38141
0.918039
0.420885
0.629874
0.772141
0.81046
0.555057
0.988116
0.548401
0.373313
1.0314
1.18329
0.461329
0.687804
1.07318
1.56281
0.605744
1.49397
0.528677
0.520963
1.32088
0.375701
0.521677
0.858999
1.08076
1.39716
0.824907
0.365595
1.32721
0.897751
1.01476
1.48211
0.443041
1.33165
1.0589
0.950586
0.824348
1.03244
1.10373
0.56293
0.335905
0.3339
0.567843
0.343825
0.504975
1.09904
1.3391
0.558897
0.877406
0.445607
0.90129
0.361167
1.043
0.341466
1.15002
0.880282
0.554225
1.43006
0.793866
0.435771
0.750277
0.406176
1.19028
0.780517
0.574104
0.881267
0.63741
0.628751
0.783731
0.940147
1.24026
0.891028
0.535109
1.28601
0.550927
0.833131
1.15851
0.795656
0.433221
0.757267
1.00703
0.790371
1.17712
0.570737
1.4208
0.976343
0.498505
0.869099
0.913209
0.934294
0.297275
0.338183
0.460596
0.837873
0.930092
0.219796
1.16635
1.03508
0.731255
0.752617
1.05846
0.531176
0.747917
0.29645
0.838563
0.2965
0.934985
0.910044
0.333121
0.408962
0.436398
0.900328
1.39699
0.345117
0.336504
0.485222
1.14002
1.18665
0.431429
0.573376
1.24812
1.27859
0.63641
1.38398
0.9102
0.233197
1.04685
1.25746
1.4866
1.23681
1.03502
0.883669
1.05577
1.20755
1.50163
0.883128
0.94635
0.796396
0.756291
0.815076
0.925279
0.85316
0.351085
0.302954
1.44188
1.05171
1.41572
0.403061
0.35062
1.47877
1.28064
1.23223
0.835372
1.41572
0.877101
1.4637
0.747071
1.04631
0.261396
1.14202
0.805544
0.532257
1.22892
0.362093
0.356013
0.857844
0.431882
0.607702
0.558125
0.470706
1.00063
0.670241
0.580508
0.719905
0.48063
1.07508
0.534981
0.772918
0.430971
0.968339
1.17073
1.09906
0.978275
0.505528
0.271709
1.06421
1.07884
0.75635
1.21926
0.501485
1.16857
0.73308
1.44584
0.464291
1.09388
0.327887
0.802528
0.893177
1.55044
1.56797
0.980196
0.6146
0.918922
0.930875
1.4688
0.397233
0.946601
0.973704
1.49172
0.967685
0.866425
0.280857
0.944963
0.431477
1.15024
1.09282
0.39863
0.66737
0.828111
0.808414
0.574625
0.217305
0.626474
0.350943
0.405876
0.860187
0.718743
0.806828
0.830038
1.11279
0.405819
1.08591
0.564739
1.03699
0.958296
0.792741
1.12112
1.18352
0.91155
1.22396
1.31345
0.478542
0.629875
0.454312
0.321064
0.812908
1.23875
0.677917
0.675814
0.612386
0.569294
0.290231
0.657699
0.862955
0.7807
0.556687
0.98272
1.05795
0.682067
0.666187
0.825423
1.22354
0.865362
0.565464
0.688884
0.85076
1.18149
0.962808
0.601583
0.319972
0.548938
0.763563
1.2633
0.453563
0.583887
0.667149
0.921924
1.20002
0.891978
0.431542
1.00677
0.830661
0.486348
0.664171
0.674589
0.292772
0.548472
0.377825
0.814758
0.235364
0.383093
0.409563
0.484048
0.39916
0.858469
0.812074
0.867933
1.01147
0.351794
0.929248
1.24319
0.963981
0.417973
0.593315
0.786989
0.529957
1.506
0.831685
1.03754
0.466012
1.01022
1.22021
1.46482
0.493507
0.758979
0.798771
1.55443
0.578122
0.879172
1.12631
1.31873
0.8889
0.97679
0.152291
0.876752
0.51939
0.984691
1.18359
0.927299
1.13713
0.576228
0.327064
0.704993
0.305554
0.782397
0.688365
0.550155
0.487967
0.784606
0.51482
0.202465
0.623917
0.894697
0.780625
0.7297
1.11358
1.12809
0.677782
1.27839
1.23845
1.20076
0.431563
0.818317
0.698958
0.609034
1.27062
1.37422
1.0155
0.377485
0.685771
1.03451
0.295315
1.4868
0.869345
1.08713
1.50157
0.391629
0.695065
0.777525
0.834913
0.399176
1.17321
1.02256
0.461325
0.154285
0.731913
0.262608
0.271435
0.216757
1.0573
0.97067
0.98206
1.31956
0.44821
0.474214
0.548854
0.465403
0.746584
0.983956
1.18758
0.968054
0.787979
0.526799
0.381479
1.38245
1.19021
1.42272
1.43753
0.346188
1.01158
0.925488
1.2905
0.900337
1.32114
0.16099
1.04739
1.23582
0.533856
0.616483
0.983964
0.696766
0.387264
1.31575
1.21655
1.10748
0.522711
1.40994
1.31282
0.620488
0.830828
0.673239
1.33231
0.63544
0.789066
1.01923
1.37702
1.55978
0.624534
0.718514
1.49983
1.26904
0.356047
0.955435
1.0333
0.154869
1.36597
0.837981
0.805573
0.69761
0.275859
0.841617
1.34548
1.03401
0.670428
0.457836
0.645961
1.24744
0.69449
1.5632
1.42965
0.55617
0.340465
1.18178
0.510275
0.986024
0.671229
0.978135
1.04004
0.690212
1.13684
0.509027
0.876728
0.572902
0.600591
0.344731
0.900698
0.602203
1.50587
1.02915
0.988134
0.586492
0.267746
1.06038
0.497808
0.210089
1.54364
1.02965
1.17491
0.336279
1.36594
0.753566
0.735566
0.952997
0.300874
0.37362
1.12986
0.786894
0.922074
1.0612
0.890734
0.373532
0.468533
0.602624
0.538951
0.708838
1.06668
1.35452
0.525085
0.521582
0.709244
0.682062
0.57871
0.582443
0.70065
0.29231
1.52571
0.427169
1.13667
0.548663
0.359413
0.842043
0.564119
0.992884
1.0534
0.923523
0.44329
1.35006
0.413629
1.15522
0.736197
0.511926
1.12751
0.381985
0.80205
0.423541
0.993815
0.184705
0.812051
0.462521
0.365902
0.964191
0.732808
0.378907
1.38465
0.91786
1.28007
0.450766
0.800627
1.2036
0.533878
0.985646
0.401556
0.475961
1.47472
0.739846
0.534288
0.646716
1.51673
0.861817
0.480245
0.776192
0.450888
0.462937
0.719374
0.479279
0.763869
0.750319
1.34796
0.67588
1.19426
0.767891
0.760293
1.28238
1.03164
0.472794
1.02781
0.70368
0.926955
0.399437
0.474348
1.26406
1.45701
0.902158
1.14434
0.919549
0.436687
0.802849
0.940944
0.725932
0.704546
0.455343
0.65564
0.414302
0.69205
1.13393
1.02055
0.941691
1.22484
0.641627
1.56933
0.736148
0.77804
1.16907
1.48218
0.413932
1.20553
0.590889
1.53304
0.279092
1.0834
0.921798
0.80795
1.36177
0.34732
1.00684
1.21871
0.39682
0.999292
0.278482
0.937602
1.06656
0.976485
0.887287
1.12399
1.53327
0.496906
1.1512
0.560904
1.2785
0.607636
0.79092
0.725131
0.759623
0.806937
0.849662
0.40659
0.926992
0.537565
0.997866
0.395841
0.356926
0.473934
0.606726
1.22822
0.492455
1.19682
0.461086
0.379329
0.916947
1.20451
0.788471
0.541924
1.0657
0.503953
0.90015
1.21489
0.478471
1.13499
0.846938
0.373127
0.902316
1.18289
0.398721
0.593105
1.42701
0.645091
0.598425
1.4434
1.02878
0.466783
0.367648
0.792306
0.705779
1.27965
1.14683
1.49361
1.25945
0.960023
0.220321
0.810282
0.855495
0.566146
0.512686
1.20982
0.729978
0.53245
0.228452
1.03087
0.369343
0.676048
1.2646
0.617042
1.12684
0.449432
1.29595
1.0824
0.525349
1.29057
0.358169
0.192451
0.176974
0.722036
0.748828
1.28898
0.81364
1.0935
1.30503
0.733705
0.658601
1.25249
0.460947
0.995044
0.277381
1.52439
0.407008
0.859087
0.705468
0.865639
0.351598
0.625961
0.165973
0.927449
0.605842
1.00787
1.35492
0.692585
0.854803
0.370008
1.34241
0.409126
1.12391
0.315241
0.536702
1.40674
0.337755
0.588945
0.76987
1.13385
0.983546
1.2786
0.896992
0.827106
0.740671
0.198965
0.570273
1.39272
0.77446
0.823526
1.55281
1.23634
0.492273
0.497003
0.529686
0.727068
0.905448
0.982798
0.541561
0.939757
1.14661
1.25258
1.22695
1.30391
1.44617
0.85711
1.0104
0.788
0.463837
1.05126
1.08898
0.623746
1.21414
0.398721
0.243967
0.772363
1.15218
0.977998
0.769676
0.409941
0.466012
0.833327
0.909624
0.986794
1.173
0.0976344
0.677312
0.580143
0.970878
0.457492
1.13035
0.848488
1.19329
0.618227
1.15436
0.844292
0.905495
1.1357
0.874497
1.28127
0.512214
0.402878
0.881597
1.34595
0.684389
0.746942
0.498708
1.31923
0.275619
0.948032
1.50137
0.987924
0.872564
0.953206
0.556805
1.38818
0.899003
0.614405
1.04305
0.570436
1.20045
1.16292
1.43262
1.40899
0.508867
0.810775
0.197058
1.22184
0.700054
1.35992
1.54555
0.292019
0.251831
1.48334
0.827309
0.369622
0.384093
1.08013
0.543407
0.499056
1.0254
0.9524
0.815159
1.37181
1.06377
1.15012
1.30798
0.664976
1.4267
0.572537
0.579856
1.09361
0.901425
0.645798
0.812661
0.987994
0.950618
1.16009
0.206719
0.240644
0.558438
1.38294
0.852108
0.869128
0.923203
1.55777
0.675988
0.497231
0.397531
1.06442
0.773596
0.503441
0.421906
1.04115
0.410749
1.2854
0.94894
1.36439
1.36712
0.725544
1.37195
0.41886
0.767313
1.13289
0.745526
0.818492
1.27742
0.680122
0.682815
0.891663
0.595349
0.753128
1.03504
0.874258
0.487505
0.370062
0.491505
0.715055
0.547108
1.0484
1.03088
1.13727
0.662401
0.283646
0.934586
1.25398
0.799968
1.32576
1.04279
0.900823
0.611002
1.14427
0.969177
0.498479
0.510145
1.15057
0.742641
1.17839
1.33532
1.11506
0.780589
0.881919
0.635115
0.282003
0.952619
0.696202
0.474446
0.698515
0.816525
0.78805
0.880529
1.10536
0.324105
0.492135
1.23411
0.919846
0.722819
0.96647
0.687081
1.41293
1.21267
1.25848
0.361216
0.987344
0.731665
0.702659
0.246526
0.58945
1.06665
0.854185
0.389563
0.95912
0.657936
0.631561
0.620547
0.747632
0.917776
0.513301
1.06243
0.427693
0.15546
0.585385
1.00139
0.562956
0.25397
0.983307
0.29264
0.94525
0.641477
0.610952
0.434476
0.455698
0.754082
0.994212
0.746929
0.885725
0.555196
0.695713
1.08717
0.38598
0.67089
0.903814
0.360905
1.1203
0.4021
0.873805
0.331338
0.405057
0.349098
0.800649
0.833097
0.719137
1.12842
0.532643
1.46282
0.928553
0.736313
1.22705
0.904594
0.679542
0.963044
1.12852
0.688506
1.00272
0.72311
1.1908
0.389968
1.11936
0.993775
1.02631
0.464796
1.07241
0.966375
0.728641
0.925922
0.78557
0.431202
1.0974
0.345519
0.867286
0.684111
0.751349
0.761667
0.75135
1.09443
0.528082
1.52586
1.35426
0.690102
0.963333
0.67682
0.36105
1.10792
0.255034
0.244587
0.928806
0.289984
1.00445
0.7832
0.992779
0.685642
0.30806
0.808996
0.473234
0.954082
0.673112
0.834805
0.993984
0.733185
0.921835
0.735607
0.642797
0.291917
0.459755
0.539949
0.305047
0.297789
1.29679
1.01532
1.01726
1.30377
0.795117
0.633619
0.525451
1.49872
0.651547
0.913782
0.962949
0.95256
0.798166
1.45264
0.657131
0.900095
0.535845
0.256
0.727188
0.32938
0.422656
0.395995
0.731396
0.652366
0.843051
0.948323
0.866603
0.656736
0.596543
0.831172
0.249054
0.865018
1.0727
0.521101
1.04937
1.01826
1.0049
0.445537
0.805408
0.363801
1.06263
1.4035
1.33027
0.304034
0.277138
0.625983
0.688899
0.709266
0.730659
0.985202
1.11608
0.257185
1.07391
1.06922
1.41814
0.728762
0.728939
1.07174
0.470476
0.599143
0.364631
1.14039
1.44585
0.825181
1.11892
0.50122
0.599703
0.860271
0.949717
0.518041
0.475732
0.993669
0.432747
1.01145
0.780051
1.07328
0.772782
0.947113
1.43629
1.09404
0.772398
1.02052
0.748853
0.421912
0.83895
1.29122
1.29098
0.571258
1.21051
0.352634
0.736935
0.195847
1.16065
0.299779
1.22682
0.643376
1.21257
1.13098
1.0835
1.48737
0.410233
0.283733
0.872388
0.967346
1.55527
0.503453
0.804831
0.479913
0.742095
0.220847
1.20542
0.328029
0.836771
1.50144
0.287589
0.998069
1.26642
1.17273
1.50397
0.986884
1.45228
0.526757
0.310652
1.56009
1.20902
0.738709
0.515352
1.26819
1.17809
0.565312
0.279407
0.84454
0.418224
0.667905
0.415716
0.198689
0.854838
0.867787
1.05656
0.490006
1.37288
1.06379
0.55313
0.71871
0.512084
1.33876
0.827127
0.563955
1.19518
0.533635
1.05918
0.806746
0.92403
0.925716
1.15682
1.14063
0.825957
0.220279
0.72981
0.413358
0.817173
0.875942
0.515434
0.806896
0.666927
0.509391
0.826996
1.16926
0.851563
0.296029
0.724153
1.07001
0.486104
1.0948
0.379135
0.360843
1.1292
1.09983
1.00248
0.655345
0.653711
1.43936
1.10968
0.931199
0.699967
0.972146
0.301316
0.344143
0.465472
0.378209
1.3744
0.593533
0.662229
0.401865
0.408321
0.632871
1.08974
0.162659
0.868048
0.402038
0.888222
1.37489
1.18705
1.19174
0.381895
1.43243
0.494929
0.495275
1.40216
0.914353
0.780088
1.38834
0.685264
0.21827
1.01978
0.806154
1.38723
0.724874
1.02996
0.295897
0.338923
0.671641
0.379621
0.625588
0.873792
0.28386
0.411576
0.679913
0.411132
0.453872
1.25809
1.30845
0.316792
0.766044
0.936098
1.21782
0.235355
1.22374
0.431496
0.892039
0.396057
0.94067
0.843507
0.395564
0.855933
1.46098
1.13326
0.395099
0.592591
0.760923
0.718644
0.36946
0.799357
1.30887
1.08922
0.30152
1.24346
0.680808
0.62596
0.859065
0.295435
0.858825
1.01536
0.66267
1.13464
0.451528
0.454799
0.734034
1.14793
0.410093
0.409627
0.594834
0.622985
0.550742
1.17566
1.10553
0.330426
1.28292
0.626603
0.828707
0.90952
1.2878
0.708505
0.871471
1.49603
1.00867
1.24984
0.445622
0.709005
0.681916
0.298806
0.632249
0.48288
1.17624
0.943639
0.264424
1.25745
1.56706
1.1246
0.778063
0.363132
0.681557
1.11702
1.15637
1.46591
0.882104
0.451142
0.718831
0.372811
0.502516
0.4408
1.27953
0.916068
0.207749
0.983689
0.408195
1.06107
0.549039
1.12774
1.39618
0.284478
1.14479
0.952027
0.797065
0.794873
1.45478
1.45873
0.544971
0.774427
0.683237
0.7335
0.898878
0.500048
0.583106
1.08884
0.927935
1.34869
0.998483
0.720634
1.2422
0.845999
1.46283
0.722126
1.40329
1.20513
1.13433
0.726817
0.703743
0.993005
0.91463
0.633642
0.268679
1.28877
0.865485
1.16095
0.869855
1.04069
0.63617
0.257931
0.714571
0.520182
0.957794
1.25151
0.914385
0.380399
1.23092
0.365685
0.574268
0.664345
1.35565
0.859363
0.422882
0.633305
0.28694
0.80105
0.640043
0.885542
0.576669
0.445723
0.385974
0.663809
0.687933
0.776258
0.440368
0.85025
1.52095
0.356652
0.128027
0.950094
0.777411
0.492083
0.870851
0.329384
1.10327
0.370563
0.0635309
0.921413
1.27229
0.56428
1.26249
0.557998
1.20624
0.214619
0.942107
0.891922
1.18693
0.84089
0.980963
1.40509
0.424012
0.512868
0.221274
1.05873
1.4898
0.789124
0.566849
0.545775
0.703308
0.411165
0.945003
0.520722
0.37529
0.785218
1.22498
0.643537
1.08488
0.540289
1.02383
0.974753
0.25547
0.91769
0.674847
0.794409
0.228465
0.773509
0.4403
1.01506
0.643749
0.432116
0.347769
0.80527
0.337256
1.43624
0.45833
0.173009
0.96234
0.724597
1.07585
1.06352
0.644556
1.34533
0.922675
0.346498
1.39338
0.73296
0.456222
1.26133
0.62748
0.873966
0.913484
0.677017
1.0288
1.04714
0.796408
0.753151
1.45295
0.987991
1.35141
0.742605
0.475264
0.408272
0.680807
0.520552
0.553163
0.511693
0.357695
1.1715
1.00093
0.847008
0.514871
0.35647
1.29393
0.611159
1.25775
1.06516
1.33811
1.00766
0.441125
0.601762
1.51972
0.819204
0.215558
0.720348
0.6281
0.914538
0.419871
1.03097
0.766114
0.515194
1.52729
0.711668
0.300636
0.587221
1.17686
0.299533
0.841078
1.0791
0.577585
0.769364
0.418433
1.24398
1.19579
1.36203
0.899317
1.48806
0.368473
1.01028
0.344141
0.303858
0.679837
1.15888
0.570132
1.13479
1.21191
0.469847
0.224592
1.14371
1.51587
0.245805
1.45108
1.12228
1.09456
0.829737
1.47074
1.17124
0.524952
0.615333
0.568954
0.542009
0.267591
0.856872
0.757897
1.11585
1.19417
1.56126
0.311012
0.545155
0.563012
0.493361
1.45531
0.409197
0.975529
0.484896
0.68599
0.486537
0.88937
1.31498
1.08959
0.842138
0.731965
1.55712
0.596999
0.902578
0.729993
0.532936
1.36118
0.509297
0.359388
1.09746
0.975646
1.24405
0.788022
0.277001
1.48844
0.951272
0.847021
0.907969
0.613967
1.31192
0.481748
1.13763
1.45009
0.438075
0.390326
0.453679
0.243952
0.215454
0.823725
0.646242
1.13923
1.46179
1.20431
0.197845
0.37973
0.587764
0.593453
0.451326
0.801685
0.369096
0.733886
0.874228
0.538786
0.292893
1.21723
1.12992
1.16382
0.692553
0.730082
0.438236
0.669858
0.961014
0.741216
0.661297
1.39546
0.110455
1.15136
1.12207
0.542831
0.348458
0.979976
0.742325
0.572812
0.874612
0.787953
1.50922
0.985662
1.04448
0.470561
0.440491
0.602723
0.84885
1.53853
0.897618
0.719334
1.51694
0.697547
1.11952
0.304444
0.912105
1.16473
0.46322
0.535663
1.14905
0.401924
0.605882
0.333864
1.17279
0.461069
0.34747
0.368523
0.274157
1.11741
1.13388
0.669005
0.375124
0.541836
0.708409
0.466022
0.620582
0.444938
1.2165
0.47904
0.628095
1.42003
0.756713
0.657862
1.1744
0.388024
0.849417
1.14303
1.1191
0.282945
0.738729
0.630423
0.397665
0.5609
0.785792
0.623358
0.309686
1.31021
0.829647
0.644706
0.608814
1.22466
1.26975
1.11397
0.914969
0.51108
1.04091
1.10185
1.4059
1.03206
1.28662
1.20079
0.316507
0.274174
0.938178
1.45041
0.837361
0.484851
1.0021
0.705124
1.33274
0.513382
0.861196
0.741039
0.245562
0.374138
0.542515
0.984012
0.453198
0.568948
0.465258
0.319407
0.583709
0.780396
0.6167
1.384
0.949025
1.53634
1.37645
0.983955
0.488829
0.260679
1.13292
0.795464
1.24822
0.449365
0.826215
0.718126
1.33511
0.523594
0.816443
1.33619
0.435601
0.355926
0.809287
0.87139
0.894554
1.31952
0.736161
0.872994
0.671156
0.415627
0.522176
1.45208
1.20155
0.794899
0.504549
0.367571
0.764602
0.89607
0.765049
0.11811
1.53889
0.515453
0.493299
1.41878
0.773565
0.276176
0.836688
0.612494
0.251383
0.521073
0.187012
0.321192
0.466938
0.356519
0.966732
0.556859
0.390023
1.33479
0.409539
1.02983
0.62025
1.53915
0.304782
1.11177
1.25609
0.623264
0.932716
0.493243
0.251023
0.55747
0.809425
0.527988
0.808188
1.38882
0.823113
0.318837
0.390348
1.2605
0.469915
0.726044
0.478249
0.705731
1.02473
0.14973
0.418783
0.596386
0.870637
0.656526
0.668152
0.782721
1.2237
0.659727
1.38781
0.955884
0.088244
0.849176
0.401971
0.408301
0.950962
0.474104
0.213523
1.25817
0.804144
0.783395
1.06656
1.19983
0.76019
0.974618
1.26175
0.470193
0.867103
1.40203
0.712862
0.432996
0.676121
0.591412
0.515016
0.310331
0.84026
1.30224
1.0345
0.992983
1.53387
0.333485
0.647294
1.34558
0.757029
1.37683
0.862101
0.634519
1.00913
0.405651
0.393979
0.196567
0.551863
0.397654
0.923191
1.29597
1.02906
0.866486
0.799376
0.743759
1.03071
0.157934
0.991327
1.28942
0.323849
0.503982
0.867927
1.27184
0.453548
0.784849
1.11757
0.781132
0.995418
1.13338
1.24373
0.86652
0.786272
0.432573
0.478216
0.457264
0.936773
1.36032
0.779409
0.774725
0.863367
0.922802
0.262504
0.99146
0.946044
0.670383
0.365862
0.261091
1.20797
0.593998
1.51587
0.951426
1.123
0.789184
0.670594
1.35128
1.37254
0.421357
0.360834
0.649815
1.49126
1.35258
1.37283
0.974473
0.975056
1.11856
0.272082
0.667934
1.12548
0.940009
0.877025
0.850425
1.1368
0.597431
1.11324
0.258287
0.416724
1.07213
1.03711
0.302604
0.690397
0.677047
0.470614
1.47476
0.886271
1.10465
1.03495
0.502464
0.562175
1.24519
1.22414
0.275716
0.647919
0.662569
1.08154
0.964592
0.408948
0.568136
0.393459
0.605367
0.527317
0.657461
1.28026
0.82684
1.08907
0.693727
0.368546
0.736472
0.504968
0.389636
0.946254
0.480857
0.768317
0.425456
0.485618
0.45332
0.588057
1.42963
0.725271
0.339332
1.02768
0.412118
0.991384
1.11562
1.00589
1.32292
1.17211
0.524125
1.1895
0.293944
0.325223
1.51851
0.191691
0.420697
1.15478
0.837631
0.869481
0.662499
0.430924
0.983614
0.85595
1.48559
0.390112
1.00379
0.780959
0.621767
0.16727
1.09175
0.640274
1.10412
0.737485
0.773056
1.43009
0.429356
1.37252
0.519018
0.503129
1.01086
1.26031
0.902137
0.799795
1.35756
0.281593
0.744043
0.30675
0.977747
1.13376
0.966186
0.50475
1.00173
1.17656
1.44393
0.411037
0.675476
0.861927
0.825223
0.592513
1.25309
0.435138
0.781612
1.06046
1.47598
1.1095
1.02531
1.49834
1.49881
1.25161
1.25595
1.14047
1.25284
0.462861
0.932269
1.12091
0.76031
0.794297
1.56848
0.532762
0.963327
0.69321
1.18652
0.916278
0.240812
0.945359
0.534682
0.805469
0.359281
0.926955
0.395978
0.680881
0.395786
0.570671
0.920897
1.11537
0.300256
0.483337
0.739062
0.567068
0.821035
1.00694
0.674236
0.69542
1.12232
0.574319
1.3577
1.49985
0.470516
0.894877
1.39501
0.375885
1.5388
0.528875
1.22111
1.30932
0.766528
0.917353
0.880542
0.286737
1.35736
0.404611
1.23046
0.879964
0.578298
0.593107
0.422572
0.51427
0.655273
0.771607
0.497055
1.28764
0.525304
1.20383
0.330855
0.943611
0.566055
1.26476
0.972644
0.692572
0.800568
0.603932
0.626556
0.501622
0.943167
0.262508
0.916973
0.46859
1.30596
1.31483
0.76711
0.635105
0.576822
1.26548
0.701761
0.526488
0.849365
0.420227
1.25568
0.712595
0.598351
1.15515
1.3058
0.812415
0.86106
0.577257
0.466761
0.7106
0.938871
0.394561
0.864241
0.613561
1.15572
0.806375
0.347997
0.186708
1.29215
1.02107
0.636074
1.40185
1.00187
0.720821
0.331524
1.00011
1.03325
0.445524
0.723921
0.887883
1.52924
0.604388
0.431076
0.953295
0.809721
1.10333
0.970549
0.632259
1.36287
0.700747
0.216614
0.782395
1.51977
1.15261
0.559575
0.443681
0.448622
0.479494
1.11508
0.695754
0.690536
0.423928
0.195924
0.483472
0.675155
0.958298
0.899666
0.586218
1.11335
0.644968
0.336093
0.767621
1.10087
0.798915
0.526578
0.986331
0.528366
0.757088
0.399203
0.783296
0.685561
0.851409
1.15737
1.14539
1.11413
0.946819
1.03264
0.575356
0.585279
1.318
0.480801
1.00406
0.474086
1.07328
1.22721
0.700635
0.819078
0.499593
0.61127
0.185887
0.283396
1.18036
0.689922
1.08094
0.472839
0.936303
1.40344
1.55721
0.579805
0.434473
0.802175
0.812149
0.71181
1.45282
0.0840355
1.55904
0.559079
0.698252
0.751828
0.891834
0.251747
1.56218
1.48678
0.537054
0.312311
0.799088
1.10206
0.66839
1.39266
0.324118
1.14394
0.583173
0.806397
0.604034
1.21835
1.12663
0.580739
0.551443
0.379298
0.542017
1.07279
1.11478
0.112646
1.06514
1.20109
0.416512
0.575259
1.12897
0.69817
1.11564
0.588098
0.515958
0.899094
0.986051
0.462517
0.823206
1.279
1.07039
0.817387
0.740038
0.885858
0.160058
0.495297
0.6021
0.470546
1.38864
1.18627
0.904903
0.34067
0.898446
1.53479
0.652996
0.961749
0.649112
0.497119
0.355748
0.719763
0.494467
0.680638
0.834048
0.305784
0.346268
1.04138
0.629011
0.869842
0.735048
0.261323
0.735037
0.871245
0.48834
0.093866
1.29578
0.717785
0.760244
0.707109
0.596224
0.988475
0.937801
0.746986
0.767008
0.510964
0.959018
0.725428
1.27421
0.260634
0.819
0.744105
0.973404
0.652742
1.52941
0.963276
0.776261
1.3019
1.3795
1.04672
0.80903
1.0384
0.279617
0.317149
1.36562
0.547613
0.347245
0.601618
1.16442
1.29625
0.804897
0.487051
1.2671
0.543737
1.417
0.671666
0.897452
0.565789
0.659397
0.76555
0.424419
0.739974
0.600696
0.716654
1.24702
1.02858
1.20312
0.472873
0.458024
1.15791
0.583437
0.804662
1.38138
0.449525
0.362488
0.752282
0.905704
0.445732
0.655994
0.539637
0.404381
1.02588
0.474137
1.00941
1.21406
0.485055
1.0898
0.698294
0.745328
0.923102
1.30348
0.529854
0.190571
0.732076
0.67419
0.939362
1.20812
0.558863
0.701144
1.12644
0.571668
0.595072
0.352
1.34748
1.12042
1.17895
0.702889
0.463769
1.25517
1.11986
0.698915
0.812991
0.934951
0.281683
0.729231
0.621847
0.306398
1.53795
0.655757
0.298648
0.825305
1.16816
0.891761
0.345845
0.511998
0.972057
0.540455
0.394843
0.722591
0.474479
0.591656
1.26118
0.964334
0.682983
1.03218
0.527486
0.899862
0.350231
0.432279
0.772058
1.30132
1.04038
0.748114
0.700415
1.18073
0.873309
0.557574
1.5481
0.728644
0.458452
0.989313
0.669111
0.646717
1.20895
0.546016
0.776583
0.888128
0.668827
0.986475
0.945172
0.502533
0.528208
0.744489
1.10601
1.26493
1.18138
0.879678
0.372021
1.32985
0.648987
1.01392
1.12757
0.817752
0.901686
0.904576
0.828613
0.915492
0.768229
1.12308
0.238383
0.887306
0.280582
0.541077
0.719433
1.42607
1.45007
0.322578
0.564083
1.00376
0.887129
1.30349
0.816649
1.16022
1.10368
0.752241
0.604126
1.23124
0.571653
1.47871
0.570676
1.17881
0.67668
0.999213
0.521701
0.922901
0.372499
0.973547
0.985941
1.02711
0.827666
0.384245
0.538479
0.997137
0.690765
0.543005
0.647696
0.535354
0.851818
0.423091
0.375477
1.07507
0.611402
0.939185
0.724769
0.332806
0.72686
1.46441
1.34772
0.976276
0.732062
1.32007
1.22157
0.706772
1.38346
1.21707
0.5784
0.857766
1.32602
0.94715
0.919028
0.685918
0.821026
0.62111
0.736474
1.25034
0.510186
0.964009
1.27569
0.735443
0.778569
0.314619
0.904349
1.51889
0.1886
0.894826
0.637067
0.153324
0.862042
0.596651
0.746705
1.14279
1.14914
1.52855
0.496998
1.36931
0.45094
0.839548
0.534986
0.134124
0.956394
0.347476
1.17325
0.625459
0.748442
1.12809
1.35151
0.634627
1.0788
1.05745
1.13897
0.816194
1.19576
0.323899
0.450336
1.2819
0.264068
0.867063
0.974143
1.35701
0.826688
0.953666
0.744332
1.17022
1.14003
0.294069
0.618681
0.934983
1.1442
1.23609
0.754932
0.737973
0.470947
0.503514
0.54326
0.387244
0.421179
1.06388
0.859766
1.14968
0.630095
0.541536
0.906997
1.03051
0.563242
1.04125
0.786409
1.43867
0.376669
0.626425
0.916178
0.93501
0.740114
1.06774
0.851271
1.17335
0.504614
1.01387
0.567832
0.294688
0.937409
0.770729
1.51003
0.947975
0.814892
0.562812
0.613721
0.451337
0.853769
1.3566
0.772847
0.543659
0.946155
0.809794
1.47667
0.441324
1.06825
1.39746
0.91942
0.766006
0.680171
1.52578
0.913511
0.71838
1.41438
0.388149
0.979263
0.373371
0.689665
1.21748
1.10407
0.870784
0.838216
0.987433
0.245752
0.458572
1.06965
0.737319
0.498151
0.645538
0.686044
0.375293
0.651466
0.957516
1.06061
0.601671
1.47894
1.40534
1.2551
1.02044
0.72774
0.792902
0.764321
1.19055
0.56101
1.4003
0.651955
0.682212
0.157165
0.68112
0.761213
0.951366
0.387221
1.35823
0.633219
0.703331
0.399368
0.430716
0.358569
0.569998
0.339556
0.558292
1.27747
1.08476
1.03035
1.33341
1.09899
0.821564
1.25605
0.224525
0.456163
1.32942
1.0354
0.869961
0.656112
0.612917
1.29586
0.900943
0.25652
1.20846
0.621142
0.352042
0.297412
0.637895
0.557678
0.579123
0.817219
0.60758
0.982085
0.689184
0.400967
0.520255
0.895466
0.307219
0.509881
1.19682
1.14844
1.24133
0.878776
0.653529
0.711917
0.779576
0.856638
0.48198
0.451394
1.33371
0.701935
0.865771
1.53909
0.474048
0.358746
0.79991
1.45515
0.988181
0.838609
0.705476
0.500549
0.775333
0.425328
0.420324
0.407379
1.04476
0.255972
0.863467
1.13327
0.652486
0.785055
0.174862
0.65441
1.09401
1.21693
1.00143
0.380793
0.333918
0.579197
0.617196
1.18418
1.42761
1.35857
0.449499
1.23133
0.513207
0.435612
0.951594
1.1617
0.813807
0.960864
1.41641
0.456176
0.385766
0.401109
0.255394
0.868476
1.48916
0.541471
1.24845
0.46961
0.99634
0.206655
0.344623
1.32442
0.556679
0.922835
0.448849
0.169609
1.47743
0.85588
0.602979
0.622783
1.04264
0.322125
1.29874
0.86852
1.21997
0.337093
0.77716
0.60024
0.408646
0.786609
1.31329
0.923765
0.278769
0.363482
1.52704
1.33828
1.04101
1.14539
1.52423
0.490098
0.408388
0.479032
0.538407
0.76045
0.654853
1.18649
0.507508
0.62402
0.598728
0.571921
0.237413
1.13237
0.580044
0.476662
0.654937
0.90216
0.64674
0.697164
0.54271
0.805191
0.565998
0.930101
1.13625
0.837304
0.928098
0.161963
0.426089
0.287563
0.448761
0.349536
0.5196
1.07594
0.497768
1.0785
1.35024
0.630873
0.609095
0.397275
0.909387
0.665583
1.28684
0.737733
1.17109
0.279582
1.27889
0.675729
1.4053
0.993196
1.24998
1.16609
0.705171
0.751899
0.619534
0.992127
0.920632
0.799101
0.589159
0.796789
0.637271
0.77175
0.442314
1.23057
0.726527
0.576378
0.804999
0.734455
0.806851
1.2145
0.77099
1.08505
0.544179
1.00103
0.947408
0.709029
1.41255
0.661779
0.43097
0.831718
1.12995
0.614372
1.11163
0.194627
1.13897
0.47206
0.385933
0.23892
0.80653
0.562799
1.2166
0.473747
0.900032
0.790597
0.892079
0.578212
1.07125
1.48229
1.18361
0.539452
1.20481
0.522322
0.836691
0.726154
1.07242
0.829836
0.799649
0.350785
0.412155
0.857616
0.760222
1.12124
0.637196
0.798919
1.44137
1.03698
0.927744
0.627047
0.736017
0.641913
0.381697
1.3404
1.12065
0.447548
0.88678
0.798562
1.32604
0.869924
1.55412
0.465566
0.417369
0.522462
1.12842
1.00441
1.21106
0.862525
0.725623
1.15295
1.11375
1.26824
0.802794
1.37364
0.70796
0.833771
0.813039
0.662937
1.43273
0.835456
0.905654
0.749312
1.33622
1.26587
0.211831
0.534741
0.435549
0.176445
0.569671
1.43916
1.04932
0.706078
0.249113
0.7194
1.44315
0.602687
0.371794
0.302304
0.580255
1.29491
0.64269
0.856275
0.95993
0.485829
1.17115
1.08739
1.14123
1.09721
0.42515
0.533467
0.822644
0.626019
1.54145
0.835904
0.888305
1.01381
1.24102
0.833303
0.416614
0.435694
0.823984
1.28782
0.237594
0.457967
0.807397
0.650401
0.693549
0.926305
0.483072
0.633455
0.621796
0.966203
0.385293
1.44338
1.31288
0.502176
0.657809
1.0178
0.887533
1.07003
1.07726
0.861109
1.36192
0.48904
1.05913
0.411127
0.840832
0.46038
1.50543
1.56076
0.16542
0.52128
0.83489
0.816041
1.24449
0.616106
0.468882
1.31786
1.08476
1.44777
0.743419
0.941502
0.168643
0.996482
0.932424
1.29225
0.648968
1.45861
0.580914
1.00374
1.20073
1.21681
0.975398
0.65082
1.35348
0.77193
0.662257
1.11421
0.774984
0.841013
0.27715
1.26781
1.05372
1.00846
0.652003
0.856618
1.30383
0.363551
0.348617
0.449029
1.24347
0.967696
0.506881
0.497499
0.383287
0.906675
1.24301
0.949547
0.883648
