1.10246
0.900355
0.37445
0.627176
0.744037
0.545049
0.593394
0.945905
0.586737
1.24282
0.498624
0.962831
0.955898
0.944606
1.09387
0.969229
0.932961
0.792242
1.11618
0.262756
0.603634
1.17674
0.951482
0.835705
1.35383
1.21802
0.666076
0.606926
1.09816
0.632976
0.785237
0.846604
0.895559
0.737896
0.77845
1.02587
1.40262
0.862349
0.817227
0.660864
0.644895
1.139
0.481015
0.436943
1.0297
1.30253
1.27558
0.857912
0.455287
0.403343
0.886083
0.572757
0.350386
0.552867
1.30501
0.493164
0.595486
0.832788
0.574673
0.810566
0.757243
0.606677
0.941891
0.460294
0.288672
0.271972
0.460935
0.889087
0.608803
1.22094
0.932653
0.801059
0.952834
0.945664
1.17821
0.574216
0.864808
1.42766
1.1365
0.485891
0.98576
0.825702
0.568875
0.396835
1.42953
0.797778
0.553975
0.246529
0.957717
0.360489
0.715065
0.68001
0.629144
1.09417
0.442362
0.883125
0.558662
0.30792
0.516838
0.914155
0.338966
0.756659
0.816914
1.49716
0.525395
0.268756
0.6987
0.904079
0.819272
0.839782
0.411864
0.695205
0.763062
0.682796
0.96508
1.40094
1.20652
0.531754
0.792145
0.659603
0.715628
0.633584
0.462059
0.476613
1.43378
0.615768
0.952618
0.362474
0.979018
0.529194
0.451368
0.221673
0.740651
0.703637
1.10041
0.42418
1.06548
0.471149
0.691164
0.256936
1.01013
0.396351
1.02102
0.845589
0.735366
0.885752
1.04085
1.05793
0.334592
1.25401
1.53662
0.889296
0.743804
0.945145
1.23046
0.555377
0.68354
1.19034
0.317743
0.663778
1.05104
0.635213
0.903525
0.47903
0.843825
0.667368
0.834483
0.528173
0.476531
1.16085
0.807482
0.881499
0.327926
1.02015
0.945676
0.508713
0.886661
0.677597
0.335631
0.454731
0.553174
0.535775
0.941022
0.894614
0.411621
0.987135
0.885197
0.600957
0.564961
1.38366
0.6323
0.14605
0.997364
0.484455
0.571132
1.2293
0.469248
0.486997
0.110331
0.747313
1.01766
0.761866
0.346932
0.748001
0.841252
1.15473
0.975108
0.58936
0.588093
0.790709
0.344719
0.321735
0.56564
1.10741
0.442666
0.154427
0.376058
1.14004
0.341037
0.546161
0.802435
0.661778
1.06195
0.767878
0.905152
1.15006
1.23571
1.08365
0.830341
0.524014
0.778206
0.6934
0.817588
0.541306
0.523851
0.191121
1.06378
0.777247
0.772791
0.418703
0.817594
1.26737
1.23988
0.80265
0.462863
1.08036
0.71095
0.580393
0.428381
0.433666
0.439848
1.12109
1.34962
0.587872
0.361741
1.28527
1.32544
0.490098
1.23202
1.26683
0.999383
1.22975
0.956646
0.882822
0.631902
0.647316
1.47708
0.602453
1.5323
1.01538
0.303701
1.21334
0.652132
0.504385
0.454239
0.385429
0.999464
0.672246
0.84896
1.03586
0.794979
1.42954
0.996674
1.41942
0.584568
0.427987
0.961487
1.02105
0.680424
1.02728
1.33329
0.661276
1.31694
0.704949
1.37689
1.29378
0.839379
1.13543
0.538357
0.950607
1.20311
0.957078
0.875182
0.530631
0.880456
0.520574
0.51957
1.25516
1.17729
0.997302
1.5163
0.90216
0.990384
0.623336
1.16449
0.611702
0.561878
1.14934
0.792783
0.921378
0.992141
0.709807
0.955547
0.80585
1.03713
0.466217
0.496335
0.384171
0.296679
0.280473
1.03419
0.607261
0.95583
0.733067
1.15198
1.53198
0.242636
0.53099
0.86636
1.14031
1.219
0.685069
0.805396
0.917565
1.03762
1.43058
1.09591
0.809007
1.20746
0.414743
0.698408
0.648287
0.460442
1.05756
0.983159
0.373144
0.997217
1.07624
0.208303
1.05979
1.48493
0.947895
1.4194
0.991516
0.789681
0.920779
0.449688
0.830685
0.991354
0.485826
1.37186
0.437843
0.623564
0.569326
0.995461
0.765837
0.446451
1.34579
0.457836
0.863015
0.248544
0.469251
0.83024
0.646796
0.822079
1.37027
0.39475
1.05878
1.23736
0.737099
1.21307
0.976333
0.759127
0.510326
0.639194
0.640571
0.351626
0.7825
0.22713
0.413981
1.12167
0.595308
1.2116
0.318016
0.968889
1.38405
1.05815
0.776602
0.908941
0.776822
0.545438
0.911988
0.610307
1.30242
1.06992
0.572552
1.11709
0.836233
0.725785
0.546073
0.474329
1.22317
0.281397
0.315145
0.221526
0.769569
1.26869
0.939081
0.537976
0.378444
0.739312
0.979006
0.423389
0.479381
0.982454
1.35448
0.815406
0.642345
0.306654
1.32848
1.00201
0.831576
0.773124
1.40762
0.755988
0.525635
0.521518
1.43262
1.13317
0.681805
0.93069
1.42378
0.623709
0.167822
0.559926
0.890531
0.449528
0.972258
0.853539
0.773832
0.94754
1.1766
0.872857
0.558317
0.626363
1.4296
0.38423
1.28067
0.351601
1.03815
0.550094
0.64659
0.537771
0.392686
1.33451
0.349024
0.820482
0.375305
0.561881
0.541697
0.861674
0.497632
0.90854
1.50351
0.777195
1.13978
0.579262
1.51767
1.01967
1.11073
0.910777
0.740977
0.461103
0.992715
0.846838
0.942395
0.515452
0.562197
0.665524
0.513114
0.331278
0.471711
0.477179
0.298654
0.78815
0.345173
1.42925
0.559621
0.91776
0.541544
0.61371
0.573463
0.849157
0.764509
0.708281
0.454946
0.479831
0.902121
0.9392
0.788704
0.433097
0.929583
0.991223
1.50622
0.893848
1.3963
0.736848
1.09394
1.47586
1.363
0.71251
1.56343
0.739044
0.769451
0.500796
0.84833
0.846694
1.53104
0.963092
0.668688
0.753882
0.577692
0.816323
0.141074
0.930742
1.33079
1.12624
0.444128
0.513898
0.240273
0.723677
1.00665
0.998008
1.03781
0.637179
1.2283
0.745896
0.647288
1.10966
1.08756
0.863076
0.724848
1.13806
1.03356
0.429844
0.936176
0.226237
0.454503
1.20506
0.8275
0.390388
0.988661
1.35741
0.599227
1.0449
0.539164
1.12831
0.941892
1.12715
1.20624
0.425717
0.970961
1.07147
1.09892
0.564998
0.938565
1.30666
0.919592
0.97275
0.389109
1.43962
1.0639
1.13157
0.988323
0.659327
1.00616
0.739644
0.474161
0.597815
0.515939
0.887507
0.742368
0.511609
0.348996
0.280636
1.31697
0.638159
0.641349
1.03535
1.19589
0.678927
0.785142
0.872166
0.949064
0.79402
1.10711
0.947693
0.273734
0.580385
1.01067
0.500093
0.678614
0.512094
1.04622
0.884693
1.19345
0.935941
1.01598
1.2567
0.649292
0.473707
1.08124
0.532192
0.588747
0.661074
0.715792
1.39892
0.421665
0.622596
1.26739
1.50449
0.517829
0.759536
0.436813
0.850101
0.625258
1.0672
0.915017
1.30419
1.03777
0.972586
0.652073
0.464877
0.81993
0.960003
0.657325
1.0192
0.153789
0.602836
0.680064
1.45756
0.529405
0.942907
0.510932
0.509273
1.05227
0.455446
0.546816
1.13789
0.693761
0.827087
0.985509
0.263019
0.877944
1.17623
1.26303
1.14411
0.980664
1.16097
0.584146
0.718599
0.900414
1.04337
0.545424
0.982085
0.821967
0.354224
0.966556
0.565955
1.29366
0.956435
0.443345
0.67429
0.417435
1.39637
0.623316
0.524354
1.29376
1.29148
1.08818
0.488392
0.968846
0.687552
0.741789
0.718921
1.25685
1.48625
0.739373
0.631428
0.780622
0.814451
1.28749
1.15524
0.976215
0.455075
0.497186
0.487995
0.763177
0.569766
1.38744
0.647383
1.07697
0.476195
1.22002
0.935735
1.08275
0.2174
0.59908
1.10889
0.565784
0.0878111
1.16648
0.815478
0.884807
1.35495
0.709048
1.04754
0.951863
1.05844
0.596652
0.578176
0.4223
0.585246
0.856757
1.13036
0.465709
0.361231
1.08745
0.823097
1.04626
0.83959
1.01753
1.02651
0.915077
0.886438
0.502083
0.658728
0.637948
1.44481
0.346835
1.30356
0.157202
0.539054
0.433491
0.661866
0.610824
0.94734
1.3441
0.737538
1.50813
0.818566
0.668123
1.15718
0.422923
1.04131
1.00923
0.5424
1.12815
1.42878
0.60856
0.490007
0.639477
1.19805
1.18394
0.702938
1.00577
0.775002
0.428521
1.26579
1.16323
1.42049
1.11697
0.485705
1.1312
0.560574
1.05194
1.31548
0.403155
0.399784
0.340689
0.650438
0.891692
0.595521
1.29342
0.503095
0.106338
1.23874
1.06982
1.30263
0.75259
0.638367
1.0539
0.831034
1.12152
0.68934
1.03267
0.735939
0.473177
0.661828
0.608458
1.12839
1.36612
1.21445
1.25077
0.483389
0.855738
1.06144
0.753679
0.969537
0.313495
1.06968
1.3323
1.24041
1.31298
1.03544
0.777904
1.51466
0.455909
1.36645
0.288039
0.402499
0.689821
0.473518
0.992978
0.773175
0.938631
0.759465
0.923446
0.302294
0.686745
1.17158
0.39751
0.948142
1.2362
0.942033
0.388719
0.658484
1.28586
1.21454
0.914339
1.0062
0.963688
0.792842
0.340984
1.23501
0.574491
1.00551
1.01141
0.52262
0.607354
0.540859
0.639163
0.893364
1.37342
0.585547
0.823751
1.1975
1.11773
0.350081
0.700961
1.24619
1.44419
0.159667
1.04236
0.821485
0.98198
1.41709
1.29148
0.32985
0.438925
0.923805
0.738991
0.753392
0.734178
0.140639
0.89001
0.558076
0.0788855
0.468048
0.700783
0.955822
1.05992
1.56361
1.02283
0.910447
0.589336
0.326479
0.838134
0.714979
1.18235
0.834991
1.08613
1.38642
0.641398
0.764195
0.462759
1.43395
0.59267
0.419954
0.389557
0.442541
1.01748
1.12186
0.269067
0.729341
0.531056
0.602684
1.32585
0.740951
1.34646
0.876204
0.385806
0.776765
0.673222
0.859456
0.662036
0.644346
1.07463
0.894626
0.837049
0.352458
0.788057
1.26573
0.854027
1.24076
0.880653
1.44847
1.31257
0.481037
1.27907
0.744697
0.53064
0.841446
0.346672
1.49404
1.14662
1.11378
1.11094
0.234724
0.737392
0.662033
0.895052
0.339014
0.209207
1.51399
1.5321
1.15481
1.27027
0.84423
0.829914
0.682747
1.51341
0.837466
0.455289
0.651215
0.560536
0.596761
0.889492
0.675405
1.09897
1.50579
0.498394
0.440835
1.41019
0.265148
1.06559
1.08905
0.506592
0.499095
0.797413
1.24845
1.32512
0.258973
0.910664
0.868351
0.649582
0.78073
1.23423
0.702927
0.501061
0.977087
1.04221
0.965099
1.00984
0.318599
0.794908
1.05857
0.507216
0.865036
1.23449
0.197288
1.20274
1.19337
0.850845
0.999951
0.78009
0.695195
0.644255
0.857213
0.766888
0.55229
1.24452
0.660319
0.739421
0.79745
0.728994
0.712838
0.365756
0.349461
0.749821
1.29679
1.52236
1.1943
0.444466
0.400981
1.06354
0.640866
0.449494
0.921776
0.734028
1.10558
1.12186
0.419444
0.947261
0.684372
0.221316
0.89666
0.592248
1.12454
0.77204
0.682474
0.17354
0.927317
0.804469
0.984386
0.734358
1.13068
0.878779
0.508213
1.14497
0.378419
0.940691
0.366122
0.346995
0.798638
0.556757
0.180247
0.829679
1.30829
1.009
0.691189
0.205038
0.395442
0.801851
1.2553
0.246795
0.459073
0.555462
0.628797
0.611412
1.05664
0.217372
1.11655
1.20959
0.863653
0.918105
0.79636
0.611809
1.29257
0.215993
0.848723
1.27217
0.343543
1.01319
0.879229
0.871202
0.473612
0.883974
0.763664
1.33205
0.37196
0.194893
0.297905
1.06984
0.309118
0.492767
0.307294
0.965583
0.980005
0.947146
0.551072
0.214622
0.675915
0.245607
1.32364
0.609776
1.23624
0.519846
0.422988
1.11214
1.30289
0.465418
0.428424
0.745161
1.11153
1.16477
0.981974
1.30501
0.468251
0.763763
0.340849
1.08883
0.665645
0.660459
1.087
0.865638
0.418011
0.950054
0.827127
1.29434
1.04011
0.377389
0.505912
0.290242
0.353358
0.510285
1.26614
0.439813
1.1089
0.713739
0.744587
0.612547
0.796101
0.804606
0.855501
1.15253
0.24365
0.987094
0.926103
0.449167
0.596695
0.895487
1.35764
0.687041
0.909046
0.385845
0.739873
1.12706
0.683767
0.460927
0.454652
1.42447
0.705049
1.42094
1.11246
0.766698
0.879181
1.32163
0.543408
1.07065
1.19182
0.494484
0.667081
0.840968
1.00001
0.905321
0.989296
1.32661
1.18285
0.888581
0.797709
0.407338
1.15852
0.802123
0.572963
0.374849
1.01975
0.831326
0.500232
1.45646
0.691833
1.02003
0.534612
1.42192
0.975378
0.746137
0.418567
1.02222
0.733546
0.766224
1.17278
0.228756
0.589846
0.860663
0.990679
0.468102
0.653884
0.668793
1.17256
0.841693
0.790905
0.614755
0.518285
0.282698
0.843027
0.350062
0.947789
1.02525
1.35782
1.06985
0.327398
0.749613
0.827062
0.474144
0.862335
1.12975
1.13283
0.847367
0.375519
1.56931
1.2423
0.867234
0.776921
0.724647
0.682547
0.917184
0.631823
1.3223
0.327657
0.692646
0.706493
0.59128
0.735537
0.84865
0.726131
0.697413
0.609784
0.324711
0.730056
0.990746
1.07215
0.505231
1.53132
0.320708
1.21507
0.405275
0.229388
0.736471
0.791798
1.13867
1.1896
0.550777
0.536384
0.575609
0.609357
0.607402
0.836483
0.400308
0.537607
0.787197
0.598236
0.927205
0.780069
0.618485
0.41547
0.936081
1.22865
1.52083
0.944419
1.25534
0.663552
0.909414
1.03715
0.403869
1.03666
1.38833
0.614647
0.327867
1.31737
0.729115
0.424947
1.14997
0.292878
0.465233
0.815681
1.0997
0.749413
0.861025
1.37636
0.528623
0.659776
0.34871
0.701189
0.803681
1.4209
0.644714
0.449173
0.397901
1.39983
0.793955
1.0491
0.616737
0.520997
1.22468
0.842526
0.811565
0.672965
0.547358
0.455073
0.564943
0.957313
0.804094
0.513015
0.615982
1.20839
0.751993
1.09063
0.599021
1.37376
0.724296
0.62262
0.786262
0.866563
0.632236
1.03162
1.18536
0.549909
0.833867
0.726579
1.13351
1.07184
0.553051
1.49852
0.871507
0.903231
0.377119
1.20439
0.672622
0.888183
1.02558
0.882647
0.877952
0.800911
0.910041
1.01814
0.907939
0.625099
0.707678
0.239474
0.32797
1.24144
0.993788
0.568817
0.749408
0.556237
0.614363
0.666714
0.727174
0.877809
0.606851
0.859146
0.914331
0.503231
0.85396
0.951673
0.834386
0.798585
0.437268
1.07078
1.44107
1.45657
0.345533
0.315881
1.18938
0.819271
1.29586
1.14468
0.770137
0.801594
1.22351
0.424473
1.25263
0.291534
1.1774
0.774739
0.536682
1.16648
1.10194
1.02494
0.576632
0.918888
0.846558
1.06434
0.535797
0.68337
0.133295
0.814658
1.18421
0.589412
0.834964
1.29651
0.586367
0.591848
0.57917
0.935184
0.87901
0.765053
1.55074
0.69161
0.830503
1.3596
0.615876
0.74539
0.479394
1.05814
1.10259
0.27681
0.731097
1.51855
0.694575
0.311825
0.356553
0.694443
0.888903
0.94291
0.40006
0.591343
0.395446
0.699099
0.325143
0.436678
1.39002
0.803196
1.12659
0.904862
0.764444
0.740589
0.218729
0.435925
0.457306
0.958887
0.325192
0.48241
0.809681
0.857037
1.06011
0.145031
0.862715
0.955553
0.894337
0.968821
1.35007
1.14827
0.396669
0.601181
0.946024
0.943043
0.686829
1.32426
0.506754
0.834088
0.645559
1.14198
0.383913
0.806213
0.493985
0.401035
1.01568
1.02038
0.860329
0.760193
0.93174
0.524815
0.537464
0.264404
0.247812
0.659039
0.677691
0.397583
0.697399
1.06903
0.730767
0.927134
0.513695
0.765917
0.163382
0.410901
0.457103
0.443825
0.484437
0.688351
0.479829
0.594834
0.95718
0.692327
0.845558
1.55625
0.436111
0.711253
1.27675
0.956615
1.06294
0.666286
0.596088
0.628605
1.11673
0.572915
1.02045
0.73824
0.876248
0.517432
0.537808
0.579179
0.795151
0.817397
0.343901
1.14306
1.12854
0.64601
1.07507
0.683011
0.924831
0.570523
0.698802
0.359338
0.664405
1.49362
0.638719
0.739501
0.794769
0.799121
0.387127
0.913797
0.963917
1.25127
0.314592
0.785549
0.276349
1.15498
0.85167
0.378641
0.569227
0.302596
0.496872
0.915829
0.715881
1.15989
1.05645
1.46308
0.866772
0.458087
0.90748
0.664238
0.427259
0.537338
1.4365
0.755217
1.11411
0.827745
0.299412
0.503019
0.624243
1.16605
0.996465
0.571683
0.846062
1.01065
0.949932
0.711303
0.593524
0.705107
0.569469
0.515912
0.481434
0.66847
1.01945
1.42747
0.858275
0.881955
0.633182
0.41776
0.92778
0.136133
1.14308
0.8981
0.481029
0.564468
0.595167
0.532321
0.899153
0.948615
0.786841
0.459489
1.36535
0.877834
0.590394
0.416529
0.462902
1.51956
0.950065
1.00422
0.97782
0.459633
0.217099
1.1118
0.805456
0.518977
0.781489
0.712241
0.67208
0.390742
0.765842
1.52015
1.19184
0.282032
0.32331
0.31722
0.611798
0.302013
0.961528
1.01006
1.11254
0.555297
1.25274
0.661089
0.468923
0.787594
1.2582
1.20042
0.754584
0.402348
1.14029
1.08708
0.826483
0.570278
0.213816
0.449957
1.3507
1.05703
0.319822
1.43058
1.50658
0.721659
1.47166
0.668552
0.561424
1.23236
1.00042
0.483089
1.32343
0.467091
1.19792
1.09081
1.32961
1.19598
0.655837
1.32389
0.659183
0.234969
1.30197
1.03758
0.968667
0.694079
0.822576
1.04115
0.570853
0.377145
0.813248
1.07373
0.643252
0.645874
1.21892
1.5145
0.613088
0.920833
1.16626
0.861508
0.718598
1.43924
1.02566
0.760524
0.728115
0.654426
1.34589
1.3468
0.662322
1.19928
1.03696
0.816781
0.947488
1.55613
0.550709
0.535443
0.550949
0.826565
0.364377
0.534538
0.358514
0.864626
0.549704
0.453272
1.44614
0.918268
0.908385
1.24425
1.09054
0.99563
0.348426
0.584
1.21246
0.694676
1.14819
1.4588
0.638345
1.20509
1.55982
0.634272
0.857984
0.826182
0.549253
0.512518
0.786806
0.457446
0.800598
1.17561
0.236449
0.815713
0.459401
1.17548
0.74451
0.743887
0.69406
1.30199
0.493341
0.426264
0.534147
0.969282
0.229026
0.474429
1.076
0.151727
0.656476
0.245673
1.51261
0.981224
0.741824
1.04403
1.04165
0.710235
0.809481
0.613986
0.902176
0.810214
0.432966
0.0978683
0.840579
0.424814
1.37705
0.323129
1.2715
1.2876
1.33471
0.261373
0.490163
1.06934
1.15673
1.15004
1.19681
1.09544
0.580281
1.23595
0.633696
0.626557
1.26935
0.752046
1.20736
0.790161
0.668039
0.520812
1.43741
1.13975
0.635286
1.31488
0.825141
0.706638
0.735773
0.749808
1.14509
0.87787
0.682987
1.30078
0.829434
0.514614
1.0234
0.740712
0.846464
1.18483
0.672614
0.721456
0.267477
1.35571
1.40951
0.897193
0.625641
0.835349
1.43491
0.680685
0.845344
1.1485
1.13562
0.803955
0.7114
0.523374
0.619216
1.04449
1.14484
1.18431
0.891821
1.10078
0.34881
1.14678
1.04395
0.698934
0.22171
1.06594
1.12827
0.732552
1.1321
0.987433
0.994848
0.994295
1.23478
0.677137
1.02919
1.06313
1.12913
0.922531
0.556939
0.851616
1.49095
0.564678
0.802144
0.746353
1.5346
0.890657
0.907773
1.08311
0.817423
1.07136
0.612116
0.941213
0.605805
0.769058
1.017
0.533679
1.23139
0.742643
0.760262
1.39949
1.41138
0.65199
0.90855
0.939711
0.32995
0.727545
0.853339
0.827637
0.455942
0.77889
0.774788
0.736107
0.614239
1.06214
1.27465
0.812453
0.97132
1.03218
0.38041
0.776532
0.949927
1.13307
0.912414
1.03608
1.03172
0.380734
0.731965
1.06338
0.825006
1.24604
0.246528
1.07817
0.761686
0.446601
0.445207
0.260597
0.184998
0.665193
1.28818
0.902064
0.580029
1.17606
0.771885
0.145332
0.616078
0.472486
1.44157
0.433691
0.336905
0.590648
0.641936
1.49043
0.331334
1.52656
0.986463
1.25258
1.43605
0.571924
1.22441
0.973897
0.720223
0.321046
0.464163
0.364482
1.52493
1.42884
1.49667
0.761629
0.756105
1.56178
1.35926
0.473157
1.00694
0.579552
1.26153
0.252696
0.678961
0.648623
0.456713
0.852527
0.895345
0.591608
0.621288
0.99798
1.13512
0.775027
0.621865
0.858413
1.14933
1.46152
0.413802
0.564832
0.793018
1.02545
0.538177
0.782787
1.48428
0.445592
1.05704
0.644926
0.352918
0.751061
0.375879
1.1728
1.28613
1.25651
0.448846
1.32675
0.62493
1.12238
0.984732
0.832575
1.29993
0.918938
0.934446
1.09374
1.06931
0.943315
0.145205
0.411816
1.45399
0.562758
0.991371
0.432882
1.4123
0.420564
0.408674
0.677749
1.48222
0.29695
1.56687
0.833304
0.647368
0.429425
0.466678
1.16641
0.713439
0.433389
1.06186
1.22818
0.638704
0.642637
0.383004
0.696313
0.908089
0.353649
0.932855
1.13346
1.22471
1.24953
1.30744
1.03192
1.5119
1.53967
1.05453
0.659117
0.619916
0.937104
0.611503
1.07616
1.31596
0.271694
0.314915
0.894617
0.449711
0.278782
0.988591
1.38511
1.33231
0.973415
1.20058
0.491817
0.482139
0.548661
1.51242
1.07318
0.604975
1.25723
0.488348
1.05482
0.457193
0.540832
0.607438
1.20256
1.24795
0.912046
0.918307
0.61106
0.735513
1.36218
0.831153
0.835955
0.452811
0.333802
0.591289
1.1714
0.389703
0.581192
0.792517
0.448945
0.892066
0.599889
0.887097
0.538102
0.6815
0.383906
0.768147
0.683145
1.00215
0.78279
0.450297
1.07808
0.423907
1.06759
0.347367
0.762676
1.2104
0.432088
1.1977
1.15028
0.635178
1.00694
0.378349
1.13536
0.393545
0.751406
0.772468
0.797512
0.831149
0.760242
1.40324
0.866995
0.639765
0.653143
0.7859
0.648175
0.851624
1.39665
0.824127
0.725075
1.18117
0.943746
0.289019
0.54302
0.39845
0.579538
0.321994
1.0021
1.31892
0.98077
1.11338
1.16067
0.346659
0.350584
0.506412
1.34695
0.601272
0.720679
0.278791
0.547376
0.445255
1.03915
1.30904
0.646628
0.488472
0.237238
0.979382
0.510399
0.952827
0.611958
1.45246
0.325596
0.810879
1.04763
0.618624
1.26952
0.599188
1.31858
1.29439
0.727272
0.743312
1.18946
0.542355
0.57046
0.555426
1.27738
0.805798
0.991058
0.987694
0.869074
0.631233
0.455153
0.843442
0.637201
0.782932
0.886696
0.949446
0.368228
0.335617
0.646234
0.408127
0.700495
0.960166
1.05932
0.56427
0.98101
0.519914
0.592585
0.723819
0.711645
0.813803
1.00213
0.390278
0.402
0.575826
0.712356
0.772978
0.726733
0.537392
0.687378
0.830833
0.738832
0.451916
1.034
0.749992
1.07057
1.14581
1.12547
0.589808
1.16092
0.927363
1.00783
0.330712
0.890113
1.01631
0.947626
0.556278
0.754324
0.578173
0.527506
0.626344
0.381911
0.724137
0.484065
0.870681
1.26764
0.769276
1.0028
1.06133
0.52082
0.820819
0.562709
0.662839
1.19983
0.351943
0.382724
1.10959
1.32409
0.595621
0.743663
0.489649
0.729195
0.58511
1.31511
0.398741
1.09223
0.649292
1.39461
0.721351
0.99147
0.968473
0.698717
1.03684
0.530293
0.544941
0.773311
0.795847
0.389556
0.582521
1.13201
0.244026
0.123888
0.849579
0.913403
0.92857
0.501015
0.87549
0.730333
1.42223
0.741222
1.05676
0.634652
1.51464
0.802819
0.524333
0.840505
0.950923
0.986891
0.74716
1.18068
0.678326
0.444057
1.024
1.13118
1.29928
1.31593
1.41512
1.53426
0.48707
0.707687
0.220015
0.764863
0.518201
0.622503
0.783576
0.826935
1.5227
0.989205
0.714255
1.26633
1.36742
0.488103
1.3454
0.471244
1.03206
1.11393
1.50358
1.43138
0.47552
0.78702
0.993568
0.961188
1.04004
0.751666
1.25445
0.421128
0.90345
1.03322
0.648603
0.58419
0.378514
0.48881
1.08353
0.529857
1.22366
0.626634
1.38675
0.844209
1.2543
0.753577
0.284567
1.40156
0.57331
1.13026
0.47134
0.776343
1.16495
0.74345
0.61794
1.39646
0.785201
1.10852
0.336591
0.645018
0.525813
0.441114
1.54502
1.47902
1.20238
0.149672
0.822084
0.457782
0.711443
0.424341
0.79537
0.626074
0.54601
1.35592
1.39924
0.834897
0.995932
0.46854
0.728236
0.696153
1.04838
0.683905
0.40598
0.309131
0.443782
0.456157
0.989732
0.80884
0.388959
1.23089
0.888775
0.299605
0.562618
0.58656
0.216765
0.438569
0.833344
0.569611
0.833677
0.987081
1.48775
0.781675
0.338989
1.0011
1.23989
0.569004
0.836704
0.795821
0.808002
1.46049
1.273
0.686949
0.893222
1.11887
0.511758
0.674277
0.563019
0.831778
0.316306
1.3404
0.811159
0.767581
1.37205
0.533005
1.55802
0.90574
0.687889
0.915528
0.814856
0.599082
0.272196
0.216143
0.639359
0.631902
0.381925
0.854593
0.971547
0.637893
0.722158
1.00391
1.17957
0.354771
0.490007
1.3644
1.11088
1.24462
1.42514
0.446384
1.29237
1.41594
0.804346
1.00401
0.382187
0.250166
0.233659
0.895867
0.573471
1.03339
0.690198
0.271204
0.404133
0.759965
0.730166
0.684952
1.28172
1.1047
1.01151
0.9696
0.29474
0.779009
0.489994
0.735436
0.864778
1.19934
0.660359
0.679188
0.663419
0.77278
0.663179
0.667393
0.990648
0.45325
0.228167
1.009
1.47025
0.768165
1.3898
1.01333
1.0504
1.13606
0.60319
0.170468
0.489248
1.13345
0.488668
0.84481
0.78672
1.27402
0.94028
0.42871
1.14345
0.691529
0.536529
0.859514
1.29216
0.927317
0.280195
0.818765
0.945758
0.477207
0.64841
0.942805
1.016
0.854695
1.49055
0.4945
0.632686
1.35577
0.663279
0.655889
1.3538
0.652226
1.08689
0.65911
0.973759
0.364003
0.219019
0.839946
0.452896
1.5049
0.533673
0.825661
1.54864
0.292233
0.529719
0.435755
0.430523
1.0135
0.743458
0.663347
1.31312
0.945719
0.881592
0.666854
1.03762
0.693882
1.03683
0.554519
0.857104
1.18317
0.485019
0.809389
0.614936
0.0946582
0.664451
0.616914
1.11538
1.11185
0.800974
1.39521
0.571328
1.12413
0.579075
0.665829
1.0137
0.988316
1.06797
0.97103
0.843723
0.923418
0.574155
1.28441
0.691427
0.883162
0.957852
0.759433
0.468587
1.00135
0.740494
0.463772
1.22979
0.701241
0.364169
0.677772
0.493542
0.503474
0.994461
0.472593
0.996366
0.988078
0.847317
0.290357
0.892522
0.789697
1.30106
0.351923
0.808048
0.208383
0.819291
0.580914
1.23352
0.154166
0.285553
0.316218
0.114879
0.930657
1.42517
0.835208
1.02129
1.38492
0.858958
0.729319
0.492964
0.624481
0.904008
0.835076
0.651521
1.16506
1.11817
1.13868
0.586579
0.581345
0.820412
0.680583
0.650921
0.750422
0.238624
1.3111
0.599321
0.342481
1.50188
0.679446
0.787804
0.515123
1.24088
1.01214
0.916924
0.505705
0.512145
0.718855
1.50512
0.922271
0.324006
0.811917
0.456911
0.292489
0.713606
1.0938
1.1309
0.960436
0.823346
0.768364
0.817702
0.286342
0.793151
0.1904
0.448301
1.51106
0.207604
0.518159
0.107283
0.348742
0.575816
0.679451
1.19542
0.478268
0.666531
0.823189
0.324133
0.580318
0.748257
0.699157
0.677841
0.60048
0.765736
1.57066
0.717403
0.750183
0.994803
1.00703
0.468647
0.526574
0.404196
1.31049
0.543977
0.581665
0.83228
0.855533
1.309
0.228568
0.372081
0.721513
1.16214
0.862114
0.697089
0.473939
1.14262
0.922583
0.479238
0.383453
0.775052
0.939097
0.626516
0.201975
1.356
0.91187
0.569355
0.753818
0.42839
0.80193
1.086
0.675035
1.04015
0.441873
0.570578
0.810021
0.99665
0.936314
1.2417
0.663883
1.19601
0.524263
0.389755
1.03292
1.39393
1.38234
0.403301
0.911949
1.18073
0.965137
0.383212
0.52994
0.653182
0.618237
0.718486
0.250419
0.545579
0.920559
0.303364
0.456813
0.175615
0.782406
1.34435
0.686666
0.945422
0.965922
0.299014
0.299255
0.526201
0.827859
0.553714
0.215488
0.732844
1.39647
1.01044
0.574255
1.42504
0.795786
0.792354
0.768144
0.927369
0.992811
0.87735
0.908056
0.389759
0.470813
1.43107
0.396267
0.375866
0.494437
1.06448
0.236029
0.667715
1.0919
0.291262
0.566023
0.427339
0.40526
0.525916
0.689437
1.20194
0.83259
0.652359
1.17793
0.59954
0.307427
0.416304
0.919901
1.52913
1.08127
1.12833
0.248188
0.740995
1.50062
0.920715
0.289262
0.546664
1.17533
1.23896
1.4707
1.0243
0.932265
0.588655
1.04263
0.442423
1.20499
0.503856
0.60613
0.616797
0.577815
0.632148
0.969285
1.15016
1.14764
1.10543
0.620838
0.972038
0.710933
0.265057
1.44818
0.943197
0.606246
0.697589
0.294328
0.451204
0.438469
0.964393
0.950236
0.554006
1.3447
1.40707
0.835393
0.477317
0.917835
0.687681
1.39641
0.424544
1.08565
0.631196
1.03458
0.72166
0.867873
0.710673
0.817204
1.32806
0.684848
1.48175
1.09433
1.01716
0.895783
0.937921
0.321527
1.06826
0.566076
0.588329
1.4474
0.180636
0.423157
0.5209
0.66267
0.478836
0.575514
0.877234
0.367888
0.317684
1.22464
0.670298
1.37007
1.07254
0.865607
0.271571
0.896282
0.968448
0.538536
0.921222
0.463058
1.19619
1.02548
0.796381
0.881297
0.593183
0.671782
0.551126
0.358536
0.66902
1.04723
0.732799
0.441373
0.784947
1.07556
0.68687
1.12208
1.07491
1.03583
0.341353
0.454323
0.916647
0.537201
1.15
0.704158
0.714415
1.25029
0.521075
0.765516
0.39921
0.437934
0.59614
0.91753
0.831185
0.57199
1.35554
0.537995
0.424197
0.331836
1.00153
0.742237
0.529404
0.809578
0.751915
0.725377
0.660236
1.46355
0.707769
0.897201
0.850329
0.990141
0.436659
0.759575
0.872389
0.541024
0.218367
0.360191
1.17178
0.58762
0.687702
0.411407
1.051
0.249066
1.32429
0.834558
1.28599
0.29573
0.582866
0.506993
0.472221
1.05901
1.49017
0.977461
0.927064
1.07825
1.18266
1.20286
0.709899
0.835998
1.10985
1.42942
0.906153
1.06833
1.48649
1.02645
0.680395
1.1724
0.680132
1.5062
0.238756
0.373626
0.867601
0.361702
0.771114
0.422501
0.65599
0.668151
0.685034
0.842465
0.67012
0.878114
1.45432
1.38591
0.487928
1.13167
0.732666
1.20552
1.36848
0.724547
0.438999
0.353819
0.334228
0.589721
0.639181
0.239175
0.377399
0.638849
0.714799
0.636979
0.415278
0.73177
1.53944
1.14886
0.696404
0.911005
0.588505
1.13488
1.00998
0.364197
0.846588
0.565591
0.816783
0.529032
0.509228
0.295446
0.425712
1.30858
0.873823
1.03555
0.71174
0.431354
1.15798
0.435466
0.672449
1.20523
0.578682
0.710357
0.501514
0.839477
1.02214
0.500073
0.786928
0.86789
0.826437
0.930586
1.25884
0.890037
0.369311
0.264812
0.723239
0.788296
0.365759
0.579282
1.26626
0.565616
0.885646
0.419996
0.406302
1.43816
1.10403
0.469346
1.27464
0.717198
0.515534
0.0805784
0.575359
1.0272
0.34188
0.744452
1.55161
0.628638
0.596479
0.730873
1.16588
0.294097
0.756819
0.317298
0.921745
0.647564
0.781358
1.5458
1.32046
1.25823
1.44452
1.50131
1.13882
0.459622
0.52254
1.03781
1.28379
0.349825
0.531647
1.27901
0.532868
0.765726
0.746011
0.943066
1.17595
0.5622
0.938079
0.534847
0.717583
0.939513
0.887394
0.886132
1.52769
1.28442
0.721117
0.712578
0.976083
0.815107
0.378815
0.628961
0.171132
1.10459
1.05722
0.818092
0.615031
0.894003
0.826266
0.814215
0.850912
0.213031
1.25961
0.607548
0.759946
1.25439
0.819399
0.616951
0.83867
0.57479
0.928655
0.321142
0.993399
0.316937
0.817657
0.959436
1.07436
0.477624
1.45285
0.865988
0.986502
0.776645
1.01721
0.993997
0.567568
0.891952
0.298309
0.548668
0.0783791
0.658302
0.69218
0.465089
0.513078
0.149756
1.00676
0.274259
0.636262
0.43404
1.32732
1.50012
0.862081
0.195638
0.751468
0.184886
1.53859
0.921893
0.91307
0.471605
1.37987
0.745777
0.757233
1.21407
0.929576
0.524465
0.716866
0.486692
0.391938
1.3689
0.796123
0.700832
1.08995
0.693256
0.746386
0.287074
0.642809
0.841214
1.26237
0.719175
0.920351
1.38004
1.06413
1.3591
0.881907
1.35126
0.790858
0.899712
0.599371
0.433233
1.28132
0.673509
0.363609
1.56082
0.858177
1.16271
0.493054
1.02158
0.762576
1.23751
0.996166
0.850666
0.509649
0.632327
0.879146
0.42173
1.00876
0.77209
0.519832
1.18217
1.21804
0.356803
0.983844
0.86368
1.17826
1.03408
1.34935
0.566237
0.986012
1.17924
0.749103
0.734252
0.865467
0.610674
0.865974
0.549142
0.925729
0.591636
0.606475
0.986614
1.55329
0.912384
0.570657
1.56898
0.282146
0.489568
0.759654
0.818384
0.628041
0.554491
0.475324
1.23492
0.96585
0.27354
0.566735
0.776664
0.737707
1.03724
0.650705
1.3418
0.885937
1.33527
1.5272
0.961051
0.446426
0.565032
0.916633
0.325322
0.330085
1.09171
1.14962
0.324723
1.06121
0.452387
0.540814
0.480374
1.29279
0.874818
0.729629
0.730352
0.362154
0.720127
0.83672
0.809008
1.51302
0.185065
0.832522
0.613942
0.366217
0.932721
1.35872
0.846074
0.985819
1.54807
0.863575
0.964794
0.648674
1.32807
0.367523
0.223368
0.737515
0.892238
0.61582
0.667192
1.03716
0.830104
0.998406
0.876103
1.24505
0.716836
0.511451
0.490589
0.857683
0.811523
0.530271
0.728952
1.20859
0.991969
1.21129
1.53799
0.34068
1.29626
0.837055
0.297631
1.00319
1.07933
0.985628
1.21378
0.502689
0.994202
0.290299
0.750548
0.726543
0.623273
0.948045
0.743517
0.73
0.608582
0.853322
1.56599
0.673688
0.713036
1.41142
1.23983
0.26813
0.790932
0.35172
0.962885
0.820771
1.08254
0.406182
0.484352
1.26868
0.813928
0.606158
0.428381
0.592526
1.44593
1.01652
0.743334
0.402918
1.08296
0.745746
1.04656
0.480533
0.636974
0.716222
0.448577
0.984806
0.995376
0.126449
0.572766
1.34332
0.554923
0.570334
0.8409
0.451364
0.861502
1.20979
1.23912
0.816789
0.947286
1.28623
0.467298
0.272722
0.118868
0.693525
0.864239
1.08406
1.1427
1.10131
0.245668
0.777679
0.335592
0.4515
0.947887
1.43342
0.53308
0.832113
1.08141
0.8286
0.788173
0.770097
0.507996
0.307625
0.732507
0.751588
0.799123
0.37612
0.855434
0.883585
0.785942
0.311767
1.10588
1.25231
1.0439
0.596773
0.326323
0.743675
0.550892
0.766723
1.03369
0.867219
0.72843
0.527634
0.493607
1.17822
0.993764
0.562643
1.54707
0.447141
1.08547
0.581068
1.24687
0.978709
0.711638
0.9447
0.629381
0.674014
1.51384
0.575632
0.88697
0.309164
0.43822
1.14328
0.559674
0.883863
0.591701
0.668458
1.0228
0.941874
0.462892
0.437915
1.04607
0.87025
0.748503
1.43121
0.806311
0.877912
1.18497
1.29307
1.55799
0.128779
0.492733
0.611078
0.620198
1.13686
1.09734
1.5379
1.14566
0.285084
1.35349
0.497904
1.13254
0.392343
1.45512
0.902522
1.03897
0.722878
1.31578
0.676566
1.31874
0.556893
0.989835
1.05479
0.458062
1.42895
0.505197
0.388348
0.496722
1.00432
0.892236
0.743227
1.39859
0.400262
0.715915
0.77544
0.631785
0.743185
0.609145
0.47541
0.671761
0.361094
0.94187
1.00625
1.43213
0.704424
0.408937
0.967593
0.890611
1.41375
0.543983
1.11141
1.05663
1.20343
0.798919
1.05426
0.595698
0.346165
0.58813
1.57013
0.7236
0.446263
0.530969
0.260268
0.626117
1.00113
0.504937
0.578162
1.21349
1.0039
0.256106
0.890105
1.24413
0.801185
0.763837
0.607465
0.823229
1.10781
0.77269
0.681261
0.374557
0.258845
1.05037
0.896515
0.899069
0.498635
0.798902
0.869817
1.16428
1.03767
0.421549
0.49679
0.793085
0.571634
0.635549
0.363632
0.588761
0.294097
0.678903
0.562481
0.882076
1.17235
0.348004
1.26322
0.619715
0.29887
0.955037
0.852067
0.761283
0.750823
1.01377
0.621531
1.12298
0.341463
0.318667
0.531929
1.08542
1.30301
1.42994
1.3703
0.753667
1.53113
1.40256
1.53397
1.49204
0.458822
0.921345
0.324215
0.512593
0.655865
0.446972
1.04872
1.49052
1.38325
0.738804
0.636751
0.385665
0.601855
1.24035
0.739469
0.5136
0.142546
0.446234
0.667422
0.794182
0.665128
1.22013
0.551857
0.951123
0.655227
1.02886
0.977508
1.38817
1.15837
1.21177
0.76847
0.787246
0.635492
0.844294
1.05795
0.960024
0.863692
0.897894
0.406988
0.728451
0.789193
0.47138
0.490208
1.08235
0.671114
0.829879
0.882168
0.31454
0.683629
0.511424
0.299524
1.10112
1.0206
1.05419
0.972916
0.667147
0.344831
1.19844
0.963747
0.873656
0.52281
0.54392
0.770108
0.303727
0.37566
0.791575
0.722958
0.422648
0.919121
0.129958
0.636913
0.92477
0.509972
0.163872
0.671608
0.957244
0.6006
1.43448
0.707115
0.783082
0.864645
1.20124
0.709569
0.637415
1.40708
0.667728
0.485006
0.488952
0.992288
1.09727
1.02566
0.657379
0.790902
0.870867
0.297464
0.442981
0.531972
1.00593
0.498423
0.460341
0.763361
0.912606
0.499173
1.1846
0.490177
0.519077
0.438097
0.813872
0.766699
0.883881
1.22716
1.01955
0.871672
0.859375
0.888128
0.634574
0.68515
0.40717
0.916615
1.03305
1.05097
1.07856
1.01894
0.483502
0.559746
1.38325
0.55539
1.34244
0.615216
0.94276
1.11521
0.430001
0.688105
1.02792
0.760236
0.833374
0.668667
0.669822
0.709825
1.1813
0.542041
1.20152
0.530736
0.720335
1.13328
1.35338
0.918982
1.13199
0.878694
0.748835
0.283819
0.885309
1.25455
1.06176
0.327747
0.282216
0.276414
0.588758
1.13763
0.844787
1.31526
0.377817
0.610143
1.13332
1.04619
0.951747
0.429198
0.572697
0.715331
0.62502
1.36859
1.37269
1.00629
0.719327
0.246164
0.855123
0.976233
0.658522
0.583149
0.621753
1.34588
0.543731
0.573561
0.947879
0.460202
0.547609
1.36762
0.538688
0.339662
0.99573
0.71855
0.291695
0.831482
0.819274
0.739735
0.764594
0.442385
0.57342
0.969013
0.619173
0.679935
0.833866
0.792092
0.937431
1.0579
0.703082
0.441666
0.366642
0.201329
0.555464
0.365143
0.970107
0.661655
0.875937
0.496727
0.638792
0.44055
0.424587
0.386289
1.43677
0.82946
0.576369
0.989276
0.922464
0.805747
1.44945
0.688135
1.14409
0.871532
0.830779
0.422777
0.72725
0.686792
0.795524
1.17051
1.08295
0.695534
0.386616
0.571415
1.10768
0.970105
0.925892
1.17955
1.18362
0.637397
0.350231
1.5102
0.649073
0.79503
0.326611
0.31918
0.512213
0.596165
0.939152
1.55601
0.958184
0.889676
1.03559
0.285578
0.525412
0.776016
0.463333
0.92984
0.241908
0.789869
0.543959
0.869591
0.316746
1.29401
0.693952
0.521649
0.309784
0.795784
1.02258
1.37849
0.719059
0.129004
0.628386
0.213249
1.2094
0.326469
0.548134
1.4313
1.12044
0.838991
0.79651
0.286484
1.28936
1.30561
0.72089
1.06966
0.569284
0.50439
0.648242
1.0078
1.48428
0.586734
0.375576
0.681854
0.877477
0.220439
0.768191
0.485365
0.539739
0.425155
0.762666
0.361724
1.37727
1.23159
0.294041
0.698995
0.322267
1.01806
0.608127
0.597639
1.43707
0.988727
0.977323
0.484147
0.742455
0.488119
0.988643
1.23664
1.3069
0.207874
0.61198
0.308615
0.513791
1.55508
0.70504
1.17395
1.01308
