0.996311
0.617135
1.4935
1.42965
1.12919
0.287824
0.152983
1.5048
1.39122
0.537735
0.729849
0.93466
0.786339
1.26854
0.741317
0.686912
0.632046
1.32156
1.28967
1.55726
0.403231
0.74338
0.96714
0.578799
1.04242
0.745393
0.321881
1.5509
0.73271
0.496768
1.19509
1.12496
1.55361
0.68397
0.519415
1.13706
0.883156
0.338888
0.843215
0.996533
0.772513
1.24936
0.706019
0.968248
0.609453
0.311437
0.110183
0.85021
0.526461
1.14342
1.20787
1.07182
1.23908
0.986095
1.04109
0.625012
0.470858
0.756329
1.24008
0.721574
0.52473
1.31624
1.36954
0.973281
1.1262
1.42024
0.775746
0.911381
0.142235
1.39651
1.01457
0.231593
1.26672
1.19086
0.308227
0.46499
0.883565
1.51466
0.843463
1.19193
0.283111
1.26068
0.994663
1.19165
0.616726
0.723201
0.273243
0.730309
0.926165
0.951755
0.498117
0.74053
0.883433
0.955261
1.05997
0.483923
1.19018
1.03153
0.547318
0.353788
0.902125
1.29047
1.53813
0.792564
1.34715
0.227336
1.41456
1.30239
0.960648
0.900285
0.724269
0.788985
0.787723
1.42134
0.910357
0.968362
0.78709
0.359451
0.716546
0.909523
1.10614
0.763585
0.582236
0.921417
0.562324
0.846041
1.35396
0.669273
0.539336
0.297449
0.592549
0.966055
1.20025
0.959005
0.541845
1.13001
0.642736
1.017
1.21842
0.695105
1.13692
0.986644
0.571215
1.08807
1.11969
1.19977
1.32142
1.5093
0.932323
0.768888
0.415229
1.25184
0.685131
0.876462
1.00728
1.25699
0.989856
1.30072
1.4808
1.16948
0.779004
0.863537
0.924703
0.543202
1.17554
0.735
1.17866
0.636947
1.42509
1.5304
0.208679
0.779188
1.16037
0.767948
1.12132
0.243418
0.377223
1.09349
1.23102
0.22981
1.51819
0.835529
0.301644
1.51785
0.960455
0.84935
0.521664
0.868959
0.585549
0.691934
0.998829
0.786935
0.279194
1.38759
0.679049
1.29472
1.16508
0.297734
0.442275
1.04872
0.590636
1.09577
1.53424
0.518208
0.202054
1.13081
1.1731
0.735863
0.919733
0.510187
1.20322
1.01782
0.422121
0.878903
0.893365
1.32184
0.943737
1.55328
0.821579
0.880983
0.820507
1.06697
0.546598
0.704198
0.226336
0.573132
0.843876
0.692687
1.0934
0.627964
0.856589
0.688611
1.22463
0.668564
0.947676
0.80218
0.456383
0.191205
0.626987
0.53644
1.20905
0.709444
0.894149
0.351431
1.09138
1.47336
0.750021
0.34091
1.07979
0.441045
0.922173
0.346101
0.979988
0.470442
1.0659
1.41011
0.882816
0.747222
0.956737
0.774853
0.957083
0.201151
1.03661
0.829635
0.571319
0.969617
1.22122
0.354397
1.03263
0.489781
1.14738
0.491721
0.753824
1.17881
1.04709
0.450021
0.514977
0.987822
1.27284
0.328052
1.46793
1.07146
1.25783
0.903245
0.379747
1.43604
0.429863
1.22118
0.563082
1.32211
1.06931
0.746817
1.22875
0.298518
0.70682
0.735102
0.912127
0.0768005
0.579562
0.334619
0.897629
0.36481
1.09203
0.975206
0.678772
0.936728
0.411626
0.991115
0.777255
1.37184
0.690503
0.576064
0.888448
1.00629
0.938715
0.472982
0.634548
0.928117
0.603138
0.716887
0.761081
1.31001
0.941785
1.293
0.828624
0.914476
0.685572
0.169406
0.646613
0.895591
0.55697
0.736804
0.796461
1.16221
0.848938
0.686404
1.46537
0.887366
1.05998
1.27357
0.630226
1.01513
1.33771
0.668818
0.67005
0.98627
1.55672
1.17477
0.929441
0.400544
0.832615
1.1619
0.731236
0.969155
0.555979
0.325052
1.29819
1.51371
0.196339
1.04859
0.890889
1.36335
0.529103
0.989725
0.799376
0.475494
0.235127
0.490929
0.872629
0.46874
0.973982
0.241639
0.402637
1.1107
1.019
1.22255
1.5297
0.583958
0.935089
0.345804
0.591512
0.861666
0.915649
0.764644
1.16366
1.1384
1.2487
0.763651
0.947193
1.0242
0.972498
0.849989
1.50579
1.19895
0.81721
1.35863
0.911731
0.983306
0.9173
0.978256
0.909804
0.583554
1.23458
0.454994
0.90635
0.558928
1.42296
0.873245
0.689552
1.15138
0.903155
1.23596
0.550429
1.06243
1.04357
0.907664
1.06656
0.541739
1.52675
1.02489
0.491121
0.532792
0.508688
1.42344
0.598713
0.599383
0.659554
0.646075
0.908387
0.73566
0.746246
0.936926
0.724365
0.663704
1.23159
1.18947
1.154
1.2439
1.20222
1.11476
0.858325
1.18575
1.4894
0.870697
1.18098
1.02523
1.04486
0.78241
0.168698
0.742657
0.685006
1.01486
0.201769
1.06568
0.37804
1.56354
0.762197
0.671165
0.644704
0.656182
0.39684
1.00565
1.44981
1.44414
0.794454
0.891493
0.538733
1.45234
1.40551
0.243319
0.682043
0.779617
0.420746
0.482826
1.21955
1.15984
1.08384
0.305773
0.7187
0.422975
0.491769
0.856664
1.25175
0.454748
0.621796
1.04617
0.883009
0.646613
1.01428
1.24624
1.38461
1.51204
1.42776
0.613949
0.728224
1.5104
0.716014
0.758626
1.06943
1.05624
0.926382
0.551758
1.42113
0.931492
1.16987
1.09722
1.08123
0.44385
1.1795
1.10772
1.17023
0.900407
0.933698
0.571955
0.801756
0.83932
1.30271
0.553335
0.876581
0.594281
0.705393
0.901734
1.40482
0.867566
0.283627
0.944979
0.544082
0.841912
1.20555
0.457155
1.09554
0.906503
0.994821
0.853508
0.722418
0.566055
0.953534
0.871617
0.947311
0.324409
0.69776
0.481204
0.912505
1.05941
0.732859
0.654177
0.477447
0.53789
0.820793
0.816236
1.04734
1.14824
0.568478
1.2574
0.882744
1.01424
0.651609
1.33237
1.0009
0.773887
0.963042
0.75544
1.33979
0.823576
0.556306
1.17412
0.570193
0.617771
1.11725
1.4017
1.36039
0.49223
0.999212
1.057
1.44706
0.975776
0.278167
0.447126
1.27042
1.07937
0.830273
0.794706
0.74037
0.45054
0.791209
0.488287
1.32339
0.702666
1.03549
0.905825
1.10119
0.728279
0.479715
0.575085
0.0589293
0.680319
1.05895
0.806463
0.34034
1.46726
0.938374
0.724346
0.814649
0.56934
0.693818
0.264543
1.07318
0.702711
0.677387
1.09467
0.909119
1.06125
0.415661
1.21121
0.46514
0.241382
0.73311
1.23647
0.934244
0.70644
0.90107
0.683183
0.742201
1.10467
0.767983
0.183585
0.976925
0.948107
0.738345
1.14899
0.982628
0.565852
0.452387
0.498249
0.589637
1.02375
0.487448
0.618702
1.05816
0.477023
0.744822
1.23759
0.850981
1.23944
1.00721
0.319184
1.19277
0.679772
0.265305
1.22833
0.254543
1.4345
0.39532
0.547675
0.949306
1.34908
1.45506
0.843466
0.721757
1.337
1.03045
0.733745
0.616362
0.893162
0.607019
0.509852
0.912255
1.16551
0.486382
1.37282
0.720461
0.466721
1.11636
0.97782
0.957609
0.423292
0.703659
0.246808
0.673925
0.3875
1.01026
1.28218
1.3166
0.521292
1.29743
0.899198
0.92552
0.469934
0.706882
1.33255
1.32396
0.710269
0.637918
0.379187
0.838123
0.981684
1.49634
0.181253
0.802489
1.06096
1.07275
0.372097
1.04527
1.15143
1.18917
1.17419
1.55968
1.12978
1.22006
0.930865
0.792177
0.446055
0.443351
0.782818
0.767864
0.938344
0.897777
1.29781
0.570996
0.568798
1.32298
1.1133
0.23557
1.05779
0.925661
0.892683
0.320131
0.966711
1.12433
0.776398
1.51593
0.464433
0.671067
1.09151
0.784636
0.394779
0.350746
0.418354
0.192828
0.366122
0.503066
1.28498
0.556928
0.463492
1.08337
1.00359
0.546242
0.507697
1.2029
0.984945
0.770241
1.51411
1.23327
0.951236
1.02227
0.68801
0.727283
0.974626
0.528853
0.243647
0.486398
1.08122
1.06576
1.2086
0.411643
0.712021
1.49811
1.49379
0.335013
1.43122
0.502744
0.737522
0.85593
1.37029
0.616708
0.743767
0.828247
1.35833
1.08352
0.788806
1.5369
0.561865
0.260396
0.708267
0.858347
0.990096
1.12535
0.350098
0.469111
0.740814
0.0915378
0.349608
0.961305
1.00625
0.314988
0.79715
1.18426
1.49235
0.66435
0.502556
0.930916
0.833025
0.335055
0.892941
0.971657
0.609069
1.35307
0.638287
0.551577
0.710048
0.707361
1.25444
0.499903
1.08864
0.499071
1.02689
0.630693
1.0355
0.807164
0.698044
1.35063
0.541768
0.554082
0.53286
0.993656
0.71926
1.1652
0.9852
0.603889
0.531839
1.13866
0.731025
1.01483
1.31015
0.374123
1.24704
0.998272
0.967883
1.50104
0.457144
0.717222
0.498689
0.737961
0.836475
1.31266
0.66258
0.584582
1.17404
1.46258
1.37563
1.28255
0.717934
0.914026
0.940956
1.06307
0.453272
0.251454
0.923195
1.12896
0.369041
1.31174
1.26693
1.01399
0.517171
0.700927
1.11319
0.327408
0.396883
1.52423
1.23446
0.295826
1.45055
0.640635
1.26029
0.704762
0.704204
0.633872
1.02013
1.04402
0.903607
0.374417
1.07805
1.16728
0.536206
0.878822
1.11496
0.600871
0.926727
0.54955
0.220009
0.526072
0.253466
0.836213
1.10834
0.601378
1.10129
0.359718
1.21622
0.985491
0.93207
0.950001
0.48945
0.79329
0.602917
0.750277
1.25434
0.487381
0.650435
1.46765
0.294082
0.579041
0.748951
1.27806
0.911199
0.514932
0.642559
1.25485
0.960963
1.01756
0.862971
1.10063
1.26818
0.862824
0.487806
1.09152
0.54734
0.34132
1.45735
1.20206
1.01259
0.930255
1.45051
0.776257
1.27502
0.53593
0.671446
0.52349
0.266417
0.930923
0.896662
1.29618
1.26239
0.517489
0.757049
1.30858
0.556553
0.405706
0.905092
0.365537
1.14392
0.872235
0.886568
0.764284
0.396745
0.406643
1.48402
1.23585
0.936242
1.15493
0.74556
0.775054
0.924952
0.711744
0.847582
1.48556
1.32226
0.312435
1.13737
0.691765
0.552286
0.203219
1.4488
0.650138
0.520301
0.78709
1.23392
1.48424
1.52071
1.36887
0.776813
1.09748
1.39356
0.354027
0.838899
1.31664
1.45301
0.855269
0.998593
0.278534
0.850438
0.637829
0.658399
0.757171
0.677384
0.35021
1.14206
0.249667
0.283404
0.692826
0.758792
0.929811
1.08664
1.17558
0.740279
0.423159
1.32036
0.855002
0.710378
0.473635
0.901879
0.757117
0.624177
1.23174
0.552645
1.2503
0.657536
1.20996
0.858383
0.652032
1.27761
0.875371
1.40029
0.792969
0.633636
1.44395
1.36466
0.992744
0.547278
0.313921
0.633897
1.34353
1.44223
0.829992
0.568875
0.561184
0.830679
0.855858
1.12754
1.18583
1.07417
0.448806
0.752726
0.784724
0.566213
1.42398
0.752417
1.12496
1.2772
0.442523
0.169636
0.72097
0.91834
0.826632
0.709938
1.10139
0.543432
0.569422
0.395907
0.468748
0.971676
0.0806432
0.607291
0.907463
0.361762
1.04137
0.9921
0.479516
1.13911
0.241905
0.292397
1.50605
0.832877
0.569854
1.10824
1.18035
0.32616
1.31385
0.953017
1.5572
0.93664
1.00373
0.635121
1.44513
0.725689
0.908827
0.470031
0.652882
0.84405
0.481026
0.846539
0.112985
0.634783
1.41213
1.21377
1.00075
0.919288
0.463
0.996665
0.533417
1.48261
1.18772
0.670718
0.759731
0.893092
1.07463
0.406373
0.436822
1.54085
1.19678
0.205642
0.823506
0.401749
0.551081
1.13698
1.0074
0.916771
0.537822
0.643983
1.26226
1.37153
1.43321
1.54504
0.48328
0.589841
0.493249
1.14303
0.680349
0.790367
0.891628
0.377035
0.685543
0.335834
0.50411
1.10336
0.149497
1.29737
1.3785
0.864512
0.997861
0.569655
0.738513
0.864211
0.995651
0.616929
1.068
0.789114
1.02495
1.26968
1.09551
0.513529
0.748195
0.479921
0.620937
0.797137
0.771833
0.812685
1.2362
1.17704
0.733828
0.532357
1.12225
1.16918
1.27217
1.26498
0.944598
1.22622
1.50159
0.792523
1.16797
0.774037
1.26881
0.597069
0.803934
0.656577
1.08096
1.41157
1.05132
1.02696
0.437676
1.16177
0.30024
1.11891
0.966036
1.27456
1.00195
0.348692
1.31761
0.437668
0.925457
1.07081
0.258614
1.20181
0.826029
1.01018
0.731127
1.1801
1.14558
1.4854
1.3166
0.495384
0.693953
1.13864
0.722248
1.51301
1.32502
1.46608
0.926924
1.3059
1.32726
0.962275
1.14827
0.370681
1.12448
0.752184
0.264437
1.07509
0.813161
1.4348
0.602189
1.02677
1.41794
0.32738
0.731312
1.23427
1.5486
1.18455
1.00356
0.990494
0.295922
0.993528
1.0268
0.388452
0.937908
0.891024
1.11425
0.710393
0.986644
0.65048
1.09781
0.552091
1.09877
0.928622
0.694541
0.514432
0.944401
1.43408
1.35356
0.638654
0.667007
0.762691
0.750528
0.863066
0.641984
1.30264
1.07115
0.869491
1.01386
1.11778
0.58802
1.13895
0.860525
0.983824
0.852369
1.27093
0.944663
0.52109
1.30341
1.25719
0.571896
1.25802
0.465498
0.819095
1.075
0.924314
0.866615
0.786249
0.688477
1.23639
1.54519
0.328209
0.538869
0.760124
1.11076
0.983718
1.31105
1.05446
0.372768
0.619192
0.966273
1.12185
0.854272
0.651511
1.44589
0.723611
0.626797
0.581106
1.23933
1.1783
1.14788
0.509852
0.915031
0.521438
0.464913
1.28544
0.990415
1.1509
0.529859
1.15632
0.76443
0.231244
1.35131
0.577359
0.681696
0.751101
0.681719
1.54923
0.637281
0.75354
0.305327
1.28185
0.863289
0.646218
0.528115
0.452301
0.560371
0.755447
0.915699
0.534213
0.63372
0.768213
0.913046
1.12325
0.327666
0.927098
0.4623
1.20308
0.404107
1.24411
0.625424
1.1942
1.25986
0.465895
0.989691
1.19532
0.85843
0.852641
1.5234
0.522562
1.22306
0.696611
0.610954
1.08109
1.00455
0.524047
0.406015
0.585619
0.375783
0.726046
0.717703
0.642096
0.806787
0.48704
1.13518
0.418961
1.42348
0.47208
0.604554
0.576681
1.01827
0.760107
0.172035
0.89983
1.52031
0.866166
0.452621
0.89655
1.21174
1.48761
0.435757
1.06916
0.729378
0.19858
1.52033
0.478962
0.308523
0.901796
1.14887
0.923502
1.12205
1.09436
0.657283
0.988471
0.836541
0.972943
0.515291
1.15545
0.602754
0.921134
0.369542
0.222054
0.788686
1.1028
0.280175
1.2563
1.34418
0.52814
0.505205
0.984206
0.212435
0.895943
0.950969
1.04308
0.325853
1.24603
1.03807
1.1043
0.692711
0.84216
1.11993
0.296211
0.610458
1.01174
0.831682
0.542904
0.509168
0.748151
0.674417
0.380441
0.905976
0.883408
0.458797
0.521879
0.572764
1.07045
0.513802
1.34522
0.215882
1.12168
0.538622
0.621487
0.986254
1.12974
0.984293
0.974458
1.12303
1.22489
1.52648
1.01679
0.877031
0.525278
0.874375
0.854443
0.632058
0.805888
0.480231
1.24153
1.02795
0.518961
1.17563
0.833706
0.846002
1.3564
1.06642
1.07226
0.654481
1.42261
0.516278
0.8121
1.45961
1.05513
0.997078
1.19797
0.9566
1.03691
0.671056
0.8108
0.716698
0.148633
1.41676
0.659006
0.71497
0.768076
0.845474
1.2428
0.626526
1.16656
1.02508
1.10737
0.391442
0.750485
1.49208
1.48065
1.08952
1.30261
0.466178
0.857293
1.36756
0.828116
0.973182
1.07521
0.30777
1.32445
0.69582
1.01299
0.884765
0.627285
0.897704
0.825604
0.751123
0.697887
0.265468
0.26351
0.828121
0.607452
0.264933
0.755912
0.732918
0.647369
0.948926
0.729093
1.06884
1.29914
1.36783
1.01196
0.441783
0.986729
0.407996
0.648317
1.08891
0.506403
1.12529
1.21695
1.16109
0.707385
0.337169
0.590953
0.529517
0.465796
1.40942
0.518837
0.584992
0.9843
0.681054
0.681994
0.822274
0.680319
1.36896
1.07076
0.906954
1.08728
0.883524
1.21184
1.31264
1.55476
1.07269
1.21334
1.00085
0.869879
0.940852
0.346277
0.468021
1.13464
0.815452
0.841267
0.414224
0.934357
0.616556
0.616058
1.16587
1.01199
1.49631
0.490353
0.403569
1.16297
0.525279
1.00002
0.648796
1.10384
0.765157
1.05886
0.362973
1.38568
1.37491
0.848983
0.861696
0.68301
0.86292
0.781704
0.725968
1.17554
0.949697
1.32217
0.755759
0.790542
0.563863
0.745863
0.582915
1.08072
0.473811
1.43025
0.362139
0.675092
0.666406
1.27307
0.519917
0.85116
0.77041
0.868449
0.586418
1.05277
0.468472
1.35607
0.844739
0.705062
1.31568
0.687829
0.772064
1.09782
1.02902
0.735191
0.798074
1.08033
1.00325
0.709717
0.483715
0.541407
1.41125
1.16617
0.982629
1.01655
0.660718
0.914183
0.744836
0.787764
0.197742
0.339704
0.734054
0.988539
0.578182
1.00198
1.10852
0.912553
1.13186
0.593908
0.878054
0.768713
0.727015
1.00824
0.748951
1.50299
0.625647
0.346271
0.958658
0.315653
0.870264
0.983808
0.381313
0.305462
0.389739
0.594575
1.1524
0.854686
0.542487
1.07474
0.811277
0.941468
1.19605
1.18778
0.635855
0.694839
1.1965
1.47299
1.0026
1.47583
1.48599
0.62357
0.741745
0.703907
1.17996
0.254704
0.963704
0.790096
0.739907
1.31645
0.644151
1.35614
0.503179
0.543111
0.646322
0.449637
1.26234
0.907278
1.49395
1.005
0.33758
0.396293
0.555777
0.893666
0.516417
1.33805
0.816395
0.486389
1.33417
1.05728
0.61038
0.785961
0.468938
1.53039
0.874549
1.08652
1.53868
1.07891
1.4115
0.359222
0.549053
0.575257
1.05814
1.21714
0.458715
0.161946
0.880223
0.935044
0.333397
1.0783
0.884217
0.682051
0.964793
0.909787
0.582721
0.510425
0.514131
0.993296
0.448571
1.31894
1.22568
0.568885
0.571116
1.38861
0.864304
0.27325
1.03358
0.912538
0.917446
1.31379
1.51864
0.728339
0.643337
0.795371
1.21403
0.839698
0.690392
0.589083
0.789017
0.72761
1.23
0.947848
1.21273
1.16142
0.90999
1.3273
1.08542
0.57822
0.434829
0.848043
1.10494
0.389453
1.24281
0.951047
0.903701
0.269784
0.830054
0.328497
1.27728
0.550412
0.553803
0.657462
0.468874
0.506664
1.26144
1.06927
1.21003
1.44878
0.568677
1.54952
0.947966
0.844863
0.882205
0.569512
1.00978
0.485755
0.436911
1.15923
0.680086
1.1939
0.335338
0.914875
0.602009
0.616261
1.09642
0.254981
1.48559
0.81471
1.34653
0.84777
0.74331
1.09631
0.749115
1.19065
0.851135
0.844599
0.481768
1.53996
0.417818
0.803406
0.779956
1.04754
0.949815
1.14654
0.885776
0.871875
0.694271
1.17563
0.496515
0.850048
0.563121
0.469697
1.145
0.566899
1.21296
0.838427
1.01452
1.54824
0.950764
1.52262
1.40576
1.14215
1.36633
1.13803
0.984356
0.827058
0.304047
0.50759
1.33045
0.374759
1.19947
0.986521
1.17328
1.12955
0.985508
0.920025
1.38534
0.927915
1.385
0.582703
1.08306
0.618534
0.95609
0.58745
1.38711
1.01397
0.802091
0.803418
0.705267
1.54785
0.583975
0.847094
0.605725
0.48827
0.821122
0.827842
1.17115
0.864255
0.465881
0.333226
0.985151
0.614035
0.902792
0.762163
0.698573
1.09469
1.03866
0.789608
1.11893
0.972222
0.769076
0.79777
1.2025
0.226808
0.75938
0.491216
0.771975
0.644442
0.633232
1.46369
0.334898
0.890843
1.2803
0.986462
1.12309
0.71233
0.572319
0.921441
1.01299
0.741977
1.10129
0.610543
0.895888
0.499352
0.743533
1.14426
1.02044
1.4708
0.488989
1.04341
0.928139
0.888084
1.24751
0.449623
1.06749
1.05296
1.27454
1.53625
0.945466
1.20567
1.02866
1.05821
0.514639
0.624295
0.732977
0.255252
0.466654
0.1886
1.09704
0.42882
1.12616
0.487691
1.2677
1.42689
0.500839
0.780483
1.47867
0.66901
0.309335
0.926493
0.333789
1.52029
0.757535
1.11651
0.400996
0.771602
0.81089
0.862406
0.48418
0.401585
1.46408
0.260301
0.704757
1.21629
0.823482
0.766956
1.35016
1.35678
1.17525
1.54746
1.2118
0.294218
0.74026
1.06263
0.124789
0.741136
0.301328
0.87252
1.08859
0.379945
1.5514
1.14786
0.960265
1.56231
1.43355
1.10201
0.43269
0.910262
1.50603
0.712707
0.766084
0.180365
0.840148
0.796313
1.02367
1.22324
1.45114
0.748766
1.05096
0.370672
1.27023
0.407519
0.848898
0.907276
0.745497
0.0974457
1.29163
0.907871
0.867392
1.13305
0.855223
0.904189
0.775886
1.36217
0.93231
0.997098
1.30828
0.878731
0.598298
1.07222
0.466645
0.814367
0.6537
0.537566
1.30505
1.166
0.757852
1.20882
0.884844
0.669638
0.964562
0.312336
0.774606
1.24967
0.391587
0.781727
0.620849
1.17743
1.03179
1.54584
0.21706
0.707646
0.749441
0.83456
0.676009
1.18367
0.475669
0.849962
0.388212
0.812683
1.45426
0.905432
0.603062
1.00838
1.13098
0.874035
0.677484
1.12156
0.733072
1.05549
0.996477
1.07522
0.882517
0.944542
0.652536
1.19155
0.575846
1.38753
0.829915
0.599161
0.549574
0.170736
1.28451
1.10782
1.20439
0.766916
0.33559
0.599049
0.775295
0.573895
0.588657
0.868738
1.25545
0.728958
0.421099
1.4106
0.522507
0.463663
1.17938
0.639488
1.14139
0.490119
0.834556
0.380081
0.560299
0.479948
0.740547
1.2213
1.14477
1.18025
0.46708
1.23214
0.264878
1.01564
0.855074
0.224284
1.21188
1.15488
1.02818
1.39802
1.18805
1.09605
0.252796
0.856858
0.875594
0.763844
0.294851
0.591009
1.11048
0.750822
1.05162
0.192467
0.759892
0.591739
1.42212
0.626908
1.22237
0.513943
0.476809
1.18684
0.224338
1.29155
1.12385
0.881158
0.798637
0.848704
0.468013
0.743881
1.14201
0.833259
0.959694
1.29753
0.924811
0.362252
0.251028
0.702049
0.948719
1.43205
0.927568
1.10288
1.11275
1.52912
0.742822
0.761545
0.781485
1.36296
0.457836
0.558169
0.978875
0.530363
0.488424
0.513604
0.490998
0.953291
0.643503
1.45289
0.575253
0.947256
0.442326
1.18104
0.734431
1.36432
0.921826
1.17604
1.33434
1.09309
0.944896
0.460657
0.878848
0.184746
0.583141
1.2442
0.639597
0.74518
0.850308
0.923415
1.12195
0.88282
0.284736
1.23945
0.233266
1.0365
0.876167
0.596868
0.44982
0.222499
0.604533
0.846679
1.38558
1.54127
1.03174
0.411653
0.91347
1.12177
1.11904
1.34476
0.534108
0.357067
1.35445
1.10847
1.44805
1.16258
0.660641
1.37197
0.727957
1.5345
0.94918
0.976652
0.776435
0.869652
1.04026
0.495879
0.46709
0.716809
0.778437
1.50163
1.33794
1.33435
0.445082
0.424782
0.833254
1.43781
1.38022
0.676625
0.372417
1.12592
0.655004
1.12416
0.926985
1.14498
0.77157
0.657312
0.753072
1.24128
0.725472
0.887919
1.36871
0.429516
1.05684
0.455791
1.42164
0.905128
0.786804
1.4069
0.54118
0.823322
0.574215
0.7532
0.300698
1.01505
1.08937
0.581411
0.189563
1.21822
0.604686
1.23613
1.1354
1.11922
0.570739
0.918337
1.1097
0.594393
0.938409
0.548031
1.03626
1.08184
0.679932
1.047
0.778206
0.680543
0.957586
0.79456
0.844567
0.815271
0.75472
0.66141
0.344105
0.955161
1.20613
1.30003
0.718718
0.358548
0.959943
0.859049
1.04222
0.66479
1.2378
0.987088
0.941579
0.449068
0.770991
0.299936
0.521722
1.0575
0.708887
0.381397
0.631605
0.768428
0.979305
0.911825
0.437457
0.991924
0.464825
0.657469
0.603274
0.867237
0.472118
1.2996
1.0145
1.40878
0.851137
0.968505
1.03727
0.902135
1.05798
0.408452
0.567199
1.0651
0.166313
1.34601
0.926988
1.14744
0.936958
0.67151
0.83375
1.43853
0.917726
0.163948
1.00008
1.29963
0.936075
1.07923
0.343635
0.734929
0.452636
1.25777
0.457154
0.52746
0.837356
0.817639
0.58237
0.93578
0.83319
0.269863
0.235286
0.324416
0.794162
1.0282
0.193259
0.694201
0.918925
1.28365
0.949657
0.695564
0.778393
0.377036
1.02451
0.535795
1.4188
1.11591
1.03053
0.944369
0.376763
0.70821
0.498051
1.15863
0.830462
1.10309
0.954457
1.29396
0.388403
0.908516
0.838824
0.901885
0.472631
0.629922
1.44202
0.417572
1.14922
0.234671
1.04429
0.32761
0.197651
1.12717
0.550728
0.349333
0.860877
0.84698
0.892514
0.35179
1.41789
0.723997
0.733432
0.732984
0.734533
0.724116
0.921748
0.995486
1.03138
1.54253
0.752632
0.493579
0.74549
0.638118
0.442175
0.52278
0.524054
0.862944
0.903245
1.20913
0.792938
1.19097
1.33458
1.06195
1.01856
1.29019
1.10498
0.568814
0.961147
0.758342
1.10502
1.2747
0.954261
0.214312
0.392981
1.02503
1.05642
0.555364
0.518736
0.725437
1.01602
0.505431
0.620505
0.529384
0.932185
0.696629
0.797821
0.705156
0.40295
0.321612
0.23441
1.44599
0.988681
0.850515
1.48778
0.825608
1.13705
0.461764
0.489296
0.376141
0.893125
1.33373
0.651967
1.02014
1.23882
0.904615
1.19857
0.597549
1.07823
0.551992
0.710772
0.451601
0.830103
0.95359
0.635883
1.11731
0.604479
1.44134
0.681025
0.534706
0.699388
0.519254
0.589514
0.484375
0.320662
1.03198
0.764559
0.327254
1.01986
0.41326
1.05036
1.07653
0.583567
0.587565
0.441672
0.421971
0.703572
0.655906
0.908585
1.17194
0.779596
1.4774
0.357465
1.28353
0.828249
0.239663
1.03672
0.849629
0.602733
1.06715
1.29652
1.09872
0.977312
0.82192
0.553752
1.23005
0.799409
0.953204
0.288845
1.13202
0.672654
0.578141
0.213183
0.606698
0.951157
0.946701
0.226502
1.01638
0.311999
0.554811
0.594145
0.905736
0.506491
0.581858
0.824398
0.776329
1.42073
0.533715
1.10343
1.08761
0.574239
0.608145
0.351335
1.55208
0.533274
0.719272
1.14547
0.241559
1.34088
0.769202
1.49161
0.909399
0.401831
0.961093
1.03217
0.986625
0.998113
1.32096
0.862792
0.630363
1.15922
0.783505
1.11286
0.738432
0.46953
0.826565
1.17633
1.32349
1.17956
1.29455
0.547356
1.11093
0.690197
0.860832
0.794871
0.30558
1.22899
0.267037
0.647468
1.14901
1.44936
0.824848
0.86607
1.20391
0.65798
0.47037
0.891886
0.865307
0.563576
1.43184
1.23641
1.08642
0.516159
1.331
0.676597
0.679741
0.630336
0.460395
0.653126
1.42621
0.985419
0.712593
0.986251
0.703889
0.30348
0.503309
1.29947
0.843758
0.818113
1.02453
0.914582
0.51684
0.424475
0.33987
0.901821
1.26683
0.614747
0.587248
0.521219
0.698812
1.17003
0.648547
0.848967
0.818492
0.652687
0.701462
1.35049
0.883658
0.746282
0.548603
1.31527
0.440381
0.466781
0.94046
0.687772
0.153198
0.690862
1.04774
1.47468
1.45281
1.10134
0.659577
0.403074
1.09559
0.469314
0.887496
0.676762
0.882587
1.1248
0.420015
1.08577
1.09714
0.595512
1.18296
0.455832
0.988112
0.707833
0.531977
1.03296
1.32415
0.354987
0.973536
1.06594
0.847582
0.541078
0.775344
0.965756
0.510034
0.731598
1.44221
0.841379
1.15029
1.23979
0.796627
1.29728
0.646442
1.00154
0.862528
0.827627
0.594081
1.19281
1.00809
0.893662
1.14891
0.356082
0.828031
1.52085
0.312861
0.339966
1.08979
1.5415
1.15295
0.919788
0.188148
0.800526
0.803202
0.466943
0.333383
1.06368
1.13753
0.453552
0.603259
0.847453
0.629196
1.0736
0.792804
1.26088
0.759834
1.15897
0.879496
1.02221
0.94655
0.823979
0.851979
0.817957
0.642824
0.292296
0.769601
1.41532
0.963245
0.825901
0.230879
1.06436
1.3844
0.447546
0.722516
0.905212
1.2504
1.14075
1.47438
0.50928
0.612674
0.557325
0.768413
0.585107
0.915981
0.682339
0.806719
0.754642
0.538037
0.289131
0.957075
0.812816
0.735679
0.605501
0.93773
0.667097
0.503353
1.49414
1.13839
0.3088
0.51968
0.406212
0.716869
1.38491
1.01578
0.709026
0.535985
0.625211
1.13993
1.02548
0.566928
1.02655
0.586586
0.81465
1.48991
0.914216
0.726881
0.380467
1.43044
0.264407
1.21011
0.614083
1.47029
1.231
1.06941
0.917975
1.05188
0.836756
0.604602
0.907808
0.424439
0.45089
1.46428
0.752539
1.5126
0.925972
1.4066
1.20748
0.547946
0.422042
0.777817
0.481547
0.978566
1.07199
0.710224
0.933947
1.04512
0.755836
0.687645
1.13398
1.00299
0.406773
0.771951
0.857686
1.02342
0.49615
1.28053
0.662835
1.16409
1.34443
1.04887
0.411659
1.23303
0.462544
1.01732
0.859184
0.756638
1.11494
1.37865
0.963607
1.07839
1.07538
1.21393
0.337126
0.434649
0.932697
0.70695
0.346786
0.876159
0.921202
1.17234
0.346819
0.31696
1.49211
0.839098
0.35876
1.32875
0.944434
1.12069
0.726621
1.07945
1.15701
1.16831
0.706488
0.901868
0.641194
0.983356
0.726667
0.797112
1.09377
1.20542
0.270901
1.1962
0.553158
1.10199
0.823079
1.16207
1.21746
0.980488
1.2377
1.40064
1.27226
0.557546
0.884185
0.762417
0.447084
0.828003
0.981892
1.38068
0.725184
0.619878
1.20726
0.418927
0.257437
0.626535
0.879483
0.718905
1.23369
0.867692
0.847937
0.694762
0.259204
0.640422
1.2388
0.803847
0.159941
0.403756
1.20126
0.461709
0.651343
1.2488
1.01999
0.700718
1.42477
1.391
0.429968
1.06317
0.386721
1.11181
0.631176
1.19881
1.0099
1.05967
1.13969
1.01104
0.4303
0.846783
1.05839
0.764522
0.728193
0.507888
0.854542
0.442651
0.505294
0.835582
1.11586
0.233061
0.814568
0.349356
1.24042
0.828534
0.761478
0.888038
1.16687
0.776011
1.3434
0.650801
1.25367
1.08546
1.02352
1.17112
0.624362
0.709304
0.516066
0.426041
1.19819
0.725562
1.18228
1.20881
1.49759
0.583034
1.14897
0.745402
1.38553
1.02571
0.999938
1.19102
0.985147
0.667699
0.998242
0.671441
0.384531
0.68184
0.699388
1.07959
0.90564
0.719615
0.857477
1.23732
0.17821
0.745334
0.958474
1.43336
1.1433
1.03886
0.666986
0.556316
0.624099
0.766576
1.11893
0.934353
0.342355
0.853438
0.680847
0.814729
1.18025
1.17575
0.683697
1.315
0.824318
0.852001
0.226367
1.37346
0.666406
0.731633
0.937831
0.677714
0.577606
0.559152
0.525089
0.551297
0.767613
1.25457
0.797901
0.32589
0.828758
1.26044
0.469358
0.624425
1.08345
0.99723
1.0689
1.0763
1.31576
0.988395
0.720914
0.523109
1.05821
1.08243
0.946028
0.89482
0.540412
0.927859
0.627899
0.479367
0.706679
1.09962
1.53606
0.737901
0.612177
0.302228
0.157166
0.616193
0.899988
1.17953
1.43306
0.721798
1.54188
0.557926
1.28107
0.336711
0.856006
1.07924
0.419938
1.16829
0.980486
0.782979
1.32281
0.671864
1.06468
0.292641
0.708148
1.39888
0.108272
0.126031
1.22182
0.72852
1.16161
0.597451
1.04985
1.34174
0.132058
0.57382
0.524779
1.11871
1.51515
0.521451
1.05037
0.77982
0.282227
1.09897
1.37328
1.47587
0.851908
1.41334
1.09315
0.894611
1.17711
1.44738
0.641124
0.62535
1.19215
1.10258
1.26475
0.494098
1.12107
0.846196
1.03224
0.658502
0.823476
0.477055
0.717007
1.3046
0.647781
1.20751
1.02275
0.545244
0.390151
0.991738
1.01968
0.983756
1.5474
0.933015
0.527108
0.234909
0.462787
0.64317
1.0487
0.800998
1.27079
0.770357
0.401472
1.32497
0.48234
1.01037
1.07273
0.404189
1.347
0.630987
0.906941
0.915423
1.39733
0.867769
0.979371
0.892124
0.965661
1.34689
0.739329
1.41238
0.704988
0.569404
1.10697
0.636294
0.579509
0.71892
0.554354
0.50305
1.49442
1.49811
0.284783
1.24735
0.494713
1.00894
0.735193
0.517495
0.453354
0.704848
1.04844
0.238755
0.567961
1.25364
0.549308
0.730587
0.726684
0.985007
0.795912
1.52506
0.707698
1.20696
0.978389
1.53009
0.466019
0.29865
1.014
0.319703
0.613599
0.599396
0.979753
0.791387
1.51579
1.15976
0.3339
0.322696
0.844819
0.749156
0.615731
0.496163
1.16126
0.819407
0.612579
0.752584
1.04314
0.865115
0.954795
1.30048
0.582167
0.471977
0.583674
1.21793
1.35147
0.94312
1.36247
0.466179
0.537781
0.397623
0.752001
0.901769
1.29792
0.996002
0.577733
0.52684
1.13368
0.825478
0.357008
0.60593
0.520717
0.969468
0.95773
0.79095
0.933934
0.702374
0.553511
1.13102
0.358944
1.34824
1.3006
0.810659
1.55875
0.816803
1.26158
0.482414
0.393936
1.27928
1.18601
0.643304
1.20377
0.76649
0.874533
0.478691
0.992246
1.05935
0.683345
0.717755
1.21374
0.664486
0.858634
0.283117
0.883061
0.928911
1.42539
0.809519
0.660399
0.67477
0.705154
1.4805
0.445562
0.516449
0.678153
1.47651
1.43724
0.759745
0.9758
1.11068
0.762252
0.53441
0.214704
1.05629
0.435466
1.40088
1.50571
1.20851
1.27612
0.392842
0.861525
0.95044
1.10184
0.332323
0.404083
1.54997
0.358357
0.870678
0.891632
0.692258
0.347477
0.505451
0.712802
0.569775
1.5609
0.825447
1.45979
0.687178
1.10941
1.15037
1.31526
1.38723
1.25864
1.07838
0.863214
0.35905
0.957803
0.872151
0.882259
0.653616
0.795862
0.733233
0.894662
1.23263
1.2009
0.673118
1.19716
0.560957
0.397425
1.01789
0.599561
1.28615
0.821327
1.42792
0.814134
0.92704
1.55945
0.637331
0.567203
0.741983
1.01751
0.365551
1.42421
0.409771
0.271133
0.991385
0.687807
0.864282
1.33836
0.0900691
0.816078
0.354033
0.312403
0.680534
0.659708
0.586564
1.40096
0.871101
0.732749
0.681261
0.823222
0.754711
1.02635
0.97898
0.316493
1.55981
0.485743
0.751026
0.528848
0.826409
1.08882
1.01743
0.815928
1.23017
0.828847
0.501118
0.455176
0.925412
0.849845
0.821878
0.38703
1.24059
0.676424
1.03442
0.896963
0.842888
0.905255
0.854562
0.774299
0.74064
1.05085
1.4004
0.710426
0.982207
1.08351
1.40612
0.682068
0.819094
1.09183
0.590172
1.04009
0.451985
0.553141
0.730828
0.551364
0.809049
1.39262
0.754306
1.4937
0.425375
1.02604
0.971162
0.735649
1.04703
0.529058
1.4258
1.01546
0.384033
1.34129
0.52431
0.743451
1.48128
0.719251
0.834274
1.07012
1.01339
0.144578
0.976003
0.843505
1.06961
1.27927
0.559714
0.70757
0.688254
0.733767
0.553904
0.961193
0.692085
0.846094
0.499124
0.882804
0.616676
0.922777
0.621578
0.726771
0.789896
1.19057
0.446295
0.779129
0.522412
1.36192
1.35607
1.51112
0.742339
1.2894
0.57084
0.453426
0.906659
0.961306
0.402411
0.422269
1.33797
1.26403
0.642095
1.31968
0.426476
0.876861
1.01102
1.31697
0.488641
0.44947
0.828548
0.643308
0.890417
0.915656
1.2498
0.948571
1.32559
0.823346
0.777231
1.54798
0.509557
0.448744
0.431106
0.412704
0.729324
0.284828
0.671409
0.306644
1.10807
1.13242
1.10125
0.852936
1.01397
0.504259
1.22732
1.12875
0.891311
0.902912
1.38687
0.625934
0.753655
0.619783
1.13939
0.963112
1.0822
1.00759
0.262571
1.11314
0.491543
1.35321
0.597155
0.876042
1.13038
0.9535
0.635622
0.804588
1.25382
1.46404
1.25039
0.680427
1.05991
0.967012
1.0783
1.18557
0.564898
0.548786
1.08303
1.27862
0.908466
0.591822
0.431373
0.370907
1.20347
0.699898
0.934689
0.874191
0.999077
0.885726
1.40368
1.01979
0.88562
1.35172
0.188148
0.664887
0.821042
0.83841
0.637283
0.7925
0.31672
0.428213
0.950701
0.811633
1.40559
0.88142
1.34735
0.673365
0.866223
1.30128
0.790871
1.18317
0.519301
0.757441
0.250229
0.456128
0.858406
0.537629
0.786882
0.487795
0.873462
0.951844
0.468023
1.28759
0.383679
0.961213
1.47161
0.619775
0.703275
0.530394
0.969018
0.684236
0.81885
0.941929
0.568047
0.168717
0.999083
0.46169
0.730926
0.204464
1.3083
1.10308
1.12441
0.358653
1.14341
1.42001
0.50843
0.78379
0.736211
1.01945
0.237108
0.713171
0.438716
0.495319
1.36077
1.09093
0.563872
1.27749
1.293
1.28049
1.26921
1.22252
0.137611
0.531452
0.982568
1.3654
0.489744
0.527315
0.199893
1.14222
1.31237
0.708354
1.14825
0.465975
1.53575
0.755919
0.924084
0.371632
1.01651
1.01507
0.68283
0.607137
0.543383
1.01713
0.535998
0.737369
0.590882
0.741352
0.46364
1.30376
1.24871
0.898406
1.47026
1.28623
0.154472
0.370585
0.223396
1.04432
0.668996
0.983288
1.32554
1.42944
0.959972
0.907405
0.439897
0.469862
0.936969
1.42578
0.697716
1.14251
1.40842
1.52696
0.808796
0.88195
0.40612
0.449601
1.13556
0.744608
0.535676
1.42682
1.07392
0.675884
0.786006
0.54306
0.693127
0.909771
0.408771
0.833003
1.35495
0.297571
0.418638
0.559903
0.358173
1.30585
1.40292
1.0489
0.242577
1.27117
0.716614
0.893784
1.30388
0.645933
0.751712
1.29675
0.557809
1.15387
1.00039
1.01312
0.839818
0.9473
1.26
0.917946
0.941181
0.791207
1.20775
0.443015
1.1894
0.664596
0.473524
1.35625
0.749034
1.02879
1.18739
0.554752
1.16351
1.09234
0.999115
0.641438
1.023
0.249043
1.46319
1.42925
0.945603
0.959831
1.2942
0.361029
0.336128
0.103055
0.462844
0.719968
0.960898
0.760404
0.372706
1.03839
1.29639
0.459561
0.82791
0.19135
0.851151
0.636002
0.718041
0.782829
0.962628
1.04015
1.31349
0.445175
1.25126
0.730386
0.742683
0.33528
1.10127
0.862262
0.786257
0.996274
0.677409
1.22325
0.891255
1.18028
1.41097
0.139508
0.734474
1.00908
1.22535
0.88149
0.810758
0.43249
1.06497
1.2808
0.306146
0.912028
1.55957
0.826851
0.599014
0.782485
1.1363
0.647911
1.38263
0.55014
1.01696
0.640096
1.47325
0.903707
0.400168
1.22851
0.954401
0.393509
0.435246
0.618437
1.00717
1.19197
0.541969
0.375915
0.550687
1.34497
0.329457
1.20361
1.42422
1.14069
1.26855
1.51239
1.00483
0.528848
0.38255
0.775967
1.08865
1.0098
1.22713
0.364637
1.37973
1.25097
0.926354
0.769852
0.875268
0.712689
1.34661
0.491793
1.1559
0.721364
0.778861
0.873584
0.367788
0.602451
1.18067
0.669516
1.09732
1.10977
1.07292
0.447598
1.05069
0.745372
0.788236
1.20378
1.35261
1.52016
0.612273
0.643495
0.315141
0.574034
1.45473
0.385941
1.06979
0.770161
0.91667
0.887353
1.28113
0.831755
0.975562
0.486435
0.974199
0.435962
1.55735
1.01527
0.420319
0.814257
0.864894
1.02971
0.579669
0.826783
0.636908
0.923786
0.851228
0.755987
1.34858
0.528386
1.29103
1.47178
1.07083
0.748257
1.56803
0.631135
0.478105
0.748451
0.653866
1.06589
0.491276
1.02903
1.1656
1.15413
0.348422
1.47944
0.389834
0.458794
0.637661
0.612612
1.36758
0.614826
0.743648
0.901124
0.673352
0.199875
0.942786
1.26824
1.4008
0.532225
1.32085
0.369863
0.567843
0.353809
0.391811
0.411422
0.259953
0.799711
0.261305
1.55589
0.971952
1.0406
0.775939
0.885372
0.93415
1.52502
0.989687
0.887347
0.759509
0.429057
0.466151
0.918843
1.03579
1.50806
1.14758
0.810899
1.04267
1.22413
0.953725
1.09255
1.13072
1.47143
0.903325
1.22341
1.24316
1.0925
0.82759
0.950082
0.800512
0.742297
1.04661
1.0002
0.412828
1.49989
1.00992
1.23173
0.679633
0.135029
0.870299
0.537605
1.06339
0.755073
0.940095
0.951907
0.30149
0.774745
0.706012
0.881106
0.692412
1.2711
0.267824
0.611595
1.02135
0.837589
0.805385
0.819809
1.55415
1.26538
0.65477
1.01604
1.31732
1.48521
0.802882
1.09574
0.662496
1.27168
0.763949
0.978134
1.15913
1.12314
0.906598
0.731924
0.485078
0.450045
0.677396
0.313754
1.03561
