0.596852
1.43515
0.775492
1.28439
1.35493
0.5588
0.393434
0.525414
0.913434
1.10278
0.934935
0.649871
0.74469
0.678845
0.827304
0.843427
0.411865
0.474385
1.08566
0.782634
0.922362
1.13478
1.34266
1.3458
0.802234
1.18445
1.00695
0.861046
1.1031
0.63396
0.94957
1.34838
0.573249
0.798114
0.756483
1.27399
0.585407
0.58701
0.671669
0.576463
0.778719
0.413784
0.244216
0.997492
0.553125
0.534687
0.765099
0.81633
0.523985
0.719073
1.34843
0.87338
0.926148
0.853587
0.985464
0.534185
1.13842
1.04568
0.35059
0.920282
0.811136
0.394109
1.0214
1.01067
1.30749
0.635548
0.977443
0.888716
1.30974
1.03484
0.998846
0.385851
0.733814
0.713522
1.24405
1.35782
0.963252
0.616584
0.989961
0.131418
0.31547
0.785801
0.492317
0.738857
1.00034
0.865234
0.499089
0.605934
0.290957
0.866338
1.11901
0.859688
1.13604
0.874729
1.23852
0.50104
0.944071
1.00304
0.618076
0.599767
1.21761
1.31975
0.839235
0.433433
1.32517
0.788638
1.07026
0.665392
0.425521
1.09175
0.938198
0.746497
0.93227
0.484737
0.589574
0.969103
1.40557
0.569093
0.853673
1.09153
1.23392
0.688257
0.374315
0.729508
1.5344
0.569054
1.56696
0.520858
0.596466
0.849418
1.0915
1.08421
0.567534
0.859504
0.363925
1.18362
0.735767
0.569653
0.612179
0.758799
0.228025
1.43105
0.865327
1.55464
0.855024
0.573756
0.424945
0.434374
0.533525
0.784052
0.183056
0.542623
1.17924
0.649278
1.06046
0.378523
0.385516
0.528316
1.05313
0.453687
0.620811
0.628235
1.34749
0.850627
1.19598
0.522677
0.757901
0.576251
0.383882
1.07546
0.865426
0.985284
1.12993
0.976081
0.714526
1.47389
0.310988
0.541082
0.746265
0.666931
0.483709
0.924785
0.139891
1.22353
0.56099
0.521462
1.21228
0.539346
0.397919
0.883037
1.33558
0.938874
0.803264
0.402764
0.7688
0.276772
0.297259
0.58855
0.518622
0.886373
0.990486
0.500718
0.938713
0.719368
0.781908
0.370083
1.4997
1.13431
1.1926
0.808464
0.279299
1.31663
0.506274
0.793445
0.358612
1.14883
1.28182
1.4294
0.64294
1.46385
1.27869
0.766297
0.512101
0.761293
0.812961
0.903529
0.648246
0.914877
0.354322
1.0934
1.01765
1.31445
0.833301
0.566815
0.395984
0.403786
0.99279
1.26453
0.46179
1.14307
0.435405
1.27762
0.739202
0.354269
0.40922
0.361842
0.750475
0.479837
0.914247
0.738388
0.652168
0.645393
0.770538
0.406533
0.866169
0.592559
0.946695
1.03596
1.46247
1.05214
0.369305
0.729154
0.814054
0.74923
0.958336
0.609017
0.708266
1.45758
0.261552
0.382851
0.399697
1.05465
0.942216
0.760052
0.754803
1.08311
1.02099
0.84208
0.725198
1.04666
0.88347
0.711897
0.824404
1.20905
1.40098
1.08195
1.3421
1.05878
0.514799
1.20725
0.383999
0.572301
1.26263
0.929543
1.33272
0.415654
0.5154
0.943487
0.422456
0.532974
0.433804
0.247822
1.3927
0.796054
0.429842
0.474909
1.4897
1.20505
1.14109
1.46661
0.866738
1.06552
1.28247
1.35315
0.286108
1.20414
0.769786
0.667534
0.322963
1.21729
0.558422
0.957974
0.536311
1.09482
1.30301
0.317103
0.329976
0.929525
0.309156
0.287324
0.876503
0.708261
0.824686
1.48252
0.354218
1.42281
0.491729
0.475696
1.00286
1.04413
0.962325
0.146013
0.465429
1.34528
0.626122
0.466681
0.508358
1.07102
0.70197
0.879972
0.801092
0.603464
0.349558
0.906282
0.837772
0.536333
0.872165
0.467746
1.26764
0.714601
1.0189
1.04989
0.808598
0.639574
0.939075
1.16682
0.787297
0.745216
0.881405
1.54759
0.832109
0.833431
0.82544
0.478541
1.15295
0.791524
1.42352
0.876426
0.914395
0.841084
0.796042
0.975593
0.302651
0.79331
1.05222
0.608117
0.542101
0.98243
0.760848
1.3672
0.942373
1.02944
0.798492
0.745874
1.12175
0.574593
0.545543
1.28533
0.85736
0.21101
0.490574
0.835621
0.36099
1.53224
1.19613
1.08131
0.811929
0.926905
0.26673
1.11873
0.672391
1.04688
1.41125
0.723175
1.50983
0.965961
0.951365
0.885051
1.27341
1.16608
0.555263
1.28568
1.17265
0.665143
1.08736
1.04112
0.761494
0.487898
0.88999
0.292796
1.22516
0.884336
0.385333
0.242782
1.23214
0.89981
0.906198
1.01269
0.958189
1.20595
1.42079
0.630985
0.36362
1.37224
0.868391
0.457244
0.732889
0.223504
0.899307
0.487784
1.39782
1.18656
0.817075
1.04932
0.955661
0.964706
0.966103
0.666608
0.654385
0.624863
0.607975
0.787983
0.564713
0.847061
0.927987
1.41197
1.23108
0.524999
0.204851
0.537543
0.858309
0.897256
0.863588
0.290233
1.10563
0.414035
0.242269
1.03594
0.723194
0.85603
0.618905
0.746484
0.588768
1.31565
0.715163
1.47061
1.27
0.569775
0.807986
0.86569
0.360789
1.2097
1.07796
0.553766
0.596248
0.860734
1.05761
1.34102
0.664503
0.375623
0.864068
1.16792
1.40049
0.496695
0.91804
1.46515
0.775902
0.399445
0.890022
0.794642
0.47405
0.711981
1.12024
0.71225
0.785175
0.837087
0.784976
0.603718
1.04183
1.34063
1.16033
0.320348
0.351164
1.38491
1.10023
1.04349
0.319023
0.182584
0.584421
0.929699
0.923486
0.356678
1.07883
1.15368
0.256321
0.713859
0.962504
0.750388
0.325297
0.463626
0.371748
1.21109
0.511102
0.73774
1.14867
1.0385
1.20543
1.06199
0.991279
0.696225
0.861108
1.16028
0.863907
0.855807
1.3733
0.322598
1.35116
0.39737
0.851422
0.667626
0.262081
0.929892
0.459805
1.19469
1.12069
0.671955
0.708725
0.370445
0.741232
0.588112
0.758554
0.92129
1.38997
0.733976
1.50611
0.576
0.769203
1.55759
1.01312
0.610137
0.306352
1.22337
0.526525
1.28865
1.21185
0.568596
0.617692
0.960501
1.23555
0.502318
0.479622
0.433927
1.05307
0.586977
0.474601
0.988071
0.399539
0.417534
1.08454
0.689979
0.871782
1.25522
1.10329
0.858155
0.928265
0.640654
0.77646
0.816388
0.830988
0.714669
0.773831
0.240145
1.24993
0.65531
1.14628
1.36014
0.457127
0.732295
1.04309
1.02398
0.891766
0.827128
1.34445
0.988732
0.241918
0.455402
0.52892
0.571748
0.653194
1.00737
0.932294
0.813538
1.11504
0.900044
1.50964
0.39639
0.962156
0.808754
0.46888
0.92221
0.682998
0.483649
1.1128
0.115195
0.18717
1.03784
0.83703
1.5318
0.223456
0.997858
0.986653
0.667963
0.5798
0.782015
0.533829
1.28781
0.113237
0.657063
0.522771
1.32376
0.579415
1.12185
0.857246
0.919314
0.520338
1.18647
0.543441
0.54608
1.33733
0.459698
1.27105
0.879773
0.997387
1.30945
0.914591
0.605148
0.862434
0.864603
1.31067
0.625667
0.598217
0.578652
0.523519
0.934738
0.890804
0.773736
1.18501
1.45442
0.465941
1.00178
0.392513
0.261649
1.15668
0.533561
0.723379
0.609423
0.922717
0.871741
0.25165
0.687791
1.11406
0.962791
0.679441
0.718901
1.4749
0.749176
1.07448
0.454712
1.56189
0.923754
0.690065
0.402325
0.517044
1.38087
0.893979
0.557606
0.538107
0.333977
0.241539
0.730539
0.480814
1.15009
0.660148
0.931496
0.901285
1.0797
0.373659
0.663807
1.11558
0.481024
0.782616
0.856175
1.33488
0.706426
0.245322
0.462668
0.633278
0.740974
0.899509
0.920862
1.2163
1.27825
0.979385
0.477489
0.699022
1.09158
0.323748
0.550347
1.13224
0.538452
1.22799
1.01024
0.892814
1.34752
0.935104
1.1389
0.704515
0.992176
0.614865
1.10384
0.834882
0.886528
0.541081
0.676971
1.32878
0.625237
0.74263
0.759787
0.5685
0.632595
0.707163
0.864198
1.17663
1.56068
0.6686
0.196834
0.271989
0.586641
0.69878
0.530672
0.582219
0.782028
0.717993
1.4272
0.529418
0.84597
0.961137
0.944958
1.39277
1.20478
0.626231
1.03534
0.709323
0.316495
0.772325
0.864873
1.06841
0.468537
1.36637
0.864704
0.811415
0.311594
0.380149
0.51354
0.88206
1.18311
0.524559
1.05244
1.02546
0.364931
1.52007
1.28969
1.03725
0.733455
1.32558
0.84317
1.16527
1.5309
1.31631
0.674836
0.847102
0.424705
0.71957
1.33828
0.289225
0.949876
0.703178
0.40454
0.762147
0.242671
0.674842
0.578399
0.990237
0.524229
0.632672
0.563953
0.258649
0.906751
1.21593
0.706766
0.520921
0.327065
0.841742
0.987032
0.74894
1.44984
0.957134
0.58989
0.543649
0.580401
0.674663
0.668884
0.638767
0.814331
1.39592
0.536876
1.0537
0.791573
0.773919
0.797833
1.56816
0.835064
0.322061
0.39054
1.03936
0.821096
0.533236
1.15278
0.578289
1.14481
0.364342
0.499556
1.09541
0.513933
0.511682
0.703926
1.35391
0.341317
1.14413
0.553987
0.879057
0.905134
0.64152
0.821783
0.418295
0.740397
0.746848
1.00112
0.799549
0.659142
1.04078
0.495562
0.465521
1.26825
0.673699
0.844121
1.06546
0.576451
0.718928
0.556747
0.904616
1.0929
1.18646
0.477431
0.125032
1.42856
1.0612
0.55526
1.18424
0.554784
1.11998
0.82718
0.692019
1.09748
0.861489
0.520124
0.846524
0.885349
0.883018
0.890927
0.825353
0.744346
0.662505
1.1106
1.56858
1.06125
0.308075
1.26199
0.832786
0.736045
0.721325
1.37382
0.914316
0.561632
1.11044
1.10756
1.01042
0.568234
1.45743
0.499053
1.34045
1.1443
0.34258
0.438159
1.2493
0.796463
1.33749
1.03797
1.35887
1.00135
1.35497
0.367393
0.588953
1.23164
1.39649
0.167434
1.13432
1.2866
0.777296
0.932309
0.839619
1.03092
0.769635
1.06551
0.668235
0.739824
1.15811
0.810232
0.440478
0.497772
0.577637
0.413596
0.701423
1.28898
0.997962
0.669809
1.12168
0.447394
0.589576
0.580152
0.662793
0.609782
0.871739
0.397725
0.766464
0.451651
0.99664
1.02987
1.03836
0.59911
1.33178
0.403651
0.584307
0.916757
1.4086
0.967886
0.722076
1.16502
0.713284
0.629629
1.46526
0.793523
0.907435
1.07636
0.877767
0.449242
0.499967
0.273961
1.04326
0.699698
0.876461
0.390108
0.307395
0.66131
0.413791
0.505082
0.649944
0.340506
0.908106
0.83269
0.987713
1.31999
1.12142
0.695355
0.53925
1.37933
1.3162
0.915496
0.782594
0.476525
0.586734
0.973343
0.975489
1.2699
1.41213
1.25854
0.578332
0.600298
0.250505
1.19569
0.870816
1.10284
0.586248
1.05185
0.911004
1.26921
0.605399
0.640119
0.855491
0.722153
0.889246
0.479083
0.557028
1.29786
1.3554
0.620523
0.65319
1.29367
0.844171
1.05708
0.636096
0.895775
1.03189
0.516362
0.790502
0.686107
1.27704
0.638223
0.929343
0.738756
0.915807
0.844113
1.08568
0.522518
0.599925
1.38248
0.593115
0.205458
0.29273
0.979978
0.685631
0.746809
0.799629
0.843455
0.72978
1.26634
0.364791
1.20973
1.23123
1.04187
0.483344
1.49276
0.961896
1.08728
0.500343
0.734237
0.128711
0.88373
1.03413
1.39292
1.03926
0.910005
0.884153
0.436403
0.806623
0.281435
1.1679
1.24634
0.819503
0.602265
1.43418
1.32427
0.905293
1.52638
1.49137
1.48946
0.708929
0.732752
0.597689
0.35956
0.846484
0.478341
0.998227
0.94173
0.275183
1.54466
0.682652
0.687214
1.25612
0.594686
1.27128
1.52335
0.554764
1.26775
0.640632
0.837509
1.01059
1.30957
1.24716
0.873857
1.08578
0.522985
0.51673
0.596165
1.02499
0.460406
0.623381
1.00518
1.18929
0.587132
1.39392
1.06367
1.51984
0.437455
0.618417
0.62745
0.887855
0.514031
0.419058
0.702244
0.679303
0.856685
0.443881
0.823648
0.977742
0.439095
0.475225
0.821064
1.02517
0.481464
1.06079
0.495165
0.424291
0.493699
0.855196
0.426246
0.278063
0.770702
1.10135
0.536906
0.818802
0.420925
0.457447
0.782093
0.801261
0.945146
0.338944
0.850434
0.44585
0.373973
0.999466
0.59429
1.059
0.705534
0.511961
0.881745
0.53955
0.495699
0.613512
1.53075
0.886648
0.499321
0.736306
1.09156
0.356637
0.952914
0.500094
0.575835
0.876311
0.522288
0.678003
1.47714
0.339475
0.930271
0.735159
1.38382
0.669833
1.10037
1.52091
0.660857
1.27504
0.426093
0.201835
0.421335
0.870496
0.521505
0.984939
0.798627
0.959489
0.842167
0.563498
0.927846
0.963605
1.36454
0.318101
0.451267
0.724123
0.906984
0.456748
1.03904
0.578374
0.444064
0.525494
0.794274
0.618695
0.344472
1.12644
0.425443
1.30812
0.546311
0.642032
0.329862
0.780539
0.652653
0.540384
1.26298
0.829636
0.575913
0.515649
1.48652
0.75452
0.525518
0.944204
1.07148
1.42297
0.536539
0.813554
1.44965
1.40789
1.19725
0.560137
0.69912
0.893051
0.766828
0.823877
0.692306
1.07839
1.18572
1.40016
1.25872
0.55709
0.659908
1.10812
0.972557
0.779944
0.56249
0.929102
0.72163
0.595924
0.95494
0.576218
0.678042
1.35098
1.0559
0.697314
0.830776
0.525223
0.829936
1.18426
1.12929
0.717046
0.382534
0.207291
0.901284
0.511878
0.428855
0.533587
0.754418
0.335125
1.38919
1.27153
1.24354
0.811978
1.54547
0.983918
1.23944
1.42529
0.615586
1.0312
0.915456
0.363122
1.10515
0.678876
1.14148
0.697085
0.768802
1.01556
1.27294
0.570453
0.376322
0.556765
0.625426
1.15211
0.98611
0.29086
0.90855
0.939161
0.517743
0.704211
1.15312
0.314247
0.761594
0.962076
0.389736
1.0775
1.09104
0.942763
1.51266
1.21634
0.599984
1.00815
0.767118
1.10181
0.936999
0.332124
0.787826
0.66392
0.360329
0.721491
0.41371
0.857088
1.28454
1.33985
0.763051
0.289489
0.567246
0.598897
0.636787
0.947259
0.590268
0.682352
0.817489
0.311952
0.90506
1.25318
0.97376
0.437307
0.91344
0.606524
1.54442
0.67323
0.919791
0.285381
1.3474
0.801762
0.671469
0.753601
1.17121
0.830975
0.477284
0.840833
0.527161
0.726292
1.34674
0.596679
0.286569
1.0761
0.680201
0.902506
1.35407
1.07855
0.538008
0.963575
0.411582
0.378956
0.686559
1.24254
0.722027
0.730679
1.52962
1.31671
1.19837
0.943649
0.833039
1.00514
0.729522
1.05121
0.842512
1.01923
0.92403
0.511412
1.01078
1.00731
0.546737
0.438229
0.894027
0.621158
0.448918
1.11459
0.984257
0.60422
0.89826
1.385
0.858414
0.444752
1.41714
0.64673
0.643534
0.809369
1.10343
1.00635
1.04199
0.550215
1.00186
0.836547
1.34956
0.648462
1.01934
0.877101
0.508346
0.504659
0.248691
0.605951
1.04126
1.11518
1.24305
0.850609
0.974224
0.39322
1.36978
0.902189
0.633384
0.966055
1.42592
1.12585
1.02398
0.616427
0.974197
1.21554
0.946211
0.911331
0.746625
1.47581
0.417919
0.996966
0.772972
0.617673
1.46888
0.599617
0.966031
0.465809
1.39888
1.50645
1.09684
0.426831
1.27847
1.12161
1.50676
0.589932
0.783245
0.598054
0.752416
0.468872
0.52245
0.831469
0.579823
0.723594
1.02261
0.936444
0.915037
0.453486
1.31799
0.462112
0.774773
0.971893
0.811278
0.978872
1.34913
1.24956
0.496449
1.2312
0.362465
0.756596
0.242821
0.691149
1.10826
0.541812
0.484382
0.52444
0.490488
0.821347
1.05866
0.877609
0.930448
0.513111
0.432106
1.54115
0.990265
0.868336
1.23542
0.884195
0.648294
0.666588
0.694193
0.741327
1.1538
0.817869
0.281886
0.671097
1.15258
1.20848
0.855745
0.784314
0.632848
0.349646
0.822058
0.832252
0.310432
0.605277
0.895724
0.849458
0.593229
0.808514
0.293041
1.15739
1.42149
0.328887
0.265761
0.843627
0.72037
0.693826
0.85715
1.22974
0.653682
0.578365
1.1452
1.23542
0.379669
0.989076
0.78353
0.404057
1.10121
0.673698
1.21603
0.336701
0.749771
0.403093
0.837403
0.244976
0.635507
0.808665
0.766659
1.03164
0.496594
0.562029
0.793506
0.35395
0.965675
0.530477
1.12976
0.991515
0.686536
0.35111
0.591311
0.496697
0.831922
0.820234
0.646996
1.49917
0.895338
1.16336
0.695145
0.429943
1.09431
0.663196
0.77112
0.37063
0.838469
1.06005
0.355472
0.638244
0.363761
0.257486
0.875323
0.842866
1.16239
0.456836
1.18261
0.986114
1.26225
0.565172
1.42855
1.3569
0.558604
0.67583
0.560076
1.08308
1.46313
0.766277
0.19992
0.743534
1.02769
0.877514
1.32667
0.839283
0.949393
0.944093
0.933006
1.25922
0.373176
0.309609
0.362612
0.554933
0.592197
0.641694
0.92405
0.226547
0.790066
0.333297
0.934228
1.56497
0.815076
1.30627
0.850577
0.797052
1.11437
0.644537
0.742917
0.597178
1.15001
0.604021
1.09192
0.270081
0.34334
1.54207
0.859244
0.727036
0.430748
0.544624
1.21966
0.264259
0.686022
1.02642
0.468992
0.720233
0.658672
0.705934
1.08294
0.559808
1.28873
0.335517
1.10286
1.19921
0.426191
0.600824
0.894731
1.43551
1.32933
0.856024
1.13837
0.731477
0.759607
0.530793
0.982406
0.721113
0.540356
0.687826
1.40525
0.860786
0.738275
0.785005
0.723586
1.39754
1.3913
0.746849
1.07433
0.48467
0.871301
0.319383
0.527943
0.5852
0.767494
0.632512
1.41562
0.634665
1.36797
0.699921
0.634161
0.330489
1.07444
1.29537
1.191
1.14734
1.02301
1.01768
0.551496
1.54878
1.4969
1.22713
0.892407
0.248393
1.13376
0.952724
0.602123
0.790627
0.65412
0.672501
0.921115
1.55362
0.699911
0.876915
1.27019
1.44791
0.850337
1.03246
1.20795
0.916108
0.536862
1.26087
0.54313
0.379767
0.593698
1.23871
0.709792
0.451326
1.35376
0.803643
0.333227
0.715636
0.959747
0.69175
0.726657
1.09676
1.28995
0.87618
0.580505
1.18565
0.700816
1.27349
0.907988
0.972476
0.672643
0.580385
1.03672
0.876532
0.56095
0.13316
0.767862
0.632067
0.651883
0.409559
0.758899
0.767788
1.23561
0.247969
1.11232
1.26695
0.469371
0.992644
1.11122
1.04391
0.701459
0.282036
0.488243
0.468468
1.23067
1.00147
1.18572
0.780404
0.276985
0.898785
1.11082
0.397559
0.754555
0.777097
0.516948
1.09126
0.827344
0.951561
0.249566
0.932379
0.274779
0.577292
0.347939
0.545435
0.483273
0.582061
1.18806
0.988479
0.702344
0.507573
0.146312
1.36632
1.17865
0.39614
0.753301
0.653957
1.32803
0.590905
0.968656
0.840378
1.05487
0.942773
1.55944
0.956057
1.00761
0.613854
0.267389
0.955779
0.626736
0.436791
0.139251
0.48105
1.09168
0.867428
0.511162
0.553954
0.686974
1.16359
0.619978
0.713859
1.02635
0.94578
1.36655
0.51389
1.52834
0.371307
0.604196
0.833276
0.572438
1.0952
0.98997
0.828807
0.555459
0.711222
1.28096
0.421879
0.772177
0.788659
0.623003
0.901995
0.893376
0.48928
0.59878
0.557179
1.156
1.15782
0.290419
1.25182
1.43262
0.618838
0.42058
0.552228
0.587894
0.412946
1.0997
0.916479
0.631308
0.647154
0.573723
0.485399
1.39536
1.27121
1.39602
0.382047
0.421174
0.491348
0.708019
1.24987
0.824238
0.825723
0.684955
0.319018
1.51932
0.820093
1.47411
0.683893
0.931886
0.473597
0.635527
0.932424
0.742066
1.56276
0.61556
0.794586
0.301595
0.254944
1.00906
1.08639
0.698864
0.412577
1.34227
1.2024
0.788464
0.837282
0.73518
0.581019
0.7963
0.442844
0.715161
0.924404
0.924112
0.63074
1.27972
0.395221
0.951982
1.03264
0.773788
0.770057
0.897727
0.931997
0.824836
0.479886
1.34788
0.522396
1.40649
0.653087
0.351977
1.13289
1.5695
0.705782
0.582452
0.829068
1.13024
0.712019
0.403612
1.3824
0.616348
0.779536
0.360779
1.23958
1.52241
1.03878
0.41807
0.969937
0.69844
0.90915
1.22624
0.734281
1.17961
0.951347
1.21896
0.528802
0.609311
0.570212
0.744604
0.593231
1.1674
0.716819
1.35406
0.936713
0.62768
1.55871
0.663461
1.27398
0.886114
0.344895
0.861351
0.833809
0.631675
1.25038
0.620071
0.556286
1.29041
0.836063
0.328381
1.47614
0.931238
0.940216
0.595258
1.31325
0.670643
0.884217
0.768293
0.459214
0.904962
0.658365
0.671496
1.41314
0.786901
0.865352
0.599225
1.19134
0.606333
0.356399
0.165185
0.960868
0.828069
1.42747
1.36992
0.872082
0.480127
0.563748
0.659668
0.880704
1.18031
1.05124
0.922922
1.50639
0.844202
0.678365
0.399837
1.2263
1.21522
0.386048
1.20687
1.34644
0.377809
1.39405
0.342036
0.967403
0.704919
0.618005
0.837233
0.571988
1.01107
0.97359
0.311196
1.01087
0.846209
0.389366
1.49751
0.74792
0.939056
1.14211
1.06147
0.896359
0.760117
0.780918
0.344512
0.548195
0.333622
1.05286
0.767464
0.774082
0.648506
0.56182
0.452266
1.34309
1.48132
0.69724
0.917369
0.700561
0.467385
1.28411
0.780211
0.810923
0.672959
0.487758
0.722456
0.604058
0.374761
0.433312
0.990607
1.4657
0.591059
0.9462
0.922286
1.18643
0.618647
0.883087
1.12253
0.932211
0.791369
0.423004
0.608146
1.10447
0.788808
0.83245
0.657685
0.974162
0.979502
0.651433
0.603273
0.982427
0.497754
0.527045
0.547627
0.711011
0.539673
1.26649
0.371696
1.22503
0.72552
0.525708
0.53092
1.39005
1.3089
0.56633
0.487953
0.996268
0.656021
0.513623
0.836523
0.85201
0.937689
1.01113
0.427832
0.634792
1.01469
1.38076
1.06862
0.665265
1.38707
0.461301
1.32675
1.40154
0.676463
0.363718
0.954766
0.834028
1.0117
0.861946
0.448475
1.0508
0.598628
0.502755
0.899579
0.896433
1.11933
0.81627
0.939817
0.722111
0.514732
0.752747
0.754029
0.320397
1.08348
0.826252
0.403938
1.07229
0.78812
1.4596
0.320818
0.843143
1.43627
0.767017
0.810364
1.53241
1.00372
0.666334
1.01268
0.558062
0.600055
0.261726
0.812027
0.815464
1.0576
0.977618
1.12057
0.236835
0.982327
0.954009
0.579366
0.341526
0.496156
0.613723
0.76251
0.39668
0.621802
1.05733
1.23771
0.720281
0.765582
0.916207
0.963312
0.521606
0.569175
0.851329
1.49649
0.739607
0.71101
1.02242
1.5237
0.777427
0.689491
1.15873
1.0017
0.580103
1.44812
1.11235
0.545932
0.891289
0.755399
0.948288
0.667329
0.528067
0.532198
1.44616
0.675039
0.326118
0.742381
0.525925
0.337517
0.420751
0.820278
1.05708
0.754849
0.660388
1.3495
0.504683
1.04035
1.04745
0.722749
1.40477
0.965322
0.330714
0.58816
0.884084
0.707195
1.22615
0.547917
1.1652
0.339682
0.217214
0.258875
0.804967
0.65182
1.04128
1.05422
1.2493
1.04351
1.06129
0.66607
0.749351
1.08528
0.89856
0.251752
0.63941
0.385374
1.04523
0.328718
0.661441
0.793197
0.975357
1.30069
0.934261
0.543792
1.14257
0.795595
0.255984
0.593756
0.943241
0.723736
1.00891
0.352538
0.921192
0.698473
0.905928
1.36426
0.547294
1.07215
0.904828
1.12486
1.53074
1.10006
0.314928
1.11862
1.52569
0.306164
1.19138
0.174949
0.964892
0.683168
0.88972
1.04223
0.825093
0.249995
0.817357
0.805549
0.539718
0.748801
0.82151
1.23014
0.929107
0.636684
0.860526
1.35401
1.03764
0.448846
0.289708
0.670952
0.855623
0.236502
0.672769
0.453625
0.613233
0.915809
0.385721
0.472535
0.659812
0.717252
0.885848
0.420294
0.391758
0.384738
0.834125
0.276027
1.33067
1.35979
1.29281
1.24746
0.839238
1.0818
1.09055
0.689983
0.548727
0.484338
0.409141
0.520799
1.02843
0.654426
1.121
1.30731
1.33612
0.972734
1.14307
0.660341
0.664282
1.17122
0.767526
0.569055
1.49295
0.863903
0.605699
0.291209
0.618013
0.903956
0.49186
0.617483
0.329254
0.968603
1.0101
0.810301
1.16103
0.580153
0.746513
1.18035
1.27706
1.21807
1.20813
0.603849
0.898309
0.265912
0.485659
1.0175
0.984829
0.705775
0.623394
0.671353
0.334551
0.938806
0.899236
0.961558
1.03904
1.2738
0.854659
1.06556
0.720785
0.767036
1.09446
1.00379
0.709872
1.20721
1.32483
1.14928
1.35451
0.792718
0.991729
0.726017
1.45778
1.06459
0.396373
0.639875
0.685686
1.21154
1.08673
0.736097
0.848295
0.889991
0.71612
0.841377
0.678449
0.409158
1.51659
0.832911
0.866567
0.916867
0.938274
0.900628
0.347532
1.0764
1.12651
0.832134
0.60081
1.24372
0.476255
0.643394
0.984068
0.538397
0.430307
0.595919
0.721163
1.21462
1.07925
0.890458
0.380945
0.822418
0.709
0.485473
0.53597
0.750314
0.750452
1.03576
0.688288
1.1328
0.78228
0.704717
0.738605
0.675211
0.687438
1.31577
0.742709
1.26545
0.634901
0.789961
0.563228
0.999826
0.885121
0.716194
0.93327
1.03197
0.505516
0.965525
0.690838
0.66178
1.03576
1.3951
0.576752
0.789868
0.792159
0.322061
1.26509
0.553898
0.786625
0.972855
0.98847
0.351049
0.898336
1.14964
0.519553
0.544362
1.23375
1.38568
0.500995
0.859633
0.217225
0.504883
0.266625
0.566082
0.820116
0.651372
1.1694
1.17937
0.69651
0.747953
0.761278
1.51219
0.477011
0.567558
0.996986
0.321781
1.18491
0.917489
0.729337
0.395225
0.363004
1.44379
0.893881
0.594202
0.667215
1.38422
0.28691
0.954619
0.769467
0.229099
0.427855
0.488184
1.46996
0.481903
1.0983
0.966172
0.716671
0.630071
0.391908
1.45061
0.64393
1.24225
0.767201
0.414302
0.749616
1.23788
0.54512
0.792669
0.594703
0.588056
0.686676
0.864201
0.656256
0.573474
1.19676
0.824836
1.25601
0.958646
0.94583
0.497933
1.02812
0.784108
0.643876
0.736928
0.729275
1.02692
0.945751
1.28099
0.441109
0.477066
0.667075
0.903311
0.433019
0.743646
0.821775
1.54382
1.10869
0.509749
0.797664
0.989815
1.22263
0.610712
1.41185
0.66127
0.824644
0.809408
1.34163
0.818038
0.225304
1.50209
0.570766
1.07986
0.942042
0.741225
0.482729
1.05444
0.509954
0.236586
0.443769
0.935758
0.547995
1.0501
1.04875
0.696959
0.872794
0.373521
1.2087
0.313084
0.764601
0.730667
1.11624
1.21301
1.06929
1.02034
0.750723
1.06225
0.951904
1.38251
1.42844
0.946943
1.25833
0.541849
0.887748
0.352806
1.20397
0.308348
0.0614009
0.929804
1.12735
1.33438
0.448273
1.0957
0.350776
0.939442
0.763619
1.41167
0.951599
1.0297
0.681645
1.46775
0.877605
0.516684
0.372552
1.41874
1.44579
0.993931
0.377457
0.617919
1.12337
0.591504
0.936324
0.773061
0.906914
0.869956
0.473947
0.246664
0.42863
0.975761
1.42988
1.19741
0.880585
0.834782
1.09422
0.546789
1.50825
0.883355
0.16728
0.471463
1.24341
1.11673
1.32746
0.286109
0.213708
0.936933
0.836804
0.894454
1.06844
0.225858
1.26166
0.830617
0.989837
1.02905
1.35594
1.21054
1.30669
0.423469
1.37584
0.819102
0.371106
0.382284
0.560802
0.452021
0.564247
0.827108
0.314875
0.388465
0.293773
0.542329
0.271852
1.23605
1.28347
0.256946
1.01722
0.393282
0.410463
0.613286
0.534029
0.858557
0.683488
1.27238
1.14751
0.843598
0.640692
0.785123
1.05376
0.396493
0.382166
0.81644
1.11855
0.414603
0.645545
0.483969
0.445784
1.1644
0.998934
1.13409
0.962388
0.396711
0.768423
0.804921
0.773536
1.48995
1.39581
0.874728
0.710573
0.692523
0.486322
1.15336
0.738013
1.00496
0.734806
0.2261
0.231902
0.203527
0.889826
0.92381
0.213458
0.690959
1.01577
0.69082
0.51547
0.852636
0.823724
0.445513
1.11521
0.590007
0.535499
0.551122
0.843175
0.763882
0.33979
0.661781
0.782571
1.28945
0.627533
0.579827
0.611957
0.510216
0.17373
0.694481
1.20224
0.575251
0.717988
0.77143
0.657586
1.28089
0.826277
0.510173
1.2262
0.94222
0.800558
1.49349
0.759846
0.773178
0.806057
0.809458
0.864441
0.860249
0.824422
1.23964
1.12522
1.09473
0.288335
0.829792
0.267437
0.890514
1.30847
0.852211
0.826728
0.326141
0.971645
1.23431
0.689895
1.24225
0.663936
0.582734
0.540881
0.599466
0.994459
0.683115
0.31068
1.06778
0.675076
0.732414
0.365201
0.74911
0.805213
0.416425
1.43413
0.726236
0.883939
0.505826
0.996932
0.280289
1.41305
1.09775
0.338754
0.693024
1.17785
0.558049
0.949258
1.09108
0.677179
0.264159
1.28585
0.218894
1.14364
1.13082
0.753716
0.789596
0.635123
0.401853
0.417618
0.672189
1.39494
0.5526
1.23756
0.594613
0.901663
0.566679
1.15981
0.535417
0.339661
0.887261
0.745479
1.53007
0.881225
0.993192
1.06886
0.420463
0.828902
0.956871
0.900325
1.25156
0.938928
1.46762
0.98242
0.411211
0.409168
0.699393
1.13973
0.799114
1.06028
1.53771
1.15402
0.775496
0.475343
0.521131
0.149756
0.673073
0.58735
1.13835
0.462584
0.709365
0.700782
1.44255
1.29563
0.744435
0.994538
0.611642
0.46096
0.759224
0.832486
0.155552
1.31053
1.00934
0.896757
0.406327
0.826307
1.46358
0.876588
0.921004
0.819151
0.869414
1.33215
1.20496
0.904005
0.800419
1.04436
0.423881
0.898979
1.28962
1.44299
0.50827
0.658938
1.17814
0.911981
1.10088
0.779403
0.513398
1.48562
1.54358
0.308967
0.265731
0.773185
1.08574
1.48755
1.28452
1.18928
1.0153
0.822969
0.977436
1.13816
0.605853
0.635276
0.842707
1.00961
0.551793
0.99442
0.846977
1.34751
1.02078
1.24157
0.422529
0.536605
1.22655
0.701937
0.744731
0.592218
0.689565
0.370051
0.33066
0.630351
0.444244
1.0616
0.342165
1.04186
0.763741
0.850492
0.52017
0.326599
1.13953
0.80426
1.22733
0.762094
0.438213
0.895035
1.03239
0.67892
0.42105
0.664997
0.618704
0.854564
0.701799
1.35331
0.370102
0.631018
0.431834
0.721527
0.70505
0.580603
1.02549
1.09627
1.22799
0.877461
0.819644
0.851543
0.886807
0.816283
0.719298
1.55977
0.45311
1.46298
0.993413
0.837653
1.18604
0.586074
0.705785
0.835667
0.574677
0.255236
0.466963
1.24146
1.53742
0.446058
0.544549
0.606004
0.732336
0.845507
1.18243
0.777829
0.0663349
0.615212
1.22151
0.709669
1.17349
0.931497
1.21015
0.192252
0.556263
0.468046
1.0381
0.540457
1.12383
0.884975
0.910429
0.761081
1.00507
0.722672
1.47264
0.486082
1.15017
0.482853
0.157805
0.622571
0.562972
0.879391
1.11857
1.02895
0.517853
0.46775
1.25514
0.326735
1.00482
0.74576
1.1385
0.489482
1.42652
1.03522
0.776984
1.49963
0.64749
1.16911
0.857871
1.02515
0.774432
0.410996
0.888322
0.758745
1.04236
0.941573
0.984703
0.951137
0.728683
0.564398
0.951669
0.689881
1.14568
1.07222
0.349174
0.625075
1.52166
1.11353
1.03179
0.969567
1.3756
0.744073
1.1726
0.441425
0.252547
0.946019
0.394797
1.10082
1.0112
0.19928
0.817854
0.610562
0.838666
1.10424
0.994678
0.333934
1.32662
1.26365
0.812127
0.983031
0.929039
0.44444
1.28239
0.908728
0.63015
1.05386
0.996705
1.18233
0.792762
0.664771
0.637061
0.975199
0.593392
1.13993
1.19182
0.846625
0.841908
0.917298
1.0355
0.44578
0.321922
1.1563
0.759756
1.28399
1.12261
1.16731
0.626977
0.632514
1.10209
0.380871
1.12466
1.22906
0.431324
0.794219
1.07358
1.2624
1.18323
1.24288
1.23549
1.07844
0.370464
1.28472
0.418727
0.70897
0.59481
0.426579
0.933278
0.656694
1.25182
1.03933
0.363657
0.965835
1.02314
0.614117
0.573819
0.403549
0.487369
0.362384
0.472709
1.08995
1.32025
0.734967
0.866124
0.982632
1.19389
0.878471
0.541863
0.861266
1.23406
0.99127
1.20422
0.397649
0.955747
0.474996
0.395161
0.442045
1.08048
0.872489
0.904496
0.19762
0.887698
0.869031
0.859928
0.552762
0.49545
0.919197
0.644999
0.21916
1.37859
1.22697
0.498704
0.607161
0.874075
1.0598
1.49557
0.698993
1.03922
0.487804
0.46928
0.369597
0.181055
0.523274
0.312969
0.828005
0.180317
0.516838
0.597387
0.419793
0.225262
1.19367
1.05067
0.380475
0.406613
0.803906
0.79103
1.01111
0.405239
0.394945
0.346918
1.33875
0.290497
1.11126
1.04591
1.43058
0.988704
0.859829
1.08074
0.486036
1.52805
1.45643
0.734628
1.15417
0.544327
0.817469
0.629886
0.460314
0.945738
0.838648
0.809827
0.350275
0.674664
1.14301
0.879023
0.310899
0.980889
1.31914
0.421677
0.868209
0.863622
0.816421
0.391965
1.04203
0.827423
1.1064
0.561458
1.4236
1.39896
0.978237
0.964927
0.963339
0.45339
1.51207
1.09174
0.479819
0.302852
0.396601
0.625717
0.504327
0.386738
0.764672
0.5929
0.44108
0.563176
0.67492
0.791891
1.10801
0.576421
0.910749
1.01926
0.618256
0.4757
1.10686
0.54082
0.774697
0.843583
1.13647
1.40874
0.703555
0.917107
0.662622
0.94531
1.43139
0.654806
1.1079
0.621092
0.648087
0.339823
1.09501
0.767851
0.457223
0.993799
1.41777
1.01893
1.19949
0.843665
0.88158
1.28221
1.42179
1.1359
0.87851
0.724967
0.72731
0.595358
1.28923
0.697903
1.05489
0.647411
1.33737
1.3775
1.36039
1.13674
0.125724
0.900631
1.05258
1.13695
0.353008
0.741738
0.753496
0.514176
1.06735
0.554388
0.278422
0.315179
0.759384
1.25502
0.531954
0.786516
1.15687
1.14186
1.08941
0.919499
1.38308
1.01836
0.791093
0.406391
1.40937
0.762292
0.452955
1.2329
0.234806
0.746977
0.588764
0.375964
0.480259
0.423316
0.994634
1.28762
0.373347
1.14669
0.597851
0.447023
0.784701
1.07368
0.976843
1.03567
0.955896
0.780754
0.900149
0.836439
0.656976
1.49424
0.640458
0.644128
0.997291
0.59383
1.18353
0.854879
0.769509
0.655573
0.695387
0.996797
0.551122
0.701444
0.871448
0.634597
0.864755
0.38172
1.13452
0.928836
1.46823
1.20067
1.42663
0.940475
1.13302
0.350321
0.622156
0.450371
0.770641
1.0382
0.71518
0.477788
0.872836
1.25813
0.876011
0.831217
0.85828
1.35194
1.37732
0.640059
1.44382
0.475278
1.38822
1.52397
1.51012
0.645013
0.798237
1.2272
1.35147
0.596485
1.25707
1.41553
0.892134
1.30612
0.620793
1.17542
0.838269
0.970177
0.299525
0.885279
0.150099
0.379174
0.284813
1.52844
0.582852
0.876768
0.804599
0.716939
1.00852
0.697213
1.43295
0.654666
0.674949
0.501612
0.84768
0.656469
0.691457
1.20685
0.578446
0.703895
0.657755
0.747094
0.530372
0.383765
0.562459
0.798693
1.25699
0.785497
1.39725
1.19429
0.430695
0.661332
0.665364
0.555695
0.656279
0.712289
0.397684
0.599598
0.59522
0.572528
1.53657
0.461659
0.838987
0.331442
1.44959
0.776505
0.78368
0.244404
1.13457
0.318067
0.724916
0.288207
0.378163
0.268894
0.690092
0.883992
0.598121
0.579429
0.334553
1.08804
0.630718
0.193375
0.510586
0.53377
1.28276
0.972662
0.396507
1.06626
0.457601
0.602763
1.32731
1.18398
0.708934
1.08415
1.00103
0.612147
1.07395
1.20647
1.05664
1.0765
0.964662
0.147798
1.07431
1.16897
0.708659
0.958163
0.883698
0.566919
0.450892
0.856167
1.06355
0.885096
0.854938
0.414374
0.350844
1.31539
0.177189
1.29515
1.53682
0.677151
0.853273
0.66781
0.427602
1.02827
0.542096
0.388425
1.24462
0.572675
0.725451
0.54808
0.324234
0.535569
0.463745
0.781478
0.61009
0.446614
0.436581
1.33804
0.747296
0.577764
0.933221
0.368604
1.24968
0.230339
0.469535
1.23138
1.11947
0.310255
0.36108
0.708505
0.513544
0.507372
0.95833
0.535377
1.07178
0.798467
0.406089
0.902925
0.47979
0.315993
0.767847
0.261241
1.39934
0.88358
0.907092
0.971904
0.335344
0.630495
0.274966
1.33466
0.998504
1.16147
0.873679
1.53552
1.17625
1.38331
0.830012
0.656632
1.03489
1.28452
1.04059
0.447033
0.987352
1.08746
0.327657
0.983482
0.794593
0.243273
0.989791
0.938919
0.841829
0.512955
0.614923
0.529671
0.796952
0.384305
0.519486
0.848809
0.703018
0.271864
0.718297
1.21938
0.325455
0.737262
0.933671
0.776635
0.985261
1.01558
0.768667
1.34958
0.478274
1.26776
1.15447
0.910654
0.781659
0.626593
0.624613
0.525178
1.34185
0.766535
0.516717
0.98233
0.792843
1.04777
0.585622
0.990962
1.35907
0.628399
0.61066
0.242129
0.612575
1.47923
1.09756
1.46147
0.830819
0.826467
1.11263
0.22348
0.935447
1.50839
0.288253
0.949978
0.700678
0.669607
0.437839
0.39443
0.400486
0.869374
0.931898
0.289384
1.51216
0.826321
1.0002
0.666066
0.593729
0.949833
1.15746
0.372227
0.732586
1.24498
0.799519
0.587528
0.75712
1.08529
0.57626
0.385015
1.37269
0.919125
0.908199
1.19355
1.5269
1.07682
1.04687
1.07733
1.55017
0.967692
1.18184
0.517788
0.420934
0.680463
0.783586
0.863186
1.34438
0.899135
0.624848
0.570929
1.31933
0.867415
1.01776
0.834502
1.218
0.606163
0.625538
0.668924
0.684658
1.21794
0.730237
0.755157
0.624752
0.505563
0.673095
0.920589
1.02453
1.21167
1.25809
1.03861
1.04839
0.990573
0.533718
0.586838
0.571516
1.01732
1.23278
1.40394
0.783977
0.89802
0.944303
0.462693
0.268751
1.00713
1.12757
1.46369
0.181108
1.17158
1.14099
0.986857
0.339884
0.613001
1.54481
0.641471
1.37583
0.939475
1.02855
0.553724
0.848046
1.52177
0.56391
0.806308
0.987408
0.978131
0.441939
0.553321
0.576136
1.39187
1.17889
0.982362
0.637583
0.7285
0.224634
0.24503
0.432676
0.507595
0.653203
0.944945
0.593415
0.953755
1.16373
0.998798
0.668486
1.01907
0.676446
0.839863
0.986064
0.458908
0.643303
0.433194
0.233523
0.710605
0.969343
0.821608
0.459748
1.07604
0.708437
0.675816
0.714159
1.3434
1.23375
0.952611
0.734977
1.14516
0.148984
0.461521
0.912408
1.12616
0.905424
0.875356
1.44601
0.325606
1.23342
0.459361
0.961061
0.714329
0.290582
0.874658
0.643185
0.498673
0.988822
0.544123
0.668925
0.458471
1.30296
0.902543
0.68396
0.817579
0.710117
0.675772
1.31142
1.02784
0.743064
0.62975
0.815215
0.428384
0.576421
0.860969
0.737863
0.646271
0.703943
0.610778
0.837253
1.54165
1.13771
1.29777
0.509124
0.738097
0.902081
0.639657
1.16344
0.998808
0.708193
0.722134
1.09719
0.944121
0.287424
0.862097
0.417065
0.721801
0.748417
0.875961
1.16423
0.883278
0.459847
0.827046
0.955077
0.539767
0.511481
0.566157
1.16842
0.953526
1.36392
0.752863
0.564949
0.808951
0.34974
1.02125
0.532311
1.38222
0.873489
0.651937
0.682302
0.811886
0.547195
0.600659
0.869378
0.787007
0.320204
0.614348
0.397402
0.749712
0.77497
1.08667
1.13449
0.805094
0.795748
1.13133
1.10422
0.409905
0.851845
0.568613
0.993491
0.315324
0.491211
1.49251
0.396025
0.445292
1.16759
0.806157
0.646396
0.665008
0.605398
0.869404
0.775513
1.36491
1.23267
0.389795
0.816628
0.399488
1.08738
0.902485
0.783396
0.367196
0.589348
1.22184
0.691359
0.723902
1.30035
0.621642
0.376416
0.439255
0.762257
0.644612
1.06866
0.586865
1.46955
1.01767
0.398035
0.600916
1.3703
0.79668
1.02633
1.068
0.700379
0.239776
1.23539
0.845969
1.12694
1.02823
1.50492
1.22346
0.794702
0.867829
0.699236
0.729957
1.19672
0.587896
0.857089
0.569229
0.544375
1.33647
0.341926
0.77057
0.466236
0.770797
0.759704
0.250007
0.611679
1.20056
0.718781
0.334917
1.16179
0.483583
0.885205
0.513323
0.831823
0.358433
0.637427
0.840286
1.00333
0.986213
0.553593
0.457824
0.719277
0.577091
1.24966
0.347353
0.993714
0.419796
1.17595
1.02592
0.381959
0.82836
0.456923
1.48191
0.574695
0.906341
1.26567
0.564623
0.908942
1.19287
1.29843
1.44151
1.32654
0.436972
0.601096
0.590379
1.39566
0.783497
1.23499
0.732349
0.356488
0.371899
0.991679
0.614119
0.511294
1.20016
1.5465
1.34477
0.929382
0.495211
0.829782
0.48079
1.01069
1.19732
0.430875
0.809784
0.234063
1.09218
1.18661
0.481687
0.244785
1.07516
0.270115
0.575212
0.256233
1.50535
0.718705
0.406592
0.55587
1.09923
0.41919
1.24358
0.674775
0.234774
0.436669
1.04997
0.876084
0.889249
0.712977
0.912134
0.850951
0.663814
0.887646
0.633104
1.24327
0.977695
1.36324
0.564005
0.657883
0.586162
0.597814
0.568667
1.05789
1.10297
0.928463
1.1579
1.27817
1.4626
0.999626
0.685941
0.46756
0.613639
0.528042
0.692413
1.10776
0.820754
1.41423
0.942943
0.75368
1.07675
0.50876
0.65551
0.870235
1.00059
0.739197
0.967653
0.73531
1.3706
1.03267
0.832114
1.4829
0.531885
0.870098
1.21657
1.01221
1.1518
0.71103
1.09743
0.692356
0.776434
0.66192
1.45894
0.499137
0.524033
0.23376
1.00689
1.37141
0.634009
0.62484
1.35538
1.08681
1.08363
1.02464
1.09724
1.38889
0.691282
0.927976
1.46564
1.07892
1.28882
0.875662
0.461118
0.906249
1.23042
0.365989
0.822396
0.966104
0.843912
0.887906
0.936171
0.924462
0.670322
1.03486
0.391321
1.16588
1.11328
1.09203
1.42125
0.667055
0.959265
0.822727
0.772641
1.29609
0.841959
0.995899
0.835327
0.950365
0.667773
1.02335
0.55392
1.32919
0.400024
0.691734
0.928629
0.84901
0.926643
0.864156
0.485344
0.881607
0.189629
1.48334
0.388153
1.10334
0.755247
1.4547
1.23053
0.287761
0.291333
0.595732
1.39709
1.08843
1.14184
1.53088
0.33172
1.12415
0.994229
1.15383
0.434917
0.652089
0.603626
0.742477
0.276638
1.06682
0.328226
1.06497
1.19151
1.37487
1.01931
1.22252
0.197876
0.472558
1.09406
0.847547
0.494346
0.543626
0.8479
0.655307
0.744284
0.613226
1.53776
0.998752
0.951708
0.65109
0.495082
1.12421
0.42071
1.10751
1.2801
1.05634
0.533816
0.747267
0.591228
0.584799
0.516909
1.13388
0.396815
0.456068
0.691974
0.528605
1.10685
1.11469
0.880482
0.483966
1.17569
0.652245
0.991958
0.654729
0.749545
0.891776
0.716938
0.33305
0.581391
0.997412
0.873983
0.919954
1.41903
0.458026
1.11792
1.14622
0.878195
0.429541
1.35026
0.603732
0.86173
0.243759
0.385944
1.01539
1.35795
1.55278
0.751761
0.515711
0.361535
0.974354
0.942223
0.690999
0.233584
0.808
1.08734
0.805934
1.13532
0.512816
1.11803
1.00853
0.969283
0.270673
0.418154
1.00445
1.53498
0.684552
0.89717
0.309113
0.694818
0.792634
0.735894
1.14239
0.932194
0.907349
0.961497
0.754237
0.389596
0.699457
0.651212
0.329673
0.751473
1.02458
0.70852
0.838325
1.02787
0.600471
0.542268
0.704037
1.43084
0.789864
0.625414
1.11798
0.616514
1.21524
1.0862
1.35771
0.688045
0.380325
0.485442
0.971552
0.46245
1.1222
0.496705
0.711396
0.0325155
1.0465
0.987751
1.0743
0.626376
0.476918
0.766517
0.383464
0.706642
0.940292
0.727777
0.328516
1.09381
0.553842
1.27192
0.64171
0.354132
0.390407
1.00279
0.331477
0.706777
0.439777
0.500088
0.736577
1.28537
0.475382
1.05234
0.753895
0.618314
0.692475
1.43501
1.46589
0.858892
0.359918
0.515996
0.421342
0.954879
1.53585
0.991521
1.37751
0.79238
0.488747
1.01535
0.715098
0.408104
0.420796
1.53246
0.841524
0.891948
0.700633
0.705248
0.440908
1.3835
0.297973
0.901773
0.573622
0.321581
0.479055
0.755329
0.366534
0.593088
0.590457
0.836587
1.08513
0.563214
1.02652
0.709185
0.337379
0.939073
1.29601
1.42881
1.3494
0.554872
1.11612
1.27975
0.660106
1.11541
0.721371
0.77468
0.520432
0.764395
0.308298
1.45407
0.929186
0.878427
1.06735
0.303924
1.04757
0.543042
0.942909
0.790242
0.582323
0.933444
0.549915
0.477297
0.761635
0.868583
0.688888
1.11054
1.48305
1.11882
1.11472
0.660129
1.18493
0.956684
1.11469
1.21523
0.848992
0.929665
1.13903
1.32346
0.87293
0.819829
0.86421
1.07226
0.754839
1.56269
1.10642
0.614664
0.817771
0.678384
0.798258
0.838337
1.03078
0.90166
0.799368
1.41521
0.299344
0.967539
0.815706
1.14658
0.789215
0.585647
0.656181
0.838791
1.0795
1.20144
0.785496
1.15301
1.1155
0.743753
0.83448
0.328219
0.525472
0.871418
0.612297
0.984261
0.918073
0.574547
1.00966
0.419752
0.668382
0.920807
0.496806
0.37127
0.705332
0.831972
0.931799
0.784372
0.848984
0.332278
0.816799
0.887477
0.118726
0.465508
0.922322
0.571539
0.686134
1.00776
0.51228
1.30864
1.02247
0.684299
0.921887
1.16494
1.06122
1.4675
0.565394
1.04568
0.254013
1.05718
0.720388
0.249998
0.647397
0.663499
0.783795
1.26577
0.886627
0.522543
0.571797
0.590531
0.595266
1.08539
1.2178
0.555609
0.743741
1.03966
0.426077
1.42521
1.32065
0.423431
0.743322
0.632177
0.820585
0.666124
0.4777
0.845146
0.76362
0.789477
0.94174
0.846614
