0.856235
0.745349
1.35812
0.853667
1.23388
1.54769
1.02404
0.913121
1.40077
1.12808
0.701379
1.06002
0.905991
0.58492
1.02431
0.909989
0.537758
0.460692
0.526764
1.24148
0.812203
1.25317
0.800154
0.84166
0.898842
0.841394
0.951216
1.52902
0.637813
0.282013
0.966185
1.07879
0.789023
0.229618
1.4845
0.5357
1.03037
0.545567
0.546198
0.54287
0.52377
1.2825
0.845999
0.586297
1.45023
0.439311
0.369192
0.742776
1.40326
0.932546
0.475778
1.01484
0.528671
0.179031
0.10299
0.460584
0.878847
0.737219
0.977167
1.52685
0.61959
1.08456
0.927187
0.883766
0.877881
1.30213
1.22809
0.917315
1.01559
0.996401
0.530528
1.37169
0.663321
0.586396
0.536555
1.01869
0.741854
0.774527
1.09672
1.06344
0.492732
0.839984
1.0078
1.01376
0.89189
0.33203
0.914994
0.937413
0.730029
0.534479
0.417526
1.32029
1.18729
0.731267
0.593708
0.729693
1.13175
0.655792
0.79099
1.00603
0.673714
0.846581
1.32506
0.810751
0.596501
0.903673
0.398586
0.683831
0.397536
0.21236
1.16199
0.4585
1.38653
1.0786
0.975213
0.974448
0.140269
0.615988
0.754319
0.734416
0.481058
1.43545
0.624789
0.848751
0.864901
0.332726
1.04405
0.452103
0.958808
0.781246
0.714232
1.23419
1.44236
1.25017
0.432508
0.726582
1.02364
0.446038
1.03269
0.839958
1.55935
1.33609
1.04265
0.320079
0.422721
0.210069
1.05955
0.881297
1.0109
0.676345
1.27147
0.322651
1.1589
1.20193
0.869477
0.527616
0.762152
0.817528
0.567249
0.691363
0.980008
1.17758
1.10344
0.23885
0.944935
0.936045
0.645591
1.1308
0.556108
0.518315
0.726789
0.541529
0.950826
0.501935
0.917069
1.51653
0.392804
0.938198
1.1804
0.386117
0.8097
0.604597
0.424917
1.2022
1.01397
0.936379
0.47662
0.358202
0.481171
0.614659
1.3263
0.77081
0.994357
1.22579
0.701867
0.95341
1.08963
0.978474
0.805105
0.601514
0.731804
0.391238
0.45382
0.924952
0.88779
0.939333
0.483343
1.30504
0.932555
1.28338
0.404356
0.459116
0.234862
0.597032
0.789696
0.529054
0.843149
0.97859
1.222
0.887186
0.91059
1.09761
1.45897
0.621139
1.4873
0.725626
1.53891
1.44405
0.921959
0.841976
0.266762
1.41823
0.604331
0.934664
0.612931
0.526021
1.29894
0.50987
0.630698
0.7695
0.964087
1.15631
0.422827
0.727621
0.129002
0.903714
0.788601
0.837574
0.497159
0.927411
0.624824
0.993381
0.897649
1.24316
1.00558
1.29085
0.556505
0.799485
1.10344
1.33259
0.479642
1.13933
1.36127
0.553815
0.692305
0.918778
0.647346
1.56733
0.450014
1.46427
1.2125
1.39097
0.525583
0.795645
0.711757
1.45721
0.943785
0.48115
0.223041
0.465203
1.37357
0.572316
0.811612
0.668612
1.29788
0.563714
0.416287
0.986794
1.10914
0.814007
0.560273
0.56344
0.54797
1.00691
0.565799
1.14033
0.756565
1.07888
1.39196
1.28503
0.804235
0.357136
0.97577
0.612202
0.935854
0.481473
0.928009
1.18208
0.815112
1.03437
0.903987
1.37086
0.697006
0.845178
0.975236
0.899445
0.975087
0.482938
0.935904
0.339972
0.361072
0.733146
1.35255
1.47569
0.341719
0.361068
0.30008
1.03862
1.41291
0.418272
1.50243
0.465625
0.616814
0.944105
0.721624
0.253451
1.07446
0.344174
1.02159
0.861021
0.88995
0.720001
0.690166
0.420212
0.55354
0.686738
0.946118
0.504141
1.25375
0.462855
1.4803
1.42565
0.605937
1.07902
0.72208
0.553792
0.365273
1.35029
0.886842
0.492338
0.836565
0.727922
0.760358
1.01901
0.532967
0.959122
1.39043
0.625499
0.429816
0.631598
0.708257
0.734788
1.51072
1.19258
0.997287
0.71211
0.861009
0.846309
0.586934
1.43282
0.801597
0.768889
1.24034
0.659091
1.07047
0.991359
0.807932
0.804959
1.07031
1.31915
0.927146
0.598042
1.43939
0.714027
0.702309
1.4111
0.998465
0.836899
0.935767
0.043773
1.26456
0.967632
0.354176
0.316473
0.349467
0.997181
0.970697
0.986486
0.48835
0.812937
1.32146
0.334406
0.250661
0.986785
0.762111
0.885545
0.719942
1.001
0.972078
0.754576
0.597192
0.841394
0.411797
0.936516
1.38986
0.501122
0.968737
0.583498
1.1122
0.788255
0.694442
1.02315
1.34297
0.960375
1.11394
1.25088
0.770532
1.18499
0.361613
0.75769
1.20667
0.57794
0.945215
1.4026
0.810385
1.09346
1.40047
1.24956
0.49233
0.306747
1.05369
0.924113
0.332705
1.3798
0.276219
0.577226
0.463368
0.733502
0.359713
0.302978
1.25229
0.550427
1.48476
0.286537
0.683724
1.06099
0.627568
1.38834
0.954427
0.854355
1.35214
0.782963
0.778183
1.31541
0.932332
0.917389
0.873368
0.3714
0.583204
0.630399
0.722845
0.704913
1.09117
0.150075
0.659954
1.12265
0.438863
0.5356
0.781148
1.37752
0.706865
0.78699
1.26341
1.31469
1.20974
0.641614
1.5338
0.965645
1.40258
0.52491
0.614991
1.08495
0.833475
0.470281
0.533507
1.47592
1.25767
0.728927
0.57504
0.541463
0.49093
1.15644
1.06178
1.33719
0.763932
0.727337
0.194995
1.17468
0.95729
0.448335
0.855969
1.46386
1.2076
1.15177
1.04833
0.63389
0.723485
0.903607
0.641645
0.753811
0.730345
1.07625
0.473024
0.918833
0.89013
1.4052
1.10104
0.863954
0.725938
1.33904
0.471304
1.42159
0.536354
0.7832
1.09762
0.679796
0.506655
1.38391
0.902823
1.46368
0.734219
0.899053
1.06067
1.05931
1.20782
0.697893
0.733419
0.484242
0.688238
0.868506
0.908406
0.568987
0.328516
0.718786
0.555774
0.707111
1.17874
0.67451
0.630194
0.929565
0.847724
1.51725
0.432857
0.96998
0.845483
0.812314
1.19617
1.53365
0.758637
0.530985
0.779129
0.429753
0.751595
0.581162
0.844156
0.926302
1.23552
0.821612
1.08132
0.801054
1.09809
0.985115
0.514849
0.969593
0.864642
1.21498
1.18511
0.545761
0.836789
0.842434
0.304905
1.08798
0.717574
0.995982
0.663819
0.443455
0.771958
1.46444
0.925863
0.680275
0.766275
0.786111
1.00069
1.12021
1.31019
0.841556
1.1059
0.530385
0.949348
0.19566
0.283835
0.532913
0.606895
0.877807
0.494416
1.50474
0.917335
1.10886
0.756384
0.559733
0.753167
0.867158
1.45535
0.542041
1.09121
1.35358
0.3396
1.03972
1.49452
1.40032
1.00525
0.725964
1.14995
0.851143
0.916754
1.32106
0.196818
0.867225
0.655581
0.797799
1.27992
1.27823
0.286472
0.710276
1.42918
1.45055
0.680571
0.288327
1.19178
0.890934
1.48284
0.319584
0.901216
0.678199
1.00554
1.24994
0.898203
1.07324
0.617887
0.643401
0.618942
0.722722
0.961067
0.905769
0.615764
0.847835
0.851831
1.15267
0.395787
1.31748
0.811199
0.951011
0.928595
0.555661
0.487379
0.765226
0.485315
1.2446
0.424723
1.45498
0.949903
0.875244
0.515015
0.406231
0.939103
1.1226
0.730769
0.986636
0.894859
0.948797
0.734665
0.594933
0.49299
0.436629
1.43672
0.683383
1.1473
0.243
0.917847
0.902359
1.16083
1.03911
0.844021
0.878556
0.78977
0.619414
0.944865
1.22761
0.425637
0.439245
0.555657
1.47458
0.791349
0.53911
0.970957
0.680345
0.556539
0.588152
0.858372
0.972836
0.845757
0.808576
0.961516
0.891775
0.912564
1.03287
1.18452
0.972967
0.462695
0.86963
0.349829
1.12069
1.15652
0.894392
1.24706
0.860414
0.385873
0.518982
0.934685
0.674065
1.0355
1.24531
0.884158
0.299624
0.836471
0.532282
0.77868
0.883045
0.869152
0.300848
1.19453
0.890756
0.739472
0.80151
0.997595
1.36111
1.24583
1.19345
0.817899
0.522427
1.06554
0.701116
0.889465
0.754058
0.758444
0.924936
1.18268
1.34584
0.692143
1.4274
1.53443
0.48435
0.573554
0.75336
0.873618
0.9714
0.924621
1.23132
0.57195
0.517804
1.03131
0.60343
1.22285
1.02685
0.352263
0.280323
1.08881
1.08078
0.849207
0.954824
0.69035
0.607708
1.49617
0.443272
0.190624
0.444218
0.647349
0.621686
1.3069
0.990916
0.769807
0.985958
0.945947
0.682778
1.51328
0.990872
1.33489
1.50096
1.12864
0.744607
0.911882
0.39992
0.818934
0.794809
0.609996
1.03008
0.355566
0.66094
1.32522
0.614508
0.775847
1.28821
1.00646
0.720387
0.360237
0.530005
0.939342
1.54411
1.25841
0.332989
1.50537
1.55445
1.1389
1.2746
1.13336
1.04053
0.801912
1.01831
0.471526
0.991279
0.930052
0.861341
1.29774
0.291879
1.17709
1.11533
0.420017
0.795792
0.871491
0.962688
0.913513
1.41497
0.926516
0.673599
0.63885
0.517717
0.59044
0.781663
1.24661
1.50645
1.24364
0.984123
0.399357
0.329728
0.891706
0.754233
0.858682
0.963312
0.23674
1.00888
1.09313
1.06133
0.785462
0.712276
0.503914
0.598841
1.14264
0.669435
0.695868
0.477673
0.386942
1.18062
0.795688
0.721908
1.17098
0.376662
1.37523
0.842749
1.19848
0.65298
0.960726
0.927945
0.816018
0.759152
0.80649
0.705766
1.29413
1.29629
0.459728
0.977688
0.813612
0.908482
0.832572
0.774496
0.824545
1.39777
0.902976
0.790863
0.365954
0.531691
0.732106
1.27601
0.950032
0.983726
0.63231
0.781204
1.33648
0.790474
0.707085
0.72489
1.06095
0.447304
0.810991
0.194014
0.466026
1.01482
0.384693
0.840297
1.20309
1.0401
0.937736
1.10956
1.32351
0.699074
1.3151
1.10608
1.02194
0.608717
0.547157
0.486511
0.585115
0.868933
0.327439
0.83183
0.881734
0.871088
1.11586
0.887113
0.956467
0.618427
0.642287
0.5628
0.517012
0.700959
1.34586
0.756661
0.636535
0.573988
0.737828
0.845127
0.82328
0.548163
0.407173
1.19256
0.645945
0.606074
0.271813
1.3203
1.56667
0.391497
1.55274
0.985515
1.2455
0.705698
0.757378
0.160491
0.598699
0.841524
0.812683
0.177328
0.673186
0.989258
1.53535
1.26475
0.842274
1.31426
0.666255
1.41634
0.866644
0.726293
0.730871
0.858508
1.09703
0.230562
0.89541
0.978226
0.77284
0.63313
0.911294
0.330783
0.6584
0.293752
1.07405
1.18483
0.603845
0.634596
0.980767
1.40861
0.964661
1.45047
0.673982
0.240715
1.01866
1.38041
0.274534
0.914568
0.35751
0.6611
0.97089
0.315
0.554052
0.658548
1.02042
0.557037
1.14784
0.750321
1.01871
0.57592
0.406231
1.51688
0.731628
0.314567
0.702478
0.4188
1.14352
0.514074
1.25732
1.37591
1.16106
0.710684
0.689651
0.788153
1.15136
0.546456
0.87067
0.693664
1.04355
0.229602
0.950917
1.48959
1.27688
1.2689
0.953161
0.777817
0.444786
1.05204
0.416233
0.964783
1.06677
0.339163
0.391057
0.872526
0.466496
1.27376
0.900556
0.981401
1.34423
0.732737
1.05687
1.14159
0.961245
0.449579
0.316547
1.23694
0.376728
1.057
0.788317
0.9225
1.56001
0.385488
1.51917
0.674902
0.670218
1.09353
0.764911
0.777444
0.35155
0.846286
0.757371
0.564539
1.08314
0.504696
0.263206
0.952304
1.23039
1.0182
1.19022
1.03241
1.14922
0.632868
1.03737
0.854022
0.841649
0.561104
0.424894
1.2748
1.4851
0.771821
0.757899
1.50981
1.0113
1.14024
0.304487
1.56781
1.02677
1.26369
0.152209
1.30135
0.453693
0.695384
0.416148
1.51972
1.31533
0.546042
0.358138
0.967882
0.636348
0.852687
0.970972
0.828645
1.18596
0.631143
0.616733
0.785119
1.10021
1.46826
1.38846
0.743016
0.819976
1.17577
0.770846
0.521495
0.400726
1.37121
1.20937
0.413096
0.948636
0.933294
0.872403
0.532495
0.97746
1.04857
0.876153
0.871384
0.378116
0.763942
1.14675
0.342359
0.789152
0.263252
0.626915
1.39181
1.04358
0.776848
0.624866
1.10573
0.974482
0.950762
0.552431
0.826483
1.07266
0.996008
0.994323
1.25448
0.625383
1.42717
1.47313
0.879317
1.23661
0.948037
0.513938
1.15806
0.97571
0.476359
0.86354
0.94787
0.874551
0.241164
1.3434
0.677185
1.36021
1.37777
0.423551
1.44261
0.473803
1.19742
0.688515
0.687655
0.630171
0.802069
0.687977
1.28376
1.04289
0.779098
0.790349
0.695977
0.617823
0.855953
0.281598
0.749111
0.805718
0.753195
0.524236
0.395887
0.940077
0.898577
0.594784
0.934151
0.968462
0.920502
0.658116
0.733773
0.906129
1.01579
1.30759
1.04618
0.496062
1.49053
1.28309
0.970152
1.17107
0.980615
1.42105
0.569721
0.882149
1.08842
0.843586
1.19814
1.04444
1.30024
0.802263
0.763001
0.997472
1.31139
1.27995
0.594881
1.19126
0.786819
0.683314
0.818713
0.807773
1.35996
0.691173
1.06732
1.52109
1.48614
0.579016
0.653489
1.01735
1.29885
0.663642
1.5203
1.09619
1.20834
1.36283
0.306096
0.954165
0.47441
0.270374
1.02205
0.847928
1.06719
0.81297
1.13454
0.324981
0.695524
1.11837
0.864026
0.62028
0.93243
0.683417
1.32936
1.47646
0.872643
1.10644
0.825992
0.372911
0.727681
0.665426
0.417473
0.364955
0.691723
1.07518
0.770228
1.33359
0.99106
1.11236
0.576692
1.22703
0.427765
0.510189
0.999336
0.899807
0.323141
1.39521
1.10947
0.983912
0.514996
0.96753
0.36318
0.600381
0.768567
1.20983
1.47025
0.591198
0.748947
0.688593
0.298108
0.40506
0.898554
0.337813
0.55774
0.615333
1.09791
0.0816773
0.539155
1.40875
0.699298
0.682659
0.744446
0.669976
0.765713
0.975428
0.65834
0.549673
1.4349
0.505005
0.995964
0.625909
0.851919
0.364292
0.828597
0.414435
0.86466
0.96245
0.762923
0.731824
0.664713
0.700361
0.472649
0.496545
1.24397
0.516743
0.792682
0.850913
1.05891
0.264686
1.05025
0.473131
0.98646
1.00683
0.770444
0.321295
1.18165
0.207369
0.851014
0.474144
0.463427
0.46953
1.0021
0.729311
0.718912
1.30636
0.539841
0.867345
0.686405
1.4813
0.68511
0.932949
1.14376
0.656053
0.805816
0.724583
1.42828
0.864021
1.45729
1.1138
1.02539
0.353699
0.481749
1.11136
1.30334
0.524951
0.932704
0.477881
1.19925
1.35042
0.187358
1.12198
1.41571
0.881763
1.35893
0.55539
1.18871
1.11128
0.341137
0.676272
0.816699
0.491388
0.770526
1.20382
1.25474
0.963814
1.08274
0.318043
0.452594
1.1461
0.822053
0.729892
0.804767
0.968848
0.545581
0.885166
0.892989
0.933355
0.762878
0.594521
1.35176
1.33466
0.211826
0.500486
1.48293
0.721541
1.1845
0.595649
0.74231
0.980305
0.973035
0.591598
0.34394
0.792199
1.21189
1.48379
1.02152
0.672031
1.03287
0.612705
0.677736
0.517664
0.56994
0.833659
0.936042
0.441106
0.373739
0.225655
1.17734
1.38983
0.402631
0.757386
1.56309
1.407
0.664654
1.20038
0.636377
1.39255
0.683314
1.55967
0.832652
1.10648
0.444682
0.925547
0.961353
0.434934
0.860825
0.812062
0.834349
0.809796
1.53529
0.208251
0.72786
1.06706
1.01362
1.48839
0.130723
0.440875
1.22985
0.937545
0.409328
0.600985
0.623106
0.998696
0.996706
1.42448
1.38658
1.03546
1.08252
0.242882
0.709619
0.679225
1.22453
0.889094
1.36298
1.19894
0.903387
0.841599
1.40789
1.27726
0.933873
1.25424
0.98655
0.845596
0.794175
0.934363
1.17836
0.781534
0.924123
0.630416
0.453335
0.54084
0.485268
0.530195
0.853878
0.899258
0.513138
1.05648
1.39099
1.01242
0.52951
1.18614
0.841944
0.794431
1.37563
1.04425
1.40838
0.84823
0.431263
0.900603
0.830085
0.809397
0.419894
1.43999
1.19641
1.2361
0.935762
1.02535
0.770203
1.31741
0.72941
1.24233
1.07172
0.690027
0.474775
0.429631
0.71476
1.24682
0.99735
1.37915
1.50576
1.2185
0.953184
0.716542
0.69395
1.1662
0.677921
0.79928
0.902422
0.80241
1.08891
1.09627
0.605858
1.01779
0.901669
0.67227
0.711048
1.09789
0.321829
1.3766
1.15004
1.02229
0.274697
1.25159
0.94958
1.28055
1.4765
0.350817
0.532377
1.0155
0.640755
0.822933
0.519431
0.85197
1.44496
1.27619
1.45107
0.556436
0.915264
0.668378
1.46122
0.560629
0.933401
0.227772
1.34907
0.758571
0.503857
0.707275
0.474749
0.649976
0.32317
0.703693
1.10827
1.18694
0.704224
1.16519
1.05028
0.378
1.40906
0.898295
1.28371
0.386043
0.627861
0.886971
0.826521
1.2753
1.30064
0.225562
0.558721
0.479142
1.46339
0.801704
1.03733
1.14608
1.33877
1.40503
1.36317
1.4003
0.716431
1.19897
0.414111
0.837416
1.4844
0.789213
0.601797
1.34405
1.12572
1.47048
0.772297
1.47935
1.08272
0.386668
0.645221
1.25496
0.649568
0.365912
0.474741
1.12793
1.01183
0.301172
0.526478
0.802927
0.658661
1.13056
0.869251
1.33446
1.29567
0.551549
1.02093
0.840438
0.862345
0.492752
0.594071
0.91889
0.617149
0.906222
1.13288
0.883813
0.736658
0.711743
0.795104
0.604706
1.19507
1.11638
0.355406
0.261422
1.10526
1.48826
1.46708
0.547754
0.543918
0.77619
1.29024
1.31536
0.6292
0.831681
1.20998
1.05076
1.53681
1.06143
0.549941
1.25778
1.26192
1.07703
1.4237
0.656898
0.701734
0.637594
0.387716
0.163269
0.630852
0.501565
0.870046
0.934776
1.30189
0.758518
0.411259
0.59475
0.692295
1.52557
1.14114
1.08412
0.720021
0.195407
0.842883
0.600787
0.998252
1.19163
1.36342
0.401642
0.986331
0.727756
1.32471
1.48566
1.44105
0.505465
0.685964
0.9565
0.947269
0.728985
0.995096
1.2838
0.587357
0.861176
1.50348
0.558381
0.76807
1.13775
0.935131
0.456415
0.936382
1.02732
0.959801
0.91178
0.697615
0.730261
0.849575
0.455365
1.31322
0.761442
0.587772
0.822268
1.56846
0.394115
1.06597
1.39523
0.431013
1.23548
0.76227
1.25539
0.982658
0.770212
0.173873
1.39686
0.84694
1.42385
0.988867
1.51534
0.409983
1.23586
1.27548
0.670267
1.28482
1.28207
0.575802
1.07627
0.690688
1.56735
0.664314
0.519135
0.794425
0.651857
0.644268
1.10877
1.11664
0.287959
0.478129
0.860026
0.902421
1.35208
1.10481
0.598795
0.991125
0.476919
0.677488
0.375574
0.818772
1.14018
1.4985
1.51591
1.21364
1.03985
0.931651
0.67488
0.501214
1.05494
0.763389
1.24638
0.654213
0.954986
0.522262
1.06884
0.600964
0.617476
1.24236
1.0522
0.665753
0.744101
0.746635
0.570968
0.643465
1.11158
1.51756
0.215312
1.1268
0.771493
0.593025
1.44478
0.876905
0.935985
0.4537
1.12832
0.98521
0.603372
0.924535
0.886703
0.550134
0.42825
1.19805
0.824753
1.01033
0.954739
0.818267
0.977739
0.737116
1.30581
0.743842
1.01499
0.55033
1.21619
0.430027
0.474349
0.571186
0.846265
0.428363
0.712532
0.697302
1.21119
0.879499
1.12757
0.982282
0.705973
0.548675
1.08127
0.295737
1.14584
0.508268
0.872726
0.810723
0.92802
0.817666
0.704092
0.714991
0.901072
0.671333
0.3534
0.482212
0.825509
0.793657
0.494133
0.760427
1.08416
0.853693
1.01526
0.458378
0.936597
1.10507
1.11113
1.18671
0.477778
1.09625
0.197812
0.827149
0.988923
1.21082
0.654023
0.543715
0.49633
0.972062
0.673774
1.51022
1.09484
0.997001
0.782947
0.922282
1.05366
0.632159
1.00056
0.827088
0.961419
1.1091
1.23465
0.962747
0.300321
1.13002
0.949076
0.862344
0.728814
0.670288
0.143366
0.387064
1.01612
0.860607
1.06541
0.813366
1.12803
0.770193
0.944123
0.488409
0.786398
1.15599
1.11415
0.693107
0.292427
1.0564
1.17815
1.10121
0.886485
0.459318
1.26535
1.09507
0.860275
0.59334
0.707371
0.851437
0.494211
0.915051
0.406416
0.2491
0.874373
0.707169
0.798116
0.920091
0.429235
0.644864
0.74818
0.529378
0.590425
0.603189
0.998488
0.922913
0.818041
0.476351
0.803821
0.187038
0.341816
0.682574
0.987573
1.0652
1.30298
0.837066
1.56384
1.37199
0.489377
1.53995
0.836804
1.51399
0.318411
0.921808
0.637187
0.739555
1.33365
0.583505
1.5279
0.398932
1.33533
0.825179
1.51033
1.00953
0.611833
0.6434
1.05277
0.554683
0.337004
0.548622
0.476415
0.844384
0.692175
0.0629127
1.36044
0.785807
0.891486
0.882011
0.818815
0.725316
0.71811
0.804694
0.773174
1.02186
0.708435
0.80488
0.894284
0.987278
0.556582
0.658493
0.913201
0.572523
1.47026
1.22816
0.422449
1.15172
1.21227
1.15892
1.1612
0.558349
0.756113
1.55743
1.42102
0.921966
0.283688
1.45373
0.507595
1.34866
0.766729
0.779127
0.451379
0.766929
0.801534
0.780694
1.24476
0.981247
1.2563
1.05553
0.586228
0.275656
0.835501
1.09964
0.337641
1.03871
0.385837
1.41167
0.982866
1.29148
1.19253
0.934596
0.249167
0.484538
0.432687
0.984426
0.652824
0.500886
1.46081
1.03306
0.510229
0.819485
1.00063
0.9388
1.05838
1.47891
0.26388
0.392003
1.04448
0.548785
0.72796
1.29997
1.19689
0.896839
1.19244
1.00886
1.12032
0.924511
1.25756
1.25041
0.165265
0.169005
0.635446
0.876974
0.962386
1.2659
0.717029
1.14515
0.741819
0.926014
1.05571
0.338844
0.357767
1.23089
0.715238
0.909577
1.10846
1.39964
0.929255
1.1702
1.35324
1.22343
1.3821
1.31202
1.08165
0.896706
1.48955
0.874716
0.418038
0.945686
1.2258
0.578119
0.385576
1.1862
0.88644
1.40243
0.396273
1.02006
0.322095
0.399029
1.27291
1.43411
0.682462
0.5165
0.606787
1.19849
0.842984
0.842106
1.03838
0.750089
1.05263
0.456408
0.746566
0.959393
0.848245
0.675732
1.29848
0.79152
0.5854
0.55444
1.42375
0.484282
1.34568
1.02577
1.0347
0.609898
1.12618
1.14126
1.10932
1.21746
1.17754
0.649627
1.0838
0.973487
1.05761
1.48755
1.35663
0.897041
0.924791
0.859307
0.381259
0.535331
1.53114
0.829477
0.265135
0.300921
0.329754
0.21037
0.926556
1.12675
0.45112
0.436449
0.674667
1.20746
0.764467
0.88334
1.41711
0.830232
0.615201
0.873805
0.661189
0.722903
0.747792
0.448622
0.530927
1.07982
0.719956
0.852136
0.529278
0.886609
1.24966
0.624142
0.856732
1.14161
0.593698
0.754756
1.13109
1.15345
1.00017
0.949321
1.00907
0.613019
0.340962
0.515576
0.183196
0.662363
0.612381
0.792445
0.729635
1.37848
0.973237
0.693764
1.18335
0.621214
1.14684
0.663859
1.06161
1.10553
1.12109
1.02282
1.14791
0.42794
1.32771
0.633588
1.24828
0.826706
0.725955
0.744022
1.03189
1.48427
0.645405
1.56429
0.976983
0.093938
0.436811
1.03812
0.343665
0.481512
1.23103
1.02688
0.849151
1.25826
0.639816
0.74373
1.53567
0.745117
0.999509
0.443877
1.06931
0.829977
1.23631
0.310071
1.06537
0.447135
0.53013
1.1097
1.17082
1.03922
0.638435
1.29036
0.653213
1.16667
0.822492
0.6177
1.40252
0.89581
1.00727
1.09546
1.55789
0.474033
0.95096
0.655413
0.429528
0.989083
0.923854
1.02806
0.991185
0.932723
0.786745
1.12289
0.820632
0.63144
1.06348
0.401248
0.828634
0.784439
0.963528
1.29279
0.703234
0.995201
0.824466
0.621061
0.405651
0.64599
0.696354
1.26628
0.705222
0.549087
0.593454
0.791719
1.30021
1.12507
0.379521
1.07379
0.418202
0.527613
0.875273
0.758571
0.803965
1.24923
0.697559
0.980082
0.62245
1.46152
1.25379
0.31437
0.606522
0.440131
1.07086
0.882251
0.463117
0.656634
1.10467
1.17137
0.914194
0.366436
0.484056
1.34263
0.561915
0.783236
0.263176
0.71842
1.16344
0.62379
0.81501
1.44579
0.513764
1.34695
0.848366
0.851519
1.29447
0.472991
0.631067
0.404005
0.741828
0.597937
1.23973
1.02385
1.24555
1.48387
0.945287
1.49866
0.524949
0.879329
1.50296
0.709708
0.561488
0.460679
0.275384
0.673357
1.34995
0.44233
1.55627
0.736746
0.416205
0.468463
1.0262
0.690408
1.47012
1.25677
1.04375
0.748329
0.976643
0.453776
0.983313
1.42183
0.596044
0.603871
0.672459
1.30906
0.832632
0.951229
1.03944
0.88012
1.04703
1.23537
1.01616
1.3966
0.494247
0.558739
0.555839
0.830977
1.21219
1.52324
1.03197
0.724857
1.42521
1.33534
1.56956
0.629021
1.35971
0.565867
0.650133
1.484
0.840957
1.32379
1.06786
0.55293
0.126992
0.745061
0.353101
0.997251
1.31853
0.731316
0.431349
1.24503
0.303079
0.578578
0.874344
0.892172
0.65357
0.574602
0.829409
1.20435
0.423459
0.581378
0.81602
1.37845
0.593936
0.470213
0.989833
0.976286
0.156838
0.3259
0.699203
0.532946
1.17239
0.680959
0.821115
1.54319
0.973798
1.55163
0.694744
1.23577
1.15808
0.842076
0.378351
0.81115
0.911163
0.999985
0.926308
1.05499
0.359005
0.500196
0.705292
1.05486
0.330915
0.691577
0.997125
1.09334
0.712886
0.662027
0.710129
0.802358
0.800389
0.879075
0.454032
0.450938
0.447256
0.47094
1.27174
1.14003
0.505348
1.33692
0.853118
0.283348
1.11019
0.699407
1.09213
0.23219
0.227791
1.35379
0.812709
0.701686
1.17994
0.965488
1.16862
0.665705
0.940804
0.702104
0.847283
0.624261
1.03281
0.808657
0.883548
0.979044
1.22646
1.10197
0.454101
0.976077
0.360052
0.816179
0.983956
1.10453
0.358463
1.48694
1.49627
0.860888
1.03219
0.688204
1.00319
1.05502
0.636109
0.445737
0.596135
1.27092
1.43149
0.755665
0.753903
0.965752
0.938637
0.904836
1.05777
1.04927
0.750312
1.40173
0.861788
1.11204
0.96562
1.43258
0.608736
0.804592
0.52462
0.911914
1.3019
0.767851
0.301751
1.42341
1.36892
0.893655
1.08999
1.24857
0.614934
1.28853
1.08662
0.794266
1.32439
0.939872
1.04136
1.06354
1.40976
0.74152
0.382654
0.6877
1.14078
0.386461
0.849338
1.16962
1.47415
0.976647
0.931897
0.952163
0.933388
0.580935
0.50222
0.660722
1.47452
1.18625
0.94257
0.915961
0.965871
0.692142
1.30083
0.226493
1.49196
1.2997
1.46502
0.650411
0.990136
0.659424
1.28298
0.728699
0.249869
0.836015
0.683311
0.205409
0.488875
0.536701
0.454029
1.40355
0.986604
0.781113
0.614422
0.478928
1.00194
0.281789
0.795101
0.5913
1.22903
0.919347
0.525058
0.558809
1.01869
1.42644
0.580691
1.13437
0.489571
1.14278
0.359386
0.593661
0.848911
0.784514
0.467972
0.22586
0.963589
0.964572
1.39131
1.12928
0.837724
0.755822
1.29459
0.952533
0.681881
0.647807
0.685286
1.08435
1.13774
0.480794
0.741115
0.912781
0.853118
1.37145
0.684138
1.12556
1.14674
0.280429
0.597018
0.907224
0.576968
0.648398
0.117812
0.748404
1.14687
1.33379
0.401908
0.642035
1.51057
1.35162
1.4003
0.530502
0.228926
0.375328
0.436805
0.692291
0.911828
0.86703
1.22288
0.917609
0.520642
1.4843
1.00123
0.307835
1.54022
0.319028
0.601632
0.811512
0.690646
0.381365
1.03415
0.980447
1.15911
0.680775
1.12215
0.943191
0.673203
0.818892
0.90639
1.22328
0.671457
0.332702
0.943523
0.651496
0.899455
0.565412
1.09061
0.685232
0.751593
0.480687
0.505533
0.505486
0.813632
0.810273
0.57573
0.799696
0.696273
1.51431
1.10931
0.37073
1.13603
0.486956
1.20024
0.794075
0.423593
1.23622
0.321933
0.800396
1.26469
0.823333
0.632981
0.262281
0.541539
1.41184
0.786212
0.367185
0.705341
0.932497
1.03232
0.757303
0.654811
1.00046
0.991595
0.548289
0.609702
0.656189
0.706081
0.614514
0.923004
1.26102
1.48092
1.16773
0.845229
0.942905
0.745845
0.403508
0.91563
1.00637
0.621316
0.869742
1.12504
1.30441
1.22628
0.461519
0.920699
1.04849
0.746911
0.830564
1.06073
1.11966
1.44584
0.860269
0.913838
0.68417
1.02403
0.757633
0.67675
0.626399
0.748688
1.06889
0.333865
0.851892
1.08903
0.421383
0.368445
1.02225
1.3238
0.866615
0.850094
0.414238
1.22792
0.562108
0.471095
0.740105
0.816442
1.1487
0.894508
0.420116
0.0501193
0.999304
0.939495
0.915004
0.583364
0.881207
0.746086
1.06174
1.06179
0.886848
0.774575
0.3211
1.02043
0.449733
0.263045
0.770658
0.878182
0.52742
0.823837
0.283146
1.52421
0.60933
0.774199
1.27341
1.01016
0.686132
0.276222
0.639839
0.52866
1.12602
0.859845
1.39241
0.609089
0.575872
0.832282
0.730417
0.704528
0.722883
0.759723
0.62086
1.46055
0.413864
1.54699
0.784445
1.12891
0.725961
0.542042
0.528184
0.950838
1.00373
0.971567
0.857521
1.56083
1.31462
0.99036
0.592859
1.17338
0.634851
1.55741
1.4029
0.697348
0.906124
0.835079
0.514602
0.803901
0.814608
1.12788
0.452507
0.606179
1.07576
0.624979
0.423463
0.952733
0.898884
0.751152
1.42844
1.06328
1.05128
1.08194
0.788407
1.07252
0.518851
1.23502
0.254534
1.13776
1.12993
0.457385
1.36548
0.974628
1.369
0.922705
0.58883
0.441025
1.05137
0.864135
0.886891
1.21925
0.440037
1.13514
0.740904
0.897623
0.484302
1.3686
1.10142
0.556427
0.727337
0.813018
1.25216
0.703301
1.05674
0.384677
1.26426
0.369416
1.33602
0.722184
0.646536
1.14195
1.48865
0.646412
1.04884
0.742602
0.642377
1.02563
1.15372
0.674542
1.0801
0.913204
0.862857
0.643074
1.46766
0.808502
1.18146
0.845183
0.519237
0.862468
1.21087
1.36204
1.14362
1.3473
0.633612
0.591941
0.51009
1.35755
1.22431
0.885303
0.800486
0.612634
0.786725
1.55189
1.54897
0.415729
0.938393
0.874835
0.792894
0.457715
0.739169
1.09632
1.05248
0.997549
1.12693
0.658925
0.972595
0.276385
1.44289
0.360765
0.856221
0.831602
0.460301
1.45053
0.877458
1.03355
1.26442
0.214302
1.54636
0.400696
0.820673
0.889564
0.630206
0.422254
0.62613
0.495248
0.6266
1.02253
0.398818
1.35117
1.19486
1.4613
0.722992
0.903134
0.326565
0.396387
0.915615
0.800421
1.0803
0.642242
0.422105
0.496892
1.30675
0.767799
0.765463
0.338067
0.980942
0.410853
0.208782
1.17273
1.45204
0.879195
0.613328
0.633926
1.25703
0.535567
0.942875
1.09533
0.585891
1.34545
0.805444
0.774144
0.564322
1.08358
1.50903
0.809622
0.953139
1.33028
0.332557
0.891831
0.549355
0.678522
1.16042
0.582715
1.05183
0.938018
1.02832
1.07434
0.694072
0.874314
1.3693
1.50618
0.628113
1.48675
1.37911
1.119
0.850363
0.487653
0.690006
0.340416
1.1008
1.15843
1.55236
0.379915
0.360536
0.825337
0.569004
0.383667
0.835282
1.098
1.34854
0.817476
0.610307
0.961776
0.867163
0.957157
1.01871
1.01716
1.31878
1.43589
1.25183
0.308345
0.625158
0.520102
0.587824
0.233321
0.823747
0.749714
0.554232
1.47332
1.26724
0.678049
1.02094
1.2497
0.800422
1.14484
0.406037
1.51473
0.638235
0.153684
0.933898
0.987718
1.18501
0.681799
1.27846
0.927141
0.969206
0.845072
0.705074
0.653124
0.719343
1.50546
1.02132
0.598853
0.222236
0.863919
0.304579
0.995489
1.0778
0.17877
0.470794
0.69032
0.619873
1.19046
1.21635
0.924997
0.852716
1.02948
0.684716
1.16886
0.644284
0.601335
1.16708
0.720366
0.652096
0.456224
1.15362
0.633946
0.884284
0.753159
1.38653
0.674379
0.598561
1.31499
0.692318
1.20983
0.614516
0.910351
0.991052
1.2623
0.295217
1.33993
1.55633
0.810705
1.33418
0.407653
0.849266
0.340312
0.772809
1.06256
1.00218
1.03187
1.13701
0.865996
0.819429
0.77776
0.351038
0.780789
1.10345
1.00765
1.47859
0.952618
0.348238
0.234339
0.886985
0.973361
0.691706
0.794712
1.43042
1.31027
0.397088
0.781388
1.26261
1.08606
1.40253
0.444914
0.402879
0.0319932
0.528114
1.09787
1.35204
0.768471
0.796189
1.54155
0.617101
1.46525
1.25715
0.937413
0.571829
0.616774
0.885489
0.712364
0.99989
0.664429
0.934
0.265757
0.970334
1.26106
0.737554
0.328367
0.305116
0.224632
0.741476
1.08403
0.220225
0.921601
1.53671
0.632576
0.541343
0.29259
0.922213
1.1715
1.47806
1.26823
0.774782
0.410978
1.02075
1.14839
0.920944
0.252832
0.579176
1.31604
1.43944
1.17822
0.898359
0.510935
1.19405
0.772439
0.695237
0.764108
0.965298
0.556948
1.01769
1.05313
0.781166
0.733446
1.41594
0.422848
0.475623
0.774057
0.980163
1.10688
0.538787
0.874756
0.85068
1.28374
0.286971
0.457748
0.249803
1.22213
0.303926
1.01386
1.16874
1.46293
0.447589
0.991337
0.724297
0.581676
0.646439
0.630481
0.226748
0.623818
0.801316
1.16709
0.790902
0.731129
0.939742
1.47225
1.12809
0.572318
1.33237
0.392995
0.510089
0.631299
0.752749
0.998025
1.19269
0.659143
0.604054
1.07252
1.54526
0.760936
0.531294
1.11395
0.923456
0.602324
1.00235
1.2858
0.512197
0.875451
0.661337
1.22337
0.637287
1.03108
0.470466
0.70484
1.19012
0.560749
0.572686
0.933568
0.459533
1.04177
0.259528
1.02135
0.492308
1.31031
1.09208
1.22918
0.76145
1.04032
1.35671
1.04308
1.09416
0.47551
0.787456
0.204423
0.952217
0.485197
0.70666
0.507516
0.726871
0.282727
0.867363
1.21445
1.29986
0.583418
0.811734
1.23172
1.29221
1.00878
0.645864
1.02905
1.17805
0.809949
0.437338
0.860937
1.50728
1.02493
0.773773
1.48106
0.873691
0.529057
0.945215
1.54041
1.43159
0.480798
0.709395
0.529473
0.654359
0.509276
0.520975
0.675092
1.56065
0.429416
0.524466
0.518749
0.242624
0.953969
0.327242
0.880155
0.799088
0.322634
0.539754
0.929524
0.425043
0.956934
0.626003
0.734855
0.968107
0.579446
0.957861
1.12748
0.610622
0.993889
0.425863
1.1811
0.735669
0.802139
0.426411
0.529581
0.554423
1.02078
0.626498
1.34253
1.21168
1.06616
0.52893
0.614847
1.03801
0.992275
1.02097
0.944699
1.53969
0.630961
1.4025
1.04172
0.879373
0.626712
1.0202
0.657971
1.22329
1.02869
0.581158
0.809693
0.957806
0.855861
0.41084
1.03434
0.914138
1.19802
0.998654
0.113158
1.15079
0.635329
0.757167
1.24127
1.31355
0.568596
1.30019
0.625661
1.31391
0.824585
0.321989
1.01041
0.471376
1.16645
0.732547
0.870972
0.831107
0.627464
0.975296
0.792797
0.94042
0.118783
1.43616
0.255448
0.713499
1.45498
0.438763
0.700783
1.04958
0.639741
0.319809
0.278002
0.885381
1.42271
1.02732
0.897858
0.527168
1.54403
0.476824
1.25939
0.275911
0.337359
0.330351
0.939742
1.54144
0.431529
0.526523
0.437329
0.419148
1.5515
0.437911
0.64706
1.17903
0.50807
0.902985
0.630043
0.525015
1.12493
1.00805
0.931616
0.989081
1.06605
0.637291
0.570625
1.16379
1.5539
0.508088
1.18559
1.07542
0.994152
1.05501
0.523883
0.580846
0.302127
1.19294
0.615703
0.880502
0.868401
1.53119
0.997243
1.32975
1.30315
0.835002
0.958671
0.41605
1.14441
1.07404
1.10848
0.472334
1.07861
0.672146
0.755032
0.484352
0.720302
0.555013
1.09386
0.711415
0.852227
0.913801
1.54269
0.401366
0.890443
0.500108
0.566701
1.45766
0.885411
1.21481
0.280606
1.1348
0.985615
0.494733
0.990979
0.70339
0.452013
0.841581
1.14525
0.398124
0.89306
0.799226
0.846358
0.821321
0.504288
1.11393
0.947019
0.647877
0.967256
0.732498
0.506624
0.853248
0.242213
1.54029
1.0595
0.923117
0.378423
0.515013
0.612274
0.751994
0.803457
0.64088
0.410049
0.798307
0.94828
1.36847
0.553599
0.394812
0.475801
1.32384
0.742089
0.861981
0.694895
1.36483
0.961054
1.19628
0.943782
0.372008
0.326675
0.379155
0.796524
0.39535
0.647183
1.42904
1.02728
0.699502
0.981519
0.961837
0.890665
0.164665
1.1042
0.546638
0.40388
0.884246
0.674252
1.02762
0.393958
0.710379
1.17611
1.03451
1.10893
0.679475
0.493923
0.517015
1.28926
1.26501
1.11935
1.4268
1.28302
1.2926
0.995717
0.856727
0.872058
0.700977
0.752872
1.34227
1.19969
1.03016
0.372683
0.371523
1.40321
0.897602
0.971008
0.750915
0.321688
0.552834
0.583203
1.03855
1.36563
0.413798
0.717057
0.347084
0.569226
0.941456
1.43364
0.656849
0.777721
0.566166
0.282985
0.317358
0.856014
1.03644
0.529793
0.72465
1.10167
0.722572
1.03385
0.7997
0.96368
0.888198
1.06251
0.947726
0.403852
0.935418
0.463072
0.43482
0.73078
0.440734
0.119872
1.32785
1.15621
0.869767
1.08017
1.51087
1.01561
0.530809
0.696515
0.679757
1.45596
0.898648
1.07915
0.539408
0.658432
1.4357
1.25103
0.477879
0.832238
0.877233
0.935937
0.836566
0.96605
0.340701
1.17773
1.00536
1.20771
0.885065
0.442918
0.867349
0.953799
1.14201
0.666508
1.03221
1.18901
0.467949
0.847213
1.2345
0.549623
0.534723
1.10022
1.18872
1.34145
0.387435
0.983296
0.854397
1.01675
0.521844
0.64712
0.582638
0.89848
0.347616
0.7684
0.697729
0.993832
0.190703
0.978081
0.902837
0.352639
0.679908
0.917327
1.43119
0.888771
0.947924
0.725487
0.850121
0.312489
0.47912
0.247949
0.537777
0.34955
0.440005
0.596583
0.35727
0.550307
0.858441
1.50574
0.637294
1.46773
0.130967
0.979877
0.548818
1.46227
1.12166
1.21462
0.829764
0.697116
0.6448
0.785726
1.40907
1.09149
0.943806
1.01716
0.738796
0.584637
0.333049
1.24918
0.824006
0.978957
0.70216
1.44855
0.862444
0.63129
0.873387
1.14233
0.852476
0.705186
1.25964
0.793227
0.563883
0.999876
0.698517
0.904057
1.1441
0.611221
0.256291
1.51182
0.725945
0.606824
0.127242
0.807947
0.526304
0.148964
1.17708
0.758751
0.757072
0.289175
0.739401
0.865126
0.820127
0.23587
0.852718
0.816725
0.40284
0.42095
0.816673
1.32978
0.6065
1.01027
1.07765
1.06268
0.512428
0.695417
1.27629
0.826989
1.18002
0.550363
0.286953
1.38005
0.796379
0.886949
1.37929
1.08766
0.716932
0.776276
0.35027
0.99484
0.646093
0.611145
1.09487
1.07856
0.31326
1.35949
1.37328
1.43449
0.606702
1.56478
0.676937
0.896301
0.927031
0.897983
0.760079
0.958607
1.16364
0.737358
0.974689
0.896102
1.23564
0.816647
0.902957
1.06847
0.693961
0.733968
1.18307
0.514319
1.38126
0.994084
0.739136
0.428283
0.603123
0.818969
0.610346
1.43771
0.498947
1.25827
0.504039
0.423057
1.40965
0.446453
0.99348
0.96988
1.0446
0.978293
0.612559
0.671861
0.585046
0.640585
1.06448
0.196129
1.16202
0.554153
1.14418
0.92614
0.496082
1.52155
0.507258
1.09139
0.470241
1.17815
0.884001
1.14337
1.2899
0.834274
0.800675
1.02183
0.855903
1.24796
1.00785
0.808187
0.775257
0.475436
1.28076
0.599571
0.870608
0.606932
0.980059
0.923037
0.496917
0.632159
0.514358
1.1102
0.852051
1.05437
0.313016
0.304839
1.35097
0.538928
1.10426
0.927611
0.756
0.815315
1.18384
0.555745
0.966912
0.88707
1.47229
0.669584
0.920996
1.50279
1.56076
0.711804
1.42363
1.26822
0.437676
0.705431
1.42769
0.528889
1.55947
1.40175
0.51168
0.248143
0.670884
0.633889
1.3345
1.31727
0.79351
1.14074
1.07695
0.912689
0.653429
0.778041
0.853104
1.2183
1.23705
0.971407
1.42708
0.928022
0.378485
1.24058
1.08681
1.06089
1.12536
1.14596
0.794456
1.04162
1.05065
0.999572
1.27095
1.25519
1.3965
0.451515
0.686041
0.830987
0.677268
0.845407
1.21092
0.248051
0.340183
0.326113
1.06968
1.17945
0.798739
0.325074
1.00507
0.85417
0.300273
1.06412
0.700201
0.642179
0.765839
1.29027
0.649436
0.902958
0.842486
0.598875
0.272329
1.50906
1.0311
1.04559
1.03604
1.10096
0.779512
0.84624
0.533424
0.71218
1.14881
0.987338
1.19735
0.353837
0.838586
0.805025
1.0111
1.02161
0.531468
0.667328
0.692573
1.5586
0.466163
0.58817
0.440991
0.945991
1.26733
0.53859
1.03966
0.621356
1.28221
0.943191
1.04159
0.794907
1.26901
0.976129
0.620576
1.35605
1.16112
0.872606
0.84495
1.08489
1.56653
0.298061
0.392969
1.22989
1.05282
0.725477
0.905276
0.655153
0.458822
1.49692
1.17095
0.877589
0.996484
0.455693
0.652261
0.868745
0.190244
1.17475
0.920159
0.87128
1.02762
0.889403
0.543632
1.37571
1.36269
1.56982
0.926875
1.50485
0.575009
0.784053
0.742865
1.31225
0.817025
0.265326
1.52089
1.09108
0.747002
1.3596
1.10331
1.26482
1.38068
0.762841
0.93346
1.39115
1.01157
0.729741
1.33577
1.43401
1.30156
1.06657
0.587304
1.18281
0.601931
0.526234
0.701522
1.08935
0.923672
0.634803
0.408216
1.22566
0.677683
0.326362
1.1977
0.95899
1.18737
0.662562
1.39469
1.19306
1.22571
1.10455
0.408282
0.754918
1.15055
0.68997
0.931825
0.248081
1.29205
0.990434
0.984103
1.28419
0.625206
0.919019
1.33846
0.966707
0.865565
1.26812
0.949842
0.954653
0.864964
1.41448
0.645968
1.24142
0.867843
0.857429
0.696195
1.30067
0.429444
1.37251
1.50892
1.48344
0.673811
0.0877186
1.32601
1.07451
0.748806
0.778929
1.0273
1.17393
1.02894
0.601991
1.16134
1.54239
0.512465
1.07311
0.783239
0.735337
1.03457
0.155415
1.29217
0.824559
1.05388
1.20446
1.14365
0.728249
0.842442
0.513348
1.11585
0.463133
0.997276
1.24954
1.47391
0.884069
1.08344
0.96656
0.850165
0.621521
0.464128
0.73829
0.959734
0.47583
0.554571
0.78852
1.04455
0.773212
1.35056
0.578487
1.50817
0.304007
0.707447
1.36652
0.328055
1.55403
0.202899
0.585331
0.553861
1.31219
0.67821
0.740924
1.13703
0.697672
0.949343
1.03063
1.1931
1.37864
1.54322
0.718128
0.902407
1.42716
1.15676
0.556163
1.25229
0.590525
0.682838
0.490399
0.823002
0.746178
0.713483
0.883734
0.887368
0.202068
0.672202
0.696677
1.47313
1.11858
0.680259
0.918054
1.51273
0.950831
1.00672
0.643682
0.709225
0.554805
0.97273
0.813394
0.5855
0.453043
0.416264
1.21193
0.573299
0.662285
1.10843
0.47681
0.519421
0.460959
1.06863
1.51726
1.01117
0.868119
1.11545
1.34931
1.18891
0.526131
1.00209
0.322459
1.16505
0.873867
0.625927
0.513387
0.885371
0.923132
1.16341
0.95696
1.2948
0.932079
0.886884
1.53494
0.844575
0.837669
0.873082
1.20122
1.00341
0.832122
1.42666
0.347882
0.971669
1.00524
0.180152
0.661222
1.33263
0.808167
0.612812
1.04814
1.10854
1.14556
1.39379
0.918385
0.279696
1.26136
0.845046
1.04354
1.16738
1.27549
0.733518
0.794484
1.02272
0.964233
0.705143
0.930331
1.1855
1.01348
0.941627
0.532435
0.747157
0.799407
1.41304
0.443426
1.34384
0.244405
1.43729
0.785703
0.33985
1.00783
0.427612
0.958197
0.571885
0.604577
1.52443
0.380231
0.87412
0.352371
0.748487
0.791371
0.767636
1.02411
0.920535
1.15836
0.493192
1.09389
0.68454
0.506561
0.863943
0.985422
0.389397
1.26709
1.33962
0.828569
1.3732
0.495756
0.903239
0.816226
0.821965
0.279919
1.37817
0.990673
0.927429
0.65634
0.259325
0.381708
0.540989
0.995642
1.00921
1.30077
0.213619
0.608308
0.723732
1.56904
1.20461
1.13323
0.390367
0.878965
0.548725
0.587441
1.10506
0.250937
1.49599
0.642593
0.313952
0.119878
0.6754
0.930725
0.621957
0.591055
1.12
0.963986
0.368647
0.4936
0.846083
0.31784
0.85183
0.925101
1.25124
1.54352
1.17084
0.558779
0.417325
1.53175
0.866505
1.40587
0.544221
0.318257
0.883386
0.873725
0.943335
0.993755
1.29743
0.722738
1.26668
0.400625
1.30756
0.914019
1.15531
0.84331
0.97315
0.441681
0.60859
1.27964
0.320601
1.36565
0.663666
1.02414
1.56275
0.943016
0.735233
0.898947
0.426099
0.601767
1.05179
1.44997
0.32393
0.429509
0.693028
0.853066
1.17751
0.74348
1.24597
1.02122
0.830021
0.666984
1.15975
0.514116
0.358014
0.632069
0.747222
1.08669
0.742728
0.632266
0.61674
0.884761
0.595445
0.660119
0.750025
0.243609
1.35509
1.3295
1.46908
0.887778
0.697786
0.644843
1.49302
0.451642
1.20425
0.582852
0.433978
0.956144
0.859734
0.763699
1.22574
0.780716
0.33375
0.743589
0.571312
0.784935
0.947534
0.822126
0.785526
0.991557
0.654479
0.938207
1.01094
0.731074
1.41158
1.05701
1.03564
0.999816
0.982829
1.34519
0.922756
0.659985
0.698963
1.08943
1.13698
1.12668
1.3555
1.1151
0.379922
0.504374
1.08379
0.801189
0.350704
0.844375
1.02714
1.26436
0.851386
0.692379
0.556687
0.813587
0.756712
0.451102
0.969041
0.997292
1.51601
0.785736
0.280535
1.01436
0.502933
0.833831
1.38163
1.17718
0.91275
0.316066
0.222089
1.00334
0.888634
0.907415
1.01565
0.254458
0.52159
0.532803
1.19451
0.609362
0.814182
0.852581
0.611328
1.07596
0.866265
1.05315
1.49164
0.522545
0.503982
0.877404
0.395227
0.957329
0.359997
0.615943
0.629356
0.77876
0.865203
1.28013
1.40579
0.349348
1.41626
0.525966
1.13925
0.818041
0.839113
0.991557
0.610647
0.850605
0.649774
1.11849
1.284
1.0063
0.436856
1.18373
1.2976
0.449924
1.38143
1.29509
0.744396
1.18668
0.995391
0.504379
1.0098
1.315
1.15673
0.768123
0.729296
0.99277
0.845363
0.712039
0.613182
0.901912
1.17832
1.21838
1.08587
0.864988
1.31487
0.847592
1.38563
1.26535
1.06416
1.24369
0.324298
1.04467
0.743736
1.19804
0.610803
1.55967
0.397652
1.14883
0.959951
0.817422
1.44861
1.20312
0.431923
0.918529
1.16239
0.506656
1.09559
1.19333
0.456439
0.768659
0.420632
0.824814
1.25759
0.749946
0.797145
0.903747
1.36592
0.926069
0.891937
0.470078
0.67638
0.908142
0.6945
0.427873
0.531122
0.989144
0.508681
1.12077
1.43001
1.09207
1.31153
1.47764
0.820385
0.819638
0.776314
0.245089
1.09196
0.632875
1.35666
