0.597026
1.43505
0.775553
1.28344
1.36776
0.560148
0.393489
0.524776
0.90979
1.10208
0.935398
0.649761
0.744967
0.675475
0.828026
0.843425
0.4127
0.491129
1.08575
0.782625
0.90929
1.12013
1.34238
1.3441
0.803709
1.18405
1.00689
0.860792
1.10443
0.633942
0.949561
1.34871
0.57341
0.79811
0.756984
1.27414
0.580811
0.588712
0.672109
0.576139
0.778839
0.411058
0.245337
0.996017
0.552489
0.534775
0.75932
0.816407
0.523692
0.718264
1.34888
0.862671
0.925966
0.853612
0.983636
0.534149
1.14007
1.04486
0.350921
0.673516
0.811164
0.393816
1.02331
1.01552
1.30907
0.635592
0.978053
0.886924
1.31016
1.01686
0.996401
0.389313
0.733703
0.713188
1.24411
1.35813
0.96342
0.616895
0.987632
0.133288
0.314233
0.787988
0.492244
0.738937
1.00009
0.869101
0.49857
0.606222
0.251037
0.865815
1.12887
0.860513
1.13613
0.874596
1.23839
0.501066
0.943451
1.00343
0.618032
0.599832
1.21736
1.31976
0.838839
0.433433
1.32525
0.788638
1.06809
0.665057
0.425045
1.09072
0.938245
0.746936
0.931701
0.485968
0.589881
0.973509
1.40555
0.568681
0.853526
1.0921
1.23348
0.372489
0.730256
1.53506
0.568904
1.56698
0.521442
0.849379
1.09178
1.08371
0.5682
0.859931
0.364537
1.18319
0.736169
0.570323
0.611845
0.759293
0.229591
1.42642
0.865809
1.55495
0.854901
0.573519
0.424957
0.434374
0.533623
0.783941
0.184639
0.542646
1.18384
0.649306
1.06209
0.378076
0.38498
0.528316
1.05269
0.453589
0.620811
0.628215
1.35052
0.850798
1.19569
0.522919
0.758684
0.578668
0.383861
1.07539
0.865445
0.98625
1.12995
0.976094
0.715348
1.4701
0.312897
0.541443
0.746088
0.637619
0.484447
0.927999
0.111886
1.22304
0.559054
0.522417
1.2132
0.539203
0.400522
0.882391
1.33544
0.938881
0.803452
0.402981
0.769149
0.282987
0.296647
0.589147
0.518786
0.807076
0.990405
0.502155
0.938687
0.719183
0.781852
0.369605
1.4995
1.13463
1.19234
0.80759
0.277215
1.31685
0.506595
0.792346
0.35864
1.14874
1.28269
1.42933
0.642994
1.4635
1.27812
0.766188
0.512025
0.761567
0.81304
0.903921
0.648303
0.914877
0.355127
1.09338
1.01857
1.31446
0.833053
0.566495
0.39591
0.403844
1.18446
1.26456
0.461391
1.1413
0.435358
1.27764
0.73858
0.353073
0.409392
0.362635
0.751159
0.48122
0.914799
0.738428
0.651667
0.645521
0.770585
0.406094
0.866699
0.592559
0.946952
1.03604
1.46236
1.05204
0.369658
0.729183
0.802431
0.749104
0.955755
0.609117
0.70776
1.45759
0.262291
0.382876
0.399109
1.05453
0.945192
0.759714
0.754904
1.08331
1.02101
0.841624
0.727486
1.04944
0.886596
0.710614
0.815937
1.20913
1.40078
1.0811
1.05992
0.514443
1.20653
0.382358
0.572621
1.26343
0.930141
1.3332
0.413891
0.515636
0.943229
0.422448
0.532588
0.435786
0.247854
1.39152
0.796034
0.424629
0.475062
1.48965
1.20844
1.14027
1.46622
0.86672
1.0656
1.28138
1.33399
0.285591
1.20414
0.769869
0.667909
0.322387
1.21626
0.559305
0.9348
0.53583
1.09835
1.30309
0.316244
0.331198
0.930256
0.312316
0.2385
0.876721
0.708189
0.824739
1.48148
0.355715
1.4229
0.490609
0.476978
1.01051
1.04266
0.962357
0.145859
0.465631
1.34528
0.626602
0.466635
0.508457
1.07088
0.701856
0.880863
0.801061
0.603502
0.350387
0.906224
0.837762
0.53575
0.872165
0.46774
1.26049
0.714636
1.02137
1.052
0.808598
0.642664
0.939127
1.16686
0.786551
0.745289
0.88147
1.54759
0.832004
0.833274
0.826272
0.47147
1.16086
0.791534
1.42363
0.876364
0.914405
0.841045
0.796025
0.974458
0.301233
0.792589
1.18252
0.612111
0.532402
0.982302
0.760953
1.36888
0.942656
1.02967
0.797228
1.12261
0.574421
0.545827
1.28528
0.85745
0.209267
0.490517
0.836126
0.360766
1.53224
1.19714
1.08394
0.814268
0.92678
0.267665
1.11917
0.674194
1.04712
1.41107
0.723133
1.50981
0.965966
0.951326
0.884032
1.27285
1.16676
0.552981
1.28724
1.16997
0.665115
1.08639
1.20986
0.761866
0.488017
0.890216
0.293142
1.22614
0.884032
0.386738
0.244408
1.23061
0.89871
0.906405
1.01316
0.958189
1.2058
1.42065
0.630755
0.364728
1.37239
0.86812
0.457394
0.732042
0.224246
0.89964
0.487784
1.39442
1.18681
0.817844
1.04622
0.955621
0.964264
0.940882
0.666216
0.654385
0.625585
0.607355
0.787775
0.564713
0.847336
0.928622
1.41221
1.23093
0.524993
0.196955
0.537543
0.858271
0.898295
0.863588
0.289532
1.10579
0.429395
0.24249
1.03654
0.723218
0.856321
0.619304
0.736682
0.588819
1.31747
0.71537
1.47053
1.26775
0.569166
0.808014
0.865759
0.359871
1.20904
1.07762
0.553596
0.596604
0.857502
1.0576
1.34201
0.664687
0.375623
0.863792
1.16812
1.40081
0.497435
0.91818
1.46515
0.776236
0.399215
0.888373
0.79452
0.473278
0.752281
1.11735
0.713197
0.785346
0.837136
0.784976
0.603627
1.04249
1.34056
1.15972
0.320208
0.351089
1.38488
1.10089
1.04354
0.317515
0.182696
0.584471
0.929627
0.893232
0.354554
1.07891
1.15975
0.256859
0.713907
0.963019
0.751002
0.326054
0.46312
0.37167
1.2111
0.513707
0.737008
1.153
1.03752
1.44063
1.06151
0.991025
0.696225
0.889463
1.16089
0.864085
0.866263
1.3733
0.316475
1.35359
0.396821
0.852157
0.664251
0.263955
0.929899
0.458227
1.19761
1.12096
0.671872
0.708855
0.379102
0.741242
0.591993
0.759168
0.921045
1.38924
0.732739
1.50841
0.576003
0.76978
1.56694
1.01282
0.610967
0.305156
1.22478
0.526653
1.2887
1.21219
0.57036
0.617505
0.947983
1.23395
0.503034
0.477431
0.433927
1.05121
0.586963
0.474308
0.988198
0.411983
0.41849
1.08878
0.689998
0.872251
1.25551
1.10432
0.856932
0.928234
0.647582
0.776727
0.828502
0.832433
0.714669
0.774742
0.239922
1.24993
0.654994
1.14646
1.35985
0.456921
0.732326
1.04067
1.02338
0.89182
0.827128
1.34319
0.988513
0.241898
0.455462
0.528221
0.571068
0.652251
1.0068
0.932269
0.813277
1.11725
0.900002
1.50908
0.385471
0.971563
0.808373
0.468932
0.922239
0.680283
0.483649
1.10891
0.112743
0.179761
1.03952
0.8363
1.5318
0.228887
0.997842
0.983254
0.665954
0.578775
0.782569
0.535726
1.28778
0.120931
0.657019
0.52278
1.32356
0.578876
1.12197
0.857299
0.920857
0.520046
1.18659
0.545205
0.544317
1.33796
0.459382
1.27029
0.862715
0.9974
1.30937
0.913737
0.605591
0.862845
0.864841
1.31064
0.62566
0.601066
0.578122
0.523519
0.935206
0.890023
0.775727
1.1834
1.45422
0.466846
1.00116
0.396356
0.262396
1.15625
0.524493
0.719888
0.609385
0.923247
0.871833
0.258808
0.686578
1.11422
0.962837
0.678868
0.718618
1.47501
0.749084
1.07665
0.456514
1.56187
0.923857
0.710768
0.402255
0.516938
1.38105
0.893986
0.558205
0.537165
0.342818
0.241216
0.73044
0.480814
1.15001
0.660676
0.933067
0.900775
1.07993
0.369297
0.66374
1.11507
0.485672
0.782762
0.856596
1.33477
0.706334
0.245392
0.462917
0.631741
0.74084
0.898964
0.920899
1.21394
1.27795
0.979519
0.477101
0.698645
1.08704
0.322219
0.551313
1.13076
0.539153
1.22816
1.01056
0.893683
1.34752
0.93504
1.14051
0.704561
0.992665
0.614766
1.10314
0.83409
0.886261
0.543716
0.677547
1.32822
0.625351
0.74344
0.759787
0.5685
0.633694
0.706998
0.864528
1.17702
1.56064
0.66831
0.196322
0.27273
0.586634
0.698758
0.529651
0.582041
0.782151
0.717926
1.42681
0.529431
0.846314
0.961074
0.947295
1.42589
1.20668
0.626221
1.03536
0.709299
0.316662
0.77223
0.86513
1.06672
0.467005
1.36638
0.865055
0.811325
0.311832
0.380083
0.51386
0.881972
1.06671
0.524932
1.02397
1.02477
0.364629
1.52009
1.28953
1.03663
0.7338
1.32574
0.84283
1.16453
1.53084
1.31775
0.674911
0.846961
0.426806
0.719549
1.33908
0.28808
0.949823
0.70286
0.404693
0.762147
0.244898
0.673051
0.598906
0.990298
0.524236
0.63324
0.564075
0.258582
0.916334
1.20869
0.706676
0.520954
0.325729
0.841778
0.986578
0.74915
1.44984
0.958276
0.592243
0.541325
0.580401
0.6739
0.670806
0.638907
0.814545
1.39605
0.537568
1.05409
0.791348
0.77417
0.79739
1.56816
0.835119
0.331358
0.390526
1.05822
0.821105
0.533106
1.15717
0.577903
1.14476
0.364342
0.501879
1.09573
0.513695
0.511611
0.70392
1.35419
0.34097
1.07435
0.557349
0.888522
0.905412
0.641556
0.821779
0.418246
0.740346
0.759852
1.00089
0.799331
0.659924
1.04215
0.499954
0.465744
1.26784
0.691972
0.84405
1.06522
0.58617
0.718928
0.5565
0.905008
1.09192
1.18628
0.47748
0.130697
1.42849
1.0618
0.557486
1.17685
0.554868
1.12036
0.827101
0.691365
1.09588
0.861612
0.51997
0.846548
0.885349
0.881429
0.891157
0.825353
0.744296
0.662324
1.11099
1.56868
1.06113
0.307461
1.26209
0.832817
0.736972
0.721356
1.37399
0.914426
0.562803
1.11044
1.10664
1.0107
0.568943
1.45407
0.499308
1.34032
1.14446
0.340601
0.438159
1.25362
0.796413
1.33722
1.0378
1.25528
1.10895
1.35492
0.364637
0.587121
1.23152
1.39651
0.167192
1.13666
1.28658
0.777292
0.932195
0.840035
1.03087
0.769614
1.06432
0.66844
0.740478
1.15878
0.810164
0.440799
0.497772
0.576334
0.414469
0.704636
1.28847
0.997891
0.66937
1.12183
0.447707
0.58901
0.580912
0.660689
0.609788
0.871831
0.398219
0.758913
0.451641
0.997839
1.0299
1.03813
0.598985
1.33158
0.403475
0.585231
0.914765
1.40858
0.967872
0.723321
1.16551
0.713751
0.636585
1.46483
0.793514
0.906735
1.07623
0.877834
0.448806
0.500022
0.275722
1.04384
0.699847
0.87652
0.390665
0.308286
0.66119
0.418125
0.505082
0.649796
0.339271
0.908208
0.832929
0.986553
1.31899
1.1189
0.695399
0.538756
1.37285
1.31659
0.914311
0.782608
0.476567
0.586766
0.984686
0.975506
1.26991
1.41212
1.25851
0.577848
0.600298
0.2493
1.22171
0.87078
1.09876
0.586156
1.04824
0.911004
1.26942
0.605615
0.640134
0.855968
0.721755
0.888634
0.478911
0.55714
1.3046
1.35691
0.620466
0.652624
1.29248
0.844171
1.05697
0.63554
0.89411
1.03211
0.527867
0.790517
0.683885
1.27566
0.638338
0.929302
0.738718
0.915765
0.845585
1.06073
0.5227
0.600014
1.38298
0.590331
0.202757
0.291864
0.980086
0.685905
0.746679
0.799356
0.843429
0.729411
1.26651
0.363702
1.20919
1.23126
1.12846
0.482801
1.49253
0.961896
1.08747
0.501164
0.731944
0.136362
0.881672
1.03413
1.39179
1.03955
0.909124
0.884271
0.430578
0.80689
0.276981
1.16891
1.24697
0.819518
0.60238
1.43525
1.32419
0.904847
1.53119
1.49135
1.48507
0.708929
0.729221
0.598117
0.846433
0.472257
0.99821
0.943469
0.275782
1.5447
0.682414
0.687195
1.25646
0.595395
1.27176
1.5235
0.553825
1.26775
0.637312
0.837222
1.01434
1.30933
1.249
0.873913
1.08697
0.516946
0.516742
0.594435
1.02528
0.459928
0.623839
1.00546
1.18948
0.587504
1.44861
1.0637
1.51973
0.436337
0.61842
0.628134
0.887442
0.516076
0.404821
0.702468
0.67966
0.856681
0.443594
0.823756
0.978167
0.439618
0.478318
0.821068
1.02521
0.48181
1.05892
0.495432
0.421487
0.493084
0.855934
0.426007
0.278142
0.766021
1.09773
0.537213
0.81896
0.422426
0.456884
0.762782
0.802679
0.94941
0.3382
0.85051
0.443593
0.373616
0.999443
0.594373
1.05785
0.705448
0.512291
0.88197
0.545747
0.495109
0.612649
1.53076
0.886672
0.49921
0.736103
1.07821
0.356071
0.952962
0.499667
0.575039
0.876567
0.521366
0.677463
1.47785
0.341445
0.930255
0.735424
1.38771
0.670543
1.10039
1.51893
0.659683
1.27699
0.454923
0.194952
0.41264
0.868646
0.521614
0.984961
0.798739
0.959347
0.842362
0.563461
0.928147
0.963605
1.3651
0.318463
0.451271
0.723572
0.906974
0.457348
1.039
0.578841
0.443594
0.524492
0.794333
0.619007
0.344658
1.12631
0.422379
1.30841
0.546615
0.641437
0.33002
0.780571
0.652646
0.540333
1.2667
0.829784
0.576104
0.515649
1.48652
0.753983
0.525988
0.944836
1.07148
1.42307
0.536383
0.813621
1.44975
1.40766
1.19555
0.559951
0.717274
0.892543
0.766699
0.823877
0.692357
1.0785
1.18589
1.33157
1.26028
0.559113
0.662935
1.1109
0.972557
0.77944
0.557747
0.944357
0.721481
0.595752
0.953974
0.576556
0.677776
1.35097
1.05591
0.695681
0.830728
0.52518
0.830218
1.18463
1.12924
0.718466
0.382069
0.20154
0.899561
0.511944
0.430178
0.53372
0.754423
0.33553
1.39126
1.27095
1.24384
0.811524
1.54553
0.983643
1.23992
1.42516
0.616419
1.03133
0.914511
0.363311
1.10611
0.674747
1.142
0.697061
0.769026
1.01556
1.27335
0.569726
0.376366
0.556795
0.625249
1.1273
0.986261
0.296188
0.908891
0.938597
0.518339
0.704355
1.153
0.313336
0.760154
0.961639
0.38993
1.07749
1.09082
0.94269
1.51247
1.21688
0.599818
1.00779
0.768909
1.10171
0.930032
0.333092
0.787783
0.665228
0.361358
0.720617
0.412982
0.856714
1.2846
1.33988
0.762594
0.289746
0.567161
0.59834
0.647371
0.946064
0.590745
0.681388
0.817479
0.300825
0.89987
1.25336
0.973805
0.433437
0.912734
0.602699
1.5443
0.673273
0.920231
0.286333
1.34794
0.802206
0.671516
0.752896
1.1712
0.832098
0.477284
0.842187
0.527194
0.726155
1.34695
0.596828
0.286821
1.07538
0.680389
0.902465
1.35441
1.07826
0.538338
0.964004
0.411786
0.378762
0.686497
1.24248
0.72182
0.730844
1.52938
1.31662
1.1984
1.0153
0.83333
1.00563
0.729604
1.05038
0.842315
1.01853
0.92856
0.511412
1.01041
1.00548
0.546737
0.436967
0.860443
0.620237
0.448918
1.11461
0.984259
0.604264
0.898146
1.38596
0.858944
0.444858
1.41636
0.646755
0.643514
0.8087
1.10281
1.00644
1.02792
0.54939
0.990955
0.835459
1.3491
0.64924
0.964102
0.877021
0.508439
0.505368
0.249257
0.606467
1.04184
1.11461
1.24342
0.853576
0.973386
0.39322
1.37012
0.905635
0.633384
0.966451
1.42573
1.12467
1.02412
0.616437
0.974265
1.21242
0.946245
0.910645
0.746519
1.47592
0.415787
0.996915
0.774355
0.617604
1.46887
0.599617
0.988248
0.465809
1.39887
1.5057
1.09801
0.426951
1.27551
1.12164
1.5172
0.58968
0.785094
0.599599
0.752319
0.468797
0.525284
0.831133
0.580261
0.724617
1.0228
0.93668
0.915308
0.453952
1.31783
0.461887
0.7742
0.969063
0.810759
0.979272
1.34945
1.24976
0.498335
1.23092
0.362441
0.757012
0.241748
0.692723
1.10793
0.543881
0.484382
0.524884
0.490129
0.821669
1.05983
0.87778
0.931642
0.513235
0.431874
1.54079
0.991469
0.868585
1.23623
0.883617
0.647507
0.666673
0.694065
0.741306
1.16707
0.817869
0.275003
0.670919
1.153
1.217
0.855625
0.784528
0.632889
0.349397
0.821892
0.832082
0.310172
0.605247
0.8958
0.84963
0.593514
0.806381
0.294821
1.15707
1.42149
0.464439
0.264917
0.843921
0.719513
0.693944
0.857181
1.23002
0.655067
0.578567
1.14547
1.23503
0.380694
0.988927
0.784267
0.393094
1.10097
0.672379
1.21503
0.3579
0.749156
0.407344
0.838741
0.244047
0.635492
0.807651
0.766687
1.03164
0.496811
0.56211
0.794051
0.353283
0.965263
0.529574
1.13009
0.991561
0.686487
0.350876
0.590668
0.496635
0.807195
0.824623
0.647336
1.49897
0.895447
1.16369
0.695317
0.431652
1.09229
0.663088
0.771046
0.370065
0.838646
1.06058
0.380294
0.638221
0.361601
0.257486
0.876139
0.842866
1.16239
0.458124
1.18257
0.982313
1.25155
0.565501
1.4287
1.35704
0.558614
0.675404
0.559606
1.08311
1.46297
0.766375
0.179934
0.743146
1.02795
0.878407
1.32666
0.839074
0.949207
0.942652
0.933226
1.25922
0.373077
0.416733
0.362225
0.558
0.591486
0.642451
0.923949
0.229307
0.790752
0.333328
0.933718
1.56482
0.815339
1.30255
0.851292
0.798135
1.11346
0.644729
0.742609
0.59712
1.15225
0.60407
1.093
0.267842
0.345061
1.54064
0.859277
0.727352
0.430241
0.544821
1.21966
0.264277
0.686682
1.02645
0.468692
0.72089
0.659495
0.712707
1.08268
0.561366
1.28862
0.334375
1.08127
1.19921
0.426574
0.601959
0.894747
1.43558
1.32986
0.854668
1.14015
0.731272
0.759546
0.532955
0.980916
0.721096
0.539716
0.687573
1.40531
0.861199
0.73819
0.786312
0.723401
1.39748
1.39127
0.746682
1.07306
0.483847
0.871187
0.319262
0.528751
0.58692
0.767416
0.632133
1.41643
0.634759
1.37018
0.700169
0.637155
0.330289
1.07208
1.29539
1.18975
1.14762
1.02297
1.00929
0.554768
1.54989
1.4964
1.22678
0.892574
0.249394
1.13916
0.952448
0.602605
0.791722
0.654883
0.669095
0.898343
1.55362
0.714799
0.877142
1.27037
1.44921
0.85043
1.03255
1.2085
0.915987
0.536376
1.26044
0.543418
0.379785
0.592203
1.23853
0.709768
0.451351
1.35795
0.804248
0.332951
0.715644
0.959717
0.689887
0.726657
1.09662
1.29063
0.878106
0.580658
1.18928
0.700297
1.27355
0.907971
0.97266
0.669212
0.581836
1.03728
0.876532
0.560833
0.130562
0.767709
0.632087
0.651834
0.409795
0.759467
0.768294
1.23473
0.247157
1.11256
1.26631
0.469565
0.995282
1.11145
1.0438
0.70163
0.282036
0.488243
0.468413
1.23087
1.00148
1.18625
0.78019
0.277458
0.899001
1.13136
0.398237
0.754146
0.776974
0.557679
1.09126
0.797313
0.951496
0.246378
0.932476
0.272907
0.579946
0.349141
0.545435
0.484494
0.582141
1.18792
0.990393
0.701792
0.507573
0.144171
1.36606
1.1755
0.39506
0.754787
0.654584
1.32792
0.590905
0.968461
0.840408
1.05476
0.939681
1.56449
0.957481
1.0092
0.613764
0.267389
0.95573
0.626802
0.436902
0.136236
0.48172
1.09164
0.869939
0.511371
0.553441
0.686974
1.1637
0.620296
0.714467
1.02579
0.945863
1.36684
0.517813
1.55622
0.372296
0.604019
0.833273
0.571626
1.09475
0.991308
0.82862
0.555213
0.710469
1.28093
0.421505
0.772322
0.788659
0.622785
0.901688
0.893444
0.490028
0.599088
0.557386
1.15678
1.15789
0.286804
1.25196
1.4325
0.617454
0.421037
0.553947
0.586139
0.41242
1.09724
0.945724
0.631489
0.647565
0.573636
0.485385
1.39585
1.27169
1.39973
0.381506
0.421193
0.493276
0.710023
1.2498
0.823933
0.82605
0.684923
0.319217
1.51941
0.82005
1.47401
0.683832
0.930326
0.473558
0.635447
0.932424
0.742373
1.56282
0.61745
0.794478
0.302596
0.259074
1.02281
1.08598
0.698821
0.412618
1.34219
1.20243
0.78843
0.833213
0.735557
0.581159
0.796416
0.442009
0.715422
0.924472
0.923578
0.630831
1.2768
0.39406
0.952061
1.03308
0.773642
0.77012
0.897966
0.932178
0.824694
0.480255
1.3492
0.522575
1.4068
0.652913
0.348899
1.13281
1.56949
0.705229
0.582298
0.829068
1.13017
0.711994
0.404482
1.38241
0.616348
0.779663
0.360448
1.23554
1.51259
1.03854
0.411898
0.969322
0.699229
0.909568
1.2259
0.734276
1.17997
0.951295
1.21542
0.527841
0.609551
0.570135
0.744472
0.589968
1.16767
0.715341
1.35395
0.937032
0.627642
1.55875
0.663094
1.27421
0.885776
0.339294
0.860953
0.834064
0.632827
1.25039
0.620402
0.556286
1.28898
0.836616
0.327784
1.47667
0.931337
0.940166
0.643746
1.31348
0.670818
0.884248
0.76784
0.459406
0.905438
0.65351
0.671496
1.41317
0.788798
0.866123
0.615699
1.17289
0.605939
0.318395
0.161118
0.960868
0.827936
1.42634
1.36942
0.872082
0.480118
0.563748
0.659668
0.880735
1.18024
1.05064
0.923165
1.50608
0.84406
0.678829
0.399346
1.2263
1.18008
0.346141
1.20699
1.34449
0.378749
1.39405
0.344773
0.967403
0.705673
0.618005
0.837145
0.572106
1.01112
0.974194
0.311132
1.01091
0.830329
0.389366
1.49757
0.747323
0.938702
1.14466
1.06148
0.895166
0.760149
0.78095
0.361892
0.5474
0.333396
1.05225
0.766285
0.780547
0.64855
0.561792
0.373131
1.34329
1.48202
0.917463
0.700505
0.467385
1.28493
0.779349
0.810965
0.673802
0.48782
0.727825
0.605468
0.373375
0.432119
0.989221
1.46634
0.590942
0.947201
0.922381
1.18659
0.617994
0.882981
1.12253
0.932055
0.791149
0.422985
0.611916
1.10441
0.788826
0.832236
0.974541
0.9794
0.616192
0.603652
0.980479
0.497158
0.52651
0.547538
0.710831
0.539747
1.26601
0.370707
1.22519
0.727878
0.525766
0.53035
1.39005
1.30944
0.567334
0.48611
0.996158
0.656161
0.512597
0.836669
0.852549
0.936616
1.0114
0.426445
0.636949
1.01555
1.38289
1.12976
0.665017
1.38706
0.46064
1.32687
1.40896
0.676366
0.363747
0.955839
0.834692
1.01164
0.861573
0.449969
1.0507
0.599178
0.503609
0.899447
0.897243
1.11897
0.818926
0.939775
0.723096
0.512743
0.752637
0.754626
0.321076
1.08179
0.821346
0.403463
1.07251
0.787881
1.45968
0.358801
0.838166
1.4634
0.766963
0.81078
1.53253
1.0037
0.666233
1.04227
0.558061
0.600051
0.262721
0.812072
0.815507
1.05769
0.977696
1.12126
0.236193
0.980133
0.953974
0.579088
0.335916
0.497206
0.613715
0.76251
0.39615
0.635252
1.05775
1.23428
0.719756
0.765703
0.916035
0.962943
0.522791
0.569175
0.851179
1.49648
0.740072
0.711733
1.02334
1.52368
0.77804
0.690675
1.16085
1.00574
0.580482
1.44805
1.10537
0.546271
0.890938
0.755355
0.948312
0.667355
0.528067
0.531991
1.44654
0.675853
0.326622
0.741476
0.525436
0.342115
0.420746
0.819708
1.05736
0.755639
0.659578
1.34776
0.504082
1.04006
1.05802
0.727599
1.40479
0.965322
0.339368
0.586846
0.881779
0.707191
1.22529
0.547729
1.20947
0.339488
0.21787
0.256736
0.804967
0.651783
1.04144
1.05321
1.24966
1.03539
1.06138
0.66607
0.749707
1.08383
0.898766
0.254328
0.629102
0.384544
1.04522
0.328492
0.661443
0.7931
0.975357
1.29757
0.935836
0.543735
1.18307
0.795391
0.255226
0.593519
0.941995
0.722624
1.01043
0.355147
0.918686
0.697932
0.906078
1.36426
0.546915
1.07211
0.904905
1.12304
1.53076
0.911811
0.316381
1.11862
1.52618
0.305628
1.19189
0.175769
0.963963
0.681401
0.88967
1.04218
0.824748
0.250344
0.817389
0.884347
0.531871
0.749405
0.821423
1.23026
0.929107
0.638164
0.860508
1.35409
1.03849
0.448852
0.289607
0.670812
0.855685
0.237904
0.672685
0.451007
0.612823
0.916005
0.38741
0.472477
0.660893
0.717115
0.885795
0.420147
0.383806
0.394217
0.834307
0.276113
1.32896
1.35979
1.29212
1.24812
0.839299
1.08144
1.09006
0.689983
0.548718
0.484931
0.409842
0.521478
1.02592
0.653105
1.12089
1.30811
1.33614
0.973272
1.14429
0.660415
0.664854
1.23529
0.768519
0.568879
1.4929
0.863695
0.606368
0.29057
0.618225
0.902921
0.493053
0.618299
0.355641
0.968562
1.0135
0.810923
1.16216
0.579976
0.748662
1.18009
1.27789
1.21807
1.20851
0.604018
0.89832
0.265628
0.486856
1.01751
0.984114
0.705369
0.622767
0.671329
0.333196
0.940815
0.899233
0.961618
1.03911
1.27492
0.854688
1.0683
0.720006
0.767238
1.09409
1.00334
0.709872
1.21026
1.32458
1.14959
1.3541
0.79409
0.991957
0.726017
1.45794
1.03158
0.396087
0.639829
0.685732
1.21154
1.08699
0.736032
0.848803
0.890222
0.717657
0.841381
0.679
0.409465
1.51667
0.832767
0.86652
0.916354
0.938351
0.900628
0.345849
1.07679
1.12642
0.833109
0.599819
1.24351
0.47615
0.643291
0.984337
0.538809
0.428382
0.595919
0.721249
1.213
1.07869
0.890229
0.387641
0.822141
0.708958
0.488544
0.535531
0.745509
0.750881
1.03557
0.687976
1.14019
0.782427
0.704448
0.73893
0.674159
0.68754
1.3153
0.743526
1.26504
0.634851
0.790178
0.564567
0.992617
0.885285
0.739461
0.933093
1.03239
0.505546
0.96556
0.692856
0.661722
1.03565
1.39555
0.576874
0.789868
0.792165
0.322168
1.26509
0.554597
0.785611
0.971688
0.984569
0.350716
0.898473
1.14994
0.519991
0.544509
1.23476
1.38496
0.500958
0.859682
0.215778
0.505103
0.314835
0.566527
0.820266
0.651941
1.17603
1.17454
0.699976
0.747886
0.762403
1.51625
0.477013
0.568097
0.996899
0.320203
1.18444
0.917059
0.731627
0.394741
0.36296
1.44948
0.893597
0.59176
0.667215
1.38391
0.288758
0.954648
0.769368
0.229284
0.428322
0.488269
1.47082
0.481068
1.09842
0.966915
0.716413
0.631414
0.391177
1.45032
0.643797
1.24147
0.770603
0.413376
0.738294
1.23678
0.545003
0.792512
0.604019
0.588025
0.68671
0.867904
0.657937
0.573474
1.19639
0.825187
1.25629
0.962616
0.945187
0.497748
1.03195
0.783602
0.644211
0.740963
0.729615
1.02693
0.9441
1.2809
0.440846
0.477054
0.667171
0.903743
0.433638
0.744909
0.821791
1.54734
1.10869
0.512923
0.798037
0.990825
1.22238
0.610527
1.41177
0.661247
0.824761
0.808667
1.34174
0.813263
1.50156
0.571621
1.07986
0.942099
0.741225
0.485383
1.05468
0.509282
0.236999
0.443948
0.935462
0.547883
1.0478
1.04877
0.693907
0.867955
0.374123
1.20781
0.313889
0.764142
0.731499
1.1163
1.21257
1.06934
1.0199
0.750707
1.06494
0.951903
1.38257
1.41365
0.949388
1.25838
0.541849
0.887853
0.351084
1.20669
0.306609
0.113141
0.931465
1.12978
1.33421
0.448125
1.10065
0.349722
0.957323
0.763572
1.41214
0.947075
1.02428
0.682196
1.46786
0.877276
0.514395
0.37082
1.41879
1.44579
0.993931
0.375418
0.61784
1.12451
0.590723
0.90375
0.773061
0.906621
0.869006
0.473165
0.242067
0.428087
0.974144
1.42991
1.19737
0.880585
0.853172
1.0945
0.544566
1.50827
0.884492
0.166686
0.47066
1.24342
1.11628
1.32749
0.28573
0.214383
0.937733
0.836834
0.894416
1.06877
0.226568
1.2622
0.830605
0.989461
1.02862
1.35601
1.20969
1.30345
0.42351
1.37573
0.819998
0.371432
0.379947
0.559296
0.454358
0.564776
0.826817
0.312805
0.388058
0.296838
0.542955
0.271875
1.23577
1.28306
0.256951
1.01704
0.403318
0.410036
0.613881
0.534074
0.858402
0.683817
1.27231
1.14753
0.844191
0.641193
0.785073
1.05544
0.396573
0.382006
0.816557
1.11822
0.411128
0.645886
0.483917
0.445896
1.16459
0.998934
1.13393
0.962188
0.396384
0.768423
0.804962
0.773493
1.49021
1.39645
0.876277
0.719799
0.696438
0.48586
1.14121
0.73835
1.02167
0.734805
0.227019
0.226869
0.203604
0.891846
0.922337
0.213334
0.692603
1.01609
0.69082
0.516647
0.852671
0.824031
0.445383
1.12067
0.588048
0.531439
0.555362
0.843188
0.76374
0.337818
0.660539
0.783855
1.29071
0.627533
0.582032
0.613049
0.510081
0.179365
0.693564
1.20203
0.572491
0.719885
0.771428
0.658181
1.27978
0.826093
0.510173
1.22616
0.94222
0.800862
1.49349
0.760379
0.773389
0.805922
0.810204
0.864512
0.86023
0.824141
1.36612
1.12062
1.10605
0.294801
0.830543
0.266602
0.890479
1.30697
0.852189
0.828408
0.32029
0.972504
1.23425
0.689016
1.24246
0.663936
0.582724
0.539937
0.599391
0.994381
0.683683
0.30268
1.06773
0.675239
0.732915
0.365223
0.74914
0.805112
0.41707
1.43413
0.7264
0.884509
0.505827
0.99746
0.280289
1.41285
1.09775
0.338897
0.691585
1.17825
0.558116
0.949355
1.09125
0.677491
0.266671
1.28643
0.220672
1.14364
1.13445
0.754472
0.789623
0.633908
0.402093
0.417238
0.671477
1.39521
0.5526
1.23722
0.594613
0.901537
0.566629
1.16018
0.535334
0.341787
0.887435
0.745168
1.53012
0.881459
0.992972
1.06879
0.420469
0.829001
0.95712
0.892036
1.25178
0.938363
1.45604
0.983474
0.411128
0.409812
0.699521
1.14125
0.799047
1.05986
1.55962
1.15799
0.774148
0.47505
0.521237
0.1645
0.688584
0.585628
1.13835
0.465688
0.709876
0.700647
1.44296
1.29857
0.74441
0.994378
0.611642
0.461496
0.759553
0.833075
0.152324
1.3109
1.00981
0.896859
0.404139
0.826347
1.46518
0.876568
0.918981
0.819342
0.869499
1.33409
1.20339
0.901
0.800428
1.04418
0.899799
1.28945
1.44292
0.508271
0.658916
1.17794
0.912003
1.10091
0.775303
0.513
1.48644
1.54354
0.308969
0.265719
0.773591
1.08539
1.48553
1.2845
1.19102
1.01637
0.822938
0.976712
1.13808
0.605997
0.635318
0.842707
1.00913
0.554456
0.994834
0.846749
1.34753
1.02107
1.24198
0.423395
0.536722
1.22652
0.70279
0.744902
0.59244
0.689451
0.370193
0.33076
0.626432
0.444193
1.06211
0.342169
1.0361
0.763919
0.851034
0.520174
0.327609
1.13944
0.80475
1.22822
0.765373
0.438213
0.895752
1.03264
0.678106
0.420927
0.663985
0.618926
0.854704
0.70178
1.35344
0.370775
0.630431
0.432733
0.722982
0.704958
0.580813
1.02557
1.09602
1.22816
0.877672
0.819726
0.852824
0.88839
0.816321
0.730572
1.5586
0.451642
1.46315
0.993169
0.837533
1.20174
0.584357
0.705785
0.835291
0.573538
0.2564
0.465862
1.24484
1.53894
0.448444
0.544687
0.606004
0.73238
0.845103
1.18204
0.777783
0.0663349
0.615212
1.22151
0.709328
1.17667
0.921049
1.21018
0.191528
0.556056
0.470765
1.03836
0.544831
1.12371
0.88439
0.905755
0.760903
1.00513
0.723243
1.47259
0.489924
1.15022
0.482227
0.164878
0.622815
0.563185
0.878414
1.12056
1.02924
0.51902
0.468018
1.25523
0.328573
1.00285
0.74536
1.1385
0.489022
1.42637
1.03525
0.777024
1.49963
0.64749
1.16646
0.755611
1.02412
0.774399
0.4105
0.887528
0.758781
1.04231
0.941598
0.984399
0.950719
0.728677
0.565397
0.95125
0.685122
1.14508
1.06399
0.348763
0.624442
1.55482
1.11307
1.03252
0.969173
1.37523
0.744526
1.17262
0.434583
0.252089
0.945996
0.393769
1.10049
1.01124
0.199143
0.818759
0.611359
0.83829
1.10416
0.994678
0.332337
1.32663
1.26335
0.810508
0.982563
0.928868
0.442686
1.28219
0.909248
0.629909
1.0541
0.996617
1.18254
0.792098
0.663064
0.63696
0.973375
0.593601
1.14018
1.18511
0.84635
0.843038
0.917321
1.03379
0.446423
0.321922
1.1561
0.759459
1.28399
1.12165
1.16708
0.625554
0.636741
1.1021
0.380871
1.12371
1.22932
0.432047
0.793969
1.06577
1.26579
1.18156
1.24299
1.23565
1.07866
0.369367
1.28527
0.419529
0.709096
0.594776
0.428771
0.933279
0.656565
1.26324
1.03861
0.363698
0.965568
1.0232
0.61414
0.573795
0.403476
0.487423
0.357495
0.472847
1.08978
1.3204
0.734978
0.866098
0.984761
1.19413
0.878317
0.5422
0.859961
1.23189
0.989567
1.20324
0.398112
0.957078
0.474889
0.395896
0.440943
1.08026
0.872679
0.904496
0.273804
0.88703
0.884583
0.859928
0.55193
0.495976
0.919271
0.645042
0.219672
1.37936
1.22665
0.498082
0.606365
0.875292
1.05933
1.4973
0.697537
1.03992
0.488581
0.469542
0.369597
0.180478
0.528857
0.313078
0.827806
0.181554
0.516268
0.597469
0.421401
0.22578
1.19484
1.05016
0.380331
0.406637
0.803684
0.791715
1.01099
0.405587
0.395619
0.347365
1.33842
0.289558
1.11065
1.04716
1.43052
0.98872
0.858255
1.08074
0.486036
1.52805
1.45656
0.734596
0.543767
0.816951
0.629817
0.460188
0.946197
0.858973
0.809372
0.350275
0.680687
1.14486
0.879462
0.312262
0.980939
1.31918
0.419772
0.868432
0.876166
0.816421
0.391826
1.03833
0.8277
1.1064
0.561488
1.24796
1.39964
0.977983
0.96498
0.963973
0.451983
1.51279
1.09344
0.492429
0.299703
0.396382
0.625717
0.505088
0.387498
0.764802
0.592782
0.44108
0.563623
0.674407
0.792302
1.10834
0.576421
0.91078
1.01809
0.61935
0.47766
1.10729
0.541119
0.773914
0.84364
1.13651
1.40922
0.7042
0.916473
0.662155
0.948083
1.43141
0.655175
1.10806
0.620842
0.649327
0.341201
1.09288
0.768848
0.455324
0.994015
1.41767
1.0189
1.19908
0.889314
0.88187
1.2822
1.42239
1.13676
0.87851
0.725196
0.727614
0.595358
1.29176
0.696658
1.05511
0.647468
1.33628
1.37748
1.36088
1.13112
0.129992
0.900958
1.05241
1.03375
0.355673
0.744625
0.753622
0.514871
1.06632
0.554365
0.283523
0.314401
0.759626
1.25491
0.537945
0.785157
1.15693
1.14194
1.08941
0.919693
1.38302
1.01825
0.792085
0.406683
1.40947
0.762175
0.452955
1.23262
0.235181
0.747149
0.589335
0.376287
0.480567
0.423571
0.994652
1.28798
0.373341
1.14761
0.597936
0.447017
0.785688
1.07358
0.976375
1.03737
0.955836
0.780918
0.90079
0.836387
0.6567
1.49446
0.639694
0.644391
1.00164
0.595804
1.18498
0.855465
0.769494
0.655384
0.695631
0.996566
0.550552
0.701444
0.87147
0.635841
0.864814
0.380992
1.13463
0.928841
1.46875
1.19875
1.42665
0.940475
1.13333
0.34858
0.627328
0.45025
0.770502
1.03789
0.717278
0.477748
0.872747
1.25811
0.876337
0.831224
0.858487
1.3518
1.38065
0.640059
1.44395
0.447087
1.38876
1.52405
1.50659
0.645083
0.79861
1.22743
1.35138
0.596485
1.25764
1.41792
0.892211
1.30585
0.618683
1.17084
0.83787
0.972703
0.296051
0.886352
0.153919
0.378525
0.284776
1.52853
0.584822
0.875853
0.804319
0.716609
1.0083
0.704604
1.43941
0.654347
0.674571
0.500813
0.847837
0.65658
0.695139
1.20571
0.58041
0.703895
0.654408
0.742396
0.530478
0.384694
0.56246
0.798119
1.2554
0.785497
1.39706
1.18533
0.42973
0.661332
0.665364
0.555619
0.660826
0.712557
0.395344
0.599653
0.595319
0.572467
1.5366
0.461928
0.840144
0.331014
1.45145
0.776483
0.783659
0.250038
1.13419
0.31718
0.727343
0.283081
0.378078
0.265787
0.689832
0.883992
0.598506
0.582432
0.334158
1.08803
0.636404
0.194972
0.509175
0.53405
1.28335
0.991262
0.396902
1.06559
0.455861
0.615464
1.32804
1.18492
0.709501
1.08564
1.00136
0.612186
1.07341
1.20471
1.05662
1.07662
0.964563
0.147066
1.07427
1.16098
0.705089
0.960107
0.883874
0.56628
0.451607
0.856167
1.06427
0.884879
0.854972
0.414374
0.349059
1.31546
0.169253
1.29569
1.53682
0.677221
0.85274
0.668061
0.428181
1.03025
0.542155
0.386705
1.2453
0.572506
0.724923
0.547643
0.325009
0.535554
0.461933
0.781463
0.607908
0.446614
0.435178
1.33806
0.748043
0.577764
1.05239
0.370804
1.25021
0.230384
0.479745
1.22521
1.11927
0.309994
0.35053
0.708887
0.515501
0.506165
0.959446
0.537315
1.07035
0.799057
0.40725
0.902712
0.480267
0.315392
0.766321
0.260703
1.3959
0.883899
0.908229
0.972211
0.336357
0.630172
0.275035
1.3353
0.999241
1.16268
0.873513
1.53586
1.18138
1.38198
0.830051
0.655862
1.03627
1.28453
1.04237
0.446244
0.987683
1.08745
0.327897
0.991601
0.794593
0.256162
0.989821
0.961167
0.842205
0.51252
0.61471
0.529658
0.794432
0.384254
0.519342
0.849029
0.703502
0.279958
0.718172
1.21949
0.325589
0.737029
0.933358
0.777877
0.987613
1.01551
0.768598
1.34954
0.478153
1.26764
1.1544
0.910676
0.782916
0.624613
0.524587
1.34178
0.765605
0.516074
0.981953
0.800083
1.03935
0.585676
0.990975
1.34863
0.628569
0.610586
0.24109
0.61162
1.47928
1.09874
1.46146
0.830958
0.826467
1.11369
0.223513
0.935709
1.50824
0.288775
0.950164
0.700668
0.671317
0.437839
0.394377
0.400387
0.870001
0.932757
0.290537
1.51218
0.826141
1.00021
0.666997
0.594633
0.95491
1.1566
0.371935
0.733415
1.24498
0.798848
0.593208
0.757802
1.08581
0.576218
0.385407
1.37232
0.919284
0.908176
1.19194
1.52697
1.07305
1.04698
1.07751
1.54828
0.967384
1.19842
0.516928
0.421029
0.680837
0.783506
0.863489
1.34279
0.898412
0.620732
0.571934
1.32287
0.867415
1.0181
0.834424
1.218
0.606221
0.625613
0.666872
0.685244
1.21874
0.729878
0.750687
0.622244
0.505782
0.672747
0.920756
1.02444
1.21077
1.25797
1.03813
1.04876
0.983803
0.530809
0.586838
0.571484
1.01706
1.23215
1.40402
0.7845
0.897518
0.943552
0.463069
0.268768
1.00781
1.12964
1.46363
0.178935
1.17167
1.13935
0.985695
0.338718
0.6088
1.54467
0.641043
1.37966
0.939853
1.02593
0.55562
0.848046
1.52166
0.563985
0.806037
0.98697
0.977983
0.441882
0.553726
0.576398
1.39223
1.19576
0.977049
0.637408
0.7285
0.219871
0.244754
0.432689
0.508372
0.652955
0.944417
0.593409
0.953683
1.16182
0.998928
0.6689
1.01691
0.675729
0.840892
0.98629
0.408392
0.65821
0.434129
0.230247
0.710377
0.969374
0.821649
0.459325
1.07719
0.604486
0.675816
0.714547
1.34389
1.23443
0.952459
0.734169
1.14544
0.145241
0.461302
0.913524
1.11517
0.904633
0.875401
1.44588
0.325827
1.23288
0.459277
0.962233
0.713738
0.291671
0.874672
0.643283
0.498673
0.988637
0.70456
0.661082
0.458498
1.30307
0.68467
0.817796
0.710343
0.675873
1.31284
1.02779
0.742916
0.629766
0.815903
0.430455
0.577021
0.862024
0.738134
0.646484
0.704253
0.612603
0.837425
1.54242
1.14289
1.29778
0.507521
0.738075
0.90203
0.63983
1.16396
0.999108
0.708127
0.722111
1.09718
0.939365
0.284066
0.862196
0.416694
0.721801
0.748025
0.914163
1.16411
0.88306
0.459744
0.827017
0.955574
0.539508
0.511481
0.56637
1.16704
0.953665
1.36489
0.753516
0.56525
0.809978
0.344207
1.02056
0.532185
1.38177
0.873454
0.651946
0.681353
0.811886
0.546896
0.601755
0.869386
0.787007
0.31595
0.614373
0.39784
0.749948
0.773393
1.1084
1.13449
0.806826
0.795827
1.13017
1.10512
0.408547
0.851845
0.568224
0.993344
0.314281
0.491095
1.48586
0.395302
0.453089
1.16796
0.805934
0.645924
0.664605
0.60506
0.871429
0.775513
1.36481
1.23284
0.389801
0.816714
0.399465
1.08745
0.900045
0.739544
0.366196
0.590199
1.22184
0.691567
0.725718
1.30179
0.621797
0.378312
0.439195
0.761981
0.644908
1.07279
0.587985
1.45113
1.01759
0.399332
0.600854
1.37022
0.796515
1.02526
1.06784
0.721628
0.240419
1.23763
0.845724
1.12466
1.01769
1.50449
1.22328
0.794702
0.867857
0.685567
0.729979
1.16655
0.587849
0.857089
0.568664
0.546027
1.33546
0.341093
0.769679
0.466163
0.771124
0.673175
0.255256
0.611937
1.19818
0.718883
0.335679
1.16249
0.483994
0.89413
0.51433
0.832113
0.358433
0.637627
0.840348
0.994159
0.986862
0.557545
0.456617
0.719236
0.576376
1.24545
0.346922
0.994116
0.419796
1.17483
1.02613
0.381959
0.832472
0.457495
1.48128
0.574535
0.906115
1.26699
0.565175
0.908845
1.19079
1.29844
1.44151
1.32608
0.437543
0.601705
0.588932
1.3964
0.783296
1.20274
0.73366
0.360865
0.371645
0.991602
0.614043
0.511301
1.2021
1.54633
1.34487
0.931328
0.495211
0.829686
0.48079
1.01063
1.19309
0.43063
0.809714
0.234877
1.09215
1.18421
0.48178
0.240165
1.07656
0.270077
0.577683
0.258206
1.4815
0.719188
0.406478
0.555958
1.09913
0.420393
1.24253
0.674775
0.235759
0.437056
1.04971
0.87612
0.889494
0.712155
0.909982
0.853171
0.663868
0.887621
0.634271
1.25979
0.977797
1.36274
0.563639
0.658417
0.586361
0.596905
0.5687
1.0576
1.1052
0.916034
1.15699
1.27857
1.46254
1.00024
0.685994
0.46756
0.616025
0.528195
0.692384
1.10757
0.820282
1.41423
0.94293
0.753835
1.07632
0.505893
0.655303
0.870619
1.00071
0.739358
0.968583
0.735892
1.37041
1.03301
0.832338
1.48285
0.544817
0.870098
1.2174
1.01194
1.16339
0.711184
1.09789
0.692356
0.776523
0.66192
1.45895
0.499098
0.522415
0.23618
1.00711
1.36549
0.634037
0.624601
1.33419
1.08814
1.08391
1.02454
1.08888
1.38899
0.690967
0.925814
1.46559
1.07892
1.28772
0.874985
0.451627
0.9058
1.22921
0.366099
0.822039
0.966095
0.844015
0.887901
0.936171
0.924547
0.670518
1.03504
0.423398
1.16588
1.11342
1.09199
1.42099
0.667706
0.959265
0.823248
0.774507
1.29604
0.843261
0.995707
0.834621
0.948488
0.668685
1.02417
0.553827
1.33122
0.400038
0.690111
0.929208
0.848992
0.926728
0.86427
0.485384
0.881797
0.190146
1.48333
0.387402
1.10334
0.755316
1.45474
1.23037
0.287772
0.286396
0.595736
1.39691
1.08831
1.14193
1.53078
0.331421
1.12472
0.995029
1.16925
0.434887
0.651733
0.60401
0.74252
0.277417
1.06697
0.329247
1.06718
1.19112
1.37494
1.00944
1.22084
0.197479
0.473373
1.09424
0.847563
0.494346
0.542401
0.8479
0.655924
0.743874
0.612922
1.53533
0.998575
0.951486
0.652774
0.494848
1.1241
0.422618
1.10584
1.2802
1.05634
0.527062
0.746767
0.591301
0.585182
0.51684
1.13357
0.396866
0.45759
0.691768
0.526658
1.10715
1.11407
0.879791
0.48278
1.17577
0.652451
0.991887
0.654694
0.748989
0.891825
0.716654
0.333017
0.580459
0.997786
0.871599
0.920047
1.41893
0.458459
1.11855
1.14579
0.878178
0.419138
1.35026
0.603732
0.861742
0.236879
0.386674
1.01529
1.35846
1.50599
0.751703
0.515719
0.361613
0.974884
0.942651
0.690732
0.232991
0.809679
1.08741
0.812221
1.13181
0.511192
1.118
1.02256
0.96941
0.269262
0.383905
1.0045
1.53481
0.684593
0.89711
0.3081
0.695133
0.792622
0.735948
1.14209
0.948068
0.906437
0.962588
0.754272
0.39181
0.698827
0.650872
0.329673
0.751463
1.02513
0.708525
0.838325
1.02818
0.599901
0.528906
0.704495
1.43092
0.790926
0.625709
1.12215
0.616392
1.2154
1.08956
1.35766
0.687878
0.380343
0.484137
0.923308
0.462336
1.1213
0.49651
0.711196
0.0320462
1.05217
0.987751
1.07417
0.612133
0.478012
0.766307
0.3842
0.705594
0.940174
0.7289
0.318351
1.09329
0.56165
1.27358
0.642279
0.355601
0.38762
1.00256
0.706826
0.43736
0.562613
0.736671
1.28362
0.475306
1.05152
0.794313
0.618438
0.692578
1.43297
1.46603
0.858751
0.360545
0.51629
0.423513
0.955051
1.53584
0.991777
1.37761
0.792862
0.488454
1.01775
0.715322
0.407451
0.457217
0.841859
0.892113
0.700633
0.705127
0.441456
1.38283
0.297973
0.901006
0.573606
0.315935
0.479106
0.755335
0.369293
0.593083
0.590273
0.836455
1.08417
0.562948
1.02621
0.716684
0.337329
0.939287
1.29631
1.42859
1.34927
0.554872
1.11612
1.27944
0.660439
1.11568
0.721366
0.775164
0.521099
0.764571
0.302583
1.45381
0.957879
0.879419
1.0693
0.277398
1.05213
0.543003
0.942909
0.789869
0.581783
0.933668
0.549915
0.477411
0.760916
0.870018
0.688407
1.11048
1.48303
1.11907
1.11645
0.660753
1.18558
0.957
1.11468
1.21614
0.849652
0.930168
1.14135
1.32347
0.872821
0.819813
0.864244
1.07218
0.753744
1.5627
1.10573
0.614545
0.817349
0.680276
0.798258
0.83838
1.03088
0.901757
0.798962
1.41486
0.299344
0.967508
0.815652
1.14593
0.78699
0.586163
0.65618
0.839109
1.0795
1.20144
0.785523
1.15199
1.11483
0.743746
0.83448
0.328531
0.525627
0.753627
0.613234
0.984268
0.918138
0.575376
1.00769
0.4202
0.668493
0.920703
0.497041
0.370715
0.705436
0.831025
0.932532
0.784476
0.848583
0.333314
0.815979
0.886948
0.254892
0.465709
0.922125
0.571097
0.686621
1.00794
0.510992
1.30869
1.05517
0.684224
0.922013
1.16538
1.06117
1.4672
0.564668
1.0425
0.253901
1.05792
0.555133
0.249947
0.647402
0.663571
0.783989
1.26884
0.886464
0.522568
0.571887
0.590506
0.595325
1.08539
1.21666
0.555698
0.744137
1.03967
0.426536
1.42586
1.32055
0.423335
0.744384
0.632462
0.820381
0.662672
0.477792
0.845116
0.763628
0.789962
0.941026
0.846738
