1.09216
0.901335
0.373617
0.627222
0.744751
0.545503
0.584293
0.945964
0.587484
1.24389
0.498995
0.962341
0.957037
0.944606
1.09111
0.96879
0.93291
0.792098
1.11617
0.261483
0.603578
1.17668
0.95078
0.836278
1.35393
1.21855
0.665491
0.606802
1.08878
0.633258
0.776396
0.848446
0.894134
0.737894
0.777753
1.02467
1.40263
0.861597
0.815715
0.661118
0.644911
1.13739
0.480894
0.437653
1.03096
1.30183
1.2764
0.868067
0.42417
0.397023
0.886561
0.572649
0.349584
0.552867
1.30772
0.492822
0.595766
0.833011
0.574456
0.80976
0.755917
0.60681
0.941891
0.460352
0.288575
0.270616
0.460601
0.889175
0.608186
1.21649
0.931761
0.800843
0.953735
0.945709
1.17919
0.574092
0.864808
1.42728
1.135
0.485301
0.985684
0.82572
0.569061
0.39868
1.4295
0.797472
0.554132
0.247213
0.955801
0.360458
0.715304
0.679355
0.629031
1.09069
0.43777
0.883125
0.558746
0.308889
0.517175
0.914131
0.339226
0.754953
0.816478
1.49718
0.525565
0.264567
0.69856
0.904045
0.817021
0.839792
0.411851
0.697681
0.763731
0.683917
0.965233
1.34175
1.20637
0.53186
0.792281
0.659599
0.716745
0.633569
0.461652
0.474565
1.43358
0.615658
0.952617
0.362888
0.979171
0.529194
0.451443
1.03694
0.223311
0.740392
0.703676
1.10257
0.428502
1.06536
0.480367
0.691164
0.248019
1.00904
0.39483
1.02102
0.845606
0.735129
0.885762
1.04085
1.05663
0.3358
1.25315
1.53643
0.886913
0.742774
0.945038
1.23254
0.555226
0.723612
1.19206
0.318907
0.663645
1.0508
0.629421
0.903548
0.479227
0.843825
0.667368
0.834335
0.528173
0.476551
1.1615
0.807537
0.881507
0.328904
1.01738
0.945623
0.508713
0.886154
0.678773
0.345075
0.45477
0.552464
0.536046
0.942858
0.894294
0.41149
0.987902
0.887594
0.601744
0.562797
1.38195
0.631497
0.142117
0.99837
0.483928
0.570906
1.22962
0.469007
0.487256
0.111812
0.74784
1.01762
0.762481
0.346758
0.748013
0.837687
1.15506
0.974063
0.589427
0.587513
0.792055
0.344714
0.321454
0.564357
1.10728
0.442527
0.1559
0.380228
1.14021
0.341038
0.545842
0.802022
0.661762
1.06162
0.766906
0.929677
1.14914
1.23573
1.08362
0.830341
0.520511
0.778224
0.692972
0.818588
0.556109
0.525115
0.191065
1.0649
0.776284
0.772776
0.418766
0.817699
1.26652
1.24041
0.802717
0.464328
1.08036
0.711104
0.58032
0.428521
0.434603
0.445932
1.12158
1.34962
0.587872
0.361634
1.28485
1.33009
0.4899
1.23184
1.26622
0.99563
1.22876
0.956848
0.88278
0.632358
0.648119
1.47725
0.603261
1.53153
1.01508
0.301773
1.21337
0.652137
0.501983
0.453563
0.385629
0.999008
0.672753
0.847107
1.03586
0.795248
1.42952
0.996686
1.41914
0.5848
0.655483
0.434519
0.961478
1.0595
0.680854
1.0276
1.33574
0.661319
1.31694
0.70472
1.37689
1.29424
0.8398
1.13593
0.538357
0.950494
1.21718
0.933122
0.874302
0.530615
0.880504
0.520544
0.519488
1.25357
1.17485
0.997193
1.51621
0.90216
0.990453
0.62332
1.16449
0.611597
0.561272
1.14833
0.791846
0.922911
0.991232
0.710271
0.949654
0.802209
1.03713
0.464555
0.496207
0.383631
0.296728
0.293543
1.03432
0.604886
0.957246
0.732815
1.15192
1.53433
0.253266
0.53099
0.839265
1.13958
1.21882
0.685069
0.802995
0.911884
1.03814
1.43157
1.0966
0.808609
1.20608
0.414699
0.698408
0.664983
0.464985
1.05754
0.983309
0.36966
0.996592
1.07697
0.208502
1.0598
1.48495
0.946995
1.42305
0.995725
0.789763
0.920967
0.450374
0.830639
0.991627
0.485788
1.37082
0.437843
0.623331
0.57025
0.995574
0.765863
0.44594
1.32408
0.45789
0.863015
0.248526
0.469642
0.829899
0.646859
0.820365
1.37092
0.396178
1.05931
1.2367
0.738114
1.21249
0.976164
0.759035
0.510326
0.639106
0.640034
0.350225
0.780326
0.226579
0.413533
1.11652
0.576249
1.21177
0.318131
0.968882
1.38415
1.05786
0.776597
0.909641
0.776297
0.54588
0.912059
0.610189
1.30722
1.07011
0.572552
0.747121
1.11479
0.834039
0.725578
0.546818
0.477872
1.2216
0.281397
0.314084
0.223713
0.77055
1.26856
0.940267
0.53684
0.378399
0.773338
0.979174
0.421503
0.479381
0.981624
1.35487
0.815141
0.642601
0.306594
1.32845
0.999499
0.831566
0.7732
1.40817
0.755572
0.525377
0.520408
1.4326
1.13285
0.682583
0.929571
1.42383
0.621824
0.16783
0.559428
0.890081
0.448152
0.972123
0.853435
0.773709
0.947541
1.17618
0.873462
0.558541
0.626314
1.43022
0.384405
1.28091
0.352487
1.03814
0.550094
0.64659
0.537782
0.391605
1.33427
0.349118
0.8159
0.374925
0.549642
0.494055
0.862171
0.497385
0.907975
1.50455
0.77721
1.13893
0.579036
1.51783
1.02176
1.10374
0.911229
0.741615
0.439653
0.9943
0.846814
0.942311
0.515454
0.561844
0.665635
0.513105
0.331278
0.46851
0.47697
0.297866
0.78922
0.343337
1.42925
0.559723
0.91756
0.541493
0.613233
0.572882
0.848908
0.764567
0.70831
0.454841
0.479861
0.902545
0.938758
0.788576
0.43308
0.929855
0.991223
1.50841
0.893036
0.701976
1.39001
0.736842
1.09363
1.47451
1.36113
0.711981
1.56698
0.738879
0.768348
0.501679
0.849161
0.846152
1.53046
0.96359
0.669958
0.753249
0.579339
0.815638
0.141074
0.930758
1.32845
1.12766
0.442253
0.513948
0.807716
0.240762
0.817928
0.725086
1.00659
0.998008
1.03737
0.988048
0.636932
1.23132
0.743928
0.647288
1.10943
1.08771
0.862207
0.724755
1.13802
1.033
0.429893
0.955068
0.226237
0.453061
1.20476
0.828233
0.29896
0.988294
1.3584
0.601078
1.04495
0.539194
1.1277
0.941115
1.12743
1.20455
0.426229
0.970992
1.0715
1.099
0.563322
0.938283
1.30882
0.9176
0.979246
0.389374
1.43957
1.06389
1.13201
0.988364
0.658951
1.00624
0.739644
0.474216
0.597815
0.508215
0.886857
0.742701
0.511702
0.347863
0.280673
1.3901
0.638035
0.641376
1.03528
1.19679
0.678736
0.784831
0.87267
0.948058
0.793785
1.10701
0.947673
0.268909
0.580437
1.01067
0.500094
0.678614
0.512376
1.04614
0.900948
1.19386
0.93578
1.01622
1.25663
0.649243
0.473478
1.082
0.532226
0.588674
0.660975
0.715803
1.39973
0.421579
0.628854
1.28823
1.50466
0.517829
0.759536
0.442957
0.850101
0.194039
0.624712
1.06479
0.915417
1.30217
1.03741
0.968429
0.652073
0.464804
0.819827
0.96036
0.663294
1.01821
0.153548
0.60323
0.68045
1.45753
0.528614
0.94396
0.511046
0.506381
1.05077
0.452595
0.546854
1.1379
0.693877
0.82826
0.987364
0.259096
0.873863
1.1744
1.26333
1.14404
0.98133
1.16228
0.58414
0.71855
0.900369
1.03015
0.545752
0.983693
0.817943
0.354114
0.966508
0.56608
1.29366
0.956436
0.443345
0.674119
0.419314
1.39789
0.623717
0.52424
1.29435
1.29163
1.0886
0.487516
0.968465
0.687621
0.742218
0.718763
1.25685
1.48828
0.757569
0.631184
0.809376
0.780376
0.814476
1.28785
1.15524
0.976215
0.454284
0.496987
0.487284
0.763674
0.569766
1.38794
0.647055
1.07895
0.475862
1.22194
0.935657
1.08258
0.2174
0.598885
1.10574
0.563968
0.0937632
1.16658
0.814107
0.884756
1.35246
0.708949
1.05243
0.94924
1.06187
0.596778
0.578106
0.422321
0.58451
0.855666
1.1294
0.465784
0.362322
1.08873
0.823041
0.953794
1.04636
0.839606
1.02164
1.02635
0.915135
0.884431
0.501656
0.65876
0.635981
1.4443
0.346949
1.30267
0.158434
0.538993
0.433055
0.661866
0.610762
0.948349
1.34933
0.737634
1.48353
0.818368
0.667903
1.15589
0.700511
0.422812
1.04131
1.0091
0.533171
1.44407
1.12634
1.42799
0.608526
0.491606
0.639855
1.19739
1.18388
0.703519
1.00473
0.77521
0.426193
1.26545
1.16339
1.41986
1.11556
0.487431
1.13109
0.559967
1.04934
1.318
0.403181
0.39982
0.340689
0.650236
0.891681
0.595544
1.29967
0.501788
0.107516
1.24877
1.04799
1.30966
0.75259
0.638341
1.05259
0.831296
0.487197
1.11855
0.689779
0.77413
1.03205
0.735873
0.472569
0.66176
0.610166
1.12829
1.3658
1.21424
1.25077
0.483382
0.855738
1.06152
0.753878
0.968724
0.313495
1.07075
1.33234
1.24032
1.31344
1.05057
0.773652
1.51614
0.456089
1.36643
0.28743
0.401981
0.677478
0.473844
0.991955
0.773201
0.939226
0.760077
0.92311
0.300746
0.686727
1.17178
0.397478
0.954264
1.23712
0.941047
0.388116
0.658265
1.28594
1.20989
0.914675
1.00316
0.990273
0.792051
0.340994
1.23584
0.573666
1.00576
1.0125
0.522476
0.609714
0.539376
0.639182
0.893112
1.37271
0.585343
0.823704
1.19753
1.11802
0.356472
0.701615
1.24626
1.44496
0.159557
1.0426
0.821544
0.988306
1.41703
1.29154
0.32985
0.439647
0.771727
0.923833
0.737885
0.752897
0.733112
0.140624
0.890649
0.557542
0.0825559
0.465022
0.700783
0.956422
1.05955
1.5634
1.02392
0.910549
0.589285
0.323388
0.835796
0.714928
1.18233
0.834712
1.08621
1.38557
0.642082
0.763809
0.441916
1.43059
0.60166
0.419818
0.389018
0.442399
1.01843
1.12284
0.268286
0.729341
0.531204
0.602661
1.32559
0.741289
1.34846
0.769647
0.385601
0.776271
0.673198
0.858789
0.661086
0.64433
1.07567
0.894674
0.836467
0.31196
0.788147
1.32053
0.854173
1.24045
0.880238
1.44649
1.34166
0.481011
1.27905
0.744655
0.530628
0.841009
0.34741
1.49405
1.14653
1.11254
1.10619
0.234614
0.737817
0.661468
0.895031
0.333458
0.209272
1.5142
1.53197
1.15542
1.27261
0.84429
0.830395
0.682742
1.51341
0.837449
0.453803
0.651106
0.562189
0.596756
0.88915
0.67542
1.09888
1.50581
0.497834
0.440809
1.41167
0.266224
1.06693
1.09058
0.494198
0.500079
0.796894
1.24848
1.33567
0.259386
0.556113
0.910276
0.869083
0.652105
0.780636
1.23427
0.703039
0.500812
0.977332
1.04175
0.965161
1.01028
0.321678
0.796124
1.04432
0.507269
0.86781
1.23562
0.199451
1.20274
1.19318
0.851006
0.999944
0.780017
0.688666
0.644255
0.4273
0.85682
0.766538
0.552165
1.24452
0.660623
0.739124
0.797572
0.728714
0.718197
0.366169
0.349362
0.748788
1.29828
1.52326
1.19413
0.443892
0.400981
1.06411
0.63994
0.449234
0.92207
0.733142
1.10664
1.12203
0.419455
0.946601
0.684284
0.221085
0.896952
0.592535
1.12231
0.77199
0.684191
0.174511
0.928416
0.804484
0.984386
0.737629
1.13059
0.878779
0.508202
1.14045
0.378547
0.937091
0.366067
0.347297
0.799134
0.556303
0.180623
0.82908
1.30892
1.00931
0.691182
0.202447
0.396974
0.801843
1.25498
0.246688
0.459456
0.55458
0.628867
0.61187
1.11873
0.217328
1.11664
1.20866
0.863197
0.918066
0.795069
0.611729
1.29279
0.217195
0.848713
1.27263
0.342761
1.01287
0.877899
0.871202
0.473545
0.891983
0.76354
1.33274
0.371567
0.204502
0.295671
1.06963
1.34546
0.309016
0.493401
0.306881
0.965263
0.984708
0.947033
0.552243
0.213733
0.675788
0.244987
1.32372
0.609657
1.23625
0.519846
0.422922
1.11286
1.30234
0.465617
0.428372
0.746002
1.11094
1.1681
0.981974
1.30476
0.468662
0.76377
0.341239
1.08869
0.663912
0.658976
1.08692
0.865566
0.418028
0.950154
0.828179
1.29418
1.04117
0.377389
0.506021
0.289978
0.352997
0.510235
1.27307
0.438003
1.10836
0.713917
0.749566
0.613552
0.79591
0.805803
0.855842
1.15105
0.248328
0.986984
0.926123
0.448976
0.596394
0.895735
1.35759
0.687073
0.909863
0.385834
0.739851
1.13265
0.683743
0.460924
0.454989
1.42256
0.705022
1.4211
1.1121
0.764667
0.878398
1.32095
0.546507
1.07194
1.19114
0.493523
0.664007
0.837866
0.998838
0.905922
0.989476
1.32608
1.18231
0.88903
0.798183
0.407338
1.15842
0.802051
0.572737
0.375238
1.02306
0.831667
0.500072
1.45659
0.691907
1.02045
0.533318
1.43339
0.975376
0.745178
0.418897
1.02248
0.729085
0.767758
1.17202
0.229231
0.590195
0.86265
0.988491
0.216532
0.655021
0.66878
1.17496
0.842049
0.790944
0.614814
0.517278
0.282698
0.843086
0.350003
0.941038
1.02489
1.35817
1.06992
0.32731
0.749564
0.826751
0.475338
0.862899
1.1292
1.13283
0.847102
0.376119
1.56928
1.24358
0.867181
0.777004
0.72498
0.681599
0.917892
0.626293
1.32455
0.327657
0.692299
0.705323
0.591058
0.711989
0.840659
0.848166
0.726299
0.697416
0.609984
0.324726
0.730314
1.00462
1.07663
0.503657
1.53009
0.320157
1.21319
0.406809
0.228738
0.734897
0.791466
1.13269
1.19066
0.551201
0.536418
0.575652
0.609323
0.607296
0.83644
0.399251
0.53801
0.787074
0.598684
0.926791
0.780069
0.618581
0.415706
0.936114
1.2267
1.51816
0.944419
1.25538
0.665029
0.909442
1.03711
0.403886
1.0379
1.38781
0.612371
0.329237
1.31768
0.729083
0.423615
1.14979
0.293256
0.464812
0.816247
0.131808
1.09975
0.74831
0.86117
1.38098
0.528494
0.659776
0.348598
0.70004
0.80316
1.42095
0.644454
0.448568
0.934615
0.397627
1.39875
0.793964
1.04912
0.616637
0.519103
1.22466
0.842523
0.810293
0.673035
0.547024
0.454904
0.827867
0.54984
0.957837
0.820723
0.512918
0.615678
1.28654
0.749251
1.09038
0.599189
1.37474
0.724279
0.622677
0.785873
0.866563
0.631366
1.0319
1.18485
0.550624
0.833906
0.726642
1.13305
1.07056
0.55229
1.49851
0.871153
0.903539
0.377227
1.20439
0.672888
0.888368
1.02678
0.855013
0.880475
0.801172
0.908923
1.01777
0.908017
0.705011
0.707593
0.237615
0.327954
1.24148
0.994018
0.568181
0.749573
0.556385
0.613898
0.665164
0.72887
0.878493
0.606096
0.861267
0.9147
0.502508
0.852084
0.952389
0.834564
0.798585
0.437009
1.06936
1.44258
1.45665
0.34609
0.315798
1.19087
0.819326
1.29313
0.704985
1.15359
0.770159
0.801837
1.22461
0.42479
1.25243
0.291534
1.17854
0.774876
0.536532
0.704036
1.16421
1.10268
1.0258
0.576634
0.918688
0.846545
1.06332
0.535718
0.68339
0.133161
0.814629
1.18439
0.589768
0.829195
1.2965
0.586686
0.591861
0.575783
0.935189
0.878814
0.765287
1.55048
0.691636
0.830377
1.35961
0.615886
0.74539
0.479394
1.06164
1.10213
0.27681
0.73202
1.51839
0.706101
0.311434
0.357005
0.694443
0.88896
0.942028
0.425288
0.587514
0.395433
0.698888
0.324339
0.438134
1.38745
0.80116
1.16546
0.904785
0.764617
0.758231
0.21914
0.436053
0.456649
0.958887
0.32596
0.482441
0.809552
0.857037
1.05731
0.144176
0.862911
0.96372
0.893977
0.968763
1.34881
1.14827
0.396004
0.601181
0.943268
0.941774
0.687616
1.30049
0.506881
0.833627
0.645396
1.13564
0.384017
0.804238
0.492737
0.401112
1.0143
1.02099
0.860949
0.76042
0.924341
0.524747
0.537647
0.266647
0.247812
0.659361
0.677898
0.393357
0.697477
1.07107
0.730319
0.926648
0.513983
0.764147
0.162134
0.412067
0.456844
0.443829
0.484437
0.688134
0.479635
0.595424
0.957344
0.687106
0.845855
1.55623
0.437307
0.710761
1.27677
0.956529
1.06637
0.666257
0.589652
0.628793
1.11609
0.572153
1.02045
0.738224
0.876266
0.517157
0.537439
0.578676
0.788186
0.81443
0.361336
1.14294
1.12516
0.6457
1.07793
0.683011
0.91932
0.568303
0.700499
0.358307
0.664264
1.49368
0.639599
0.912209
0.739514
0.794846
0.799167
0.387311
0.908665
0.964741
1.26235
0.314575
0.785537
0.2772
1.15509
0.84561
1.3272
0.3758
0.568414
0.2997
0.4969
0.914999
0.718105
1.15987
1.05653
1.463
0.866772
0.458438
0.906317
0.664669
0.427405
0.537443
1.43648
0.75547
1.11385
0.827901
0.299525
0.503365
0.623856
1.1668
0.993996
0.571683
0.846104
1.01057
0.94181
0.711294
0.593655
0.704238
0.569779
0.51736
0.481852
0.66847
1.01999
1.42744
0.858275
0.881033
0.633165
0.417729
0.927643
0.137034
1.14308
0.902046
0.481154
0.564883
0.595734
0.531158
0.899185
0.947836
0.78703
0.458942
1.36405
0.879521
0.59014
0.417145
0.463073
1.5193
0.950122
1.00415
0.977481
0.459369
0.212141
1.11051
0.805759
0.507315
0.781517
0.712241
0.672363
0.390408
0.765805
1.52015
1.19416
0.281901
0.32331
0.317713
0.612258
0.302154
0.961626
1.01203
1.1124
0.555131
1.25221
0.659915
0.468863
0.787594
1.25802
1.19893
0.752915
0.402222
1.14909
1.08727
0.82651
0.570291
0.856099
0.221494
0.450495
1.35442
0.900314
1.05789
0.320321
1.43058
1.50664
0.721669
1.47164
0.668351
0.564051
1.23335
1.00036
0.483232
1.32261
0.467399
1.1982
1.09056
1.32962
1.19447
0.655837
1.32375
0.658834
0.234911
0.652155
1.3035
1.03796
0.968796
0.998976
0.6934
0.824041
1.04148
0.571278
0.377012
0.813141
1.07545
0.64327
0.645193
0.591592
1.22491
1.51603
0.613144
0.920479
1.16626
0.859461
0.718663
1.4407
0.964977
0.761205
0.728134
0.65509
0.676772
1.34598
1.34681
0.661607
1.19921
1.03638
0.816871
0.946904
1.55608
0.550726
0.535699
0.554578
0.826565
0.364834
0.53474
0.359514
0.863969
0.545434
0.45301
1.44504
0.916179
0.905475
1.24511
1.04533
0.996101
0.348035
0.5834
1.21364
0.69509
1.14823
1.45864
0.638318
1.2157
1.55982
0.634267
0.857991
0.825751
0.516299
0.51244
0.787235
0.457673
0.801405
1.17488
0.242866
0.814632
0.459375
1.176
0.740316
0.742066
0.693101
1.30172
0.494091
0.426351
0.536468
0.969212
0.235102
0.473792
1.076
0.171188
0.656598
0.245625
1.49839
0.981224
0.74181
1.04341
1.04053
0.71019
0.809091
0.612752
0.90205
0.8115
0.432876
0.0973477
0.840303
0.424765
1.37962
0.322961
1.26708
1.25846
1.33441
0.261096
0.48967
1.07051
1.15666
1.15124
1.19699
1.09478
0.580281
1.23604
0.635462
0.627963
1.27071
0.752046
1.20746
0.790179
0.669992
0.518411
0.827447
1.45585
1.14002
0.636084
1.31578
0.82524
0.706638
0.735798
0.749808
1.14484
0.877999
0.682985
1.30062
0.829197
0.514604
1.02372
0.740809
0.845037
1.18466
0.672154
0.721456
0.273227
1.35689
1.41218
0.897193
0.625587
1.03941
0.835349
1.43476
0.680059
0.848034
1.14845
1.13496
0.803955
0.446822
0.706815
0.52342
0.61985
1.04148
1.13963
1.18262
0.889078
1.10125
0.34886
1.14164
1.04066
0.696633
0.221299
1.06594
1.07965
1.12561
0.732376
1.13743
0.986794
0.995435
0.993985
1.23532
0.676665
1.02955
1.06448
1.12913
0.922568
0.556449
0.851619
1.49107
0.564221
0.801734
0.746329
1.53453
0.889943
0.903152
1.08331
0.81708
1.06527
0.611891
0.940435
0.606878
0.769029
1.01734
0.570848
1.2314
0.742628
0.760262
1.39959
1.32345
1.41134
0.652079
0.90782
0.939378
0.330362
0.727491
0.853959
0.827769
0.455946
0.769721
0.77403
0.73632
0.614298
1.06199
1.27562
0.81242
0.971499
1.03707
0.380587
0.776552
0.949917
1.13225
0.912414
1.03578
1.03141
0.381291
0.732296
1.06288
0.824955
1.24431
0.246581
1.07817
0.765948
0.443489
0.445781
0.259894
0.185041
0.665193
1.28784
0.90268
0.579149
1.17657
0.771922
0.145057
0.617356
0.830265
0.47242
1.44157
0.432517
0.338723
0.590611
0.641936
1.49036
0.33172
1.52662
0.986454
1.25577
1.43609
0.56934
1.22378
0.958965
0.0611277
0.720231
0.321046
0.464384
0.365615
1.52475
1.42886
1.49738
0.767857
0.756391
1.56188
1.35833
0.473732
1.00796
0.580375
1.29105
0.251749
0.677956
0.648477
0.456528
0.853111
0.895255
0.591521
0.622165
1.04474
1.1344
0.777043
0.621945
0.851505
1.14869
1.46126
0.413749
0.56463
0.792476
1.02545
0.538142
0.779533
1.48433
0.446345
1.05968
0.645194
0.352726
0.751923
0.391647
1.17268
1.28689
1.2569
0.449578
1.32841
0.62034
1.1222
0.985439
0.832644
1.29907
0.919883
0.934782
1.09618
1.06936
0.943315
0.143459
0.411209
1.45428
0.562881
0.992297
0.432906
1.41466
0.420494
0.409522
0.677749
1.48205
0.29702
1.56682
0.833859
0.642579
0.429602
0.466654
1.13651
0.712845
0.433093
1.05993
1.22843
0.640236
0.642637
0.382504
0.684165
0.910836
0.35507
0.932684
1.13365
1.33491
1.22901
1.24982
1.30912
0.99931
1.51181
1.53967
1.05465
0.656939
0.62012
0.937087
0.611273
1.07616
1.28623
0.27198
0.314677
0.890679
0.452632
0.278724
0.989314
1.38513
1.33245
0.985991
1.20418
0.492802
0.482035
0.548661
1.51226
1.0758
0.605042
1.25755
0.488382
1.05481
0.456907
0.541629
0.608316
1.20157
1.24833
0.910639
0.915538
0.610976
0.733237
1.36237
1.37108
0.830764
0.836212
0.450938
0.333266
0.590852
1.17152
0.389703
0.581352
0.792368
0.447212
0.891981
0.600209
0.887269
0.53809
0.681669
0.382538
0.767976
0.683157
1.27755
1.00267
0.78281
1.10149
0.449751
1.07813
0.423807
1.06678
0.867024
0.347421
0.763631
1.20656
0.920142
0.432035
1.19894
1.15028
0.634668
1.00565
0.379185
1.1424
0.393464
0.7515
0.772547
0.797512
0.83109
0.760377
1.39527
0.859957
0.639985
0.654806
0.7859
0.648131
0.851314
1.39591
0.822638
0.721672
1.17866
0.94479
0.288648
0.54316
0.398402
0.579597
0.322047
1.00302
1.31977
0.980771
1.11337
1.16125
0.346654
0.350567
0.50637
1.04039
1.34862
0.601677
0.720665
0.279129
0.547485
0.445416
1.03828
1.30913
0.646786
0.488377
0.23576
0.980396
0.510399
0.954891
0.611929
1.45243
0.325603
0.810862
1.04903
0.618672
1.26996
0.605608
1.31842
1.29454
0.727272
0.743806
1.18245
0.54154
0.570616
0.555457
1.27721
0.809623
0.991224
0.987635
0.869134
0.630773
0.454166
0.844542
0.637171
0.781991
0.886362
0.949119
0.372307
0.335617
0.654808
0.408184
0.703429
0.981181
1.05901
0.564903
0.980513
0.519677
0.592576
0.727031
0.710377
0.813641
1.00206
0.390278
0.401929
0.575715
0.712394
0.77293
0.727585
0.536946
0.687152
0.830397
0.738386
0.451799
1.02965
0.749588
1.07064
1.16484
1.12628
0.590237
1.16034
0.927298
1.04163
0.330697
0.889872
1.43106
0.681076
1.01668
0.948215
0.556413
0.754324
0.577428
0.514151
0.626789
0.381916
0.724138
0.475691
0.870384
1.26778
0.769259
1.00575
1.06176
0.519983
0.815396
0.562709
0.662859
1.19945
0.35198
0.382735
0.481556
1.13934
1.32469
0.595682
0.74366
0.489649
0.729087
0.585292
1.31486
0.39884
1.09248
0.649232
1.39966
0.721566
0.990917
0.970785
0.698962
1.03658
0.526805
0.544348
0.773076
0.795887
0.390117
0.582521
1.13158
0.243782
0.123166
0.849612
0.914426
0.92869
0.50072
0.875383
0.730383
1.42131
0.741222
1.06108
0.63432
1.51472
0.800397
0.523168
0.840775
0.954444
0.986781
0.742486
1.17528
0.677804
0.443622
1.02582
1.1316
1.30456
1.31672
1.41546
1.53426
0.485009
0.707064
0.220015
0.673781
0.517949
0.622431
0.783564
0.827261
1.52215
0.989205
0.712682
1.26585
1.45376
0.481232
1.3454
0.470683
1.03194
1.11353
1.50362
1.43138
0.475448
0.791215
0.994679
0.961659
1.03963
0.752009
1.25462
0.421298
0.904575
1.03799
0.648313
0.582625
0.378697
0.488768
1.08267
0.528694
1.22379
0.627206
1.38676
0.844147
1.25441
0.750923
0.284567
1.40167
0.574394
1.13026
0.464369
0.773617
0.766486
1.16248
0.743548
0.617948
1.39619
0.777719
1.10405
0.336586
0.644937
0.521149
0.441079
1.54541
1.47922
1.20188
0.149534
0.822058
0.45768
0.711421
0.424368
0.79537
0.626499
0.545647
1.35561
1.39922
0.835242
0.997781
0.481857
0.728966
0.695796
1.04837
0.683599
0.405897
0.309161
0.443782
0.456194
0.990103
0.808839
0.389422
1.22993
0.888658
0.299639
0.562724
0.607907
0.215046
0.438569
0.833034
0.572462
0.833441
0.984341
1.4887
0.782242
0.339075
1.00225
1.23848
0.569073
0.836011
0.795971
0.808099
1.46294
1.27399
0.686938
0.894058
1.11907
0.512497
0.674039
0.562849
0.831627
0.320645
1.34021
0.810103
0.765017
1.36907
0.532979
1.55782
0.905646
0.687974
0.915165
0.814145
0.599095
0.271573
0.217541
0.640271
0.631897
0.381789
0.854482
0.971497
0.637498
0.719685
1.00356
1.17925
0.356058
0.490781
1.36455
1.11046
1.24462
1.42514
0.445772
1.29333
1.41591
0.804374
1.00463
0.383193
0.250179
0.255976
0.89557
0.573471
1.03241
0.690578
0.270501
0.403891
0.759965
0.730099
0.694233
1.28169
1.10476
1.01112
0.96964
0.294357
0.778645
0.490087
0.7354
0.864755
1.19979
0.660601
0.679964
0.663227
0.775365
0.666259
0.667515
0.980377
0.453031
0.226612
1.0098
1.47023
0.764337
1.39083
1.01312
1.05088
1.13587
0.6032
0.166581
0.489757
1.13364
0.488668
0.844816
0.786742
1.2741
0.942438
0.427685
1.1436
0.686846
0.534434
0.859406
1.31066
0.92672
0.280195
0.818765
0.944109
0.477197
0.649119
0.942905
1.01742
0.854422
1.4939
0.496834
0.632003
1.35588
0.658158
0.6536
1.35357
0.651288
1.08685
0.835173
0.973381
0.362004
0.219809
0.83988
0.452896
1.25843
0.533673
0.82487
1.54791
0.293122
0.530041
0.433048
0.430929
1.01335
0.74316
0.663438
1.31267
0.0504083
0.945971
0.881585
0.666308
1.03763
0.694224
1.03668
0.554536
0.857104
1.18316
0.485207
0.809478
0.615005
0.113241
0.669589
0.617351
1.1149
1.21117
0.801072
1.39508
0.571328
1.12393
0.579039
0.660695
1.01358
0.989742
1.06796
0.971059
0.843625
0.920621
0.57402
1.2837
0.690194
0.883195
0.956651
0.760037
0.47018
1.00213
0.740504
0.465365
1.22752
0.70313
0.363558
0.678491
0.494065
0.501322
0.992359
0.471593
0.996146
0.99166
0.167956
0.847317
0.290469
0.891784
0.789697
1.30106
0.351923
0.808445
0.206727
0.819455
0.513752
0.582442
1.23385
0.154166
0.285851
0.316962
1.46721
0.930985
1.42526
0.835186
1.02142
1.39128
1.38492
0.859005
0.728891
0.493064
0.625378
0.90361
0.835341
0.651332
1.16508
1.11817
1.14885
0.586242
0.581165
0.818758
0.682611
0.650739
0.750331
0.238619
1.31117
0.669866
0.345096
1.50189
0.680372
0.788359
0.51348
1.23891
1.01178
0.917222
0.50571
0.512183
0.723301
1.50519
0.922238
0.338176
0.811917
0.456811
0.292751
0.714191
1.09377
1.13061
0.95915
0.823318
0.768132
0.817186
0.286307
0.793141
0.189538
0.448932
1.51113
0.207837
0.518123
0.103932
0.348771
0.575816
0.668973
1.1943
0.478493
0.666531
0.823068
0.325675
0.577097
0.748543
0.699192
0.675255
0.60068
0.765407
1.54762
0.72449
0.755494
0.985117
1.0072
0.468959
0.526983
0.40319
1.30996
0.545022
0.581802
0.832174
0.855491
1.30903
1.21256
0.229856
0.372023
0.721631
1.16252
0.86187
0.696639
0.473939
1.14254
0.916148
0.479741
0.382472
0.774748
0.939097
0.627125
0.201936
1.3396
0.909767
0.569993
0.753851
0.428585
0.802272
1.08716
0.687292
1.04012
0.443092
0.466776
0.810202
0.996672
0.936456
1.24245
0.663965
1.19406
0.524286
0.39012
1.03345
1.39424
1.3829
0.412243
0.911648
1.1812
0.965178
0.383212
0.52994
0.653123
0.61806
0.718512
0.249669
0.712215
0.920212
0.303121
0.456813
0.175615
0.666816
0.782406
1.34433
0.685988
0.946444
0.965922
0.298892
0.299111
0.526113
0.824752
0.554633
0.215907
0.730753
1.39643
1.00004
0.574343
1.42322
0.795632
0.792354
0.768073
0.927336
0.988699
0.876254
0.908612
0.389337
0.470737
0.303311
1.43103
0.390378
0.375694
0.495057
1.06437
0.235688
0.667462
1.09203
0.294631
0.565887
0.437589
0.406354
0.525346
0.689521
1.20229
0.831741
0.757909
0.65233
1.17685
0.599444
0.307054
0.416323
0.919932
1.52913
1.08355
1.1281
0.259279
0.741162
1.50097
0.920727
0.290497
0.547802
1.17505
1.2387
1.47112
1.02498
0.930798
0.588655
1.04438
0.442842
1.20529
0.503591
0.606154
0.616797
0.577832
0.629791
0.968946
1.15016
1.14763
1.10491
0.620905
0.972155
0.7108
0.264514
1.44818
0.943228
0.609998
0.696677
0.294118
0.443235
0.44004
0.965153
0.950341
0.552621
1.34471
1.40637
0.835803
0.477497
0.917969
0.686738
1.3969
0.424631
1.08947
0.629627
1.03483
0.720494
0.866822
0.710673
0.791014
1.32806
0.684715
1.48174
1.09436
1.01787
0.893015
0.936657
0.319353
1.06885
0.566076
0.589264
1.4474
0.182825
0.422656
0.523016
0.66267
0.478945
0.575851
0.877423
0.367625
0.317563
1.22462
0.670216
1.36917
1.07149
0.865565
0.271558
0.895711
0.96418
0.532445
0.921058
0.461874
1.19406
1.02516
0.796381
0.881305
0.593879
0.67126
0.550931
0.358521
0.66902
1.04482
0.733128
0.441464
0.785879
1.0755
0.687032
1.12233
1.07139
1.03462
0.341586
0.454323
0.921721
0.536273
1.15049
0.702483
0.714381
1.25047
0.52151
0.77769
0.402842
0.437945
0.597624
0.91753
0.831379
0.573546
1.35553
0.537999
0.424084
0.332268
1.0016
0.743095
0.531221
0.809244
0.752279
0.725353
0.661012
1.46353
0.707801
0.897012
0.850556
0.988221
0.436659
0.759666
0.874246
0.541813
0.218424
0.360164
1.17178
0.586696
0.687702
0.410347
1.05413
0.251203
1.32424
0.834661
1.28591
0.29568
0.582866
0.515271
0.471775
1.05941
1.49061
0.977548
0.9269
1.08364
1.18265
1.19789
0.710291
0.83605
1.10877
1.42951
0.906075
1.06821
1.48644
1.02711
0.680388
1.17221
0.68024
1.50632
0.237954
0.37172
0.866458
0.360778
0.771437
0.422113
0.657209
0.668141
0.685534
0.841877
0.670126
0.878185
1.45187
1.38586
0.487944
1.13204
0.73276
1.20661
1.36833
0.723505
0.439206
0.353819
0.336712
0.588456
0.639194
0.239307
0.37736
0.638891
0.714799
0.636567
0.415202
0.746398
1.53944
1.15029
0.696112
0.909597
0.588441
1.1344
1.0096
0.36436
0.846623
0.565538
0.806708
0.530034
0.509169
0.295593
0.425384
1.30805
0.8738
1.03563
0.71174
0.432799
1.15736
0.437102
0.672439
1.2053
0.578682
0.710395
0.501455
0.841613
1.01775
0.500069
0.786928
0.867853
0.827393
0.928585
1.25844
0.890449
0.362209
0.263671
0.723239
0.788306
0.36585
0.571241
1.26606
0.566234
0.885863
0.423177
0.410106
1.43816
1.10515
0.469637
1.27435
0.717631
0.515534
0.0810549
0.571099
1.02289
0.341495
0.744255
1.55159
0.621913
0.596487
0.723226
1.1639
0.29368
0.757051
0.318164
0.918228
0.648969
0.781584
1.54423
1.31684
1.25756
1.44495
1.50133
1.13141
0.460017
0.522495
1.03724
1.28632
0.349755
0.53167
1.27767
0.522331
0.766232
0.745974
0.942724
1.17601
0.5622
0.937937
0.533578
0.715724
0.938671
0.894733
0.886026
1.52889
1.28411
0.721126
0.712476
0.976056
0.815441
0.377367
0.626777
0.172456
1.10319
1.05823
0.818124
0.614764
0.892804
0.826266
0.814191
0.879804
0.213031
1.25908
0.608533
0.760515
1.25452
0.819367
0.617061
0.838718
0.574623
0.92588
0.321396
0.993228
0.319129
0.817713
0.957614
1.07438
0.480647
1.45421
0.866166
0.987455
0.777075
1.02095
0.993858
0.56846
0.695395
0.891892
0.298343
0.55125
0.0768275
0.658227
0.692458
0.465144
0.515069
0.166969
1.00664
0.271688
0.640659
0.433986
1.32732
1.50012
0.861921
0.195955
0.751561
0.18506
1.53871
0.921919
0.913079
0.471605
1.37988
0.745986
0.756867
1.21421
0.929874
0.524663
0.717249
0.488288
0.391916
1.37101
0.795953
0.712854
1.08908
0.693572
0.74692
0.286337
0.64335
0.841674
1.26339
0.719199
0.919804
1.38002
1.06413
1.35861
0.883963
1.34433
0.790874
0.896667
0.601038
0.433349
1.28152
0.674034
0.36486
1.56722
0.858194
1.1629
0.493008
1.02461
0.762814
1.23889
0.995746
0.851063
0.509669
0.6324
0.878289
0.421565
1.00709
0.772223
0.519785
1.18069
1.21852
0.356837
0.983831
0.863592
1.17817
1.03443
1.34933
0.567471
0.985934
1.17916
0.746474
0.735856
0.86556
0.611837
0.866298
0.54781
0.925693
0.592358
0.606475
1.0514
1.5533
0.919467
0.570276
1.56891
0.282361
0.489697
0.762325
0.817927
0.625945
0.554361
0.475152
1.23447
0.96485
0.272657
0.566861
0.775286
0.738514
1.03845
0.650736
1.34165
0.887521
1.33535
1.52311
0.961386
0.44605
0.565193
0.916633
0.324223
0.329882
1.09377
1.14835
0.324456
1.05069
0.451774
0.540454
0.485084
1.29342
0.33423
0.875104
0.734601
0.730059
0.360494
0.720127
0.918219
0.833606
0.809297
1.5218
0.192928
0.83294
0.614056
0.366217
0.932872
1.35872
0.837223
0.863649
0.986064
1.54821
0.863679
0.964736
0.647844
1.32802
0.367251
0.22324
0.738063
0.892309
0.611677
0.667192
1.1883
0.83006
0.997537
0.87721
1.24536
0.717226
0.511461
0.48979
0.857631
0.811317
0.529881
0.727901
1.2079
1.19785
1.20369
1.53842
0.359325
1.29416
0.83617
0.297462
1.00216
1.0795
0.985944
1.21353
0.525122
0.991764
0.289411
0.750442
0.725758
0.621638
0.947124
0.744088
0.729658
0.60859
0.849222
1.56544
0.674075
0.712442
1.41213
1.23948
0.268121
0.79071
0.351277
0.96293
0.821853
1.0827
0.406343
0.485953
1.27488
0.813928
0.607534
0.428992
0.592596
1.44604
1.01678
0.741925
0.40216
1.08224
0.745746
1.04741
0.488778
0.63699
0.716222
0.449006
0.984806
0.996802
0.126934
0.572766
1.34332
0.554644
0.57037
0.840427
0.451701
0.862766
1.20959
1.23978
0.816796
0.947892
1.28708
0.467254
0.272684
0.119359
0.691825
0.864144
1.08422
1.13925
1.10132
0.244737
0.779244
0.337343
0.451229
0.947126
1.43342
0.53428
0.832091
1.08208
0.82861
0.78823
0.770173
0.507883
0.307781
0.73255
0.753282
0.80028
0.37615
0.854865
0.882961
0.786396
0.312041
1.1058
1.25214
1.04351
0.596986
0.32629
0.742229
0.545851
0.766723
1.02428
0.869354
0.72819
0.526625
0.493607
1.17824
1.00488
0.562271
1.54715
0.447101
1.0854
0.579754
1.24714
0.978108
0.711522
0.945416
0.629338
0.67739
1.51325
0.574831
0.887954
0.309035
0.438319
1.14556
0.559716
0.885129
0.591563
0.667916
1.0228
0.941999
0.46275
0.437949
1.04456
0.870257
0.748343
1.43135
0.806205
0.878018
0.620425
1.18482
1.28958
1.55769
0.128101
0.492636
0.611574
0.618502
1.13689
1.09507
1.53851
1.14602
0.283224
1.34896
0.628048
0.498004
1.13283
0.394031
1.45481
0.913223
1.03907
0.722064
1.31433
0.676868
1.30676
0.556875
0.989255
1.05562
0.458467
1.42899
0.505197
0.389096
0.496622
1.00136
0.893223
0.742679
1.37137
0.400954
0.715561
0.774651
0.632223
0.743219
0.609338
0.475394
0.671522
0.361417
0.941778
1.00556
1.46274
0.692178
0.405007
0.967073
0.890719
1.41375
0.543915
1.11062
1.05393
1.2037
0.794284
1.05434
0.595684
0.345678
0.587638
1.57023
0.723811
0.450894
0.528694
0.261931
0.626015
0.991012
0.505149
0.57826
1.21561
1.00288
0.256703
0.890105
1.24184
0.803408
0.764631
0.607752
0.823287
1.1077
0.772313
0.681609
0.374582
0.260254
1.05037
0.896593
0.898528
0.498444
0.798641
0.869847
1.16528
1.02804
0.420729
0.497554
0.788945
0.571431
0.644003
0.363632
0.588728
0.293891
0.678846
0.562396
0.877677
1.17235
0.347945
1.26328
1.12466
0.619153
0.29887
0.956669
0.853789
0.761283
0.749394
1.011
0.621603
1.12271
0.342597
0.317923
0.531995
1.08544
1.30317
1.42992
1.37048
0.753977
1.53087
1.40256
1.53477
1.49209
0.459469
0.921341
0.323952
0.513083
0.655865
0.442563
1.04874
1.49049
1.38352
0.738905
0.636441
0.38519
0.601016
1.24065
0.740709
0.512977
0.142546
0.446234
0.667957
0.793943
0.665091
1.22896
0.551208
0.951106
0.655429
1.02984
0.979493
0.167438
1.38794
1.15856
1.2131
0.763264
0.789006
0.896516
0.636092
0.844242
1.04534
0.959685
0.86375
0.898192
0.40484
0.72636
0.789193
0.471213
0.490293
1.08303
0.671031
0.829721
0.882168
0.314051
0.683629
0.483764
0.299663
1.09749
1.02031
1.05419
0.974224
0.66723
0.344547
1.19828
0.963775
0.869929
0.52308
0.542675
0.770887
0.30543
0.375469
0.79002
0.72451
0.422625
0.919165
0.127662
0.636913
0.924763
0.510049
0.166283
0.673611
0.956574
0.601724
1.43448
0.708945
0.782793
0.864527
1.20197
0.710441
0.641574
1.40625
0.661762
0.487853
0.488952
0.990583
1.09795
1.0225
0.660443
0.545212
0.791077
0.870935
0.297005
0.434958
0.531087
1.0077
0.502533
0.459912
0.760401
0.913147
0.499471
1.18291
0.489577
0.518572
0.438699
0.81377
0.766708
0.884235
1.22754
1.02046
0.871134
0.859763
0.884883
0.631399
0.685084
0.408039
0.916621
1.03283
1.05282
1.0786
1.01893
0.486725
0.559219
1.37627
0.555334
1.34251
0.611193
0.942742
1.11154
0.430001
0.717565
1.02876
0.760581
0.833677
0.665968
0.671294
1.24875
0.715822
1.18079
0.542988
1.2008
0.530942
0.720766
1.13191
1.35386
0.920085
1.13795
0.878697
0.747725
0.283819
0.8827
1.25438
1.06155
0.326689
0.28236
0.276384
0.588844
1.13046
0.8448
1.31664
0.377817
0.610175
1.13332
1.04467
0.951326
0.428638
0.572697
0.71558
0.621628
1.36935
1.37258
1.00629
0.719258
0.245933
0.856035
0.976253
0.658526
0.579861
0.621553
1.34634
0.542898
0.573452
0.947838
0.460915
0.54753
1.36762
0.537838
0.339979
0.998128
0.717736
0.291704
0.831053
0.819753
0.739735
0.766317
0.442371
0.573439
0.969157
0.619539
0.678146
0.833334
0.792218
0.93299
1.05789
0.70338
0.441841
0.366634
0.200249
0.555265
0.364932
0.975322
0.66118
0.876005
0.496615
0.638924
0.47513
0.424472
0.386556
1.42873
0.829416
0.576369
0.985437
0.922683
0.805683
1.44952
0.688074
1.14878
0.871438
0.830392
0.419087
0.727177
0.686139
0.796747
1.17438
1.08628
0.695549
0.386498
0.571468
1.10779
0.970112
0.925766
1.17872
1.18744
0.637397
0.356178
1.51031
0.649059
0.794898
0.325982
0.318693
0.512223
0.596154
0.939318
1.55572
0.958007
0.889664
1.03833
0.285875
0.525492
0.762968
0.462361
0.927789
0.24802
0.783934
0.5403
0.865894
0.316548
1.29397
0.695062
0.521507
0.310027
0.783534
1.02261
1.37666
0.719059
0.129004
0.628494
0.213511
1.21039
0.326483
0.548554
1.43316
1.12063
0.838992
0.796118
0.286813
1.28852
1.30505
0.721053
1.06967
0.56748
0.504269
0.645108
1.00864
1.48427
0.586755
0.375183
0.681525
0.87751
0.220401
0.768327
0.485365
0.539305
0.425348
0.762645
0.361211
1.37727
1.2336
0.294041
0.698915
0.322275
1.01885
0.618374
0.598049
1.43876
0.988819
0.976385
0.484217
0.746676
0.487245
0.988502
1.23647
1.30707
0.208105
0.611264
0.310478
0.513871
1.55455
0.703879
1.17341
0.485775
1.01347
