0.993063
0.999996
0.999996
0.999818
1
1
1
0.999999
0.999999
1
0.999999
1
1
1
1
1
1
1
1
1
1
1
1
0.999999
0.999999
0.999999
1
1
1
0.999992
0.999991
1
1
1
1
1
0.999997
0.999999
0.999999
1
1
1
1
0.998767
1
1
1
0.999998
1
1
0.999978
1
0.999859
1
0.999998
0.99999
1
0.999999
1
1
1
0.99999
1
0.999994
1
0.999998
1
0.999999
0.999997
1
0.999986
0.999996
1
1
0.999994
1
1
1
0.999999
1
1
0.999999
1
1
1
1
0.999999
0.999999
1
0.999993
0.999998
1
1
1
0.999997
0.999996
0.999737
0.999998
1
0.999985
1
0.999989
1
1
1
1
1
1
1
1
0.999943
1
0.999984
1
1
1
1
0.999999
1
1
1
1
1
0.999417
1
1
0.999994
1
0.999999
1
1
1
0.999998
0.999977
1
1
0.999998
1
0.999999
0.999999
0.999937
1
1
1
1
1
0.999999
0.999999
1
1
1
1
1
0.999998
0.99999
1
0.999998
1
0.999998
0.999992
1
1
1
0.998115
1
1
0.999998
1
1
0.999968
1
0.999981
1
0.999999
0.999999
0.999999
0.999999
1
1
1
1
1
0.999762
1
0.999997
0.999898
0.999999
0.999998
0.999992
0.999997
0.999999
1
0.999999
1
1
1
1
1
1
0.999998
1
0.999956
0.999998
1
0.999999
1
0.99985
0.999999
1
0.999998
1
1
1
1
1
0.999951
1
1
1
0.999999
1
1
0.999998
0.999999
1
0.999999
0.999995
0.999997
1
1
1
1
0.999998
0.999995
0.999994
1
1
1
1
1
0.999997
0.999999
0.745307
0.88603
0.778006
0.814064
0.486536
0.743821
0.944677
0.766045
0.466595
0.757602
0.765848
0.699256
0.63177
0.787014
0.627815
0.849099
0.934133
0.979758
0.967676
0.665632
0.981441
0.931981
0.890215
0.734716
0.917254
0.33698
0.847674
0.812251
0.808086
0.856735
0.951706
0.748306
0.34775
0.337022
0.993517
0.105585
0.925361
0.958921
0.601079
0.409115
0.992148
0.521108
0.784069
0.869735
0.870743
0.951182
0.589674
0.486931
0.956653
0.884001
0.99707
0.671248
0.942434
0.356998
0.736929
0.367096
0.4393
0.701674
0.713892
0.83688
0.760018
0.936209
0.624919
0.999946
0.970943
0.894066
0.80881
0.380997
0.878963
0.777062
0.400185
0.90324
0.77857
0.6905
0.861561
0.980023
0.900463
0.910674
0.595314
0.799636
0.691603
0.735887
0.973974
0.923725
0.765876
0.874172
0.854362
0.375842
0.800542
0.747586
0.0709513
0.913415
0.827024
0.148546
-0.171218
0.849856
0.522495
0.752594
0.346048
0.129069
0.834068
0.969654
0.781718
0.128815
0.725959
0.0246749
0.521647
0.542673
0.476293
0.548511
0.458866
0.90522
0.956175
0.468442
0.971276
0.846926
0.993678
0.436645
0.380832
0.724744
0.921616
0.993936
0.923209
0.996371
0.929847
0.982317
0.127553
0.891798
0.790575
0.936753
0.795927
0.934354
0.850111
0.922165
0.965187
0.919558
0.992074
0.549381
0.8241
-0.0256548
0.552904
0.943747
0.981515
0.976042
0.900699
-0.0998617
-0.0151742
0.857614
0.995564
0.570153
0.839886
0.384703
0.913946
0.0647913
0.989657
0.868656
0.872842
0.427422
0.860272
0.966341
0.881477
0.880182
-0.441989
0.784627
0.83235
0.594434
0.860935
0.989776
0.8494
0.872893
0.984671
0.938143
0.961046
0.886552
0.847826
0.806905
0.637024
0.976163
0.474194
0.993264
0.806381
0.282306
0.632368
0.98564
0.630592
0.933035
0.893354
0.781897
0.785172
0.862763
0.950204
0.954878
0.797219
0.797625
0.755939
0.24333
0.924247
0.915509
0.543836
0.461173
0.558601
0.462971
0.93389
0.769635
0.901134
0.994796
0.34986
0.828254
0.472793
0.974116
0.954333
0.329281
0.218762
0.931594
0.571748
0.918142
0.846093
0.942918
0.396668
0.813795
0.85622
0.819732
0.980352
0.806204
0.700265
0.706532
0.898261
0.592629
0.224926
0.57739
0.606626
0.831043
0.532763
0.840121
0.381746
0.63197
-0.117944
0.251222
0.941807
0.992581
0.646569
0.741141
0.685124
0.393004
0.663878
0.895736
0.838097
0.957886
0.949774
0.764592
0.821371
0.594436
0.828217
0.260025
0.980403
0.968928
0.419531
0.987215
0.942473
0.945909
0.937081
0.933943
0.0345037
0.914958
0.888989
0.844628
0.969523
0.79145
0.995193
0.929252
-0.436314
0.957754
0.651977
0.704633
0.738454
0.891472
0.958351
0.842573
0.848251
0.434653
0.647561
-0.488728
0.979328
0.508392
0.724576
0.855661
0.872108
0.970976
0.928816
-0.603057
0.851476
0.577881
0.643816
0.803539
0.593345
0.854955
0.829725
0.922064
0.917837
0.750639
0.84648
0.910098
0.86053
0.89718
0.847545
0.593148
0.94329
0.697432
0.525938
0.867434
0.917974
0.655801
0.385765
0.709268
0.927073
0.527542
0.31123
0.919866
0.973189
0.930997
0.713189
0.68672
0.841895
0.897546
0.761204
0.801893
0.991762
0.801553
0.691059
0.886326
0.618775
0.77534
0.691941
0.887253
0.578202
0.907951
0.925489
0.91851
-0.508737
0.767573
0.661816
0.920819
0.453069
0.909193
0.950601
0.358975
-0.0358994
0.873517
0.656747
0.887999
0.386409
0.915428
0.900643
0.422376
0.581279
0.744571
0.994711
0.81518
0.667688
0.889236
0.437608
0.740212
0.941426
0.931148
0.680608
0.777899
0.999099
0.959231
0.811611
0.386181
0.978157
0.966026
0.288419
0.236966
0.973696
0.976226
0.477022
0.963586
0.789739
0.675968
0.996078
0.895235
0.929193
0.872264
0.95984
0.973947
0.829596
0.948958
0.721211
0.995354
0.576536
0.980113
0.83139
0.983954
0.895603
0.973554
0.709565
0.987618
0.872742
0.907282
0.409205
0.960066
0.831522
0.740206
0.854505
0.900602
0.472887
0.733365
0.652326
0.775126
0.83238
0.965776
0.824857
0.67889
0.58512
0.915034
0.952924
0.920928
0.144437
0.892742
0.460783
0.875529
0.849227
0.910053
0.150576
0.374759
0.202982
0.875626
0.192252
0.933017
0.937643
0.96733
0.96512
0.728447
0.977626
0.798844
0.726975
0.884873
-0.136238
0.979533
0.908708
0.985173
0.985418
0.892148
0.0105204
0.0547536
0.927572
0.939638
-0.175792
0.896852
0.721076
0.447925
0.884713
0.724779
0.945027
0.0910511
0.693992
0.979446
0.929729
0.572856
0.942918
0.648318
0.898806
0.820968
0.967949
0.952192
0.77381
0.995344
0.92034
0.977842
0.908596
0.979015
0.280133
0.882966
0.986672
0.779288
0.898731
0.832787
0.881322
0.247636
0.498223
0.387571
0.954104
0.443107
0.934568
0.919583
0.529055
0.998694
0.957647
0.273558
0.262107
0.645278
0.697653
0.90567
0.406305
0.876061
0.755674
0.921489
0.534512
0.981411
0.955171
0.865951
0.729089
0.636194
-0.267067
0.995407
0.879611
0.58365
0.877099
0.998642
0.910809
0.892442
0.971139
0.633897
0.0659201
0.378056
0.480847
0.474372
0.622468
0.959869
0.930115
0.648032
0.968648
0.420125
-0.0785392
0.776958
0.448958
0.696809
0.693046
0.953231
0.934112
0.957508
0.624641
0.491743
0.628432
0.765352
0.906825
0.831368
0.884619
0.523812
0.966922
0.625259
0.805103
0.465858
0.709802
0.740429
0.854143
0.972826
0.371477
0.633823
0.667823
-0.418818
0.943601
0.895155
0.443959
0.908282
0.899905
0.999691
0.976642
0.879821
-0.140592
0.808911
0.75769
0.540594
0.959849
0.764759
0.64972
0.947335
0.925765
0.985371
0.890494
0.694844
0.981875
0.828897
0.822435
0.965611
0.855666
0.76865
0.828225
0.875434
0.666709
0.71038
0.033506
0.803273
0.987271
0.956543
0.848455
0.959139
0.576836
0.294911
0.476806
0.567072
0.015704
0.504162
-0.149492
0.798873
0.839867
0.451385
0.895149
0.942129
0.268566
0.316352
0.650024
0.801813
0.983774
0.821448
0.703317
0.995351
0.609195
0.487872
0.956544
0.873926
0.946768
0.87543
0.739304
0.89224
0.924214
0.721623
0.859673
0.715572
0.677786
0.563165
0.767547
0.917933
0.704601
0.634993
0.871329
0.787933
0.904178
0.490497
0.752983
0.688588
0.864525
0.316004
0.876511
0.454469
0.56485
0.777264
0.810142
0.999319
0.932374
0.950527
0.914821
0.638508
0.966075
0.523238
-0.0101306
0.89508
0.745212
0.727144
0.956583
0.456847
0.87937
0.339636
0.914777
0.773015
0.76286
0.805922
0.722547
0.779097
0.625055
0.912448
0.892214
0.869884
0.840003
0.816443
0.884875
0.674596
0.804155
0.763858
0.69862
0.954523
0.770861
0.933193
0.891174
0.75544
0.715298
0.907362
0.707444
0.976088
0.805608
0.743232
0.916028
0.933792
0.982046
0.880328
0.938516
0.784448
0.759775
0.898041
0.59941
0.532589
0.73398
0.413905
0.581528
0.415156
0.879834
0.902606
0.181469
0.461346
0.973012
0.949385
0.56865
0.932928
0.618029
-0.119449
0.392544
0.722108
0.974477
0.822095
0.648127
-0.121874
0.694518
0.78731
0.55649
0.475388
0.72557
0.865804
0.875691
0.620882
0.463408
-0.295713
0.339156
0.45515
0.7096
0.590105
0.809074
0.176073
0.871222
0.915267
0.977025
0.9374
0.207535
0.419191
-0.219675
0.690745
0.758864
0.806164
0.834721
0.805153
0.48983
0.923778
0.758819
0.977525
-0.087011
0.998433
0.997851
0.643108
0.840916
0.922092
-0.129344
0.667084
0.927817
0.943202
0.527653
0.638409
0.806821
-0.00545178
0.682057
0.697043
0.19304
0.287796
0.972909
0.437598
0.10433
0.590511
0.690583
0.0960307
0.893771
0.463887
0.82969
0.947943
0.511016
0.488447
0.384219
0.99927
0.92222
0.956873
0.570009
0.320155
0.987878
0.713144
0.677833
0.908495
0.834863
0.618498
0.86791
0.898011
0.868274
0.967797
0.848935
0.681092
0.828283
0.460891
0.734759
0.862995
0.124234
0.966799
0.862143
0.712709
0.79266
0.680921
0.196315
0.862246
0.531328
0.898928
0.689963
0.535385
0.989916
0.914093
0.60763
0.874764
0.468328
0.676134
0.880496
0.986199
0.865086
0.204511
0.910791
0.335848
0.832142
0.817181
0.7244
0.202867
0.813591
0.847615
0.83804
0.384514
0.75645
0.888759
0.641548
-0.561192
0.978459
0.319585
0.845197
0.652722
0.995168
0.644469
0.897153
0.365075
0.891393
0.960982
0.375477
0.693998
0.837885
0.697157
0.735223
0.991192
0.937423
0.693955
0.572227
0.934341
0.366671
0.841238
0.930784
0.995182
0.748302
0.812121
0.898531
0.442088
0.723581
0.679321
0.975238
-0.210823
0.921803
0.915299
0.634456
0.951425
0.789945
0.752161
0.480597
0.579055
0.439188
0.448021
0.963988
0.800524
0.98096
-0.329806
-0.173018
-0.144146
0.966486
0.793385
0.874485
0.847997
0.906191
0.91555
0.868025
0.672559
0.92133
0.791291
0.534211
0.857088
0.0507483
-0.00446225
0.667263
0.996261
0.699137
0.785067
0.738229
0.233283
0.814899
0.0861994
0.749993
0.86471
0.196854
0.851945
0.304344
0.9146
0.910762
0.763911
0.948421
0.525631
0.900407
0.667142
0.907121
0.873663
0.330561
0.767618
0.801819
0.50144
0.86103
0.993681
0.83293
0.690417
0.675002
0.760166
0.974851
0.962889
0.818385
0.97338
0.979145
0.955434
0.950425
0.951065
0.872413
0.866755
0.956461
0.976512
0.977364
0.912515
0.94995
0.89533
0.891134
0.715349
0.600507
0.776836
0.646747
0.914871
0.69945
0.87768
0.838238
0.467218
0.837793
0.774
0.589625
0.686262
0.00647055
0.981098
0.960439
0.922844
0.894526
-0.292909
0.743449
0.872707
0.408157
0.958909
-0.0498902
0.914291
0.494884
-0.360888
0.723988
0.236312
0.64346
0.551087
0.394181
0.998579
0.115598
0.688228
0.855967
0.812552
0.723481
-0.164975
0.819847
0.667546
0.612922
0.49441
0.991602
0.434146
0.780749
0.874668
0.987145
0.819379
0.979041
0.522731
0.98169
0.82054
0.713568
0.556712
0.857129
0.820603
0.128815
0.933686
0.613626
0.924775
0.892883
0.775086
0.841442
0.522256
0.953828
0.750607
0.844066
0.870745
0.940205
0.769832
-0.112367
0.798293
0.995581
0.862435
0.848572
0.799635
0.772758
0.903265
0.716287
0.789352
0.965846
0.734667
0.827151
0.964684
0.646146
0.886658
0.0917897
0.893168
0.693491
0.882825
0.784271
0.974187
0.548295
0.88722
0.751495
0.706106
0.922024
0.988327
0.804256
0.514628
0.918118
0.452592
0.62228
0.908118
0.749425
0.742587
0.775285
0.884352
0.921478
0.667669
0.832357
0.778739
0.873608
0.819268
0.893429
0.898311
0.748089
0.819553
0.645723
0.775845
0.993771
0.347812
0.829382
0.879039
0.994255
0.396156
0.419126
0.75373
0.66619
0.866609
0.978576
0.579592
0.673399
0.458557
0.878963
0.769783
0.977827
0.919293
0.88422
0.706406
0.950711
0.635035
-0.305405
0.780766
0.902684
0.763201
0.64279
0.835485
0.880035
0.980615
0.378047
0.971786
0.787966
0.918217
0.512772
0.927348
0.523699
0.802662
0.624453
0.881707
0.931275
0.977529
0.889093
0.612118
0.704248
0.811016
0.651715
0.927328
0.694374
0.978796
0.654586
0.68719
0.547899
0.550625
0.84082
0.893493
0.484686
0.120655
0.997364
0.76467
0.650677
0.885363
0.105441
0.641885
0.655467
0.987949
0.905193
0.481231
0.963166
0.987398
0.639334
0.454117
0.759782
0.95804
0.775859
0.539885
0.918107
0.831643
0.864311
0.910111
0.863565
0.790661
0.560911
0.4509
0.862549
0.875677
0.586537
0.898477
0.895849
0.579315
0.741207
0.882156
0.790457
0.655607
0.830696
0.976544
0.861494
0.627782
0.930737
0.846514
0.856834
0.921004
0.564574
0.718825
0.839973
0.984542
0.702607
0.942961
0.476589
0.874888
0.946939
0.951602
0.0607113
0.408916
0.948472
0.914877
0.520575
0.894957
0.870889
0.586559
0.731954
0.96687
0.867621
0.985205
0.887891
0.544107
0.987423
0.948182
0.843285
0.928894
0.687545
0.706704
0.700043
0.439756
0.760966
0.615909
0.700022
0.473622
0.68259
0.7509
0.893904
0.819866
0.832103
0.954561
0.962502
0.763635
0.818814
0.99709
0.531393
0.575166
0.81232
0.995662
0.232737
0.700476
0.552677
0.925517
0.516033
0.702502
-0.200835
0.873494
0.281914
0.657092
0.692551
0.683433
0.527665
0.0356651
0.755866
0.834928
0.752
0.479416
0.530349
0.944675
0.940821
0.96804
0.329206
0.883917
0.724885
0.83325
0.0541316
0.566259
0.834914
0.958664
0.996758
0.796507
0.891839
0.780281
0.979242
0.984651
0.904169
0.92002
-0.0535626
0.80964
0.86029
0.912032
0.786757
0.953329
0.994463
0.880462
0.810756
0.618931
0.581769
0.86145
0.682297
0.997332
0.857344
0.977482
0.742285
0.735856
0.763739
0.326833
0.842245
0.849377
0.997289
0.80639
0.787556
0.987896
0.492125
0.806418
0.883389
0.131998
0.848189
0.648415
0.951052
0.717494
0.877938
0.735699
0.806492
0.899911
0.5436
0.719568
0.179213
0.938443
0.800023
0.811867
0.978881
0.895658
0.91507
0.780643
0.927997
0.72731
0.464767
0.357726
0.843725
0.946445
0.687246
0.97796
0.446856
0.685033
0.699529
0.993359
0.978507
0.839756
0.834981
0.879493
0.976566
0.882252
0.891732
0.913887
0.796644
0.883988
0.956827
0.938645
0.361139
0.928077
0.775056
0.656479
0.906449
-0.0432125
0.643713
0.758869
0.857499
0.847714
0.536629
0.993522
0.386682
0.709237
0.987358
0.979529
0.837721
0.87022
0.911484
0.982182
0.889407
0.985329
0.887395
0.910764
0.997505
0.992632
0.419756
0.890066
0.889778
0.770571
0.62358
0.91537
0.672341
0.802036
0.987698
0.985719
0.447265
0.938494
0.992537
0.970749
0.984144
0.70798
0.893231
0.967446
0.975961
0.985631
0.729802
0.563328
0.499504
0.975954
0.982836
0.879609
0.354494
0.902858
0.902933
0.789182
0.94512
0.395898
0.964806
0.843454
0.942704
0.989927
0.891732
0.933535
0.829073
0.956436
0.623302
0.658548
0.478045
0.956369
0.634417
0.567884
0.867898
0.9788
0.867204
0.900814
0.677296
-0.196187
0.898703
0.828539
0.731068
0.915447
0.941103
0.991245
0.857233
0.822033
0.924319
0.947774
0.877435
0.671975
0.556582
0.93251
0.758791
0.749064
0.0493831
0.953918
0.644512
0.924329
0.99438
0.673723
0.442274
0.860631
0.531989
0.621617
0.966363
0.923706
0.679857
0.923231
0.976408
0.237947
0.625445
0.881653
0.873266
0.828596
0.959964
0.962753
0.696508
-0.360003
0.491366
0.0936334
0.668277
0.541132
0.871675
0.822766
0.797542
0.994665
0.444837
0.545075
0.921376
0.789771
0.820991
0.853244
0.533775
0.97656
0.641359
0.963014
-0.0412684
0.993833
0.774936
0.736555
0.890943
0.649405
0.0375705
0.695897
0.666272
0.93134
0.994633
0.779482
0.651739
0.710011
0.83147
0.952973
0.846767
0.638474
0.798528
0.860854
0.68758
0.416532
0.424912
0.361921
0.788704
0.889826
0.923815
0.993501
0.995938
0.207498
0.728272
0.796472
0.577923
0.980978
0.536218
0.740469
0.576035
0.963193
0.911273
0.397496
0.921951
0.900406
0.941746
0.992509
0.887945
0.348864
0.900017
0.675483
0.746078
0.885756
0.933249
0.91119
0.994433
0.865467
0.967552
0.819107
0.490075
0.599332
0.628794
0.945855
0.80323
0.29288
0.962269
0.691122
0.622964
0.699598
0.357824
0.911243
0.851632
0.965348
0.982016
0.906853
0.881082
0.818807
0.655252
0.541033
0.901756
0.702659
0.982425
0.835882
0.871442
0.305125
0.763805
0.979481
0.755593
0.914349
0.971358
0.919569
0.812546
0.859296
0.979414
0.978252
0.531097
0.650359
0.974074
0.9329
0.979845
0.908929
0.961236
0.920506
0.918203
0.821526
0.452396
0.522636
0.858562
0.747126
0.942742
0.800639
0.55426
0.877553
0.97536
0.898476
0.991538
0.644946
0.69358
0.941499
0.499549
0.829693
0.592513
0.819118
0.855794
0.961904
0.75903
0.91313
0.984136
0.737292
0.851439
0.941311
0.515814
0.839984
0.485371
0.609827
0.28622
-0.0763927
0.983077
0.952713
0.314827
0.857787
0.230751
0.962725
0.830893
0.873912
0.375607
0.648012
0.841345
0.730105
0.61169
0.993019
0.921003
0.784119
0.920505
0.514231
0.712242
0.989408
0.970164
0.906423
0.571502
0.771578
0.777824
0.920496
-0.289669
0.191419
0.201576
0.60643
0.845664
0.988502
-0.264143
0.998853
0.311922
0.334042
0.993049
0.666047
0.713356
0.657337
0.719227
0.968991
0.927451
0.948134
0.967628
0.176996
-0.474494
0.731091
0.975371
0.93815
0.767972
0.999243
0.417374
0.698406
0.788575
0.803014
0.558275
0.810323
-0.103552
0.832322
0.860269
0.971725
0.0890119
0.0376319
-0.0713067
0.493045
0.565324
0.717142
0.571585
0.761607
0.971011
0.751257
0.926996
-0.0354369
-0.0939034
0.998454
0.681683
0.250381
0.703786
0.944691
0.65118
0.843374
0.893731
0.980441
0.987925
0.948159
-0.345698
0.961997
0.938527
0.960888
0.968558
0.352679
0.484613
0.62671
0.916306
0.96365
0.838124
0.981072
0.995034
0.96686
0.895371
0.56286
0.641667
0.78802
0.420807
0.844287
0.868339
0.797423
0.946088
0.855302
0.766871
0.916873
0.283571
-0.247282
0.704598
0.692158
0.972676
0.901902
0.845128
0.982848
0.846261
0.87343
0.962987
0.992948
0.999153
0.522789
0.784539
0.955904
0.978559
0.721596
0.610714
0.743125
0.72822
0.864897
0.925934
0.515773
0.530176
0.828896
0.522413
0.982528
0.761049
0.39675
0.677049
0.441775
0.713756
0.8106
0.0435674
0.964565
0.946318
0.887177
0.438477
0.762469
0.976347
0.365064
0.820721
0.926908
0.697791
0.823976
0.761551
0.699725
0.965588
0.95644
0.894951
0.843464
0.637444
0.868426
0.928984
0.753924
0.669146
0.796566
0.992637
0.402655
0.760847
0.994131
0.565777
0.850002
0.992081
0.85731
0.70881
0.469863
0.984187
0.623415
0.909589
0.868937
0.900983
0.914261
0.598819
0.40884
0.928013
0.848906
0.846433
0.85809
0.994528
0.995495
0.944475
0.736409
0.83467
0.955402
0.937057
0.841225
0.681638
0.945296
0.72597
0.800763
0.81301
0.631565
-0.175309
0.77326
0.896261
0.770085
0.926374
0.542448
0.654168
0.740906
0.974773
0.52612
0.670272
0.900545
0.983241
0.986114
0.935894
0.818042
0.921372
0.97117
0.891236
0.950497
0.547569
0.733943
0.912526
0.380101
0.959432
0.986769
0.840327
0.627114
0.817637
-0.418402
0.597314
0.978941
0.925195
0.964243
0.791606
0.726032
0.961789
0.877431
0.643027
0.961858
0.930301
0.966382
0.84395
0.955224
0.885866
0.912362
0.757937
-0.554624
0.984617
0.562173
0.638144
0.955026
0.788168
0.582255
-0.250387
0.960879
0.404985
0.802349
0.888209
0.945066
0.751478
0.977185
0.955437
0.870974
0.638673
0.949964
0.887066
0.771337
0.677556
0.90589
0.964989
0.67639
0.914316
0.718262
0.998492
0.582227
0.266255
0.228562
0.902959
0.798708
0.731406
0.98043
0.602663
0.607352
0.9626
0.560105
0.826683
0.919625
0.970183
0.990063
0.536166
0.95391
0.999717
0.935098
0.917679
0.988991
0.689485
-0.0388887
0.753841
0.864742
0.896482
0.80046
0.76701
0.798085
0.901483
0.434081
0.316337
0.565285
0.66785
0.807952
0.908333
0.702993
0.879653
0.757816
0.235894
0.67538
0.764728
0.966118
0.51865
0.491541
0.432138
0.736685
0.892002
0.816415
0.761529
0.69947
0.742821
-0.260617
0.126924
0.760112
0.925491
0.877334
0.983019
0.978408
0.904816
0.81433
0.833067
0.921708
0.999025
0.939463
0.854628
0.972736
0.719719
0.598444
0.924436
0.364466
0.966139
0.880431
0.987348
0.605442
0.654843
0.88867
0.594498
0.487888
0.969276
0.831463
0.245565
0.73508
0.942294
0.946406
0.766847
0.149095
0.795133
0.723631
0.778339
0.963755
0.914779
0.853682
0.47923
0.741812
0.859951
0.914742
0.500389
0.948608
0.514637
0.89005
0.825666
0.990199
0.120597
0.791849
0.357904
0.734312
0.710582
0.999172
0.721992
0.976038
0.726493
0.977095
0.90496
0.896217
0.706387
0.646681
0.953323
0.782737
0.923093
0.768946
0.377252
0.937065
0.49395
0.695614
0.904906
0.880647
0.707914
0.7596
0.919855
0.943696
0.716356
0.288717
0.705716
0.920771
0.993897
0.923782
0.852721
0.51834
0.498856
0.949529
0.945042
0.273857
0.949557
0.981501
0.861155
0.975456
0.944276
0.87508
-0.592782
0.928042
0.539756
0.985003
0.944541
0.486529
0.903531
0.00329595
0.555837
0.768541
0.83698
0.968868
0.832582
0.886571
0.964217
0.964632
0.766688
0.95281
0.671154
0.90942
0.99614
0.730376
0.723993
0.909756
0.838213
0.866651
0.319279
0.778564
0.967371
0.910956
0.668469
0.688533
0.81218
0.446505
0.92051
0.85409
0.233899
0.791845
0.780002
0.891544
0.807741
0.994727
0.426086
0.890826
-0.121057
0.991775
0.119461
0.805541
0.900317
0.591905
0.77076
0.410347
0.98168
0.70701
0.906327
0.660992
0.975213
0.949192
0.440177
-0.542385
0.970755
0.945611
0.316443
0.979186
0.54677
0.817439
0.967026
0.891854
0.686983
0.80549
0.821535
0.902659
0.858495
0.753449
0.619454
0.924415
0.973825
-0.70423
0.929915
0.579111
0.837376
0.303008
0.881954
0.852164
0.879859
0.349577
0.888289
0.540417
0.459576
0.836392
0.902445
0.858961
0.662904
0.645201
0.854734
0.754766
0.795036
0.661619
0.878041
0.46143
0.847091
0.632269
0.866163
-0.307444
0.963147
0.87479
0.890356
0.935122
0.616953
0.964555
0.538357
0.822921
0.931287
0.911416
0.826135
0.990351
0.376783
0.756047
0.86174
0.848478
0.423893
0.682165
0.878181
0.726303
0.864666
0.708195
0.994776
0.333755
0.956899
0.992401
0.825568
0.63504
0.706637
0.962644
-0.304257
0.887785
0.75248
-0.457468
0.848539
0.885174
0.857501
0.963404
0.525412
0.975477
0.904797
0.664617
0.976257
0.840033
0.733148
0.958291
0.823192
0.704238
0.316632
0.547375
0.0845589
0.919289
0.936467
0.955343
0.763022
0.848858
0.849027
0.998037
0.901597
0.987197
0.895054
0.754914
0.987328
0.264096
0.960725
0.965936
0.767116
0.931562
0.749304
0.211798
0.770228
0.664504
0.757083
0.93398
0.899803
-0.0323979
0.994727
0.515748
0.965954
0.616785
0.943305
0.73286
0.520129
0.503454
0.31248
0.835202
0.983539
0.695825
0.725979
0.36907
0.959219
0.817906
0.628502
0.756269
0.834853
0.864322
0.781839
0.35917
0.937673
0.672234
0.779593
-0.186496
0.700685
0.7878
0.835977
0.668258
0.275074
0.977733
0.97003
0.808334
0.713022
0.836576
0.997799
0.497553
0.543882
0.994667
0.493823
0.821714
0.631836
0.644602
0.984166
0.893855
0.946963
0.841304
0.971929
0.605158
0.766782
0.894155
0.859617
-0.0834949
0.620555
0.984885
0.382998
0.81488
0.971113
0.998457
0.702473
0.961657
0.774629
0.853715
0.597082
0.908178
0.920625
0.959938
0.903279
0.811226
0.737438
0.893628
0.773306
0.922612
0.986454
-0.0271488
0.960092
0.997365
0.978097
0.812175
0.97717
0.990899
0.971521
0.462909
0.258395
0.859477
0.774154
0.930291
-0.189984
0.995742
0.246822
0.621661
0.364737
0.843401
0.901314
0.930524
0.631117
0.863266
0.898896
0.830748
0.677896
0.685306
0.809949
0.185019
0.787844
0.943024
0.890723
0.820603
0.880232
0.753967
0.375813
0.543102
0.844811
0.288785
0.919761
0.973484
0.939125
0.813662
0.320837
0.865999
0.72499
0.833647
0.997695
0.788058
0.644314
0.108409
0.791872
0.789097
0.95772
0.96679
0.734019
0.721946
0.93337
0.0471306
0.963321
0.25613
0.63802
0.694102
-0.134542
0.72297
0.650821
0.909435
0.683877
0.958842
0.935795
0.912047
0.747775
0.550373
0.555657
0.642249
0.89771
0.93791
0.914958
0.836194
0.742444
0.867005
0.992023
0.704467
0.499156
0.914848
0.913852
0.726506
0.71986
0.948104
0.568023
0.935904
0.642574
0.956496
0.804116
0.943905
0.977763
0.814821
0.903715
0.946457
0.960302
0.892704
0.470832
0.973127
0.911461
0.382326
0.991516
0.851054
0.429577
0.730867
0.637554
0.937929
0.361796
0.925112
0.344891
0.780247
0.468714
0.874544
0.950915
0.83665
0.927837
0.634924
0.863907
0.974567
0.96792
0.767269
0.780823
0.84582
0.543859
0.751096
0.707971
0.842832
0.738137
0.852255
0.783946
0.91621
0.949984
0.697361
0.966335
0.950808
0.776108
-0.000608933
0.900194
0.381168
0.970315
0.852049
0.689908
0.695686
0.650206
0.405687
0.439986
0.385858
0.834995
0.7441
0.691364
0.948563
-0.303328
0.837336
0.864945
0.892728
0.383426
0.938006
0.816194
0.880054
0.949505
0.943373
0.913268
0.965075
0.927115
0.912903
0.949051
0.966846
0.765188
0.930987
0.837109
0.923884
0.866343
0.975952
0.826284
0.947752
0.949083
0.908502
-0.352637
0.731798
0.729797
0.783261
0.984933
0.600765
0.527793
0.911542
0.552908
0.722926
0.995397
0.747892
0.42071
0.503093
0.921644
0.953728
0.942403
0.184677
0.90087
0.502542
0.889229
0.709291
0.796229
0.920605
0.944593
0.520983
0.983136
0.545804
0.770321
0.793609
0.848365
0.986644
0.766626
0.952923
0.938728
0.829688
0.879781
0.986628
0.503265
0.81313
0.92912
0.508289
0.901659
0.708894
0.91653
0.980136
0.139302
0.454278
0.62679
0.783299
0.818041
0.20534
0.889908
0.56563
0.948046
0.663114
-0.286296
0.863088
0.990419
0.8585
-0.0809389
0.910589
0.805326
0.761239
-0.0839434
0.516055
-0.161279
0.836394
0.880243
0.835137
0.882313
0.700993
0.759998
0.785775
0.975127
0.705974
0.973718
0.847996
0.894728
0.842281
0.339199
0.956872
0.824281
0.926318
0.984864
-0.174859
0.970281
0.614684
0.861535
0.727784
0.586765
0.940906
0.451318
0.685566
0.808794
0.416216
0.795507
0.936053
0.973213
0.615227
0.971169
0.69234
0.977801
0.763008
0.500636
0.941438
0.963356
0.782623
0.995761
0.812786
0.646188
0.915064
0.347586
0.894184
0.407097
0.723863
0.794903
0.956928
0.859529
-0.334243
0.810424
0.845261
0.630013
0.596784
0.664917
0.187523
0.68344
0.995396
0.62944
0.928171
0.967665
0.963148
0.796221
0.702929
0.869523
0.726476
0.806261
0.735062
0.732618
0.8961
0.810697
0.951372
0.970637
0.892243
0.825892
0.778425
0.903338
0.647986
0.866395
0.762574
0.958204
0.132891
0.91322
0.67062
0.665052
0.785852
0.902648
0.98545
0.898262
0.828524
0.688964
0.74716
0.882194
0.97801
0.769351
0.875836
0.986144
0.85363
0.942351
0.772065
0.989606
0.668134
0.908138
0.942315
0.547636
0.514148
0.472446
0.512976
0.922278
0.603084
0.906204
0.643586
0.858845
0.887162
0.704083
0.943349
-0.362579
0.957751
0.404946
0.205177
0.377486
0.962286
0.975124
0.925463
0.971119
0.974741
0.715047
0.74015
0.6769
0.954033
0.902989
0.698728
0.706977
0.848984
0.984624
0.5419
0.766423
0.988489
0.168918
0.848232
0.890296
0.85395
0.863169
0.917196
0.975403
0.329307
-0.0770023
0.931695
0.653505
0.693859
0.731961
0.98401
0.789628
0.976034
0.551033
0.673121
0.737527
0.253816
0.672664
0.961054
0.667725
0.618746
0.815653
0.859544
0.453117
0.327003
0.987754
0.820792
0.580433
0.345211
-0.0508201
-0.328196
0.156528
0.973247
0.650631
0.765539
0.639033
0.608899
0.700179
0.813816
0.931806
0.956059
0.722504
0.949003
0.785787
0.661715
-0.0421196
0.703235
0.91564
0.95447
0.77488
0.826637
0.892361
0.285542
0.873952
0.0293974
0.663787
-0.609881
0.603303
0.222466
0.591132
0.914162
0.544121
0.231718
0.720694
0.872148
0.486586
0.707272
0.930295
0.951562
0.780887
-0.292223
-0.416599
0.862785
0.831542
0.538598
0.984701
0.92496
0.937483
0.841235
0.985326
0.902513
0.185357
0.945655
0.499932
0.911324
0.858586
0.995643
0.665763
0.57755
0.776094
0.918179
0.82765
0.996249
-0.48935
0.916634
0.977159
0.440461
0.129565
0.477697
0.762401
0.889199
0.218074
0.506128
0.625633
0.938608
0.87078
0.917615
0.912569
0.79036
0.997571
0.820856
0.554585
-0.18452
0.951029
0.923235
0.616883
0.999258
0.688694
0.9642
0.559341
0.914147
0.994764
0.417089
0.685509
0.959574
0.911543
0.991907
0.974844
0.867398
0.473209
0.841843
0.914164
0.667506
0.958385
-0.465126
0.874514
0.781884
0.749263
0.456038
0.663493
0.479806
0.827833
0.0614139
0.864727
0.964265
0.477548
0.113896
0.872092
0.996354
0.811197
0.176301
0.796296
0.999244
0.718889
0.903902
0.0539065
0.790811
0.908496
0.964308
0.446897
0.799743
0.98065
0.897253
0.480011
0.424902
0.840545
0.636579
0.837118
0.881941
0.914022
0.928583
0.969884
0.554056
0.859771
0.993545
0.0176626
0.932599
0.914207
0.747696
-0.531511
0.417316
0.550487
0.0112672
0.458889
0.42082
0.986185
0.688716
0.514563
0.978576
0.977278
0.511559
0.826649
0.735398
0.852894
0.924786
-0.249319
0.102553
0.964541
0.55974
0.748947
0.774354
0.825433
0.875006
0.893532
0.786398
-0.234159
0.912611
0.803228
0.384098
0.797777
0.651333
0.91389
0.932711
0.3915
0.710395
0.982646
0.875173
0.70256
0.879703
0.824121
0.774469
0.0790647
0.794922
0.85879
-0.343891
0.595792
0.859671
0.693132
0.973758
0.847174
0.88583
0.346256
0.382864
0.833623
0.985345
0.791804
0.991199
0.150633
-0.194894
0.683918
0.982467
0.924689
0.994976
0.274651
0.842055
0.67859
0.998891
0.96198
0.778574
0.356542
0.870384
0.902653
0.457185
0.83777
0.758367
0.807166
0.717349
0.98182
0.912758
0.981207
0.904851
0.819773
0.842121
0.986422
0.883456
0.863364
0.815324
0.961991
0.476886
0.964592
0.708512
0.797643
0.869573
0.709584
0.827581
0.968712
0.90626
0.877597
0.847192
0.958729
0.0716926
0.450572
0.690889
0.924037
0.894806
0.477958
0.45781
0.952134
0.5691
-0.544872
0.981529
0.0979491
0.363104
0.713764
0.818227
0.689049
0.756497
0.589305
0.818594
0.966175
0.844049
0.669042
0.882428
0.834023
0.981716
0.504009
0.943031
0.697991
0.727314
-0.22886
0.710836
0.377044
0.924559
0.860564
0.740641
0.648389
0.870958
0.768356
0.393958
0.645935
0.862571
0.95365
0.98088
0.490597
0.41969
0.223289
0.808056
0.647582
0.970883
0.931793
0.991311
0.888017
0.737507
0.991684
0.400671
0.776602
0.620875
0.93787
0.965054
0.838419
0.831119
0.96443
0.578321
0.701578
0.735387
0.987891
0.741919
0.653302
0.998189
0.95134
0.745996
-0.0260206
0.608079
0.521992
0.980365
0.420805
0.654324
0.400435
0.620513
0.706176
0.869127
0.67894
0.676766
0.802059
0.952045
0.799629
0.990309
0.518411
0.843751
0.493694
0.794028
0.568852
0.795764
0.656618
0.315562
0.828767
0.684948
0.98921
0.557541
0.804354
0.975501
0.991025
0.689752
0.871041
0.894405
0.722307
0.970028
0.783709
0.555727
0.809796
0.936912
0.865025
0.638443
0.790413
0.918398
0.850004
0.616689
0.343243
0.574638
0.80801
0.839602
0.996943
-0.0301376
0.428684
0.762157
0.964346
0.881554
0.948199
0.727334
0.995913
0.911949
0.770487
0.979591
0.884601
0.888025
0.713657
0.981908
0.78183
0.898065
0.980264
0.907207
0.610576
0.927115
0.581082
0.763993
0.945588
0.926414
0.805189
0.864271
0.235452
0.0244219
0.981233
0.943295
0.955563
0.927522
0.917036
0.773058
-0.102492
0.994347
0.989739
0.662246
0.820058
0.914072
0.693212
0.736851
0.988883
0.716827
0.708677
0.669598
0.516815
0.794987
0.935285
0.917358
0.838641
0.981593
-0.215264
0.848389
0.995595
0.872901
0.655054
0.934747
0.678814
0.800969
0.755982
0.93606
0.52531
0.620558
0.975143
0.935106
0.970564
0.903616
0.883772
0.958453
0.813063
0.679001
0.0372094
0.945226
0.831225
0.921099
0.522212
0.762527
0.711447
0.971994
-0.379889
0.795913
0.930517
0.682387
0.850743
0.792378
0.675705
0.409387
0.855494
0.479301
0.747624
0.462939
0.867989
0.944
0.262414
0.922609
0.631505
0.638572
0.577968
0.873907
0.969084
0.860552
0.694368
0.707137
0.46047
0.532668
-0.228963
0.736099
0.95002
0.247543
0.954759
0.479898
0.887909
0.747254
0.261139
0.966264
0.93386
0.991751
0.954273
0.857102
0.859377
0.880973
0.681063
0.831611
0.517228
0.945278
0.829178
0.809784
0.730263
0.720091
0.464481
0.98388
0.986312
0.905321
0.768084
0.996542
0.617732
0.949797
0.878909
0.92985
0.443924
0.484588
0.345729
0.982148
0.693535
0.947561
0.8866
0.892049
0.656978
0.640899
0.6096
0.71797
0.937935
0.914755
0.960436
0.977551
0.386205
0.925503
0.615325
0.99649
0.322101
0.93372
0.852686
0.931239
0.951971
0.701263
0.88559
0.924901
0.927714
0.959681
0.89396
0.978099
0.985296
0.941476
0.912995
0.765396
0.742258
0.839318
0.781264
0.96454
0.931379
0.46512
0.956275
0.986776
0.84132
0.992287
0.880964
-0.219316
0.867276
0.839226
0.346053
0.901744
0.750562
0.99334
0.900974
0.957109
0.891519
0.933391
-0.168253
0.629972
0.771923
0.160794
0.0370246
0.571682
0.560314
0.659274
0.789445
0.98903
0.798249
0.968537
-0.216403
0.789864
0.950102
0.856503
0.870078
0.993902
0.791055
0.854317
0.935298
0.954206
0.33851
0.814127
0.997762
0.985419
0.983803
0.97202
0.737761
0.310047
0.744206
0.878266
0.869745
0.868851
0.916847
-0.394702
0.966491
0.915719
0.923449
0.843467
0.978771
0.744455
0.580457
0.833718
0.83341
0.478935
0.957142
0.663093
0.954337
0.301833
0.946578
0.64983
0.961353
0.903856
0.678309
0.971773
0.477442
0.910535
0.477584
0.791515
0.869939
0.904251
0.758953
0.971035
0.925572
0.959119
0.998834
0.812781
0.613914
0.686158
0.878529
0.986717
0.802065
0.905179
0.0884168
0.595261
0.820232
0.765521
0.871784
0.970215
0.84698
0.787823
0.963466
0.549505
0.886242
0.998374
0.84925
0.714962
0.710203
0.558589
0.475234
0.90592
0.919357
0.859195
0.893258
0.626797
0.673732
0.869108
0.796338
0.929781
0.940641
0.49849
0.998167
0.288876
0.711965
0.756722
0.705338
0.977769
0.908263
0.995494
0.821247
0.900732
0.933734
0.896761
0.807285
0.964396
0.919254
0.834341
0.91406
0.801678
0.0781127
0.647987
0.0140757
0.973899
0.634464
0.763661
0.929321
0.871683
0.920406
0.815874
0.549945
0.838788
0.818426
0.973005
0.87736
0.811589
0.518516
0.645823
0.513663
0.895604
0.891246
0.984307
0.498158
0.599482
0.824088
0.867804
0.997307
0.840875
0.891407
0.781665
0.851074
0.609697
0.838873
0.156366
0.909218
0.287987
0.925626
0.800266
0.775162
0.529257
0.821955
0.95421
0.825948
0.794582
0.928234
0.726486
0.0568403
0.395033
0.73743
-0.21047
0.913877
0.508392
0.93097
0.897258
0.97565
0.905083
0.86916
0.701814
0.420109
-0.272343
0.850523
0.889382
0.903849
0.753594
0.971776
0.384693
0.819733
0.509793
-0.45684
0.874911
0.93182
0.576982
0.395963
0.934898
0.985605
0.972908
0.779771
0.406013
0.561061
0.458399
0.555347
0.690101
0.744374
0.784476
0.206659
0.833875
0.754029
0.700647
0.59431
0.901155
0.703305
-0.0109867
0.578055
0.872826
0.985399
-0.438887
0.728694
0.757092
0.930541
0.989968
0.955464
0.8502
0.987998
0.991092
0.726399
0.823615
0.702524
0.755865
-0.166056
0.77246
0.858201
-0.212479
0.726331
0.958765
-0.278377
0.960918
0.84188
0.0782658
0.703862
0.957513
0.520981
0.929511
0.823107
0.470903
0.627213
-0.152119
0.916848
0.593805
0.93156
0.810716
0.781656
0.817673
0.998535
0.413485
-0.0840109
0.992205
0.702734
0.774589
-0.400179
0.873978
0.0124934
0.696595
0.773617
0.957556
0.915747
0.785416
0.109874
0.997533
0.764207
0.82115
0.925454
0.783223
0.888518
0.962468
0.876166
0.679209
0.669887
0.912814
0.810594
0.980584
0.939507
-0.392866
0.814495
0.181138
0.924981
0.991443
0.987582
0.467526
0.920672
0.746516
0.642857
0.40221
0.927993
0.797902
0.490267
0.545149
0.468458
0.828331
0.289776
0.711173
0.670161
0.89075
0.874286
0.752774
0.313777
0.911966
0.850957
0.979791
-0.07638
-0.382711
0.784392
0.845427
0.92603
0.480537
0.995024
0.946549
0.995281
0.606046
0.932759
0.888508
0.274452
0.916227
0.946233
0.887091
0.597138
0.753867
0.758236
0.866187
0.734855
0.940708
0.989345
0.899369
0.941034
0.402614
0.842461
0.716275
0.877138
0.983777
0.701896
0.974766
0.699404
0.615554
0.718077
0.877171
0.851358
0.665589
0.663693
0.960132
0.356294
0.170377
0.97545
0.372196
0.9927
0.772811
0.945448
0.818716
0.819292
0.969232
0.592244
0.938441
0.824277
0.954544
0.985688
0.863981
0.765528
0.641538
0.848145
0.655249
0.920894
0.668022
0.915424
0.5286
0.956973
0.982789
0.0376037
0.937971
0.887055
0.953297
0.887708
0.747478
0.753637
0.880749
0.977727
0.801925
0.905978
0.951671
0.350875
0.83808
0.735757
0.945666
0.898364
0.834818
0.377342
0.947169
0.938328
0.776328
0.730903
0.981503
0.796293
0.948573
0.865417
0.568567
0.694591
0.963052
0.981423
0.876557
0.951851
0.927107
0.886871
0.651807
0.35861
0.778333
0.119139
0.925485
0.724076
0.540557
0.94485
0.433409
0.816453
0.821485
0.80481
0.952679
0.905809
0.863904
0.997361
0.91937
0.346163
0.97621
0.942042
0.991927
0.781674
0.79227
0.919562
0.868673
0.978431
0.404277
0.991172
0.971983
0.0788083
0.0339889
0.957017
0.841596
0.203062
0.920711
0.101263
0.99143
0.991915
0.952486
0.835886
0.98822
0.960324
0.794814
-0.0170969
0.98908
0.216229
0.394374
0.558208
0.78335
0.957983
0.893197
0.231331
0.725658
0.906493
0.984032
0.703733
0.868627
0.91206
0.961146
0.845365
0.706217
0.906192
0.827947
0.980159
0.811085
0.803682
0.896573
0.85826
0.750441
0.434428
0.964545
0.96836
0.885768
0.863422
0.769109
0.95013
0.958001
0.984713
0.567689
0.673979
0.765746
0.877375
0.0282314
0.745099
0.945897
0.724041
0.491996
0.664481
0.855237
0.73176
0.339401
0.766902
0.934016
0.846564
0.990645
0.859754
0.94088
0.977242
0.0683468
0.466952
0.891605
0.715683
0.500513
0.861479
0.594134
0.897589
0.820872
0.87837
0.729235
-0.151351
0.690987
0.876852
0.81544
0.997999
0.84054
0.888781
0.676147
0.458239
0.904932
0.950055
0.790328
0.36474
0.230096
0.653055
0.965167
0.878212
0.989045
0.970983
0.64065
0.97361
0.76212
0.940342
0.968173
0.396456
0.597125
0.818161
0.661257
0.91033
0.783444
0.886386
0.762146
0.875894
0.511806
0.808264
0.789045
0.634027
0.769624
0.34212
0.893465
0.469167
0.924696
0.957682
0.706839
0.827974
0.920867
0.730727
0.674768
0.692609
0.96293
0.794665
0.117374
0.455327
0.794796
0.981258
0.990269
0.372601
0.980999
0.835057
0.949672
0.307478
0.829389
0.760291
0.914588
0.744806
0.361205
0.89624
0.998556
0.996714
0.741248
0.58719
0.700832
-0.0752549
0.946857
0.779436
0.928717
0.890894
0.980791
0.836411
0.494282
0.253334
0.920306
0.894763
0.813559
0.84847
0.904817
0.976843
0.960484
0.677713
0.897946
0.502263
0.913079
0.828232
0.989889
0.885291
0.948216
0.701529
0.971855
0.59919
0.830748
0.851704
0.835924
0.646018
0.649483
0.997425
0.707695
0.967698
0.911893
0.948916
0.97679
0.648869
0.996905
0.948611
0.184079
0.906051
0.9256
0.431362
0.802188
0.809416
0.962339
0.773487
0.940139
0.856857
0.972892
0.646397
0.760536
0.583573
0.362179
0.936064
0.52624
0.450807
0.825983
0.904105
0.61941
0.806551
0.831299
0.806475
0.86
-0.112607
0.0685688
0.953085
0.927245
0.949187
0.685682
0.317875
0.978911
0.937387
0.618065
0.958293
0.0971652
0.915563
0.389047
0.987233
0.963905
0.224214
0.927395
0.976082
0.522318
0.709752
0.678256
0.371707
0.884867
0.791759
0.876313
0.848625
0.529782
0.568754
0.477182
0.982519
0.877698
0.955926
0.996937
0.837972
0.4891
0.908279
0.904424
0.695785
0.990493
0.918168
0.197629
0.992801
0.992064
0.621121
0.486755
0.909702
0.58765
0.545893
0.919003
0.967024
0.510775
0.674858
0.494917
0.666414
0.890645
0.0175719
0.910172
0.789819
0.995401
0.959956
0.832486
0.399759
0.984911
0.308768
0.35734
-0.142324
-0.0912742
0.956053
0.64065
0.989961
0.941261
0.669326
0.316024
0.903604
0.612574
0.927506
0.979434
0.579747
0.876192
0.289767
0.689957
0.780834
-0.181494
0.79193
0.937363
0.67897
0.987172
0.610866
0.593741
0.859668
0.954587
0.771422
0.971145
0.562721
0.273861
0.953979
0.260293
0.901996
0.963299
0.894807
0.622151
0.885602
0.931153
0.510642
0.568786
0.782056
0.186731
0.418913
0.966318
0.332124
0.978013
0.697834
0.926794
0.928142
0.522846
0.81371
0.965816
0.0526789
0.729713
0.397556
0.987262
0.44971
0.72366
0.870325
0.766051
-0.193963
0.816312
0.458036
0.416121
0.997087
0.916121
0.510408
0.827971
0.531428
0.779761
0.976796
0.92281
0.681684
0.755545
0.934122
0.931092
0.323088
0.389081
0.847071
0.289432
0.577104
0.567093
0.97908
0.606337
0.105393
0.0617867
0.455392
0.8932
0.113691
0.747345
0.857808
0.546594
0.526734
0.574668
0.619018
0.968675
0.958281
0.880658
0.744144
0.99033
0.238431
0.595323
0.628727
0.556951
0.933793
0.958307
0.556067
0.87517
0.435604
0.819037
0.45893
0.965239
0.872056
0.945828
0.925527
0.806646
-0.0613785
0.897951
0.490385
0.9818
0.769223
0.73933
0.924419
0.979709
0.985014
0.770727
0.78053
0.957729
0.431063
0.233598
0.986842
0.880116
-0.141483
0.692789
0.994127
0.93053
0.232443
0.910772
0.580074
0.867012
0.645596
0.905026
0.787679
