0.999999
1
0.99996
1
1
1
0.999997
1
0.999995
0.999948
0.999997
0.999992
1
1
1
0.999968
1
1
1
1
1
1
0.999998
0.999999
0.999992
1
1
0.999998
1
1
1
1
0.999978
0.999997
0.999969
0.999956
1
1
0.999738
1
0.999991
0.999998
0.999998
0.999999
1
1
0.999634
1
0.999998
0.999999
0.999998
0.999994
0.999996
0.999999
0.999999
1
0.999999
0.999999
1
1
1
1
0.999999
0.999998
0.999998
1
0.999995
0.999866
1
0.999844
1
0.999999
1
0.999999
0.99998
0.711419
0.526188
0.289369
0.405392
0.672229
0.360112
0.429817
0.94565
0.875199
0.715586
0.800422
0.883004
0.896099
0.5872
0.999673
0.848132
0.896237
0.680599
0.157444
0.394121
0.808259
0.759417
0.734882
0.329181
0.934175
0.674217
-0.283102
0.870171
0.30979
0.188502
0.319525
0.906816
0.36026
0.698778
0.417949
0.793143
0.847023
0.982699
0.676171
0.992508
0.885444
0.988856
0.769888
0.993647
0.841255
0.843422
0.837613
0.726923
0.825894
0.592994
0.657377
0.410033
0.544729
0.65658
0.886447
0.995751
0.731001
0.215498
0.963429
0.169921
0.982254
0.954485
0.955999
0.795755
0.765552
0.895828
0.540288
0.822377
0.455734
0.82073
0.773431
0.979564
0.951716
0.902179
0.696962
0.823422
0.819059
0.947289
0.914642
0.632699
0.776206
0.952525
0.848198
0.463094
0.98101
0.5777
0.682038
0.985962
0.920767
0.691066
0.605964
0.98513
0.250432
0.939441
-0.0876668
0.278723
0.672146
0.472997
-0.0306537
0.968962
0.848691
0.439116
0.632887
0.265587
0.632602
0.915539
0.727204
0.223308
0.770611
0.783645
0.687307
0.891556
0.0855638
0.73843
-0.218372
0.739612
0.789408
0.738026
0.305543
0.882295
0.392073
0.869048
0.274116
0.539741
-0.317914
0.966877
-0.355926
0.415886
0.450286
0.16371
0.809627
0.445865
0.726459
0.467964
0.956114
0.277459
0.779838
0.706223
0.951896
0.891077
0.903157
0.996471
0.865362
0.991309
0.730226
-0.11234
0.966961
-0.227679
0.846907
0.844794
0.907341
0.589056
-0.534017
0.801068
0.959457
0.754274
0.916798
0.727683
0.859443
0.888494
0.903999
0.937563
0.710192
0.967567
0.990796
0.528141
0.918102
0.936178
0.354139
0.779654
0.603855
0.652812
0.469089
0.750256
0.491266
0.513679
0.742116
0.240937
0.842518
0.747162
0.906559
0.867074
0.604561
0.648309
0.862622
0.898771
0.709547
0.711962
-0.141705
0.889565
0.421229
-0.511521
0.974396
0.277235
-0.105985
0.376386
0.856613
0.639343
0.935242
0.8037
0.766134
0.786633
0.88037
0.0226503
0.981921
0.708423
0.952422
0.558146
0.185522
0.698166
0.950636
-0.236449
0.444726
0.288857
0.312068
-0.0646041
-0.271463
0.995457
0.604618
-0.231561
0.667947
0.800851
0.79503
0.97146
0.832348
0.654795
0.898657
0.691863
0.996283
0.860486
0.956493
0.765217
0.932201
0.506151
0.431621
0.9443
0.987422
0.457621
0.91813
0.966378
0.986567
0.924974
0.949134
0.919555
0.962542
0.974875
0.861252
0.935961
0.561672
0.989591
0.88388
0.963198
0.272239
0.22694
0.999438
0.975271
0.711773
0.228785
0.863038
0.957177
0.590869
0.727444
0.962013
0.877364
-0.0191347
0.671074
0.99071
0.960292
0.381882
0.919239
0.999544
0.928307
0.790069
0.965671
0.533208
-0.178134
0.735797
0.971351
0.462322
0.657991
0.53256
0.615378
0.846685
0.918656
0.646854
0.802453
0.924216
0.941572
0.848307
0.964175
0.611781
0.942623
0.511655
0.99676
0.999972
0.613394
0.812524
0.891836
0.800181
0.991605
0.3737
0.406273
0.376336
0.991251
0.498986
-0.132289
0.79716
0.97183
0.906603
0.519738
0.865475
0.878479
0.996834
0.705988
0.712527
0.784212
0.989667
0.818168
0.336534
0.839522
0.793946
0.793502
0.768555
0.994618
0.835664
0.839868
0.751257
0.767418
0.576586
0.876936
0.924167
0.817232
0.985325
0.902571
0.884258
0.902078
0.789708
0.94059
0.927465
0.990043
0.687682
0.561836
0.887003
0.687564
0.92333
0.884983
0.864979
0.987793
0.960113
0.886192
0.880237
0.905551
0.670263
0.627986
0.973534
0.901697
0.803521
0.994437
0.681193
0.864155
0.75953
0.83166
0.595356
0.773638
0.902706
0.912421
0.994859
0.84242
0.927662
0.638523
0.888048
0.983867
0.684221
0.755563
0.83884
0.940955
0.988833
0.714465
-0.402328
0.933238
0.616918
-0.0637569
0.705491
-0.209289
0.93529
0.351474
0.408608
0.543598
0.638248
0.931528
0.864542
0.75687
0.869373
0.809364
0.717602
0.836613
0.840238
0.275683
0.212125
0.539137
0.887781
0.758377
0.993339
0.963005
0.554881
0.756501
0.91616
0.560676
0.670791
0.920001
0.569974
0.720004
0.812381
0.815905
0.523039
0.92644
0.326621
0.429877
0.901669
0.838879
0.947097
0.691611
-0.337232
0.771907
0.869146
0.699307
0.970472
0.0704926
0.96943
0.764485
0.824881
0.847447
0.559273
0.87965
0.997731
0.533616
0.786748
0.841168
-0.0199628
0.852601
0.871569
0.907274
0.896637
0.61641
0.95918
0.970947
0.397901
0.609295
0.982142
0.946397
0.807546
0.93425
0.764036
0.856203
0.928789
0.696004
0.811219
0.966969
0.925656
0.944942
0.702454
0.998738
0.948724
0.811096
0.848137
0.925304
0.889499
0.988995
0.387018
0.0847286
0.940066
0.974036
0.968644
0.935464
0.958236
0.00302651
0.875197
0.949106
0.622388
0.930328
0.866765
0.792203
0.752089
0.931265
0.925764
0.831943
0.703147
0.831496
0.469408
0.669732
0.978268
0.901311
0.979581
0.645055
0.778969
0.386162
0.504363
0.788005
0.977
0.636798
0.921708
0.641223
0.545027
0.300021
0.833132
0.661289
0.961508
0.760142
0.743454
0.864701
0.922718
0.716423
0.867622
0.976622
0.99296
0.870467
0.930129
0.951873
0.586067
0.299257
0.996691
0.999463
0.902481
0.673349
-0.0951191
0.893656
0.635246
0.717802
0.904721
0.11035
0.853088
0.719387
0.661039
0.412536
0.777349
0.829488
0.881126
0.6209
0.58411
0.467003
0.631337
0.471481
0.967988
0.939052
0.903089
0.825656
0.812332
0.865457
0.373241
0.922894
0.494171
0.987845
0.943077
0.940723
0.892555
0.689945
0.818223
0.875554
0.947504
0.878065
0.971309
0.968612
0.831325
0.466957
0.995172
0.94693
0.691601
0.453426
0.948217
0.863385
0.942834
0.614453
0.831698
0.802229
0.970399
0.876725
0.478109
0.578016
0.857411
0.734957
0.4833
0.265849
0.703329
0.794541
0.402645
0.775668
0.940133
0.901808
0.933215
0.931215
0.531628
0.85011
0.945781
0.971503
0.934984
0.888601
0.959229
0.877286
0.99064
0.782233
0.992297
0.96719
0.456738
0.838912
0.475125
0.956095
0.528698
0.971083
0.802377
0.820013
0.762106
0.679041
0.972652
0.480537
0.126524
0.691548
0.371401
0.178741
0.926267
0.853
0.970875
0.320808
0.939771
0.990699
0.690883
0.730284
0.925912
0.616816
0.64969
0.387172
0.967242
0.931934
0.568745
0.881257
0.987959
0.796816
0.955203
0.82106
0.804091
0.546862
0.969975
0.754486
0.985842
0.714724
0.813146
0.861003
0.666759
0.965431
-0.0312189
0.912873
0.0771177
0.69668
0.845198
0.768744
0.975219
0.68541
0.75538
0.879211
0.305982
0.704755
-0.554679
0.913814
0.649758
0.592301
0.839694
0.256114
0.668313
0.923737
0.407643
0.506413
0.30912
0.975714
0.80767
0.512891
-0.488292
0.728301
0.807459
0.710736
0.684198
0.552397
0.934061
0.942967
0.886647
0.733267
-0.337599
0.702863
0.858091
0.978518
0.869918
0.548385
0.980953
0.618927
0.772056
0.828723
0.215079
0.979948
0.0683833
0.966082
0.896606
0.894927
-0.191353
0.780122
0.979214
0.42466
0.793201
0.226329
-0.559699
0.822313
0.764256
0.905598
-0.0103859
0.92682
0.531804
0.684395
0.990451
0.0953188
0.902199
0.683609
0.932858
0.832556
0.980246
0.45191
0.383884
0.755417
0.929678
0.643869
0.822884
0.625898
0.926229
0.554451
0.979336
0.746145
0.652904
0.901047
0.863783
0.97364
0.876565
0.969782
0.890666
0.870794
0.912926
0.692513
0.84407
0.836874
0.855023
0.752175
0.692624
0.956389
0.394334
0.808359
0.61558
0.855449
0.77983
0.540494
0.877369
0.97084
0.967661
0.760988
0.702747
0.981966
0.941185
0.656333
0.489674
0.817075
0.942815
0.796448
0.0944317
0.939468
0.869065
0.736797
0.93019
0.430999
0.943825
0.582435
0.982845
0.619351
0.85848
0.444491
0.955099
0.966239
0.0872117
0.723686
0.930776
0.971878
0.357923
0.814327
0.516423
0.870468
0.862462
0.837984
0.565391
0.988178
0.989024
0.0364276
0.546316
0.904507
0.674198
-0.0112195
0.821036
0.861081
0.926042
-0.0053816
0.378602
0.758162
0.721512
-0.0799226
-0.489004
0.686859
0.987476
0.383235
0.909983
0.868487
0.911697
0.891015
0.636899
0.817153
0.913183
-0.0589479
0.224114
0.552373
0.953925
0.727637
0.632344
0.944631
0.543157
-0.387785
0.999329
0.78475
0.947891
0.417857
0.780618
0.804934
0.957415
0.894143
0.598971
0.881269
0.00911348
0.68464
0.829892
0.984824
0.668509
0.981948
0.804713
0.791641
0.600849
0.678083
-0.00307223
0.935894
0.682651
0.601649
0.912312
0.940621
0.978741
0.971313
0.746608
0.997125
0.248512
0.856412
0.908466
0.746426
0.908464
0.857034
0.945328
0.791602
0.953333
0.790962
0.94086
0.36874
0.912224
0.822405
0.84459
0.91905
0.230948
0.927799
0.977389
0.365368
0.800233
0.864874
0.939456
0.924967
0.617544
0.754436
0.566536
0.841289
0.911192
0.906382
0.595842
0.984681
0.99455
0.163321
0.26662
-0.00145372
0.978795
0.642322
0.798256
0.835079
0.961544
0.915029
0.855777
0.863741
0.890849
0.923912
0.685792
0.0682495
0.814462
0.904322
0.656697
0.955397
0.804821
0.683774
0.370359
0.952356
0.952411
0.314897
0.627206
0.69349
0.911817
0.672616
0.756271
0.891933
0.875898
0.204914
-0.0689028
0.964617
0.970981
0.795293
0.918986
0.819423
0.980923
0.762687
0.79083
0.82556
0.453694
0.9233
0.429953
0.991861
0.990906
0.816408
0.780263
0.997738
0.996061
0.700459
0.354613
0.737315
0.308045
0.825335
0.56122
-0.0695495
0.955162
0.914728
0.687718
0.906041
0.866163
0.612951
-0.613243
-0.119319
0.975672
0.909362
0.673705
-0.246258
0.98011
0.708209
0.810359
0.850717
0.460645
0.988418
0.801112
0.539518
0.513136
0.831076
0.980119
0.715409
0.742356
0.903516
0.518238
0.694744
-0.282676
0.86976
0.994295
0.897452
0.950989
0.633202
0.804397
0.607023
0.950616
0.934652
0.805637
0.584793
-0.402517
0.828703
0.830923
0.833862
0.799478
0.948172
0.887264
0.28883
0.730796
0.83856
0.864785
0.950862
0.9887
0.834195
0.885746
0.449073
0.841896
0.680029
0.780169
0.933183
0.977712
0.522147
0.657801
0.584807
-0.432912
0.646132
0.952593
-0.00291874
0.955059
0.676127
0.0702674
0.382845
0.945101
0.612756
0.742224
0.889928
0.330618
0.76013
0.261364
0.748377
0.966511
0.500921
0.594825
0.74595
0.555226
0.345222
0.494618
0.839766
0.386557
0.445256
0.0603694
0.851284
0.98046
0.780176
0.97124
-0.0849826
0.939124
0.832906
-0.0948875
0.845024
0.913369
0.920372
0.847951
0.792778
0.983495
0.896986
0.880722
0.563784
0.00577939
0.356832
0.39076
0.928143
0.759934
0.0679425
0.749926
0.941384
0.493707
0.768118
0.620145
0.764743
0.870858
0.84346
0.949429
0.571994
0.9596
0.535156
0.872085
0.847024
0.72896
0.930118
0.798179
0.882401
0.90515
0.696581
0.838483
0.937578
0.932404
0.810084
0.987529
0.938043
0.704155
0.85781
0.712633
0.635124
0.847395
0.895481
0.997123
0.924065
0.808928
0.960112
0.97237
0.956304
0.804052
0.533316
0.897976
0.796479
0.985667
0.248384
0.893523
0.752945
0.696276
0.955355
0.930821
0.65935
0.965171
0.0300906
0.401003
0.653978
0.761973
0.750248
0.973921
0.792525
0.997148
0.944512
0.510016
0.950115
0.876899
0.737197
0.98379
0.946327
-0.463645
0.55264
0.324544
0.793887
0.272243
0.940617
0.955009
0.88511
0.557006
0.927834
0.806793
0.918562
0.308513
0.00982916
0.737691
0.0419727
0.729684
0.943337
0.789203
0.767833
0.987245
0.829925
0.806404
0.559306
0.581791
0.888295
0.613986
0.922422
0.86146
0.867251
-0.0945402
0.894096
0.754181
0.815608
0.919066
0.923167
0.399991
0.710246
0.880538
0.27128
0.8887
0.768273
0.744198
0.71516
0.639411
0.811243
-0.1885
0.886986
0.970196
0.874181
0.728621
0.94596
0.77706
0.816281
0.935273
0.847468
0.775205
0.972811
0.735447
0.867544
0.705333
0.94361
0.91847
0.813063
0.923381
0.990674
0.862734
0.430022
0.652413
0.945799
0.974784
0.938227
0.920477
0.790798
0.889401
0.698843
0.328027
0.913079
0.970976
0.981384
0.891611
0.287279
0.795261
0.99527
0.659857
0.85447
0.939116
0.532991
0.957886
0.652184
0.817377
0.563988
0.864954
0.744696
0.829584
0.905974
0.816704
0.924417
-0.22467
0.199841
0.524638
0.917636
0.954603
0.817805
0.94981
0.99362
0.299264
0.954484
0.96851
0.819436
0.531132
0.836892
0.929259
0.849621
0.965052
0.783546
0.544082
0.666639
0.794598
0.390287
0.645557
0.998769
0.874546
0.988503
0.950822
0.753081
0.96794
0.45179
0.218612
0.933704
0.811508
0.803263
0.759956
0.993356
0.999317
0.971081
0.84673
0.428787
0.987846
0.8227
0.890508
0.998171
0.629066
0.619281
0.962594
0.923555
-0.10782
0.930188
0.900805
0.503461
0.766705
0.996483
0.762904
0.895247
0.835997
0.778433
0.894274
0.867988
0.525733
0.28043
0.78404
0.962923
0.99683
0.72392
0.975687
0.872444
0.684518
0.560799
0.705238
0.347042
-0.203239
0.974472
0.494518
0.448392
0.632523
0.926858
0.52764
0.188223
0.95032
0.959251
0.981227
0.923169
0.762749
0.940048
0.92478
0.525553
0.0913962
0.589584
0.216601
0.926748
0.170035
0.300802
0.933166
0.968973
0.829673
0.922921
0.999727
-0.0758716
0.79535
0.928734
0.870283
0.972486
0.534487
0.730274
0.937187
0.887034
0.994899
0.495993
0.992304
0.945851
0.978785
0.689003
0.84289
0.795002
0.657755
0.310269
0.409799
-0.640635
0.914607
0.762174
0.969424
0.987895
-0.153018
0.83266
0.522119
0.964124
0.305256
0.98909
0.72861
0.650312
0.8497
0.777843
0.875844
0.417549
0.29506
-0.524137
0.782539
0.987865
0.832596
0.449883
-0.100907
0.872387
0.360285
0.5294
0.317547
0.794328
0.768178
0.951325
0.320958
0.76531
0.223323
0.943962
0.966517
0.809642
0.98049
0.97571
0.440594
0.852811
-0.340961
0.728903
0.976111
0.337342
0.91663
0.921389
0.429308
0.479412
0.0430691
0.774277
0.338412
0.880664
0.885716
0.102602
0.659338
0.882865
0.707941
0.740704
0.766782
0.462569
0.953807
0.783332
0.901972
0.986537
0.930406
0.670605
0.997486
0.820862
0.850234
0.709077
0.64227
0.169434
0.331968
0.968303
0.714099
0.956353
0.972875
0.698115
0.76098
0.662385
0.977064
0.994363
0.875461
0.897033
0.877302
0.820012
0.872007
0.604244
0.585623
0.559867
-0.0539579
0.923082
0.94607
0.215291
0.964374
0.963848
0.804891
-0.334461
0.796545
0.706148
0.958065
0.885179
0.890032
0.897815
0.97542
0.877406
0.917534
0.526607
0.970353
0.864983
0.818891
0.461509
0.997157
0.840102
0.639129
-0.250635
0.723276
0.228063
0.689443
0.707913
0.998475
0.951734
0.942953
0.916547
0.857395
0.917716
0.676217
0.696946
0.76726
0.947069
0.877753
0.404813
0.524574
0.164749
0.2866
-0.182012
0.77773
-0.0887845
0.735125
0.574273
0.774026
0.646855
0.970234
0.577611
0.90018
0.91278
0.699191
0.932348
0.516659
0.967026
0.171408
0.646678
0.981847
0.700427
0.886712
-0.00859768
0.6626
0.514214
0.623879
0.681494
0.587771
0.563525
0.820364
0.704058
0.963746
0.968833
0.959596
0.888774
0.899082
0.664486
0.941467
0.940045
0.90534
0.815909
0.977106
0.855392
0.904136
0.767195
0.784338
0.612726
0.883542
0.214154
0.959297
0.920821
0.580675
0.968171
0.723286
0.919769
0.519746
0.759535
-0.0800265
0.78331
0.965611
0.77416
0.389871
0.796998
0.865344
0.87822
0.961606
0.74928
0.652906
-0.061505
0.718528
0.419763
0.988577
0.793967
0.875424
0.388983
0.811603
0.753141
0.787126
0.818327
0.958429
0.822463
0.22637
0.61513
0.65242
0.86711
0.98997
0.888368
0.933598
0.571326
-0.00543038
0.874575
0.890022
0.953215
0.579984
0.660437
0.587942
0.0188979
0.921143
0.967227
0.908705
0.98213
0.636008
0.891965
0.871682
0.676481
0.913383
0.77474
0.85128
0.364406
0.828855
0.694627
0.803325
0.74693
0.853895
0.930952
0.94463
0.793984
-0.482755
0.632124
0.813797
0.378106
0.69413
0.0940738
0.948316
0.628241
0.95125
0.921443
0.913462
0.890413
0.402146
0.889859
0.854995
0.203839
0.787561
0.856692
0.944342
0.83824
0.68939
0.850875
0.991852
0.132985
0.204211
0.792378
-0.155256
0.955631
0.987292
0.523259
0.446441
0.789371
0.875052
0.697892
0.983221
0.519382
-0.0770196
0.86688
0.890563
0.378931
0.974006
0.285562
0.212976
0.887162
0.971404
0.519667
0.629485
0.806809
0.901601
0.773734
0.890554
0.918872
0.894037
0.860476
0.695346
0.969956
0.778067
0.54879
0.847502
0.8642
0.983543
0.370522
0.909864
0.873169
0.977335
0.938356
0.000807121
0.978686
0.541384
0.837638
0.71465
0.990432
0.804602
0.128049
0.721397
0.61825
0.966053
0.262342
0.957952
0.00407056
0.827041
0.611917
0.86642
0.934176
0.611494
0.523744
0.981501
0.851215
0.676626
0.637984
0.936212
0.820431
0.716262
0.965834
0.779163
0.995716
0.778182
0.974537
0.827713
0.996797
0.570648
0.782063
0.574161
0.733381
0.632053
0.956964
0.747243
0.287398
0.967133
0.635535
0.794387
0.701972
0.418661
0.805432
0.661002
0.728142
0.832791
0.714047
0.584224
0.795018
0.965476
0.84473
0.919423
0.954866
0.560478
0.92724
0.997314
0.903558
0.976353
0.322403
0.897045
0.666395
0.434525
0.706338
0.769328
0.696435
0.917497
0.796494
0.120896
0.785198
0.860151
0.994577
0.887846
0.922296
0.882358
0.961603
0.255825
0.588758
0.572611
0.994284
0.967619
0.873472
0.142854
0.929554
-0.218192
0.935152
0.926434
0.989484
0.995996
0.958553
0.743382
0.00666665
-0.110394
0.955091
0.749364
0.671142
-0.182101
0.722815
0.979495
0.396035
0.739418
0.895108
0.7403
0.999685
0.613671
0.83103
0.544916
-0.199074
0.846781
0.681823
0.960477
0.854305
0.804235
0.888297
0.48469
0.84318
0.404155
0.956439
0.909061
0.0380332
0.979776
0.979764
0.128876
0.996
0.838643
0.748493
0.732096
0.907117
0.748706
0.82699
0.0440089
0.699227
0.203509
0.852822
0.4595
0.891521
0.902439
0.559534
0.86256
0.885872
0.747855
0.867001
0.908494
0.823657
-0.16258
0.81978
0.802089
0.0213767
0.929834
0.956061
0.93462
0.657269
0.950435
0.857322
0.470782
0.329421
0.83697
0.850382
0.916944
0.742308
0.95918
0.996664
0.882784
0.949791
0.697721
0.716434
0.797713
-0.240562
0.972255
0.413123
0.593752
0.980243
0.956036
0.726547
0.923065
0.959426
0.976859
0.929053
0.887098
0.875882
0.391174
0.970619
0.51573
0.900454
0.87274
0.953622
0.79761
0.992089
0.546483
0.72697
0.826481
0.985586
0.821343
0.921421
0.953314
0.962981
0.674395
0.856547
0.877237
0.3555
0.870982
0.640688
0.861199
0.2161
0.834229
0.754098
0.962046
0.783997
0.935884
0.975489
0.974409
0.973615
0.775654
0.130232
0.666741
0.961043
0.91528
0.742209
0.86011
0.687441
0.640624
0.85116
0.859527
0.835983
0.98989
0.733043
-0.178453
0.0274329
0.805517
0.685665
0.831945
0.794472
0.871385
0.771194
0.631811
0.376273
0.990615
0.342087
0.91694
0.693547
0.334326
0.697829
0.649799
0.80814
0.392657
0.722816
0.6864
0.740028
0.85811
0.402648
0.811559
0.896584
0.938491
0.563264
0.639359
0.8429
0.746976
0.782419
0.62585
0.443684
0.83053
0.911958
0.762238
0.699381
0.821422
0.934378
0.743004
0.62232
0.952795
0.867037
0.981711
0.775233
0.0441149
0.898718
0.830962
0.778685
0.503344
0.6126
0.943683
0.731925
0.8764
0.697838
0.719335
0.968031
0.849409
0.908532
0.882565
0.528179
0.998214
0.988301
0.976355
0.993325
0.852442
0.459986
0.919235
0.949999
0.324125
0.639085
0.706308
0.939594
0.810805
-0.0572651
0.908839
0.762432
0.886856
0.767498
0.703859
0.635202
0.846831
0.949964
0.991187
0.871533
0.956227
0.924401
0.848959
0.937841
0.816076
0.87867
0.850024
-0.434935
0.452073
0.533118
0.548471
0.963473
0.773096
0.106277
0.949327
0.959498
0.896865
0.901085
0.911152
0.937242
0.947448
0.766149
0.306897
0.392365
0.946966
0.559265
0.934237
0.835429
0.608645
0.862797
0.760822
0.063469
-0.123391
0.955302
0.791078
0.968442
0.952157
0.854808
0.964839
0.80055
0.910217
0.970332
0.803502
0.840382
0.849453
0.960648
-0.460052
0.718683
0.873313
0.618878
0.288322
0.82315
0.839503
0.876108
0.691071
0.920441
0.896794
0.801243
0.950151
0.257939
0.941626
0.577165
0.838149
0.278185
0.653121
0.941618
0.8457
0.678182
0.931779
0.507152
0.925187
0.987153
0.937224
0.853361
0.882955
0.531132
0.940662
0.80918
0.854305
0.726346
0.907326
0.801164
0.416403
0.816337
0.58038
0.695451
0.488163
0.695761
0.6811
0.885642
0.798042
-0.0552448
0.855983
0.874843
0.912941
0.912962
-0.0538541
0.536454
0.789037
0.755007
0.728504
0.341082
0.997665
0.684595
0.974422
0.97415
0.765159
0.718951
0.980392
0.95373
0.298775
0.952361
0.911635
0.509524
0.926888
0.797131
0.647697
0.751355
0.917154
0.890569
0.808699
0.328716
0.118804
0.975948
0.941537
0.867634
0.547236
0.723538
0.759254
0.593655
0.82693
0.336642
0.695896
0.995325
0.888443
0.155381
0.866093
0.507512
0.935601
0.976618
0.866652
0.927219
0.355666
0.845327
0.86913
0.466049
0.537281
-0.00684411
0.941872
0.186701
0.848945
0.428971
0.997366
0.941194
0.250196
0.862133
0.265631
0.189428
0.938051
0.523714
0.330538
0.680534
0.923779
0.851512
0.653781
0.701128
0.743436
-0.101876
0.900087
0.73037
0.477838
0.726732
0.301645
0.401456
0.669317
0.578367
0.896292
0.506946
0.881533
0.900658
0.91337
0.607979
0.0221773
0.96619
0.608727
0.688611
0.818158
0.530588
0.955821
0.84594
0.942702
0.63868
0.847852
0.832642
0.409643
0.979751
0.999058
-0.0312652
0.773413
0.851306
0.904429
0.697153
0.848449
0.837502
0.922437
0.876794
0.979435
0.788875
0.886156
0.93643
0.552734
0.636702
0.940707
0.914158
0.969256
0.996866
0.761694
0.528164
0.239431
0.959237
0.741944
0.787789
0.960411
0.866332
0.988844
0.800856
0.496068
0.655562
0.891782
0.516323
0.838023
0.984512
0.632592
0.933213
0.96269
0.692867
-0.205192
0.980937
0.653927
0.986731
0.982379
0.853342
0.576216
0.898033
0.105724
0.994973
0.952506
0.878683
0.859938
0.691822
0.908688
0.887574
0.718051
0.969592
0.815192
0.800313
0.820338
0.968918
0.532767
0.765321
0.852688
0.208501
0.804548
0.766417
0.331962
0.57383
0.857784
0.936995
0.811188
0.991048
0.636263
0.987853
0.905171
0.785996
0.99845
0.725098
0.679992
0.999961
0.94455
0.99389
0.628928
0.646012
0.863446
0.838272
0.959379
0.539472
0.964969
0.579745
-0.190731
0.960404
0.976051
0.798832
0.925876
0.909676
0.955902
0.569434
0.978917
0.29879
0.989032
0.478065
0.460186
0.967806
0.81072
0.596328
0.972011
0.677491
0.793116
0.97975
0.719464
0.705697
0.945994
0.735049
0.8743
0.996622
0.696357
0.99697
0.798791
-0.217303
0.836697
0.902979
0.516707
0.365171
0.650301
0.763256
0.755648
0.970834
0.96276
0.779626
0.959682
0.837062
0.577455
0.846957
0.810385
0.808118
0.918066
0.978287
0.774097
0.769902
0.64016
0.956193
0.746998
0.889855
0.925455
0.987185
0.960361
0.844041
-0.339286
0.834048
0.998767
0.896451
0.191422
0.689236
0.676352
0.434904
0.913229
0.970039
0.323692
0.97002
0.512769
0.501379
0.985866
0.894103
0.353389
-0.041012
0.872002
0.769111
0.5451
0.965036
0.946428
0.818995
0.789483
0.243594
0.770617
0.923219
0.748776
0.804216
0.906937
0.846725
0.881232
-0.120383
0.987776
0.690089
0.51072
0.543305
0.782429
0.780894
0.97895
0.682182
0.840692
0.875585
0.598089
0.795773
0.933636
0.297313
0.852251
0.677619
0.477406
0.738485
0.964721
0.882824
0.725989
0.339607
0.991844
0.934294
0.497437
0.581549
0.991388
0.811014
0.988939
0.37687
0.928885
0.147129
0.949808
0.894734
0.889224
0.675767
0.732167
0.979278
0.659252
0.84584
0.573639
0.929107
0.956867
0.619122
0.865272
0.857302
0.802305
0.997813
0.662462
0.737034
0.991768
0.524566
0.963875
0.563634
0.85937
0.721103
0.646351
0.9159
0.697855
0.672359
0.838821
0.707824
0.35825
-0.501941
0.234486
0.595155
0.44929
0.781268
0.962171
0.778532
0.822629
0.593847
0.292341
0.954554
-0.240298
0.917487
0.729492
0.875419
0.619057
0.822909
0.654695
0.915502
0.954655
0.61098
0.424677
0.808552
0.901669
0.976002
0.827434
0.898053
0.971257
0.79939
0.965422
0.80361
0.462716
0.878473
0.565612
0.642761
0.898869
0.848008
0.955693
0.779986
0.896646
0.520183
0.814146
0.780576
-0.105082
0.669846
0.490922
0.85695
0.694455
0.198761
0.96975
0.830649
0.908472
0.65399
0.845248
0.87352
0.716359
0.76704
0.810166
0.657476
0.890871
0.795467
0.889191
0.865088
0.970177
0.931542
0.83801
0.586206
0.60873
0.843628
0.813748
0.926348
0.916376
0.892623
-0.149745
0.398832
0.743943
0.836891
0.443954
0.965732
0.870048
0.703531
0.945196
0.807862
0.627452
0.986514
0.55925
0.754705
0.993879
0.695525
0.893861
0.787974
0.850711
0.668086
0.994252
0.87116
0.380303
0.773326
0.929548
0.748433
0.746295
0.644981
0.599071
0.849662
0.893144
0.873547
0.581587
0.839122
0.707612
0.954978
0.555026
0.245575
0.78391
0.397909
0.883624
0.999036
0.9254
0.921831
0.726376
0.815925
0.697412
0.93086
0.920919
0.398874
0.892633
0.780987
0.816665
0.850711
0.996441
-0.0831326
0.897896
0.411353
0.998221
0.900989
0.545701
0.966146
0.70215
0.561998
0.969042
0.930438
0.986755
0.79085
0.973285
0.994431
0.804164
0.749522
0.938094
0.961943
0.961949
0.616275
0.82547
0.918248
0.947314
0.783007
0.982173
0.914288
0.632493
0.888913
0.989427
0.85825
0.345182
0.860639
0.890139
0.987906
0.79477
0.969811
0.705516
0.787114
0.525391
0.96953
0.929966
0.806314
0.671252
0.898227
0.966592
0.822933
0.608466
0.880688
0.681886
0.84846
0.836186
0.897058
0.170333
0.344059
0.767544
0.585821
0.380533
0.991954
0.803063
0.621476
0.782326
0.351157
0.208099
0.901959
0.973422
0.825868
0.700295
0.81553
0.935092
0.613294
0.819919
0.993214
0.444173
0.701708
0.936807
0.686737
0.999109
0.972117
0.937466
0.788997
0.611124
0.993916
0.540518
0.929146
0.922934
0.814542
0.617915
0.0207051
0.960365
0.663422
0.930776
0.648452
0.871031
0.229204
0.894555
0.20602
0.317611
0.93885
0.64931
0.918125
0.879574
0.635314
0.0584238
0.991157
0.936949
0.986313
0.824253
0.948697
0.794994
0.355247
0.854714
0.972701
0.988307
0.911464
0.919165
0.527448
0.934548
0.668946
0.878659
0.978019
0.966656
0.246154
0.954055
0.599591
0.70606
0.866078
0.65041
0.967727
0.913208
0.938103
0.479409
0.977083
0.469583
0.937857
0.527369
0.880607
0.432213
0.852612
0.783441
0.723961
0.888429
0.936434
0.447118
0.480733
0.992473
0.745665
0.867558
0.589671
0.909493
0.456635
0.992861
0.346911
0.815148
-0.511784
0.361722
0.774419
0.457563
0.921157
0.350874
0.857195
0.948769
0.771356
0.620914
0.937811
0.93912
0.970449
0.896684
0.986657
0.8219
0.271092
0.983907
0.936819
0.920364
0.764817
0.418432
0.639162
0.778531
0.548189
0.941283
0.585029
0.705734
0.802393
0.711936
0.987156
0.304015
0.906943
0.877638
0.922995
0.516599
0.738264
0.970885
0.773421
0.947401
0.834896
0.993977
0.920505
0.973819
0.687944
0.955509
0.895608
0.901789
0.612497
0.903288
0.64742
0.760034
0.799111
0.592577
0.983728
0.945739
0.940781
0.8078
0.992606
0.772751
0.410092
0.709329
0.57323
0.779588
0.8698
0.951455
0.723056
0.903414
0.872941
0.948702
0.927906
0.947295
0.915922
0.879221
0.964661
0.969757
0.515079
0.217582
0.819297
0.663962
0.446068
0.772446
0.88349
0.914532
0.73478
0.427048
0.448952
0.974824
0.661355
0.207397
0.581823
0.83298
0.987849
0.860766
0.742849
0.922404
-0.103324
0.882479
0.60919
0.952096
0.740948
0.932402
0.745767
0.766222
0.704879
0.934903
0.855049
0.473768
0.987129
0.958348
0.963963
0.952973
0.846913
0.647609
0.207471
0.976757
0.831611
0.825674
0.92271
0.475809
0.769522
0.955204
0.812909
0.286913
0.208618
0.604967
0.528198
0.979591
0.68175
0.8326
0.923451
0.993059
0.576114
0.80516
-0.250832
0.780441
0.267214
0.949973
0.389813
0.992905
0.504869
0.92282
0.938333
0.862546
0.822192
0.946191
0.985329
0.809828
0.423758
0.517075
0.967366
0.618692
0.39055
0.901051
0.815487
0.93228
0.867125
0.598697
0.947877
0.775214
0.478642
0.293997
0.889425
-0.0280405
-0.0640082
0.979657
0.944399
0.690156
0.96595
0.985437
0.914475
0.618167
0.279271
0.930424
0.909855
0.901663
0.81678
0.925921
0.975179
0.79026
0.949531
0.906742
0.633684
0.83747
0.894175
0.487571
0.875814
0.934029
0.984458
0.857205
0.854306
0.984244
0.749348
0.948842
-0.0546346
-0.116711
0.87789
0.965496
0.11629
0.633291
0.880882
0.685393
0.341492
0.712313
0.499497
0.983686
0.89483
0.929973
0.760603
0.976102
0.482237
0.917552
0.971332
0.969062
0.906012
0.961875
0.788541
0.896636
0.821109
0.571567
0.794657
-0.0267852
0.988801
0.931768
0.413159
0.937909
0.665888
0.991412
0.989904
0.926769
0.844136
0.731849
0.573073
0.49301
0.683032
0.970062
0.733027
0.446679
0.872163
0.94283
0.994726
0.869771
0.0116226
0.986062
-0.353653
0.974584
0.869087
0.597356
0.723851
0.406248
0.77669
0.834904
0.834304
0.981258
0.876368
0.878251
0.87281
0.615956
0.180413
0.678234
0.8176
0.909639
0.0606542
0.830682
0.968107
0.765777
0.782304
0.759961
0.872578
0.940407
0.84088
0.863725
0.998368
0.956005
0.791482
0.859966
0.932362
0.536676
0.859737
0.863104
0.606394
0.769808
-0.185071
0.941072
0.990426
0.130555
0.975721
0.805167
0.706752
0.994919
0.933784
0.956002
0.444295
0.963403
0.511737
0.846272
0.957835
-0.106817
0.812848
0.332032
0.771961
0.711569
0.785558
0.983561
0.74612
0.761252
0.600484
0.546722
0.0719291
0.927968
0.272551
0.959037
0.812797
0.986595
0.487756
0.953586
0.971913
-0.0646365
0.832433
0.986357
0.702503
0.992387
0.744164
0.084092
0.707878
0.936649
0.827673
0.981542
0.73102
0.927197
0.473927
0.877476
0.813087
0.411711
0.821229
-0.0782291
0.986676
0.740392
0.895965
0.768307
0.871352
0.805298
0.986463
0.882882
0.68451
0.342292
0.177907
0.928138
0.934444
0.569088
0.93759
0.974478
0.820834
0.995324
0.267008
0.817097
0.923383
0.831022
0.935141
0.638731
0.831569
0.749351
0.506454
0.535324
0.957516
0.821767
0.900603
0.693825
0.6301
0.698695
0.998169
-0.227476
0.959806
0.627431
0.956531
0.963573
0.475135
0.793332
0.966406
0.73555
-0.393121
0.848022
-0.0438655
0.53445
-0.131744
0.872864
0.833779
0.374369
0.845629
0.938851
0.966421
0.53543
0.973778
0.280863
0.778045
0.729501
0.994697
0.657325
0.686815
0.913572
0.785271
0.90014
0.59385
0.846159
0.984249
0.96306
-0.159384
0.766754
0.670879
0.845919
0.854452
0.994906
0.467252
0.841839
0.977134
0.466975
0.46865
0.931916
0.94153
0.372319
0.90051
-0.0388768
0.508603
0.374611
0.601115
0.964483
0.857969
0.790688
0.87986
0.947754
0.97008
0.992043
0.712971
0.983196
0.620069
0.174576
0.722187
0.744755
0.752778
0.891754
0.597438
0.944384
0.970832
0.411603
0.464502
0.634489
0.613929
0.932339
0.0762762
0.890193
0.510894
0.612742
0.687206
0.625773
0.947359
0.70767
0.640709
0.693332
0.912184
0.936743
0.918789
0.684869
0.44062
0.293713
0.340102
0.502918
0.825002
0.602553
0.490995
0.629906
0.42537
0.825768
0.981835
0.809297
0.816757
0.310137
0.791538
0.980318
0.962607
0.999251
0.57221
0.935799
-0.0335866
0.928668
-0.0914735
0.786997
0.844689
0.964088
0.21971
0.849667
0.209165
0.952664
0.679373
0.800861
0.880159
0.42421
0.87512
0.825934
0.491289
0.838709
0.994985
0.510615
0.715797
0.878464
0.720138
0.0585115
0.90669
0.709878
0.63661
0.809107
0.914187
0.750734
0.819254
-0.104376
0.886243
0.60611
0.328932
0.968991
0.932418
0.998782
0.77563
0.990119
0.460376
0.818735
0.276455
-0.350685
0.714138
0.583394
0.849062
0.383714
0.530935
-0.0170284
0.409578
0.858837
0.964917
0.952148
0.88707
0.812082
0.512566
0.783138
0.995091
0.975251
0.967473
0.948548
0.350059
0.29829
0.59292
0.9809
0.825982
0.970102
0.7035
0.95978
0.850168
-0.0620207
0.996246
0.695335
0.42359
0.86089
0.955371
0.996385
0.80433
0.505783
0.579576
0.78442
-0.587586
0.979102
0.838741
0.994241
0.829564
0.746503
0.183927
0.0262773
0.672791
0.910384
0.847527
0.317146
0.62682
0.918706
0.803661
0.904172
0.919879
0.615676
0.878671
0.0865579
0.70637
0.532531
0.42639
0.967682
0.308438
0.905974
0.997755
0.998747
0.96297
0.646286
0.940639
0.60141
0.746399
0.855962
0.560487
0.736929
0.934468
0.97039
0.998221
0.774257
0.129654
-0.385045
0.504781
0.732151
0.994037
0.822808
0.946617
0.520145
0.961183
0.956562
0.644183
0.358843
-0.038552
0.957268
0.821253
0.976775
0.566581
0.744028
0.89726
-0.296748
0.944428
0.926559
0.969991
0.899006
0.755334
0.994951
0.83808
0.839702
0.709693
0.900142
0.50498
0.650176
0.84364
0.852578
0.428045
0.975271
0.907399
0.913834
0.765044
0.938541
0.961418
0.804013
0.522787
0.999717
0.85874
0.661124
0.617787
0.941908
0.996629
0.811869
0.903384
0.632079
0.100585
0.356856
0.994844
0.958721
0.75693
0.975918
0.862443
0.981131
0.764378
0.851269
0.236165
0.965358
0.869948
0.513461
0.953949
0.720236
0.764385
0.873955
0.630865
0.791026
0.78344
0.990411
0.736881
0.380872
0.787108
0.964888
0.893127
0.821267
0.954801
0.811093
0.861411
0.981583
0.823111
0.820135
0.8676
0.90575
0.491702
0.77653
0.991166
0.959964
0.911523
0.544651
0.902607
0.81664
0.812852
0.971872
0.95628
0.857219
0.139799
0.990579
0.965687
0.449683
0.443621
0.515926
0.440529
0.989558
0.725235
0.70912
0.79233
0.872325
0.624968
0.835517
0.38262
0.958507
0.921843
0.998295
0.464387
0.775186
0.977827
0.946271
0.757479
0.903311
0.930851
0.468642
0.986227
0.83404
0.863863
0.876421
0.618283
0.750949
0.742119
0.504958
0.69174
0.834274
0.756198
0.109357
0.877563
0.818382
0.820163
0.692062
0.153878
0.0612518
0.996989
0.877939
0.326097
0.486991
0.905177
0.712053
0.827773
0.267285
0.797803
0.886914
0.913325
0.980385
0.94877
0.974727
0.632153
0.87273
0.678013
0.0402708
0.94542
0.987107
0.813993
0.874716
0.887623
0.931641
0.933218
0.680025
0.856205
0.909086
0.805996
0.824217
0.944984
0.775312
-0.103448
0.285868
0.947604
0.979411
0.796859
0.955793
0.410732
0.669094
0.853046
0.35038
0.156494
0.920516
0.539134
0.322885
0.397718
0.212029
0.975171
0.562905
0.746903
0.227751
0.923513
0.761258
0.673414
0.653365
0.790679
0.939207
0.790797
0.660733
0.847322
0.864646
0.759085
0.93147
0.861219
0.831112
0.835247
0.938844
0.920206
0.370346
0.580082
0.833241
0.905861
0.829533
0.424762
-0.665865
0.980606
0.963084
0.948884
0.904217
0.913099
0.99867
0.991929
0.44858
0.877538
0.706819
0.925581
0.839807
0.655104
0.609689
0.704933
0.631053
-0.0908482
-0.165001
-0.313695
0.954957
0.340597
0.474895
0.702415
0.927498
0.795372
0.332237
0.825851
0.220467
0.987363
0.955861
0.857628
0.801321
0.937275
0.65589
0.791845
0.515826
0.983792
0.20126
0.964347
0.869295
0.912534
0.41814
0.382633
0.830543
0.774102
0.935908
0.995639
0.950134
0.967755
0.37828
0.95055
0.468218
-0.138935
0.598398
0.984866
0.939245
0.965071
0.832978
0.288456
0.916768
0.809267
-0.161262
0.82095
0.998182
0.715292
0.972785
0.794773
0.671451
0.65483
0.872195
0.733729
0.600826
0.856623
0.969735
0.9848
0.536475
0.98539
0.660466
0.650544
0.605191
0.996006
0.207307
0.215686
0.21502
0.842354
0.75427
0.998987
0.86645
0.812924
0.79611
0.936555
0.97336
0.331468
0.954771
0.772566
0.952267
0.0919625
0.389749
0.971887
0.925526
0.570873
0.857935
-0.0587515
0.837821
0.958595
0.99513
0.648727
0.764282
0.808655
0.964374
0.979052
0.754198
0.670839
0.969416
0.564709
0.955228
0.853648
0.8504
0.797914
0.778831
-0.167779
0.961355
0.71754
0.547543
0.730666
-0.0483342
0.747936
0.665481
0.80887
0.918121
0.937252
0.505117
0.745367
0.851603
0.982363
0.362169
0.722446
0.598541
0.829122
0.95566
0.750115
0.811504
0.850822
0.564782
0.412136
-0.154936
0.887249
0.975572
0.482144
0.699595
0.909328
0.658752
0.967509
0.827521
0.918025
0.811963
0.794588
0.515502
0.798376
0.748516
0.682605
0.981877
0.866688
0.831237
0.0349771
0.894006
0.866015
0.83313
0.816213
0.973612
0.902856
0.0992197
0.728097
0.910836
0.951433
0.188633
0.897829
0.631809
0.953749
0.680079
0.223418
0.741169
0.709913
0.995345
0.90343
0.835449
0.817862
0.267276
0.840778
0.459513
0.875724
0.740496
-0.133741
0.209838
0.658022
0.646542
0.179192
0.728639
0.515926
0.947504
0.575151
0.827148
0.935876
0.68541
0.742004
0.929784
0.691902
0.112661
0.839028
0.966526
0.920996
0.946769
0.979877
0.65078
0.773384
-0.197673
0.998394
0.817448
0.922048
0.381737
0.454334
0.779209
0.805185
0.874562
-0.272956
0.810873
0.953999
0.916708
0.886121
0.932672
0.324357
0.981756
0.885205
0.660767
0.580589
0.960232
0.990755
0.294697
0.971609
0.810542
0.623858
-0.0374166
0.999893
0.815345
0.793486
0.998463
0.664061
0.910196
0.972562
0.930859
0.42134
0.726072
0.832378
0.738571
0.685898
0.935186
0.995852
0.928309
0.642707
0.425459
0.959633
0.801324
0.8996
0.487356
0.911512
0.222339
0.675318
0.375945
0.836317
0.99494
0.763662
0.92519
0.878004
0.473056
0.471984
0.989744
0.98963
0.626921
0.94659
0.646868
0.191609
0.861566
0.772064
0.607315
0.880802
-0.00868928
0.197166
0.991781
0.828217
0.986057
0.952124
0.549707
0.442879
0.922741
0.522303
0.989496
0.956466
0.775285
0.931
0.683449
0.964232
0.776236
0.5403
0.777265
0.953149
0.670066
0.925248
-0.361117
0.195055
-0.417345
0.963232
0.865406
0.838976
0.916476
0.876249
0.798548
0.824432
0.793794
0.697231
0.69922
0.870169
0.960598
0.902465
0.864289
0.889233
0.961295
0.970062
0.603601
0.869965
0.898145
-0.276785
0.950542
0.936624
0.71501
0.584929
0.795339
