1
1
0.99997
1
1
0.999997
0.985274
1
1
0.999912
1
0.999991
0.999996
1
0.999998
0.999871
1
1
1
0.999611
1
1
1
0.999995
1
0.999999
1
0.999998
1
0.999991
1
1
0.999978
0.999997
0.999999
0.999997
1
1
0.999999
0.999997
0.999991
0.999999
0.999999
1
0.999999
1
0.999037
1
0.99999
1
0.999995
0.999998
0.999996
1
1
1
1
0.999997
1
1
1
1
0.999999
0.99999
1
1
0.999999
1
0.999971
0.999996
1
0.999999
1
0.999996
0.999981
0.702464
0.526611
0.289369
0.405363
0.672229
0.360061
0.431794
0.945855
0.87567
0.71513
0.800177
0.882985
0.899059
0.586046
0.999673
0.847753
0.895909
0.681021
0.156955
0.380147
0.808633
0.759916
0.734832
0.330899
0.934175
0.675745
-0.282908
0.869377
0.309815
0.187354
0.319484
0.906889
0.36062
0.698199
0.418357
0.792311
0.847051
0.983161
0.676228
0.992464
0.885579
0.988847
0.769877
0.993678
0.839081
0.843922
0.837613
0.723942
0.825705
0.59269
0.657377
0.409938
0.54401
0.6568
0.8861
0.99578
0.733776
0.214952
0.963237
0.169856
0.982249
0.954485
0.956269
0.796076
0.765784
0.895846
0.541268
0.824509
0.454868
0.820015
0.773388
0.979459
0.951718
0.90534
0.696879
0.823149
0.819087
0.947166
0.914638
0.632937
0.77605
0.952433
0.848203
0.462058
0.981006
0.577671
0.681349
0.986094
0.920744
0.691561
0.607706
0.934823
0.250499
0.939442
-0.0892038
0.278723
0.671842
0.473062
-0.0304892
0.969137
0.848853
0.488683
0.632909
0.266108
0.632586
0.915476
0.72715
0.222649
0.770818
0.781166
0.687258
0.891223
0.0855982
0.738836
-0.220279
0.739489
0.789789
0.736373
0.305118
0.88243
0.391864
0.869195
0.275957
0.539577
-0.320225
0.966484
-0.357137
0.415725
0.445931
0.162877
0.809652
0.443869
0.726459
0.468075
0.956049
0.277448
0.784891
0.707831
0.952338
0.890726
0.903158
0.994832
0.864894
0.991295
0.730524
-0.112246
0.966968
-0.220561
0.846505
0.854571
0.906573
0.590435
-0.535697
0.800954
0.959496
0.752225
0.916924
0.727638
0.859443
0.888731
0.903204
0.937753
0.710208
0.967608
0.990687
0.523839
0.918069
0.936603
0.353961
0.784106
0.603703
0.652733
0.469448
0.745688
0.491289
0.513423
0.742905
0.240984
0.84286
0.746477
0.9066
0.868037
0.603121
0.647142
0.862734
0.898686
0.709833
0.711989
-0.141266
0.87936
0.421229
-0.511153
0.974475
0.277185
-0.106081
0.375639
0.856553
0.631575
0.93395
0.803579
0.766237
0.785794
0.880423
0.0217176
0.981912
0.708402
0.951876
0.558463
0.185689
0.697424
0.950942
-0.235595
0.443714
0.288897
0.312067
-0.0657644
-0.269635
0.995501
0.604618
-0.231561
0.669725
0.800547
0.795609
0.970879
0.832617
0.651892
0.898847
0.692168
0.996289
0.860733
0.956048
0.765693
0.932446
0.506115
0.427973
0.944918
0.987419
0.445944
0.918139
0.966328
0.986601
0.924777
0.949533
0.930037
0.95754
0.974965
0.861696
0.935546
0.563037
0.989633
0.883444
0.963194
0.271785
0.221213
0.998581
0.975301
0.711472
0.229494
0.861787
0.95718
0.590869
0.728146
0.962033
0.877346
-0.0191347
0.671074
0.990672
0.960309
0.381507
0.919107
0.999576
0.92853
0.790437
0.965598
0.533363
-0.178378
0.735667
0.971357
0.462173
0.657802
0.530683
0.61521
0.845792
0.918663
0.646564
0.80103
0.923998
0.942311
0.849247
0.964278
0.611774
0.942544
0.511689
0.996745
0.999971
0.603633
0.812524
0.892802
0.799254
0.991431
0.373851
0.40641
0.375566
0.991936
0.498955
-0.132262
0.797178
0.986965
0.897691
0.67585
0.478457
0.825756
0.988419
0.924904
0.773976
0.815278
0.896657
0.734928
0.946496
0.738572
0.233855
0.996493
0.654856
0.872392
0.97227
0.353553
0.902155
0.627163
0.695074
0.989899
0.896619
0.594607
0.872783
0.92019
0.311433
0.883332
0.602534
0.634692
0.871163
0.738888
0.969085
0.968681
0.669067
0.533866
0.965416
0.824936
0.975103
0.918863
0.836396
0.97783
0.2071
0.631339
0.753777
0.911642
0.827224
0.748206
0.943216
0.972904
0.6075
0.775504
0.948264
0.672197
0.878083
0.939302
0.739457
0.755538
0.406243
0.386055
0.838078
0.725386
0.981585
0.838565
0.956026
0.516477
0.72019
0.946906
0.978008
0.505134
-0.0303239
0.902431
0.166462
0.299945
0.965638
0.918452
0.80955
-0.23323
0.742509
0.824046
-0.0370965
0.977453
0.969634
0.932046
0.253542
0.628482
0.270956
0.681191
0.85969
0.875174
0.806453
0.551716
0.566241
0.471444
0.914252
0.879764
0.852871
0.998811
0.830366
0.718651
0.808167
0.912419
0.373317
0.868566
0.854255
0.986911
0.999882
0.588967
0.418835
0.770534
0.84552
0.991121
0.815655
0.862286
0.156356
0.868704
0.790434
0.839366
0.984293
0.932376
0.973146
0.584205
0.81921
0.760877
0.885623
0.956347
0.835167
0.842044
0.965712
0.97037
0.474934
0.854739
0.923138
0.937809
0.796121
0.559387
0.949937
0.801879
0.842949
0.727287
0.955338
0.523889
0.894176
0.885076
0.940626
0.868483
0.886736
0.551067
0.999243
0.754159
0.939487
0.979107
0.945162
0.878318
0.815753
0.434058
0.199228
0.882016
0.825321
0.997244
0.506429
-0.365963
0.950558
0.904153
0.472562
0.554364
0.872522
0.865289
0.77586
0.893717
0.900934
-0.233321
0.934566
0.942739
0.566836
0.89466
0.951098
0.968575
0.995154
0.785729
0.350604
0.728846
0.993299
0.951617
0.919679
0.84795
0.610103
0.564363
0.948489
0.397813
0.857532
0.799209
0.372161
0.807235
0.388676
0.703361
0.812326
0.82931
0.64844
0.701013
0.877354
0.626541
0.21891
0.991405
0.961763
0.717342
0.691056
0.451003
0.269004
0.938498
0.96748
0.775752
0.865209
0.96391
0.638249
0.548835
0.614948
0.988178
0.5548
0.686792
0.916815
0.552854
0.933837
0.511664
0.999715
0.237896
0.956677
0.821482
0.321463
0.864035
0.605643
0.658482
0.801643
0.369034
0.532602
0.941711
0.95781
0.163044
0.79758
0.978565
0.992256
0.914766
0.504956
0.60763
0.429589
0.999798
0.708854
0.495312
0.983659
0.883529
0.965436
0.838243
0.755408
0.885532
0.939114
0.623664
0.858671
0.969287
0.827862
0.432228
0.329706
0.894732
0.989401
0.563496
0.518684
0.518217
0.731889
0.904253
0.929542
0.974669
0.978102
0.659747
0.773584
0.368444
0.922512
0.893
0.513712
0.928765
0.79713
0.817054
0.922198
0.923136
0.505594
0.968752
0.606644
0.998037
0.904351
0.794798
0.505187
0.95526
0.923769
0.482898
0.814528
0.998451
0.840989
0.653472
0.944184
0.793344
0.81855
0.969052
0.983715
0.981632
0.977529
0.727634
0.595449
0.899179
0.260587
0.0447992
0.936554
0.920636
0.735766
0.719569
0.945489
0.645957
0.400476
0.785675
0.717768
0.971503
0.724628
0.740863
0.646492
0.691793
0.782827
0.421853
0.360893
0.663291
0.703018
0.965815
0.208925
0.965249
0.989592
0.718637
0.972078
0.869012
0.898306
0.834671
0.548654
0.905778
0.808663
0.56889
0.331973
0.975124
-0.275934
0.991114
0.85527
0.938648
0.993346
0.802163
0.842086
0.803529
-0.0477492
0.886876
0.775352
0.514547
0.608983
0.996362
-0.326921
0.656748
0.564883
0.914715
0.570817
0.999158
0.905429
0.565704
0.89885
0.697922
0.0485756
0.732427
-0.178505
0.635115
0.740119
0.607604
0.912092
0.91023
0.636795
0.983663
0.959463
0.422866
0.949868
0.863872
0.760616
0.557872
-0.223805
0.744597
0.986708
0.280181
0.70392
0.867947
-0.153632
0.944662
0.706381
0.969904
-0.568113
0.661294
0.909758
0.999796
0.912946
0.421966
0.538872
0.32499
0.615
0.592835
0.903434
0.510135
-0.497158
0.861773
0.781437
0.864987
-0.472067
0.783282
0.872466
0.682519
0.995586
0.427469
0.110097
0.908651
0.978299
0.995262
0.934725
0.702305
0.857477
0.866855
0.954711
0.291953
0.913577
0.837851
0.848037
0.919803
0.896742
0.624488
0.583789
0.773018
0.666971
0.949667
0.864506
0.883689
0.869424
0.0415257
0.935703
0.637628
0.900955
0.902058
0.801985
0.894073
0.957261
0.87892
0.199579
0.513195
0.898315
0.899164
0.90583
0.574855
0.845887
0.921285
0.801592
0.472854
0.987894
0.91091
0.459155
0.992528
0.714407
0.901205
0.91561
0.989813
0.933223
0.73648
0.93303
0.841552
0.655495
0.868488
0.544173
0.980885
0.213002
0.965063
0.675165
0.36659
0.91413
0.459064
0.961367
0.344035
0.837971
0.880274
0.587421
0.170384
0.479935
0.635918
0.287456
0.612618
0.826104
0.962556
0.502055
0.337343
0.780771
0.888352
0.936507
0.923272
0.861505
0.967654
-0.135033
0.997327
0.968234
0.811088
0.913545
0.19129
0.803668
0.532156
0.76898
0.612334
0.693751
0.907453
0.882245
0.90152
0.660898
0.839793
0.619674
-0.0285948
-0.127094
0.836887
0.673441
0.985102
0.761363
0.816954
0.835635
0.969481
0.899098
0.326467
0.998399
0.526663
0.922524
0.777388
0.752909
0.971539
0.776766
0.962953
0.266705
0.383453
0.929771
0.884901
0.634758
0.681026
0.720257
0.822352
0.779916
0.140049
0.164554
0.00426235
0.961853
0.930411
-0.0387407
0.957039
0.805516
0.151304
0.813605
0.415613
0.653459
0.343537
0.928358
0.905808
0.700097
0.834042
0.939581
0.432667
0.477577
0.48504
0.952314
0.740341
0.891752
7.4245e-05
0.967672
0.869313
0.935984
0.935502
-0.0415662
0.381244
0.29666
0.806509
0.79748
0.867377
0.917841
0.817519
0.752159
0.338185
0.588859
0.393558
0.711132
0.842777
0.949132
0.734366
0.788955
0.988438
0.987714
0.903659
0.815293
0.91571
0.36695
0.97261
0.997916
0.993208
0.643603
0.611366
0.910683
0.847433
0.626395
0.756391
0.28783
0.653643
0.8939
0.888934
0.901527
0.354989
0.992738
0.949483
0.798338
0.293358
-0.00180781
0.588835
0.689575
0.88471
0.999942
0.530408
0.753048
0.905905
0.830752
0.650561
0.727606
0.69998
0.696694
0.934672
0.656143
0.828723
0.904899
0.0683175
0.965342
0.644864
-0.132706
0.918475
0.14355
0.898403
0.634299
0.139501
0.894094
0.964454
0.744722
0.834752
0.602875
0.855393
0.54793
0.447696
0.772961
0.992597
0.932057
0.739796
0.913907
0.794916
0.880081
0.983692
-0.305451
0.761041
0.706943
0.815355
0.657475
0.546737
0.978426
0.948598
0.973821
0.809073
0.928505
0.865724
-0.579828
0.866353
0.688781
0.956926
0.984949
0.986877
0.705911
0.892799
0.691536
0.445824
0.892444
0.869057
0.919852
0.953814
0.707278
0.58614
0.736606
0.524159
0.528057
0.312697
0.745773
0.957591
-0.103221
0.939026
0.910921
0.922892
0.909368
0.468031
0.64775
0.794138
0.23478
0.20282
0.807093
0.988328
0.976162
0.889531
-0.449855
0.999995
0.947466
0.979227
0.935688
0.621017
0.663977
0.878132
0.914137
0.317037
0.705204
0.116245
0.85889
0.920694
0.40139
0.909622
0.635901
0.826263
0.92612
0.426862
0.141921
0.62161
-0.508308
0.880302
0.732029
0.905039
0.842708
0.556617
0.889084
0.667623
0.962383
0.107025
0.714168
-0.0331065
0.701354
0.758906
0.564451
0.953828
0.936542
0.733425
0.924067
0.348315
-0.0657509
0.778434
0.965476
0.87174
0.74482
0.906663
0.966658
0.731631
0.979662
0.856715
0.652546
0.379725
0.611733
0.618402
0.578234
0.826486
0.918733
0.684201
0.808521
0.911217
0.956005
0.469422
0.954059
0.985869
0.892389
0.959759
0.865861
0.456734
0.978698
0.444148
0.88545
0.959084
0.130417
0.712953
0.901602
0.998329
0.904222
0.873924
0.98403
0.875983
0.882939
0.856314
0.771799
0.955099
0.966043
0.509902
0.221036
0.681173
0.958733
0.94471
0.938183
0.556029
0.967668
0.929303
0.679164
0.951697
0.66723
0.932642
0.667168
0.509232
0.825003
0.315042
0.905472
0.38138
0.972141
0.843079
0.735371
0.908991
0.665677
0.971306
0.273195
0.855319
0.816538
0.921972
0.850169
0.240335
0.910799
0.989164
0.499238
0.923567
0.975357
0.655196
0.261291
0.705563
0.464596
0.66782
0.669743
-0.0893007
0.580793
0.564045
0.920332
0.971516
0.617471
0.672197
0.913465
0.494706
0.43773
0.987985
0.95527
0.223053
0.897892
0.767384
0.426256
0.862237
0.100975
0.92303
0.905648
0.581745
0.755284
0.863334
0.957789
0.795088
0.265175
0.211495
0.965618
0.832661
0.192061
0.869034
0.90639
0.885115
0.859196
0.696848
0.886732
0.898333
0.947929
0.67285
0.988815
0.937407
0.260884
0.854221
0.25247
0.964995
0.950587
0.987024
0.645203
0.830835
0.972488
0.61865
0.943345
0.665846
0.68212
0.573275
-0.00724377
0.746776
0.933199
0.974133
0.930245
0.9128
0.877476
0.575302
0.55522
0.694944
0.912076
0.974925
0.811699
0.141562
0.778319
0.699149
0.933479
0.992247
0.841249
0.737749
0.965988
0.877015
0.676369
0.998305
0.730825
0.549395
0.544939
0.861169
0.891149
0.752236
0.829321
0.865185
0.998514
0.6778
0.458695
0.99832
0.715504
0.907829
0.516962
0.929683
0.21343
0.322577
0.909215
0.997327
0.799727
0.882561
0.979762
0.916367
0.972255
0.593559
0.986706
0.7949
0.948141
0.761888
0.911766
0.959869
0.942458
0.920582
0.892629
0.345466
0.587284
0.785954
0.8807
0.874053
0.734592
0.920065
0.500712
0.619291
0.817752
0.557981
0.86201
0.944291
0.926784
0.973349
0.924836
0.165705
0.727939
0.821482
0.900237
0.84183
0.800047
0.851614
0.963694
0.870151
0.997068
0.964851
0.875608
0.69637
-0.123395
0.841298
0.630977
-0.0777733
0.707414
0.142289
0.680892
0.800213
0.891634
0.874009
0.776455
0.947785
0.253256
0.672374
0.145675
0.88583
-0.322547
0.514047
0.923393
0.949125
0.884013
0.869728
0.551435
0.363124
0.991986
0.95723
0.734711
0.846149
0.888219
0.831335
0.7754
0.739801
0.22754
0.876859
0.733265
0.959204
0.713911
0.841056
0.750603
0.921384
0.998089
0.972339
0.678181
-0.442364
0.693931
-0.0792299
0.0234299
0.143509
0.844645
0.624826
0.966051
0.730026
0.844149
0.979822
0.412893
0.738864
0.853005
0.782812
0.871473
0.99964
0.691093
-0.00740257
0.957489
0.901782
0.997219
0.345542
-0.268704
0.962365
0.832114
0.769232
0.986875
0.789257
0.954181
0.682943
0.490257
0.681528
0.372745
0.604859
0.599056
0.659491
0.759865
0.943949
0.59805
0.939058
0.661003
0.83608
0.992445
0.477295
0.984195
0.970675
0.9704
-0.187788
-0.194557
0.79914
0.96305
0.93954
0.108654
0.935923
0.935269
0.607686
0.437861
0.921069
0.652943
0.541111
0.734099
0.72689
0.996567
0.869572
0.936827
0.183872
0.862427
0.992235
0.348936
0.839858
0.332398
0.219821
0.735024
0.610444
0.447181
0.917377
0.930387
0.665834
0.545276
0.903115
0.288703
0.689433
0.146532
0.675246
0.990987
0.791106
0.69846
0.907232
0.797788
0.921469
0.863704
0.797491
0.969643
0.0563367
0.783936
0.893983
0.635655
-0.120881
0.900777
0.886025
0.963137
0.980049
0.815372
-0.0824196
0.862554
0.941849
0.838476
0.244391
0.869477
0.871336
0.942874
0.788775
0.819973
0.980344
0.15845
-0.39542
0.929322
0.739047
0.70108
0.931446
0.772007
0.788804
0.639021
0.995856
0.752523
0.932062
0.898913
0.737609
0.95851
0.271549
0.654569
0.8341
0.886178
0.361316
0.7276
0.668829
0.934411
0.966869
0.953307
0.854705
0.831179
0.979279
0.99146
0.343918
0.950645
0.970161
0.318634
-0.204556
0.826388
0.627349
0.950917
0.954597
0.89557
0.514675
0.787874
-0.325723
0.761286
0.134371
0.797224
0.8955
0.839993
0.716466
0.933861
0.91849
0.884765
-0.0319597
0.770004
0.871304
0.820765
0.898178
0.967312
0.985322
0.896328
0.96003
0.911373
0.821935
0.187832
0.854994
0.645088
0.86679
0.573447
0.244761
0.592111
0.97527
0.560804
0.505354
0.89442
0.0276777
0.560418
0.71557
0.9347
0.742644
0.741485
0.994176
0.931611
0.961626
0.87698
0.962739
0.994126
0.332759
0.62415
0.998952
0.798965
0.741448
0.89044
0.814546
0.707881
0.852676
0.683736
0.966343
0.98361
0.287919
0.515608
0.2652
0.894723
0.662873
0.864133
0.967708
0.884336
0.18407
0.997273
0.662971
0.578385
0.991115
0.851053
0.717949
0.891745
0.995807
0.710202
0.884585
0.949938
0.227021
0.915333
0.956843
0.67291
0.683805
0.831467
0.953846
0.974287
0.891937
0.960901
0.889128
0.95343
0.823146
0.961152
0.79357
0.910384
0.996874
0.847676
0.843417
0.750716
0.985131
0.951391
0.695889
-0.373987
0.795221
0.778707
0.752939
0.38159
0.310472
0.940494
0.976922
0.898785
0.956543
0.890612
0.987046
0.771417
0.270526
0.14293
0.952048
0.614713
0.844596
0.446171
-0.0171145
0.865483
0.620809
0.643466
0.904846
0.81008
0.918938
0.321106
0.641786
-0.340024
0.847556
0.913486
0.943314
0.887096
0.825352
0.827856
0.211069
0.600691
0.700639
0.54382
0.921438
0.3435
0.844193
0.828051
0.981621
0.167383
0.983907
0.69559
0.969187
0.900572
0.361589
0.632809
0.810622
0.916156
-0.236187
0.0213677
0.413714
0.621584
0.730218
0.34202
0.877626
0.779761
0.651406
0.868899
0.586803
0.331741
0.925491
0.878649
0.896535
0.028874
0.761248
0.651448
0.897574
0.764375
0.939602
0.902421
0.896951
0.667533
0.954626
0.821282
0.818066
0.974604
0.891258
0.94273
0.905079
0.904448
0.811459
0.671372
0.674055
0.837354
0.180236
0.964153
0.809054
0.867019
0.382189
0.959399
0.514866
0.858285
0.672502
0.689056
0.944512
0.786048
0.76243
0.9754
0.604391
0.940401
0.933284
0.336853
0.613584
0.952051
0.736361
0.324971
0.821196
0.522278
0.925274
0.342561
0.4967
0.998252
0.954477
0.744248
0.921555
0.974043
0.822494
0.987698
0.460852
0.817847
0.406208
0.682035
0.662189
0.786849
0.88729
0.95604
0.274089
0.905997
0.79919
0.908144
0.610949
0.451947
0.466019
0.942016
0.638614
0.756605
0.684913
0.929116
-0.430562
0.517712
0.599475
0.837054
0.510814
0.985672
0.979668
0.265748
0.999386
-0.395813
0.489984
0.545219
0.969696
0.983429
0.928015
0.819477
0.950978
0.82023
0.142922
0.706349
0.981558
0.84751
0.492845
0.996399
0.794882
0.853699
0.930393
0.987664
0.628335
0.945066
0.795403
0.935264
0.503326
0.811714
0.225649
0.823101
0.798321
-0.307054
0.77483
0.976895
-0.138908
0.923985
0.469491
0.333864
0.847978
0.97902
0.893388
0.391469
-0.265556
0.807452
0.561983
0.990487
0.821836
0.66962
0.985839
0.196985
0.679038
0.9167
0.762054
0.982879
0.732539
0.724161
0.963245
0.0897036
0.84499
0.955082
0.818572
0.850374
0.960859
0.456098
0.974283
0.788529
-0.102361
0.476246
0.921879
0.0851681
0.943247
0.870846
0.751058
0.755417
0.7454
0.822172
0.800978
0.89714
0.867675
0.345036
0.123264
0.676014
0.535238
0.790692
0.560258
0.963346
0.8815
0.210012
0.804798
0.944983
0.991755
0.889544
0.706789
0.98447
0.602223
0.607473
0.849067
0.989483
0.698744
0.963573
0.766192
0.869001
0.279825
0.961024
0.260006
0.103356
0.86287
0.893688
0.72252
0.979887
0.752509
0.794436
0.998964
0.758143
0.787398
0.617474
0.632763
0.414496
0.941037
0.446656
-0.382818
0.960754
0.902943
0.790022
0.983324
0.230107
0.704041
0.894361
0.987312
0.674568
0.927745
0.579523
0.621215
0.886021
0.67509
0.997265
0.702054
0.864189
0.694036
-0.291846
0.964489
0.939858
0.759067
0.763559
0.944775
0.965032
0.856872
0.584944
0.701894
0.938601
0.906012
0.663239
0.775664
0.62339
0.918753
0.823934
0.931176
0.796764
0.770005
0.946171
0.969221
-0.336231
0.903543
0.81836
0.647625
0.766015
0.922096
0.993125
0.86611
0.908416
0.897373
0.558269
0.832374
0.907554
0.988299
0.837803
0.290337
0.48334
0.777108
0.493239
0.904925
0.933104
0.942908
0.895465
-0.086551
0.895676
0.90519
0.887091
0.830923
0.545589
0.922471
0.983654
0.743412
0.288633
0.657973
0.7524
0.783699
0.65243
0.8755
0.231324
0.720769
0.671668
0.798824
0.969768
0.932818
0.740884
0.577664
0.558284
0.765938
0.437686
0.691949
0.649764
0.496773
0.425097
0.640453
0.879069
0.992184
0.873384
0.941249
0.879272
0.759717
0.774371
-0.0605746
0.613793
0.445874
0.227899
0.868368
0.302017
0.799407
0.958475
0.981275
0.722848
0.0826791
0.859083
0.890359
0.865483
0.561425
0.97784
0.774469
0.79034
0.250026
0.994977
0.964618
0.903968
0.543571
0.839832
0.218729
0.767368
0.72216
0.91212
0.784671
0.453749
0.857748
0.574875
0.137447
0.87491
0.970961
0.770435
0.972123
0.757261
0.840447
0.329907
0.911214
0.88979
0.591383
0.907737
0.688262
0.925925
0.980057
-0.344293
0.200514
0.278358
0.688466
0.55982
0.858905
0.997054
0.925509
0.116298
0.921536
0.821968
0.646744
0.482063
0.915129
0.727439
0.860732
0.422831
0.899544
0.780553
0.743964
0.844048
0.559822
0.620394
0.978871
0.555082
0.164692
0.872679
0.94997
0.366466
0.758097
0.530084
0.487387
0.716186
0.670136
0.996937
0.998089
0.789256
0.78474
0.980503
0.67509
-0.508477
0.24528
0.96333
0.391909
0.689104
0.687567
0.999935
0.912415
0.980105
0.846168
0.876882
0.163967
0.933735
0.471692
0.831669
0.922054
0.993995
0.959898
0.906717
0.723994
0.339871
0.907313
0.990944
0.370577
0.974582
0.663359
0.962181
0.889372
0.739987
0.54521
0.90087
0.731798
0.873101
0.922566
0.0647503
0.891951
0.92996
0.808237
0.638526
0.519539
0.849192
0.928868
0.527224
0.978059
0.868021
0.52195
0.60696
0.987799
0.542298
0.899379
0.409385
0.44774
0.915059
-0.20951
0.853237
0.962125
0.99063
0.669638
0.521
0.944993
0.589414
0.682975
0.944224
0.818458
0.654855
0.845719
0.933678
0.365301
0.935063
0.641734
0.395688
0.631486
0.660774
0.662442
0.834885
-0.11075
0.92333
0.67129
0.656566
0.652771
0.994349
0.74914
0.6691
0.953724
0.6234
0.577886
0.931676
0.617242
0.730692
0.879471
0.909019
0.76212
0.879
0.872244
0.843109
0.388535
0.990953
0.843775
0.444315
0.542667
0.972935
0.00294973
0.983884
0.661099
0.450835
0.677016
0.871751
0.834926
0.985069
0.914524
0.0987722
0.464455
0.970145
0.948457
0.173055
0.79097
0.563545
0.996501
0.926456
0.582018
0.917174
0.519062
0.654467
0.766338
0.948051
0.968682
0.485098
0.685624
0.980653
0.798276
0.901519
0.751115
0.969229
0.95817
0.833069
0.673146
0.703743
-0.473574
0.990662
0.832715
0.95566
0.621554
0.75033
0.989329
0.864224
0.925456
0.746243
0.714393
0.297151
0.48542
0.905169
0.982908
0.390412
0.923878
0.885236
0.836685
-0.151192
0.891301
0.838164
0.981617
0.902302
0.757386
0.802104
0.995016
0.778073
0.596909
0.872057
0.915604
0.992013
0.938439
0.701988
0.852708
0.793857
0.931518
0.975847
0.81853
0.825871
0.991824
0.762195
0.954574
0.990959
0.853475
0.946005
0.957393
0.98132
0.830213
0.879219
0.885416
0.934717
0.656527
0.835332
-0.192679
0.550579
0.881437
0.995231
0.99712
0.965847
0.663254
0.675395
0.785098
0.979172
0.936359
0.973673
0.89522
0.844044
0.839518
0.906359
0.870766
0.358293
0.981689
0.935673
0.925676
0.998795
0.873365
0.305103
0.927842
0.581265
0.864705
0.94927
0.543106
0.880019
0.808614
0.920163
0.946592
0.195819
0.991416
0.851206
0.988732
0.903423
0.996977
0.97835
0.926004
0.78793
0.980379
0.698251
0.843635
0.72764
0.904995
0.788591
0.895672
0.915622
0.951685
0.714046
0.0410444
0.827718
0.957171
0.907721
0.762562
0.759628
0.830472
0.989078
0.950838
0.674914
0.898032
0.999874
-0.476131
0.82739
0.770159
0.233761
0.85679
0.726717
0.956087
0.213197
0.568963
0.691586
0.726544
0.927045
0.913183
0.916425
0.977301
0.9901
0.864266
0.868453
0.923733
0.972279
0.583229
0.729732
0.99009
0.995599
0.279987
0.92103
0.944745
0.949879
0.722542
0.772997
0.987541
0.910682
0.975374
0.492364
0.943074
0.957538
0.953371
0.993868
-0.063288
0.75498
0.66261
0.920089
0.707898
0.735957
0.950028
0.922783
0.867372
0.563835
0.877637
0.820412
0.609514
0.786131
0.84233
0.480435
-0.010875
0.680149
0.71965
0.972204
0.688632
0.430301
0.735003
0.945887
0.949895
0.839608
0.820196
0.815057
0.78484
0.946365
0.88829
0.868029
0.813719
0.852524
0.810252
0.901417
0.806612
0.748179
0.965255
0.973314
0.778653
0.444496
0.916582
0.875031
0.832208
0.776842
0.899377
0.475175
0.955326
0.394526
0.595382
0.994446
0.989107
0.968723
0.993551
0.271507
0.147464
0.778818
0.503581
0.963715
0.966777
0.986716
0.987684
0.285551
0.737187
0.505513
0.825258
0.961734
0.827422
0.817703
0.97227
0.421981
0.955057
0.769804
0.682644
0.916923
0.847538
0.544685
0.810125
0.72934
0.963974
0.994354
0.96993
0.925007
0.700255
0.952124
0.848625
0.683249
0.272586
0.53636
0.803654
0.815643
0.792471
0.818575
0.957875
0.954731
0.781779
0.858951
0.964225
-0.124831
0.458162
0.515932
0.977757
0.592075
0.899939
0.0803953
0.975662
0.884853
0.686987
0.696327
0.89408
0.83541
0.286552
0.806694
0.887383
0.861062
0.99461
0.94434
0.800783
0.947645
0.966487
0.999638
0.422951
0.865112
0.765507
0.932724
0.623672
0.926064
0.944024
0.355675
0.866107
0.775046
0.848248
0.692339
0.975684
0.82386
0.995599
0.841513
0.581883
0.952089
0.422411
0.995187
0.978295
0.341899
0.714858
0.593482
0.894821
0.980137
0.212265
0.964909
0.687467
0.991706
0.333544
0.467664
0.998348
0.667596
0.992147
0.5231
0.8156
0.939966
0.984533
0.94268
0.958118
0.968247
0.806209
0.537693
0.784126
0.735485
0.959381
0.907019
0.876044
0.421108
0.731456
0.884404
0.821332
0.652276
0.804194
0.723331
0.203583
0.545764
0.982475
0.773602
0.892982
-0.0371116
0.983013
0.970818
0.838541
0.848713
0.866475
0.853923
0.746452
0.819469
0.715037
0.684277
0.942866
0.953628
0.878327
0.773239
0.946347
0.924845
0.424969
0.662128
0.508219
0.557017
0.708473
0.960322
0.957438
0.95721
0.880992
0.960523
0.917355
0.836652
0.453873
0.953863
-0.145323
0.0584002
0.669489
0.76496
0.574751
0.808129
0.798275
0.676332
0.743543
0.863826
0.92905
0.95988
0.780843
0.841291
0.99047
0.909824
0.916987
0.842775
0.653342
0.672042
0.889827
0.0542946
0.77275
0.702217
0.922827
0.829979
0.834721
0.86464
0.589844
0.879494
0.953035
0.836222
0.838433
0.858221
0.790553
0.602453
0.912982
0.746314
0.674643
0.863489
0.971457
0.535351
0.94584
0.876559
0.912724
0.941917
-0.222409
0.991719
0.630411
0.826336
0.277459
0.998976
0.882645
0.78583
0.90333
0.686349
0.799855
0.774154
0.607383
0.456328
0.192564
0.942171
0.833212
0.996586
0.00769827
0.952165
0.956861
0.912431
0.754327
0.829072
0.940228
0.937536
0.994332
0.6847
0.967686
0.87537
0.812922
0.707272
0.699976
0.994144
0.619328
0.966853
0.155283
0.819984
0.918229
0.437372
0.96766
0.93777
0.854419
0.936761
-0.144766
0.92124
0.623988
0.808071
0.854019
0.944928
0.806194
0.831794
0.842976
0.863752
0.52965
0.665659
0.849273
0.833626
0.788627
0.694022
0.182691
0.783963
0.85657
0.733778
0.832226
0.964399
0.52708
0.614984
0.868278
0.0840942
0.903126
0.945213
0.667504
0.852443
0.176971
0.994939
0.47755
0.935194
0.969488
0.983468
0.469517
0.776843
0.994579
0.631127
0.696335
0.950166
0.988667
0.891771
0.981717
0.946134
0.989319
0.617244
0.925227
0.891226
0.911129
0.717939
0.61245
0.853742
0.92626
0.861125
0.979014
0.807069
0.855453
0.985295
0.886865
0.855613
0.682184
0.994054
0.959803
0.564952
-0.354076
0.0162098
0.838038
0.474129
0.892738
0.801168
0.993221
0.798126
0.785673
0.554968
0.88884
0.929854
0.937728
0.573528
0.956315
0.55995
0.973921
0.704351
0.975344
0.860945
0.943893
0.893873
0.822612
0.788723
0.903531
0.350669
0.929368
0.940972
0.970982
0.686312
0.991747
0.623089
0.670918
-0.117709
0.975426
0.746228
0.829053
0.938161
0.406334
0.95192
0.959241
0.308126
0.883267
0.770559
0.647771
0.975215
0.967836
0.803659
0.59847
0.991451
0.391053
0.810429
0.781805
0.396011
0.800304
0.912534
0.510959
0.927521
0.432994
0.603571
0.757627
0.848967
0.943406
0.899426
0.999339
0.989385
0.955043
0.879037
0.896735
0.966095
0.858287
0.765582
0.975451
0.948723
0.978603
0.865836
0.686524
0.704879
0.971361
0.116574
0.985924
0.781608
0.715358
0.942305
0.771266
0.790611
-0.145638
0.877554
0.901
0.289535
0.620134
0.894185
0.977912
0.787639
0.535875
0.808112
0.208542
0.997919
0.973317
0.939569
0.676055
0.897965
0.983944
0.995508
0.869597
0.929548
0.948732
0.930546
0.975692
0.822994
0.709677
0.689859
0.746829
0.913885
0.941092
0.824925
0.916271
0.591244
0.982292
0.94473
0.924705
0.996548
0.69394
0.828415
0.97956
0.841437
0.446177
0.663988
0.874408
0.336853
0.888628
0.538925
0.61803
0.465117
0.955956
0.642275
0.899093
0.416916
0.891954
0.996732
0.982722
0.743943
0.293554
0.851865
0.968204
0.390628
0.61037
0.793523
0.898915
0.970119
0.431134
0.700408
0.353277
0.984979
0.422601
0.841069
0.711926
0.543558
0.459058
0.822441
0.886366
-0.237736
0.897129
0.998331
0.380479
0.887083
0.898718
0.74644
0.990951
0.927195
0.91698
0.994234
0.906468
0.513211
0.890077
0.864205
0.571061
0.94453
0.83677
0.588485
0.680294
0.935772
0.526506
0.896847
0.897515
0.923271
0.765862
0.819108
0.707636
0.787737
0.555528
0.81348
0.423911
0.802529
0.25961
0.739713
0.940177
0.954118
0.120317
0.665214
0.574092
0.852642
0.995862
0.880672
0.938821
0.939752
0.91705
0.760442
0.895159
0.864222
0.407992
0.49506
0.621691
0.0495703
0.399931
0.891222
0.86712
0.317956
0.963932
0.839883
0.34776
-0.00256976
0.629779
0.635633
-0.205306
0.891904
0.784309
0.415371
0.920875
0.532128
0.707895
0.685147
0.860894
0.93658
0.72156
0.762444
0.851195
0.552119
0.872573
0.923012
0.924241
0.572453
0.516137
0.973187
0.00716645
0.597208
0.750629
0.887987
0.863953
0.583158
0.749166
0.706018
0.889443
0.986335
0.167065
0.708581
0.909208
0.867138
0.826079
0.709878
0.892567
0.886598
0.1934
0.967408
0.922267
0.771358
0.869115
0.448464
0.638341
0.763197
0.997873
0.863328
0.821707
0.887846
0.982017
0.917193
0.116678
0.34873
0.762254
-0.20229
-0.0404444
0.87734
0.367998
0.414072
0.771412
0.696092
0.942817
0.989291
0.883734
0.980948
0.782429
0.970412
-0.110007
0.815104
0.544757
0.864421
0.926519
0.028848
0.397938
0.823199
0.291917
0.610803
0.67381
0.965876
0.77344
0.39344
0.822708
0.72809
0.404946
0.957691
0.588387
0.893339
0.779556
0.902517
0.652527
0.814006
0.375107
0.78839
0.543766
0.786545
0.644987
0.854925
0.980289
0.592015
0.232453
0.998193
0.512006
0.941793
0.965937
0.933884
0.994161
0.85185
0.585253
0.754583
0.672564
0.815152
0.99001
0.657991
0.765591
0.949788
0.524958
0.559576
0.9108
0.914352
0.896775
0.837433
0.556639
0.729249
-0.0195216
0.584422
0.928515
0.91474
0.895777
0.460485
0.56983
0.139716
0.972896
0.570825
0.796427
0.963213
0.942531
0.506244
0.944036
0.608651
0.614385
0.781666
0.636304
0.211753
0.773074
0.935896
0.996439
0.629417
0.792036
0.632129
0.788312
0.86019
0.274063
0.953117
0.697392
0.987683
0.565044
0.946038
0.305484
0.863473
0.308474
0.99167
0.910401
0.720028
0.984243
0.281057
0.862744
0.881724
0.98143
0.995096
0.790522
0.810565
0.264422
0.457561
0.492007
0.954842
0.398684
0.378403
0.790987
0.940876
0.139925
0.105359
0.829565
0.982378
0.873341
0.880966
0.936997
0.3868
0.949496
0.874906
0.754817
0.917677
0.971509
0.999548
0.855986
0.838114
0.368439
0.773253
0.562108
0.40177
0.995659
0.547567
0.568619
0.83276
0.988258
0.767631
0.820351
0.866647
0.906967
0.611256
0.942333
0.345091
0.671694
0.51536
-0.066612
0.988416
0.145252
0.958878
0.330024
0.848526
0.788894
0.968739
0.840852
0.804117
0.456855
0.67164
0.421277
0.532479
0.97226
0.425096
0.492577
0.432881
0.94018
0.568091
0.872647
0.700748
0.822083
0.878885
0.30969
0.932052
0.8215
0.338906
0.363337
0.953991
0.702209
0.9432
0.804174
0.447918
0.962597
0.73415
0.901346
0.694304
0.813721
0.860467
0.958913
0.901724
0.430013
0.69558
-0.329105
-0.0147946
0.641643
0.84767
0.519453
0.73443
0.957259
0.995773
0.578848
0.8119
0.873002
0.971886
0.681286
0.801626
0.98096
0.95279
0.402912
0.812414
0.930597
0.709012
0.789559
0.403438
0.962692
0.316491
0.912345
0.59294
0.958887
0.248745
0.495379
0.620738
0.939867
0.258423
0.706198
0.53009
0.601407
0.813061
0.855006
0.933134
0.799576
0.983268
0.933485
0.988458
0.10013
-0.130368
0.789713
0.671972
0.497943
0.702203
0.186885
0.379597
0.993692
0.960938
0.624075
0.92663
0.810473
0.985275
0.991766
0.944108
0.943041
-0.659892
0.720198
0.681114
0.467246
0.90795
0.781747
0.935026
0.32762
0.881429
0.946911
0.908718
0.856871
0.387394
0.877345
0.897364
0.909239
0.443204
0.965457
0.89284
0.722298
0.868515
0.836309
0.985885
-0.029944
-0.209273
0.800507
0.816367
0.927519
0.980305
0.955938
0.535996
0.537789
0.804205
0.432158
0.59231
0.809841
0.900328
0.865673
0.869485
0.772957
0.487328
0.984796
-0.613904
-0.353849
0.978429
0.429812
0.607468
0.0915165
-0.337028
0.367109
0.547337
0.983621
0.921533
0.996198
0.974954
0.986338
0.938368
0.318974
0.883045
0.515881
0.710873
0.965902
0.468867
0.754845
0.623379
0.680029
0.470327
0.855931
0.999769
0.964659
0.891055
0.505902
0.79697
0.874855
0.994893
-0.0207915
0.71004
0.994209
0.992587
0.936691
0.692368
0.876791
-0.335787
-0.235747
0.932631
0.546395
0.946625
0.997992
0.68519
0.884519
0.626392
0.633055
0.640861
0.930947
0.907687
0.843195
0.600581
0.756584
0.799777
0.957076
0.7069
0.154198
0.948841
0.674458
0.891069
0.869986
0.795815
0.692445
0.981291
0.770334
0.934787
0.982462
0.930818
0.985304
0.540502
0.709419
0.924299
0.905172
0.466486
0.0860433
0.584328
0.4733
0.954314
0.519913
0.877406
0.38228
0.701317
0.785996
0.955194
0.779119
0.935198
0.955639
0.60119
0.88711
0.700108
0.631267
0.204414
0.724829
0.629887
0.910142
0.962844
0.616455
0.663197
0.926343
0.762103
0.954171
0.55229
0.735162
0.958479
0.502565
0.671252
0.800893
0.92681
0.953264
0.663982
0.749576
0.138258
0.436995
0.649137
0.979001
0.756734
0.932591
0.674754
0.971014
0.664009
0.947363
0.956177
0.620192
0.998108
0.190396
0.568475
0.963161
0.965857
0.964511
0.978402
0.973524
0.910855
0.655098
0.980735
0.994758
0.902162
0.919431
0.752785
0.940607
0.621162
0.439686
0.982202
0.914913
0.99512
0.921656
0.49897
0.986264
0.437044
0.385842
0.974749
0.908989
0.735587
0.417652
0.950063
0.993453
0.50728
0.703716
0.720466
0.53154
0.495832
0.464829
0.416334
0.754742
0.448237
0.0266562
0.716756
0.451211
0.715491
0.816026
0.948991
0.812758
0.954335
0.820254
-0.00517215
0.947386
0.95801
0.932758
0.237526
-0.0214936
-0.0877752
0.845123
0.786219
0.721349
0.960662
0.942017
0.802075
0.981644
0.950334
0.989668
0.901884
0.272243
0.950738
0.784327
0.556801
-0.281006
0.593136
0.927344
0.931832
0.813346
0.636014
0.818217
0.760743
0.736715
0.454926
0.803418
0.748644
0.921324
0.94216
0.826564
0.961418
0.966255
0.598526
0.944012
0.968102
0.692733
0.757706
0.753978
0.0881163
0.857416
0.990177
0.328816
0.877669
-0.0227076
0.863995
0.975214
0.923105
0.319753
0.704745
0.965866
0.65866
-0.122999
0.999926
0.98814
0.639937
0.997472
0.959847
0.620438
0.811
0.937028
0.729882
0.934978
0.955607
0.910844
0.704491
0.292522
-0.471562
0.834102
0.884223
0.963282
0.859944
0.616496
0.874354
0.708103
0.935254
0.973652
0.538024
-0.505059
0.931169
0.677154
0.443636
-0.235025
0.913207
0.506996
0.892803
0.874202
0.884379
0.209796
0.612265
0.802339
0.647467
0.755583
0.348562
0.779161
0.526456
0.261797
0.990611
0.710376
0.144836
0.957283
0.233985
0.732502
0.888231
0.805242
0.912941
0.961143
0.974295
0.246562
0.817299
0.299858
0.372207
0.0476749
0.679354
0.972916
0.59812
0.940511
0.93926
-0.374213
0.517638
0.241723
0.976877
0.583064
0.114626
0.868547
0.817497
0.631857
0.569362
0.817729
0.776344
0.988329
0.889502
0.704025
0.958824
0.747569
0.50508
0.459304
0.993201
0.428865
0.824018
0.608728
0.189005
-0.00714795
0.935034
-0.171555
0.846131
0.70702
0.693129
0.943688
0.692412
0.43778
0.672125
0.822305
0.859043
0.852865
0.57585
0.589097
0.841413
0.605522
0.924261
0.988554
0.0149265
0.982721
0.784763
0.509666
0.949846
0.982441
0.803351
0.905875
0.976032
0.906049
0.745874
0.694166
0.649897
0.803556
0.812695
0.447176
0.838176
0.9583
0.0509028
0.909828
0.844485
0.999535
0.818406
0.929211
0.214617
0.591075
0.923768
0.325994
0.39985
0.840451
0.881839
0.697749
0.979575
0.847681
0.296398
0.848609
0.769913
0.947638
0.906172
0.789012
0.963314
0.646415
0.30512
0.960785
0.546741
0.28309
0.793042
0.181346
0.9679
0.174631
0.640136
0.859734
0.867534
0.302343
0.831028
0.685334
0.996779
0.948148
0.615718
0.811675
0.82124
0.889766
0.302904
0.846392
0.942034
0.834808
0.501685
0.850893
0.189876
0.793039
-0.129136
0.903465
0.993096
0.978531
0.353744
0.994772
0.718311
0.972972
0.932073
0.086925
0.595449
0.958957
0.992921
0.860356
0.915654
0.769721
-0.119543
0.540977
0.760298
0.901421
0.626026
-0.356222
0.49693
0.975062
0.80819
0.280637
0.889601
0.861794
0.377056
0.247376
0.943418
0.309529
0.965813
0.830928
0.933597
0.927711
0.83765
0.900091
0.196134
0.793361
-0.259261
0.87518
0.591575
0.591446
0.919503
0.774242
0.515003
0.730562
0.505116
0.758275
0.944462
-0.0218427
0.796882
0.993951
0.988159
0.983641
0.471546
0.885508
0.567728
0.4655
0.93596
0.966642
0.578209
0.736118
0.697772
0.513579
0.358251
0.903615
0.43091
0.98562
-0.0598896
0.906872
0.666882
0.902985
0.828336
0.800634
0.949593
0.0590323
0.689329
0.654868
0.976904
0.750355
0.830242
0.922637
0.560835
0.850191
0.268875
0.560849
0.943762
0.448706
0.445086
0.674786
-0.354975
0.615522
0.0838136
0.847632
0.934014
0.449925
0.7688
0.431172
0.759242
0.832015
0.306764
0.692871
0.987925
0.233862
0.983396
0.945855
0.808265
0.441884
0.972752
0.803329
0.812877
0.936493
0.99502
0.407478
0.941515
0.792526
0.78946
0.943837
0.75012
0.968644
0.884635
0.716726
0.977842
0.843918
0.906835
0.994422
-0.176512
0.871642
0.925627
0.633906
0.356153
0.782968
0.926425
0.715412
0.972054
0.449366
0.937271
-0.215115
0.987116
0.976579
0.750652
0.139183
0.768364
0.957319
0.918296
0.86181
-0.30667
0.552998
0.744938
0.646145
0.936407
0.530843
0.869165
0.730384
0.886622
0.857248
0.832935
0.996156
0.920914
-0.468054
0.335794
-0.347251
0.975991
