1.33325
1.15872
1.44184
1.56109
1.46083
1.50969
1.53751
1.28519
1.55728
1.47587
0.948366
1.23712
1.17921
1.44295
1.47219
0.943837
1.31041
0.73738
1.47538
1.42193
1.54369
1.44485
1.46703
1.21872
1.53918
1.17084
1.53954
1.5389
1.38982
1.04092
1.30514
1.37795
1.50049
1.40862
1.37795
1.53704
1.08839
1.35489
1.44485
1.55346
0.842097
1.24737
1.10182
1.31928
1.51015
0.874257
1.35439
0.965995
1.07357
1.21559
1.35708
1.54693
1.09382
1.38146
0.704279
1.33204
1.11292
1.35876
1.16843
1.30226
1.15797
1.0721
1.52146
1.37397
1.20137
1.13529
1.04459
1.05058
0.811437
1.33061
1.12517
1.35167
1.51593
1.5302
1.54888
1.02066
1.13348
1.24957
1.11352
1.47347
0.615343
1.4202
1.15852
1.22787
0.79292
1.15562
1.48714
1.47537
1.46178
0.758495
0.875945
1.39447
1.455
1.40741
1.42803
1.42187
1.22847
1.51244
1.41397
1.47531
1.21788
1.16809
1.21488
0.871345
1.33611
1.5251
0.936666
0.966138
1.19238
1.33522
0.839442
1.30334
1.22027
1.3419
0.900655
1.01619
1.56066
1.49009
0.946125
0.96466
1.27554
1.53368
0.927406
1.44282
1.00935
1.22541
1.33309
1.11119
1.54688
1.51553
1.20436
1.51963
1.02678
1.14876
1.19007
1.32926
1.27219
1.12146
0.995666
1.35575
1.36151
0.883753
1.19901
0.694574
1.51883
1.5707
0.951612
1.10705
1.36725
0.950543
1.26688
1.19183
1.39625
1.01666
0.882176
1.02213
1.35626
0.598701
0.663398
1.29469
1.34006
1.2587
1.25387
1.56449
1.15438
1.11942
1.46913
1.49783
1.40537
1.35876
0.934246
0.923042
0.853782
1.19248
1.54699
1.28322
1.44024
1.2512
0.903768
1.42619
1.5115
1.1465
1.23357
1.28475
1.12219
1.33008
1.30486
1.07952
1.45239
0.85787
1.19659
1.13723
1.30574
1.44922
1.24995
0.914292
1.29982
1.45377
1.55242
0.633487
1.33298
1.0719
0.892345
1.26926
1.32668
0.951891
1.48396
1.24494
0.984504
1.42671
0.711259
1.33095
0.670306
1.13817
1.18979
0.71755
1.20679
1.22074
1.26708
1.48715
1.19724
1.1282
0.92686
1.34707
1.00407
1.33404
0.60959
1.55029
1.29637
1.20268
0.597695
0.940082
0.573197
1.27404
1.48059
1.29922
1.38507
1.54272
1.08117
0.920397
1.42426
1.06697
1.3787
0.80031
1.19268
0.994571
1.4689
1.23777
1.3987
1.45752
1.27015
1.5486
1.44451
1.22589
1.23929
0.463941
1.3356
1.0543
1.21159
1.4007
1.48402
1.30865
1.36332
1.02927
1.07509
1.41742
1.26362
0.802461
0.590678
1.32687
1.27098
1.31092
1.2139
1.38597
1.47869
0.764512
1.15666
0.774141
0.689181
0.989837
1.36983
1.30296
1.02456
0.969316
0.92945
1.34047
0.770536
1.26773
1.34174
1.52704
1.22352
1.01352
1.23151
1.26535
1.49806
1.30947
0.835783
1.42082
1.53243
1.46802
1.09479
1.03269
1.38711
0.499959
1.05599
1.12996
1.20856
1.05192
1.24722
1.21645
1.22858
1.41489
1.42165
1.50838
0.735411
1.47309
1.54931
1.24805
1.52939
1.3759
1.17663
1.26528
1.42769
0.783523
1.12089
1.16972
1.31496
1.22855
1.51085
1.47197
1.51639
0.932581
1.26196
1.13556
1.04368
1.24274
1.25127
0.606494
0.987265
1.31987
1.12015
0.409608
1.29916
1.07321
1.00132
1.10781
0.636166
0.726679
1.52738
1.03166
1.28666
1.05624
0.768963
0.606602
1.06745
1.42005
1.29783
1.53676
1.01209
1.53386
1.40147
0.502043
0.84137
1.09209
1.44338
1.54082
1.14348
1.44639
1.54516
1.54794
1.5481
1.37574
1.51348
1.56834
0.254991
1.05374
1.08001
1.20262
1.0318
1.33234
1.295
0.763677
1.11043
1.48396
1.17849
1.36519
1.18646
1.38946
1.43534
1.2695
1.01417
1.22665
1.20904
1.50459
1.26208
1.05404
0.73399
0.704838
1.29216
0.762958
1.31711
0.917862
1.49766
0.985703
1.3949
1.28261
1.03233
1.10657
0.999439
1.23441
1.27382
1.39986
1.04173
1.48757
0.854879
1.24456
0.713754
1.32416
0.957414
1.37109
1.02913
1.41134
0.945073
1.37963
1.45979
1.27526
1.29795
1.53233
1.15285
1.29722
1.06062
0.586943
0.618871
1.23388
1.56915
1.10075
1.48641
0.625935
1.25323
1.52931
1.05078
1.34451
1.45088
1.15412
0.612258
1.20999
0.783327
1.40791
1.03718
1.24718
1.48301
0.953377
1.10617
1.37123
1.07066
1.40717
1.5137
1.38845
0.804523
1.21929
1.0634
1.27704
1.40296
0.623136
0.953542
1.49787
1.22888
1.48588
0.869747
0.929855
1.04683
1.20304
1.48733
0.959884
0.675363
1.5661
0.869794
1.30182
1.15064
1.20264
1.2504
1.4281
0.800287
1.52678
0.712382
1.02107
1.44024
0.717519
1.331
0.685063
0.501102
1.05196
0.954498
1.29795
1.4566
1.04988
1.34143
1.00515
1.52696
1.02324
1.40941
1.51052
1.14777
1.43396
1.19145
1.47078
1.18238
0.938435
1.53343
1.42434
0.870858
1.37598
1.2401
1.35208
1.5363
1.23227
1.44682
1.23487
1.32941
1.56842
1.48873
0.697432
1.50761
1.52164
1.36858
0.93994
1.04035
0.844792
0.997868
1.14783
1.39626
1.11451
1.54382
1.10412
1.17197
0.984316
1.10995
0.964399
0.66966
1.48812
1.11604
1.0189
1.56317
1.29494
1.54467
1.33435
1.50917
0.883175
1.11574
1.51582
1.07994
1.04175
1.48334
1.30239
1.37969
0.950027
1.49547
1.21517
1.02646
1.18929
1.32643
0.723591
0.952132
1.36509
1.35864
1.07086
1.02666
1.16875
1.54058
0.904699
1.50171
0.942994
1.29294
1.55139
1.22939
1.36438
1.16675
1.56384
1.35498
1.52562
1.20797
1.47813
1.46725
1.34735
1.52262
1.32126
1.15594
1.11737
1.48199
1.5374
1.40048
1.29364
1.17214
1.39038
1.32385
1.17993
1.05617
0.925186
1.38066
1.37459
1.56558
0.780733
0.932666
1.47666
1.33845
1.12522
0.591186
1.41308
1.48883
1.22913
1.25862
1.49211
1.24293
1.2713
1.40503
1.3492
1.29856
1.25217
1.55102
1.35489
1.07694
1.04811
1.43901
1.43741
0.59942
1.50042
1.2497
0.740524
1.40053
1.26324
0.788542
1.08768
1.49626
1.33252
1.47035
1.35001
1.23422
1.50936
1.48742
1.5422
1.14623
1.55502
1.20183
1.341
0.944637
1.03054
1.1499
1.4227
0.623034
1.56805
1.46043
1.46151
1.1255
1.22223
1.41681
1.17432
1.56347
1.28456
1.41057
1.2945
1.17654
0.964228
1.30688
1.37291
0.658085
1.23467
0.80887
1.17551
0.874357
1.15285
1.40487
1.41409
0.914177
1.15472
0.932387
1.5163
0.90571
1.53026
1.20146
1.51694
1.21266
1.45381
1.43463
1.00365
0.872379
1.50975
0.869187
1.39819
1.35857
1.42307
1.46828
1.50027
1.55244
1.43539
1.53389
1.22372
1.44461
1.21037
1.06235
1.27786
1.34563
1.12984
1.55
0.896292
1.38474
1.41931
1.2844
1.32246
1.11301
1.31856
0.939407
0.974753
1.37389
1.19413
1.35481
1.19134
1.45371
1.4674
1.3468
1.35676
1.53965
0.683575
0.823788
1.31805
1.55285
1.30711
1.35802
1.27321
1.49438
1.38348
1.4869
1.26209
1.22623
1.17424
1.00479
1.1866
1.228
0.780747
0.62759
0.744356
0.73633
1.39442
0.82959
1.51306
1.31723
1.14443
1.04339
1.20575
1.02478
1.52665
1.4231
1.48187
0.953549
1.25784
0.475685
1.04529
1.38091
1.55583
1.29948
1.45616
1.43204
1.46973
1.45758
1.05366
0.864107
1.12655
1.34801
0.775662
1.34976
1.40449
1.42724
1.27589
1.24068
1.22463
0.785913
1.09745
0.848444
1.36063
1.04593
1.47047
1.38523
1.45739
1.06158
1.11275
1.05465
1.06243
0.784314
1.44055
1.47544
0.981521
1.42467
1.54498
1.45306
1.1676
1.2337
1.54366
1.30849
1.44873
1.18053
1.41668
1.55361
0.563462
1.16964
1.11217
0.897545
0.887728
1.28965
1.08528
1.35277
1.21534
1.27096
0.839551
0.772479
0.981202
1.50426
1.00205
1.40011
1.29369
0.973033
1.0646
1.45629
1.40266
1.37379
1.45409
1.4636
1.16072
1.37304
1.5498
1.33152
1.53692
1.35498
0.899322
1.0175
1.0449
1.55368
1.5702
1.35122
0.957274
0.829314
0.943375
0.936963
1.47722
0.561659
1.49908
0.592831
1.34538
1.45991
1.57006
1.50885
1.24048
1.35826
1.33344
1.14327
0.853622
1.03094
0.481466
0.831925
1.54137
1.50199
0.510936
1.04787
1.21455
0.490371
1.12888
1.33824
1.28839
1.08147
1.0006
1.51908
1.4936
1.01728
0.986092
1.53789
1.2429
1.42615
0.706914
1.50501
1.12793
1.38795
1.15265
1.52403
1.08228
0.921518
1.46378
1.45029
1.20264
1.03202
0.670373
1.41843
1.05229
1.36603
0.969615
1.31698
1.20192
1.52229
0.43381
0.433379
1.51767
1.24287
1.28989
1.31074
0.928679
1.05633
1.02774
1.1975
1.55297
1.52671
1.52604
1.44636
1.13235
1.14582
1.41434
1.36319
1.47157
1.11809
1.52018
0.912201
0.936624
0.865854
1.19357
1.13462
0.968525
1.47323
1.20018
1.3162
1.36771
1.16514
1.47913
0.9507
1.39598
1.37814
1.28423
1.24127
1.30464
0.812987
1.52354
0.869929
1.51787
0.851434
1.30966
1.07183
1.5192
1.52696
1.15625
1.12446
1.50371
1.47862
0.647125
1.05602
0.780859
0.978074
1.37195
1.47378
1.19212
0.614051
0.969482
0.925338
1.06849
0.514718
0.983971
1.00213
1.17549
1.27088
1.02377
1.50367
0.759864
1.28983
1.51547
0.627105
1.40939
1.32126
0.708778
1.18699
1.48707
0.662021
0.928322
1.50498
0.713776
1.30561
1.49639
1.21026
1.14633
0.728329
0.926853
0.56319
1.20585
0.726784
0.55665
1.15858
1.39435
0.953592
1.03801
1.53514
1.41823
1.06374
0.869655
1.14907
1.17227
0.804348
1.53899
1.22872
1.1297
1.23306
1.49939
1.06843
1.53423
1.01489
1.19053
0.617336
1.1671
1.2378
1.28443
0.979585
1.43275
0.305409
0.484335
1.26067
1.39552
0.598299
1.29656
1.45239
0.996255
1.15699
1.13868
0.912355
0.897478
1.20068
1.33189
1.42946
1.22804
0.944479
0.946489
1.08105
1.50337
1.16438
1.5581
0.992489
1.40296
1.18554
1.09078
1.18561
1.56234
1.29437
0.989769
0.957966
0.909303
1.46022
0.812925
1.272
1.28519
1.26823
1.52024
1.52934
0.683291
1.44079
1.03218
1.11315
1.55712
1.09754
1.48867
0.952342
0.880697
1.2864
0.76472
1.2965
0.930768
0.831924
1.04931
0.931804
1.23642
0.860098
0.805938
1.04946
1.34726
0.846037
1.36113
1.53059
1.2937
0.953888
1.42375
0.988301
1.36955
1.12489
1.48429
1.10376
1.37817
1.36157
1.17465
0.959577
0.926024
0.97173
1.27264
1.30839
1.05893
1.39937
0.956387
0.577443
1.46599
1.36225
1.3329
1.28532
1.21169
1.33635
1.14898
0.982341
1.45278
1.07782
0.933853
0.913066
0.877188
0.994372
1.5327
1.01856
1.32102
1.35695
1.46249
1.21872
1.10897
1.31605
0.783339
1.2601
1.51565
1.17591
1.48791
1.50866
1.13118
1.05343
1.16137
1.21732
1.39633
1.56735
1.49498
1.4707
1.48209
1.54919
1.39552
1.25887
0.660923
0.757499
0.932644
0.948913
1.38008
1.32523
1.46548
1.25633
0.922247
1.54479
1.49905
1.05644
0.890503
1.46565
0.924157
1.15235
1.06477
0.690261
1.48744
1.53734
0.681221
1.32863
1.13676
1.27181
0.862352
1.13825
1.56817
1.21293
1.46697
0.6554
0.780124
0.966473
0.933451
1.30245
1.15408
0.787655
0.742615
1.41649
1.00424
1.36616
1.30753
0.93731
1.31206
1.49011
1.16749
1.44202
0.974558
1.52725
1.3472
1.34569
1.26229
1.49633
1.55358
1.24334
1.51746
1.50401
1.1049
1.35001
1.56012
1.21599
1.15485
1.45193
1.15406
1.09154
0.752716
0.972562
1.25759
1.21231
1.54766
1.08636
1.4076
1.33459
1.36351
1.56835
1.1679
1.06171
1.01162
1.14422
1.09859
1.53893
1.12158
1.31408
1.04211
1.50205
1.38181
0.481896
0.995542
0.813515
1.3865
0.971573
0.955929
1.14166
1.4558
1.39456
1.31357
1.48331
0.894254
1.0576
1.57074
1.3897
1.05764
0.725777
1.40981
1.46869
0.831243
1.2399
0.844057
1.43201
1.55906
0.539562
1.10238
1.34147
1.342
1.1032
0.977658
1.29243
1.50434
1.09299
1.51384
1.37048
1.51559
1.33475
1.28677
1.10047
0.689275
1.01841
1.53072
1.52458
1.50501
1.27278
1.22605
1.46482
1.12668
1.36269
1.40234
1.56408
1.30979
1.42033
1.17141
1.39357
1.48506
1.30909
0.898072
1.28885
1.00674
1.31887
1.36075
1.16875
1.45838
1.30629
1.16902
1.17299
1.42391
0.860966
1.09875
1.04692
1.06445
1.54162
1.51596
1.39075
1.01183
1.32385
1.25869
1.20225
1.29358
0.514252
1.49608
1.34247
1.34983
1.19423
1.29058
1.54183
1.50191
1.2952
1.49703
1.37475
1.45913
1.1419
1.42718
1.56872
1.15705
1.43371
1.0028
1.44513
1.12103
0.878781
1.0714
1.11791
1.32957
1.29872
1.34395
1.2641
0.926753
1.33224
1.27782
1.23885
1.09518
1.52311
1.42958
1.55993
1.44064
1.45263
0.855518
0.891449
1.12631
1.31616
1.18396
1.28398
1.12959
1.33736
1.01949
1.12605
1.42372
1.40438
1.31092
1.36057
1.42742
0.700981
1.2581
1.4542
1.28036
1.48769
1.48249
0.929167
1.21953
1.54528
1.39596
1.08955
1.11416
1.48022
1.35139
1.15871
1.48974
0.825903
1.3708
1.46249
1.32482
1.4215
0.789751
1.19874
1.52687
1.08558
1.53875
0.791592
1.20889
1.20052
1.43568
0.857582
1.44984
1.2214
0.995572
1.53142
0.999095
1.49685
1.35214
1.24502
0.973182
1.54003
1.26404
1.3356
1.19743
1.2154
0.901328
1.18097
1.09057
1.31278
1.2995
0.649216
1.14905
1.14622
1.33862
1.05781
1.54833
1.20839
1.54266
1.50662
1.13976
1.31344
1.42697
1.52598
1.52418
1.30998
1.11716
1.03453
0.861986
1.40529
1.55226
1.1404
1.54455
0.970436
1.51987
1.25843
1.30343
0.74319
1.36095
1.20908
1.30568
0.690124
1.27123
1.30925
1.29726
1.48772
1.2836
1.49648
1.18523
1.40644
1.34419
1.45491
1.09873
1.26882
1.53637
1.3542
0.888756
0.74193
1.39676
1.45076
1.40467
1.07375
1.34106
1.54676
0.781067
1.48895
1.34231
1.03656
1.34914
1.20385
1.5374
1.28741
1.34688
1.17689
1.16881
1.5145
1.44182
0.714609
1.36326
1.12983
1.38882
0.734853
1.42804
1.45979
1.18969
0.995389
1.57037
1.48555
1.38379
0.847842
0.682357
1.28836
1.42918
1.23012
1.08771
1.55236
1.10357
1.45051
1.42724
1.04085
1.36809
1.48561
0.922235
1.14184
1.47893
0.862533
1.01271
1.01238
1.31231
1.28513
0.9518
1.22229
1.39838
1.08672
1.40584
0.607093
1.43602
1.20966
1.46163
0.711131
1.55099
1.29801
0.867059
0.935058
1.48782
1.4347
0.728123
1.04614
1.13445
0.763562
1.09312
1.31524
1.53699
1.51229
1.20299
1.5462
0.992517
1.33287
1.50099
0.926261
1.15238
0.991231
1.27755
1.2977
0.822927
0.980092
1.19826
1.21071
1.53496
1.47728
1.51226
1.5214
1.1253
1.56583
1.35126
0.905791
0.698464
0.905017
0.891991
0.931598
1.28201
1.11403
1.54723
1.31023
1.416
1.27311
1.34889
0.724082
0.504708
1.47243
0.98363
1.18996
0.806945
1.51596
1.25643
1.15238
1.22826
1.45272
1.514
1.09
1.19639
1.13764
1.44615
1.42742
1.44397
1.46713
1.49422
1.29555
1.40757
1.55908
0.540566
1.39608
1.42563
1.4682
1.35127
0.781022
1.44516
1.27497
1.41766
1.33344
0.97939
1.48356
0.754655
1.54027
0.995576
1.04268
1.43319
1.18357
1.31211
1.20516
1.39596
1.41069
1.39192
1.18716
1.26083
1.35314
0.746368
1.37761
1.4349
1.15652
1.13361
1.49036
1.20878
1.53069
1.21448
1.10539
1.14877
0.902272
1.14944
1.4435
1.43095
1.07884
1.38386
1.2385
1.51718
1.55126
1.32919
1.11131
1.34601
0.954747
0.949866
1.34502
1.32146
0.789721
1.52094
0.854707
1.09676
1.24876
1.29453
1.12468
1.42705
1.32225
1.53653
1.15118
1.45217
1.44928
1.56445
1.37195
1.47899
0.723012
0.849342
1.14656
0.759553
1.4839
1.33121
1.15398
1.31446
1.30087
1.43845
1.17231
0.791054
1.37288
1.05084
1.40438
1.47121
1.45193
1.44036
1.04579
1.30504
1.10279
0.810565
1.35214
1.05195
1.34331
1.42224
1.12797
1.52953
1.47838
1.54473
1.22784
0.835589
0.857787
1.51642
0.956394
1.52033
0.681823
1.39689
1.5549
1.14381
1.47077
0.640256
1.46857
1.30707
1.46575
0.833307
1.40512
1.10033
1.2963
0.729177
1.32187
1.04389
1.25471
1.20795
1.47464
1.08904
1.56091
1.26189
1.00683
0.866566
1.38193
0.79203
1.13617
1.10642
1.23796
0.576021
0.871657
1.19124
1.42237
1.33623
1.30156
1.5396
1.02486
0.841453
0.804407
1.0597
1.01733
1.19376
1.34551
1.41958
1.33058
1.03585
1.39003
1.44602
1.41403
0.547246
1.15739
1.31975
0.668887
1.39404
1.16657
0.700967
1.24818
1.18338
0.832226
1.47243
1.48316
0.823709
1.51853
1.29408
1.43759
1.43828
1.27181
0.915254
1.06198
1.33077
1.34366
1.28786
1.26669
1.16275
0.854382
1.38255
1.53808
0.841291
1.47868
0.73939
0.975576
1.55032
1.24044
1.51828
1.22729
1.50587
1.42471
1.01529
0.913136
0.995009
0.841382
1.49051
0.942696
1.2153
1.14053
1.49685
1.37929
0.744928
1.12686
1.56324
1.19888
1.3846
1.33901
1.12658
1.21358
1.56799
1.49216
1.098
1.53322
1.46602
1.20745
1.11615
1.54241
1.27385
0.979101
1.17209
1.2878
1.49333
1.22765
1.56231
0.837033
1.38114
0.970493
0.866729
1.53624
1.22392
1.15619
1.39413
1.56738
1.35524
1.19008
1.33918
1.44547
1.34228
0.822708
1.54165
1.14951
1.54571
1.31683
1.44276
1.07545
0.609591
1.27654
1.49097
1.03637
1.50605
1.50345
1.05768
0.915102
1.42082
0.854296
1.48197
1.42742
1.19488
1.24751
1.24261
1.16677
0.760999
1.39937
1.32498
1.46501
1.42335
1.00409
0.99282
1.56225
1.09738
1.10018
0.512687
1.51602
0.779656
1.46231
1.48622
1.56866
0.807101
0.679633
1.0108
0.678034
1.41205
0.886089
1.34071
1.54253
1.46323
1.31565
1.43568
0.898965
1.03205
1.49541
1.54546
0.975296
0.69554
1.55248
1.0869
0.779866
0.838046
1.51955
0.539713
1.32613
1.16846
1.42323
1.44725
1.43154
1.3553
1.1675
0.943112
1.53401
1.19219
1.47743
0.947548
1.49033
1.35573
1.46354
1.45764
1.2282
1.12908
1.51052
1.53176
0.677359
1.48552
1.42304
1.52317
1.01131
0.840145
0.594274
1.23292
1.5126
1.49112
1.30947
1.31963
1.47415
1.47151
0.805084
0.907352
0.802837
0.962386
0.728341
1.27847
1.21029
1.42964
1.51692
1.45352
1.19087
1.48889
0.545864
1.49066
1.34344
1.47626
0.329905
0.96994
1.4606
1.1767
1.39375
1.48003
1.22742
0.935587
1.13529
1.43999
0.724928
0.829499
1.45414
1.38876
0.811561
1.27844
1.43303
1.56915
1.31477
1.34382
0.815514
1.44739
1.24867
1.46829
0.993732
1.34369
1.31679
0.951433
1.53258
1.4944
1.29117
1.47619
1.41835
1.1228
1.40398
0.812514
0.991928
1.54754
0.960194
1.17041
1.42064
1.32819
1.2574
0.971411
1.13725
1.18696
1.50719
1.54412
0.870797
1.49076
1.50658
1.31761
1.26388
0.939787
1.30432
1.24338
1.56054
1.29216
0.661644
1.33792
1.17901
0.891136
1.38876
1.08107
1.13111
0.78474
1.45697
1.23499
1.43661
0.781914
1.37509
1.28732
1.56756
0.932887
1.54681
1.51691
1.27302
0.983037
1.44319
1.37135
1.32385
1.30874
1.31382
1.14861
1.20713
1.49932
1.46844
0.827455
1.36381
1.24494
1.43097
1.48402
0.897941
1.53814
0.875094
1.43796
1.09903
0.841363
1.53624
1.51846
1.34012
1.14245
0.848611
1.39991
0.700936
1.52088
1.51471
1.02471
1.56573
1.14643
1.09766
1.38827
0.977449
1.54162
1.5096
1.43473
1.28061
1.54845
1.05385
0.978992
1.54179
1.50868
1.26541
1.40701
1.13361
1.34429
1.17038
1.49816
1.31893
1.24937
1.28564
1.26631
1.55896
1.12203
1.18251
1.47136
1.42594
1.08458
0.904708
1.00811
1.43162
1.31067
1.11098
1.42102
1.19016
1.26529
1.40388
1.50795
1.38361
1.28621
1.30941
1.11418
1.44338
1.14256
1.5318
1.46053
1.18112
1.00343
1.53288
0.629143
1.45309
0.898012
1.10817
0.965305
0.830085
1.55841
0.985245
1.31175
1.32372
1.26976
1.4966
1.20072
1.31623
1.34106
1.38513
1.18744
1.22327
1.50972
0.547195
1.10333
1.44852
0.595267
0.942744
0.757388
1.44753
1.31812
1.11809
1.51675
1.52091
1.5309
1.50269
1.28188
0.948565
0.443452
1.54616
1.34979
1.48488
1.39918
1.56689
1.49254
1.53322
1.46937
1.52849
1.49118
1.35002
1.30224
0.982704
1.34129
1.40848
1.16248
1.15712
1.20618
1.47256
0.887895
1.2206
0.717525
1.39794
1.4455
1.18413
1.22119
1.52537
1.47777
1.36434
1.25715
1.51669
1.04438
0.830567
1.3694
1.2835
1.42835
0.837352
1.26663
0.847406
1.53649
0.435877
0.87619
0.848558
1.50893
1.4977
1.46047
1.03783
1.02034
1.23405
0.711494
1.12679
1.3003
1.47407
1.21769
1.28382
0.920682
1.4283
1.48383
1.51816
1.55364
1.41647
0.604452
1.17234
1.1763
1.02105
1.26689
0.987622
1.26677
1.49394
1.50679
1.50589
1.23983
1.33278
0.680284
0.966433
1.54076
1.35572
1.15485
0.566766
1.19839
1.20431
1.3065
1.16222
1.26519
1.23838
0.830159
1.26607
0.976644
1.41832
1.44612
1.09882
0.931668
1.49112
1.32957
1.50598
0.967377
0.543562
1.41199
1.51003
0.875741
1.42651
1.31995
1.36588
0.889721
1.54276
1.41616
0.709432
0.625817
1.08803
1.47029
1.3319
1.48267
1.55926
0.959296
1.56823
1.55326
1.33398
1.56448
1.47277
0.839039
1.53543
0.665799
1.52736
1.4975
0.887324
0.905713
1.31793
1.34344
1.54192
1.18044
1.24127
0.913632
1.52552
1.17568
1.41773
1.33918
1.27525
1.24605
1.47722
1.11105
1.48346
1.11104
0.644451
0.985002
1.15857
1.45942
0.767993
0.911208
0.349246
1.09217
1.26175
1.48457
0.775556
1.32598
1.39864
1.38417
1.41044
1.32429
1.2924
1.13115
1.04388
1.15178
0.850684
1.28564
1.05429
1.3688
0.913071
1.01939
1.4647
1.56597
1.20366
1.10166
1.21741
1.33252
1.26984
1.34247
1.40528
1.52167
1.35001
1.15178
1.35639
1.33742
1.44847
1.41563
1.39791
1.09073
1.52119
1.56473
1.50596
1.27203
1.17411
1.07839
0.996248
1.39497
0.992448
0.81544
1.53191
1.02799
1.51241
0.702581
1.13917
0.791789
1.48838
0.993036
1.29321
0.835003
1.54901
1.09091
1.10333
1.2829
0.829631
1.41007
1.20745
1.27985
0.569496
1.42779
1.52394
0.901259
0.392701
0.850549
1.40376
1.2408
1.15269
1.2495
1.43433
0.728414
1.36692
1.26311
1.24035
0.96632
1.41062
1.54272
1.31957
1.04275
1.24071
1.1866
0.451957
1.33353
1.19271
0.978403
0.656468
1.3804
1.22852
1.21975
1.35161
1.23732
1.37509
1.39961
1.36774
1.38696
1.29129
1.03358
0.862874
1.39391
0.905784
1.31616
1.10736
0.822974
0.833424
1.40407
0.922975
1.40421
0.894674
1.29732
1.26622
1.20264
1.243
1.51192
1.38112
0.338032
1.45862
1.53154
1.47283
1.35526
1.47317
1.29516
1.56646
0.668668
1.34181
1.52873
0.688584
1.54211
1.53221
1.05164
1.29757
1.47577
1.20758
1.52943
1.52262
1.37372
0.793597
1.21214
1.09283
0.532419
1.34175
1.37341
0.771789
1.50707
1.36886
1.48227
1.4343
1.09374
1.55294
1.38628
1.52009
1.15539
1.51738
1.11839
1.56788
0.664355
1.05759
0.796942
1.0146
0.871215
1.44961
1.24699
1.50153
1.5543
1.36544
1.41594
0.79808
1.52213
1.53771
1.20078
1.48867
1.2771
0.915423
0.737223
1.23156
0.873446
1.14054
0.963765
1.32566
1.01327
1.18713
1.46928
1.37048
1.35207
0.788011
1.34798
1.07627
1.2836
1.28519
1.15045
1.34864
1.09672
1.27536
1.15228
1.52247
1.43931
1.36753
0.914851
0.816709
1.49761
0.76366
1.12442
1.47006
1.19888
0.937821
1.14673
0.923293
1.01849
1.48889
1.39625
0.794615
1.50809
0.676717
1.38367
1.28417
0.758284
1.50985
1.56915
0.980423
1.25201
1.08457
1.02256
1.14153
0.968541
1.08168
1.23368
0.855201
0.772499
1.5063
1.53794
1.42298
1.52635
1.1312
1.26035
1.31969
1.13588
1.07214
1.36207
1.45573
1.29225
1.01501
1.16875
1.50006
1.51706
1.54827
0.790836
1.39999
1.32259
1.3512
1.02974
1.1887
1.33987
1.32382
1.53014
1.4427
1.50349
1.06472
1.14227
1.26305
1.03497
0.903456
1.09023
1.48635
0.830342
1.49372
1.26388
1.19953
1.47728
1.04098
1.2209
1.44116
1.5371
1.3393
1.36176
1.02863
0.93766
0.887047
0.893104
1.43565
1.4921
1.34767
1.20901
1.13875
1.25137
1.18078
1.17022
1.56805
1.07357
1.33767
1.51954
1.51596
1.28045
1.36725
1.5516
1.18817
0.710705
1.20714
1.41866
0.961007
1.03325
1.373
1.27965
1.45752
1.34591
0.613255
0.92782
1.34582
1.29057
1.39435
1.05564
1.56225
1.40654
1.45305
1.14583
1.56942
0.99643
1.34118
1.56586
0.861997
1.55444
1.19297
0.839586
0.490516
1.0719
0.883562
1.27366
1.50566
1.3046
1.22048
1.24361
1.33636
1.34545
1.10347
1.40377
0.90524
1.43679
1.1979
0.944975
1.30028
1.0824
1.12012
1.38671
1.22476
1.29275
1.23757
1.21449
1.4603
1.22047
1.56652
1.39149
1.45683
1.55828
1.05675
1.2337
0.778823
1.53961
0.638344
1.42807
1.26516
1.39298
0.925713
1.55474
1.31774
1.08735
1.09051
1.35539
1.31746
1.4989
1.12279
1.09675
1.13246
1.27987
1.40847
1.45819
1.28077
0.764063
1.26343
1.50232
1.30915
1.31137
1.18658
1.2554
1.5617
1.40605
1.39614
1.21787
1.51654
1.10074
1.03226
1.13711
1.45945
1.08277
1.10284
1.04176
1.56157
1.23435
1.00752
1.54809
1.16092
1.39253
0.518947
1.20266
1.49865
0.888488
1.47642
1.29041
0.532259
1.46022
1.45076
0.975684
1.09782
1.09115
0.774483
0.728707
1.29348
0.831487
1.54577
1.25244
1.48965
1.12969
1.17584
1.36787
1.40902
1.42939
1.26368
1.12867
1.40803
1.40395
1.39315
1.41409
0.566399
0.844219
1.52317
1.18883
1.15632
1.46278
1.5254
1.46464
1.29948
1.11595
1.53777
0.674672
0.986543
0.990312
1.05045
1.29627
0.604017
0.81384
1.08094
1.54614
1.47722
1.15349
1.15265
1.51819
0.444222
1.12549
1.32256
1.52623
1.07357
1.52206
0.756054
1.10728
1.55499
0.984845
1.47052
1.17849
1.52458
1.02414
1.56774
0.486087
1.49253
1.17505
1.49718
0.774207
1.26671
1.4097
1.31721
1.27436
1.07881
1.10687
0.626378
1.4059
1.398
1.47323
1.03061
1.51672
1.39623
1.46464
1.37732
0.923278
1.24332
1.28945
1.41897
1.46183
1.47515
1.30131
1.22677
1.4522
1.32278
1.35695
1.52746
1.03426
1.55594
1.52623
1.50349
0.678928
1.16172
0.60748
1.16231
1.23413
1.4032
1.35058
0.58946
1.47053
1.38731
1.3892
1.42795
1.37988
1.23097
1.01159
1.54711
1.46102
0.946568
1.29586
1.32605
1.4636
1.29155
0.27376
0.669623
1.33048
1.52177
1.34886
0.93918
1.31641
0.819867
1.1209
1.08658
1.00597
1.30221
1.48362
1.54583
1.12769
1.15436
1.21358
0.935863
0.893457
1.11886
0.835227
1.51321
1.47372
1.15885
1.49125
0.890304
1.25008
1.36594
1.52543
0.674047
1.06981
1.429
1.14284
1.19321
1.42446
1.56295
1.27917
1.22194
1.34861
1.12819
0.863312
1.09916
1.36039
1.03964
1.25939
1.47887
1.25426
1.31104
1.10169
1.18679
1.41835
1.48052
1.50832
1.47826
1.21241
1.33258
1.10981
1.38013
1.50822
0.695671
1.33347
1.29299
1.25374
1.06818
1.39094
0.904529
0.753942
1.07294
1.31751
1.33728
1.06082
1.43121
1.5083
1.30846
1.13744
1.55749
1.03865
0.960986
1.54913
0.894338
1.56427
1.42816
1.25997
1.49969
1.55926
1.43956
0.68497
0.919041
1.47093
0.680087
0.847477
0.761488
0.813251
1.50248
1.23841
1.02413
1.51999
1.37652
1.14733
0.661872
1.119
1.0524
1.55386
1.21956
0.873507
0.920374
0.995374
0.991946
1.42761
1.44651
1.14924
1.41915
1.15078
1.5689
1.18921
0.922147
0.935153
1.37557
1.16549
1.54259
1.46605
1.06106
1.28399
0.718459
1.2658
1.45058
1.5603
1.51321
1.24975
1.33526
1.55098
1.28073
1.30704
1.47433
1.54699
0.592474
1.26503
0.764721
1.4561
1.55743
1.451
1.45592
1.37265
1.55642
1.30927
0.917121
1.0512
1.08098
0.903618
1.34034
1.47482
1.2026
0.973409
1.32663
0.813565
1.13737
0.559455
1.10736
0.578681
0.794922
1.36684
1.26368
1.54452
1.30303
1.02552
1.48432
1.54601
1.02609
1.10307
1.51404
1.35851
1.5559
0.0488677
1.49775
1.42156
1.1651
0.977581
1.39738
1.20593
1.48866
0.569331
0.854616
0.819527
1.18403
1.03666
1.51049
1.38202
1.35924
0.762002
1.17326
0.736594
0.430886
1.10692
1.52442
0.866302
1.20123
0.383867
0.702564
0.666316
0.727097
1.45137
1.14649
1.5628
0.816088
0.8024
1.55328
1.36263
1.55267
1.49039
1.19173
1.56643
0.942125
1.37982
0.800281
1.31578
1.46568
1.52447
1.5345
1.40339
0.716525
0.719446
1.40945
1.03063
1.43426
0.689914
1.12056
0.891084
1.42822
0.971875
0.809095
1.15272
1.42264
1.10647
1.44784
1.29795
1.30502
1.1718
1.43328
0.903862
0.403107
1.18292
1.08426
0.690735
1.06103
1.28498
0.885422
1.26263
1.43026
1.3941
1.03318
1.36126
1.01456
1.1935
1.42292
1.38603
1.56662
0.895641
1.05977
1.13657
1.07538
1.3275
0.776655
1.32344
1.14028
0.820062
1.42063
1.14727
1.55123
1.5098
0.828955
1.37475
1.12982
1.46531
0.622207
1.50453
0.96651
1.28665
1.10695
1.4709
1.32503
1.01532
1.35214
0.968294
1.54937
1.02713
1.05616
0.976702
0.963684
1.02778
1.48328
0.458524
0.965246
1.25971
1.38325
1.34276
1.37447
1.15884
1.24036
1.13426
1.26254
1.27174
1.32228
0.960642
1.4024
1.16764
1.4055
0.629871
1.35589
1.26138
1.02657
0.907424
0.938431
1.29053
1.19287
1.11709
1.06354
0.94265
1.24706
0.644747
1.08486
1.36026
1.47029
0.907313
0.824661
0.942501
1.26912
1.13489
1.09044
1.53185
1.40385
0.832527
1.20104
1.53441
1.06606
1.4853
1.3378
0.870296
1.21719
0.936296
1.49577
1.53136
0.913203
1.4097
1.54046
1.22203
0.718492
1.48045
1.55522
1.24753
1.53221
1.02662
1.16695
1.44264
0.775816
1.14347
1.12604
1.31969
1.52097
1.0859
1.08734
1.06905
0.864776
1.23499
1.35052
1.0448
1.47038
0.474913
1.07428
1.15711
1.13669
1.38131
1.39803
1.01108
1.4542
1.27547
1.29558
1.21579
0.944072
1.25742
1.29593
1.54107
1.39118
1.26874
1.28503
1.24564
1.38718
1.55887
1.27273
1.50257
1.29644
0.989177
1.00966
1.21801
0.74276
0.928374
0.60617
1.5052
1.09848
1.12756
1.28755
1.56005
1.5545
0.856022
1.11975
1.41631
1.51847
1.45558
1.38678
1.42386
1.30549
1.28325
1.53936
1.28321
1.44722
1.49724
0.848383
1.46616
1.04443
1.27168
1.38336
1.52342
0.831789
0.796457
1.52056
0.658593
1.36582
1.45371
1.29091
1.05811
1.45838
1.50195
1.56677
0.859568
1.37166
0.809463
1.19409
1.22165
1.42236
1.21029
1.34378
1.40475
1.28657
0.957359
1.17665
0.925876
1.16989
1.53658
1.4371
1.16698
1.18718
1.52387
0.82749
1.46765
0.862247
0.780665
1.09126
1.54577
1.52125
1.29396
1.15018
1.33861
0.922115
1.08982
1.43035
1.46095
0.863494
1.2324
0.782294
1.26806
1.01389
1.53482
0.921395
1.54418
1.42569
1.1726
1.42319
1.31446
1.1385
1.34901
1.23971
1.00154
1.1978
1.43278
0.677179
1.17624
1.12184
1.3083
1.49045
1.34448
1.54046
1.45825
1.11033
1.25028
1.03071
1.18962
1.11526
1.1156
1.0912
1.27046
1.40233
1.39771
0.711856
1.47443
0.681481
1.1215
1.35476
1.2098
1.38038
1.29633
1.55743
1.34817
1.5181
1.37135
1.46574
1.41588
1.25718
1.1122
1.09093
1.51144
1.46473
0.772187
1.16726
1.08877
1.21166
1.07692
1.0491
1.01927
1.34552
0.987269
0.879781
1.05962
1.45801
1.50654
1.08478
0.961665
0.720426
1.15212
1.42138
1.52005
1.29142
1.49522
1.56018
1.41545
1.44128
1.23289
1.07475
1.2878
1.37659
1.2608
1.49822
1.50532
0.924645
0.676247
0.9597
1.02999
1.45967
0.908749
1.43734
1.16985
1.47734
1.32618
1.43186
1.43519
0.885311
1.51062
1.43956
1.24089
1.39459
1.49958
1.56054
1.22891
1.5081
1.37204
1.54583
1.35545
0.897778
1.18985
1.47035
1.53918
0.934863
0.82308
0.943785
1.51461
1.37509
0.847371
1.25509
0.974793
1.4097
1.01956
1.50238
1.24214
1.37072
1.31353
1.15939
1.39791
0.927518
1.30239
0.878341
0.905993
1.46145
1.08031
1.3846
1.25169
1.41956
1.20117
1.28096
1.56155
0.908276
0.760457
0.800497
1.503
1.55978
1.10429
1.07357
1.25849
1.42449
1.55273
1.55285
1.35517
0.997607
1.23215
1.28588
1.52838
0.855462
1.57055
1.52097
1.55255
1.42505
1.45678
1.11682
1.16813
1.51113
1.29659
1.22684
0.33643
1.09092
1.48132
1.49247
0.988225
0.835214
1.02905
1.5682
0.599164
1.16591
1.24155
0.811754
1.10497
1.31783
1.49847
1.39577
1.3423
1.55981
1.2794
1.4248
1.33736
0.884988
1.5287
1.41458
1.15699
1.41545
1.184
1.54559
1.13912
0.994462
1.13002
1.33456
1.36631
1.35751
0.969173
1.20213
1.03907
0.75525
1.35161
0.962781
1.42838
1.44209
0.68123
1.15673
0.993727
1.07649
1.29082
1.54864
1.5635
1.21468
1.47614
1.53869
1.05812
1.03652
1.44882
1.26721
1.55581
1.00952
1.34469
0.754334
1.30991
1.12584
0.503278
1.45223
1.50887
1.47114
1.26957
1.22495
1.2449
1.09923
1.16078
1.36944
0.976302
1.2474
1.41149
1.45177
1.38951
1.21663
1.11369
1.19373
1.09511
1.51798
1.41557
0.804776
1.08112
1.04024
1.12715
1.33029
1.37383
0.905754
0.943946
1.13212
1.26048
1.40784
1.55474
1.47293
1.37259
0.736542
1.18375
1.43038
1.41471
1.54234
1.29336
1.04808
1.05522
1.53756
0.866262
1.08457
1.09621
1.42202
1.55371
0.96194
1.38901
1.30346
1.09294
1.41604
1.23273
1.01382
1.51724
1.3268
1.12368
1.26003
1.17828
1.23916
1.37996
1.06773
1.49054
1.42027
1.25291
1.3597
0.471209
1.37814
0.901583
1.50618
1.32649
1.35051
1.54038
1.33114
1.43426
1.09353
1.297
1.27449
1.43069
0.927784
1.01942
0.924341
1.06298
0.803836
0.655042
1.16018
0.730109
1.23415
1.349
1.09064
1.3922
1.15275
1.46866
1.56124
1.5155
1.30163
1.55892
1.48284
1.42391
1.2428
1.55883
1.13575
1.47715
0.939098
0.895811
0.68277
0.866649
1.13373
1.41705
1.54015
1.26308
0.795457
1.52635
0.647152
0.71035
1.45666
1.45156
1.37565
1.38063
1.54945
1.3477
1.39862
1.35632
1.46821
1.35233
0.76679
1.23925
1.52871
1.43115
1.00523
0.977449
1.4693
1.37746
1.2585
1.07708
1.52827
1.36933
1.1278
1.07224
1.3754
0.582882
1.46151
1.44854
1.11724
1.43913
1.16166
1.27066
1.32536
1.33958
1.56219
0.930497
1.4869
1.54916
1.49394
1.4933
1.56384
1.01511
0.859984
0.993631
1.08665
1.25445
1.37217
1.19998
1.2081
1.5523
1.47839
1.43241
0.874381
1.4766
1.38957
1.39946
1.48037
1.53942
1.12732
0.455008
1.31099
1.28035
1.40958
1.22411
0.872275
0.601789
1.56768
1.26422
1.07413
1.43118
1.14822
1.32209
1.30802
1.06861
1.33786
1.12475
1.24506
0.801127
1.38181
1.22308
1.45988
1.52384
0.945344
0.103107
0.856475
1.35609
1.35126
1.35941
1.16032
1.48022
0.824871
1.24558
1.12049
1.28866
0.889105
1.50826
1.34256
1.52679
1.09559
1.20977
1.3972
1.11316
0.937618
1.56263
0.990344
1.03816
1.35614
1.30542
0.961445
1.29402
1.2642
1.42326
1.21293
1.27381
1.31585
1.02713
1.36837
1.02843
1.46501
1.53426
1.44932
1.17644
1.28576
0.796061
1.56973
1.53133
1.04923
1.32504
1.38392
1.1031
1.13178
1.11994
1.17287
1.19399
1.44061
0.859639
1.45701
1.30941
1.13043
1.22871
1.0177
1.22073
1.15405
1.3391
1.45153
1.25091
1.1381
1.41638
1.50134
1.53288
0.727376
0.958254
1.33768
1.53658
1.04657
1.46218
1.46218
1.35868
1.29928
1.46956
1.52781
0.844635
0.915868
1.44307
0.789912
1.11414
0.927967
1.28894
1.14113
1.07264
1.44879
0.860631
1.26657
1.06172
0.757212
1.43322
1.17366
1.15085
1.42289
0.816947
1.48671
1.5283
1.41449
1.31512
1.5324
1.44227
0.89286
0.878182
1.49765
1.07197
1.03793
1.19344
0.665079
1.46145
1.51565
1.0402
1.11628
1.45516
1.26845
1.56707
0.875538
1.3274
1.50171
1.51975
1.42008
1.22456
1.43568
1.52207
0.906889
1.39146
1.01617
1.2485
1.57012
1.39081
1.10859
1.56152
1.01736
1.22619
1.08237
1.46851
1.02836
1.03334
1.28474
1.21866
1.26981
0.941831
1.39806
1.47988
1.41659
1.38547
1.19717
0.768457
1.51002
1.12176
1.14181
1.43198
0.94493
1.07585
1.23376
1.55395
0.871906
0.834024
1.45062
1.36569
1.21586
1.4363
1.01274
1.5214
0.766515
1.17683
1.41928
1.42538
1.2132
0.99069
0.921863
1.48451
1.29707
1.54553
1.35824
1.30036
1.39695
0.770409
1.51064
1.54278
1.45043
1.10774
1.16205
1.4011
1.03751
0.992978
1.08743
1.33833
1.08783
1.2374
1.00502
1.29599
1.35792
0.934108
1.54073
1.12945
1.21533
1.22423
1.36326
0.841368
1.24454
1.56451
1.31086
1.47188
0.420271
1.36619
1.34845
1.13837
1.37291
1.53307
1.27066
1.30124
1.06728
0.70455
1.22015
1.41458
1.26304
1.50703
0.953768
1.16983
1.56884
1.44165
1.49271
0.918409
1.48481
1.2156
1.48512
1.47482
1.06001
1.2495
1.18215
0.850954
1.16324
1.21831
1.3214
1.51517
1.43371
1.31357
1.3227
1.54201
1.56524
1.26356
1.42221
1.56219
0.802542
0.825852
1.5236
1.30084
1.29132
1.48403
1.50263
1.29282
1.30384
1.32838
0.967992
1.56982
0.868506
1.47501
1.47403
0.660587
1.14382
0.734491
0.906532
0.998683
1.44301
1.53056
1.38783
1.4693
1.41372
1.40782
0.681432
1.41415
1.52119
1.55035
1.2695
1.49602
1.46611
1.56151
1.51917
0.834127
0.800727
1.55514
0.74787
1.3394
1.26279
0.890399
0.897085
1.46307
0.770898
1.51892
0.970061
0.97095
0.88293
1.15038
1.06955
1.2681
1.13097
1.45693
0.861062
1.13277
1.45844
1.30008
1.39003
1.4925
0.843807
0.963923
1.08125
1.40667
0.862702
1.27771
1.04082
1.54204
1.43771
1.28643
1.51015
1.53169
1.3936
1.35945
1.3477
0.946563
1.4186
1.35957
1.24416
1.54269
1.21966
1.44617
1.24847
0.929232
1.35252
1.08899
1.31616
1.24013
0.932697
1.5599
0.91404
1.4182
1.28458
1.45807
1.01144
1.40545
1.42532
1.55676
0.906725
1.1282
1.45699
1.22203
1.06266
0.620199
0.395933
1.55001
1.00712
1.47715
0.89746
1.1714
1.42511
1.15372
0.978536
1.44165
1.43356
1.55938
1.56276
1.34582
0.63555
1.3072
1.52919
1.10151
1.0737
1.22664
1.28099
1.19634
1.40201
1.30302
1.27213
1.31941
0.797589
1.27783
1.25582
0.969466
1.4755
1.53862
1.29529
1.24863
1.16258
1.04825
1.37858
1.45331
0.929426
1.23426
1.19869
1.14651
1.4281
1.18047
1.41329
1.35032
1.50991
0.840953
1.18423
1.08604
1.31282
0.711971
0.823947
1.52986
1.02616
1.39936
1.56652
1.53466
0.962242
0.945379
0.77961
0.825578
1.27795
1.35523
1.08809
1.25297
0.782943
1.16584
1.23803
1.44815
1.07898
1.19842
1.41755
1.42039
0.791181
1.40531
1.53014
1.35321
1.21675
1.01992
1.02712
0.988193
0.978926
1.39707
1.0555
1.34231
0.971693
1.18482
1.16146
1.45497
1.13489
1.00487
1.52079
1.48811
1.07749
1.41557
1.5203
1.53185
1.3665
1.27145
0.812753
1.41514
1.01374
1.33466
1.53356
1.08527
1.08182
1.38156
1.52885
0.748347
1.39571
1.0662
1.4977
1.50082
1.12898
1.12459
1.13801
1.19071
0.883764
1.27398
1.40842
1.04483
1.31023
0.884402
1.17895
1.14244
1.56005
1.09246
0.830402
0.8612
1.40992
0.675737
1.39717
1.27356
1.48647
0.952369
1.05662
1.01557
1.14468
1.32857
0.584187
0.921401
1.24184
1.50076
1.21384
1.14328
1.07458
0.933699
0.746243
1.038
1.13022
1.3356
1.22239
0.993777
1.02842
1.47814
1.29237
1.35147
1.27837
0.72975
1.56054
1.23951
1.11146
1.05843
0.90039
1.20078
0.734972
1.06528
1.33585
0.946079
0.777873
1.32127
1.04316
1.4305
1.19225
1.08253
1.20542
1.39534
1.1367
1.51688
1.41152
1.05499
1.20202
1.47299
1.45587
1.04974
1.34018
1.43753
1.46301
1.38327
1.49216
1.00784
1.52351
1.26426
0.828257
1.20555
1.29726
1.18551
1.14234
1.4339
0.928478
0.879412
1.05556
1.26839
1.52125
1.48757
0.573686
0.795027
1.55963
1.53792
0.67257
1.23292
0.961834
1.27283
1.0679
1.16883
1.39162
0.96202
1.12692
1.32139
0.94046
1.39242
1.55907
1.17126
1.47246
0.861092
1.09837
1.10319
0.829158
0.657859
1.24686
1.15945
1.05563
1.10142
1.12476
1.27049
1.32413
1.14302
0.876893
1.45285
1.26823
1.07177
1.41557
1.13043
0.619444
1.5628
1.08825
1.4872
1.38584
1.41326
1.49758
1.32338
1.243
1.0746
0.95579
1.47954
1.40243
1.28666
1.11957
1.51651
0.501555
0.803638
1.54551
1.51993
1.42113
1.45303
0.752902
1.27556
0.897622
1.33786
1.56517
0.814
1.56546
1.05774
0.912771
1.27927
0.597315
1.29644
1.03829
1.29678
1.22153
1.1369
0.897892
1.54986
1.47347
1.04091
1.27972
1.14402
1.02856
1.52293
0.916366
1.40085
1.51423
1.48618
1.35151
1.23098
1.20465
1.15085
1.17644
0.787495
1.53478
0.920869
0.936444
1.24638
0.860267
0.891591
1.2495
1.36313
0.888979
1.35116
0.673131
1.30375
1.17792
1.36986
0.932955
1.13016
1.24879
1.26279
1.07966
1.53942
1.19026
1.37938
0.891121
0.956366
1.07228
1.2255
1.23777
1.46218
0.810209
0.825851
1.00734
0.933172
1.52465
1.3388
1.36057
1.30182
1.03574
0.759335
0.925954
1.1388
1.46989
1.50434
1.08499
1.42218
1.15085
1.10695
0.943535
0.809731
1.54339
0.816439
0.805454
1.49076
1.27366
1.19872
0.897308
1.4491
1.37055
0.672114
1.25439
0.839716
1.07873
0.938051
1.36405
1.03616
1.32904
0.799948
1.23787
0.9399
0.912896
0.95242
0.983445
1.31495
1.21825
1.33635
1.20849
1.41662
1.56508
1.16436
0.920375
1.37916
1.22962
1.21671
1.51596
1.00797
1.16816
1.27717
1.40537
1.31648
0.928171
1.10109
1.52183
1.43574
1.38659
1.51426
1.09269
1.16553
1.00856
1.12782
1.24331
1.36171
1.33316
1.30362
1.25779
1.52751
1.4676
1.27605
1.21416
1.00111
1.42136
1.55857
1.18635
1.44479
1.34715
1.39763
1.14958
1.56048
1.53734
1.02149
1.37789
1.01597
1.37216
