1.272
1.34613
0.859581
0.459864
1.08687
0.848743
0.902446
0.752691
1.13745
1.32231
1.42711
1.21964
0.411962
1.49247
1.54504
1.2713
1.56628
0.731275
0.941144
0.720079
1.12021
1.55798
1.20993
0.769595
1.09594
1.41386
1.33723
1.02364
1.3958
1.34419
1.46027
1.02439
0.582468
1.43192
1.37938
1.00709
1.40246
0.73625
1.243
1.29078
1.35661
1.20255
1.27455
1.32391
1.23576
0.842838
1.10416
1.2608
1.17281
1.2524
1.19134
1.1237
0.862198
1.20875
1.35526
1.42446
1.34961
1.39304
1.02321
1.42502
1.50416
0.800149
0.807934
1.17088
1.01734
0.831586
1.41316
1.34701
0.941819
0.751946
1.32655
1.25477
0.865432
1.06802
1.27953
1.11431
1.52384
1.11832
0.760544
1.23266
1.10352
0.895681
1.4152
1.43211
0.998077
1.37328
0.785219
1.02427
0.990195
1.28583
1.26459
1.31865
1.05423
1.34713
1.01087
1.31408
1.25491
1.52812
1.14952
0.766681
1.09369
0.343509
0.945276
1.03357
0.885583
0.900647
1.53385
1.05457
1.13334
0.937288
1.21407
1.12398
1.55673
1.54722
1.40617
0.768825
1.29668
1.24741
1.44516
1.21436
1.55444
1.3393
1.52513
1.47148
1.55416
1.33026
0.63793
1.28989
1.55123
0.988077
1.34776
1.18765
1.31727
1.20901
1.21276
1.3592
1.24351
1.17432
1.52781
1.44421
1.45696
1.00401
1.17545
1.20346
1.40046
1.15185
1.14918
1.34995
0.981937
1.19783
1.2167
1.49039
1.32189
0.891039
1.49331
1.30687
1.1931
1.39898
0.8941
0.971916
1.15731
1.01057
1.34041
1.39873
1.22606
1.05485
1.50943
1.36074
1.37366
0.529562
1.02435
1.03019
1.04332
0.794515
1.06235
1.46176
1.22777
1.24073
0.845689
1.5204
1.00856
1.05274
0.794315
1.33848
1.20911
0.679863
1.39007
1.49319
1.49915
1.08616
0.858224
1.44775
1.56842
1.3213
1.24789
0.710859
1.21084
1.47016
1.24119
0.771424
1.4084
1.5654
1.38966
1.00185
0.629642
1.11663
1.22418
1.19396
1.24527
1.542
1.16651
1.24853
1.05961
1.216
1.37954
1.49627
1.37432
1.21359
1.295
0.703521
1.42468
1.41983
1.18969
1.16544
1.33403
1.42261
0.859954
1.3508
1.56481
1.39099
1.40883
1.36145
1.46525
1.47219
1.45657
0.929211
1.48537
1.23803
1.36961
1.32164
1.16763
1.52613
1.45555
1.20072
1.38944
1.37708
0.821933
1.2982
0.47379
1.46372
0.839532
1.18014
0.636725
1.275
1.3366
1.18489
1.29799
1.11378
0.762789
1.19944
1.1866
1.56506
1.56423
1.50254
1.20732
1.06864
1.53496
1.11736
1.53241
0.896285
1.01698
1.52898
0.582802
0.959739
1.26394
1.33366
1.06141
1.21423
0.705274
1.47951
1.5338
0.894382
1.33403
0.764036
1.17774
1.31938
1.34859
1.18528
1.00605
1.08015
0.880035
0.899032
0.813836
1.02427
1.27225
0.89768
1.22991
1.51524
1.46473
1.30346
1.04004
1.48702
1.29568
1.36357
1.0334
1.04107
1.32309
1.56631
1.28288
1.13656
1.20238
1.51139
0.909117
0.917051
1.53673
1.35489
1.27914
1.31698
1.36402
1.19323
1.49005
1.22659
1.39201
1.16364
1.44027
1.1167
1.42352
1.00604
1.33017
1.51804
1.56221
0.954544
0.473309
1.50645
1.35845
1.41944
1.33679
1.12536
1.51883
0.915055
0.961167
1.33893
1.16813
0.939424
1.55877
1.20366
0.913674
1.24551
1.2821
1.22956
0.555761
1.25182
1.3686
0.904274
0.900426
0.93679
1.38321
1.16591
1.49961
1.21696
0.875436
0.606225
1.11377
1.05859
1.48805
0.901443
1.37017
1.36896
1.40478
1.38938
1.07784
0.753124
1.36451
1.38224
1.15398
1.27229
1.37813
1.23085
1.07628
1.22229
0.639218
0.728174
1.09157
1.29874
0.804313
1.34673
1.25309
1.42619
1.334
1.27315
1.19606
1.3949
1.15326
1.16322
1.28888
1.36762
0.696499
0.9628
1.49642
0.749056
1.34676
1.53411
1.42779
1.26478
1.3641
1.52366
0.8711
1.40237
0.920606
1.39329
1.40664
0.977368
1.33115
1.34619
0.98329
1.37515
0.865842
1.27616
1.50734
1.1154
1.2313
1.54021
1.45635
0.712603
1.34057
1.42711
1.28653
1.50723
0.962137
1.34657
1.06765
0.900416
0.818229
1.28869
1.25284
1.50954
1.53368
0.886212
1.46832
1.30302
1.26621
1.08016
1.32813
1.26203
1.5269
1.35189
1.00576
0.793845
1.51758
0.951216
1.3366
1.18254
1.54281
1.16862
1.50777
1.56298
1.14563
0.899848
1.54412
1.35895
0.717992
0.360229
1.45524
1.55142
1.39812
1.29354
1.49042
1.23567
1.21976
1.41675
1.34813
1.53203
0.725917
0.811765
0.97087
1.25201
1.33303
1.31055
0.972589
1.43611
1.47801
1.14188
1.22509
0.841868
0.76301
1.01861
1.53197
1.02308
1.45242
1.08441
1.16458
0.93258
1.54852
1.41341
1.03812
0.994863
0.970538
0.496081
1.31564
1.54163
1.00009
1.49706
0.734879
1.14308
1.10941
1.27312
1.40345
0.908022
1.37231
1.46254
1.53453
1.54379
1.42212
0.954082
1.51116
0.936625
1.26414
1.5581
0.605082
1.41654
1.36244
0.997724
1.48815
1.47979
1.52439
1.40884
1.0222
1.30814
1.522
1.28837
1.54327
1.02455
1.40234
0.998768
1.10256
1.00206
1.49908
1.16876
1.38527
0.943591
1.40812
1.45715
1.42491
0.904115
1.3532
1.21846
1.43034
1.37173
1.31177
1.19348
1.291
1.52796
1.48684
1.38949
1.54955
1.28283
1.03922
1.48341
1.33296
1.15826
1.36491
0.857414
1.34913
1.3053
1.44645
0.795613
1.16525
1.42483
1.20026
1.56121
0.781948
0.803339
0.610976
0.925799
1.54003
1.50434
1.45875
1.31988
1.54986
1.52745
1.06236
1.08685
1.05074
1.24571
1.21442
1.10477
0.833645
1.02729
1.4623
1.36357
1.54491
1.16331
1.46141
0.709696
1.16464
1.50679
1.25786
1.245
1.54143
0.977503
1.42422
1.53223
1.07725
1.48861
1.22468
1.56591
1.31297
0.63408
1.40896
1.04882
1.32023
1.28506
0.45581
1.24672
1.06449
1.4748
0.587513
1.41415
1.55258
1.5162
1.33883
1.1729
1.01238
0.745174
1.49739
1.49678
1.32879
1.50997
1.21632
1.4509
1.53475
1.50465
1.38293
1.12157
1.21584
1.29484
1.48281
1.03241
0.944163
1.49173
1.44082
1.43962
1.47476
1.12535
1.44108
1.52112
1.24049
1.39267
1.54346
0.896381
1.55578
1.09377
1.04969
1.20085
1.34454
1.26023
0.979212
0.992248
1.00052
1.0997
0.97446
1.29091
1.1774
1.40161
1.54675
0.949936
0.861114
1.3709
1.48861
0.999808
1.49911
1.56555
1.53826
1.39639
1.44202
1.20346
1.36325
1.03876
1.36088
1.23808
1.55725
1.31443
1.07119
1.26564
1.11016
1.09237
1.52225
1.03114
0.911902
1.41588
1.30092
0.828897
0.834142
1.23654
1.42437
1.34363
0.89064
1.13888
1.39298
0.743507
0.745342
1.22975
0.952048
1.39168
1.20051
1.16392
1.01824
1.17677
1.31439
1.11813
1.31165
1.24261
1.28723
1.37429
0.929052
1.06313
0.787301
1.03319
1.0462
1.26931
1.31101
0.974988
1.41999
1.38307
1.34294
1.29987
1.4635
0.870217
1.32878
1.26446
0.778935
1.41625
1.15752
1.27661
1.39937
1.12908
0.931363
1.39493
1.12028
1.44418
1.05493
1.12543
1.49333
1.20058
1.004
0.670954
1.33233
0.900858
1.18528
1.3915
0.888861
1.47393
1.31966
0.800158
1.15572
1.27723
1.41735
1.49633
1.52201
1.49421
1.50024
0.873138
1.0608
1.55705
1.17664
1.50449
1.28849
1.16863
1.43389
1.03097
0.850258
1.07043
1.26822
1.08824
1.4298
1.49749
1.01078
1.00655
0.808155
0.808711
1.04917
0.903829
1.52809
1.28404
1.31572
0.976792
1.4427
0.991658
1.24293
1.42443
0.774982
0.650006
1.26005
1.29219
1.39732
1.17846
1.06124
1.34532
1.09882
1.53954
1.05668
1.08234
1.25297
1.50186
1.35658
1.37466
1.3064
1.14794
1.44231
1.2208
1.30074
1.48402
1.36363
1.33886
1.09566
1.52015
1.15248
1.48864
1.39313
1.44319
1.4686
0.981644
1.41613
1.01197
1.14751
1.11002
1.52244
1.39584
1.29142
1.32577
0.756379
1.36444
1.12625
1.2137
1.0555
1.39199
1.25615
1.07572
1.2696
1.03445
0.831435
0.990027
1.52352
1.31982
1.32032
0.940948
1.40248
1.14663
1.12806
1.13917
1.27308
1.48181
0.682249
1.36581
1.33362
0.842351
0.620326
0.686738
1.1257
1.06505
1.11634
1.33296
1.39224
1.35264
1.264
1.32328
0.816415
1.25124
0.803509
1.31364
1.04835
0.818898
1.01183
1.30258
1.25958
1.55792
1.42832
0.802298
1.35573
0.818483
1.42418
1.32762
1.22573
0.550421
0.84762
1.42739
1.40747
1.51798
1.16624
1.07981
1.19706
1.33177
1.48328
1.49801
0.549982
1.31774
1.09943
1.37944
1.22325
1.54186
1.18508
1.40588
0.912762
1.47924
1.173
1.53356
1.5239
1.3746
0.908225
1.32844
0.955374
0.919754
1.3805
1.40865
1.33831
0.854948
1.22223
1.35364
1.5261
0.516481
0.933944
0.646803
1.40418
1.00109
0.906556
1.39759
1.56219
1.09127
1.16714
1.56488
1.43993
1.21777
0.914611
1.49865
1.37748
1.34594
1.03487
1.22526
0.919087
0.938887
1.12692
1.36428
0.622263
1.45488
1.10862
0.728106
1.43716
0.556175
0.896589
1.18817
1.23719
1.2522
1.04574
1.44131
1.37889
0.796199
1.29196
1.42378
1.24792
1.27691
0.939573
0.950916
1.25307
1.54676
1.10046
1.09595
1.17641
1.23937
1.00806
1.35373
1.44624
1.23029
1.36711
1.36463
1.41934
1.44387
0.636603
0.781774
0.745863
1.44175
1.53838
1.2419
1.14472
0.967732
1.44123
1.23473
1.4755
0.974984
0.831858
0.940662
1.13899
1.3918
1.34294
1.30758
0.884489
1.53172
0.882174
1.07537
1.40741
1.11913
1.1767
1.38156
1.51704
1.4058
0.966582
1.36662
1.33111
1.05264
0.91891
0.834221
1.47237
1.35933
1.56121
1.35505
0.916873
1.55094
1.38535
1.26625
1.41633
1.03646
1.26967
1.19343
1.54626
1.47642
0.985243
1.56948
0.848297
1.54643
1.22982
1.41366
0.679113
0.89316
1.28239
1.1802
1.03837
1.52094
0.661463
0.820136
1.19524
1.05171
1.18897
1.46197
0.798424
0.823898
1.55377
1.41922
1.42563
1.48852
1.40215
1.36263
1.37973
1.05373
1.32661
1.48102
1.39819
1.30112
1.10574
1.48573
0.984354
0.833458
1.32057
1.00206
0.968027
1.44497
1.3101
1.52432
1.33303
1.50605
1.30568
0.878177
1.27666
1.14585
1.10471
1.50624
1.30473
1.29256
1.46156
1.12296
1.3932
0.989372
1.14148
1.29561
0.637506
1.54975
0.731289
1.09429
0.9907
1.15191
0.918043
1.37702
0.869984
1.42958
1.21303
0.841185
0.992713
1.34101
1.3334
1.19455
1.23544
1.47403
1.39081
1.31149
0.980971
1.50017
1.45714
0.894638
0.9866
1.46654
0.906912
1.2119
0.769648
1.07224
1.18263
0.559559
1.51911
1.42798
1.05647
1.32334
0.66167
0.520929
1.01671
0.913512
1.2965
1.08659
0.856506
1.07576
1.1279
1.29524
1.42017
1.4743
0.851151
0.553414
0.82667
0.563841
1.43938
1.50199
1.24161
1.44068
1.40865
1.47268
1.26809
0.977297
1.44798
1.12882
1.42847
1.56087
1.07919
1.0878
0.403256
1.26602
1.47973
0.614631
1.30574
1.27573
1.49605
1.12317
0.93449
1.51795
1.32404
1.36226
1.10945
0.939627
1.39849
1.38659
0.921896
1.36201
1.51069
1.41656
1.43673
1.44223
1.47928
1.07232
1.50543
1.41644
1.38043
1.0864
1.07735
1.01065
1.46126
1.05612
1.01431
1.36908
0.978015
1.43962
1.15426
1.50948
1.49816
1.50978
1.21114
0.442472
1.10995
1.44673
1.41742
1.2056
1.01332
1.27663
1.54565
1.56304
1.27513
1.54754
1.27997
0.834413
1.36731
0.439915
1.5625
1.17789
0.926109
1.11832
1.22508
1.47452
1.26486
1.21429
0.69515
1.05851
1.43217
0.658735
1.0105
1.4385
0.658842
0.800195
0.851307
1.46556
0.836114
0.881814
1.40704
1.01624
1.00197
0.99175
1.48065
1.02536
1.23097
0.668857
1.07946
0.965424
1.41922
1.22722
1.12548
1.10474
1.52539
0.912337
0.934095
1.37739
1.172
1.48218
1.26733
1.22729
1.54479
0.714665
1.3389
1.32793
1.07277
1.4293
1.19015
1.48696
1.13653
1.09435
1.42545
1.29014
0.722631
1.2294
1.17677
0.542962
0.840871
1.54583
1.1958
1.4455
1.54794
1.37179
1.45728
1.56854
1.02247
1.37627
1.2989
1.33347
1.25612
1.30517
1.33792
1.24332
1.34997
0.832764
1.49783
1.29697
0.932111
1.06445
1.48449
1.16813
1.04331
1.02231
1.48821
1.54836
1.16477
1.4593
1.22145
1.31985
0.976824
1.08355
1.34717
1.4002
1.25413
1.10702
1.13325
0.529812
1.05126
1.00705
1.54544
1.22523
1.20483
1.27088
1.55181
1.15867
0.877903
1.25355
1.51351
1.55279
1.14885
1.14904
1.08168
1.45183
1.36154
0.874038
0.74707
1.30915
1.13911
0.968496
1.38429
0.994288
1.49425
1.04
0.813053
1.35711
1.00472
0.778325
1.50718
0.935587
1.51902
1.42647
1.15649
1.39453
1.55334
1.34156
0.88081
1.31449
1.37509
1.50154
1.36487
1.20055
1.48506
1.3161
1.19783
1.44098
1.35339
1.36016
0.883792
1.46507
1.27065
1.42551
1.4277
1.36984
1.16138
1.18989
1.17028
1.28494
1.40023
1.36899
0.580563
1.29764
1.00046
1.46782
1.43941
1.56004
1.20869
1.37444
1.32995
1.17108
1.41829
1.48457
1.319
1.52451
1.5398
0.893671
1.16477
1.25021
0.478922
1.31748
1.38055
1.52134
1.19054
1.36051
1.00476
0.843357
0.595366
0.723529
1.40797
0.811397
0.885764
0.632454
1.3532
1.24029
1.52274
0.973834
0.584734
1.45036
1.02449
1.53197
0.964018
1.36374
1.35801
1.03013
1.53365
1.17612
1.39527
1.15738
1.07929
0.998141
1.31032
1.37291
1.38895
0.970004
1.0273
1.31843
1.31588
1.0956
0.799051
0.770719
1.09491
1.27493
1.29587
1.27582
0.909341
1.12759
1.24886
1.0002
1.08665
1.23861
1.1331
1.32995
1.0056
0.809558
0.719159
1.13211
1.4839
1.01488
0.938709
1.31786
1.35233
0.844645
1.15135
0.919516
1.27882
1.42384
1.24786
1.45547
1.51637
0.858493
0.997467
1.09188
1.04593
1.37839
1.34688
1.16393
1.14336
0.334861
1.31301
1.14152
0.980539
1.14983
1.2449
0.745097
1.28932
1.31323
1.02863
0.984448
1.26904
1.12705
1.52617
1.18066
1.1268
1.33127
1.5356
0.925171
1.03006
1.1465
0.974539
0.807548
1.5
1.31079
0.809662
1.23158
1.42866
1.00206
1.4712
1.55206
0.72566
1.28304
1.44598
1.04514
0.799047
1.5218
1.24348
1.41601
1.50891
1.20728
1.49461
0.940127
1.09917
1.23367
1.31706
1.33943
0.699994
0.749112
1.14623
0.770197
1.47053
1.39521
0.741903
1.47212
1.19145
1.48953
0.845447
1.30229
1.45607
1.26292
1.39831
1.55685
1.22476
1.4571
1.51976
1.4499
1.05173
1.10551
1.43962
1.41647
1.04874
1.39924
1.46099
0.904465
1.51216
1.53223
1.47108
1.07791
1.00731
1.43152
1.46593
1.23738
1.46197
1.06397
1.08141
1.21696
1.55664
1.36435
1.0087
1.42141
1.10744
1.53505
0.561723
0.847736
0.397369
1.52435
1.52338
1.41637
1.55957
1.45143
1.34219
1.54455
0.984934
0.932611
1.23258
1.0599
1.33405
0.939022
0.895141
0.781322
1.2077
1.01459
1.0728
1.35215
0.944231
1.38665
0.630821
1.39961
1.13865
0.93092
1.22171
1.35814
1.37739
1.36834
1.51015
1.32379
0.958049
1.37422
1.38237
0.85001
1.01184
1.07891
1.15512
1.41104
1.34325
1.53591
1.31339
1.49244
0.916534
1.39812
0.908704
1.04847
1.34995
0.991173
1.51553
1.4088
1.18835
1.43234
1.32765
0.857541
0.835217
1.30739
1.42995
1.5425
1.56817
1.26204
1.34519
1.20332
1.05206
1.25574
1.43155
1.00329
0.960604
1.35704
1.36581
1.41847
1.10757
1.39906
1.15449
1.31351
0.805542
1.48739
1.48971
1.02991
0.374661
1.00992
1.51266
1.11947
1.41477
1.41251
1.03333
1.54583
1.47853
1.04415
1.47347
0.706096
1.29131
1.13542
1.1417
1.48343
1.20163
1.4164
1.39624
0.98637
0.843216
1.21247
1.31447
1.36826
1.19632
1.25457
1.32275
1.56836
1.15985
1.45414
1.51052
1.39539
1.54473
1.34247
1.19494
0.445205
1.10655
1.24461
1.32161
1.55911
1.44128
1.31124
1.24796
1.01734
1.52574
1.30743
1.34682
0.640015
1.18261
1.30846
1.22632
0.94525
1.1175
1.35496
1.46998
1.01589
0.625174
1.15216
1.06989
0.998261
0.778379
1.10996
1.53693
1.08375
0.822844
1.24061
1.42397
1.5207
1.53203
1.49605
0.778765
0.556817
1.54369
1.56787
1.42491
0.914583
1.39162
0.718661
1.19513
0.832027
0.902836
1.39596
1.28487
1.51125
0.951054
1.30346
0.79389
1.07404
1.06187
1.47157
1.46053
1.33792
1.22148
1.55058
1.3687
1.34588
0.557341
1.13898
0.46477
1.1998
1.56819
0.686266
1.22734
0.892099
1.22839
1.0664
1.5063
1.41121
1.17121
0.997053
1.09105
1.4503
0.719604
1.22197
1.18506
1.49268
1.52271
1.24615
1.5243
1.4131
0.789987
0.911144
1.33617
1.40475
0.89006
1.42323
1.25095
1.54781
1.49464
1.5089
0.827527
0.534108
1.4003
1.20183
1.42471
1.11966
1.47096
0.410596
0.962854
0.928497
1.42384
1.15879
0.948592
1.47074
0.928761
1.26906
0.932046
1.43322
1.36101
0.641905
0.828687
1.48083
1.42804
0.87726
1.17683
1.29431
0.808054
1.35573
1.13622
1.54394
1.36955
1.56164
1.52678
1.42353
1.40321
0.994643
1.39403
0.547248
1.09149
1.45638
0.641584
1.18861
1.31342
1.54406
1.3892
1.46663
1.32849
1.31963
1.03918
1.07114
1.15239
0.835678
1.23484
1.04257
1.53627
1.11513
1.26564
0.503708
1.42045
0.590338
1.49351
1.3285
1.01625
1.38473
1.13499
1.35102
1.16043
0.721714
1.20051
1.33981
1.34808
1.34225
1.52038
1.27143
0.992913
1.21462
1.25297
1.49961
1.18792
0.934396
1.23861
1.54168
0.84169
1.13335
1.48053
0.931484
1.29884
1.4194
0.954187
1.27498
0.767143
0.902459
1.27959
1.31462
1.46175
1.1727
1.32114
0.984996
1.48821
0.799276
0.906664
1.15893
1.29732
1.31517
1.55499
1.23124
1.48665
0.976039
1.2124
0.785757
1.53533
1.21803
0.822271
1.25836
1.50624
0.987348
1.36865
1.46358
1.37465
1.49504
0.929009
1.53084
1.36326
1.55548
1.31455
1.44196
1.1019
1.12152
1.35274
0.762651
0.886092
1.46838
1.26893
1.40642
1.48189
1.44058
1.502
1.40353
1.44331
1.42896
1.50281
1.32372
1.01058
0.952794
0.903002
0.717325
1.29231
1.4029
1.552
1.50971
0.985292
1.28989
1.29956
1.1111
1.14831
1.29212
1.40556
0.748127
1.18838
1.55102
1.41477
1.56825
1.56324
1.23977
0.719946
0.747382
1.11574
1.09573
0.864677
1.433
1.47832
1.11131
1.4605
1.26708
1.20333
1.35912
1.0936
1.11397
0.740102
1.16205
1.43343
1.24507
1.17545
1.56946
1.55636
1.46206
0.909311
1.44338
1.04607
1.07357
1.44209
1.25563
1.18627
1.47072
1.20529
1.54046
1.48824
0.745072
1.48935
1.17372
1.49972
1.10801
0.58034
1.01604
1.35514
1.34388
1.41424
1.50764
1.46433
0.788187
0.763554
0.655498
1.28703
1.49222
1.50791
1.29193
1.51657
0.772692
0.923511
1.02803
1.03963
0.908096
1.27289
1.36848
1.10354
1.01789
1.45841
1.2097
1.33428
1.5603
1.15112
0.948765
1.50361
1.19337
0.54041
1.18627
1.09345
1.31055
0.959525
0.88364
1.53166
1.52809
0.954594
1.47156
1.51416
1.17928
1.00415
0.697611
1.01193
1.10076
0.873322
0.910462
1.43256
1.4435
1.52109
1.4951
1.08344
1.39735
1.36886
1.48524
1.42237
1.50263
1.31787
1.36609
1.15118
0.798329
1.40537
1.56058
1.21436
1.26387
1.4655
1.45343
1.25849
1.54823
1.55078
1.18959
0.797736
1.1215
1.34497
1.28048
1.41099
1.05289
1.19599
1.26637
1.31808
1.46412
0.813279
1.38293
0.999734
0.934451
1.37203
1.20677
1.15488
1.54327
1.40133
1.05164
0.38259
0.925812
1.2062
1.34633
0.718671
1.32297
0.695735
1.28627
1.04359
1.30457
1.46261
1.46231
1.00031
1.50911
1.19944
1.19698
0.9659
1.27958
1.30435
1.47869
1.4909
1.49173
1.10084
0.991168
1.30972
1.28951
1.45567
1.21182
1.02033
1.10591
0.980736
1.4711
1.27072
1.4483
1.30115
1.5195
1.54443
1.36953
0.871179
1.46651
1.4019
1.38529
1.15001
1.26664
0.672228
1.03858
1.0103
1.29428
0.570005
1.03035
0.706348
1.27011
1.4932
1.50165
0.907352
1.43519
1.51137
1.16237
1.31843
0.950257
1.09443
1.31881
1.05802
1.3463
0.959814
1.16157
0.86117
0.978096
1.54635
1.1669
1.35345
1.40481
1.40661
1.20624
0.813783
1.18344
1.53148
1.27819
1.12252
1.06152
1.51587
1.54925
0.6067
0.88312
1.26877
1.0717
1.14564
1.20085
1.5534
1.26215
0.675206
1.35887
1.31673
1.22268
1.44128
1.08885
1.44187
1.18258
0.802123
1.39097
1.03496
0.860978
1.40992
1.26547
1.35132
1.35283
1.32228
0.973707
0.689215
1.41075
1.47611
1.52922
0.31823
1.44116
1.57007
1.38497
1.08015
0.603957
1.19626
0.904725
1.20396
1.53302
1.1418
1.56452
1.5646
1.33618
1.07482
1.50535
0.970443
0.96373
0.990858
0.804308
1.40337
1.37379
1.33165
1.12854
1.07818
1.55255
0.368485
1.5588
1.06085
1.54639
1.48172
1.19771
1.54272
1.00489
0.991729
1.22606
1.44058
1.5697
0.972946
0.67426
1.25075
1.14368
1.323
0.776471
0.903574
1.20195
0.648981
1.243
1.49553
0.98213
1.43808
1.24361
1.22106
0.777997
1.0309
0.661597
1.11957
1.54143
0.843897
1.50318
0.948724
0.510409
1.27033
1.32404
1.2417
1.02766
1.40444
1.27244
1.51176
1.3941
0.595169
0.874777
0.792889
1.05107
1.13556
1.38833
0.778502
0.783744
1.53579
1.55285
1.15599
1.07569
0.98172
1.0517
1.26094
1.13088
1.32083
1.53456
1.52797
1.36246
1.30422
1.48726
1.21956
1.43726
1.09851
1.41174
1.09796
1.43084
1.37963
1.02363
1.33704
1.41906
0.831399
1.46955
1.00052
1.16978
1.24454
1.54018
1.17681
1.19644
1.39196
1.19429
1.16723
1.15191
1.54626
0.985739
1.03809
1.55682
1.39254
1.40883
1.15265
1.53474
1.41779
1.24692
1.54493
1.50978
1.12938
1.51107
1.328
1.35039
1.5173
0.979132
1.0986
1.35816
1.45161
0.826286
1.56774
1.24816
1.51607
1.3292
1.5418
1.44085
0.875023
1.52595
1.16647
1.2935
1.42858
1.48426
0.87382
1.42513
1.10346
1.55207
1.33861
1.53469
1.35747
1.17657
1.52323
1.14624
1.39502
1.34582
1.18126
1.19271
1.40463
1.36079
0.9126
1.10101
0.858277
0.580857
1.4647
1.374
1.16603
1.18132
1.35776
1.26355
1.09387
0.939557
0.849133
1.25627
1.22293
1.15749
1.54005
1.33943
0.394481
1.51441
0.955405
1.31521
1.04162
0.934085
1.20103
1.50581
1.38081
1.44876
1.23448
0.896607
1.43814
1.49284
1.40218
1.52757
1.45819
1.168
0.85707
1.48861
1.11704
1.09037
1.02589
1.07107
1.22059
0.983625
1.11818
1.37073
1.18357
1.27238
1.52986
1.36874
1.23784
1.20287
1.54751
0.498732
1.24154
1.29542
1.2418
1.17065
1.46426
1.43559
1.22293
1.38007
1.03829
1.23964
1.44597
1.21189
0.928015
1.32366
0.91868
1.24934
1.22619
0.777864
1.19215
1.49223
0.884191
1.09923
1.35123
0.971363
0.965777
1.22288
1.30681
1.35414
1.28614
1.53835
1.18811
0.812096
1.11634
1.35026
1.42477
1.3947
1.46436
1.47219
1.21539
1.32964
0.555096
1.56951
1.02049
1.40215
1.50887
1.02307
1.27614
1.55981
1.00336
1.25182
1.20783
0.954582
1.38906
0.979547
1.52514
1.4527
1.5074
1.36691
1.0177
1.34795
1.56012
1.41298
1.2601
1.11186
1.43889
1.02242
1.0446
1.14501
1.5465
1.38218
0.896597
1.49636
1.31774
0.7255
0.702471
1.56504
1.22904
1.44473
1.36356
1.569
1.40667
1.53823
1.27335
1.11417
0.907339
1.25842
1.43525
0.688881
1.48953
1.41588
1.43525
1.20052
0.974055
1.04416
0.995213
1.56893
1.08167
1.29345
1.23864
1.03457
1.06627
1.51009
1.08079
1.28374
0.797687
1.04354
1.12112
1.24487
1.15556
1.52757
1.56591
0.719447
1.30457
0.667806
1.55999
1.32101
1.40488
1.3873
1.23957
1.12913
1.47292
1.31276
1.42583
1.07858
1.14844
1.29545
1.18528
1.09922
1.33761
1.41477
1.54974
1.31181
1.24412
1.20967
1.3693
0.768348
1.36045
0.809821
1.32135
0.833581
1.31212
1.50908
1.01122
1.29131
0.908701
1.20804
1.42733
1.09586
1.01863
1.11132
1.4297
1.33291
1.32982
0.973066
1.08026
1.37932
1.11152
1.491
1.32875
1.49597
1.16577
1.22145
1.12824
1.07121
1.3034
1.43152
0.761552
1.56472
1.28802
1.49911
1.28882
1.05725
1.43654
1.33912
1.55661
1.50967
1.23251
0.602562
1.04991
0.941436
1.31424
1.09367
0.989258
1.38281
0.707644
1.21247
1.38914
1.34745
1.2783
1.29898
1.46973
0.910477
1.11595
1.29973
1.50098
1.54186
1.19403
1.25483
1.28137
1.34544
0.922056
1.13374
0.933857
1.25701
1.26125
1.0086
1.40587
1.26291
1.34006
0.828538
0.941207
1.28844
1.52788
0.949633
0.761356
1.48214
1.30511
0.993408
1.0053
0.905167
1.34238
0.955562
1.54893
0.814422
1.23583
1.39199
1.44768
1.17386
1.16689
1.10517
1.15018
0.836971
0.651972
1.55098
0.818585
1.44719
1.19829
1.11825
1.31862
1.34074
1.42847
1.48267
1.38062
1.50228
1.37608
1.22749
1.28475
1.06368
0.901764
0.895979
1.24874
0.992821
1.29174
1.41239
1.54189
1.06292
1.56567
1.52264
1.56155
0.393136
1.52022
0.775297
1.44042
0.60493
0.867158
0.856108
1.14603
1.19104
1.49939
1.55035
1.03094
1.51944
1.26567
1.03907
1.40679
1.23416
1.35764
1.49678
1.20022
1.12127
1.33245
1.46032
1.5159
1.22885
1.18791
0.82267
1.02427
1.16784
1.51064
1.2516
0.915857
1.52326
1.43106
1.2681
1.51156
0.849168
1.34573
1.32949
1.07287
1.31427
1.05529
1.35155
1.32511
0.763929
1.49394
0.816015
1.35054
1.14355
1.38466
1.37803
0.945438
1.51039
1.5239
1.20136
1.31919
0.862135
1.22755
1.37627
1.51046
0.950485
0.91283
1.31371
0.715604
0.835064
0.894333
1.06636
0.707243
1.27582
0.72049
0.957062
1.38665
1.38758
0.971702
1.03311
1.56597
1.00666
0.90927
1.3733
1.40395
1.38963
1.32827
1.44232
0.873703
1.41999
1.10604
1.46786
1.04034
1.21924
1.29497
1.31982
1.46992
1.4063
1.24441
1.46691
0.693649
1.54665
1.5592
1.19946
1.54656
1.055
1.14415
1.50205
1.47905
1.0235
1.04088
0.67624
1.36469
1.528
1.54397
0.705314
0.918677
1.40053
1.53258
1.30302
1.22106
1.06382
1.06029
1.52453
1.33761
1.54267
1.02386
1.4546
1.00036
1.46875
0.973214
1.46725
1.06444
1.27109
1.1459
1.55709
0.720917
1.30937
1.54644
1.38538
1.00293
1.15169
1.33391
1.04749
1.08777
1.54235
1.42699
0.956171
0.616516
1.34678
1.43879
1.32624
1.08717
0.863008
1.01674
1.42662
1.07454
1.08432
1.52537
1.39292
1.48406
1.2901
1.56187
1.20464
1.35207
1.24777
0.862009
0.886946
0.67245
1.31377
0.531304
1.01171
0.630044
1.05436
1.435
1.48803
1.18659
1.56811
1.39803
1.25278
1.20934
1.56768
1.42027
1.48212
1.37701
1.34601
1.46341
1.30315
1.14814
1.25098
1.40253
1.44944
0.97929
0.816186
1.1266
1.18218
1.36805
1.455
1.10856
1.45094
0.955645
1.24982
1.514
1.11656
1.40624
1.30842
1.17649
1.20937
1.20031
0.938255
1.56712
1.46636
0.750871
1.27882
1.31048
1.2899
1.03148
1.23674
0.929111
1.38373
1.27324
0.941088
1.29428
1.02612
1.49422
1.33089
1.4819
1.21074
1.09697
1.55053
1.27161
1.10349
1.30628
1.43962
1.39596
1.34732
1.4173
1.06005
1.41452
1.2468
1.20309
1.3195
0.981115
0.946424
1.43162
0.913528
0.86211
0.976667
0.883851
1.27812
1.28923
0.591355
1.37612
1.40008
1.45563
0.795358
1.09956
1.54609
1.28245
0.856348
0.92733
1.54766
1.38187
1.27583
0.946186
1.53661
0.895416
1.45235
0.975754
1.38324
1.4611
1.40494
1.0462
1.26023
0.936081
1.42286
1.38032
0.863023
1.35439
1.55095
0.713441
0.710302
1.26413
1.55534
0.942177
1.05036
1.45844
1.10102
1.40923
1.47579
1.22398
1.40889
1.13818
1.1334
1.52528
0.752967
0.846057
1.02842
1.44467
0.971891
1.39143
1.32599
1.4475
1.1489
0.702898
1.02817
0.86901
1.44866
1.3425
1.37994
1.32095
1.52768
0.971185
1.11057
1.45026
1.11704
1.47415
0.947548
1.31298
1.4785
1.07573
0.794288
1.03773
1.49786
1.07935
1.3522
0.934768
0.762151
1.03757
1.342
1.03034
1.34156
1.30479
0.926029
1.00792
1.18771
1.1663
1.43839
1.13081
1.31777
1.26625
1.12273
1.26698
1.01871
1.28537
1.01036
1.18449
1.40603
1.51779
1.07016
1.01865
1.02927
1.46504
1.45228
1.24667
1.26561
1.48726
1.22669
1.04187
1.11954
1.56662
1.52317
1.52849
1.50939
0.599227
0.782072
1.51859
1.30764
0.848627
1.28844
1.44516
1.49155
1.55261
1.43044
0.969312
1.55273
0.672968
1.49467
1.36232
1.04323
0.955186
0.920458
1.26752
0.859535
0.946645
1.50972
1.05042
1.46841
1.43623
1.27813
0.825343
0.798886
1.18007
0.935781
1.47501
1.38579
1.26047
1.01293
1.4755
1.22982
1.16829
1.34388
1.54388
1.48567
0.776679
1.51272
1.56578
1.29706
1.19376
1.15942
1.50734
0.972518
0.644084
1.45862
0.535402
1.55276
0.845789
1.27564
1.48782
1.06856
1.27289
1.243
1.35464
1.43802
1.07345
1.17955
1.12353
1.03629
0.990923
0.900362
1.03639
1.08437
1.13121
1.40924
1.00733
1.44904
1.47108
1.26982
0.999807
1.54375
0.976224
1.15561
0.723393
1.33114
1.54162
1.45329
0.864461
1.0407
1.41022
0.447656
1.5107
0.887428
0.999947
1.24667
0.976194
0.429525
1.47915
1.45538
1.22346
1.34317
1.44159
1.42656
1.42672
1.44614
1.22252
1.54449
1.2808
0.617547
1.37788
0.862943
1.34103
1.41862
1.52012
1.29092
0.987578
1.16638
1.56433
1.18905
0.66234
1.48414
1.17446
1.15793
1.34425
1.44119
1.29938
1.34538
1.29701
1.11798
1.0641
1.04564
1.26304
1.14997
1.50307
1.22547
0.885713
1.494
1.18184
1.44393
0.82617
1.48769
1.4318
1.00706
1.43704
0.539328
1.46296
0.958388
1.49204
1.56883
1.50893
1.5581
1.1723
1.37868
1.00007
1.04523
0.7719
0.7678
1.12333
1.10726
0.811492
0.595577
1.31127
1.2153
1.43488
1.3219
1.43253
0.581387
0.869208
1.45598
0.849367
1.54559
1.21077
1.05851
1.26898
1.23619
1.03564
1.38684
0.926017
1.14948
0.684561
0.68241
1.26963
1.37682
0.908419
1.42039
1.50792
1.51527
1.4461
0.556466
0.945592
1.03582
1.0718
0.600642
1.54046
0.755888
1.51474
1.39447
1.53521
1.39645
1.54446
1.27174
1.32613
1.49002
0.822715
1.51254
1.47669
1.53688
0.932456
0.748263
1.20183
1.1468
0.755775
1.22405
1.24416
1.36936
1.37647
0.899576
1.24119
0.722611
1.54972
1.37826
1.22003
1.22548
1.39214
1.48567
0.507481
1.18481
1.39749
1.5407
1.41576
1.03831
1.40692
1.32873
1.17716
0.797928
1.47979
1.0447
0.686586
1.47879
1.0323
1.23641
1.03341
1.48206
1.00299
1.52085
1.21048
1.46053
1.41702
1.0547
1.27812
1.05235
1.46912
1.48052
0.972452
1.5487
1.5689
1.11298
0.935533
1.54742
0.728527
1.39403
0.444565
1.51373
0.37669
0.795841
1.30955
1.09298
1.42872
0.834136
0.855942
1.42317
1.44682
1.11865
1.42599
1.5672
1.01713
1.05411
1.29066
0.439729
0.594319
0.980969
1.12517
1.22816
1.11308
1.48769
1.18356
1.05641
1.39044
0.940858
1.3635
1.22265
1.39865
1.5162
1.22064
1.19666
0.606642
0.875134
0.604316
1.28514
1.04664
1.42592
1.39193
1.07549
1.54491
0.741742
1.15699
1.50899
1.29126
1.29589
1.19626
1.38237
0.679421
1.44239
1.36463
0.804738
1.45495
1.09041
1.40537
1.19041
1.05282
1.37963
1.3552
1.51755
1.30811
0.971744
1.37074
0.409843
1.53188
1.28818
1.10423
1.45163
1.55857
1.47619
1.36247
1.15526
0.69169
1.3731
1.30087
1.43773
1.50196
1.18749
0.890115
0.981001
1.06439
0.812023
0.947346
1.53753
1.55145
1.25862
0.900563
1.3236
1.55499
1.37932
1.4593
0.582634
1.52898
1.4122
0.771828
0.683418
1.15765
1.54299
0.831152
1.38572
1.06856
1.15232
1.38352
1.25497
1.4747
1.51082
1.25583
1.41858
1.28474
1.41996
1.35094
0.951456
1.51805
1.49259
1.4707
1.46562
1.20323
1.28214
1.4655
1.50501
1.26394
0.814944
1.39168
1.14003
1.02627
0.696189
1.35576
1.52317
1.01535
1.55438
1.26401
1.38783
1.41823
1.05205
1.56048
1.44897
0.865595
1.34197
1.20134
1.06749
1.13779
1.2013
1.53624
1.29735
1.17558
0.757077
1.15859
1.29377
0.603496
0.983262
1.557
0.764548
1.52012
1.28589
1.39527
1.11803
0.853186
1.22401
1.36283
1.08393
0.941819
1.30416
1.4861
1.42125
1.39497
1.28916
1.52192
1.23208
1.46489
1.40735
1.27777
0.726954
1.2649
1.54882
1.54919
1.4363
0.975164
1.39937
1.49186
1.06285
1.14596
1.15611
1.14306
1.39354
0.924606
1.55664
1.48696
1.4766
1.42773
1.56958
1.13992
1.47311
1.13023
1.13212
0.924278
1.55938
1.13475
1.38684
1.33359
1.20214
0.827086
1.22034
1.17114
1.31446
1.50055
1.56724
1.56726
1.33553
0.970049
1.51241
0.809303
1.54913
1.55706
0.680766
0.618964
1.34988
1.37167
0.854386
1.25136
0.844554
1.4793
1.2977
1.06347
1.44699
1.00639
1.41835
1.12364
1.33792
0.96975
0.999225
1.35227
1.25822
1.42042
1.47538
1.50942
1.56259
1.4289
1.20631
1.0175
1.14965
1.19816
1.54925
1.33186
1.08644
1.55206
1.28086
1.33956
1.4419
1.37232
1.16464
0.454424
0.543781
0.94351
1.42475
1.40085
1.29339
1.19306
1.11888
1.37289
1.26631
1.19581
0.855027
1.27946
0.560393
1.35051
1.3335
1.046
1.56262
1.30814
1.37615
1.227
1.09202
0.774056
1.39949
1.25654
0.899353
1.00207
1.4834
1.5699
1.41186
1.48968
1.35518
0.831649
1.31919
1.27277
1.31869
0.753099
1.05356
1.26112
1.4281
0.701171
0.974413
1.50275
1.06083
1.14174
1.3708
1.12096
1.29862
1.14664
0.542157
0.52001
1.33055
1.01601
1.03793
1.2326
0.844725
1.32391
1.19978
0.850745
1.12958
1.38777
1.43777
1.20563
1.53343
1.23631
1.53076
1.51694
1.06396
1.54119
1.25411
1.38013
1.18811
0.910895
1.40617
1.13986
1.20022
1.00074
0.730181
1.41644
1.32026
1.50599
1.42773
1.04386
1.21651
0.897469
1.47311
0.977963
1.44793
1.49908
0.883847
1.2549
1.48757
1.52141
1.20712
1.17974
1.54821
1.42577
0.757854
0.957195
1.53429
0.977504
0.984466
0.78613
1.51935
0.995623
1.10818
0.958048
1.45265
1.37359
0.860388
1.40883
1.05472
0.825787
1.23519
1.24821
1.41583
1.26784
1.42255
1.54974
1.37534
1.22048
0.796646
1.02803
1.26867
0.835554
1.12987
1.13643
1.08293
1.2574
1.26016
1.38617
1.28418
0.847299
1.15224
1.13347
1.05711
1.32309
1.31938
1.44116
0.683435
1.49773
1.52895
0.883399
0.505799
0.492607
1.43682
1.37325
0.931432
0.984859
1.55554
1.31645
1.34138
1.05389
1.56665
1.30735
0.9113
0.990131
1.3532
1.1925
1.22021
0.864585
0.894502
0.752869
1.11166
0.99965
0.854358
0.758258
1.18277
1.03183
0.824121
1.46979
1.40262
0.907649
1.38224
1.44235
1.54104
1.00184
0.889374
1.00897
1.17988
1.10333
0.483676
1.32254
0.946637
1.38134
1.28627
1.1913
0.913505
1.06186
0.977033
1.0105
0.8728
0.749605
1.42434
1.17346
0.979131
1.27621
1.07297
1.14688
1.30935
1.45438
1.1477
1.17207
0.917056
0.727847
1.51969
1.48991
1.15373
0.913836
0.926551
1.06954
0.62343
1.54003
1.36687
1.34551
1.34901
1.47053
1.11211
1.47213
1.4178
1.00971
0.808995
1.4511
1.39757
0.923214
1.50098
1.1342
1.14195
0.804315
0.847741
1.09263
1.47366
1.26195
1.06613
1.33601
1.57
1.18357
1.51302
0.970574
1.53366
1.031
0.851637
1.10658
1.5356
1.15479
1.30332
1.42201
1.35882
0.652042
1.48782
0.937866
1.28156
1.55767
0.600181
1.4244
1.44825
1.01295
1.02865
1.44528
1.22475
0.971395
1.10981
1.52537
0.627118
1.54757
1.39526
1.31035
1.25478
1.34093
1.43925
1.4569
1.17313
1.25299
0.581949
0.810814
1.548
0.827903
1.30852
1.18825
0.731095
0.976927
1.14395
0.652169
1.14604
1.53632
1.39438
1.51352
1.17233
1.43124
1.16524
1.27815
0.95895
0.966798
1.40203
1.43722
1.29605
1.40422
0.773278
1.02713
1.34005
1.51779
1.4491
1.38479
0.755115
1.41131
1.52427
1.45506
1.32938
1.52751
1.43322
1.32292
1.16843
1.35782
1.35395
1.44227
0.802515
0.703027
1.49137
1.23996
0.810989
0.608757
0.695061
1.25613
1.49651
0.924735
1.2513
1.46115
0.986611
0.906562
1.24854
1.27414
1.36275
0.856848
1.01997
1.08479
0.775366
1.54027
1.51516
1.087
1.5316
1.34582
1.5187
1.43537
1.24441
1.51639
1.17314
1.54128
1.5375
0.792764
1.14099
0.897003
0.871742
1.52928
1.41489
1.48175
1.48282
1.30169
1.04416
0.497002
0.991705
1.18584
0.824867
1.12569
1.05069
0.734892
1.22138
1.46405
0.900195
1.54498
0.738066
1.46464
1.5545
1.0545
1.29826
1.08907
1.03162
1.06697
1.00471
0.965591
1.52968
1.38882
0.846988
1.25773
1.25072
1.33692
1.20313
0.570649
1.3154
1.29789
1.42712
1.45335
1.51834
0.643357
1.14435
1.45506
1.09703
1.06511
1.33942
0.925074
1.16125
1.19186
1.02611
1.46139
1.08582
1.04001
1.52079
1.2944
1.31969
1.22683
1.39554
0.994538
1.48408
1.05627
1.41746
1.41872
1.46028
1.5523
1.12154
1.39342
1.36675
1.10265
1.39943
1.28589
1.57055
1.10135
1.41687
0.954371
1.1026
1.49841
1.56549
1.54342
1.14847
1.42742
0.980529
1.2551
1.48369
1.32035
1.30195
1.49504
1.51969
1.5179
1.3901
0.438459
0.54714
0.969903
1.46768
1.09293
0.26943
0.626049
1.33912
1.38342
1.49792
1.52647
1.05346
1.47755
1.21729
1.0516
1.3161
1.19422
1.43161
1.39385
1.4415
1.27787
0.883973
1.46099
