0.764009
0.710562
0.795124
1.55288
1.51208
1.39875
0.839883
1.39537
0.999447
1.45119
1.28519
1.32483
0.842921
1.21195
1.00878
1.4601
1.32335
1.23596
1.44227
0.903883
1.33965
1.13724
1.19705
0.785206
1.53759
0.816113
1.32806
1.34225
0.862046
1.23629
1.28929
0.932837
1.54772
0.879508
1.38295
1.33396
1.25169
1.1143
0.685824
0.655233
0.480019
1.46369
1.07271
1.53308
0.964737
1.36977
1.21071
1.5429
1.16799
1.14529
1.31563
1.01586
0.730495
1.2094
1.18109
1.42434
1.37873
0.817041
1.11213
1.15332
1.35021
1.52219
1.56433
0.575753
1.37496
1.43426
1.33761
1.50006
0.539143
0.999948
0.803291
0.885688
0.584667
1.36656
0.77017
1.32076
0.358484
1.20124
1.41499
0.854157
0.73366
1.26975
1.11995
1.11128
0.848374
1.18261
1.0091
1.16243
1.40986
1.2944
0.820676
1.32341
1.49835
0.582648
0.837789
0.979802
1.20367
1.55359
0.986696
0.912135
0.744337
1.32976
1.32479
1.40506
1.38181
0.813043
1.13145
1.17979
0.878684
0.637361
1.33121
1.285
1.20041
0.916816
1.39445
1.31364
1.34187
1.1971
1.17809
1.10228
1.00764
1.13643
1.22258
0.873327
1.36747
0.6694
1.33749
1.0235
1.43467
1.31755
1.3514
1.38876
0.864599
1.51944
1.40716
1.25246
0.952814
1.41393
1.0574
1.02677
1.10361
1.29745
0.599746
1.53673
1.30734
1.30416
0.916788
1.43977
1.47771
1.55474
1.20578
1.39932
1.50709
1.55487
1.21521
1.35671
1.1647
1.22242
1.04413
1.21038
1.32882
0.883207
0.770169
1.48795
1.37609
0.613854
1.22483
1.01604
1.55871
1.29236
1.31785
1.36675
0.812468
0.591856
1.51516
1.38634
1.44627
1.44848
1.24786
1.47182
1.22826
1.36643
1.20307
1.21162
0.956781
1.29605
1.10066
1.49398
1.44747
1.16822
0.948471
1.23169
1.09921
1.54107
1.51932
1.34719
1.24171
1.23754
1.50401
1.1373
0.755209
1.46659
1.25085
1.05746
0.62106
1.3542
1.25901
1.54137
0.995702
1.46979
1.43155
1.46768
1.15958
1.48328
1.4644
1.45985
1.52775
1.36129
1.42193
1.55643
1.35161
1.46157
1.20018
1.54156
1.1186
1.30296
1.40234
1.33472
1.51125
1.43611
1.23544
1.49326
0.713513
1.09501
1.14086
0.828206
0.953257
1.14032
1.33133
1.25862
1.44091
1.43225
0.743924
1.52317
1.06128
1.44476
1.27393
1.19146
1.32153
1.3274
1.09744
0.970065
0.690783
1.44455
1.46734
0.763686
1.1068
0.841533
0.987685
0.955729
0.878484
0.915362
1.25369
1.30314
0.838929
1.00929
1.00069
0.763253
0.736543
1.16228
1.05034
0.809195
0.794534
1.43075
1.49029
0.986602
1.56134
0.715255
1.12766
1.31402
1.37192
1.50532
1.17716
1.55328
1.34923
1.01231
0.605028
1.51208
1.17244
1.05296
0.775569
1.30752
1.44468
1.5022
1.0796
0.638869
0.62476
0.672307
1.3348
1.36709
1.29891
0.84854
0.953721
1.40939
1.02452
1.43934
0.842819
1.04423
1.16896
1.45684
1.02849
0.564437
0.96517
1.21342
1.47008
0.948737
1.39372
1.24268
1.22486
1.4354
1.34776
1.51654
1.04598
1.43814
1.56304
1.4589
1.47084
0.539945
1.3231
1.40481
1.34291
1.10018
1.21083
1.49991
1.36101
1.4045
1.25774
1.40122
1.53545
1.01286
1.04833
1.53011
1.08367
1.0901
1.21833
0.922621
0.752294
1.42804
0.762854
1.39168
1.27697
0.967515
1.28831
1.38324
1.05142
1.40751
1.17664
1.0655
1.16391
1.33472
1.39542
1.00458
1.13302
1.32869
1.31806
1.36778
1.21299
0.683497
1.22035
0.471248
1.48439
1.50887
1.01292
1.42674
1.00482
1.34108
1.04931
0.987689
1.1371
1.38653
0.833272
1.43183
0.862197
1.40122
1.47041
1.34184
1.16491
1.39224
1.51688
1.34832
1.26381
0.84029
0.961864
1.28938
0.88028
1.06121
1.28634
0.479015
1.56579
1.3656
1.37425
1.56506
0.949423
1.48405
1.34206
0.948832
0.711858
1.33626
1.01872
1.06103
1.53423
1.19796
1.44467
1.4097
1.14884
1.22064
1.05502
1.52354
1.45782
1.47948
1.49121
0.773965
0.916332
1.33231
1.35426
0.829093
1.39908
1.25127
1.54351
1.30912
1.50737
1.34254
1.55352
0.557444
1.39806
1.12085
1.46068
0.879686
1.54843
1.04669
1.08785
0.999315
0.627905
1.19439
1.53151
1.15087
1.46697
0.853191
1.00188
1.57027
1.0014
0.838641
1.46545
1.2843
1.24798
1.20415
1.53117
1.23659
1.56436
1.00339
1.55096
1.47558
1.10297
1.35331
0.902532
1.30157
1.40809
1.02221
1.2504
1.19046
1.3846
0.982302
1.37785
1.42681
1.38109
1.46952
1.00253
1.38684
1.50352
1.54449
1.10776
1.26445
1.25451
1.51443
1.26071
1.51134
0.895098
1.16459
1.44249
1.411
0.337217
1.50116
1.13386
1.55944
1.05851
1.14616
1.33637
0.819506
0.737201
1.21918
1.48707
0.717482
1.25391
1.20572
1.4355
1.51339
1.37609
1.52801
1.28041
1.56799
1.06733
0.791666
1.31629
1.36438
1.22158
1.47114
1.44968
1.40571
1.48752
1.31465
1.39943
1.24174
1.49981
1.14453
1.48084
1.45667
0.657825
0.948149
1.16781
1.12776
0.987663
0.930073
0.88654
0.647568
0.835095
0.798455
1.43177
1.01934
0.975589
1.08651
1.51168
1.09395
1.24139
1.41156
1.18656
1.43374
1.32599
1.47948
0.976968
1.55461
0.839969
1.3517
0.9023
1.3797
0.921487
0.848387
1.44368
1.49926
0.721215
1.28016
1.24622
1.24455
1.56146
1.01889
1.49905
0.987717
1.38485
0.919576
1.50532
1.52354
1.29281
1.06606
1.1479
1.47568
1.36051
1.48316
1.29732
1.50914
1.57055
1.55636
1.21784
1.11722
1.46846
0.881238
1.36196
1.13859
1.11022
1.38286
0.975677
1.07665
1.28691
0.724519
1.49541
1.43316
1.3003
1.23231
1.36064
1.24206
1.43894
0.934477
1.30479
0.819761
1.2377
1.05793
1.25208
1.177
1.12456
1.5003
1.27704
1.29881
1.31419
1.24837
1.10996
1.36812
1.0811
1.45358
1.24972
1.47881
1.53951
1.51947
0.934094
1.19259
1.53423
1.37457
0.67107
1.10685
1.44756
1.2518
0.965154
1.52287
1.3113
1.272
0.796317
0.992864
1.32774
1.40376
1.43913
0.821482
1.09512
1.42856
1.3202
0.729064
1.3298
0.844109
1.18024
1.05743
0.41163
1.47789
1.40619
1.1892
1.36762
1.3978
1.18211
1.36544
1.53172
0.834832
1.25711
1.3552
0.651822
1.12571
1.56597
0.834167
1.52503
1.42764
1.06104
1.21793
1.08509
1.15355
1.20741
0.848253
1.03988
0.800136
1.38504
1.34325
1.02234
1.23675
1.39618
1.40129
1.26189
1.47433
1.06565
1.33887
1.20471
1.1738
1.19495
0.77994
1.36918
0.962518
1.42839
1.24389
1.37235
0.656322
1.46958
1.24283
1.5523
1.31597
1.52653
1.08156
0.977714
1.12535
0.884693
1.14426
1.04879
1.00509
1.53543
1.23227
0.95576
1.52544
1.06397
1.05977
1.33829
0.838396
1.26771
0.91452
1.41495
0.963771
1.12158
1.29377
1.10778
1.23233
1.04365
1.48017
1.08174
1.17697
1.52403
1.46763
1.45761
1.45663
1.10478
1.35479
1.54723
0.821459
0.936164
0.828814
1.31092
1.21501
1.55502
1.29001
1.22165
1.56237
1.24757
1.43962
0.446099
1.05716
1.39242
1.223
1.23919
1.55511
1.52164
1.5243
1.30223
1.49743
1.2794
0.657306
1.35233
0.667716
1.32042
0.684872
1.2067
1.39741
1.5548
0.966615
1.15158
1.14083
1.37145
1.50687
1.01216
1.25939
1.30817
1.00541
1.01137
1.55841
1.38196
1.54719
1.46458
1.40268
1.27731
1.19581
1.0707
1.01808
1.41891
0.820546
1.05248
1.07509
1.45985
1.35376
1.31247
1.4215
0.873036
1.49743
1.35396
1.29131
0.787828
1.30516
1.28484
1.51562
1.3783
0.925812
0.56281
1.49657
1.04357
1.36109
1.16151
1.51232
1.28769
1.20365
1.12624
1.22638
0.997371
1.40159
1.42
1.50024
1.39887
1.5123
1.07991
1.41946
1.51523
1.12131
1.00921
1.09081
1.12932
1.52342
1.40933
0.976996
1.37229
0.613519
1.28223
0.707464
1.07876
1.39816
1.39862
1.54916
1.24108
1.10689
1.47296
1.39194
1.16949
1.46819
1.45742
0.859876
1.24798
1.21726
1.22277
1.56323
0.991586
1.48873
1.46875
1.48616
0.968037
1.14186
1.3204
1.31859
1.02192
1.04983
0.845741
1.49783
1.3631
1.20153
1.33717
1.40688
1.25766
1.24893
1.3049
1.25561
1.29355
0.933925
1.55558
0.830997
1.37907
1.22601
0.925696
1.34532
1.46642
1.34912
0.986894
1.44793
1.52989
1.25181
1.53319
1.3292
1.51871
0.892431
1.52335
1.50348
1.40586
1.31424
1.36731
1.36541
1.47225
1.4302
1.28932
1.33761
0.929244
1.1387
0.90684
0.858815
1.34676
1.56366
0.827966
1.36565
1.33183
1.5574
0.780345
0.874784
0.954436
1.27697
1.29171
1.37497
1.21956
1.40651
1.47899
1.1238
1.34204
0.995039
1.32467
0.871383
0.957412
0.9469
0.961025
1.24736
0.816931
1.29326
0.710324
1.31446
1.10846
0.923865
1.33147
1.52506
1.52036
0.873781
1.50151
0.807979
1.18336
1.24635
1.29085
0.891573
1.04314
1.23906
1.29281
1.4387
1.43491
1.14784
0.842611
1.40871
1.25329
1.3213
1.41304
1.49683
1.36095
1.39721
0.795801
1.22713
0.542653
1.25841
0.76259
1.44488
1.19426
0.74469
0.880602
0.967455
1.34071
1.22096
1.44227
0.776579
1.57003
1.46929
1.20901
1.31361
1.49867
0.91601
0.887808
1.21377
0.937374
1.44424
0.956383
1.39081
1.50691
1.10183
1.13206
1.46636
1.51393
1.54407
0.825549
1.1913
1.56164
1.42113
1.39523
1.24364
1.52455
1.4951
1.17095
0.901416
1.53313
1.54609
1.51993
1.00524
1.49608
1.00106
1.21787
1.11384
0.846582
1.04664
1.11241
1.34444
1.49294
0.609787
0.539242
1.34075
1.48414
1.52818
1.18027
1.18494
1.20751
0.615098
1.34385
1.26953
1.4383
1.29956
1.38895
0.874816
1.37341
1.40384
1.49547
1.04252
0.843988
1.42851
1.2625
1.2667
1.51373
1.4011
1.36284
1.31174
0.984624
0.873184
1.11437
0.970505
1.25877
1.53256
1.16871
1.2594
1.40521
0.950723
0.844769
0.600818
0.928389
0.73727
0.980813
1.50038
0.93547
1.54356
1.47065
0.854388
0.510715
1.30704
1.44733
1.36266
1.00615
1.54351
1.25027
1.50147
1.45684
1.53722
1.48451
1.48212
0.966524
1.54043
1.53362
1.45629
1.52665
0.982654
1.56066
1.42927
1.50679
1.20418
1.52858
1.00705
1.31793
1.28463
1.39599
1.42121
1.29659
1.31199
1.26897
1.48592
1.04039
1.12164
0.657991
1.36737
1.49695
1.11779
0.975838
0.698043
1.3828
1.19146
1.42514
1.36409
1.49082
1.37596
1.3108
1.35938
0.904476
1.54665
1.28401
1.41152
1.56857
1.28951
0.49864
1.4872
1.16019
1.37192
1.18705
0.981996
0.427167
1.02978
1.46841
1.39213
0.574744
1.51779
1.44085
1.01372
0.994574
1.53814
1.36357
1.15627
1.50917
1.51825
1.40104
1.2437
1.48935
1.29561
1.56822
0.768168
1.02796
1.20699
1.29628
1.45372
1.21347
1.3838
1.55316
1.30574
1.05789
1.33017
1.50792
1.47798
1.51009
1.04296
1.42044
0.95609
1.01363
1.28328
1.42989
1.00862
1.53548
1.01037
0.811482
1.35686
0.75552
1.26718
1.43047
1.2458
0.733858
1.54742
1.44567
1.12463
0.75816
1.44116
1.32398
1.51136
1.37002
1.56866
1.41798
1.07878
1.04015
1.42078
0.816245
0.807734
0.862363
1.36082
1.53496
1.55459
0.818324
1.42116
0.773009
1.53832
1.4326
1.37836
1.48702
1.02555
1.25079
1.52476
0.950716
0.816051
1.45112
1.08735
0.724412
1.04382
1.14831
1.38125
1.2522
0.879297
1.35853
1.52519
0.925952
1.08174
0.89406
1.46835
1.47335
1.41668
1.41829
0.935735
0.820929
1.26464
1.28116
1.48089
1.1674
0.785853
1.39871
1.41773
1.43505
0.825726
1.5611
0.650832
1.47945
0.416218
1.29187
1.37489
1.36157
0.773859
1.0311
1.26247
1.47205
1.2312
1.14046
0.863621
1.3792
1.37455
1.40547
0.826535
1.5388
0.837169
1.15782
1.56256
1.39106
0.61327
0.936293
1.45371
0.802788
0.745659
0.69302
0.753048
1.47108
1.2565
1.46473
1.46504
1.17091
1.14361
1.4467
1.32989
1.12
1.49186
1.41118
1.04619
1.24719
1.47859
1.40271
0.558962
1.31753
1.16131
1.53588
1.14613
1.42113
0.985449
1.10016
0.744603
1.10637
1.47709
1.32397
1.01741
1.0531
1.46372
1.15895
1.29602
1.32618
1.16981
1.4219
1.49198
1.11384
1.37932
1.33253
1.34103
1.54308
1.53728
1.4961
0.98499
1.50666
1.45838
1.53936
1.39169
1.55784
1.41656
1.1386
0.828763
0.590395
1.41739
1.04589
1.01036
1.33915
1.20268
1.55636
1.50348
1.20699
1.37428
1.42624
1.00966
1.04106
1.14871
1.53508
0.88913
1.55136
0.985809
1.02374
1.41202
1.23684
1.11343
0.891751
1.26643
1.39096
1.19554
1.37248
1.17981
1.03429
1.37749
0.836099
0.974788
1.37531
0.991586
1.14076
1.45858
1.09542
1.50853
0.761927
0.757713
1.05255
1.18719
1.11963
0.970196
1.45807
1.45911
1.47531
1.40619
1.37304
0.633271
1.36469
1.5104
0.820224
1.43223
1.06305
1.50373
1.49164
0.879553
1.18114
1.55826
0.784349
1.26727
0.650595
0.62997
1.44122
0.757107
1.30226
1.47007
1.00733
0.688096
0.916946
1.43956
0.774618
1.34995
1.40091
1.55712
0.661404
1.45948
1.26867
1.21974
1.24674
0.994569
0.657554
1.17214
1.49455
0.760692
1.21553
0.903194
1.23816
1.16325
1.18877
0.727416
1.05857
1.43362
1.34105
1.44608
0.376052
1.36706
1.43894
1.56744
1.02104
1.54723
1.09904
1.17509
1.13037
1.28191
1.4674
1.3346
0.778565
1.3522
0.992667
1.50006
1.06388
1.46828
1.37287
1.50278
1.49834
1.04424
1.42755
0.670999
1.3352
1.4971
1.32243
1.33248
1.33561
0.735707
0.583684
1.37172
1.0874
1.48579
1.1658
0.964607
0.910321
1.40602
1.53594
1.02943
1.34482
1.07779
0.891114
0.615106
1.10779
1.37758
1.3296
1.36419
1.1915
1.39484
1.53786
0.867318
1.48206
1.41656
0.610112
1.15305
1.2408
1.37593
1.43945
1.47616
1.08223
1.40815
0.943504
1.00556
1.41878
0.941673
1.05847
1.41798
1.54894
1.53411
1.09928
1.34463
1.25119
1.12476
1.4366
0.892617
1.46169
0.907126
1.36325
1.13568
0.969331
0.268938
1.16328
1.50758
0.99867
1.17974
1.17399
1.02449
1.38935
1.40889
0.940383
1.40138
1.25567
0.810206
1.42255
0.532472
0.635221
0.631242
1.18547
0.960995
1.28308
1.43315
1.4502
1.39279
1.32597
1.18363
0.768431
1.0374
1.34642
0.793405
1.16936
0.840173
1.44415
1.30979
1.12982
1.2479
0.803951
1.51783
1.34981
1.0379
1.08293
0.972186
0.925295
1.04367
1.27608
1.51122
0.594942
1.40859
1.47415
1.37094
1.05632
1.40355
1.10148
1.33554
1.366
0.720104
1.07874
0.989196
1.53783
1.3796
0.790058
1.27385
1.39881
0.766691
1.52864
1.32217
0.955891
1.46406
0.945433
1.19318
1.45414
1.1914
1.38081
1.47516
1.4338
1.57006
0.9416
0.931986
1.23461
0.871209
1.48792
1.56909
1.22781
1.54395
1.228
0.923963
1.34939
1.53218
1.51247
1.03073
1.0753
1.41471
1.55928
1.24914
1.19717
1.16485
1.35901
1.11354
1.52745
1.36226
1.3597
1.34676
1.06312
1.08347
1.50748
1.0995
1.26548
1.22229
0.959034
1.38423
1.3252
1.00531
0.982519
1.24717
1.27678
0.93043
1.26311
1.48766
1.54351
1.54241
1.2337
1.37322
1.51809
1.21131
1.46949
1.22277
1.29009
0.930389
1.24461
1.15724
1.38605
1.23462
1.09133
1.43605
0.840641
0.601009
1.09956
1.20355
1.04539
1.41168
0.722998
1.33629
1.19015
1.48958
1.51993
1.18462
1.34491
1.31096
0.922561
1.20183
0.971466
1.04557
0.830692
0.798994
1.01094
1.56494
1.11604
1.52806
1.48488
1.54368
1.4199
1.13104
0.804223
1.17471
1.50648
0.988969
1.47642
1.5195
1.03718
0.558115
0.961683
0.740115
1.27943
1.16265
1.51605
0.73791
0.702595
1.50734
1.20569
1.00527
1.16297
0.965112
0.746612
1.49161
1.1879
1.41749
1.3726
1.52293
0.6979
1.3601
0.882814
1.53502
1.2287
1.53917
1.38348
1.10995
1.52574
0.806143
1.23958
1.48824
0.547059
1.45386
1.3769
1.31105
1.55029
0.786222
1.26579
0.860402
1.56596
0.796976
1.06721
1.29531
1.43773
0.993768
0.945785
0.6322
1.53001
1.09725
1.51559
1.25907
1.12929
1.08555
1.48359
1.41628
1.5258
0.860053
1.21813
1.56835
0.721957
1.54614
1.31389
1.32605
1.24299
1.44694
1.27644
1.45592
1.28544
1.42246
0.832258
1.29278
1.19737
1.25756
0.908626
1.0351
1.27694
1.21939
1.53624
1.54293
1.10765
1.38388
1.32882
1.56854
1.01203
1.27195
1.37876
1.47243
1.47559
1.46384
0.592392
1.15437
1.24738
1.24139
1.05928
1.5661
1.42884
1.55267
1.23522
1.30745
1.2511
1.45733
1.52708
1.55784
1.31183
0.93237
1.28615
1.45918
1.36633
1.28905
1.56231
1.25914
1.39297
1.13299
1.51202
1.43158
1.17068
0.695478
0.977811
1.51156
0.790897
1.36432
1.16219
1.4783
1.34895
1.45299
1.02427
1.32617
0.681893
1.3195
1.50515
0.918413
1.19405
1.24332
1.35859
0.986027
1.51407
1.3825
1.46912
1.29745
1.01921
1.39813
0.780007
1.16705
1.44922
1.12361
1.14356
1.22284
1.42523
0.969331
1.10259
1.28697
1.4843
1.53634
1.48824
1.52849
1.37739
1.44159
1.39918
0.933631
1.27383
1.44676
1.15948
0.998712
0.785105
1.02117
1.16457
0.967673
1.25467
0.943517
1.16985
1.41375
0.741066
1.20702
1.52192
1.46059
1.07514
1.41387
1.27825
1.09257
1.4458
1.31641
0.367387
1.56585
1.16111
1.49351
1.51043
1.34781
1.22599
1.24783
1.42388
1.41767
0.884909
1.31613
1.53295
1.5228
0.706794
1.08159
1.29896
1.49946
1.22988
1.50018
0.805329
1.31793
1.19828
1.4507
0.922575
1.02418
0.74851
0.990447
1.37814
1.31471
1.48953
1.33048
1.15104
1.56911
1.16603
1.43627
1.27334
1.03849
1.26854
1.10238
1.48469
1.14403
1.19232
1.48124
1.35133
1.5033
0.897553
1.55787
1.07627
1.06425
1.09693
1.47091
0.701046
1.1851
0.958299
1.1665
1.28926
1.28417
1.3046
1.23668
0.660335
1.41433
1.4534
0.972281
1.40097
0.932516
1.4632
0.960302
0.932466
1.15845
0.675168
1.37198
1.32423
1.2541
1.45669
0.622312
1.21069
1.34206
1.52726
1.54493
1.33265
1.32958
0.99851
1.03813
1.40933
1.21783
1.45432
1.36703
1.27952
0.906157
1.40376
1.55432
1.46507
0.801909
1.42955
1.16898
1.00602
1.34375
1.04017
1.57034
1.1395
1.08872
1.39031
0.64272
0.941248
1.11788
1.56628
1.17447
0.994785
0.899381
0.892297
1.20228
1.43901
1.03882
1.52134
1.00517
1.3993
0.686861
1.1883
1.31938
1.18992
0.969621
0.589758
1.19958
0.759713
1.42989
1.25667
0.705322
1.08186
1.36552
1.33222
0.883103
1.12887
1.00899
1.23016
1.04021
1.15992
1.51669
1.45745
1.05591
1.00012
1.45962
1.22878
1.06472
0.768844
1.11865
1.50856
1.56866
1.52873
1.16484
1.37512
1.15706
0.946256
1.26938
1.16199
1.3859
1.57019
1.5111
1.10415
1.05493
0.846884
0.916609
1.37867
1.40129
1.35357
1.27693
1.44728
1.31591
0.679829
1.2369
1.30894
0.98591
1.2996
0.945999
0.400021
0.582737
1.45444
0.79527
0.905179
1.43568
1.38809
1.55822
0.636744
1.504
0.79548
1.05768
1.24332
1.32812
1.25644
0.930913
1.32133
0.975511
1.28173
1.21969
0.637441
1.44605
1.39782
1.23848
0.743258
1.03045
0.927283
1.44781
1.35533
1.43231
0.838574
1.40429
1.14445
1.36115
0.678087
1.45862
1.15609
1.11437
1.19046
1.53108
0.716912
1.52198
1.14106
0.984325
1.35798
1.11286
1.39453
1.1011
1.47157
1.17289
1.42744
1.09632
1.48953
1.42438
0.813923
1.07467
1.46347
1.297
0.936886
0.901409
0.802449
1.21423
1.41511
1.54098
1.24763
1.1227
0.912477
1.39496
1.36101
1.20706
1.25053
1.36244
1.09489
1.53647
0.884439
1.02292
0.341919
1.51003
0.996276
1.54162
1.1996
1.41661
1.21078
1.12604
1.48696
1.33517
1.31023
1.06414
1.27193
1.2977
1.46298
1.19904
1.34073
0.628743
1.54461
1.40742
1.22352
0.805321
1.53737
0.992204
1.55227
0.999182
1.00731
1.18525
1.25952
1.12325
1.33058
1.31947
0.836984
1.5181
1.30524
0.92374
1.34507
0.907178
1.43316
1.43605
1.23304
1.38907
1.54649
0.656074
1.08096
1.1976
0.984802
0.390984
0.724592
1.33347
1.46427
1.35764
1.43149
1.26247
1.02564
1.34557
1.43993
1.19281
1.56616
1.23743
1.03248
1.28491
0.993695
1.35558
1.23022
1.15222
1.35289
1.06512
1.11818
1.01681
1.29989
1.28229
0.972575
1.49548
1.50289
1.41418
0.772801
0.787321
1.56689
1.46838
1.50789
1.46335
1.22703
1.42329
1.53093
1.56634
1.17287
0.963536
0.710206
1.54084
0.881193
1.37344
0.620643
1.46393
0.749193
1.00088
1.19967
1.03047
1.54725
1.53386
1.24487
1.48056
1.30385
1.5188
1.16818
1.42135
0.817137
1.34388
1.13898
1.28097
1.03206
1.47562
1.16856
1.49406
1.51557
1.30512
1.03072
0.784096
1.54955
1.15786
1.11906
1.41755
0.701436
1.49143
1.27561
1.51272
1.06697
1.23202
1.23428
0.783028
1.00045
1.51144
1.56604
1.50486
1.4711
1.15592
1.25714
1.00539
1.56671
1.32016
1.46265
1.43878
1.32184
1.11377
0.959986
1.04804
1.54962
0.910738
1.45014
0.945354
1.29324
0.92824
1.00053
1.18017
1.32102
0.952643
0.915207
1.51857
1.14486
1.45086
1.24611
0.935859
1.4451
1.14198
1.44261
0.777465
1.47973
1.45807
1.24835
1.24467
1.37578
0.97297
1.44182
1.38071
0.709087
1.5055
1.37217
1.19454
0.929316
0.285084
1.4459
1.5421
1.12039
1.52549
1.29804
1.4766
0.533924
1.15365
0.988799
1.31852
1.32764
1.14492
1.36965
1.18369
1.1653
1.52421
1.12988
1.23977
0.616908
1.09395
1.19475
1.24309
0.892128
0.556071
1.42483
1.02732
1.05956
1.51186
1.01532
0.98714
1.14389
0.85006
1.43599
1.27957
0.764828
1.33884
0.770463
1.36584
0.965912
1.20228
1.44793
0.758354
1.37692
0.731815
1.40413
1.55509
1.50272
1.31534
1.33572
1.32177
1.55165
1.15295
1.54424
1.04452
0.92111
1.33413
1.08702
1.51859
0.688941
1.38578
1.22261
1.41787
1.09394
1.48543
1.24248
1.04423
1.37515
0.849169
1.01118
1.38206
0.930186
1.51906
1.05908
1.25987
0.863635
1.19517
1.53343
1.39256
1.03413
1.0915
0.931136
0.864937
1.33069
0.639011
1.15176
1.28261
1.29598
0.892888
1.17068
0.982594
1.39532
1.10511
1.10776
1.21878
1.18177
1.46427
0.723209
1.00311
0.998859
1.34945
1.18043
1.04077
1.43143
1.49778
1.55172
1.54607
1.21065
1.36388
0.332152
1.01693
0.463967
1.30859
1.38485
0.534683
1.51055
0.537606
0.789881
1.39138
1.51486
1.28277
0.73008
1.40766
0.964324
1.17544
1.44836
1.54088
1.15581
1.50966
0.328254
0.856652
1.39927
1.1173
1.30934
1.01113
1.01798
1.29275
0.866741
1.5096
0.929934
1.00928
1.5185
1.3101
1.41647
1.14046
0.499072
1.16172
1.29231
1.03275
0.623128
0.994713
1.24667
1.00737
0.985173
1.54705
1.3003
1.01935
0.637996
1.1455
1.04077
1.35849
1.08603
0.477708
1.17267
1.36475
1.23858
0.999967
1.23406
0.951333
1.31301
0.955007
1.04711
0.948288
1.52278
1.38659
1.15733
1.48596
1.49345
1.44242
1.32204
0.750533
1.1402
1.18787
1.07051
1.56452
1.00883
1.52775
1.46992
1.47676
1.32227
1.43565
0.694715
1.3166
1.27831
1.4093
1.18007
1.56079
1.35029
0.913824
1.49547
0.654944
0.754175
1.56018
1.04155
0.891961
1.01333
0.978392
0.596637
1.42137
1.12726
1.36363
1.49131
1.34306
1.50036
1.40048
1.32076
1.25952
1.31963
1.07162
1.11647
1.34244
1.06033
1.48837
1.52018
1.33447
1.54949
0.707085
1.0307
1.45868
1.51657
0.752113
1.48751
1.54095
1.49856
1.17009
1.32297
1.55195
1.25312
0.835474
1.47769
0.821489
0.686055
1.2259
1.26292
1.10925
1.22602
1.50281
1.13589
1.06235
1.56228
0.376851
0.916512
1.05381
0.86626
1.43981
1.09832
1.06447
0.71505
1.43964
0.87945
1.20927
1.21322
1.13467
1.53612
1.26737
1.47666
1.45924
1.43195
1.14917
0.853422
1.27258
1.32441
1.2467
1.06837
0.877705
1.21475
0.682613
1.54211
0.979723
1.34817
1.548
1.5462
0.99151
0.798708
1.38106
0.902957
1.09195
1.16093
1.27379
0.808109
1.17224
0.885752
0.928388
1.34357
1.29582
1.46028
0.374596
1.20159
1.25458
0.80497
0.682816
0.819208
1.56329
1.46771
1.30398
1.03478
1.50514
1.34519
1.54223
1.33304
0.708035
0.890384
0.920254
1.54675
1.44331
1.22524
1.53385
1.43858
1.05686
0.49709
0.654777
0.641177
0.824728
1.49219
1.09545
1.36045
1.02106
0.896673
1.15596
0.923837
1.39081
0.948744
0.958178
1.39056
1.51211
1.32664
0.957752
0.757782
1.17764
1.17081
0.501928
1.07382
1.11823
0.981114
1.20549
1.49793
1.52494
0.978689
0.51654
1.40432
1.23004
0.876747
1.29351
1.26381
1.24064
0.728542
0.986817
1.49265
1.45205
1.48383
1.3873
1.05443
1.40326
1.52015
1.02838
1.51468
1.52894
0.651534
1.07624
1.52155
0.708703
1.25468
1.38006
0.926629
1.1732
0.887144
1.5103
1.02965
1.1207
1.19232
1.54385
1.56478
1.42403
1.48203
1.44787
1.48726
0.704763
1.3498
0.958889
1.30939
1.15965
1.2757
1.29634
1.5567
1.30713
1.41044
0.272874
1.28366
1.10408
0.62141
1.13188
1.45082
1.53953
0.586989
1.20222
1.01292
1.49737
1.15857
0.725306
1.24178
0.792552
1.37017
1.38094
0.909809
1.21154
1.39453
0.876446
1.54235
1.18144
1.04713
1.23538
1.20196
1.2829
1.21687
1.47219
1.46949
1.48711
1.42662
1.08732
1.46932
1.27952
1.03924
1.18304
1.3847
1.31452
1.46777
0.92243
1.0549
1.27739
0.985139
1.43885
1.5365
1.26387
1.19777
1.21631
1.32077
1.56231
1.50446
1.33256
1.25387
1.5556
1.16644
0.831051
1.22133
1.01595
1.13814
1.32347
1.3046
1.20522
0.858079
0.91237
1.32511
1.08311
1.06173
0.946296
1.26554
1.31603
1.10124
1.21794
0.534092
1.29891
1.43476
1.11617
1.34432
1.22693
1.44627
1.10469
1.15795
1.30851
1.16337
1.23454
1.27647
1.53111
1.51981
0.746168
0.644481
1.47292
1.45887
1.23738
0.971579
1.35795
0.839521
1.29952
1.04688
1.52864
1.40878
1.01805
1.16975
1.45521
1.55382
0.986471
1.41572
1.53811
1.16111
0.959032
1.27832
1.32753
0.489603
0.806229
1.21547
1.34194
1.39899
0.998986
1.39011
0.907862
0.777869
1.02599
1.32083
1.53946
1.20055
1.26861
1.0152
1.38282
1.05245
1.25179
1.03647
0.958818
1.22002
0.93919
0.885471
1.17878
0.860226
0.886501
1.34549
0.884273
1.31171
1.38771
1.44236
1.44409
1.18109
1.40545
1.27799
1.15327
1.37578
1.43087
1.17306
1.40724
0.569647
1.3127
1.50679
0.692106
0.815316
0.815628
1.11872
1.52213
1.17244
1.10716
1.48068
1.37677
1.12795
1.03948
1.44627
1.24872
1.46249
1.23716
1.50933
0.950152
1.13616
0.998549
0.977811
0.929144
1.4601
1.36374
1.26247
1.32982
1.49216
1.23773
1.51694
1.09809
0.84571
1.51455
1.09219
1.01446
0.82371
1.27289
1.10752
1.05868
0.971554
1.49159
1.22885
1.50601
1.38622
1.46065
0.709158
1.53885
1.44412
1.02478
1.22852
1.43796
0.830573
0.802891
0.968283
1.31637
1.36483
1.47513
1.17749
1.30137
1.14811
1.55444
1.28208
1.37758
1.25385
0.639285
1.38286
1.39286
1.306
1.46961
1.46436
1.40543
0.983575
1.56413
0.845303
0.618975
1.15293
1.52128
0.710001
0.9642
0.946206
1.46163
1.39943
1.02157
1.09436
1.38895
1.50688
0.969585
1.02255
1.15792
1.0557
1.42218
1.52787
1.38597
1.31313
1.54214
0.652291
1.55239
0.611744
0.859445
0.979294
1.35945
1.25702
1.47672
0.897232
1.11975
1.18419
1.53826
1.45026
1.08927
1.48111
1.45125
1.30011
1.33611
1.29615
0.890263
1.20784
1.02553
1.06157
1.32057
1.54717
1.50148
1.13871
0.826689
1.33412
1.11914
1.44953
1.27184
1.26384
0.920367
1.06909
0.857521
1.5531
1.50208
1.54201
1.45824
1.30662
1.28204
1.41514
1.47053
1.37787
1.24058
1.21134
1.14298
1.20908
0.771322
1.35334
1.47511
1.24712
1.29814
1.54665
1.1332
1.34649
1.55902
1.00373
1.39645
1.1841
1.20236
0.285352
1.04808
1.42193
1.48573
0.762525
1.52956
0.970645
1.46863
1.01573
1.53249
0.841746
0.976341
1.19021
1.08955
0.995902
1.43045
0.797233
1.32051
1.12598
1.30777
1.38938
1.21777
1.39196
1.49186
1.43085
0.433778
0.989971
1.37565
1.51779
1.49249
1.22001
1.52638
1.38681
1.42348
1.4152
1.30969
1.24915
1.09689
1.09483
1.2663
1.34823
1.56502
1.0431
0.922727
1.31427
1.25
1.27468
1.29431
0.932059
1.51468
1.56488
1.51101
1.30353
1.05428
0.866383
0.956551
1.38137
1.38174
1.45026
1.40717
1.28137
1.0616
1.46874
0.64867
1.51639
1.39075
1.43816
0.763621
0.800086
0.985161
1.0469
1.02934
1.41848
1.2169
1.03907
0.937463
0.9577
0.987063
1.08181
1.13711
1.12312
0.41098
0.738382
1.047
1.1956
0.698994
1.4058
1.55596
1.35362
1.35633
1.55828
0.945133
0.975525
1.4883
1.15579
1.21064
1.01715
1.16328
0.791357
0.573678
1.26637
0.621253
1.39255
1.56836
0.812158
1.21417
1.40438
1.41625
1.47104
1.38994
1.11012
1.13582
1.56127
1.22512
1.1186
1.33048
1.54198
1.30353
0.746658
0.985491
1.41582
0.963392
1.40302
0.825575
1.43617
1.33328
1.45572
1.54302
0.80875
1.43291
0.612494
1.41226
1.24422
1.29364
1.0469
1.07967
0.997656
1.40896
1.44787
1.11105
1.54795
1.36859
1.24772
1.02178
1.42545
0.61808
1.54739
1.42391
1.35548
1.32939
1.38103
1.53762
1.34908
1.41088
1.22077
0.672377
1.19294
0.876396
1.4816
1.38386
1.12888
1.24339
1.03647
1.2617
1.53325
1.1671
0.942844
1.46709
1.29589
1.35149
1.00038
1.25579
0.926477
1.07565
0.905461
1.52992
1.12328
0.82398
1.32517
1.4883
1.34006
1.43226
0.67815
0.597503
1.35895
1.52067
1.33523
1.07269
1.38071
1.3909
1.54029
1.42548
0.246982
1.48412
1.20598
1.50874
1.24228
1.45807
1.26317
1.29732
1.08499
1.23059
1.11586
1.37092
1.22878
1.45663
1.03606
0.802372
1.44842
1.27508
0.928566
0.579211
1.00466
0.716605
1.24047
0.838828
0.538793
1.15298
1.43731
1.00213
1.5581
1.47286
0.802702
1.50477
1.11395
1.56042
1.52855
0.81443
1.17009
1.54235
1.40905
1.55636
1.457
0.899184
1.06577
1.45715
1.21136
1.48359
0.828031
1.4518
1.04775
0.910232
1.17015
0.50371
1.0749
0.433071
1.27556
1.29599
0.718199
1.4559
1.33052
1.41366
0.933503
1.55436
0.82901
1.53221
1.39109
1.15833
1.5238
1.24506
1.39795
1.36148
0.790357
1.14194
1.14045
0.809641
1.26509
1.46851
1.22457
1.36818
1.40284
1.30185
1.0553
1.2015
1.08805
1.39013
1.56695
1.42892
1.33447
1.13801
1.50012
1.36364
1.44011
1.38716
1.44301
1.43057
1.24578
1.02658
1.00756
1.02199
1.16181
1.23493
1.17863
1.22002
1.27972
1.13899
1.53924
1.18049
0.922471
1.52959
1.55859
0.357932
1.05949
1.12846
1.23726
1.11747
1.46028
1.41662
1.12472
0.904332
1.03258
1.46765
1.16926
1.13205
0.80408
1.41674
1.00171
1.02848
1.38427
1.28162
1.47114
1.48926
0.990931
1.45985
1.41236
1.41471
1.25426
1.47507
1.1933
1.13004
1.15275
1.20307
1.18218
1.03048
0.667646
1.13542
1.53175
0.745425
1.51315
1.46838
1.15586
0.707961
1.28624
1.24809
1.56628
1.51408
1.39001
1.09301
1.32615
0.654243
1.16312
1.46331
1.15552
1.06578
1.10014
0.492657
1.3689
1.42125
1.54681
1.13636
1.16935
1.23868
1.07548
1.13379
1.46501
1.40812
1.41026
0.732146
0.82985
1.50982
1.42793
0.959143
1.50096
0.616696
0.980611
1.40413
1.56402
1.10147
1.27353
1.54008
1.36051
1.12576
1.45371
0.696337
1.38002
0.337531
0.95182
1.27421
1.06929
0.959912
1.30958
1.15908
1.25256
1.04101
1.32786
1.00035
1.0536
1.29314
1.03082
1.22365
0.960183
1.30428
1.0334
1.01303
1.44467
0.852549
0.936912
1.27206
1.49372
1.2913
1.10707
1.20116
1.2743
1.25727
1.04758
0.8301
1.50887
1.24699
1.40967
0.416252
1.55818
0.55256
0.927159
0.973251
1.51908
1.23453
1.33843
1.21742
1.24648
1.55744
0.826445
1.4573
1.55755
1.07989
1.54681
1.09338
1.4043
1.25838
1.2674
1.40797
1.30833
1.20192
0.96306
1.53826
1.42627
0.924197
1.47813
0.736531
1.4486
0.874195
0.887758
1.42792
1.01501
1.22748
1.47495
1.51137
0.782652
0.262637
0.779807
1.42992
1.55172
1.25631
1.49721
0.802513
1.39463
1.3307
0.485401
1.17394
1.1267
1.48996
0.640632
1.5454
1.04042
0.831579
0.784621
1.55334
1.34018
1.45672
1.52387
1.01905
1.32492
1.34876
1.39459
0.896725
1.39196
1.56144
1.5096
1.34361
1.04697
1.41016
0.975612
1.46162
1.49302
1.54345
1.51251
0.445819
0.941904
0.901345
1.09072
1.53853
1.09068
0.840214
1.21885
1.42483
1.03376
1.55114
1.41223
0.941551
1.20967
1.5367
1.52601
1.29925
1.11207
1.21552
1.21995
1.30172
1.16092
1.29348
1.19074
1.25933
1.48092
0.874262
1.24802
1.39379
0.968882
1.04233
1.42613
0.921958
1.09923
1.26099
1.56137
1.29829
1.54473
1.50523
1.20555
1.48377
0.871116
1.48422
1.48824
0.918525
0.898151
1.53166
0.746456
0.9614
1.31821
1.37391
1.24525
1.53343
0.856025
1.20764
1.32872
1.36152
1.31777
1.39062
1.20751
1.10518
1.32183
0.53936
0.503308
1.43168
1.47813
0.651451
1.25793
1.23322
1.41662
1.34832
0.704266
1.39494
1.20549
1.30819
1.37226
1.46559
1.56767
1.41829
1.33027
1.35355
1.12375
1.40655
0.6987
1.149
0.970876
1.25156
1.00366
1.56219
1.45641
1.18547
1.0773
1.00492
0.938837
1.44534
1.21573
1.13404
1.49626
0.837317
1.45746
0.76684
1.30808
1.14723
1.32807
1.41794
1.22411
1.27551
0.978307
1.55346
1.35737
1.25253
1.17275
1.39732
0.75742
1.10189
1.3532
1.01755
0.995101
0.930602
1.51315
1.48886
1.11202
1.25024
0.775622
1.40271
1.32454
1.10311
0.954035
1.09165
0.918634
1.13434
0.549995
1.06822
0.898365
0.834755
1.24145
1.41205
0.91372
1.39552
1.01855
1.20098
1.50569
1.07455
0.581354
1.22135
0.489025
1.10166
1.19829
0.99683
0.630681
0.909163
0.908209
0.93175
1.40667
1.34649
1.30865
1.25596
1.30457
1.51883
0.607336
1.51206
0.931791
1.18903
1.51639
1.32988
1.52794
1.34998
1.21951
1.05132
1.44895
1.34626
0.922941
1.36659
1.12313
1.28449
1.51745
1.06414
1.08767
1.21241
0.878984
0.975292
1.53998
1.17294
1.34588
1.10606
0.840255
1.01727
1.53504
1.23912
1.42125
1.48567
1.15213
1.4632
1.40908
1.2633
1.35807
1.54012
1.09726
1.17882
1.20803
1.00034
0.483375
1.55077
0.561556
1.26401
1.30609
1.53649
1.55505
1.49301
1.05339
1.22223
0.882012
1.09414
1.41989
0.894591
1.39044
1.01196
1.15559
1.01461
0.882428
1.55981
1.43371
1.37301
1.17212
1.57009
1.45063
1.43175
1.36182
1.49825
1.49418
1.14288
1.4228
1.0757
0.963217
1.3456
1.20698
1.01646
1.33096
1.27111
1.15889
0.750017
1.30471
1.51036
1.203
1.49149
1.24055
0.889236
1.05106
0.812038
1.00602
0.86887
1.29361
0.877803
1.39809
1.42397
1.46149
1.10633
1.39168
1.40599
1.43799
1.05031
1.46346
1.50226
0.571418
1.48478
1.33497
1.25175
1.48558
1.48763
0.83938
0.776937
1.03237
0.89917
1.39149
1.50217
0.901681
1.57077
0.591928
1.45503
0.728741
1.38938
1.18169
1.47148
1.01913
1.29893
1.09785
0.94656
1.07972
0.985211
0.848311
0.956834
1.4161
1.28309
1.39963
1.52091
0.763858
0.681388
1.52977
1.44738
1.08326
1.42496
0.930011
1.27538
1.46642
1.15328
1.53282
0.756244
1.4443
1.51192
1.10538
1.48201
0.676438
0.555067
0.718617
1.29161
1.52616
1.15558
1.40562
1.35405
1.31383
1.30448
1.54461
1.13155
1.41067
1.23635
1.45638
0.921249
0.925715
1.33761
1.27206
1.5454
1.44768
1.36712
1.44695
0.918893
1.31853
0.962504
1.12053
1.46234
1.49874
1.46203
1.43001
1.22357
0.629787
1.52348
0.893766
1.11981
0.810395
0.686936
0.816209
1.43017
1.52555
1.22281
1.36469
1.34134
1.38227
0.307471
0.7466
1.49026
1.56625
1.03972
1.4093
1.36441
0.599881
0.77737
0.986042
1.23389
1.32769
0.998675
0.931139
1.07329
0.588634
0.81136
1.1363
1.04881
1.51608
1.36942
1.02881
1.55023
1.51529
0.84949
1.51229
0.851216
1.23939
1.56814
1.34938
1.469
1.3207
1.538
1.26359
1.35989
1.54479
1.42199
1.32196
1.29643
1.2164
1.11473
1.19183
1.51461
1.52348
1.55612
0.952045
0.912754
0.937491
1.43007
0.896753
1.51777
1.20733
1.33879
1.36762
1.55102
1.12459
1.16265
1.3351
