1.53288
1.36407
1.07593
1.41544
1.1805
0.557901
1.27015
1.28476
0.940967
1.10282
0.621225
1.05118
1.21406
1.04105
1.28884
1.41681
1.52855
0.812116
1.39244
1.19821
1.28404
1.03454
1.31672
1.35118
1.38367
1.44073
1.42304
1.35589
1.48059
1.28392
1.16605
1.43728
1.43007
1.11516
0.677379
0.952177
1.30365
1.36144
1.0958
1.07987
1.35145
0.948683
1.48647
1.50425
1.13199
1.22573
1.34331
1.4546
0.842458
1.5294
0.593709
1.39692
1.13818
1.14388
1.03925
1.33064
1.24758
1.40994
1.19337
0.685634
1.56494
1.16749
1.18841
1.31219
1.22995
1.38681
1.03778
1.18415
1.37627
1.55856
1.06695
0.98395
1.15241
1.37577
1.46433
1.39516
1.46624
1.33918
1.2558
1.10231
1.48415
1.49614
1.03986
1.28138
1.38882
1.06312
1.54006
1.21792
1.40998
1.09043
1.37344
0.876146
0.941442
0.874867
1.10866
1.51076
1.01823
1.35602
1.40647
1.17154
1.42236
1.52555
1.02611
1.34776
0.966876
1.3513
1.43987
1.48307
0.814192
0.979347
1.44873
0.920291
1.30676
1.52005
1.15672
1.19403
1.05812
0.588598
1.11066
1.28898
1.0891
0.790916
1.31906
1.3091
1.43987
1.10107
1.18245
1.21221
1.56373
1.34607
0.888056
0.930782
1.04284
0.935945
1.39211
1.50238
1.5628
1.28881
1.50703
1.02013
0.944615
0.832046
1.41544
1.32385
0.754172
0.906714
1.13413
1.35776
1.4147
1.51089
1.05156
1.07558
1.19713
1.37092
1.33554
1.45414
1.02903
1.36572
1.03292
0.501328
1.50023
1.03425
1.08403
1.12705
1.48016
1.41366
0.787593
1.25381
1.36519
1.43818
1.41216
1.44178
1.45739
0.746042
1.45965
0.684716
1.09402
1.38349
1.45586
1.32225
0.836164
1.50715
0.750938
0.989893
1.55834
1.37304
1.31323
1.3805
1.52639
0.952731
0.802302
1.15319
1.11778
0.971896
1.18377
1.53954
1.37932
1.47335
1.03368
1.07719
1.40725
1.42958
1.25779
1.39506
1.42566
1.26055
1.13128
0.810249
1.3842
0.967939
1.14711
0.595755
0.82751
1.02079
0.888661
1.30157
1.14571
1.36662
0.895525
1.33265
1.3522
1.43137
1.21423
1.54901
1.2444
1.27366
0.704241
0.752215
1.49951
1.54537
1.13415
1.05374
1.52684
1.16983
1.55065
1.18238
0.943436
1.49431
0.771338
1.32593
1.25642
1.09779
1.06627
1.39515
1.13552
1.30048
1.30534
1.32183
1.51302
1.31596
1.53154
1.48763
1.53007
0.868349
1.44061
1.09903
1.48782
1.35395
1.48347
1.40926
1.22476
1.25927
0.832905
0.868474
1.44425
1.36589
1.28831
0.759903
1.20045
0.724599
0.952092
0.846842
1.3229
1.54727
1.41539
0.921671
1.37385
0.952376
1.15835
0.983845
1.12757
1.56992
1.52452
1.19993
0.428272
1.56312
1.27047
1.15652
1.13902
1.38684
1.55654
1.41125
1.45592
1.28172
1.26746
1.22151
1.29554
1.29529
0.876236
1.05101
1.38861
1.21019
1.43648
1.35411
1.51119
0.960862
1.25585
1.0248
1.29846
1.49008
1.50777
0.845841
1.52699
1.29419
1.4785
1.49529
1.43454
1.52583
1.5574
1.35883
0.971431
1.5686
1.16961
0.624865
0.766127
0.908577
0.885467
1.11092
0.72283
1.3349
1.15125
1.34754
1.52274
1.27863
1.41545
1.22816
1.25746
1.20941
1.56893
1.37217
1.49314
1.44307
1.45309
1.15038
1.41882
1.35521
1.37861
1.35203
1.11792
1.10804
0.733735
1.01848
1.44055
1.16265
1.40468
1.56915
1.01483
0.890534
1.26138
1.37562
1.54169
1.36877
1.2371
1.26995
1.20647
1.34494
0.773022
1.13564
0.970363
1.2642
1.38019
1.22859
0.62122
0.901816
1.53136
1.39834
1.39326
1.55949
1.45704
0.828546
1.52751
1.33033
1.11415
1.27211
1.08887
1.13616
1.41437
1.312
1.03483
0.593813
1.5311
1.5472
0.656562
1.53817
1.42311
0.718951
1.31632
1.23376
1.17925
1.07405
1.04755
1.21178
0.92111
0.971551
0.975684
1.27653
1.2829
1.2829
0.802963
0.672723
1.00952
1.07486
1.11811
1.27905
1.52946
1.23483
1.42887
1.28894
1.16065
1.54977
1.53215
1.47078
1.42188
1.54015
0.519806
1.40568
1.48359
1.47617
1.5004
1.33165
1.12584
1.28545
1.07248
1.28411
1.52745
1.02325
1.40636
1.06195
1.18982
1.21827
0.961751
1.455
1.46795
0.721348
1.46562
1.37397
0.860874
1.09078
1.28309
0.867448
1.49229
1.30001
1.2193
1.13905
0.827851
1.54669
1.48267
1.41217
1.33724
1.05445
0.877613
1.25984
0.887262
1.02212
1.43279
1.24654
1.38379
0.821597
1.23781
1.11808
1.02435
1.45485
1.18169
1.11784
1.56951
1.37789
1.25619
1.38743
1.21657
1.53249
1.45881
1.27965
1.01439
1.09682
1.56222
1.11118
0.710116
1.43888
1.52788
0.819616
1.48498
1.18689
0.952942
1.40794
1.11907
1.56692
0.627817
1.37123
0.81677
0.858163
1.24403
1.43894
1.34857
1.03635
1.01496
0.784902
1.04194
1.55677
1.45034
1.36311
1.52488
1.03219
1.55757
0.466931
1.30302
1.5368
1.22972
1.31957
1.21566
1.43763
1.5599
0.717231
1.00647
1.15386
1.30027
1.46476
0.878131
1.36017
1.39134
0.870478
1.49626
1.28904
0.965901
1.38659
1.45767
0.754528
1.12015
1.52598
1.4256
0.462613
0.940922
1.15486
1.56085
1.38401
1.09588
1.51536
1.47663
0.984586
1.46274
0.723958
1.11906
1.37477
1.35033
1.24329
0.93546
1.39651
1.56017
1.32404
1.33159
1.25512
1.14275
1.46231
1.17837
1.41047
1.5261
1.33733
1.51956
1.41069
1.52733
1.51706
1.27772
1.13259
0.848228
1.46077
1.34712
1.47557
1.32593
1.01913
1.42736
1.35363
1.43211
1.29892
1.3869
1.37185
1.42792
1.33077
1.0212
1.50098
1.12003
1.5661
1.16964
1.13804
1.50681
1.20666
1.44685
1.30881
1.19789
0.635856
1.55393
1.2977
1.34177
1.45205
1.11309
1.53001
1.46642
1.42597
1.56481
0.853537
1.51944
1.31537
1.00082
1.4831
1.41193
1.32026
0.832958
0.863747
1.22746
1.01151
1.45021
1.22255
1.28462
1.00396
1.52002
0.952991
1.31648
0.605513
1.49688
1.02245
1.56335
1.5642
1.36251
1.41624
1.32856
1.55706
1.06748
0.779624
1.2515
1.29764
0.93683
0.905046
1.4499
1.22813
1.52989
1.28614
1.16936
0.815159
1.07418
1.44787
1.5574
1.20529
1.15132
1.25499
0.964415
1.54308
0.889903
0.918758
1.28147
1.13407
1.32982
1.33915
0.788433
1.21955
1.49259
0.728546
0.920342
1.41514
1.37982
1.41421
1.14278
1.47231
1.02992
1.42599
1.21607
1.40387
1.39814
1.34043
1.56364
1.56268
1.42415
0.88411
1.39967
1.14567
1.30387
1.55865
1.18509
1.48882
1.09922
0.899967
1.18014
0.777922
0.314252
1.45438
1.43276
1.28041
1.52128
1.08319
1.52849
1.15171
1.49675
1.15895
1.48754
1.48276
1.26842
1.07426
0.758748
1.52488
1.23477
0.856497
1.28717
1.53533
1.49296
1.165
1.26234
0.876029
1.53909
1.55853
0.480314
0.903035
1.1473
1.18542
1.22534
0.900271
1.38796
1.53569
1.33927
1.51266
1.56387
0.823105
1.30144
1.39695
1.29478
1.40017
1.49112
1.36038
1.41872
1.49186
1.45681
1.2713
0.926782
1.49718
1.32022
1.2408
1.48077
1.3626
1.01292
1.31155
1.35692
1.56005
1.38069
1.3798
1.21833
0.967043
1.49259
1.29066
1.49051
1.54266
1.43548
1.23738
1.23373
1.12577
1.12286
1.47648
0.802051
1.47246
1.16828
1.56982
1.0825
1.06274
1.28366
1.26631
1.12808
1.46203
1.33634
1.44934
1.47056
1.28166
0.924972
1.04185
1.42545
0.471449
1.0231
1.16816
1.4854
1.38948
1.42378
1.30909
1.40889
1.43858
1.24551
1.13569
1.07302
1.34892
1.4387
1.21296
0.934244
1.28716
1.22997
1.43513
1.43259
1.56161
1.45481
1.35845
0.793261
1.45875
1.15761
1.27458
1.32684
1.37384
0.513563
1.55749
1.49143
1.54597
1.22116
1.48163
0.630607
1.38845
1.23099
0.641364
1.482
1.36525
1.45991
1.03539
1.40809
1.47538
0.497508
1.37975
1.16856
1.56839
0.980877
1.53136
1.54772
1.15165
1.48878
1.54843
1.14113
0.999814
1.50358
0.961457
0.976428
0.9182
0.657798
1.00704
0.975383
1.00169
1.24318
1.38404
1.30226
1.52216
0.702681
1.12124
1.42469
1.47078
0.910571
0.837397
1.03226
1.15565
0.631786
1.07973
1.56398
1.20338
1.56048
0.895898
0.983573
1.4534
1.5534
1.3361
1.22807
1.17703
1.1064
0.712145
0.862454
1.18495
1.32904
0.850408
1.27378
1.39321
1.28573
1.32964
1.13192
1.13816
1.23008
1.2153
1.22059
1.3838
0.9724
1.54687
1.01022
0.505941
1.53069
0.984202
1.43013
0.920064
1.5014
1.43815
1.07704
0.79771
0.819374
1.47685
0.992029
1.55029
1.37042
1.32876
1.32662
1.43414
1.45696
1.42613
0.987271
0.847187
1.47685
1.36284
1.41647
1.21599
1.35223
1.48977
1.05819
0.823417
1.11602
1.42202
1.31818
1.52702
1.53655
0.909606
1.54546
1.1649
1.36254
1.42681
0.8001
1.361
1.42872
1.52989
1.173
1.25483
1.09523
1.11863
1.1729
1.45764
1.16006
0.989614
0.969394
1.0897
1.51877
1.12543
1.17068
1.27582
0.966134
1.18001
1.5624
1.292
1.22281
0.986071
1.54839
1.38237
1.25708
1.52137
1.32982
1.38078
1.02736
1.26457
1.39286
1.53454
1.57006
1.39781
1.47728
1.42471
0.932888
1.05775
1.04806
0.829255
1.37192
1.37524
1.35164
0.838518
1.29662
0.940543
1.04941
1.19015
1.0597
0.965392
0.832662
1.02078
0.700545
1.27327
0.921907
1.34513
1.55975
1.12864
1.45832
1.4015
1.46786
1.19632
1.27014
1.21742
0.508857
1.02529
1.47274
0.889079
1.45942
0.838816
1.54006
1.26061
0.940463
1.38069
1.24764
1.0683
0.998769
1.50605
1.40008
1.56962
0.295475
0.846733
1.51145
0.885311
1.1463
1.55574
0.790565
1.46077
1.44141
1.17935
1.35218
1.05483
1.30537
1.19461
1.26886
1.48298
0.898012
1.35857
1.13549
1.00008
1.17802
1.23667
1.48451
1.53035
0.81793
1.52671
1.29206
1.44993
1.27162
1.41403
1.44925
1.19821
1.43383
1.20464
1.44529
1.3746
1.32687
1.38067
0.915231
1.10682
1.10814
1.43476
1.45051
1.56964
1.09846
1.56589
1.51394
1.36806
1.37631
1.21448
1.27142
0.510696
0.835367
0.882375
1.46347
1.45859
1.45334
1.39874
0.865735
1.34588
1.49652
1.15992
1.02106
1.42185
1.28926
1.26765
1.494
1.14294
1.06245
1.32596
1.14864
1.40352
1.16015
1.17839
1.19373
1.20007
1.27519
1.24701
1.47547
1.21742
0.612223
0.914597
0.481096
1.43171
1.56674
1.34611
1.34135
1.40197
1.26538
1.50963
1.36026
1.34046
1.47614
1.29497
1.14432
1.3053
0.977661
1.34376
1.07892
1.33871
1.17082
1.55468
1.20405
1.41802
0.780281
1.48013
1.26644
1.2863
1.03078
1.53386
1.53777
0.61309
1.36679
1.44369
1.30974
1.02264
1.3429
0.964587
0.961463
0.824208
1.23101
1.55049
1.33026
0.87251
0.84972
1.50318
1.38143
1.31372
0.862675
1.46906
1.56817
1.47914
1.32095
1.51406
1.06453
1.45942
1.09618
0.945687
0.99693
1.27908
1.41464
1.28525
1.44664
1.53093
0.874073
0.740764
0.935621
0.808955
1.23374
1.31253
1.36715
1.11778
1.37145
1.419
1.34882
0.702397
0.963946
1.52983
1.35489
0.901348
1.39683
1.18706
0.9274
1.27123
1.15842
1.48685
0.880003
0.997859
1.37497
1.07988
1.40828
1.27541
1.14649
1.29706
1.44279
1.16763
1.26414
1.05683
0.876804
1.12766
1.55828
1.53472
1.15905
1.24022
1.47789
1.02243
1.2897
1.15593
1.43864
0.967241
0.939222
1.45752
0.844844
1.06519
0.851005
0.817147
1.21475
1.23499
1.56143
1.11213
1.27672
1.37077
1.10668
1.23473
1.2081
1.37335
1.35729
1.12009
1.1192
1.44394
1.08548
1.08517
1.24848
1.47693
1.48965
1.17518
1.18195
1.55656
1.1066
1.53039
1.20208
1.5577
1.53521
1.39113
1.42489
1.2534
0.408474
1.24164
0.940987
0.837326
1.49394
1.21052
1.01378
1.43473
0.431963
0.862292
1.53539
1.38563
1.51917
1.56399
1.26324
1.0556
1.50355
1.35642
1.43081
1.42104
0.880366
1.46584
0.948377
1.49472
1.53195
1.30028
1.43879
0.808614
0.894787
1.29415
0.661846
0.698591
1.27538
1.50434
1.49902
1.5181
1.50752
0.583366
1.18389
1.50104
0.806564
1.30029
1.31238
1.4147
1.14704
1.18505
1.2064
1.39596
1.29554
1.48506
1.14378
1.4459
1.31408
1.25637
1.1699
1.52287
1.56356
0.919291
1.1751
1.50954
1.04077
1.40153
1.15726
1.48118
1.44842
1.14838
1.24048
1.26381
1.11404
1.52433
0.991662
1.1972
1.12908
1.20561
1.3882
1.17042
1.09181
1.31182
1.3787
0.854393
1.2289
1.13979
1.56274
1.27027
1.45924
1.26115
1.55331
1.54337
0.936169
1.0657
1.57043
1.32523
1.43747
0.923214
1.14978
1.2047
0.98985
1.54534
1.33516
1.38218
1.12462
1.56005
0.813531
1.06002
1.53432
1.36718
1.51714
1.11084
1.5432
1.44448
1.07687
0.83228
1.44572
1.33235
1.49528
1.56286
1.0433
1.45213
1.33516
1.47286
1.34551
1.21103
1.10767
1.07265
1.41137
0.874471
0.860115
1.45862
0.961444
1.36722
1.31515
1.09154
0.993845
1.33413
1.45369
1.32415
1.52149
1.35995
0.888298
1.06497
0.905908
1.46896
1.18448
1.47173
1.39769
1.18211
1.55627
1.49265
1.24132
1.46519
0.974868
1.2011
0.883018
1.50091
1.5055
1.07598
1.46169
1.49594
1.4375
0.816868
1.24132
0.815563
1.23109
1.30144
1.37185
1.14555
1.27493
1.03205
1.4173
1.20486
0.86919
1.28198
0.913788
1.06862
1.20149
1.42909
1.32013
1.14322
1.45362
1.31364
1.13279
0.818421
0.517637
1.50146
1.41523
0.753363
1.40367
0.926564
1.15365
1.02514
1.16298
1.04029
1.11383
1.39199
1.35182
1.29504
1.30403
1.29424
1.49428
1.27487
1.2248
1.41314
1.55996
0.798717
1.1229
0.900195
1.42051
0.477627
1.33642
1.02771
1.2459
1.21865
1.40695
1.56292
1.54736
1.27908
1.01559
1.51776
1.06878
0.837365
1.5105
1.4479
1.52794
1.01088
0.995122
0.774919
1.30558
1.27155
1.38923
1.23797
1.05157
0.943261
0.858099
0.65551
1.38842
0.976727
0.798254
1.08516
1.34135
1.46834
0.819249
1.38094
0.70533
1.4739
1.04127
1.29843
1.30833
1.48601
0.826035
1.49137
1.30972
1.31421
1.32215
0.893531
1.11335
1.13878
1.10373
1.29328
0.865002
1.14394
1.27787
1.09923
1.3187
1.3563
1.50508
1.54375
1.50459
1.20815
0.758935
0.834859
1.53282
1.47409
1.28646
1.4003
1.55682
0.892362
1.33893
0.851492
1.33526
1.46989
1.43981
0.977436
1.49694
0.713315
1.18065
1.21547
1.30851
1.32565
1.4796
1.4492
0.990874
1.45656
1.33617
0.863987
1.18198
1.15673
1.26221
1.24073
1.51461
1.51156
1.08254
1.06753
1.33838
1.56588
0.922237
1.51091
1.33475
0.732
1.05492
0.699739
1.18089
1.38651
1.20059
1.0924
1.40361
1.37534
1.30517
0.185712
0.866939
1.41557
1.28964
1.32775
1.11579
1.56576
1.48059
1.10203
1.47283
1.48432
0.99487
1.0823
1.07316
1.35929
0.846179
0.539162
1.06082
1.24651
1.53008
0.793782
0.976741
1.12333
1.40444
1.2049
1.48337
1.21966
1.31351
1.49216
1.28659
1.41877
1.55056
1.43907
1.25695
1.13057
0.850155
1.36407
1.54192
0.912771
0.930602
1.39664
1.43691
0.782482
1.18277
1.4674
1.43583
0.949268
1.37056
1.46832
1.56903
0.501343
0.871281
0.890662
1.50685
1.33428
1.53692
0.815112
1.34404
0.955451
1.27443
0.930788
1.4801
0.782246
1.31834
1.25484
1.47125
0.856375
1.50667
1.50832
0.930121
1.52581
1.06957
1.14791
1.20692
0.861955
1.40238
1.01396
1.1943
1.46125
1.05072
1.46028
0.891956
0.990415
0.96132
1.5415
0.827209
0.460445
1.30198
1.46952
0.966977
1.18396
0.696373
0.753934
0.930566
1.44034
0.96457
1.43537
1.56411
0.644351
1.4861
1.52329
1.23308
1.4479
0.823619
1.54748
0.563898
1.09091
1.39617
1.30486
1.44141
1.57
1.09442
1.01973
1.31023
1.30382
0.753084
0.895261
1.41465
1.47292
0.971643
1.22846
0.979048
0.812035
1.31376
1.4635
1.50605
1.24442
1.45199
1.14164
1.23822
1.09745
1.55615
1.0327
1.45788
1.56903
1.43041
1.10388
1.50067
1.12523
1.19382
0.802016
0.838212
1.10709
1.06567
1.10519
1.24394
1.55853
0.589729
0.830252
0.78194
1.30947
1.38767
0.99828
1.51388
0.641377
1.37503
1.56549
1.30691
0.943099
1.16298
0.691118
1.46243
1.48757
0.550731
0.70506
1.05749
1.40797
1.36936
1.34137
1.5063
1.11747
1.54852
0.875145
1.10573
1.07919
0.571967
1.10122
1.07946
1.53453
0.989851
1.2689
1.46489
1.41577
0.965911
0.99724
1.03706
1.46837
1.45094
1.12117
1.01892
0.678998
1.08813
0.859961
1.22462
1.44417
1.49051
1.56921
1.51526
1.53475
1.01611
0.668991
1.45738
1.33623
1.06531
1.44793
1.23867
1.26382
1.30467
1.18862
1.40296
1.36232
1.33129
1.49221
1.27186
0.96123
1.47016
1.30529
1.08699
0.598136
1.23383
1.29004
1.09044
1.30182
1.49776
1.29998
1.14552
1.22727
0.731146
1.11975
0.464123
1.35245
1.19875
1.15966
1.09171
1.29072
1.56005
1.44787
1.49871
0.840022
0.830405
0.946535
1.04719
1.13286
0.949512
1.24132
1.17624
1.39856
1.484
1.01425
1.15278
1.20872
1.31168
1.26785
1.02872
1.46218
0.530041
1.06688
1.49043
1.30267
1.36805
1.51297
0.753128
1.32932
1.239
0.883238
0.947233
1.17333
1.41297
1.42125
1.1334
1.16051
1.04945
1.35106
1.0103
1.51101
1.22164
1.39331
1.02619
1.11153
1.50385
1.46059
1.06644
1.56488
1.53911
1.30219
1.06365
1.51217
1.36469
0.792548
0.851795
1.09467
1.48916
0.937145
0.668331
1.32762
1.23706
1.48665
1.17994
1.11639
0.939508
1.4671
1.28482
1.50636
1.13462
1.12673
1.39093
1.56114
0.887271
1.45214
1.4573
1.54111
1.10927
1.54339
1.46887
1.24512
0.892394
1.12201
0.974402
1.49051
1.50764
0.934538
1.49816
1.31825
0.244042
1.4709
0.970595
1.33585
0.548911
1.33209
1.06634
1.06215
1.10114
1.03279
1.26272
0.818421
1.46421
1.5653
1.04113
1.52885
1.54464
1.44842
0.945733
1.14285
1.33307
1.31029
0.806713
1.41792
1.17584
1.29688
1.39521
1.37988
1.48558
1.49051
1.13265
1.46109
0.893096
1.3046
1.17438
1.38671
1.13852
1.01491
1.55995
1.26019
1.38255
1.33343
1.24821
0.585771
1.00739
1.37633
1.28073
1.42704
1.06709
1.478
1.23842
1.27678
1.37652
1.53227
1.06717
1.33648
1.10264
1.22156
1.18661
1.53261
1.45709
1.28542
1.00341
1.22183
1.4091
1.5393
1.44168
1.50277
1.49124
1.49516
1.38833
0.931585
1.38324
1.56662
1.30688
1.48114
1.2758
1.10257
1.20058
1.05492
1.2735
0.58894
0.968747
1.30769
1.32998
1.4515
1.33208
1.41715
1.5022
1.22173
1.39447
0.872683
1.32423
1.46872
1.38327
1.54064
0.704279
1.55792
1.29802
1.25565
1.30233
0.617969
1.36335
1.33411
1.47016
0.716646
1.36157
0.917213
0.794748
1.42526
1.41631
1.33491
0.873567
1.45908
0.523894
0.904211
1.18706
1.02215
1.44422
1.04648
1.34143
1.21274
1.48823
1.35858
0.880656
0.823394
0.770099
1.1726
1.47695
1.41384
0.808586
1.09323
0.560261
1.56921
1.09141
0.887121
0.817281
1.55206
1.49678
1.43285
1.34892
1.04328
1.27238
1.12758
1.45026
1.54204
0.831792
1.41415
1.41448
1.54076
1.51361
1.19842
1.47065
1.55958
1.22713
1.53294
1.21386
1.46056
0.858117
1.51834
0.952372
1.5054
1.23586
1.4962
1.2485
1.52824
1.17809
1.25054
1.36013
0.611401
0.960962
1.52427
1.33064
0.654977
0.905811
0.792585
1.43371
1.44031
1.12076
1.39695
1.38336
1.19159
1.03631
1.06228
1.08603
1.17333
1.25945
0.873627
1.34814
1.48386
0.981344
1.38215
0.846757
1.01913
1.49782
1.03222
1.05219
0.939798
1.11872
1.525
1.39864
1.38659
1.53261
1.47821
0.785647
1.10783
1.52584
1.16271
1.56571
1.18739
1.10375
0.648809
1.04126
1.29317
1.25676
1.55639
1.44903
1.05605
1.41736
1.28841
1.23039
1.56574
1.01156
1.38901
0.944294
1.13736
1.18983
1.09587
1.38016
1.54998
1.20968
0.89332
1.45401
1.28609
1.35414
1.29422
1.10846
0.882467
0.818634
1.07004
1.23169
1.32287
1.43371
0.850772
1.3361
1.25419
1.01374
1.1468
1.23186
0.886601
1.0885
1.49235
1.16571
1.37988
1.11826
1.43525
1.05013
1.45485
1.43223
1.32359
1.37626
1.34725
1.01482
0.582591
0.815579
1.19271
1.17558
0.813499
1.44298
1.34012
1.44415
1.34087
1.31375
1.2815
1.129
1.39447
1.38926
1.40159
1.38361
1.38355
1.03751
0.666847
1.20876
1.39137
1.3089
1.19289
1.14991
1.39439
0.927949
1.11507
1.06544
1.35692
1.11247
1.28245
1.07766
0.947262
1.09494
1.19409
1.44706
1.12991
1.51107
0.696878
0.92503
1.38636
1.20375
1.36413
1.42258
1.00524
0.52989
1.3263
1.15211
1.27264
1.14281
1.11396
1.18432
1.15795
1.47623
1.44922
1.01425
1.01594
1.4716
0.838341
0.739459
0.912151
1.50073
0.669582
1.38529
1.27526
1.40215
0.917354
1.33275
1.20163
1.56131
1.47985
1.22294
1.5148
0.885381
1.52888
1.51047
1.28266
1.40685
1.5214
1.42933
1.00516
1.10464
1.48524
1.22887
1.38827
1.21364
1.38348
0.874455
0.527594
1.17051
1.3787
1.46352
0.813854
1.22742
1.10232
1.3607
1.32687
1.26199
1.3731
1.37553
1.46976
1.51499
1.40958
1.05605
1.25638
1.21277
1.53771
0.971996
1.17432
1.46065
1.52193
1.15989
1.34532
1.55999
1.08553
1.20801
1.03248
1.2967
1.24164
1.2154
1.44199
0.87817
1.35651
0.214067
0.882741
1.38044
1.51254
1.10832
1.03953
1.35253
1.41427
1.11921
1.53223
1.01988
1.106
1.42585
1.40054
0.989771
1.49746
1.37602
1.15586
1.27187
1.18285
1.45752
1.48004
1.35264
1.49605
0.783557
1.23221
1.31149
1.40616
0.532979
1.49608
1.36525
1.48775
0.808669
1.39757
1.52949
1.31654
1.55377
1.29193
1.49074
1.15158
0.883553
1.51755
1.53624
0.766351
1.49058
1.41829
1.29713
0.846671
1.54479
1.54113
1.41242
1.5505
1.42851
1.43673
0.548708
1.2736
1.54256
1.45979
0.814748
1.51697
0.814108
1.41539
1.23308
1.13819
1.3535
0.929451
1.29427
1.40605
1.31421
1.31717
1.37098
1.33955
1.48172
0.655256
0.965289
1.11002
1.39366
1.30359
1.42437
1.52952
0.791532
1.46323
1.28379
1.21331
1.2207
1.3567
1.00096
0.788213
1.13198
0.452552
1.06815
1.46186
1.11415
1.06946
1.36572
0.797937
1.02077
0.948906
1.41493
1.36107
0.857955
1.00008
1.26215
1.18707
1.53942
0.952718
0.884895
1.25791
1.34131
1.12313
1.29817
0.602471
1.5603
1.4082
0.612448
1.14315
1.46163
1.14318
1.21482
1.06492
0.826387
1.40611
1.0113
1.31919
1.44594
1.4511
1.52671
1.55747
0.84097
1.26003
1.49431
1.13232
1.18939
1.297
1.23919
0.96908
1.56048
1.56492
1.51009
0.88151
1.534
1.50826
1.48873
1.46197
1.42329
1.34595
1.36722
0.779311
0.935321
1.45756
1.55224
1.43019
1.13218
0.59306
1.5196
1.45481
0.682427
0.602338
0.779299
1.32447
1.06466
1.2448
1.33488
1.32819
1.35425
0.595549
1.19183
1.57006
1.09215
1.2585
1.29881
1.30533
0.799223
1.55459
1.29627
0.903617
0.926888
1.3936
1.28548
1.47487
1.52641
1.16052
1.42619
1.33548
1.11553
1.35651
1.39602
0.730001
1.54082
1.28455
1.47139
1.1979
1.15952
0.747826
1.21826
1.5444
1.08518
1.01279
1.53301
0.621585
1.39187
0.559207
1.44251
1.28115
1.01682
1.23751
0.87285
1.3815
1.4774
0.960924
1.43741
1.48831
0.934373
1.36718
1.3902
1.15127
1.21709
1.4766
1.25458
1.14192
1.08244
1.54388
1.34842
1.48322
1.46795
1.44095
0.800287
0.864493
0.822358
1.16535
1.2313
1.55407
1.52262
1.12884
1.36045
1.20561
1.14958
0.607759
1.30156
1.23021
1.26324
0.444163
1.5545
1.57031
0.963979
1.27883
1.25612
0.962278
1.16697
1.4347
1.51993
1.5276
1.35426
1.09567
1.23344
1.16424
1.10862
1.31054
0.932094
1.16397
1.38656
1.25865
1.2573
1.1272
1.24035
0.725405
0.730159
1.55877
1.14109
1.42511
1.15371
1.13791
1.48285
1.32737
1.54778
1.17769
1.04536
1.29719
0.79316
1.36325
1.26657
1.38457
1.28245
1.06782
1.36249
0.655288
1.2572
1.15892
1.24956
0.82256
1.54504
1.37397
1.4774
1.20647
1.05536
1.41256
0.753415
1.04622
1.00053
1.37335
1.20849
1.24338
1.54156
0.913764
1.2925
1.49356
0.794966
1.34895
1.56677
1.33168
1.11478
1.45724
1.37634
1.02543
1.43553
0.876985
1.27187
1.36578
0.911627
1.14086
1.55291
1.42687
1.35523
1.43047
1.03307
1.37767
1.00371
1.45616
1.27857
1.33849
1.45478
1.18469
0.945216
1.02557
0.762028
0.809032
1.00415
0.902442
1.19697
1.45441
0.889927
1.3843
1.02789
1.37932
1.26343
1.20608
0.592511
1.2665
1.26315
0.928278
1.41922
1.53734
1.56048
1.41397
1.21549
1.28592
1.12658
1.43968
1.06159
1.22002
1.37083
1.54458
0.789222
1.02763
1.36201
1.39589
1.28157
1.00011
1.19894
1.56472
1.29564
1.56466
1.43362
0.942505
1.5664
1.23867
0.714855
1.11251
1.39075
1.4063
1.12815
1.05086
1.50752
1.35953
1.33786
1.53062
1.03489
1.02443
1.54537
1.31395
1.56811
0.7383
1.51431
1.08933
1.19603
1.27538
1.55609
0.973922
1.21359
0.582894
0.949966
1.36629
1.48656
1.15822
1.06351
0.603176
0.782314
1.31837
0.779686
1.51423
1.27136
1.11907
1.45008
0.926948
1.22833
1.34783
1.29497
1.41563
1.50856
1.1187
1.16205
1.25805
0.560311
1.32888
1.54882
1.33664
1.23247
0.732902
1.49473
1.12955
1.15659
1.40396
1.23696
1.17134
0.828869
1.35277
1.27066
1.06988
1.01605
1.33039
1.51144
0.858257
1.2892
1.1771
1.08014
0.823943
1.37705
0.809129
1.55027
1.49204
1.48824
1.45798
1.38063
1.49281
1.2335
0.727515
1.23402
1.33278
0.981419
1.4515
1.35201
1.56379
1.16689
1.39967
1.24216
1.44313
1.05032
1.37428
1.48347
1.10757
1.56085
0.885682
1.45475
1.12807
1.47544
1.46484
1.21104
1.49443
0.967695
1.22535
1.44504
1.55365
1.23252
1.49914
1.46903
1.31585
1.20738
1.43819
0.659941
1.2156
1.28131
1.48321
1.36899
0.850227
1.491
1.45945
1.48411
1.51377
1.28605
0.808716
1.0813
1.30068
1.2359
1.32349
1.52532
1.27432
1.30258
1.04797
0.91729
1.47492
1.42346
1.5371
1.23751
1.04721
0.903567
1.5567
1.56516
1.21495
1.36531
1.31673
1.12275
1.37024
1.06605
1.2247
0.907061
1.24013
1.36018
1.23893
1.01054
1.41328
1.38861
1.44292
1.3142
1.05348
1.40407
0.655635
1.07505
1.38129
1.52393
1.23763
0.886963
1.3205
1.26074
1.38858
1.128
1.40085
0.358037
1.31458
1.08983
1.40271
1.24383
1.35402
1.22346
0.962876
1.39124
1.09388
0.718681
1.42011
1.4215
1.47124
1.47574
1.46485
1.27175
0.67242
0.654057
1.46962
1.25303
0.715889
0.634915
1.5418
1.55822
1.54968
1.55334
1.54601
1.5291
1.32446
0.757648
0.879847
0.539189
1.43423
1.01345
1.5473
1.37366
1.43482
1.55578
1.17168
1.16348
1.56454
1.02347
0.820987
1.35776
1.46946
1.31328
1.40834
0.555103
0.848567
1.51865
1.40958
1.3388
1.49672
0.827298
1.28531
1.54223
1.35351
1.22385
1.06364
0.864544
1.41492
1.41063
1.27225
1.38404
1.29859
1.44953
1.33322
1.46382
1.35201
1.0676
1.09915
1.00866
0.836116
1.1406
1.54259
1.25592
1.07232
1.43087
1.50404
1.40158
1.52696
1.44322
1.26752
1.52348
1.24738
0.938786
0.799182
1.38752
1.5203
1.2126
1.49357
0.746597
1.13912
1.38795
1.39146
1.3502
1.51462
1.12394
1.07475
1.30786
1.02629
0.808909
0.877689
1.32152
1.47099
0.967785
0.929468
1.46188
1.21723
1.44224
0.409108
1.10886
1.00646
1.53035
1.02591
1.30686
1.36088
1.49752
0.7967
0.527238
1.17945
1.31389
1.47041
1.54949
0.923846
0.830031
1.03964
0.852827
1.3998
1.23796
1.35963
0.753181
1.09022
1.30742
1.35409
1.47268
1.31143
0.800925
0.760333
1.00113
1.17327
1.26613
1.47119
0.79489
1.36631
1.23951
1.47341
1.11485
1.53447
1.53062
1.32668
1.1173
1.0384
0.849917
1.52641
1.45997
1.35786
1.30653
1.51064
1.49544
1.10546
0.926334
0.779244
1.38162
1.55621
0.837426
1.37116
1.29465
1.54504
1.35433
1.40209
1.36332
1.44332
0.972512
1.45243
1.35745
1.49339
1.25015
1.21032
0.91822
1.25047
1.5268
1.29377
0.731543
1.45567
1.00103
0.789101
1.54732
1.51284
1.07912
1.53676
0.802803
1.21357
1.27267
0.766309
1.44541
0.654821
1.51718
1.49828
1.3838
1.35126
1.19028
1.54827
1.55947
1.30796
1.41982
1.22431
1.15852
0.881503
1.42134
1.18459
0.805927
1.23079
1.49758
1.18483
1.53679
1.02892
1.47461
1.54926
1.27946
1.23788
1.12691
1.45648
1.47715
0.917218
1.3515
1.4366
1.11701
0.728125
1.26671
1.24403
1.01934
1.22254
1.36575
1.28716
1.2418
0.647284
1.26324
1.383
1.37578
0.912667
1.42196
1.38446
1.31843
0.603571
1.34263
1.44268
1.19418
1.46276
1.53316
1.54627
1.38418
0.794334
0.444621
1.56903
1.32687
0.946572
1.28194
1.43365
0.921745
1.4102
1.56433
1.02741
0.488716
1.16346
1.17676
1.49996
0.949403
1.30681
0.98844
1.36481
0.754271
1.53502
1.071
1.54379
1.51131
0.940171
1.57043
1.37036
1.42228
1.34375
1.30447
1.48316
1.48782
1.26663
0.60324
1.24586
1.53786
0.897791
1.3482
1.10729
1.23752
1.24635
0.921667
1.23053
1.32209
1.47997
0.949209
1.30259
1.42776
1.4701
1.09037
1.25978
1.52953
1.12123
1.18232
1.02893
1.54156
1.40654
1.32297
1.54888
1.49856
1.06236
1.39292
1.23786
1.5679
1.19646
0.962557
1.41489
1.19875
1.38861
1.29377
1.46274
1.01054
1.32555
1.10222
0.709249
1.54076
1.10586
0.97656
0.492319
1.1493
1.33843
1.16782
1.2803
1.19796
1.43999
1.50004
1.41829
1.23589
1.33064
1.4006
1.00245
1.56025
0.649946
1.15452
1.00957
1.0692
1.28827
1.33147
1.56485
1.33365
0.804766
0.969475
0.840501
1.42403
0.854339
1.53359
0.899343
1.09285
1.39224
1.03179
1.03583
1.31913
1.01295
1.54327
1.30415
0.78742
1.07593
0.829441
0.926322
1.23635
1.30707
0.477512
1.5374
1.40275
1.25289
1.44771
1.42286
1.27493
1.36229
1.17855
1.49339
0.746044
1.1931
1.16564
1.04755
1.18219
1.00713
1.2096
0.747226
0.436069
1.19311
1.01504
1.38876
1.30903
0.661081
1.43044
1.40574
0.973969
1.47519
1.53673
1.4403
1.27411
1.52849
1.49274
0.832851
1.23745
1.40767
1.00229
0.9156
1.37463
0.941823
1.37599
1.57031
1.55767
1.45911
1.46427
1.37914
1.40865
0.54824
0.762444
1.28804
0.66742
1.35295
1.43318
0.856571
1.11653
1.10229
0.960561
1.12361
1.46734
1.24867
1.41115
1.18105
1.46034
1.29707
0.901804
1.27583
1.30944
1.34387
1.25884
0.767488
1.54093
1.2681
1.16656
1.24358
0.9455
1.34256
1.49645
1.41594
1.29897
0.971058
1.52575
1.18434
1.26071
1.40457
1.55578
1.45647
1.3362
1.5327
1.38709
0.941847
1.28134
0.698932
1.37632
1.56692
1.46679
1.35478
1.51798
1.15639
1.27595
1.53234
0.885518
0.816626
1.17584
1.55196
1.54669
1.03198
1.21651
0.925046
1.37907
1.51122
1.29409
1.49994
1.27091
0.810554
1.21195
1.05009
1.42165
1.04969
0.977325
1.38724
1.06043
0.967879
1.48138
1.53913
1.09312
1.46734
1.24651
1.32204
1.04048
1.16915
1.37895
1.53429
1.31623
1.34576
1.05065
1.36859
1.45764
1.55067
1.29204
0.877893
1.46369
1.56076
1.09601
0.944146
1.39998
1.1422
1.34241
0.918231
1.23583
1.37565
0.7322
1.27614
0.563142
1.38588
0.789454
0.85222
0.950183
1.12861
1.25444
1.32208
1.54415
1.31446
1.42119
0.971448
1.38584
1.35007
1.29798
1.26113
1.25533
1.05786
1.51553
1.44756
1.06068
1.29978
1.28977
1.40853
1.34028
0.820117
1.50373
1.27139
1.42576
1.20158
1.09198
1.5072
1.29431
1.05831
0.954813
1.47403
1.43118
1.46341
1.00697
0.769042
1.48402
0.563618
0.893791
1.50572
1.08658
1.08956
1.06898
1.49403
1.39459
1.34826
1.2701
1.02998
1.54382
1.05991
1.15739
1.30621
1.54217
1.47746
1.52558
0.890334
1.16902
1.49149
1.52998
1.29185
1.3698
1.37938
1.07856
1.47642
1.18541
1.33817
1.13666
1.19396
1.20898
1.52568
1.45549
0.831776
1.10586
1.0398
1.51205
0.926549
1.35848
1.3117
1.28213
1.07537
1.03448
1.37914
1.25749
1.35564
1.51953
1.56329
1.43642
1.39546
1.04437
0.588542
1.22787
1.0529
0.830575
1.42815
1.54125
1.55233
1.55569
1.32196
1.29529
1.13104
1.31294
1.11103
1.25198
1.37513
0.80635
1.49688
1.03369
1.20477
0.982985
1.10852
1.21234
0.840405
1.29947
0.788524
1.35964
1.38523
1.06277
1.36606
1.53481
0.954014
0.919271
1.28564
1.0825
0.663972
1.52082
1.20047
1.5393
1.33265
1.26042
1.21025
1.21671
1.29837
0.543411
0.872539
0.92513
1.29197
1.3887
1.11785
1.20738
0.718075
1.26285
1.1641
1.27353
1.26401
1.31648
0.888452
1.37359
0.88187
1.39137
1.42242
1.28235
0.693536
1.01346
1.31395
1.10743
1.11682
1.1996
1.43334
1.50428
1.38836
1.43734
1.56622
1.45709
1.43793
1.37509
1.56369
1.00966
1.28587
1.55499
0.804848
1.53936
0.861992
1.41498
1.3607
1.01001
1.07211
1.32423
1.52959
1.41872
1.03759
0.779794
1.5283
1.07588
0.852618
1.25751
1.3178
1.45887
1.47347
1.13177
1.21419
1.18257
1.54815
1.43796
1.13915
1.40531
1.3373
1.17197
0.868288
1.42079
1.40933
0.797684
1.21885
1.51327
1.46209
1.46898
1.4566
1.36325
1.37599
1.41952
0.741355
1.47148
0.867847
1.40658
0.887967
1.27303
1.2822
1.20401
1.3787
1.54101
1.07614
1.35061
0.890089
0.867368
1.24454
1.50636
1.14497
1.35289
0.685828
1.08814
0.817861
1.3214
1.22688
1.24554
0.953321
1.39081
1.11206
0.956236
1.47784
1.29066
1.07717
1.13885
1.14062
1.29989
1.14039
1.22904
1.35082
0.885104
1.04334
1.51671
0.919917
1.41838
0.719257
1.29594
0.898362
1.32987
1.32026
1.45346
1.42613
1.28684
1.532
1.10859
1.34118
1.00926
0.95696
0.702272
1.55932
1.01425
1.45801
1.11804
1.5214
1.5541
1.34099
1.36809
0.931306
1.51529
0.751647
1.12027
1.44876
0.598068
1.48739
1.33629
1.41551
1.31963
1.31805
1.26394
1.3698
1.3307
1.50926
1.09442
1.37316
1.37551
1.4667
1.15987
0.894721
1.39654
1.20764
1.3624
1.29745
1.42711
0.949796
1.02831
1.44412
1.12631
0.789599
1.34162
1.35342
1.12283
0.681004
1.14756
1.24396
1.52077
1.53159
0.699006
1.38302
1.04459
1.22962
1.45914
0.983288
1.32231
1.07501
1.51358
0.877222
1.50087
1.41588
1.41279
1.01141
1.39469
1.21101
0.993588
1.25793
1.27831
1.36625
1.18133
1.10131
1.45841
1.15472
1.45156
1.34507
1.42384
1.20617
1.4991
1.31117
1.05557
1.23567
1.51284
1.27302
1.36969
1.47985
1.41668
1.39189
1.11784
1.31186
1.10982
1.05371
1.46617
1.53985
1.26809
0.886547
1.26055
1.32454
1.22242
1.42014
1.25401
1.12621
1.49475
1.14858
1.38373
1.41096
1.11238
0.844734
1.23118
0.789718
1.16537
1.32695
1.48206
1.33347
1.4834
1.44707
0.878904
1.4215
0.673595
1.10087
1.42511
1.23991
1.015
1.55432
1.07899
1.35148
1.41869
0.90819
1.28128
0.412568
1.37736
1.33049
1.37185
1.51883
1.28472
1.0307
1.16627
1.53914
1.53954
0.686699
0.909516
1.24303
0.890412
1.42312
1.00687
1.30593
1.47466
0.936243
1.30928
0.664502
1.14666
1.42409
1.30903
1.03496
1.09339
1.15967
0.80575
1.48178
0.924443
1.09102
1.53094
0.566902
1.01202
0.950945
1.46272
1.46881
1.09154
1.40877
1.54433
1.42021
1.03526
0.888045
1.42465
1.27002
0.859878
1.28891
1.21071
1.18877
1.37189
1.41739
1.19578
1.54766
0.928396
0.981559
1.30413
0.989623
0.685655
1.32202
0.94721
1.38848
1.38926
0.949876
1.35352
1.50165
1.40834
1.3167
1.35695
1.56616
0.77913
1.31187
1.49599
1.21569
0.885272
0.755422
0.995442
1.51278
1.02293
1.26579
1.26561
1.25188
1.24484
1.46065
1.22346
0.999294
1.46378
1.31074
1.19888
1.32989
1.33434
1.34056
1.2067
1.56317
0.968334
1.07883
0.87997
0.725081
1.16073
1.38572
1.34732
1.40559
1.34563
1.30968
0.832156
1.53001
0.844391
1.24908
1.25704
1.27297
1.30485
1.35795
1.37783
1.22832
0.71417
1.03972
1.08465
1.08349
0.677049
1.44553
1.2432
1.34958
1.02941
1.15084
1.2278
1.45315
0.903874
1.32957
1.10668
1.3693
1.46145
1.52374
1.15739
1.05648
0.972052
1.31704
1.45986
1.28602
1.30409
1.16298
1.54021
1.2651
1.28352
1.21234
0.994572
1.43331
1.54778
1.48849
1.18645
0.700123
1.24274
1.44099
1.18284
1.36282
1.50642
1.04373
1.29127
1.00473
1.38488
1.32449
1.25394
1.34282
1.48389
1.34463
1.47576
1.34519
1.2369
0.543875
0.760717
1.37621
0.964059
0.596325
1.47058
0.77928
1.04788
1.2312
1.47065
0.754524
0.945063
0.804348
1.13104
0.848562
1.25239
1.49256
1.17385
0.999911
1.06412
1.27435
1.08043
1.2566
1.32599
1.56744
1.26608
1.53386
1.20915
0.974006
1.56817
1.0246
1.3645
1.41258
1.27925
1.02246
1.07988
1.03586
1.00669
1.47714
1.10845
1.37195
1.39839
1.07266
1.08705
1.40741
1.25468
1.41681
1.33447
1.41696
1.48144
1.23389
1.07416
1.1647
1.18034
1.18198
0.922672
1.51685
1.18632
1.12473
1.50936
0.984357
1.43506
1.39659
1.44086
1.52995
0.858836
1.36406
1.22203
1.51675
1.52458
1.17078
0.611475
1.26804
1.4105
1.40636
1.05845
1.36832
1.30385
1.27225
1.19763
1.36324
1.33523
1.07143
0.802349
1.49369
1.52763
1.27328
1.10515
1.4097
1.51411
1.42357
0.529021
1.00488
1.28885
1.29015
1.27238
1.06665
1.11303
1.13387
1.52152
0.897956
1.48181
1.39332
0.987444
1.45242
1.28825
1.08091
1.38715
1.29092
1.23554
1.35979
1.03773
0.622754
0.97884
1.34484
1.26
1.53722
1.07659
1.48956
1.51559
1.4211
0.659377
0.959851
1.41069
1.29827
1.48543
1.56295
1.33133
0.994274
1.08491
1.41047
1.52177
1.16909
1.43968
0.93104
0.833732
0.740547
0.710234
1.30011
0.651728
1.22113
1.3149
1.56404
0.971196
1.38809
1.25458
0.577101
1.15485
1.40611
0.389367
1.56677
1.34291
0.977278
1.37229
1.51718
0.832657
1.27155
1.203
0.806477
0.75525
0.942954
1.1768
0.542362
1.47546
1.51956
1.5538
1.56817
1.21969
1.25278
1.35364
1.23816
1.29865
0.408972
0.872451
1.0111
0.164336
1.33293
1.44787
1.35264
1.37683
0.892178
1.03426
1.40395
0.746416
1.34909
1.36432
1.24152
0.95408
0.835694
1.33303
1.37136
0.840315
1.52867
1.42008
0.976982
1.19503
0.83858
0.930404
1.5143
1.38655
1.47777
0.977726
1.04686
1.46802
0.825098
1.45647
0.433269
0.985383
1.41446
0.752145
0.617819
0.81138
1.02255
1.08609
0.777015
1.02906
1.42335
1.41112
1.55316
1.00726
1.14184
1.08583
1.46126
0.502915
1.13305
1.42822
1.33209
1.46532
1.10638
1.0643
0.864807
1.27658
1.36975
1.123
1.15436
1.55023
1.54241
1.48537
1.18686
1.22158
1.3105
1.49798
0.884101
1.38616
1.01974
1.318
0.628319
1.52647
1.2221
1.55657
1.19599
1.27838
1.4006
1.4929
1.21058
1.54504
0.903513
1.33742
0.75007
1.23791
1.51107
0.818622
1.15399
0.789136
1.03594
1.51
1.49375
0.831645
1.54841
1.40871
1.01188
1.40044
1.42298
1.365
1.53191
0.77386
0.845539
1.49559
1.09029
0.733253
1.2418
1.31796
1.05942
1.08044
0.850418
1.25654
1.45414
1.37944
1.5261
1.41285
1.36746
1.18837
0.889065
0.908653
0.762916
1.0031
1.06542
1.45331
0.5981
1.23977
1.50248
1.2958
1.49721
1.21195
1.28818
0.557652
0.833578
1.44332
1.31688
0.910552
1.45971
1.30895
1.5302
1.42384
1.45467
1.25063
1.51261
0.660829
1.13744
1.3497
1.43924
0.807945
0.929869
1.15432
1.15445
1.32303
1.4139
1.30017
1.53295
0.767447
1.31544
1.267
0.98289
1.34504
1.24796
1.28235
1.26918
0.88145
1.41248
0.921258
1.27001
1.51489
1.18353
1.50272
1.01453
1.13636
1.3435
1.28699
1.07943
1.4626
0.901369
1.38013
1.4157
1.16051
1.5697
1.26029
1.06899
1.22093
1.29827
1.03518
1.08555
1.05732
1.02479
1.03567
1.39723
1.54053
1.49665
1.23493
1.27417
1.33598
1.01056
1.56149
1.45936
1.34438
1.53203
1.5498
0.753193
1.17346
1.343
1.25298
0.938341
1.55129
1.23932
1.52397
1.31931
1.1551
1.21195
1.22412
0.852375
1.24589
1.53948
0.981142
1.35533
1.33491
1.35858
1.37151
1.35751
0.962383
1.35349
1.53676
1.34317
1.51373
1.36706
1.47403
1.35545
1.18969
0.843342
1.49859
1.11445
1.41814
1.44808
1.26439
1.55541
1.1043
0.95667
1.119
1.04105
1.22956
1.01403
1.23952
1.54457
1.32171
1.31521
0.548746
1.07302
1.4562
1.37864
1.00892
0.917631
1.26554
1.35629
1.31193
1.56652
1.53356
1.03196
0.954028
0.540176
0.577094
0.941745
0.966374
1.48301
1.4261
1.33406
1.27908
1.35099
0.642989
0.946242
1.44464
1.38952
0.812822
1.37198
1.272
0.945806
0.764837
1.27706
1.5029
0.974764
0.802031
1.49379
0.816469
1.50278
0.988145
1.42465
1.47157
1.20624
1.26237
1.0858
1.55218
0.300259
0.688368
1.23418
1.24915
1.00402
1.12617
1.39862
1.30312
1.29101
0.923593
1.34116
0.969587
1.54449
1.469
0.592667
1.2079
1.36955
0.851113
0.868224
1.50122
1.39967
0.673724
1.33497
0.836849
1.28202
1.3059
1.15302
1.41511
1.19626
1.26522
1.35423
1.41106
1.09567
1.20225
1.38555
1.17789
1.45568
1.01072
1.47446
1.50379
1.5129
1.38848
0.487587
1.50703
1.27538
0.990265
0.849768
0.975975
0.472488
1.42378
1.40283
1.39912
0.663353
1.30556
1.16291
1.38063
1.25676
1.37986
1.49418
1.19834
1.01934
1.43999
1.2861
1.13656
1.54113
1.34494
1.38149
1.3224
1.3716
1.39006
1.47584
1.31262
1.22936
0.964136
0.867297
1.36104
1.43821
1.48959
1.13144
1.02671
1.50508
1.41066
0.804715
1.13818
0.985224
1.52836
1.31209
1.32618
1.08739
1.37266
1.12034
1.44399
1.30833
1.27997
1.27583
1.12143
1.09424
1.5162
1.2801
1.29543
0.792059
1.10109
0.90993
1.24831
0.869099
1.53502
1.17094
1.43568
1.04431
1.28996
1.08012
1.32957
1.29789
1.22285
1.16032
1.45832
1.24998
1.07097
1.56817
0.867823
1.33155
1.56671
1.34912
0.533594
1.29555
1.26189
1.42693
1.47063
1.31004
1.43741
1.17492
0.639923
0.585324
1.28112
1.42045
1.54873
1.35371
1.26195
1.30593
1.2784
1.43023
1.05051
0.982522
1.35776
0.696363
1.10845
1.09275
1.35576
0.849758
0.994418
1.5236
1.40785
1.51006
1.22651
1.24085
1.12414
1.34118
1.062
0.856566
1.31082
0.919299
1.22005
1.18501
1.45192
1.27379
1.51969
1.15031
0.97398
1.16258
1.12339
1.42807
1.13558
1.44541
1.2601
0.969093
1.40692
1.40556
0.890456
1.26464
1.56069
0.801943
1.51562
0.813938
1.10268
1.32583
1.46766
1.22933
1.19419
1.37055
0.975389
1.19976
0.536758
1.07611
1.05511
1.24802
1.51247
0.654504
0.976075
1.42187
1.37942
1.0649
1.15499
1.5567
1.5559
1.38041
1.44393
1.25638
1.23474
0.947423
1.46341
1.44985
1.27391
0.856012
1.20999
1.33359
1.26906
1.49987
1.23631
1.45197
1.35489
1.54256
1.20615
1.44676
1.16457
0.68356
1.41078
1.0575
0.719851
1.56515
1.38361
1.35533
0.907796
1.37913
1.48101
1.43687
