1.20606
0.773015
0.70119
1.48824
0.442045
1.5093
1.31355
1.46958
1.09542
1.35783
1.46446
1.37971
0.703592
0.732754
1.18096
1.34316
1.15646
1.28013
0.727034
1.51629
1.47329
1.5181
1.16179
1.16691
1.29415
0.957485
0.389172
1.55448
1.48726
1.34597
1.5682
1.37509
1.07774
1.50244
1.4823
1.19114
0.917611
1.20208
1.32462
1.40254
1.35945
1.53783
0.70728
1.16245
1.47246
0.986907
1.27038
0.924646
0.790948
1.43624
1.25336
1.54522
1.47746
1.56167
1.28346
1.31029
1.09271
1.33002
0.620094
1.33949
1.1468
1.44221
1.03902
1.51706
0.842366
1.29448
1.21051
1.15375
1.18284
0.52403
1.4732
1.50455
1.55754
1.45351
1.40029
1.19159
1.54345
1.46618
0.49107
1.10522
1.51289
1.54247
1.42995
1.08954
1.28887
0.606062
1.00297
0.802083
1.53898
1.08872
1.41739
1.26989
1.36208
0.629361
1.12617
1.30498
1.5192
1.37368
1.54437
1.36874
1.17964
1.47773
1.48138
1.26317
1.56451
1.25419
1.18495
1.57063
0.921977
1.37655
0.772171
0.753219
1.50416
1.5614
1.14343
1.24332
1.19297
1.30463
1.51164
0.43299
1.22482
1.21911
1.41186
1.23848
0.61627
1.40364
0.835253
0.820917
1.13609
1.55271
1.02364
1.32542
1.51807
1.11736
1.43314
1.14909
1.30903
1.3976
1.33456
1.40893
0.946907
1.41483
1.09531
1.06164
1.49932
1.32696
1.36663
0.860215
1.31722
1.35851
1.53618
1.48962
1.2011
1.1862
1.56106
1.17487
0.964873
1.30152
0.990217
0.92684
1.31402
1.11181
1.39072
1.44761
1.30887
1.42315
1.0227
1.15872
1.46019
1.54235
1.36054
1.3976
0.768022
0.644405
1.18673
1.54012
1.02689
1.10387
1.33659
1.0078
1.06961
1.4126
1.48494
1.31294
1.47219
1.18037
1.47958
1.566
1.39707
1.34827
1.54687
1.41428
1.25971
1.40252
0.923243
1.5122
0.862948
0.796075
0.979038
1.55151
0.841032
1.50901
0.969328
1.48151
1.28004
1.26996
1.24126
1.14764
1.22813
1.52864
1.29258
0.719359
1.39317
1.46261
0.743408
1.55691
1.4796
1.34629
0.672569
1.28
1.52839
0.818888
1.488
1.39205
1.167
1.43
0.939323
1.10162
1.52888
1.35139
1.45788
1.28035
1.49353
1.56001
1.10369
1.2318
1.50465
1.55302
0.940527
1.37058
1.32385
0.905348
1.37443
1.09546
1.55789
1.24918
1.29277
1.03189
1.56485
1.03097
1.13764
1.23136
1.42427
0.896291
1.26796
1.23225
1.16745
1.21344
1.07381
0.596311
0.819059
1.26349
0.757038
0.986336
1.53215
0.725983
1.10923
0.82935
1.40581
1.09244
1.22635
1.30497
1.18347
0.771053
1.06683
1.43901
1.37397
1.46255
1.22683
1.21837
1.05829
1.10581
1.38954
0.943832
1.33201
0.991354
1.00016
1.51681
1.09202
1.35724
0.982794
1.4921
1.32432
1.34263
1.08133
0.852452
1.48971
1.54394
1.47115
1.43035
0.625807
1.31796
1.05063
1.51843
0.276109
1.53777
1.20104
1.37032
1.33757
1.51296
1.3358
1.52317
1.5448
0.818163
0.710575
1.34026
1.35139
1.09451
0.895334
1.07369
1.0857
1.22761
1.5614
1.41186
0.672625
1.40472
1.35576
1.17737
0.27583
1.29047
1.38854
1.34495
0.925608
1.42446
1.53447
0.820562
1.13592
0.595047
1.29751
1.18767
1.41436
1.06601
0.884193
1.0555
1.44876
1.52244
1.56494
1.09736
1.14968
1.52886
1.06361
1.20751
0.999959
1.37633
1.34759
1.54262
1.24615
1.51633
1.32908
1.40563
1.33673
1.46143
1.3402
1.46857
1.47587
0.550318
1.18377
1.3329
1.40327
1.35258
1.51532
0.92668
1.23035
1.02434
1.06325
0.481312
1.01777
1.33717
1.25792
0.828521
1.1172
1.47461
0.872914
1.10031
0.901882
0.935183
1.02663
0.956192
1.15831
1.18436
1.29723
0.491106
1.18694
1.4624
1.05437
1.56354
0.615312
1.54003
1.52005
1.18561
1.55212
1.55493
1.35001
1.45789
1.42557
0.973608
1.20434
1.36516
1.10627
1.57006
1.54321
1.5046
1.23609
1.13609
1.1385
0.945746
0.989403
1.01109
1.11598
1.56195
1.55694
1.15122
1.53789
1.30821
1.06723
1.5313
1.55285
1.32564
1.06519
1.37702
1.48585
0.982094
1.00562
1.01826
1.49663
0.27887
1.37689
0.837104
1.1211
1.19318
1.30172
1.49804
1.54113
1.55127
0.464402
0.610287
1.48605
1.15772
0.724732
0.95271
0.934742
0.954334
1.14676
1.02854
1.21905
1.46691
1.55404
1.31619
1.46538
0.847474
1.42251
0.975086
1.39359
0.861596
0.894639
1.50983
1.31405
0.696509
1.33811
0.940928
1.31913
1.33812
1.51966
0.718099
1.42298
1.10481
1.31621
1.3731
0.861648
1.04161
1.42699
1.17475
1.32869
1.54154
0.696858
0.596287
1.49511
1.53698
1.43382
1.56903
1.56793
1.16618
1.28328
1.4058
0.992949
0.92864
1.52861
1.3997
1.43013
0.975669
1.43094
1.56292
1.42927
1.50814
0.729542
1.1079
1.18237
0.925168
1.08992
1.49357
0.999659
1.38102
0.760943
1.22644
1.56401
1.54366
0.983106
0.93996
1.45931
1.42435
1.2315
1.09189
1.26093
1.26228
1.56481
0.853977
0.860522
1.41441
1.35629
1.4645
1.2837
1.44947
1.05978
0.84991
0.959586
1.07454
0.467712
1.36326
1.54974
1.21452
0.958438
1.23786
1.50881
1.44694
1.14601
1.50268
1.23724
1.44744
1.05132
1.4655
1.42665
1.48227
1.46504
1.18976
1.38119
1.03669
1.42477
1.2141
0.942027
1.55111
0.558043
1.22443
1.51052
1.47918
1.33013
1.46409
0.849697
1.48647
0.770086
1.15229
1.01814
0.985293
1.32253
1.34419
1.44455
1.53493
1.04307
1.21869
1.26644
1.30726
1.54784
1.0306
1.27478
1.48814
1.55374
0.753032
1.47823
1.36353
1.0363
1.2446
1.21599
1.46252
1.28665
1.25964
0.80217
0.655021
1.32891
1.46599
1.31606
1.53221
1.10651
1.1238
0.931126
1.23073
1.2503
0.785748
1.39579
1.50978
0.925856
1.14349
1.31118
0.74262
1.52541
1.435
1.26311
0.949142
0.73686
1.48145
1.34174
1.5228
0.916516
1.35758
0.857542
1.07396
1.11933
1.56926
1.14157
0.990825
0.702534
1.08028
0.653842
1.02408
1.39732
1.0834
0.954894
1.03567
0.793475
1.31761
1.00686
1.40741
0.980451
1.22677
1.44196
0.799696
1.52641
1.3007
0.924396
1.03613
0.938576
1.405
1.53007
0.792429
1.53346
1.3914
1.28277
1.41585
1.42304
1.44965
1.51012
1.49804
1.41372
1.48928
1.09382
1.26288
1.52861
1.06374
1.09069
1.42045
1.51238
1.55719
1.44564
1.389
1.3285
1.32781
1.398
0.878487
1.31422
1.55874
0.682663
1.18794
1.10605
1.07534
1.31783
1.37876
0.845489
1.54705
1.3893
0.871611
0.750378
1.08689
1.30194
1.32436
1.46243
1.54237
1.26855
0.706624
1.43793
1.43174
1.4188
1.34461
1.11304
1.04162
1.19711
1.34798
1.56243
1.50608
1.38754
1.09704
1.21416
0.931466
0.9927
1.09888
1.32013
1.27302
1.48199
1.0308
1.5302
1.53036
1.56604
1.21252
0.734569
0.538535
1.31396
1.51248
1.48451
0.777883
1.45518
1.43728
1.17495
0.890533
1.04939
1.32593
1.06823
1.5593
1.17657
1.06815
1.20696
1.47817
1.50335
1.12117
1.44442
1.48978
1.12526
1.53542
0.975768
1.39196
1.53856
0.953003
1.27532
1.30385
0.898104
1.53105
0.883234
1.16693
1.35735
1.22389
1.16427
1.07621
1.39593
0.887505
1.20378
1.42671
1.30425
1.01419
1.24796
1.3543
1.08254
1.53719
1.19073
1.56955
1.36762
1.37546
1.5548
1.2234
1.00719
1.32174
1.41455
1.38553
0.854499
1.32932
0.559895
0.531182
1.28977
1.51113
1.05128
1.3383
0.96204
1.26093
0.710432
1.02692
1.47078
1.18561
1.44521
0.563291
1.13257
1.50309
1.4207
1.48904
1.38755
0.563615
1.34142
0.918435
1.33408
1.28953
1.24335
0.846926
1.56709
1.02603
1.31805
1.00613
1.35826
1.27262
1.08603
1.03392
1.56207
1.09818
0.765097
1.43845
1.45815
1.08319
1.47697
1.48003
0.983025
0.842181
1.2872
1.44442
1.33366
1.05132
1.57003
1.36642
1.07114
1.01406
0.836246
1.2665
0.952303
1.25239
1.29792
1.47912
1.56993
1.43845
1.54656
1.53634
0.928769
0.720088
1.33001
1.34739
1.47795
1.39627
0.991608
1.03925
1.26414
1.13976
1.07709
1.39186
1.50783
1.45641
1.56895
1.04857
1.47259
1.14977
1.47298
1.26176
0.999517
1.35704
0.933437
1.22328
1.28627
1.30846
0.561818
1.5374
1.34848
0.857558
1.53548
1.33418
1.2603
1.22281
0.834969
0.996804
0.481212
1.20583
1.25304
1.494
1.11675
1.34139
0.999573
1.51941
0.402115
1.40747
1.4801
1.50058
1.26519
1.19975
1.39236
1.25962
1.52725
1.29694
1.29872
1.15811
1.43266
1.56274
1.4897
1.11499
1.49524
1.40388
1.28647
1.15299
1.10648
0.963911
1.31843
1.19304
0.785473
1.10309
1.18896
1.33372
0.740143
1.29973
1.1895
1.16746
0.826117
1.27331
1.15532
1.48561
1.3923
1.4421
1.40982
0.789695
1.10938
1.50706
1.14039
1.03716
0.84235
1.04328
1.41763
1.30147
0.677615
1.42516
1.5148
0.858177
1.49755
1.52021
1.47323
1.24713
0.998591
1.36107
1.22431
1.13298
1.53247
1.45666
1.41656
0.938644
1.49045
1.27736
0.681105
1.13729
1.47274
1.4518
1.27531
0.953585
1.28974
1.23657
0.781088
0.7323
1.05661
0.939434
1.30276
0.784399
1.46476
1.44451
1.37142
0.684617
1.12495
1.07822
0.993769
1.27685
1.20777
1.36435
1.44504
1.51064
1.42835
1.02822
0.86855
1.23886
1.24487
1.36799
1.1471
1.31309
1.44314
0.580079
1.07211
1.28761
1.37783
0.982509
0.982578
1.45804
1.00436
0.949178
1.25037
1.1891
1.15453
1.50881
1.2041
0.553798
0.656918
0.874399
1.27167
0.820847
0.862227
1.10218
1.44354
1.02135
1.39094
0.892108
1.53368
1.37509
1.41949
1.07162
1.24796
1.34457
0.673873
0.85091
1.41455
1.05113
1.14127
1.3774
1.18742
1.30048
0.948064
1.49253
1.28248
0.970176
1.38073
0.783228
0.930184
1.39775
1.09855
1.32951
0.66715
1.28105
1.3878
1.43667
0.770507
1.33201
0.397622
1.35561
0.968681
0.928494
1.44544
1.2124
1.2764
1.0029
1.27538
1.16371
1.03382
1.23014
1.30479
1.56625
0.930138
1.08099
1.42711
1.45036
0.965067
1.15011
0.933416
0.71335
1.34544
0.909178
1.52293
1.37292
1.47022
0.959952
0.883335
0.933762
1.14355
1.19609
0.894373
1.07585
1.47407
1.42224
1.43155
1.40834
1.04163
1.48392
1.24687
0.904241
1.47372
1.52891
1.54168
1.48478
1.34758
0.783774
1.29909
1.3862
1.29529
1.55236
0.777146
1.24467
1.4475
1.42539
1.43131
0.994191
1.05998
1.50896
1.30911
1.39255
1.00661
1.01713
1.20346
1.45802
1.33943
1.01108
1.39273
1.35223
1.40203
1.44131
1.53814
1.02952
1.46172
1.37045
1.20307
1.46513
0.978964
0.967128
0.700095
1.38603
1.41236
1.32426
1.25407
1.20516
1.48046
0.995012
1.18544
1.5374
0.958249
1.08112
1.08167
1.31483
1.53319
1.37335
1.11873
1.19881
1.29422
1.4808
1.56082
1.26823
0.895806
0.972077
1.33099
1.18219
1.07287
1.29526
1.54079
1.01904
1.12646
1.17476
1.00621
0.761337
1.45773
1.53917
1.00458
1.08684
1.10365
0.628108
1.31793
1.23622
1.50612
0.960597
1.00535
0.945113
1.25795
1.44913
1.05389
1.53044
1.33422
1.15245
1.46464
0.950365
1.45236
1.11489
1.52189
1.52974
0.716755
1.15499
1.26596
0.97435
0.836439
1.44119
1.55662
1.25835
1.43095
1.16677
1.03219
1.5
0.845259
1.30346
0.909342
1.0595
1.02146
1.25621
1.04148
0.812151
0.769684
1.37248
1.49635
1.4019
1.20156
1.29637
1.55649
1.25477
1.49308
1.37336
1.26828
1.09833
1.10899
1.46864
0.949675
1.45629
1.44596
1.5595
0.976823
1.56393
0.22653
1.17682
1.44787
1.32363
0.863284
1.33924
1.04238
0.756433
1.08709
1.55747
1.44986
1.0438
1.2264
0.87545
1.5174
1.38808
1.3993
1.22049
1.2219
1.37713
1.52812
1.46533
0.882154
1.21651
1.40886
1.27091
1.29051
1.3837
0.694967
0.975858
1.10153
1.52696
1.3897
1.34441
1.51076
1.42805
1.14358
1.425
1.28688
0.851661
1.15146
1.12841
1.51088
1.27659
1.06467
0.774423
1.32794
0.982084
1.56766
1.34068
0.909224
1.09492
1.04191
1.5349
1.54595
1.24818
1.29926
0.66104
1.0811
1.26253
1.40961
1.41642
1.40565
1.27933
0.64085
1.03081
1.20707
0.929177
1.32196
1.4258
1.25873
1.41909
1.13892
0.740911
1.42742
1.21997
1.17261
1.15865
1.28392
1.21669
1.18977
0.713487
1.52048
1.1421
1.5184
1.29091
1.29201
0.87642
0.653134
0.924054
1.21934
1.50914
1.32379
1.15595
1.29557
1.26954
1.1537
1.48775
0.969782
1.52748
1.1265
1.19712
0.78151
1.54491
1.50336
1.1653
0.539165
1.23881
0.758318
1.55786
1.50824
0.34584
1.22719
1.44264
1.48095
1.19158
0.719024
0.550989
0.69993
1.04351
1.2612
0.561979
1.49871
1.01855
1.21963
1.02578
0.974572
1.03759
1.53881
1.09312
1.50373
1.06161
1.54528
1.03153
0.655912
1.54553
1.20026
0.85554
1.52716
1.4502
1.37378
0.669161
0.792651
1.26253
1.05662
1.53111
0.942881
0.517394
1.21378
1.15482
1.15702
1.55165
1.34598
0.751598
1.21683
1.3388
0.919415
1.55035
1.28341
0.675708
0.785153
1.46809
1.3166
0.963313
1.28894
1.55657
1.56524
1.41298
0.819315
1.4097
1.29954
1.27806
0.817697
1.15851
1.50923
1.52005
0.752394
1.5272
1.51718
0.745923
1.33648
1.52067
1.18525
0.929763
1.29465
1.4713
1.25881
1.22181
0.472543
1.15476
1.53966
0.539532
0.853907
1.0039
1.17168
1.20601
1.13441
1.06527
1.24994
1.02642
1.54801
0.644334
1.49945
0.956991
1.25962
1.51688
1.49149
1.23687
1.23426
1.27232
1.0448
1.56219
0.868267
1.27599
1.33215
0.438567
0.940396
1.25873
1.52751
1.41403
1.20888
1.00214
1.51199
1.34291
1.46531
1.09709
0.953104
0.930381
1.55788
1.42798
1.21185
1.03868
0.984957
0.887977
1.44421
1.03166
1.47291
1.53038
1.28659
1.4123
1.13479
0.769395
1.51923
1.55938
1.49435
1.50734
0.811442
1.00755
1.30306
1.03202
1.34463
1.46568
1.22023
1.51211
1.37484
1.40475
1.10394
1.35437
1.28672
0.643428
1.01714
1.50605
1.14304
1.52205
1.519
1.10743
1.53878
0.777655
1.24448
1.51465
1.30027
1.04187
1.26472
1.56401
0.760273
1.24106
1.5292
1.40268
1.25753
1.36606
1.27863
1.11775
1.28335
1.48285
1.54302
1.47819
1.02891
1.2019
1.53789
1.39379
1.28599
0.747488
0.763068
1.56604
1.41418
1.38941
1.10702
1.15152
1.44713
1.28328
1.40296
1.50128
1.54204
0.967586
1.54632
1.24873
0.965992
1.33893
1.38317
1.53912
1.37911
1.47339
0.691742
1.41223
1.32513
1.02772
0.864492
1.29253
1.4377
1.26364
0.862418
0.945098
1.02214
0.768995
1.52961
1.14911
1.06752
1.17393
1.27621
1.47121
1.0756
1.00125
0.830507
0.600906
0.832773
1.36762
1.53527
1.10002
1.28487
1.13238
1.21143
1.31286
1.2564
1.28742
1.44813
1.54882
1.56619
1.08513
1.25874
1.51581
1.28576
0.831949
1.54907
0.830159
1.09907
0.838335
1.2271
1.0996
0.77883
1.30162
1.54552
1.27289
1.09631
1.15805
1.43422
1.05339
1.1348
1.56819
1.47409
0.587089
1.3467
1.01765
1.21292
1.38865
1.3367
0.81273
1.49189
1.43254
1.41655
0.788791
1.25345
1.43611
1.49834
1.23407
1.55853
1.19953
1.27337
1.3923
1.46501
1.29129
0.478985
1.50764
0.574547
0.995305
1.01809
0.661628
1.53007
0.988457
1.54223
0.532535
0.782927
1.35226
1.4951
1.43765
0.861761
1.52861
1.38708
0.759626
1.42366
0.825003
1.0584
1.43494
1.50312
1.14993
1.37494
0.890564
0.925942
1.4981
0.731935
1.41364
1.09738
1.17461
0.970579
1.27275
0.996589
1.56845
0.986617
1.21467
0.936947
1.11044
1.43147
1.47586
1.10886
1.11133
1.47691
1.29164
1.04628
1.13037
0.943426
0.908341
1.25426
1.19333
1.55346
1.31758
1.52487
1.56341
0.752605
1.3856
1.07051
1.49899
1.53853
1.03752
1.1952
1.33074
1.34419
1.18198
0.999671
1.31787
1.44945
1.45107
1.56756
1.00358
0.986217
1.56643
1.27621
1.33639
1.54034
1.49731
1.37437
1.37522
1.09957
0.876437
1.28978
1.35158
1.21407
1.53062
1.08582
1.53252
1.00876
1.37665
1.32667
1.30764
1.22256
0.845303
1.48432
1.27908
1.01481
0.978966
0.643752
1.52905
1.04772
0.688142
1.51926
1.48925
1.40153
0.93645
1.27302
1.49483
1.45432
1.46998
0.83414
1.46083
1.04156
1.18604
1.35062
0.982797
1.2504
1.42705
0.998658
1.10347
1.03545
0.908513
0.629599
1.26175
1.18197
1.3767
1.20847
1.48959
0.577056
0.865776
1.54769
1.4709
1.43429
1.52647
1.24727
0.787258
1.07574
0.887149
1.18066
0.915804
0.882259
1.2231
1.22505
0.528705
1.0559
1.2884
1.37098
1.47182
0.997283
1.17538
1.43789
0.957099
1.47145
1.33485
1.53887
1.00845
1.45125
1.02218
1.51504
1.03274
1.41593
0.756658
1.14503
1.17697
1.47026
0.951623
1.52354
0.891669
0.80866
1.47489
1.27005
1.37714
1.55206
1.29073
1.34957
1.28691
0.708656
1.04126
1.43559
0.881527
1.43848
1.43336
1.344
1.54742
0.726094
1.53808
0.967513
1.44884
1.2289
1.47231
1.09792
1.13878
1.1385
1.37532
1.17993
1.2302
1.15018
1.5066
1.19632
1.4453
1.18496
0.919886
1.43234
1.32396
1.22729
1.18066
0.921125
1.49476
1.24081
0.937701
1.01604
1.46881
1.35483
1.33391
1.39526
0.902617
1.35064
1.54134
1.17031
1.18916
1.3787
1.46427
1.53141
1.19062
1.49755
1.11591
1.06794
1.30125
1.19731
0.999662
1.0995
1.45088
1.4088
1.23891
1.55609
1.12233
1.25528
1.47936
1.35324
1.49155
0.570253
1.37451
1.26349
0.909195
0.558393
1.48293
1.48628
1.49082
0.830326
1.21729
1.35527
1.49932
1.4793
0.960934
1.26757
0.857306
1.19884
1.47697
0.829813
1.26087
1.39385
0.992758
1.37769
0.96723
1.48616
1.50504
1.22567
1.53972
1.46547
1.54076
0.890407
1.34654
1.43531
1.46123
1.53322
1.32419
1.22028
1.09696
1.13144
1.49167
1.45577
1.53249
1.55896
1.28856
0.657572
1.34726
1.20699
1.53563
0.988573
1.49259
1.33691
1.35982
1.54872
1.53801
1.48349
1.3645
1.20949
0.533174
1.56842
1.36538
1.26349
1.21285
1.13851
1.19718
0.667352
1.00032
1.30183
1.47427
1.10709
1.56384
1.55604
1.45502
1.48469
1.56912
1.01496
1.48207
0.596509
1.45967
1.27854
1.2313
1.34664
1.11485
1.30527
1.48705
1.46759
1.52134
1.27988
1.56063
1.02963
1.08264
1.32624
1.40964
1.38239
0.903405
1.21996
0.976801
1.13074
1.43494
1.53612
1.14716
1.52659
1.42036
1.02521
0.916312
1.49746
0.774229
1.46323
0.441064
1.46844
1.47556
1.24243
0.842846
1.44897
1.34538
1.42304
1.06778
1.4305
1.06606
1.20753
1.42748
0.846763
1.21919
0.708584
0.888351
1.25438
0.914328
1.43968
1.53791
1.49022
1.4572
1.0812
1.19782
1.33453
0.824954
1.17878
0.939677
1.54781
1.48192
1.46114
1.48279
0.940803
1.05817
1.3656
1.1177
1.46553
1.56762
0.807717
0.813039
1.44793
0.8808
1.38597
1.2731
1.22639
1.34193
0.996428
1.49533
1.31859
1.13817
1.4395
1.55149
1.16431
1.10344
1.0298
1.32001
1.31275
1.52797
1.37826
1.41832
0.934687
1.12205
1.39806
1.16198
1.29822
1.32932
1.50933
1.45666
1.31459
1.27104
0.782239
1.39223
1.52415
1.43285
1.38712
0.97102
1.53487
0.75529
0.921489
1.53706
1.4705
0.576119
1.45868
1.41868
0.560605
0.744702
1.22184
1.41291
1.32357
1.42477
1.37658
1.42557
1.49026
1.32861
1.44879
0.930322
1.32662
0.936827
1.33428
0.868251
1.23045
0.97571
1.50573
1.32196
1.53411
1.44774
1.08362
0.888929
0.98611
1.44307
1.53337
0.699324
1.42662
1.50355
1.5404
1.00788
0.712876
1.25048
1.5269
1.23105
1.31685
1.04719
1.52036
1.32196
1.08741
1.0518
0.806592
1.44525
0.644853
1.21234
1.00588
1.55113
1.24235
1.03661
1.30122
1.16038
1.55859
1.50257
1.30729
1.18814
1.07506
1.11567
1.13424
1.25303
0.95219
1.47476
1.41544
1.0999
1.41798
1.51443
1.29865
0.445239
1.3241
0.923593
0.77879
1.34807
1.21051
0.945748
0.685735
1.24879
1.2388
0.941408
1.33704
0.968083
1.2949
1.07378
1.3607
0.797981
1.48448
1.22126
1.22868
0.525327
1.4415
1.38913
1.45401
1.21241
1.10217
0.943557
1.50095
1.2506
1.29396
1.35698
1.5396
1.09996
1.38439
1.02575
1.02777
1.5162
1.20888
1.53801
1.43784
0.746861
0.733317
1.36137
0.925778
1.49314
1.33751
1.38311
1.37798
1.09588
0.796135
1.24532
1.23712
1.11248
1.26906
1.50416
1.55297
1.1663
1.23993
1.18409
1.04714
1.26087
1.21813
1.2843
1.34018
1.28137
1.5294
0.74744
1.29466
1.53496
0.953683
1.01944
1.53508
1.50156
1.21293
1.4558
0.929342
1.36226
1.37005
1.09261
1.21463
0.873495
1.54345
0.906177
1.30872
1.49807
1.38566
0.894264
1.2659
1.5258
1.07752
0.599749
0.929905
1.01949
1.04721
1.10975
0.664187
1.55999
1.23325
0.927167
1.42236
1.40249
1.0113
1.1064
1.18969
0.969808
1.24615
1.04331
0.586348
1.36076
1.43285
1.16361
1.04202
1.24486
1.5661
1.56689
1.0339
0.993334
1.24938
1.24183
1.20379
0.775743
1.46633
1.47047
1.19537
1.46627
1.03769
1.5548
1.41574
1.12794
0.819952
0.965766
1.2168
1.42693
0.581334
1.41285
1.0424
1.19228
1.09648
0.670116
1.16765
1.343
1.21566
1.39712
1.07706
1.53401
1.46716
1.27404
1.02729
1.55007
1.56811
1.44282
0.887221
1.39831
0.823373
1.00328
0.962813
1.5527
0.896684
1.46812
1.17896
1.25818
1.29782
1.50758
1.4597
0.639247
1.35613
0.754034
1.45442
0.992674
0.632081
1.472
0.682556
1.12287
1.23519
1.00194
1.38336
1.29562
1.40098
1.34945
1.40883
1.16403
0.9681
1.28048
1.32046
1.0752
1.45564
1.57072
1.40785
1.43494
0.278392
1.37782
1.42261
1.42208
1.22262
1.3805
1.13805
1.46231
1.47909
1.32265
1.2504
1.46087
1.27225
0.560785
1.20951
0.96317
1.36506
0.970243
1.18323
1.48843
1.33127
1.54171
1.51125
1.11169
1.35675
1.39961
1.28799
0.619703
1.38485
0.862431
0.745551
0.735683
1.37826
1.13424
0.981816
0.668213
1.40172
1.26984
0.835357
1.2766
0.783063
1.1617
1.48774
1.45369
1.06332
0.381052
0.917796
0.94818
1.17532
1.24538
1.2997
1.37276
0.716285
1.21667
1.03731
0.97301
1.19186
0.674987
1.36413
0.770842
1.32223
1.14633
1.0091
1.51098
1.04543
1.51446
1.36656
1.37378
1.39267
0.962776
0.986833
0.431563
0.921477
1.4789
0.90424
1.19382
1.34776
1.43066
1.09948
1.49473
0.952025
1.0173
1.41625
1.18687
0.902076
1.36175
1.40466
1.34067
1.54075
1.27672
1.01499
0.967691
1.49076
1.17214
1.07008
1.51724
1.38665
1.33133
1.22246
0.874424
1.35807
1.49509
1.53166
1.15818
1.23661
0.542475
0.849044
1.53902
1.36472
1.4803
1.42619
1.32208
1.13118
0.912835
1.17563
1.13615
1.31831
1.32988
0.981216
1.24756
1.01937
1.12773
1.28023
0.864186
1.41403
1.17903
1.21012
1.48445
1.40821
1.32665
1.54907
1.40976
1.41922
1.54586
0.956893
1.55487
0.70021
1.17373
1.56932
0.788267
1.52403
0.970873
1.50477
0.937767
1.21319
1.18499
1.33717
0.870689
1.25578
1.48579
1.54217
1.43118
1.27064
1.54849
0.91236
1.39525
1.37982
1.07758
1.25349
1.13985
1.14882
1.20365
0.783946
1.36313
1.43784
0.930732
0.704388
1.03837
1.17298
0.61654
1.39317
1.40834
1.52287
1.30334
1.45936
1.21556
1.18175
1.47979
1.27107
0.634378
0.738512
0.941951
1.22457
0.865403
0.985532
1.03482
1.00574
1.43827
0.539446
1.39738
0.748086
0.813928
0.657549
1.14497
1.43525
1.4853
1.49014
1.21032
1.35458
1.53679
1.51917
0.811669
1.00993
1.2871
1.32021
1.04007
1.56791
0.584596
1.52672
1.30163
1.10982
1.56591
1.48071
1.47844
0.723438
0.926193
1.42967
1.36656
1.37129
1.46108
0.920038
1.07801
0.859818
1.10312
0.998098
1.19363
1.29258
1.24416
1.13145
1.57031
1.19055
1.16368
1.34604
1.29628
0.875201
1.0789
1.12922
1.27726
1.34801
1.49126
1.27203
1.37758
1.2963
0.430625
1.40444
1.1986
1.16343
1.37584
1.01496
1.03279
1.2154
1.24295
1.54559
1.07965
1.07791
1.10421
1.4869
1.25175
1.38466
1.14174
1.23984
0.85155
1.10973
1.4801
1.54288
1.2018
1.42384
1.19738
1.33763
1.13367
0.803731
1.14134
1.46903
1.492
0.880321
1.11508
1.47194
1.2641
1.09805
0.859476
1.31057
0.573416
1.55389
1.42781
0.347805
1.50204
1.49216
1.41722
1.29255
1.41202
0.917072
1.49688
1.43397
0.885901
1.23661
0.705678
1.43685
1.28513
1.05135
1.30176
1.41089
1.49027
1.3741
1.49889
1.27336
0.828611
1.47366
1.09594
1.34303
0.88036
1.41783
1.26252
1.3302
1.15294
1.09487
0.832485
1.26177
1.56988
1.56951
1.15679
1.30012
0.881476
1.08975
1.32152
1.5212
1.42962
0.632666
0.823832
1.42859
1.36483
0.532643
1.35239
1.34454
1.31463
1.24403
1.16945
1.48397
0.445227
1.41246
1.14556
1.02048
0.986367
0.740008
0.851882
0.85884
0.952123
1.28389
1.08997
1.21488
1.1981
1.46321
1.00633
1.04219
1.23196
1.00769
1.09045
1.43125
0.767334
1.42431
1.16184
1.33615
1.37357
1.48524
1.38459
0.896584
1.22593
1.21885
0.80089
1.47531
0.964132
1.01666
1.08208
1.33297
1.50251
1.36862
1.19396
1.45441
1.04125
1.50422
1.22626
1.0345
0.87418
1.33372
1.25027
1.5228
0.898548
1.27768
1.47001
1.56201
1.36918
0.530461
1.41591
0.921299
1.23822
1.41316
1.02095
0.960835
0.993207
1.48038
1.39131
0.746631
1.39478
1.35895
1.24139
0.69301
1.36668
0.97013
0.945218
1.56643
0.927968
0.765644
1.3558
1.17289
1.52293
0.938184
1.50989
0.797677
1.31509
1.51345
1.07199
1.23641
1.40426
0.994744
1.04892
1.13905
1.48573
1.20032
1.25874
1.40856
1.47657
0.888983
1.45611
0.843812
1.31215
1.39831
1.18561
1.49886
1.3731
0.777231
1.40488
0.972692
0.825824
1.11275
0.962529
1.32857
1.43876
1.4324
1.27506
1.53881
1.5603
1.25605
1.15124
1.4758
0.889862
1.29469
1.53743
1.30581
1.54984
1.53001
1.49311
0.58082
0.917465
1.48818
1.52896
0.862038
1.51373
1.18975
1.47041
1.51021
0.994857
1.29482
1.41627
1.52338
1.25215
1.54143
1.38019
1.13048
1.00315
1.5548
1.47576
1.27669
1.3212
1.26779
1.42976
1.51871
1.20137
1.10806
1.46815
1.00714
0.933392
1.29478
1.19571
1.19783
1.09731
1.22911
1.41694
1.41537
1.35025
1.47151
1.38007
1.30451
1.30751
1.28907
1.44442
0.784705
0.97046
1.3046
1.02149
1.48529
0.927048
1.52387
1.53907
1.53423
1.39087
1.20859
1.21989
1.04122
0.846695
1.28507
0.506657
0.54225
1.13377
1.28774
1.48769
1.42835
1.55059
1.47912
1.29377
1.24396
1.26237
0.84977
1.12766
1.53679
1.33824
0.855471
1.41291
1.41965
1.17756
1.40519
1.37422
1.30182
0.818653
1.45524
1.44519
0.614371
1.57074
1.47994
1.34942
0.858638
1.05955
1.55682
0.421851
1.25586
0.958704
1.43047
1.51712
1.37999
1.4002
1.34197
1.02692
1.08796
0.958253
1.45475
1.03833
0.895666
1.36513
1.4834
1.30252
1.26138
1.41001
1.12624
1.44159
1.52891
1.25477
0.725905
1.03109
1.15553
0.814228
1.51645
1.50211
1.48442
1.41057
1.24796
1.49397
1.09251
1.48094
1.44658
1.4854
1.26567
1.55444
1.52445
1.42853
1.46425
0.974143
1.49829
1.27021
1.54077
1.52763
1.31408
0.83473
1.01995
0.513355
0.916839
1.00557
0.917946
1.10641
0.629229
1.1916
1.44642
1.40779
1.29071
1.48386
0.663693
0.688566
1.38261
1.33048
0.868698
0.650626
1.41594
0.751795
1.03907
1.25799
1.56543
1.04362
1.49601
1.19806
1.34134
0.688511
1.06968
0.99107
1.21372
0.570837
0.98311
1.32542
1.32434
1.47948
1.54186
1.4616
1.50018
1.41883
1.44091
1.52097
1.48706
0.871282
1.2674
1.13879
1.14278
1.40704
1.0689
1.51474
1.06141
1.54498
1.51038
1.53985
1.54143
1.4639
1.01966
1.29358
0.900886
1.24422
1.18718
1.44934
1.50232
0.83552
1.03998
0.823675
0.971545
1.37179
1.52513
1.55645
1.54531
1.25445
1.23325
1.16714
1.19176
1.21389
1.56239
1.33541
1.34295
0.509996
1.50306
1.21351
1.24041
1.22647
0.949647
1.12496
1.42397
0.992281
1.51684
1.47084
1.54433
1.12143
1.38569
1.00024
1.33999
1.55502
0.65451
1.04431
1.11309
1.28243
1.48959
0.51622
1.36718
1.55871
1.24897
1.04775
0.966583
1.48641
1.24087
1.45254
1.11852
1.50845
1.14413
1.15216
1.19409
1.17796
1.10979
1.54546
1.3683
1.19264
1.29516
1.54727
0.553035
0.881831
0.796636
1.10313
1.22421
1.54632
1.30479
1.42969
1.34648
1.45211
1.40623
0.89587
1.01742
0.725096
1.18033
1.05003
1.48708
1.38386
1.01339
1.32718
1.20686
1.29561
1.48794
0.655062
1.22278
1.35059
1.49283
1.12031
1.08975
1.00389
0.973182
0.922663
0.728628
0.67042
1.3329
0.949502
0.472753
0.648912
1.48025
1.54107
0.585979
1.33943
1.15258
0.860504
1.1983
1.21353
1.426
1.11954
1.00537
0.710089
1.12371
1.23832
1.41372
0.685209
1.01528
0.515182
1.29522
1.08389
0.991656
0.84388
1.25008
1.26503
0.855713
0.444309
1.37851
1.37186
1.47691
1.00556
0.916832
1.56561
1.36868
0.878411
1.33189
1.39788
1.15432
1.38063
0.783536
1.46298
1.21541
1.52024
1.54162
1.15372
0.966967
0.777779
0.957725
1.4636
1.49473
1.52959
0.883326
1.34726
1.27621
1.11763
1.47415
0.927691
0.932767
1.22554
1.15071
1.26387
1.51461
1.10454
0.38796
0.868754
1.03481
0.940977
1.27876
0.696972
1.36943
1.38193
1.29288
1.15872
1.38255
1.15652
1.54736
1.31915
1.36706
0.775406
1.08185
1.2326
1.13149
0.77924
1.47967
0.907183
1.28977
1.18673
1.25378
1.51128
0.965242
1.2712
1.39857
1.52253
1.02412
0.74427
1.42284
1.10055
0.961153
1.41521
1.20287
1.23171
1.3319
1.2101
0.916446
1.08716
1.40701
1.52176
1.3405
0.911151
1.56546
1.56005
1.55279
1.29001
0.988816
1.3319
0.928119
1.21213
1.08731
1.15105
1.39222
1.41738
1.41903
0.80527
1.21561
1.54302
1.51333
1.29919
1.41197
0.671908
1.41424
0.802898
1.46612
1.17353
1.37018
1.44329
1.36257
0.73051
1.50489
0.714621
0.84445
1.56365
1.52235
1.5382
1.5011
1.20474
0.854527
1.13613
1.35608
0.633467
0.906896
1.20006
1.33868
1.44562
1.49216
1.47188
0.980188
1.54369
1.20686
1.13969
1.00117
1.41032
1.38115
0.896327
0.994608
1.19403
1.17667
1.50407
1.40305
0.373047
1.25061
1.37157
1.34694
1.18106
1.19166
1.29935
1.27742
0.51195
0.962605
1.56396
1.50202
1.10948
1.18955
1.27622
1.36269
1.27107
0.619052
1.45199
1.02643
1.39335
1.24325
1.52201
0.930565
1.16478
1.00128
1.34193
1.02599
1.33849
1.38563
1.32489
0.764903
0.821874
1.54223
1.45567
0.6314
1.29166
1.28633
1.44571
1.12394
0.717955
1.32301
1.09044
1.32862
1.08217
0.968696
0.948527
1.1726
0.691215
1.48977
1.44542
1.46495
1.31004
1.48438
1.3622
1.38165
1.06204
1.5096
1.01082
1.45873
0.778041
1.33429
1.33522
0.924728
1.56561
1.10422
0.894877
1.20053
1.54244
0.859757
1.04806
0.930489
1.42421
1.41985
1.07719
1.00826
0.641771
0.751606
1.13642
1.09278
1.40556
1.25993
1.26964
1.32941
1.54589
1.56747
1.11991
1.30276
1.32419
1.50905
1.54149
1.46501
1.35376
0.637254
1.24647
1.44787
1.43888
1.10196
1.36883
0.704198
1.39199
1.53097
1.34312
1.29421
0.916325
0.874611
0.820014
1.53111
1.39905
1.08182
1.03663
1.50795
1.57012
1.38736
1.36743
1.28919
1.38681
1.38069
1.1887
0.901576
1.40973
1.21749
1.31477
0.882214
1.44479
1.39633
1.26605
0.880965
1.00566
1.03435
1.55505
1.05854
0.775319
1.33591
1.33309
1.17014
1.55062
1.40292
1.19082
0.855786
0.987786
1.26855
1.49315
1.32041
1.12777
0.792726
1.41786
1.55796
1.37736
1.20359
1.07917
1.53258
1.27742
1.20235
0.85853
1.13897
1.56327
1.1931
0.769144
1.19916
1.44495
1.55218
0.938993
0.910216
1.35957
0.78487
0.96615
1.00395
1.01472
1.29577
1.4806
1.55805
0.873994
1.54229
1.19644
0.708325
0.971403
0.987673
1.54345
1.30895
1.0277
1.24181
0.869419
1.34795
1.28748
0.936845
1.52415
0.817969
1.42718
1.35828
0.750089
1.36831
1.57
1.08933
1.18201
1.52497
1.14944
1.24096
0.757069
1.26372
1.51469
1.10897
1.22845
1.4567
0.643023
1.46581
1.23512
1.27336
0.971662
1.56774
1.34845
1.1077
1.39578
1.37553
1.23796
1.50746
1.38097
0.673981
1.24499
1.28764
0.797965
1.36104
1.3291
1.21005
1.4334
1.20745
0.766279
1.36419
1.09432
1.35558
1.16504
1.39819
1.34112
1.38523
1.55682
1.3008
1.56915
0.923976
1.0282
1.32309
1.22193
1.25683
1.44336
1.0503
1.50804
0.89946
0.867663
0.793767
0.931995
1.31039
0.805898
1.48699
0.744168
1.42471
1.05882
1.40989
1.10467
1.43488
1.11716
1.2378
1.18225
1.07822
1.55435
1.51574
1.35795
1.05371
1.32404
0.792047
0.953179
1.3736
1.0865
0.989396
1.19074
1.06312
1.39623
1.03811
1.2958
0.77606
1.01907
1.44002
1.55047
1.48457
1.25028
1.01972
1.28516
0.791115
0.881753
1.18481
1.29238
0.860299
1.35511
1.48546
0.877164
1.48475
1.52723
1.31844
1.01734
1.00162
0.918531
1.54858
1.12749
1.30748
1.1566
1.04176
1.22803
1.37962
1.1726
1.41798
1.36599
1.21496
1.53505
0.661649
1.14113
0.942333
1.46668
1.49327
1.46268
0.972693
0.662124
1.24971
1.00885
1.03099
1.35483
1.56043
1.18665
1.42144
1.43396
0.651754
1.05158
1.53682
1.0543
0.974131
0.66644
1.45303
0.905406
0.738881
0.873825
1.36319
1.46657
1.14676
1.10676
1.44565
1.097
1.19418
1.0054
1.08285
1.45607
1.1892
1.12886
1.37357
1.30777
1.30297
1.43192
0.958467
1.56057
1.27662
0.791529
0.963735
0.994872
0.598797
1.49749
1.21897
1.34259
1.0742
0.734598
0.901886
1.33949
1.47734
1.53362
1.02542
0.966449
0.854062
1.35086
1.34441
1.34832
0.73618
1.3405
1.22344
0.46191
1.03248
0.864614
1.43584
1.17167
1.15372
1.47715
1.18673
1.50327
1.2712
1.25689
1.51804
0.880127
1.22275
0.748482
1.17067
1.23163
1.34826
1.27701
0.622126
1.03081
1.37976
1.54607
1.42385
1.49412
1.25162
1.44104
1.30035
1.19969
1.49045
1.14857
1.04717
0.966613
0.910352
1.34551
1.485
1.22164
1.12598
0.775671
1.55207
0.502899
1.48244
1.51223
1.31437
1.39546
1.5085
1.49178
1.36718
1.52488
0.78771
1.16497
0.781294
0.932139
1.27053
1.15243
1.25869
1.30675
1.08631
1.15294
1.43294
0.858793
1.08441
1.23743
1.46743
0.952317
1.35795
1.15235
1.41471
1.45557
1.38578
1.01303
1.40998
1.25426
1.38482
1.44031
1.45893
1.13286
1.41526
1.26418
1.4118
1.38941
1.48886
1.15432
1.04983
1.27914
1.22774
0.873819
0.902289
0.907923
1.2293
0.979872
1.27126
1.02357
0.988699
0.828877
1.15241
1.12178
1.49853
1.46599
1.47164
1.22768
0.761925
1.31318
1.01365
1.55143
1.39755
0.447649
1.2851
1.13313
1.32907
1.50978
1.54418
1.32906
1.06584
1.51562
1.46369
1.51212
1.43171
1.19305
1.50443
1.3375
1.2094
1.53994
1.5592
1.22726
1.03486
0.792341
1.4929
1.30884
0.848874
1.51685
1.25076
1.21833
1.47421
1.37589
1.0949
1.3356
1.5606
1.53227
1.0549
1.55841
1.20147
1.11097
1.53906
1.24132
1.22648
1.27294
1.56057
1.37882
1.3213
1.42391
1.34012
0.856161
1.49296
0.622772
0.948785
1.16477
1.40042
0.996111
0.872853
1.39667
0.981249
1.26567
1.36142
1.33021
1.43143
0.964041
0.887205
1.55367
1.47472
1.37634
1.49023
1.44916
1.39562
1.10539
1.16133
0.964696
0.841863
1.49438
0.913411
1.44456
1.31704
1.27742
1.53403
0.866269
1.14684
0.855488
1.44787
1.35489
1.10849
1.25827
1.51895
0.849625
1.07523
1.38209
0.821158
0.936351
1.38454
1.46231
0.950946
0.992164
1.38019
1.51027
1.42033
1.15984
1.52924
1.07519
0.924502
1.55941
1.08035
1.29675
0.768229
1.15225
1.50407
1.1282
1.27608
0.894098
1.24573
1.45885
0.661307
1.54259
0.825959
1.45773
0.86156
1.55712
1.06544
1.56683
0.916591
0.704063
1.05418
1.35031
1.40135
1.27174
1.07538
1.2529
1.00177
0.888669
0.961296
1.44405
1.0529
0.751458
1.17091
1.44364
1.18367
1.50731
1.42906
0.999241
0.928388
1.50446
1.07803
1.50738
1.37885
1.30545
1.21012
1.56671
1.33996
1.38373
1.27892
1.34714
0.977744
1.36536
1.39459
0.917375
1.10292
0.781805
0.928272
1.1952
1.50605
1.47997
1.34306
1.25631
1.53548
0.666892
0.758738
1.2184
1.2268
1.15759
1.21397
1.44805
1.25792
0.610389
1.36762
1.54406
1.42944
1.40413
1.31856
1.3159
1.31155
1.51223
1.41591
1.21715
1.21046
1.55309
1.3665
1.09326
1.08817
1.31263
1.05241
0.966506
1.06075
1.25026
1.06518
1.16662
0.748344
1.32322
1.05918
1.48585
1.56176
0.837433
1.43315
1.52525
1.13177
1.07277
1.07246
0.989546
1.25948
1.05155
1.17862
0.722309
1.26016
0.979101
1.41221
1.53708
1.06955
1.55896
1.45586
0.803747
1.47139
0.823652
1.55383
1.50456
1.22476
1.51605
0.427994
1.45985
0.674849
1.23739
1.2304
1.00995
0.792476
0.866207
1.245
0.975505
1.37705
1.40901
1.5414
1.4144
1.54339
1.31214
1.46439
0.85014
1.32806
1.3293
0.948372
0.388356
1.3726
0.769233
0.879792
1.06438
1.25743
0.989439
1.27398
1.15986
1.44079
1.5534
1.00314
0.856949
0.697146
1.51541
1.45531
1.44439
0.764969
1.25097
1.52207
0.954543
1.55603
1.25657
1.54067
0.620478
1.48861
1.25201
1.26122
1.51296
1.05572
1.39811
1.18123
1.44811
1.15479
1.08506
1.50495
1.12377
0.999348
1.46219
1.24603
1.43315
1.18701
1.36023
1.34045
1.42762
0.686477
1.12335
1.19094
1.53505
1.24443
1.4399
1.42576
1.5418
1.11917
0.557235
0.925413
1.51611
1.20895
1.48474
0.918684
1.34466
1.3909
1.07274
1.43839
1.33064
1.19681
1.26567
1.44928
0.650221
0.828526
1.4785
0.813207
1.40234
1.10347
1.29307
1.49599
1.28905
1.11229
1.28481
0.987077
1.38348
1.54669
1.47068
1.43132
1.3713
1.48463
0.940609
1.41459
1.06255
0.573442
1.40443
1.4899
1.49369
0.788299
1.15657
1.07765
1.36251
0.823955
1.04318
1.3487
0.61763
1.04705
0.954091
1.20667
1.53276
1.19619
0.774377
1.55548
1.22927
1.27542
1.52936
1.34713
1.36643
1.17571
1.3309
1.39507
0.632425
1.34782
1.47534
0.805555
1.39682
1.22009
1.44739
0.948004
1.22975
1.50826
1.51787
0.811824
0.975656
1.46409
1.25339
1.10812
1.20546
1.00108
0.711493
0.915931
1.20287
1.38982
1.50611
0.977248
1.49639
0.677294
1.41585
1.32624
0.761758
1.37894
0.957428
1.02015
1.40934
1.405
1.15153
1.29389
1.48509
1.49932
1.51791
1.52751
1.3236
1.4435
1.39806
1.35427
1.08257
0.85908
1.44999
0.852201
1.50018
1.04882
0.585724
1.47531
1.16176
1.072
0.596448
1.4678
0.957628
1.22398
1.45862
0.730724
0.990765
1.00545
1.29161
1.26541
0.900953
1.14217
1.48526
1.14387
0.885761
1.07919
1.23203
1.37201
1.42434
1.27904
1.32906
1.181
1.04643
1.19383
0.574991
1.42625
0.779026
1.30925
1.45592
0.990128
0.940834
0.938146
1.48546
1.0748
0.578044
1.21664
1.14052
0.533961
0.79687
1.3034
1.10261
0.992097
1.08623
1.17319
1.13679
0.940813
1.42432
1.47715
1.40853
1.12069
1.45079
1.10897
0.920821
0.494551
0.93289
1.14718
1.03178
1.43062
0.980391
1.34604
1.11833
1.46936
0.843397
1.49434
0.822819
0.961009
1.22817
1.01662
1.02883
1.13327
1.2863
1.088
1.16666
1.0871
1.3189
1.32507
1.00209
1.19633
1.47372
0.854098
0.85485
1.07461
1.46203
1.32996
1.20293
1.43589
1.40469
0.987978
1.27678
1.00721
1.46375
0.892286
1.21562
1.10507
1.47859
1.04986
0.978539
0.850924
0.873894
1.44674
1.33331
0.938152
1.42643
1.51685
1.21195
1.0563
1.53985
1.5104
1.2071
0.846135
1.31749
0.963966
0.754879
1.07126
1.18812
1.34732
1.0716
0.888287
1.0014
0.959891
1.17127
1.25368
1.5656
1.34983
1.32888
1.3851
1.45439
0.920205
1.30125
1.41341
1.42365
1.32791
1.54369
1.04728
0.817477
1.49345
1.08073
1.13556
1.52788
1.26305
1.40608
1.35683
0.903032
1.2333
1.34428
1.42068
0.836955
1.20375
1.29021
1.46829
0.947135
0.811535
1.50929
1.54852
1.41125
1.06786
1.30428
1.27979
1.5505
1.45223
1.5265
0.701218
1.09017
0.931606
0.77947
1.16601
1.08234
1.54598
0.8663
1.15545
0.91573
1.41356
1.5206
1.2513
0.906122
1.34632
0.932195
1.0458
0.926302
1.46863
1.33999
0.898506
0.901664
1.32964
0.953391
1.4604
0.823253
1.44542
1.24648
1.53805
1.09155
1.21467
1.56066
1.21302
1.21306
1.50967
1.3192
1.365
1.01273
1.09936
0.866729
1.55041
1.46507
1.32684
1.25368
1.40607
1.33457
0.849784
0.790693
1.47108
1.34385
1.30276
1.54052
1.04196
1.01947
1.49871
1.22396
1.55517
1.33868
1.51613
1.38162
1.35264
0.789702
1.04676
1.51597
0.853431
0.933606
0.656515
0.829406
1.45684
1.05997
1.56259
1.48503
1.49694
1.02456
1.4037
0.961363
1.1632
1.13916
1.39521
1.2236
1.44615
1.52183
0.833937
1.42138
0.762954
0.917392
1.38317
1.46077
0.973384
1.00084
1.26411
1.10313
0.825788
1.26977
1.23046
0.786677
1.56207
1.54852
1.41356
1.07427
1.43895
1.07656
1.11519
1.52067
1.52846
1.54479
0.994418
1.4801
1.1371
1.23774
1.41798
1.53434
1.38268
1.12311
1.31055
1.52644
1.28586
1.13387
1.26298
1.25579
1.33139
0.831525
1.13484
0.883557
0.408202
1.54333
1.03921
1.34247
1.37204
1.29507
0.769384
0.919305
1.47893
1.36201
1.09466
1.04755
1.05749
1.30131
1.14006
0.966329
1.40327
1.39639
0.868545
1.34268
0.781659
1.43742
1.3748
1.09412
1.38095
1.02412
0.758751
1.53569
1.34132
1.36982
1.41088
1.30068
1.49632
1.03509
1.37384
1.14345
1.38913
1.36045
1.44215
