1.01502
1.41952
1.36674
1.2196
1.39292
1.50752
1.3897
1.07662
1.52592
1.52397
1.39385
1.40445
1.3405
1.47201
0.902985
0.87852
1.3941
1.39278
1.49443
1.54409
0.790074
1.54968
1.0613
1.09854
0.642605
1.38516
1.00136
1.44892
1.26935
1.35942
1.26423
0.478386
1.1854
1.27422
1.28322
1.18008
1.15492
0.685649
1.0103
1.06053
1.27846
0.990576
1.4793
0.449826
1.25445
1.51189
1.34795
0.87861
1.24871
1.36952
1.2234
1.36971
0.864706
1.20522
1.08314
1.40316
1.26503
1.05209
0.952339
1.56164
1.21045
1.07121
0.903913
0.889231
1.34701
1.45974
1.23978
1.56488
1.21771
1.29319
1.48852
0.936712
1.15078
1.53654
1.37814
1.40209
1.55468
1.32137
1.2574
1.46476
1.07987
1.55578
0.968063
1.12028
1.44702
0.92094
1.33974
1.37739
1.09071
1.15235
0.912208
1.46556
1.50893
1.54522
1.01619
0.525115
1.10369
1.4764
0.579698
1.34068
1.52888
1.44233
1.34024
0.973508
1.19963
1.13838
1.51434
1.42613
0.854156
1.44867
1.09202
1.50637
1.35352
1.43346
1.11064
1.3365
1.39124
1.39918
1.25317
0.905479
1.56225
0.621639
1.17469
1.51156
1.25371
1.06989
1.56527
1.05815
1.46298
1.20713
1.52751
1.4951
0.667249
1.44879
1.28474
1.26452
1.49746
0.940955
0.6181
1.53033
1.14663
1.27104
1.41666
1.10272
1.52183
0.581559
1.29098
1.38359
1.22508
1.20825
1.565
1.07904
1.40692
1.54024
1.44861
1.32404
1.31073
1.43642
1.43759
1.22936
1.5549
1.21715
1.503
1.20767
1.53785
1.552
1.53287
1.05465
1.35314
1.44953
1.20961
1.52891
1.21097
0.895734
1.12943
1.51953
1.21128
1.25326
1.22281
1.52934
1.33523
1.05694
1.23964
1.37245
1.19255
1.43186
0.728465
1.00943
1.36939
1.17531
1.54968
0.929773
1.33579
1.254
1.56561
1.39713
1.26631
0.899804
1.49969
0.898643
0.888059
1.45917
0.906484
1.15932
1.09494
1.4823
1.49094
1.14265
0.599876
0.996866
1.29992
1.50593
1.26006
1.35495
1.18284
1.31352
0.972611
1.275
1.21247
1.4558
1.56863
1.13495
1.40605
1.2169
1.14535
1.12691
1.21518
1.02072
0.994418
1.14529
1.13461
1.47605
1.17177
1.10934
1.52673
1.35664
1.52577
1.36703
1.42131
1.025
0.929938
1.02587
1.38802
1.10504
1.1493
1.21254
1.35074
1.20979
1.14931
1.33328
0.876669
0.787405
1.23188
0.79504
1.08561
1.29856
1.22154
1.55087
1.02041
0.990924
1.46371
1.50601
0.7195
1.17359
1.27428
1.363
1.14676
1.1849
1.36463
0.853205
0.957154
0.777726
1.54107
1.56922
0.654361
0.696433
1.48408
1.44888
1.22067
1.42141
0.766782
1.32227
1.54995
1.5436
1.02598
1.24415
1.23693
1.29351
1.2106
1.26195
1.21255
1.21585
1.23413
1.22496
0.697689
0.716264
1.00981
1.40413
1.19101
1.46323
1.2591
1.13562
1.51455
1.38684
1.54357
1.38522
1.22638
1.45156
1.38497
1.47541
1.51382
1.38827
1.19051
1.40593
0.89051
1.34388
0.968725
1.35162
0.996099
1.36717
1.31175
1.1594
1.49678
1.56317
1.01649
0.346871
0.989482
1.49296
1.18449
0.836111
1.54113
1.16331
1.08785
0.81177
1.35186
1.4152
1.3726
0.94451
0.897663
1.5254
1.14945
1.18709
1.26717
1.27484
1.18604
0.965979
1.49449
0.972038
1.37565
1.51461
1.38963
1.38491
1.51205
1.47329
1.33833
0.588809
0.91464
1.55471
1.51326
1.37254
1.26816
1.26275
1.56683
1.40073
0.928849
1.47047
1.30087
1.47262
0.801027
1.27458
1.31067
1.07365
1.29833
1.0249
1.14362
1.453
1.07398
1.21664
1.21182
1.29669
1.01109
1.2496
0.85282
1.35286
0.709743
0.273439
1.03133
1.0009
1.19524
1.28376
1.20424
1.10415
1.21404
1.28077
1.43958
1.41693
1.30403
1.37217
1.13505
1.29055
0.635822
1.04298
1.40834
1.42544
1.21293
1.44748
1.21898
1.06207
1.41275
1.20006
1.26208
1.09648
1.21517
1.49177
1.30514
0.811742
1.55788
1.27614
1.27262
1.4351
1.22652
0.832663
1.2048
1.55044
1.54436
1.30919
1.30106
1.24686
0.893784
1.52983
0.984415
1.07322
1.48788
1.39769
1.477
1.33416
1.22404
1.12611
1.54064
1.50318
0.873139
1.18695
0.856899
0.990795
1.56317
1.38175
1.43571
1.38674
1.3194
0.99392
1.26394
1.3533
1.17733
0.903695
1.35655
1.36327
0.975825
1.4766
1.0569
1.2472
1.54846
1.33667
1.39236
1.55806
1.39912
1.43013
1.00235
1.32441
0.778095
1.31225
1.13979
0.827985
1.54907
1.25269
1.14482
0.543967
1.01564
1.56848
1.1764
1.49299
0.882858
1.28755
1.43282
1.5514
1.285
1.17769
1.54299
0.974167
1.3739
1.31301
1.17283
1.46973
1.18706
0.65498
0.557342
0.959161
1.48328
1.25524
0.728529
1.10271
1.10867
1.54411
1.53472
1.48221
1.14128
1.50396
1.21858
1.07961
1.02914
1.46034
1.19054
1.25585
1.36188
1.46231
0.98398
1.38137
1.22482
1.43864
1.44798
1.03921
1.04294
1.2104
1.0014
0.479162
1.46952
1.52428
1.1838
0.65171
1.14914
1.45608
1.20666
1.07426
1.54846
1.00813
1.04342
1.35939
1.53563
1.02992
0.810499
1.38205
1.31906
1.22603
1.52121
0.897325
1.49027
1.50318
1.39143
1.0089
1.33717
1.52488
0.74036
1.41239
1.46362
1.18106
0.693136
0.985665
1.31191
1.43273
1.12613
1.1432
0.962882
1.20087
1.02257
1.34024
1.2681
1.23137
1.35145
1.48684
1.56604
1.13727
1.56618
1.3517
1.5335
1.49682
1.51987
1.47145
1.2324
0.866778
1.5144
1.03099
1.32088
1.1824
1.16799
0.945691
1.05543
1.46283
1.24014
1.46678
1.4812
1.52329
0.951809
1.16763
1.08265
0.716946
1.35617
0.778878
1.5029
1.18191
1.03426
1.05052
1.53793
1.29865
0.951161
1.34851
0.850338
1.53996
1.25605
1.16874
0.779707
1.35517
1.51681
1.24793
1.53026
1.09023
1.10711
1.47823
1.22949
0.853575
1.23408
1.49406
1.05238
1.49859
0.765586
1.36955
1.35564
1.39992
1.42008
1.50538
1.33742
1.51602
1.49981
0.924358
1.50514
1.1486
0.872407
0.83272
0.931322
1.32574
1.31061
0.555919
1.42625
0.770246
0.745616
1.13622
1.37858
1.41557
1.43796
1.37492
1.08721
1.09649
0.972582
1.25321
1.27685
1.32107
1.28387
0.987209
1.23525
0.935766
1.5429
1.3388
1.07865
1.32784
0.661765
1.42119
0.886265
1.53795
0.995175
1.21615
1.46752
1.27859
0.950388
0.420414
1.54055
1.52841
1.36861
1.11172
1.52005
1.48769
1.29047
1.40129
1.17095
1.3015
1.46587
1.23357
1.22142
1.1675
1.18844
1.43975
1.06228
1.19461
1.16079
1.4739
1.4084
1.19651
1.12137
1.33303
1.24428
1.24293
0.881284
1.09896
1.20767
1.08633
0.47075
0.891528
1.43481
0.632495
0.720344
1.57031
1.54004
1.05919
0.995667
1.17488
1.22897
1.48901
1.28093
1.00704
1.52299
1.30232
1.29928
1.17607
1.4459
1.32026
1.44355
1.07281
1.5529
1.36358
0.602797
1.24122
1.36195
1.23816
1.35736
1.38523
1.28843
1.34169
1.06404
1.20235
1.21775
1.39137
1.43787
1.29906
0.951533
0.641814
1.31991
1.45306
1.47189
1.07912
1.21924
0.958123
1.37652
1.27555
1.21765
0.933302
1.2633
1.30596
1.51602
0.757528
0.986847
1.05718
1.16205
1.28399
1.27781
1.21906
1.50122
1.07864
1.46799
1.333
0.930757
1.23783
1.12737
0.598581
1.43297
1.06897
1.36307
1.07929
1.55261
0.973986
1.27257
1.4265
1.49792
1.24377
1.12264
1.05408
1.47783
1.18258
0.605148
1.11489
1.06378
1.28658
0.743729
1.51156
1.1679
1.44079
1.40128
1.39825
1.54821
1.02271
1.47507
1.40268
1.32082
1.52769
1.5173
1.25349
0.821582
0.811729
0.464177
1.55499
1.18637
1.45819
0.903
1.43112
1.53977
0.980015
1.51
1.4173
1.3297
1.15405
1.16153
0.932116
1.51804
0.403268
1.50111
0.749145
1.50829
1.39298
1.0378
0.359029
1.5
1.31249
1.27685
1.05451
1.03329
0.951063
1.28316
1.4686
1.19035
1.28242
1.37335
1.25932
1.05904
0.942105
1.24693
1.44413
1.28379
0.88456
0.953075
1.3467
0.949735
1.53081
0.946681
1.4774
1.08105
1.5011
0.925784
1.35655
1.36169
1.45448
1.03755
0.915731
1.28041
0.882169
0.963298
0.924359
1.20011
1.21345
1.44861
1.02313
1.43195
1.38237
1.18567
1.09772
0.679028
1.06368
1.2994
1.22574
1.52393
0.89145
1.55456
1.4041
1.11008
1.47249
1.26625
1.27736
1.29541
1.09243
1.20388
1.19487
1.35839
1.21141
1.1714
1.09332
1.18976
0.867103
1.45881
1.2533
1.54269
1.24985
1.09772
1.08199
1.50354
1.01681
1.35461
1.42428
1.20526
1.51993
1.01194
1.28805
1.38441
1.19514
0.792572
0.825929
1.38765
1.27953
1.40109
1.03744
1.16007
1.31647
1.35789
1.17294
1.20908
0.949482
1.43673
1.36878
1.38291
1.34673
1.3826
1.32549
1.22625
1.53154
1.13238
0.690985
1.30239
1.40822
1.17882
1.22061
1.2477
1.18948
0.505963
0.766951
1.45586
1.54736
1.34388
1.40141
0.900205
1.5352
1.32139
1.17905
0.828798
1.32344
0.918519
0.862552
1.46136
0.941293
1.48377
0.711872
1.29555
0.926728
0.969617
1.31058
1.04592
1.23279
0.944906
1.33378
1.3523
1.34704
1.3285
0.965981
1.40451
1.17184
1.34432
1.52894
1.46008
1.28217
1.44344
0.49113
1.54974
1.24171
1.53279
1.10114
1.30074
1.1457
1.12525
0.921514
1.47869
1.25426
1.52589
1.21979
1.21247
0.46011
0.844872
1.28602
1.35086
0.705443
1.45994
1.34798
0.35768
1.48132
1.09491
0.970874
1.55139
1.34494
0.743287
0.775356
0.965714
1.34112
1.55731
1.28277
0.602123
1.18834
1.03146
0.839448
1.03718
1.55206
0.730128
0.941297
1.01157
1.06126
1.43605
0.984119
0.888679
1.10941
1.12749
1.17193
0.394609
1.29865
1.34983
1.15802
1.47556
1.47656
1.44621
0.683909
1.04073
1.45767
1.23187
1.27525
1.2898
1.30017
1.12996
1.30818
0.96138
0.858031
1.02893
1.43452
1.4006
1.12976
0.86358
1.34883
1.53708
1.07965
1.52583
1.43235
0.439432
1.5177
1.43098
1.01503
1.18271
0.660069
1.54925
1.24746
1.38988
0.455854
1.51353
0.984344
0.766796
0.689131
1.40623
1.42742
1.21338
1.5148
1.52342
1.29789
0.552486
0.971872
1.49651
1.56514
0.777226
1.55053
1.28576
0.586883
1.51425
1.34559
1.52458
1.36989
1.10114
1.34995
0.989018
1.50489
0.987489
1.42934
1.19835
0.664852
1.47697
1.28659
0.722095
0.799366
0.9567
1.35517
1.4058
1.2539
1.15506
1.43334
1.42798
1.08021
1.48506
1.52067
1.11912
1.45666
1.32863
1.19008
0.651616
0.407796
1.42162
1.21989
1.36781
1.47102
1.45856
1.56576
0.701357
1.13336
1.08213
0.897764
1.56623
0.643848
1.41699
1.34942
1.19661
1.3527
0.978415
1.37702
0.573845
0.968151
1.30713
1.15678
0.996238
0.891403
0.804869
1.35582
1.22245
1.19609
1.13845
1.45547
0.849141
1.11132
1.55494
0.653524
0.965616
1.16434
1.46126
1.21597
1.44934
1.44276
1.21241
1.55865
1.47418
1.34344
1.32334
0.956305
1.2697
0.73253
0.666492
1.52742
1.32378
1.26585
0.890255
1.24717
1.41539
0.883328
0.923007
1.25573
1.55859
0.893002
1.43365
1.38093
1.51186
1.29713
1.45027
1.4202
1.52149
1.32612
1.2723
1.55382
1.25159
1.42628
1.33968
1.33874
0.92985
1.343
1.46973
1.14611
1.21826
0.627671
1.30574
1.24289
0.972216
1.21891
1.01605
1.09605
1.35264
1.20182
0.776976
1.42705
1.35476
1.15372
1.30315
1.33987
1.51694
1.48559
1.4606
0.936435
1.53609
1.08793
1.46594
1.00583
0.784732
1.26936
1.18924
0.640033
0.901995
1.43346
1.29187
0.83285
1.10859
1.03123
1.44319
1.33529
0.880199
0.953566
1.3542
0.774492
1.04776
1.13607
1.1029
1.37217
1.35584
1.13622
1.43762
1.07905
0.895916
1.22672
1.48481
1.03901
1.51247
0.935371
1.19462
0.619415
1.30574
1.16438
0.759267
0.908736
1.43741
1.32464
0.965925
1.56933
0.67366
0.774798
1.34391
1.37441
1.43827
1.51403
1.40979
1.53178
0.881259
0.673012
1.36051
1.09427
1.17743
1.56118
1.41019
1.22408
1.36743
1.21266
0.970584
1.05756
1.22151
0.980268
0.551209
1.43978
1.38672
1.02566
1.37541
0.773626
1.4234
0.935234
1.26266
1.36993
1.20287
0.653748
1.19466
1.1546
0.173169
1.30903
0.978915
1.4929
0.853002
1.36207
1.15412
0.672729
1.25558
0.964558
0.675994
0.981933
1.35301
1.44854
1.29401
1.18758
0.774271
1.1154
1.32992
1.35195
0.661921
1.07475
1.50084
1.14657
1.3388
0.669601
1.30036
1.10349
1.0525
1.35139
1.34034
1.29149
1.47007
1.07908
0.644982
1.26367
1.28748
1.12543
1.35786
0.87931
1.37372
0.272567
0.922964
1.55105
1.4899
1.46519
1.21019
1.08078
1.23187
1.26168
1.3275
1.50367
1.45752
1.04251
1.36163
0.850337
1.54058
1.18199
1.00025
0.691412
1.19992
1.51681
0.609284
1.53209
1.33403
1.2558
1.43999
1.48059
1.55444
1.15065
0.805451
1.38758
0.973326
0.800315
1.33719
0.969629
1.18561
0.972742
0.498345
1.491
1.03603
1.43235
1.40865
0.861175
1.03487
0.80906
0.759667
1.5672
1.31925
1.06196
0.852347
1.16714
1.21865
1.03431
1.08595
1.10169
1.44688
1.14536
1.34682
1.54314
1.19058
1.11852
0.968351
1.41823
1.19692
1.33585
1.36806
1.56781
1.32196
1.46464
1.16441
1.30843
1.38516
1.53823
1.5345
1.18205
1.34607
1.21838
0.985586
1.48959
1.22992
0.502584
1.4184
1.12671
0.665809
1.51981
1.2267
0.510072
1.33083
1.31963
1.39639
0.735068
1.14087
1.25526
1.36275
1.1996
1.31531
1.42486
1.37254
1.48717
1.32865
1.14897
1.38075
1.38868
1.22314
1.54009
1.22557
1.50159
1.03343
1.02707
1.5404
1.56559
1.15692
1.09944
1.27449
1.3302
1.25869
1.46895
0.772416
1.44344
1.46654
1.30023
1.06084
1.32533
1.44845
1.14085
0.96487
1.18364
1.04176
1.16638
1.10661
1.48132
1.42515
1.23263
1.556
1.51498
1.37441
0.796949
1.11698
1.32479
1.09005
0.849198
0.784373
1.05844
1.30928
1.27289
1.14081
1.33224
1.239
1.03526
1.47265
1.07453
1.40215
0.943622
0.728047
1.3515
1.51944
0.984825
1.26445
1.47075
0.624071
1.4887
0.996322
1.34262
1.05606
1.29932
0.801089
1.36422
0.75601
1.23854
1.03582
1.06628
1.27393
0.917358
0.800421
1.42735
1.05106
1.01985
1.5294
1.33691
0.897246
1.56744
1.3683
1.01403
1.52366
1.47673
1.40351
1.44828
1.47614
1.19524
1.3754
1.48567
1.36943
1.44245
1.01584
1.11967
1.51437
1.22508
1.28019
0.902122
0.833604
1.16128
1.48379
1.35826
1.22679
0.789523
0.812194
1.06565
0.865305
1.23121
1.5072
1.13184
1.36863
1.22138
1.15698
0.81253
1.11642
1.50605
1.46096
1.52949
1.3698
1.02685
1.38056
0.888057
1.18745
1.07946
0.877538
1.41526
0.6659
1.17369
1.08624
1.11725
0.743269
0.905943
1.47133
1.47071
1.51834
1.2549
0.877405
1.55267
1.24706
0.957574
1.52085
1.30783
0.858435
1.5493
0.954667
1.38851
1.18212
1.51808
1.15932
1.40141
1.06924
1.08243
0.710025
0.913968
0.424939
1.04675
0.647953
1.22658
1.21754
0.686066
1.11349
1.30918
1.50315
1.06444
1.52175
0.829371
1.16624
1.50308
0.832285
0.823174
0.996246
1.26236
1.07461
1.32284
1.02984
1.50452
1.24403
1.57022
1.48046
1.49669
1.10558
1.39416
1.07706
1.03803
1.19741
1.46157
0.944747
1.23984
1.401
1.48095
1.50972
1.46096
0.792471
0.401539
1.05997
1.53914
0.956987
1.22218
0.997767
1.32423
1.3378
1.22372
1.20238
1.5181
1.54177
1.37743
1.40908
1.49302
1.50079
1.12384
1.54531
1.49394
1.36915
1.05669
1.38435
1.28872
1.29808
0.821955
1.20496
1.33155
1.17918
1.23667
1.46341
1.06874
1.22866
0.996805
1.5454
1.37948
0.804921
1.35001
1.51498
1.51376
1.40048
1.48757
1.07155
1.35389
1.36373
1.56118
0.908956
1.07161
1.56304
0.993423
1.31382
0.994761
1.32841
1.34824
1.46771
0.800473
1.27699
0.811997
1.57027
1.30545
1.23887
1.37042
0.488509
1.46909
1.01871
1.51605
0.855528
1.20776
0.85741
1.16204
1.2624
1.18122
1.36793
0.792735
1.25027
1.13824
0.957145
1.18294
1.07841
1.22693
1.52745
0.798558
1.47893
1.26829
1.55285
0.990423
1.16969
1.55456
1.5505
0.587459
1.41378
1.33786
1.16378
1.31761
1.36793
0.567718
1.25291
0.944178
1.44822
1.32182
1.35308
1.4989
1.54675
1.45918
1.01732
1.50511
1.25958
0.892702
1.4628
1.39131
1.25108
1.46022
1.35245
1.24545
1.38131
0.883238
1.49963
1.43848
1.40989
1.48843
0.783611
0.801113
1.04748
0.920743
1.25853
1.45168
1.53328
1.10886
1.42665
1.17174
1.31319
0.902919
1.56329
1.52653
1.43687
0.931445
1.10983
1.00653
1.25079
0.65398
1.54546
1.22865
1.27834
0.847625
1.56184
1.55908
1.02147
0.804112
1.47729
0.724258
0.9637
1.3393
1.17961
1.09412
1.14831
1.02862
1.28659
1.1027
1.51119
1.2486
1.2047
1.52812
0.982957
1.51303
1.18181
1.06884
1.38479
0.784921
1.49836
1.16006
1.07925
1.48432
0.959652
1.42799
1.53032
0.867944
1.32944
0.77797
0.801246
1.31978
1.33618
1.33896
1.54992
0.969303
1.27117
1.306
0.591438
1.2247
0.544725
1.32736
1.40772
1.39354
1.53438
0.730037
1.54644
1.4549
1.25766
1.30099
1.49825
1.23686
1.41502
1.41928
1.42756
0.786224
1.41316
1.40416
0.996976
1.21995
1.06448
1.07287
1.24821
1.30204
1.46105
1.14897
1.46491
1.12103
1.43124
1.03603
1.31042
1.31913
0.976186
1.2437
1.18765
1.53099
1.29827
1.10406
1.35066
1.30941
0.827986
0.673656
1.12354
1.43765
0.759505
1.55242
1.28354
1.25881
1.265
1.36874
0.962544
0.508961
0.862536
0.874374
1.56448
1.1169
1.16623
1.04614
1.41778
1.02428
1.24094
0.998779
0.967545
0.611428
1.33259
1.3773
1.4152
0.880477
1.36205
1.44282
0.713781
1.55703
1.56353
1.28178
1.43636
0.983249
1.36101
1.2626
1.22842
1.454
1.2965
1.28786
1.43118
0.982144
0.969625
1.47953
1.32618
1.47654
1.45715
0.937748
1.53313
1.14573
1.02215
1.12844
0.847661
1.33381
1.21839
1.34841
1.36119
1.41341
1.44658
0.926602
0.860768
1.41027
1.1804
1.46231
1.31976
1.29999
1.24006
1.15925
1.23353
0.978848
1.38653
1.55853
1.3096
1.10025
0.468867
1.49339
1.45149
1.55709
1.33127
1.43112
1.09234
1.41879
0.95497
0.911677
1.36583
1.18606
0.852442
1.412
1.06277
1.54461
1.44694
1.30171
0.839224
1.33517
1.56042
1.26482
1.2303
1.44039
1.56042
0.907131
1.33883
1.19568
0.935296
1.41038
1.31862
1.19165
1.45063
1.38415
1.36055
1.27375
0.966388
1.27011
1.40159
1.30783
1.19518
0.597793
0.984843
1.55789
1.50526
0.67311
1.06609
1.22359
1.40869
1.41505
1.3887
0.855806
0.891654
1.3046
1.42921
0.630386
1.29833
1.24348
1.25349
1.10532
1.52287
1.308
1.12563
1.52555
1.56652
1.03624
1.40791
0.941133
0.94296
0.998003
0.803103
1.15225
1.08243
1.02463
1.08105
0.804719
1.55616
1.31673
1.24661
1.5141
1.05176
1.05858
1.21082
1.36307
1.51539
1.35039
1.36799
1.46446
1.19794
0.825852
1.16059
1.47771
1.33993
0.714094
1.17631
1.26116
1.31994
1.01029
1.22079
0.705695
1.13252
1.39695
0.931625
1.35064
0.921515
1.14984
1.4966
1.21351
0.774238
1.43907
0.692014
1.00045
1.48399
1.36768
1.53304
1.35961
0.940101
1.37652
1.33463
1.03928
1.05459
0.822342
1.29798
1.25573
0.795216
1.41742
1.34764
0.88333
1.44596
1.14122
0.625841
1.10259
1.48389
1.34937
1.5247
0.615133
0.801147
0.848594
1.10364
1.08982
1.53661
1.14217
1.33478
1.09717
1.48921
1.06808
0.977423
1.44292
1.43556
1.51049
1.34244
1.19882
1.218
1.34422
0.980972
1.03225
0.96443
0.978875
0.857602
1.05956
1.30865
1.51406
1.46752
1.27235
0.777436
1.19238
1.4089
1.45957
0.275327
1.33416
1.17
1.29577
1.14097
1.26163
0.947473
0.868647
1.31256
0.720212
0.677457
1.46775
1.23593
1.48785
1.13514
1.27815
1.38646
1.38912
1.09929
1.54937
1.23467
1.13447
1.0767
0.979131
1.54467
1.14885
0.83479
1.50462
0.953189
1.30036
1.09033
1.12948
1.37845
1.18943
1.42014
1.46728
1.293
1.18324
1.25201
1.0779
1.26151
1.37042
0.633073
1.32939
1.12275
1.24642
1.24012
1.08727
1.10202
1.27219
1.25446
0.848655
0.953304
1.4886
1.20712
1.38749
1.44578
1.36251
1.06933
0.703315
1.36033
0.661411
1.45479
1.55413
1.40627
1.46154
1.18722
1.48751
1.4955
1.31238
1.45208
1.55793
0.554546
1.49302
0.875258
1.55744
1.08321
1.22181
1.12035
1.40938
1.42437
1.42793
0.387484
1.08897
1.50862
1.48304
1.46246
1.52803
1.34444
1.54412
1.5107
1.46691
1.34789
1.17833
1.08916
1.07809
1.33253
1.54259
0.974341
0.971455
0.915919
1.39424
1.22708
1.56564
1.52762
1.44854
1.18654
1.36718
1.39075
1.34995
1.10061
1.31294
0.913517
1.42132
1.41746
1.35495
1.235
1.11339
1.06535
1.44927
0.576545
0.671492
1.32548
1.44155
1.05691
1.30609
0.804923
1.56527
1.06424
0.792239
1.00588
1.08026
1.26963
0.738299
1.40954
1.43643
1.2123
1.11289
1.27688
1.18919
0.835271
1.48267
1.27174
1.17413
1.40347
0.99931
1.44165
1.44221
1.49198
1.36063
0.784974
1.23075
1.26685
0.71482
1.45665
0.949808
1.4483
1.45776
1.43192
1.26582
0.946376
0.927096
1.31566
1.3488
0.74556
1.48876
1.39329
1.27497
1.39893
1.42477
1.45023
1.0935
1.46345
1.46538
1.36394
1.31843
1.49106
0.945293
1.47409
1.49831
1.08389
1.20732
1.44645
1.25432
0.860126
1.21297
1.38687
1.09861
0.964794
1.28119
1.16623
1.5096
0.834119
1.44799
1.33139
1.228
1.47021
1.28767
0.888069
1.14649
1.40973
1.44516
1.49129
1.3731
1.47461
1.55187
1.20568
1.27773
1.05679
0.874998
0.875033
1.03609
1.56286
1.41417
1.08296
1.51044
1.33648
1.3621
0.953025
1.5581
0.98494
1.06235
1.115
0.76734
1.22158
1.17799
1.40646
1.2757
0.777201
1.15562
1.41458
1.38594
1.0601
1.17812
1.28389
1.43114
1.10573
1.13985
1.16199
0.696232
1.25162
1.37469
1.27995
1.46289
0.982702
1.50868
1.1775
0.730828
0.622261
0.768951
1.4636
1.51642
1.49443
1.42725
1.17611
1.19737
0.890116
1.08223
0.891811
1.31501
1.06103
1.40432
1.14127
0.905005
1.50929
1.43241
1.25714
1.35595
1.25014
1.39273
0.615685
0.911297
0.955668
1.31805
0.870354
1.44784
1.16742
1.06333
1.15251
1.03992
1.3196
1.27075
1.0144
1.25329
1.43365
0.772687
1.53644
0.537839
1.22223
1.53116
1.41378
1.26179
1.28201
1.41545
1.33918
1.35445
1.20176
1.35395
1.43938
1.51156
1.55398
1.50998
1.3466
1.38435
1.33529
1.29285
0.55278
1.10614
1.06146
1.30587
1.33586
0.96539
1.421
1.07322
0.9769
1.43942
1.45973
1.43254
1.53612
1.05423
1.55288
1.54534
1.47191
0.981835
1.38035
0.792757
1.54021
1.46347
1.50569
1.48622
1.42606
1.41514
1.17196
1.11589
1.17468
1.1887
1.10691
1.416
1.55393
1.14559
1.03425
1.21924
1.51663
1.03646
1.03098
1.03025
1.10129
1.52922
0.923512
1.27761
1.3351
1.17557
1.07329
1.46375
0.939718
1.2335
1.25932
1.45549
1.16803
1.3378
1.1889
1.43722
1.4232
1.49118
1.51755
0.374838
1.50263
0.686243
1.07531
1.2574
1.51712
1.42335
1.33629
1.50151
1.45143
0.714025
1.13185
1.53268
0.848074
0.900968
1.21645
1.56024
1.17361
1.19154
1.50266
1.22444
1.49388
0.588854
1.42281
1.2514
1.56092
1.31389
1.45125
1.3673
1.35007
1.25785
0.851616
1.2977
1.48769
1.55157
1.24409
1.34445
1.27548
0.908045
1.05981
1.42187
1.46034
0.776307
1.54423
1.56384
1.36924
1.07059
1.1937
1.43297
1.51364
0.902361
1.44504
1.22714
1.52263
1.27787
1.40815
1.48733
1.02032
1.48132
1.16237
0.957871
1.53432
0.966958
1.45684
1.50511
1.50499
1.21501
0.982501
1.33196
1.17274
1.17961
1.38977
1.21674
1.23097
1.31118
1.51706
1.05602
1.5374
1.11091
1.53215
1.50599
0.97056
0.806264
1.04096
0.966956
1.42127
1.51092
1.45383
1.23486
1.55261
1.03964
1.05113
1.1841
1.10842
1.40022
1.30523
1.53189
1.05276
1.55744
0.804404
1.37148
1.33604
1.54314
1.54296
0.766545
1.33243
1.56304
1.53533
1.48628
1.55236
1.26042
1.52183
1.07047
1.23919
1.46409
1.5181
1.53183
1.37096
1.57051
1.44738
0.795748
0.979419
1.02398
1.42428
1.43697
1.55886
1.55163
1.54357
1.10623
0.944912
1.42728
1.48426
1.5234
1.2697
1.39602
1.47513
1.37055
1.52409
1.4105
1.49161
1.2726
0.983042
1.49767
1.45724
1.51113
0.853618
0.893561
1.50238
1.44713
1.34632
1.40401
0.461647
0.986039
1.07746
1.31323
1.12127
1.14335
1.51874
0.855769
1.4499
1.56062
1.01805
1.49357
0.600584
1.2113
1.4486
1.33094
0.853657
1.47531
1.54186
1.53948
1.5404
1.43182
1.21749
0.96179
1.29707
1.4443
1.16537
1.56604
0.809998
1.53007
1.44701
1.16005
1.11928
1.48898
1.19238
1.39335
1.04574
1.34494
1.16881
1.26939
1.12627
1.17924
1.17094
1.54672
1.45451
1.34197
0.930456
0.764744
1.44534
0.849687
1.31755
1.51125
0.987571
1.33865
0.843432
1.19599
1.08886
1.405
0.63022
0.742799
1.4585
1.44581
0.882058
1.2711
1.03882
1.56408
1.32193
1.19967
1.45494
1.11519
0.692436
1.00552
1.53582
1.38901
0.81153
1.31559
1.45518
0.938816
1.42645
1.42813
0.879397
1.42421
0.841857
0.910145
1.14154
1.0159
1.43617
1.37412
1.14771
1.46022
1.49645
1.49792
1.19478
1.23164
1.49201
1.312
0.995137
1.49333
1.43562
1.39221
1.56197
1.49865
1.45687
1.27285
1.09371
1.06043
1.30296
1.25503
1.09922
1.50693
1.54224
0.988488
1.35345
0.73823
0.893731
0.348513
1.48416
1.48346
1.02465
1.44273
1.52812
1.285
0.636086
1.42212
1.45328
1.10542
0.93091
1.24429
1.4355
1.02306
0.624324
1.54406
1.32011
1.00271
1.48941
1.22609
1.20418
1.10183
0.320546
0.773957
1.50708
1.45076
1.28086
1.36828
1.29571
1.50989
1.20029
1.22139
1.43572
1.15674
1.31249
1.48481
1.39986
1.36157
1.38746
1.47991
1.48236
1.52519
1.34008
0.999223
1.44753
1.15111
1.46918
1.47225
1.12041
1.29735
0.976458
0.759168
1.23027
0.934393
1.492
1.45082
0.973687
0.866951
1.06958
1.37857
0.975828
0.953838
0.770097
0.947336
1.08105
1.22788
1.42977
0.383657
1.13911
0.82917
1.54312
1.38156
1.50207
1.40667
1.16501
1.51489
0.649609
1.39301
0.956322
0.916733
1.44409
1.16854
1.38804
0.684034
1.42952
0.877992
1.41335
1.22112
1.16165
1.2951
0.73095
1.1914
1.22021
0.879371
1.30556
1.28637
1.3967
1.47823
1.54997
1.54862
1.41923
1.22949
1.08914
1.41424
1.35356
1.12001
0.844563
1.21286
1.3995
1.56152
1.08085
1.44041
1.41047
1.2152
1.10516
1.5327
1.32621
1.46992
0.876502
1.16485
1.47887
1.33569
1.03666
1.41645
1.55041
0.976646
1.50214
1.39868
0.416815
1.14359
1.54626
1.4215
1.1677
1.39831
1.39037
1.38018
0.898628
0.869281
0.727444
0.564835
1.52161
0.749793
1.44061
1.30966
1.55248
1.35676
1.07298
1.42724
1.25862
1.1405
1.56127
1.3491
1.46679
1.46673
1.51987
1.37562
1.11854
1.01582
1.11991
1.33428
1.13078
0.711046
0.959206
1.46397
1.4076
1.49798
0.903419
1.25111
1.31623
0.873745
1.05949
1.38355
1.32359
0.817175
0.828087
1.01058
1.3855
1.25111
0.894219
1.27666
0.780366
0.751039
0.827679
1.54014
1.44593
1.43131
1.1719
1.32485
1.11337
1.27187
1.54369
0.671697
1.44582
1.54351
1.45557
1.10203
1.06061
1.06319
1.51434
1.07182
1.19015
1.30451
1.13259
0.941301
1.20228
1.28666
1.00603
1.23461
1.51186
1.25965
1.01044
1.49822
1.53295
1.14372
1.26426
1.20332
1.2368
1.30162
0.98654
1.08202
1.37285
1.34551
1.35383
1.09296
1.2648
0.536232
0.834981
1.21846
0.92359
1.44233
0.952422
1.35186
1.4366
1.52445
1.3962
1.0852
1.46411
1.06574
1.15652
1.26765
1.22233
0.966446
1.06811
1.15899
1.38471
0.823556
0.855025
1.12793
0.874682
0.816573
0.900127
1.18811
1.42212
1.50379
1.27576
0.675073
1.50618
1.42388
1.4812
0.950698
0.830767
1.5291
1.34888
1.56701
1.53479
1.46192
1.51431
1.28494
1.07274
1.36222
1.4127
1.34507
1.02334
1.51542
1.2882
1.37366
1.51544
1.46896
1.06106
0.886004
1.51608
1.08292
1.42834
0.90459
1.53243
1.56321
0.995379
0.97849
1.39887
1.37257
1.3329
1.50725
1.45274
1.35572
1.05208
1.54474
1.37546
1.18976
1.15652
1.24404
1.34112
1.43814
1.52361
0.786378
1.15819
1.06117
1.22479
0.754315
1.40258
1.30947
1.03766
1.48089
1.4873
0.844499
0.852695
0.972797
1.21725
0.884921
1.17701
1.42042
1.01359
1.46237
1.25604
1.07363
1.46808
1.54919
0.882756
1.25715
0.98135
0.959159
1.47274
1.52843
1.37927
0.842765
1.10796
1.32146
1.48987
1.0337
0.865021
1.46516
1.1733
1.41468
1.53392
0.868549
1.5393
1.13978
1.55773
1.40457
1.38031
0.874995
1.37048
1.08775
1.43089
0.90641
0.963097
1.29206
1.45807
1.23358
0.713356
1.0558
1.33974
1.51104
1.29494
1.4973
0.501523
0.698804
1.05037
0.71264
1.49345
0.686979
0.999269
1.51813
1.29992
0.824624
1.24096
1.27097
0.945893
1.56961
1.51865
1.5015
1.17971
1.34789
1.30195
1.49859
1.21904
1.33092
0.877786
1.33309
1.28676
0.976336
1.38392
1.19553
1.06215
0.807544
1.04847
1.46059
0.767492
1.13709
1.1368
1.47648
1.53043
1.07152
1.38771
1.10191
1.03667
1.3041
1.56543
1.51498
1.23182
1.40639
1.39608
0.910975
1.55722
1.40104
1.48059
1.13079
1.10211
0.937147
1.27295
1.06849
0.974185
0.624657
1.1837
0.9613
1.3896
1.14241
0.985759
1.08296
1.40382
1.11805
1.32517
1.24573
1.22093
0.724458
1.2098
1.15338
1.22898
0.707866
1.55146
1.05485
1.27364
1.2098
1.25259
1.07703
0.959653
1.36007
1.43735
1.48432
0.820742
1.32913
1.27815
1.35083
1.18902
1.53331
0.858883
1.13091
0.917178
1.52959
1.45564
1.40283
1.20833
0.704285
1.29389
1.40023
1.25702
1.30264
1.45266
1.46243
1.44005
1.10678
1.18929
1.35635
1.20737
1.37561
1.4083
1.42782
1.36161
1.50092
0.385871
1.47691
0.742741
1.36849
1.26835
0.964774
1.37197
1.17861
1.36512
1.49002
1.51133
1.2617
1.50734
0.744874
1.51767
0.628653
1.34475
1.55099
1.4834
0.863244
1.43568
0.981855
0.782923
1.36868
1.35295
1.44359
1.46436
0.953204
1.25747
1.27959
1.13151
1.42723
1.44215
0.797029
1.32457
1.34864
1.42117
1.3748
1.09119
0.966421
1.50948
1.25393
0.8804
1.45571
1.35864
1.41495
1.52427
1.20777
1.29678
1.52809
0.408311
1.47651
0.856011
1.37544
1.00866
1.46311
1.21706
1.14171
0.752582
1.24286
1.49213
1.0787
1.34485
1.25148
1.51959
1.46565
0.618122
1.5585
0.859796
0.491485
1.15739
0.62291
1.56753
1.24367
1.03055
1.51811
1.30505
1.35711
1.25246
1.28449
0.516883
1.21161
1.41393
1.07887
1.56066
1.18105
1.1954
1.08061
1.52146
0.950684
1.32265
1.25874
1.37303
1.3137
1.15696
1.11554
0.944016
1.30492
0.744342
1.27003
0.822826
1.25564
1.31042
1.56945
1.5451
1.41452
1.47826
1.17908
0.810562
1.04801
1.47898
1.46378
1.55484
0.953184
1.2498
1.23824
1.10525
1.54516
1.15592
1.49948
1.43433
1.39754
1.3778
1.27594
1.16525
1.17233
1.51535
1.38755
0.807488
1.31878
1.16358
1.40051
1.1022
1.16333
0.843419
1.24956
0.917267
1.46037
1.29951
1.38212
0.778102
0.720332
1.21591
0.711355
1.07077
1.24881
1.34147
1.13341
1.48941
1.50706
1.51135
1.10838
1.13202
1.2917
0.625317
1.40057
1.45524
1.11622
0.867504
1.43162
0.860534
1.17277
1.28428
1.26669
1.25881
0.8711
1.41531
1.37951
1.16361
1.3779
1.3678
1.27244
1.21247
1.29999
1.20315
1.24126
0.836298
1.45199
1.39329
1.50226
1.1993
1.43031
1.10463
1.40079
1.45976
1.47223
0.886791
1.25229
1.06916
1.54931
1.48003
0.9856
1.32038
1.54986
1.00328
1.3058
1.02169
0.684034
0.699549
1.39168
0.893486
0.499956
1.50159
1.19495
1.53627
1.18195
1.21553
0.527924
0.893147
1.36778
1.25811
1.21896
1.34883
1.52287
1.56817
1.24654
1.41718
1.5707
1.20725
1.35354
1.53191
1.38328
1.50589
0.68411
1.30459
1.34782
1.32766
1.13663
1.50486
0.746927
1.47651
1.17144
0.815963
1.39034
1.38477
1.21527
0.450892
0.566589
1.52671
1.20065
1.55084
1.40865
1.26401
1.50355
1.29447
1.15389
1.27685
1.02172
0.850165
1.4244
1.09943
1.21222
1.02642
1.26768
1.25586
1.2197
1.03382
0.911687
1.36111
1.41075
1.35458
1.36051
0.728527
0.985522
1.13125
1.24706
1.15292
0.852433
0.876302
1.54775
1.09202
1.40722
1.37091
0.893857
1.13455
1.53621
1.56514
1.06954
1.38839
1.14921
1.49303
0.973243
1.05683
1.03156
1.24944
1.15565
1.1036
1.27704
0.799102
1.23706
0.689576
0.892998
1.16511
1.26024
1.078
1.23984
1.23588
0.951821
1.45398
1.27946
1.50783
0.905693
1.34739
1.24551
1.22366
1.5617
0.758682
1.5473
1.48849
1.44997
1.07135
0.906962
1.26901
0.753391
1.22093
1.53722
0.409778
1.50085
1.39343
0.336721
0.996954
0.99424
1.34043
1.01152
1.44024
0.691968
0.681685
1.45635
0.830506
0.85508
1.17921
1.51596
1.16215
1.56182
1.19619
0.782364
1.07607
0.961342
1.3046
1.13667
1.24831
1.28646
1.20353
1.37455
1.45229
1.12102
1.42298
0.745374
0.522524
1.29722
1.38442
0.858763
1.38529
1.41566
1.22314
1.09367
1.17956
1.35379
1.14824
1.42462
1.53325
1.26419
1.26
0.93815
1.0361
1.5274
1.42199
0.785829
1.46384
1.42381
1.41928
0.74846
1.34325
1.26513
1.39494
1.49331
1.35664
1.32026
1.27774
1.45457
1.38491
1.36089
1.38218
0.954148
1.32649
1.45229
1.049
0.880555
1.01977
1.07023
0.844825
1.30866
0.757848
1.46099
1.39127
1.3828
1.29383
0.936392
1.04234
1.53591
0.992024
0.807443
1.48959
1.41781
1.19706
1.35395
0.790314
1.53634
1.20098
0.9344
1.04601
1.05451
1.51211
1.52965
1.12716
1.52867
1.56216
1.5483
1.56555
1.08575
1.49233
1.44844
1.45101
1.20827
1.43311
1.47734
1.44836
1.26049
1.49241
1.12564
1.09127
0.386508
1.55506
1.08954
1.52525
1.37603
1.18905
1.21208
1.23273
1.33965
0.938113
1.17499
1.31679
1.23977
1.26247
1.54873
1.48625
1.55725
1.20321
1.42619
1.37335
0.69725
1.32681
1.37506
1.08624
1.39009
0.669829
1.13828
0.896604
0.891001
1.50855
1.51082
0.517956
1.19262
1.14496
1.42998
0.505232
0.870007
0.549489
1.4207
1.32662
1.00885
1.2879
1.35164
1.01829
0.982371
0.875817
0.991351
1.2419
1.12948
1.40302
0.863565
1.52565
1.01498
0.966931
0.991375
1.45067
0.698291
1.42323
0.832826
1.45162
0.806866
1.23952
1.42961
1.18044
1.32165
0.43702
0.93853
1.24222
1.1212
0.719141
0.971335
1.30727
0.950123
1.33902
1.18317
0.75829
1.48475
1.02562
1.50177
1.23951
0.743107
1.49706
1.50936
1.19278
1.33271
1.54227
1.48861
1.07344
1.53972
1.5283
0.982272
1.49954
1.12415
1.20856
1.54586
0.918291
1.39385
1.39639
1.10607
0.972934
0.929373
1.40054
1.28474
0.59122
0.750847
1.5
1.23076
1.31541
1.09731
0.96516
1.13756
1.34663
1.08658
0.752835
0.761201
1.38672
0.844631
1.43328
1.38448
1.01791
1.09281
1.04896
1.51394
1.06933
1.5471
1.20231
1.25233
1.06319
1.28162
1.4553
1.16783
1.02103
1.4165
1.40828
0.799384
1.18624
1.02615
1.36201
0.923578
0.337507
1.18865
1.45881
0.945825
1.55969
1.19304
1.50575
1.42307
1.49382
1.16929
0.60673
1.52152
1.44707
1.22732
1.11829
1.4902
1.51015
1.47856
1.26465
1.37786
1.00479
1.4294
0.631973
1.44688
0.769781
1.00625
1.44147
1.13246
1.0619
0.720868
1.47611
1.46851
1.21506
1.51541
1.30947
1.19606
1.45503
1.56506
1.48636
0.978736
0.887028
1.30166
0.878014
1.04833
0.868967
0.804835
1.31679
1.53313
1.3903
1.38839
0.654808
1.09634
1.5509
0.673175
0.606682
1.37379
1.46848
0.795476
1.51288
1.29536
1.37316
1.45494
1.38603
1.35276
1.27481
1.47022
1.12212
0.568327
1.38988
1.31893
0.898623
0.888532
1.16245
1.00394
1.12309
1.50489
1.43032
1.36419
1.54638
1.35014
1.17485
0.486107
0.904417
1.21983
1.01842
0.755419
1.17643
0.76031
1.29142
0.954974
0.839416
1.32212
1.47006
1.43322
1.23832
1.23117
1.0033
0.601854
1.33811
1.48383
0.820303
0.799981
1.20259
1.08617
1.0814
1.1814
0.997003
1.50758
1.54128
1.06116
1.56985
0.970871
1.16889
1.11499
0.814209
0.861621
1.34638
1.26423
1.04724
1.5625
1.37279
1.24561
0.919814
1.15145
0.813007
1.10508
1.30352
1.53215
1.51914
1.31231
0.794311
1.08363
1.20869
1.39769
1.21318
1.51428
1.56607
1.40834
1.47495
1.46016
0.873824
1.06241
1.32693
1.23078
1.18417
1.307
1.11186
1.25801
0.882245
1.31225
1.56231
1.40574
1.26701
1.18086
1.52106
0.951528
1.09526
0.737351
0.92537
1.45819
1.43925
0.954009
0.937173
1.05587
0.9122
1.48996
1.55542
1.43747
1.21911
0.856113
1.15299
1.38404
1.52015
1.38354
1.41265
0.82502
1.27786
1.56164
1.30125
1.2836
1.38516
1.33378
1.28202
1.52494
0.822616
