1.20582
0.772728
0.701312
1.48671
0.452139
1.5093
1.31319
1.46958
1.09415
1.35837
1.46455
1.37961
0.680887
0.732799
1.17895
1.34275
1.15641
1.28038
0.726578
1.5162
1.47372
1.5181
1.16169
1.42745
1.16637
1.29481
0.957113
0.389385
1.5546
1.48607
1.34588
1.56823
1.3754
1.07764
1.50134
1.48258
1.19285
0.917611
1.19613
1.32392
1.40323
1.35951
1.53783
0.707124
1.16345
1.47237
0.986549
1.26838
0.924956
0.791256
1.43627
1.25361
1.5451
1.47335
1.56189
1.28346
1.30903
1.09464
1.32982
0.621409
1.32894
1.14476
1.44424
1.20901
1.03588
1.51682
0.841693
1.29503
1.21279
1.15391
1.18172
0.52565
1.47249
1.50474
1.55837
1.45353
1.45125
1.19179
1.54345
1.46618
0.489527
1.10439
1.51279
1.54259
1.43008
1.09026
1.28642
0.606125
1.00354
0.803324
1.54751
1.0931
1.41736
1.26985
1.36208
0.618838
1.12468
1.3048
1.51914
1.37346
1.54455
1.36874
1.17749
1.47841
1.48151
1.26298
1.45905
1.56478
1.25435
1.18311
1.57058
0.94878
1.37596
0.772171
0.752303
1.50064
1.54266
1.14429
1.24287
1.19297
1.30468
1.50794
0.433068
1.22326
1.21865
1.4103
1.23855
0.616205
1.06397
1.40256
0.835279
0.820919
1.13636
1.55316
1.0236
1.3246
1.51798
1.11519
1.32064
1.43299
1.14905
1.31471
0.904439
1.39816
1.3353
1.40893
0.947019
1.4156
1.09442
1.06102
1.49926
1.32706
1.3721
0.863893
1.31726
1.3587
1.53618
1.48957
1.201
1.1862
1.561
1.17462
0.965313
1.30326
0.989603
0.92684
1.31553
1.11024
1.39084
1.44762
1.30877
1.42412
1.0227
1.14917
1.46034
1.54252
1.36031
1.39758
0.773093
0.644335
1.1867
1.54012
1.02692
1.10387
1.33703
1.00765
1.06773
1.41261
1.4899
1.31326
1.47219
1.19379
1.47958
1.56619
1.39701
1.34808
1.54717
1.41483
1.25984
1.40283
0.922673
1.51229
0.862305
0.796255
0.978499
1.55151
0.840946
1.50948
0.968205
1.48151
1.27853
1.27008
1.24068
1.14744
1.22813
1.52864
1.28997
0.719174
1.39416
1.46311
0.744647
1.55673
1.47979
1.3466
0.757874
1.27969
1.52879
0.818458
1.48788
1.39335
1.16701
1.42987
0.937535
1.10252
1.52858
1.35151
1.46228
1.28016
1.49354
1.56041
1.10305
1.23075
1.50466
1.55316
0.940527
1.37058
1.3241
0.904675
1.37874
1.09525
1.55749
1.24924
1.29264
1.03173
1.565
1.0321
1.13703
1.23136
1.42422
0.898012
1.26805
1.2322
1.14883
1.21386
1.07368
0.591014
0.819775
1.26151
0.756722
0.734922
0.98522
1.53221
0.725813
1.10973
0.82925
1.40583
1.09261
1.22583
1.30685
1.1839
0.770819
1.06682
1.44048
1.37347
1.46169
1.22683
1.21866
1.05827
1.10631
1.38979
0.944406
1.3319
0.991277
1.0008
1.51681
1.09174
1.35857
0.982724
1.49222
1.32463
1.343
1.08133
0.852454
1.48971
0.756082
1.54394
1.47013
1.43035
0.625885
1.3174
1.05062
1.51847
0.278759
1.53789
1.20314
1.37046
1.33485
1.51293
1.33585
1.53026
1.54672
0.818267
0.710592
1.34041
1.35158
1.09404
0.895305
1.07379
1.08431
1.22748
1.56134
1.41186
0.672468
1.39323
1.35628
1.17737
0.270475
1.29038
1.38969
1.34444
0.933866
1.41755
1.53447
0.82044
1.13589
0.595412
1.29745
1.18817
1.41647
1.06613
0.884169
1.05663
1.44894
1.52341
1.56445
1.09762
1.14934
1.5286
1.06361
1.15326
1.15125
0.999954
1.37397
1.34759
1.54311
1.24645
1.51651
1.32843
1.40587
1.33572
1.4614
1.34026
1.469
1.47581
1.39738
0.656227
0.55098
1.1839
1.3329
1.40327
1.35257
1.51538
0.969582
1.23505
1.02432
1.06325
0.480701
0.916035
1.01812
1.36263
1.25798
0.837013
1.12486
1.45291
0.875633
1.10616
1.01421
0.935453
1.01235
0.959607
1.15831
1.18558
1.29691
0.491789
1.18699
1.46212
1.05441
1.27882
1.34754
1.5637
0.613895
1.53994
1.52012
1.18555
1.55203
1.55535
1.35011
1.45798
1.42557
0.973385
1.20516
1.36475
1.10622
1.57021
1.48469
1.50523
1.23525
1.13639
1.1381
0.947067
0.989413
1.01162
1.11598
1.56189
1.557
1.14523
1.53801
1.30827
1.06572
1.53154
1.553
1.32613
1.06578
1.37696
1.48585
0.981757
1.00554
1.01833
1.49718
0.277347
1.35895
0.836904
1.1211
1.19318
1.30691
1.49804
1.54174
1.55117
0.461389
0.610267
1.4869
1.15771
0.724605
0.952722
0.935095
0.955081
1.14676
1.03043
1.21905
1.46691
1.54852
1.31654
1.46709
0.847474
1.42238
0.978458
1.39359
0.860455
0.894658
1.50983
1.30334
0.696517
1.34776
0.940769
1.31938
1.33836
1.52082
0.718099
1.42298
1.10477
1.31534
1.37316
0.86157
1.04198
1.42767
1.17471
1.32875
1.54154
0.69602
0.596287
1.49511
1.53985
1.43368
1.56835
1.56802
1.16564
1.2843
1.40574
0.992949
0.928788
1.52861
1.39964
1.42964
1.10955
1.43112
1.56143
1.42927
1.50816
0.729702
1.10846
1.1825
0.924815
1.08982
1.50137
0.999934
1.38146
0.760821
1.22482
1.56301
1.54373
0.982753
0.939841
1.45931
1.42401
1.23292
1.09099
1.26144
1.2624
1.56469
0.853761
0.860522
1.41459
1.35632
1.46468
1.28336
1.45007
1.05772
0.850112
0.95995
1.07217
0.467912
1.36182
1.55139
1.2153
0.958991
1.23832
1.50792
1.44694
1.13836
1.50299
1.23698
1.44744
1.05124
1.46489
1.42677
1.48316
1.46501
1.04677
1.19153
1.38081
1.03895
1.42477
1.21442
0.914598
1.55065
0.558132
1.22443
1.51079
1.4785
1.33001
1.46397
0.849931
1.48635
0.770296
1.15522
1.01827
0.986257
1.32218
1.34418
1.44482
1.53395
1.05233
1.21891
1.26637
1.30726
1.54784
1.0303
1.2748
1.48814
1.55413
0.753145
1.47832
1.35632
1.03894
1.24403
1.2167
1.46271
1.28665
1.25964
0.803291
0.647482
1.32913
1.46599
1.31622
1.52946
1.10623
1.12326
0.931897
0.952377
1.25095
0.785913
1.39613
1.53044
0.928082
1.14193
1.31111
0.741921
1.52566
1.43506
1.26311
0.949139
1.18597
0.722306
1.48321
1.34172
1.52873
1.53619
0.916906
1.35757
0.857421
1.07395
1.10917
1.56926
1.14145
0.988915
0.702809
1.07998
0.649413
1.02415
1.3985
1.08372
0.95436
1.03574
0.793814
1.31761
1.00744
1.40735
0.980242
1.22697
1.44215
0.798475
1.52635
1.3011
0.920044
1.03496
0.939025
1.40574
1.20186
1.53014
0.792241
1.53343
1.39138
1.28206
1.4165
1.42304
1.4494
1.51192
1.49812
1.41366
1.48932
1.09415
1.26285
1.52861
1.06363
1.09025
1.42057
1.51251
1.55719
1.44664
1.38907
1.32843
1.32775
1.39794
0.877462
1.31491
1.55874
0.682256
1.18791
1.10634
1.0753
1.31783
1.37898
0.845479
1.54681
1.3893
0.871448
0.787359
1.08683
1.30245
1.32426
1.46378
1.54237
1.26855
0.706399
1.43793
1.47338
1.41466
1.34518
1.11308
1.04135
1.19734
1.35354
1.56323
1.5063
1.38755
1.09638
1.21416
0.931893
0.992517
1.09888
1.32014
1.27251
1.48304
1.03075
1.52995
1.53042
1.56701
1.21367
0.733513
0.525713
1.3137
1.51201
1.48454
0.777826
1.4019
1.45549
1.43704
1.17528
0.886904
1.04409
1.32561
1.06784
1.55939
1.17684
1.06762
1.20699
1.47817
1.50335
1.12265
1.44621
1.49118
1.12528
1.53673
0.976712
1.39264
1.53826
0.940982
1.27633
1.30362
0.900157
1.53099
0.883862
1.1672
1.35757
1.22163
1.16335
1.07621
1.39577
0.887622
1.20414
1.42678
1.30427
1.01418
1.24673
1.35367
1.07824
1.53182
1.19068
1.56955
1.36768
1.37572
1.5567
1.22356
1.00932
1.32249
1.41372
1.38543
0.854028
1.32932
0.563616
0.531182
1.29094
1.50965
1.0515
1.33842
0.961971
1.26157
0.71078
1.02698
1.47081
1.18594
1.44415
0.563016
1.13224
1.50312
1.42057
1.48885
1.38678
0.563472
1.34138
0.920935
1.46742
1.33317
1.28943
1.24351
0.847196
1.56704
1.02899
1.31781
1.00755
1.35832
1.27295
1.08898
1.03363
1.56756
1.09918
0.764396
1.43931
1.45853
1.08333
1.47697
1.48003
0.983102
0.839888
1.2872
1.44442
1.33202
1.05177
1.57067
1.36605
1.0712
1.01396
0.83438
1.26644
0.951713
1.25239
1.29757
1.47752
1.57072
1.43839
1.5462
1.53634
0.928783
0.719819
1.33032
1.34669
1.47764
1.39633
0.991652
1.03933
1.26449
1.14075
1.07626
1.39149
1.52531
1.45991
1.5689
1.04931
1.47273
1.14849
1.47219
1.26144
0.998148
1.35772
0.932194
1.21087
1.28647
1.30848
0.561849
1.5374
1.34798
0.859252
1.53548
1.33438
1.2603
1.22281
0.836274
0.996835
0.481917
1.2061
1.25265
1.49369
1.11675
1.3414
0.998886
1.51819
0.350921
1.40741
1.4793
1.50047
1.26519
1.20843
1.39143
1.25968
1.52725
1.29695
1.29891
1.15811
1.43057
1.56256
1.48979
1.12076
1.49542
1.40388
1.28582
1.15271
1.106
0.962571
1.31962
1.19478
0.785473
1.10306
1.19074
1.33372
0.740155
1.29944
1.19021
1.16454
0.826275
1.2733
1.15532
1.48659
1.3923
1.4418
1.40989
0.791459
1.10938
1.50676
1.13912
1.03574
0.841899
1.04286
1.38998
1.30147
0.677404
1.42542
1.51468
1.51944
0.858537
1.49755
1.52027
1.47114
1.24713
0.998591
1.36095
1.22463
1.13299
1.53255
1.45968
1.41532
0.97881
1.49022
1.27659
0.648097
1.13723
1.47317
1.45168
1.36013
1.27723
0.954362
1.285
1.15582
0.78109
0.732932
1.05606
0.939431
1.30276
0.784402
1.46482
1.44427
1.3708
0.684486
1.12469
1.07825
0.995917
1.2801
1.20784
1.36435
1.45365
1.50972
1.42644
1.02822
0.868947
1.23886
1.25027
1.36815
1.14543
1.31242
1.44308
0.583862
1.07239
1.28532
1.37783
0.983732
0.982835
1.45813
1.00429
0.949601
1.25004
1.18633
1.15452
1.50881
1.2041
0.554495
0.656867
0.873732
1.27075
0.821754
0.862735
1.10183
1.44354
1.03047
1.39108
0.893233
1.53371
1.37518
1.42039
1.07162
1.24796
1.34436
0.673874
0.845231
1.41455
1.05134
1.14073
1.37746
1.18811
1.301
0.945155
1.49213
1.28289
0.970499
1.3811
0.765328
0.930168
1.36618
1.09896
1.32951
0.665992
1.28137
1.38763
1.43657
0.770507
1.33394
0.397458
1.48022
1.35648
0.964223
0.92856
1.44544
1.2125
1.27481
1.00155
1.27532
1.15971
1.03379
1.22943
1.30574
1.56585
0.930142
1.08099
1.4265
1.45051
0.965067
1.14697
0.93341
0.711738
1.34607
0.909648
1.52293
1.37292
1.47022
0.95991
0.888099
0.933762
1.14268
1.19609
0.901497
1.0778
1.47404
1.41205
1.4318
1.40883
1.04191
1.48445
1.24531
0.904169
1.47372
1.52891
1.54131
1.48497
1.34745
0.788951
1.3149
1.38626
1.29529
1.55236
0.777146
1.24274
1.4475
1.42095
1.43149
0.99541
1.05941
1.51082
1.30913
1.39279
1.01241
1.01705
1.20333
1.45796
1.33955
1.00193
1.39261
1.34979
1.40175
1.44148
1.53814
1.02948
1.46169
1.375
1.20035
1.46673
0.97919
0.967585
0.700346
1.38553
1.41221
1.32426
1.25413
1.20516
1.47917
0.994726
1.1842
1.5374
0.959889
1.08112
1.05699
1.31471
1.53252
1.37155
1.11879
1.19789
1.3144
1.4808
1.56085
1.27309
0.896078
0.971793
1.33121
1.1812
1.07301
1.29526
1.54098
1.04302
1.12732
1.17517
1.00604
0.761773
1.45749
1.5393
1.00438
1.08856
1.10365
0.628301
1.31925
1.23506
1.50691
0.961972
1.0053
0.944875
1.25795
1.44482
1.05389
1.5305
1.33535
1.15265
1.46456
0.949124
1.45263
1.11475
1.52189
1.52085
0.715149
1.15499
1.2657
0.974275
0.837145
1.44187
1.55665
1.2584
1.43095
1.16688
1.03147
1.5
0.844761
1.30391
0.909342
1.0594
1.02086
1.25748
1.04042
0.811411
0.768917
1.37248
1.49635
0.950167
1.40187
1.20151
1.29792
1.55705
1.25464
1.49366
1.37326
1.26841
1.09833
1.10801
1.46901
0.949675
1.4566
1.44596
1.55975
0.976046
1.56388
1.24866
0.216704
1.17492
1.44756
1.32295
0.863604
1.33918
1.04167
0.755287
0.970466
1.5578
1.44986
1.04268
1.22569
0.875401
1.51736
1.38907
1.39927
1.22048
1.22189
1.37721
1.52763
1.46574
0.882791
1.21748
1.40875
1.27082
1.29007
1.3837
0.694945
0.975372
1.1016
1.52702
1.38709
1.34745
1.51095
1.42808
1.14389
1.42498
1.29153
0.851721
1.15125
1.128
1.5107
1.27659
1.06467
0.774337
1.20673
0.980166
1.56747
1.34062
0.911588
1.09636
1.04261
1.53484
1.54565
1.24821
1.29931
0.661226
1.08072
1.26205
1.4093
1.4164
1.40596
1.27937
0.641238
1.03067
1.20701
0.928862
1.3224
1.42583
1.25875
1.41909
1.13663
0.738548
1.42286
1.21999
1.1722
1.15856
1.28416
1.21721
1.1896
0.713113
1.52063
1.14029
1.51825
1.29085
1.29345
0.876471
0.653185
0.924054
1.21797
1.47982
1.32379
1.15611
1.29592
1.27741
1.15452
1.48775
0.969704
1.52745
1.13036
1.19612
0.781246
1.54504
1.50349
1.16411
0.53907
1.23874
0.759915
1.55773
1.50824
0.345776
1.22638
1.44239
1.48095
1.19141
1.46255
0.719092
0.554377
0.699786
1.04156
1.26078
0.561818
1.49871
1.01782
1.22019
1.02571
0.974569
1.03744
1.53893
1.09333
1.50379
1.06161
1.54528
0.860869
1.03177
0.655926
1.53869
1.20179
0.855318
1.52714
1.45014
1.37378
0.669655
0.79252
1.26071
1.05605
1.5298
0.942881
0.527973
1.46986
1.21351
1.15556
1.15381
1.55164
1.34607
0.751596
1.21719
1.33861
0.918945
1.54925
1.28421
0.675702
0.784527
1.46818
1.3166
0.962339
1.29415
1.55651
1.56524
1.41297
0.819291
1.41013
1.29944
1.27838
0.818618
1.15405
1.50911
1.52763
0.752394
1.52653
1.51718
0.745612
1.33673
1.52103
1.18529
0.929829
1.29478
1.46949
1.25811
1.2218
0.468132
1.15469
1.53972
0.5389
0.85378
1.00448
1.1717
1.20519
1.13453
1.06528
1.24746
1.02664
1.54708
0.641601
1.49936
0.950706
1.25971
1.51694
1.48898
1.23687
1.27021
1.27123
1.045
1.56451
0.868617
1.27621
1.34306
0.438544
0.940421
1.25914
1.528
1.41409
1.20928
1.00214
1.51202
1.34301
1.46521
1.09703
0.952942
0.930852
1.55856
1.42687
1.21159
1.02749
0.985153
0.889436
1.44448
1.03177
1.47374
1.53038
1.28659
1.41165
1.13602
0.769277
1.51911
1.55822
1.49427
1.50636
0.810981
0.999791
1.30299
1.08558
1.3445
1.4651
1.22023
1.51192
1.37509
1.40475
1.10394
1.35382
1.28774
0.648853
1.01705
1.50324
1.14202
1.52204
1.51811
1.10749
1.53875
0.777962
1.24461
1.51483
1.30017
1.04406
1.26478
1.56448
0.760389
1.24146
1.52885
1.40334
1.2581
1.36606
1.297
1.11775
1.28341
1.4834
1.54302
1.47795
1.04127
1.20209
1.53765
1.39295
1.28588
0.748395
0.763049
1.56573
1.41418
1.39472
1.10702
1.15326
1.44713
1.28328
1.40306
1.50159
1.54224
0.968114
1.54643
1.24866
0.966036
1.3393
1.38187
1.53911
1.37962
1.47228
0.687629
1.41019
1.32718
1.02992
0.864482
1.29256
1.43849
1.26286
0.882368
0.954441
1.05558
0.768946
1.52891
1.15005
1.45908
1.05841
1.17393
1.27608
1.47111
1.07548
1.00089
0.830903
0.600752
0.832604
1.36756
1.53719
1.10009
1.28487
1.13219
1.21077
1.31234
1.25639
1.28755
1.44821
1.54943
1.56616
1.08506
1.25876
1.51584
1.28551
0.831975
1.54908
0.830029
1.099
0.838515
1.22632
1.09922
0.779006
1.3016
1.54552
1.27289
1.10039
1.15871
1.43414
1.05466
1.13504
1.56916
1.47853
0.584363
1.34726
1.01791
1.21331
1.38858
1.3367
0.813466
1.4918
1.43254
1.41657
0.78893
1.2528
1.43556
1.49835
1.23688
1.5595
1.24897
1.19993
1.27324
1.39224
1.46495
1.2965
0.478985
1.50722
0.567872
0.995193
1.02099
0.661242
1.53017
0.987492
1.5407
0.532974
0.782927
1.35301
1.4951
1.43698
0.861734
1.52794
1.38709
0.759601
1.44288
1.42366
0.824962
1.05859
1.43494
1.50312
1.15132
1.375
0.891438
0.925942
1.4981
0.72947
1.41362
1.10053
1.1716
0.971175
1.2728
0.996724
1.56854
0.986144
1.21453
0.937007
1.10936
1.43107
1.47562
1.10885
1.11192
1.47764
1.29272
1.04631
1.13043
0.932007
0.908341
1.25431
1.18783
1.55291
1.31843
1.52488
1.5646
0.752107
1.40203
1.07068
1.49905
1.53924
1.06658
1.19514
1.32775
1.34375
1.18218
1.00013
1.31786
1.44885
1.45125
1.56756
1.00358
0.986374
1.56643
1.31932
1.33636
1.5404
1.49724
1.37444
1.37509
1.09922
0.87537
1.28959
1.35145
1.21683
1.53069
1.0843
1.53197
1.00878
1.37641
1.32649
1.30764
1.22255
0.845292
1.48414
1.28061
1.01453
0.978966
0.643752
1.52906
1.04811
0.688149
1.51926
1.48884
1.40153
0.936711
1.27206
1.49483
1.45432
1.51192
1.47047
0.832443
1.44571
1.04153
1.18666
1.35037
0.983177
1.25059
1.42705
0.998546
1.10409
1.0366
0.908192
0.629599
1.26308
1.182
1.09915
1.37658
1.20858
1.48959
0.577056
0.862262
1.54769
1.47151
1.43442
1.52647
1.23762
0.787261
1.07613
0.885391
1.18066
0.915523
0.882206
1.22878
1.22502
0.528613
1.05521
1.28464
1.35883
1.47182
0.997266
1.03429
1.43789
0.956994
1.46998
1.3472
1.53869
1.00773
1.45094
1.02222
1.51507
1.02934
1.41645
0.756801
1.14516
1.17706
0.884433
1.47047
0.951516
1.52335
0.888227
0.818312
1.47467
1.27005
1.37755
1.55206
1.29047
1.34945
1.28691
0.7087
1.04016
1.43559
0.882548
1.43835
1.43325
1.344
1.52177
0.726039
1.53795
0.965414
1.44833
1.22907
1.47231
1.09792
1.13865
1.13773
1.37553
1.17816
1.23047
1.15011
1.50717
1.19567
1.44541
1.18335
0.917755
1.43269
1.3237
1.22726
1.18403
0.92112
1.4948
1.24079
0.937914
1.01587
1.46881
1.35483
1.33391
1.39512
0.900574
1.34639
1.54134
1.17101
1.18916
1.3787
1.46427
1.53126
1.19061
1.50036
1.11683
1.06794
1.30201
1.19724
1.00153
1.10237
1.45088
1.40874
0.518747
1.23901
1.55609
1.12178
1.25926
1.47942
1.35307
1.49076
0.571808
1.37436
1.26413
0.904521
0.558335
1.48167
1.4869
1.49078
0.830326
1.21423
1.35523
1.49884
1.48065
0.962271
1.26773
0.857098
1.19061
1.47703
0.82985
1.2608
1.39211
0.99372
1.37776
0.966874
1.52661
1.50642
1.22548
1.53972
1.46547
1.54052
0.890407
1.3465
1.43531
1.46124
1.53325
1.32414
1.22047
1.09737
1.13195
1.49235
1.45585
1.53165
1.55902
1.2884
0.657572
1.34766
1.20718
1.53551
0.987481
1.49265
1.33692
1.35926
1.54864
1.53789
1.48349
1.36481
1.21075
0.533652
1.56842
1.36566
1.56665
1.26356
1.21292
1.1394
1.19904
0.667352
1.00676
1.30174
1.47427
1.02778
1.56359
1.55587
1.45525
1.48469
1.56161
1.01533
1.4816
0.597455
1.45776
1.27866
1.23023
1.34663
1.11832
1.30527
1.48726
1.46783
1.54165
1.27988
1.56069
1.03007
1.08264
1.32629
1.41168
1.38328
0.90351
1.22003
0.976884
1.13134
1.4347
1.53643
1.14717
1.52647
1.42029
1.03731
0.915636
1.49743
0.775061
1.46372
0.440256
1.4685
1.48009
1.24309
0.843938
1.44393
1.34494
1.42304
1.06778
1.43044
1.06466
1.20693
1.42742
0.848107
1.21918
0.708133
0.888319
1.254
0.914919
1.43888
1.53786
1.48988
1.4573
1.08119
1.19717
1.33466
0.824738
1.17891
0.939192
1.54791
1.48187
1.46154
1.48285
0.940813
1.05806
1.36516
1.11744
1.47476
1.55493
0.807676
0.811886
1.44799
0.880781
1.38628
1.27318
1.22873
1.34193
0.994838
1.49507
1.31853
1.14417
1.44033
1.55516
1.16424
1.10382
1.02834
1.32001
1.31264
1.528
1.37826
1.41884
0.94837
1.12183
1.39838
1.16198
1.2985
1.328
1.50933
1.45647
1.31459
1.27158
0.781892
1.39211
1.52409
1.43285
1.38854
0.971659
1.53384
0.755117
0.921652
1.53775
1.47041
0.576154
1.45862
1.41868
0.549843
0.744606
1.22158
1.41384
1.3238
1.42489
1.37677
1.42557
1.49014
1.32848
1.44873
0.933272
1.32667
0.936746
1.33429
0.868251
1.22912
0.975569
1.5057
1.32202
1.53374
1.4483
1.08361
0.888929
0.98611
1.4399
1.53325
0.69985
1.42656
1.50263
1.54046
1.0066
0.708132
1.25008
1.52693
1.23105
1.31597
1.04706
1.5218
1.32191
1.08579
1.05626
0.806571
1.44565
0.644807
1.21234
1.00703
1.55094
1.23719
1.0367
1.30103
1.16045
1.55859
1.5025
1.3071
1.18877
1.11057
1.11567
1.15169
1.25252
0.954181
1.47476
1.41467
1.09809
1.41724
1.51492
1.29827
1.3577
0.445162
1.3241
0.923664
0.779436
1.34928
1.21065
0.945748
0.68544
1.24815
1.2389
1.28108
0.941541
1.33685
0.967958
1.29484
1.07537
1.36094
0.798222
1.4845
1.22115
1.22862
0.525283
1.44153
1.38914
1.45014
1.2126
1.10217
0.943328
1.50095
1.25272
1.29396
1.358
1.56457
1.10136
1.38426
1.02019
1.02723
0.807546
1.51553
1.20875
1.53808
1.43784
0.746685
0.73299
1.35825
0.923219
1.49272
1.33714
1.38355
1.37792
1.0971
0.795673
1.24533
1.23522
1.11248
1.26893
1.50437
1.55294
1.16484
1.24016
1.18429
1.02144
1.26106
1.21704
1.28347
1.34081
1.28137
1.52983
0.747429
1.29466
1.53429
0.953653
1.01927
1.53594
1.50266
1.21338
1.45899
0.929381
1.34754
1.37145
1.09221
1.21463
0.873495
1.544
0.905497
1.30902
1.49795
1.38566
0.894246
1.26575
1.52623
1.07855
0.599749
0.930578
1.44661
1.01942
1.04673
1.11043
0.6644
1.56066
1.23334
0.927139
1.42201
1.40172
1.01126
1.10756
1.18969
0.969832
1.24519
1.04254
0.586522
1.36076
1.44388
1.16333
1.04188
1.24534
1.56506
1.56689
1.03475
0.993207
1.24647
1.24196
1.20379
0.77507
1.46703
1.47026
1.19511
1.4663
1.03805
1.55459
1.41576
1.12794
0.81938
0.966323
1.21797
1.42718
0.581786
1.10713
1.41325
1.04275
1.1919
1.09614
0.669139
1.16816
1.34237
1.21566
1.3971
1.07848
1.53414
1.46654
1.2734
1.02735
1.5498
1.5639
1.42144
0.887455
1.32844
0.823225
1.00339
0.962803
1.55265
0.895036
1.46812
1.17891
1.2592
1.29802
1.50758
1.45969
0.638675
1.35608
0.754034
1.45442
0.992916
0.633381
1.47206
0.683172
1.12311
1.23519
1.00196
1.38345
1.29552
1.40101
1.34926
1.41878
1.17651
0.968118
1.2808
1.32059
1.07476
1.45574
1.57078
1.40822
1.4358
0.277807
1.38255
1.42236
1.42184
1.22252
1.38038
1.13886
1.46235
1.47905
1.32269
1.25092
1.46046
1.27187
0.560665
1.2096
0.963318
1.36531
0.970179
1.18539
1.48827
1.33127
1.54171
1.51131
1.11253
1.35352
1.39955
1.28786
0.619636
1.38457
0.862388
0.745393
0.737218
1.37786
1.13205
0.979101
0.667909
1.40153
1.27
0.835784
1.2822
0.782976
1.16168
1.48788
1.45449
1.06279
0.380098
0.917494
0.948675
1.17577
1.23751
1.29958
1.37165
0.716371
1.21667
1.03731
0.973061
1.1919
0.675179
1.36392
0.773646
1.32193
1.14633
1.00912
1.51098
1.04506
1.51876
1.36659
1.37378
1.39304
0.962771
0.985669
0.439423
0.905473
0.792078
1.47752
0.904614
1.19436
1.35013
1.43425
1.09936
1.49424
0.952006
1.01691
1.416
1.18685
0.901975
1.3612
1.40432
1.3408
1.54076
1.278
1.0143
0.968271
1.49253
1.17203
1.07009
1.51724
1.38665
1.33115
1.22651
0.873932
1.35907
1.49513
1.53154
1.15811
1.23616
0.543267
0.848299
1.53933
1.36393
1.4803
1.42477
1.32202
1.13143
0.912769
1.17364
1.13612
1.31557
1.32984
0.981216
1.24768
1.01817
1.12827
1.28029
0.864177
1.41496
1.18063
1.20901
1.48451
1.40815
1.32534
1.54907
1.41007
1.41471
1.54604
0.956947
1.55468
0.700121
1.18017
1.56932
0.788397
1.52421
0.970873
1.50477
0.938676
1.21319
1.18426
1.33814
0.871592
1.25591
1.48616
1.54162
1.43118
1.26959
1.54977
0.912415
1.39523
1.37982
1.07745
1.25503
1.13977
1.14882
1.20346
0.78489
1.36266
1.44024
0.932998
0.704235
1.46558
1.03879
1.17426
0.612219
1.39351
1.40865
1.52262
1.30334
1.4593
1.2138
1.18182
1.47979
1.27226
0.637579
0.738609
0.942182
1.18337
0.865665
0.986471
1.03478
1.00627
1.43898
0.539548
1.39819
0.747961
0.813784
0.657533
1.14473
1.43541
1.4853
1.49014
1.21058
1.35476
1.53734
1.51914
0.81091
1.01015
1.28615
1.32011
1.09817
1.5679
0.584908
1.52688
1.30118
1.10934
1.56597
1.48078
1.47909
0.723127
0.849553
1.42957
1.36668
1.37131
1.46102
0.920038
1.07773
0.859627
1.10312
0.995898
1.1937
1.29223
1.2439
1.13144
1.57037
1.19041
1.16274
1.35504
1.29624
0.875139
1.07794
1.12912
1.27754
1.34801
1.49122
1.27292
1.37777
1.29757
0.430424
1.40423
1.1984
1.16336
1.37789
1.01501
1.03203
1.21449
1.24297
1.54559
1.07939
1.07794
1.10025
1.48687
1.25201
1.38479
1.14174
1.23987
0.853612
1.10972
1.48016
1.54275
1.20201
1.42397
1.19724
1.33759
1.16145
0.803746
1.14177
1.46967
1.49224
0.878742
1.11397
1.4717
1.26396
1.09805
0.859709
1.31007
0.573673
1.21257
1.55432
1.42784
0.347395
1.50178
1.49216
1.41823
1.29255
1.41199
0.916981
1.49688
1.43382
0.886092
1.23554
1.39602
0.705743
1.43673
1.28512
1.05171
1.30156
1.41628
1.49036
1.37559
1.43691
1.49922
1.27362
0.828447
1.47384
1.13857
1.34361
0.881069
1.41736
1.26246
1.3307
1.13409
1.09496
0.819836
1.24628
1.56988
1.56903
1.15802
1.30012
0.881311
1.09298
1.32126
1.52119
1.42955
0.632402
0.823813
1.42829
1.37551
1.29484
0.532633
1.35258
1.34454
1.31457
1.24483
1.17007
1.48397
0.426392
1.41328
1.14586
1.02013
0.984016
0.739996
0.853062
0.859867
0.952982
1.2836
1.08983
1.21524
1.24577
1.46298
1.00559
1.04071
1.23596
1.00182
1.09058
1.43109
0.766893
1.42303
1.15899
1.33615
1.3919
1.48517
1.38459
0.896426
1.2254
1.21963
0.80089
1.47544
0.969183
1.01741
1.0816
1.33284
1.50281
1.36882
1.19396
1.45444
1.04013
1.50422
1.22626
1.0344
0.87418
1.33325
1.25027
1.52311
0.898519
1.27736
1.48757
1.55987
1.36918
0.53069
1.41591
0.92152
1.23822
1.41532
1.02088
0.960904
0.993204
1.4802
1.39111
0.746714
1.39478
1.35964
1.23996
0.693046
1.36668
0.970209
0.945218
1.56645
0.927968
0.765644
1.35589
1.17288
1.52268
0.938116
1.5115
0.797907
1.31527
1.51278
1.07546
1.23635
1.40432
0.994746
1.04903
1.13865
1.48555
1.20029
1.25827
1.40855
1.477
0.888519
1.45629
0.835452
1.31054
1.39837
1.18548
1.4989
1.3731
0.778157
1.40488
0.971684
0.825238
1.11191
0.95581
1.32913
1.43864
1.43248
1.27489
1.53875
1.56045
1.25606
1.15118
1.47556
0.889444
1.29477
1.53728
1.30568
1.54986
1.5302
1.49323
0.580882
0.91731
1.48831
1.51739
1.52902
0.861972
1.51379
1.18739
1.47047
1.51021
0.995199
1.29462
1.41588
1.52338
1.25176
1.54137
1.38019
1.13013
1.00315
1.55523
1.47605
1.27334
1.32014
1.26788
1.42976
1.51859
1.20084
1.10798
1.46826
1.00699
0.719563
0.933392
1.29464
1.19734
1.19783
1.40704
1.0969
1.22912
1.41692
1.41535
1.34989
1.47429
1.38001
1.30441
1.30757
1.2885
1.44436
0.786263
0.970443
1.3046
1.0222
1.4854
0.927169
1.5239
1.52904
1.53859
1.53166
1.39087
1.19596
1.21937
1.04099
0.84677
1.28764
0.500305
0.542337
1.13384
1.28773
1.48745
1.42832
1.55016
1.48564
1.34355
1.24541
1.26326
0.850353
1.12766
1.53679
1.33818
0.855492
1.41304
1.42101
1.17776
1.40583
1.37372
1.30201
0.818624
1.45527
1.4451
0.614445
1.57074
1.48028
1.34929
0.858115
1.00003
1.55792
0.421255
1.25589
0.958742
1.43051
1.51712
1.38016
1.40042
1.3425
1.02227
1.08707
0.958567
1.45503
1.03845
0.896428
1.36513
1.48341
1.30238
1.26234
1.40927
1.12662
1.44156
1.52894
1.25585
0.726375
1.03112
1.15558
0.815247
1.51736
1.50226
1.48442
1.40995
1.24802
1.49345
1.09247
1.48093
1.44645
1.4854
1.26567
1.55444
1.52415
1.42816
1.46459
0.974246
1.4981
1.2704
1.54088
1.52763
1.31414
0.834884
1.01995
0.513088
0.916598
1.00549
0.913097
1.10787
0.629225
1.19171
1.44644
1.40784
1.29097
1.4839
0.663957
0.685398
1.38289
1.33113
0.869416
0.653244
1.41795
0.751758
1.03848
1.25799
1.56588
1.05747
1.49626
1.19809
1.3404
0.688398
1.0705
0.993765
1.21372
0.554124
0.982305
1.33099
1.32557
1.4785
1.54189
1.45968
1.50018
1.41877
1.44085
1.51712
1.48751
0.87091
1.26733
1.13797
1.14268
1.40704
1.0689
1.51394
1.06329
1.54498
1.51082
1.53991
1.54101
1.46464
1.01926
1.29352
0.901337
1.2439
1.19034
1.44925
1.50458
0.835735
1.03908
0.814804
0.971393
1.37104
1.52513
1.55621
1.5451
1.25454
1.23357
1.16712
1.19176
1.21788
1.56253
1.33516
1.34353
0.510157
1.50342
1.21351
1.24109
1.22666
0.948406
1.1092
1.42381
0.994103
1.51526
1.48635
1.54437
1.12143
1.38426
0.999967
1.34056
1.55734
0.65451
1.05423
1.1131
1.28195
1.48953
0.517096
1.36737
1.55865
1.2499
1.04755
0.962291
1.49219
1.24081
1.45266
1.11826
1.50316
1.14422
1.19897
1.19403
1.17736
1.11017
1.54559
1.3683
1.19231
1.29579
1.54797
0.552483
0.881845
0.790816
1.10367
1.22571
1.5462
1.30479
1.42908
1.3474
1.45205
1.40633
0.896208
1.01778
0.726498
1.17815
1.04931
1.48377
1.38386
1.01347
1.32724
1.20659
1.30309
1.46179
0.655335
1.2228
1.35062
1.49201
1.11846
1.0899
1.00385
0.973102
0.917415
0.728741
0.670599
1.3329
0.949481
0.471832
0.646736
1.48025
1.54098
0.585979
1.33918
1.15244
0.860437
1.19839
1.21658
1.42306
1.1194
1.00472
0.710089
1.12868
1.24065
1.41367
0.683934
1.01496
0.51509
1.29434
1.08396
0.991447
0.845775
1.24989
1.26373
0.864301
0.441057
1.38124
1.36625
1.47691
1.00864
0.916982
1.56561
1.3688
0.878658
1.33146
1.39779
1.15618
1.38
0.782962
1.46298
1.21586
1.5203
1.54162
1.43985
1.15185
0.967914
0.77755
0.95753
1.46304
1.06173
1.52959
0.883326
1.34727
1.27602
1.11764
1.47433
0.927255
0.935053
1.2256
1.1445
1.26387
1.51461
1.1055
0.329245
0.868635
1.03423
0.94048
1.27876
0.695769
1.37072
1.38193
1.29285
1.15713
1.38274
1.15652
1.54754
1.31915
1.36603
0.775315
1.0823
1.23221
1.13321
0.779365
1.47971
0.90796
1.28951
1.18666
1.25417
1.51131
0.964978
1.27216
1.39847
1.5225
1.02406
0.74252
1.42355
1.09988
0.96142
1.41554
1.20247
1.23249
1.33196
1.2098
0.916062
1.08436
1.4072
1.52186
1.3405
0.911351
1.56582
1.55992
1.55279
1.28558
0.989398
1.33189
0.928366
1.2119
1.07686
1.15075
1.39273
1.41647
1.411
0.808799
1.21512
1.54406
1.50758
1.29929
1.41358
0.649395
1.41424
0.804463
1.46612
1.17386
1.36964
1.44285
1.36275
0.731253
1.50556
0.7023
0.844527
1.56371
1.52225
1.5382
1.50073
1.20474
0.854428
1.14127
1.3562
0.63254
0.906955
1.2013
1.33868
1.44553
1.4921
1.47354
0.980268
1.54369
1.05923
1.2066
1.15505
0.997773
1.41032
1.38221
0.896874
0.994975
1.20048
1.17664
1.504
1.40305
0.369964
1.25044
1.37165
1.3472
1.18139
1.19166
1.29936
1.27749
0.521045
0.962957
1.56378
1.50196
1.10948
1.19035
1.27621
1.34689
1.27014
0.618053
1.45162
1.02656
1.39335
1.24267
1.52201
0.930157
1.16487
1.00128
1.35408
1.02585
1.33884
1.38575
1.32489
0.764903
0.822286
1.54235
1.45521
0.63065
1.29181
1.2778
1.44455
1.12402
0.719043
1.32209
1.09136
1.3274
1.10669
0.968812
0.948369
1.17337
0.698964
1.48953
1.4451
1.46421
1.30916
1.48442
1.3622
1.38168
1.06407
1.5096
1.01071
1.46032
0.777621
1.33558
1.33609
0.799752
1.56561
1.10409
0.894949
1.20053
1.54244
1.3874
1.52221
0.859399
1.04841
0.925372
1.42033
1.41956
1.07705
1.00819
0.635219
0.746656
1.13568
1.09319
1.40518
1.26026
1.26964
1.32948
1.54589
1.56744
1.11988
1.30314
1.32404
1.50887
1.54143
1.46501
1.35383
0.637057
1.24583
1.44793
1.43888
1.10173
1.36846
0.699805
1.39202
1.53099
1.34345
1.29428
0.916438
0.874378
0.819903
1.5313
1.39881
1.08279
1.03662
1.50899
1.57012
1.38932
1.36612
1.29045
1.38668
1.37975
1.1887
0.901629
1.40973
1.21755
1.31465
0.88106
1.44448
1.39527
1.26605
0.881273
1.00595
1.03442
1.55505
1.05965
1.35932
0.77742
1.33598
1.33309
1.17014
1.55059
1.12008
1.40296
1.18962
0.856013
0.985953
1.2681
1.49227
1.31949
1.12746
0.882918
1.41789
1.16576
1.55799
1.37725
1.20359
1.07947
1.5327
1.27742
1.20489
0.857389
1.13891
1.56327
1.19251
0.761475
1.19916
1.44495
1.5523
0.938861
0.910215
1.36082
0.784273
0.952578
1.00391
0.989764
1.29571
1.48054
1.55802
0.871976
1.54229
1.19842
0.708201
0.972391
0.988698
1.54156
1.30895
1.02838
1.24155
0.870566
1.34917
1.28751
0.931082
1.52262
0.817925
1.42733
1.35851
0.750196
1.36856
1.57
1.08885
1.18054
1.52485
1.14944
1.24096
0.7569
1.26355
1.51432
1.10682
1.22836
1.45847
0.643356
1.46584
1.23525
1.27329
0.972325
1.56915
1.34845
1.11026
1.39551
1.38566
1.23958
1.50751
1.3815
0.67364
1.24483
1.28777
0.797965
1.36107
1.32942
1.20934
1.43365
1.20715
0.76632
1.36419
1.09455
1.35645
1.15698
1.39812
1.34112
1.38461
1.55682
1.30157
1.5689
0.924332
1.03198
1.32278
1.22193
1.25683
1.44338
1.05058
1.50804
0.907286
0.867833
0.793798
0.931065
1.31039
0.805898
1.48696
0.743027
1.4244
1.05947
1.40732
1.10464
1.43506
1.11729
1.23814
1.18225
1.07787
1.55444
1.51578
1.35804
1.05353
1.3241
0.790916
0.954026
1.37372
1.08354
0.989381
1.19094
1.063
1.39623
1.03807
1.29377
0.775354
1.01776
1.44002
1.55065
1.48478
1.22359
1.30868
1.01931
1.28484
0.790675
0.881694
1.18963
1.29249
0.861025
1.35507
1.48415
0.877176
1.485
1.52849
1.31845
1.01661
1.00161
0.918531
1.5487
1.12367
1.30748
1.1565
1.04215
1.22657
1.38003
1.1726
1.41798
1.36613
1.21494
1.53502
0.662212
1.14199
0.946651
1.46626
1.46311
1.46317
0.972796
0.662807
1.2495
1.00995
1.03049
1.3542
1.56043
1.1868
1.42202
1.43405
0.653813
1.05145
1.53682
1.0548
0.974134
0.667209
1.45297
0.901985
0.7376
0.873693
1.36363
1.46676
1.14616
1.10702
1.44565
1.09503
1.19436
1.00536
1.08313
1.45611
1.1892
1.12886
1.37341
1.30747
1.30299
1.43192
0.958459
1.56063
1.27745
0.791529
0.963759
0.994134
0.599203
1.49743
1.21867
1.34258
1.07537
0.735136
0.901303
1.33805
1.47728
1.53319
1.02489
0.966423
0.865781
1.35139
1.34416
1.34831
0.736285
1.3405
1.22343
0.461867
1.03241
0.86472
1.43607
1.17167
1.15232
1.47688
1.18673
1.50345
1.27171
1.26038
1.51798
0.883715
1.22677
0.748553
1.17154
1.23143
1.34826
1.2779
0.618675
1.03114
1.37976
1.54614
1.42385
1.49418
1.25155
1.44104
1.29926
1.19815
1.49088
1.14854
1.04381
0.966652
0.910962
1.34463
1.48506
1.22223
1.12811
0.775807
1.5521
0.502967
1.48244
1.51229
1.31434
1.39254
1.50832
1.49091
1.36731
1.52476
0.786775
1.16524
0.782946
0.932142
1.27046
1.15315
1.25875
1.30678
1.0872
1.15795
1.43303
0.858992
1.08452
1.22036
1.44101
0.952391
1.35789
1.15229
1.41468
1.45283
1.38634
1.01331
1.41001
1.25304
1.38479
1.44033
1.4628
1.13303
1.41532
1.26421
1.41186
1.39066
1.49075
1.15475
1.04936
1.28258
1.22765
0.873905
0.902289
0.908056
1.22923
0.980102
1.27075
1.02371
0.986333
0.809832
1.15099
1.14254
1.49694
1.46593
1.47145
1.22765
0.761925
1.29744
1.01436
1.55143
1.39755
0.447036
1.29924
1.13599
0.894162
1.32905
1.50972
1.54443
1.32951
1.06546
1.51561
1.46461
1.54862
1.4317
1.1931
1.50462
1.3382
1.20941
1.53991
1.55908
1.2276
1.0351
0.792227
1.49281
1.30672
0.849429
1.51685
1.25075
1.21858
1.47532
1.37958
1.09689
1.3356
1.56109
1.53227
1.05552
1.56091
1.20117
1.10999
1.53915
1.24196
1.22635
1.27327
1.56021
1.37926
1.3213
1.42384
1.34012
0.856178
1.49357
0.623054
0.955495
1.16411
1.40141
0.996287
0.872702
1.39667
0.981247
1.18785
1.36929
1.33025
1.43143
0.964132
0.887205
1.55361
1.47461
1.37634
1.49017
1.44922
1.39601
1.10343
1.16537
0.963915
0.842277
1.49441
0.913352
1.44456
1.31701
1.27741
1.53398
0.865618
1.14691
0.855562
1.44805
1.35495
1.10948
1.2583
1.51895
0.841487
1.07551
1.38202
0.82092
0.936258
1.38473
1.45917
0.951038
0.993164
1.38007
1.52711
1.42048
1.1598
1.52178
1.07593
0.92431
1.55932
1.08014
1.29662
0.768229
1.15225
1.50324
1.12591
1.27608
0.894282
1.24573
1.45865
0.661188
1.53483
0.824976
1.45776
0.862116
1.55725
1.0656
1.56716
0.916596
0.704059
1.05339
1.33219
1.40129
1.27181
1.07553
1.25393
1.0016
0.888299
0.962264
1.44411
1.05302
0.750932
1.17091
1.44365
1.18584
1.5074
1.42927
0.999065
0.927941
1.50446
1.07848
1.50728
1.37867
1.30438
1.2109
1.56701
1.33993
1.3837
1.27863
1.34623
0.980757
1.36466
1.39459
0.917375
1.10228
0.780422
0.927118
1.19534
1.50599
1.48665
1.34325
1.25608
1.53557
0.666892
0.758732
1.218
1.2256
1.15752
1.2139
1.44774
1.25805
0.610314
1.36762
1.54406
1.42947
1.40382
1.31793
1.31569
1.31086
1.51113
1.41588
1.21718
1.2103
1.55358
1.36668
1.09326
1.08817
1.31177
1.05371
0.967279
1.06068
1.2504
1.06626
1.16735
0.748214
1.32422
1.05918
1.48598
1.55096
1.09737
0.827693
1.43315
1.52516
1.13159
1.08106
1.06955
0.989402
1.25963
1.05079
1.17856
0.722297
1.25443
0.978961
1.41251
1.53716
1.0245
1.559
1.45586
0.803726
1.47139
0.811795
1.55377
1.50373
1.22476
1.51605
0.426933
1.46049
0.6752
1.23739
1.23033
1.0095
0.788209
0.866165
1.24448
0.975505
1.37695
1.40955
1.5414
1.41415
1.54278
1.31212
1.46298
0.850138
1.30207
1.3291
0.947049
0.588722
1.3726
0.769233
0.879263
1.0636
1.25737
1.03174
1.27398
1.15779
1.44085
1.55346
1.00299
0.857038
0.69651
1.51541
1.45543
1.44496
0.764914
1.25072
1.52274
0.955148
1.55517
1.25663
1.54061
0.61998
1.48861
1.25201
1.26122
1.55053
1.05635
1.3978
1.18106
1.44817
1.15482
1.08504
1.50526
1.12377
0.999347
1.46252
1.24583
1.4334
1.18658
1.36045
1.34056
1.42752
1.30827
0.705228
1.12344
1.1943
1.53579
1.24447
1.4399
1.42638
1.55364
1.11889
0.558205
0.92542
1.51602
1.20888
1.48454
0.918744
1.34466
1.39101
1.07274
1.43833
1.33218
1.19707
1.26566
1.44953
0.650137
0.829184
1.50147
0.813096
1.40324
1.10421
1.29307
1.49568
1.28905
1.11264
1.28596
0.986545
1.38263
1.557
1.47075
1.4314
1.36986
1.48445
0.943782
1.41469
1.06179
0.578476
1.42672
1.4899
1.50422
0.788907
1.15606
1.07765
1.36251
0.823955
1.04509
1.34864
0.617557
1.04751
0.953921
1.20692
1.53301
1.19389
0.774994
1.56317
1.22849
1.54168
1.27488
1.52941
1.34711
1.366
1.17564
1.33051
1.39463
0.625177
1.34792
1.47421
0.806387
1.398
1.22009
1.44991
0.947143
1.23054
1.5082
1.51786
0.812044
0.975679
1.46353
1.25335
1.10813
1.20546
1.00136
0.711859
0.915827
1.2026
1.391
1.50605
0.976565
1.49669
0.677296
1.41588
1.32662
0.758229
1.27612
1.37789
0.956645
1.01774
1.40703
1.4058
1.15097
1.29472
1.48503
1.49489
1.51779
1.52751
1.32523
1.44387
1.39843
1.35452
1.08272
0.85908
1.44999
0.852517
1.50033
1.04924
0.586
1.47538
1.16057
1.0727
0.595281
1.4663
0.957283
1.22404
1.45868
0.733904
0.990911
1.48273
1.00554
1.29161
1.26541
0.902197
1.13723
1.48549
1.14387
0.885028
1.07946
1.23209
1.37603
1.42434
1.27904
1.32905
1.181
1.04642
1.19439
0.573516
1.42366
0.775622
1.30931
1.45586
0.990046
0.940827
0.938486
1.48495
1.07378
1.35851
0.577243
1.21664
1.14048
0.534071
0.797146
1.30353
1.10261
0.992097
1.08558
1.17319
1.13991
0.940474
1.41189
1.47715
1.40599
1.12102
1.45093
1.11298
0.920527
0.494327
0.939398
1.14713
1.0317
1.43071
0.980391
1.34604
1.1181
1.46942
0.843271
1.49421
0.822623
0.962025
1.22785
1.01553
1.02884
1.13481
1.28589
1.06066
1.16627
1.08734
1.31887
1.32916
1.00127
1.19727
1.47384
0.854314
0.855046
1.07461
1.46195
1.33003
1.20292
1.43633
1.40568
0.987501
1.27678
1.01076
1.4694
0.892053
1.21559
1.10631
1.47856
1.04873
0.979719
0.853854
0.873838
1.44672
1.33337
0.93819
1.42647
1.51706
1.21273
1.05593
1.53966
1.51043
1.20703
0.84534
1.31755
0.963667
0.754378
1.07724
1.18844
1.34784
1.07126
0.888497
1.00182
0.958257
1.17102
1.25271
1.5656
1.34999
1.32901
1.3851
1.45324
0.953913
1.30125
1.41335
1.42357
1.32961
1.54375
1.0474
0.817215
1.49314
1.08146
1.13609
1.52788
1.26305
1.40568
1.35845
0.903445
1.23424
1.34403
1.3979
0.836844
1.20229
1.29092
1.46989
0.946922
0.812059
1.50929
1.54836
1.41125
1.0678
1.3095
1.27967
1.55114
1.45272
1.52656
0.702565
1.09017
1.47734
0.93152
0.779119
1.16721
1.08313
1.54641
0.867479
1.1556
0.915876
1.41341
1.5206
1.2513
0.907916
1.34626
0.932275
1.04657
0.926511
1.46901
1.34006
0.898392
0.901732
1.32982
0.953323
1.46046
0.824093
1.44534
1.23945
1.53805
1.09146
1.21597
1.56066
1.21182
1.21221
1.51477
1.32084
1.36363
1.01255
1.09938
0.832157
0.866729
1.55242
1.46335
1.32703
1.25368
1.406
1.33478
0.850108
0.789635
1.47065
1.33968
1.30423
1.54064
1.04195
1.0207
1.49874
1.22396
1.55499
1.33868
1.51579
1.38181
1.35251
0.790267
1.04676
1.51624
0.854202
0.933415
0.653237
0.827614
1.45706
1.06124
1.55871
1.48362
1.49681
1.02575
1.40463
0.962138
1.16334
1.13953
1.39521
1.2236
1.44614
1.52152
0.833941
1.42079
0.761876
0.917009
1.3833
1.43537
0.971903
1.00147
1.26407
1.10313
0.824691
1.26979
1.23847
0.786259
1.56211
1.54797
1.41384
1.07524
1.44055
1.07634
1.11506
1.52091
1.52846
1.54467
0.994875
1.48007
1.13784
1.23767
1.41811
1.53479
1.38268
1.09864
1.31212
1.52662
1.28478
1.1338
1.26291
1.25207
1.33253
0.829722
1.13521
0.883255
0.408354
1.54351
1.03894
1.34247
1.37179
1.29497
0.768684
0.919154
1.47905
1.36176
1.10385
1.04758
1.05575
1.30099
1.14054
0.966908
1.40017
1.39639
0.867466
1.3415
0.781734
1.43788
1.3748
1.09388
1.38114
1.0241
0.759072
1.53569
1.34156
1.36981
1.41203
1.30087
1.49636
1.03275
1.37385
1.14318
1.36993
1.36029
1.44129
