1.33829
1.15713
1.44011
1.56108
1.46083
1.50972
1.53642
1.28411
1.55761
1.47593
0.947532
1.23745
1.17954
1.44276
1.47212
0.943873
1.30947
0.737249
1.47574
1.42125
1.54327
1.44479
1.46697
1.21839
1.53942
1.17214
1.53917
1.5389
1.38974
1.04359
1.30505
1.37795
1.50245
1.40886
1.37795
1.53704
1.09072
1.35558
1.44528
1.5534
0.842097
1.24988
1.10249
1.34184
1.51015
0.874061
1.35411
0.965248
1.07398
1.21553
1.35801
1.54693
1.11077
1.38134
0.701954
1.33361
1.11262
1.35882
1.17528
1.30068
1.15945
1.07593
1.52143
1.37378
1.19986
1.13689
1.04346
1.05065
0.812855
1.32964
1.12237
1.35326
1.51593
1.5302
1.54785
1.02089
1.1329
1.24957
1.10975
1.47341
0.615392
1.42039
1.15866
1.22794
0.793507
1.15565
1.48763
1.47507
0.758487
0.875675
1.39422
1.45506
1.40747
1.42793
1.42187
1.22568
1.51214
1.41526
1.47562
1.2152
1.16796
1.21494
0.871512
1.33609
1.5251
0.936254
0.966177
1.19248
1.33535
0.83948
1.29853
1.22093
1.34355
0.900576
1.01608
1.56066
1.4901
0.946706
0.964871
1.27554
1.53374
0.927569
1.44233
1.04246
1.22554
1.33252
1.11115
1.54701
1.51614
1.20426
1.51969
1.02803
1.14705
1.19186
1.32932
1.27219
1.12098
0.996093
1.35564
1.36151
0.884129
1.19809
0.694561
1.51883
1.5707
0.952108
1.10942
1.36812
0.950771
1.26688
1.19186
1.39624
1.0169
0.882476
1.01931
1.35626
0.599733
0.663806
1.30125
1.34099
1.25894
1.25367
1.56454
1.21358
1.11928
1.46912
1.49822
1.40543
1.35882
0.936458
0.922286
0.855847
1.19219
1.55261
1.28208
1.44036
1.25108
0.903763
1.42613
1.51137
1.14632
1.21571
1.27244
1.1222
1.33008
1.30397
1.07904
1.4522
0.858553
1.19475
1.13777
1.30593
1.44876
1.25002
0.914289
1.2958
1.45321
1.55255
0.633626
1.33264
1.07225
0.890536
1.26827
1.32687
0.95212
1.48365
1.2599
0.984354
1.42574
0.711269
1.33077
0.671893
1.13759
1.19121
0.718073
1.20452
1.22073
1.26708
1.4878
1.19711
1.13009
0.928467
1.34607
1.00504
1.33403
0.609418
1.55029
1.29687
1.2032
0.598787
0.938829
0.575336
1.27359
1.47912
1.30061
1.3847
1.54259
1.08138
0.920855
1.42426
1.06703
1.37851
0.800419
1.19278
0.993194
1.46895
1.23629
1.3989
1.45769
1.26938
1.5486
1.44424
1.22589
1.23822
0.463953
1.33611
1.05444
1.21149
1.40128
1.48402
1.30833
1.36383
1.02907
1.06822
1.41712
1.26359
0.802357
0.588407
1.3269
1.2711
1.31098
1.21404
1.38616
1.47869
0.764616
1.15636
0.773614
0.689157
0.991363
1.36877
1.30209
1.02363
0.969387
0.92835
1.34166
0.77155
1.26816
1.34178
1.56761
1.22449
1.01424
1.23157
1.26522
1.49802
1.30966
0.835153
1.42027
1.5324
1.46777
1.10208
1.03247
1.3867
0.503297
1.03294
1.12739
1.20709
1.03389
1.247
1.2167
1.23059
1.41514
1.51284
0.735156
1.47276
1.54943
1.24805
1.52939
1.37515
1.17549
1.26523
1.42763
0.781296
1.11444
1.17197
1.31559
1.22684
1.51085
1.47157
1.51614
0.932544
1.2619
1.15178
1.04241
1.24274
1.25207
0.606549
0.989719
1.31966
1.1205
0.409531
1.29947
0.999297
1.00167
1.10754
0.635754
0.727253
1.52735
1.00067
1.28583
1.05592
0.768977
0.606619
1.06664
1.41962
1.29846
1.53682
1.01258
1.5335
1.40147
0.502212
0.841459
1.08029
1.44393
1.54079
1.15366
1.4451
1.54571
1.54785
1.54895
1.37537
1.51412
1.56835
0.659161
1.05374
1.05314
1.20301
1.0318
1.33215
1.29545
0.762851
1.11084
1.48469
1.16736
1.36561
1.19198
1.38951
1.43534
1.26925
1.01274
1.2271
1.20768
1.50459
1.25895
1.05379
1.11589
0.704186
1.29251
0.763547
1.31212
0.916025
1.49764
0.984563
1.39456
1.28255
0.995737
1.10594
0.997978
1.23441
1.27382
1.40012
1.03687
1.48757
0.853867
1.24453
0.673688
1.32373
0.957412
1.37098
1.02913
1.41162
0.945979
1.37963
1.45881
1.27595
1.29782
1.5323
1.15225
1.29718
1.05978
0.586401
1.23374
1.56921
1.09887
1.48604
0.622435
1.25343
1.52925
1.055
1.34454
1.45051
1.15124
0.612069
1.20999
0.758919
1.40791
1.05255
1.24661
1.48301
1.10628
1.36382
1.07016
1.40714
1.5137
1.38839
0.80423
1.21324
1.06434
1.26963
1.40407
0.625884
0.953913
1.49786
1.22912
1.48558
0.868638
0.929795
1.04684
1.20673
1.48702
0.960269
0.675991
1.56619
0.86973
1.30169
1.15133
1.19852
1.25066
1.43383
0.800126
1.52678
0.71238
1.02114
1.44024
0.723511
1.33065
0.685817
0.500916
1.05121
0.954498
1.29713
1.45666
1.0498
1.34163
1.00516
1.52661
1.02326
1.40965
1.51027
1.14777
1.4339
1.1979
1.47001
1.18423
0.937827
1.5334
1.42434
0.871399
1.37612
1.241
1.35239
1.5363
1.23544
1.44679
1.23176
1.32948
1.56848
1.48855
0.697186
1.50761
1.52164
1.36858
0.939853
1.0431
0.844489
0.997836
1.14442
1.39732
1.11336
1.54504
1.10411
1.25384
0.984387
1.10941
0.972154
0.670464
1.48653
1.09724
1.0189
1.56274
1.29377
1.54839
1.33482
1.50917
0.883617
1.11581
1.51545
1.08043
1.04099
1.48346
1.30403
1.37969
0.94999
1.49559
1.21462
1.02645
1.18982
1.32611
0.723499
0.953117
1.36512
1.35851
1.07119
1.03133
1.17106
1.54064
1.49792
0.944241
1.29329
1.55133
1.22891
1.36444
1.15404
1.56384
1.35584
1.5258
1.20797
1.47813
1.49455
1.34742
1.52268
1.33089
1.15715
1.11738
1.48218
1.5374
1.39893
1.29263
1.17207
1.39037
1.3235
1.17895
1.24199
1.38047
1.37478
1.56573
0.779907
0.932671
1.47685
1.33832
1.12515
0.592214
1.41319
1.48772
1.22949
1.25856
1.4921
1.24229
1.27129
1.40431
1.34901
1.29359
1.25195
1.55068
1.35489
1.07718
1.04804
1.43915
1.43834
0.59942
1.50042
1.24982
0.740368
1.40049
1.26291
0.788603
1.08971
1.48708
1.33253
1.47078
1.3502
1.23363
1.50902
1.48775
1.5422
1.1471
1.55502
1.20274
1.34394
0.944007
1.02714
1.14927
1.42329
0.623825
1.56736
1.46065
1.46139
1.12259
1.22673
1.41681
1.17419
1.56353
1.28439
1.40809
1.29599
1.17416
0.962141
1.30783
1.3721
0.662571
1.23467
0.808966
1.17584
0.875325
1.15425
1.40701
1.4139
0.914075
1.15599
0.93226
1.5163
0.906283
1.5305
1.20428
1.517
1.2137
1.45383
1.43463
1.00365
0.871854
1.5096
0.873102
1.39831
1.35861
1.42307
1.44205
1.49945
1.5494
1.43487
1.53389
1.2256
1.44504
1.20998
1.06103
1.27742
1.34554
1.13037
0.896565
1.38487
1.41953
1.28449
1.32164
1.11361
1.31843
0.939404
0.975783
1.37259
1.19701
1.35475
1.19147
1.45457
1.46691
1.34582
1.35521
1.5396
0.683572
0.82394
1.31773
1.55322
1.30711
1.35801
1.27212
1.49397
1.38234
1.48696
1.26362
1.22666
1.17349
1.00559
1.18627
1.22262
0.781019
0.62745
0.744353
0.736239
1.39466
0.830002
1.51302
1.31723
1.04832
1.20484
1.02527
1.52653
1.42252
1.482
0.979466
1.25804
0.475515
1.04579
1.38081
1.55581
1.29986
1.45558
1.43155
1.4697
1.45752
1.05322
0.863949
1.12719
1.34808
0.779759
1.3492
1.40368
1.42687
1.2757
1.24016
1.22521
0.786024
1.09772
0.661146
1.36057
1.04514
1.47047
1.38535
1.45764
1.06019
1.10661
1.05394
0.9969
0.784614
1.44067
1.47577
0.982011
1.42663
1.54662
1.45306
1.16865
1.24132
1.54348
1.30808
1.44873
1.18032
1.41674
1.55377
0.563464
1.16899
1.11203
0.891697
0.889172
1.28968
1.08817
1.33805
1.21754
1.27094
0.837908
0.772593
0.981409
1.50428
1.0045
1.39856
1.29434
0.971525
1.06503
1.45629
1.40283
1.37385
1.45391
1.4639
1.16165
1.37279
1.54937
1.33202
1.53692
1.35726
0.899357
1.01749
1.04493
1.55368
1.57019
1.35148
0.957237
0.828854
0.942723
0.93666
1.47734
0.562072
1.49939
0.58891
1.34407
1.45997
1.57006
1.50911
1.24054
1.35851
1.33329
1.1434
0.853418
1.03038
0.481042
0.831995
1.54043
1.50149
0.512194
1.04818
1.21422
0.490449
1.12868
1.33789
1.28824
1.08218
0.996269
1.51908
1.49354
1.01482
0.985024
1.53808
1.24245
1.42594
0.706952
1.51602
1.13501
1.38783
1.15291
1.52439
1.06717
0.921216
1.46341
1.44931
1.20281
1.02807
0.670196
1.41471
1.05243
1.37161
0.970058
1.31761
1.20192
1.52225
0.433922
0.433393
1.51767
1.24332
1.29009
1.30991
0.928856
1.05564
1.02802
1.19757
1.55303
1.52531
1.52632
1.44648
1.13365
1.14589
1.41384
1.36313
1.47167
1.11615
1.52021
0.912558
0.956667
0.86581
1.19376
1.13434
0.971848
1.47329
1.20012
1.31625
1.36771
1.1669
1.47913
0.950663
1.39603
1.37814
1.28532
1.2282
1.30464
0.81307
1.52317
0.869929
1.51842
0.851517
1.30991
1.07134
1.51914
1.52702
1.15699
1.12442
1.50076
1.47875
0.647146
1.05718
0.779465
0.978249
1.37207
1.47133
1.19193
0.619151
0.969464
0.925338
1.06495
0.51301
0.984182
1.0011
1.17501
1.27164
1.02276
1.50378
0.759871
1.29212
1.51547
0.626797
1.40995
1.32133
0.706805
1.18804
1.48707
0.662037
0.928411
1.50498
0.713593
1.3065
1.49718
1.21182
1.13096
0.728305
0.927201
0.56319
0.726766
0.556476
1.15858
1.39459
0.94776
1.03836
1.53521
1.41903
1.0643
0.869283
1.14961
1.1728
0.804354
1.53343
1.22839
1.12995
1.23596
1.49902
1.06801
1.53417
1.01597
1.19053
0.617127
1.16803
1.23791
1.28516
0.967616
1.43257
0.314083
0.48511
1.25907
1.39565
0.598299
1.29656
1.45233
0.996032
1.15732
1.13923
0.912985
0.89683
1.2001
1.33278
1.42946
1.19005
0.944145
0.947543
1.08091
1.50268
1.17326
1.55822
0.992281
1.40333
1.19107
1.09133
1.18584
1.56259
1.29468
0.990007
0.955317
0.909157
1.46004
0.812925
1.272
1.28512
1.26905
1.5203
1.52934
0.718801
1.44048
1.02585
1.11301
1.55712
1.09704
1.48867
0.954077
0.882965
1.28665
0.76494
1.29653
0.931003
0.83219
1.04931
0.932349
1.23634
0.860365
0.806347
1.04777
1.34638
0.845547
1.3613
1.53062
1.29288
0.953928
1.42352
0.9858
1.36669
1.12489
1.48417
1.10354
1.37817
1.36213
1.17492
0.961698
0.929076
0.97173
1.27213
1.30833
1.05992
1.39627
0.956054
0.569937
1.46654
1.36226
1.3329
1.28551
1.21156
1.33654
1.14844
0.98234
1.45276
1.07761
0.933629
0.99333
1.53264
1.0182
1.32057
1.36771
1.46237
1.21872
1.09715
1.31608
0.783332
1.2608
1.51565
1.17511
1.48779
1.50864
1.1373
1.04358
1.16131
1.21729
1.39627
1.56732
1.49501
1.47017
1.48215
1.54937
1.3968
1.25791
0.661544
0.757231
0.932652
0.948639
1.37999
1.3253
1.46551
1.27327
0.922201
1.54479
1.49905
1.05449
0.890646
1.46567
0.924705
1.15528
1.064
0.690633
1.48714
1.54223
0.681304
1.32863
1.14253
1.27187
0.862705
1.13845
1.56774
1.21098
1.46697
0.655379
0.779742
0.96645
0.933985
1.30346
1.15362
0.787666
0.742633
1.41506
1.00313
1.34686
1.32067
0.937361
1.312
1.49039
1.17458
1.44233
0.97414
1.52687
1.34714
1.34596
1.26418
1.4936
1.55352
1.24334
1.5092
1.504
1.10567
1.35001
1.5603
1.21768
1.16769
1.4518
1.15366
1.10038
0.751972
0.972433
1.25753
1.2182
1.55055
1.08637
1.40767
1.3344
1.36352
1.56823
1.16829
1.0604
1.02317
1.14791
1.09925
1.53899
1.12158
1.3142
1.04131
1.50202
1.38255
0.481121
0.994779
0.813515
1.38639
0.971424
1.1416
1.4558
1.39451
1.31326
1.48331
0.894326
1.03913
1.56195
1.3874
1.06037
0.72602
1.41091
1.46863
0.831419
1.2399
0.849598
1.43204
1.55928
0.538393
1.10252
1.33965
1.342
1.10299
0.976932
1.29294
1.50428
1.09299
1.51381
1.3696
1.51561
1.33479
1.2854
1.10239
0.689698
1.01698
1.53074
1.52458
1.50422
1.27176
1.22631
1.46482
1.12079
1.3625
1.40215
1.56417
1.30893
1.42033
1.17081
1.39351
1.48439
1.30915
0.898096
1.28909
1.00802
1.31906
1.361
1.16749
1.45881
1.30628
1.16976
1.17365
1.42434
0.861022
1.08568
1.04692
1.06437
1.54168
1.51675
1.39081
1.01049
1.32303
1.25872
1.20457
1.29377
0.513997
1.49608
1.34225
1.36275
1.19435
1.29047
1.54183
1.50157
1.29478
1.49703
1.37475
1.45936
1.14147
1.42727
1.56872
1.15739
1.43334
1.0028
1.44485
1.12579
0.878194
1.07029
1.02707
1.32957
1.29865
1.343
1.26378
0.926753
1.33798
1.27754
1.23885
1.09521
1.52311
1.42958
1.55993
1.44061
1.45371
0.850952
0.891453
1.12374
1.31641
1.18395
1.28379
1.12763
1.3373
1.01903
1.12591
1.42378
1.39831
1.31268
1.36126
1.42758
0.701264
1.25816
1.45414
1.27994
1.48775
1.48244
0.928642
1.22061
1.5451
1.39602
1.09148
1.11723
1.48022
1.35214
1.15766
1.49161
0.826197
1.37074
1.46249
1.32471
1.4215
0.789903
1.19875
1.52671
1.0855
1.53917
0.791963
1.20895
1.20046
1.43571
0.857625
1.44996
1.22251
0.988079
1.53117
1.00378
1.49764
1.35233
1.24506
0.973116
1.53829
1.26258
1.33579
1.19881
1.22251
0.900777
1.18185
1.09057
1.31307
1.29106
0.648949
1.14898
1.14583
1.33881
1.05781
1.54784
1.20784
1.54266
1.50662
1.13976
1.31471
1.42659
1.52598
1.52455
1.3241
1.11759
1.03421
0.861984
1.40534
1.55226
1.1404
1.54461
0.970207
1.51987
1.25958
1.30144
0.743363
1.36089
1.20946
1.30577
0.711262
1.27155
1.30889
1.29738
1.48797
1.28347
1.49528
1.1844
1.41732
1.34432
1.45549
1.09933
1.26831
1.53496
1.35414
0.888832
0.742554
1.37597
1.45094
1.40489
1.07312
1.34112
1.54675
0.781496
1.4888
1.34156
1.03685
1.34914
1.20362
1.53743
1.28729
1.34795
1.17664
1.16976
1.51418
1.44166
0.713967
1.36026
1.13043
1.38858
0.733286
1.42909
1.45997
1.16231
0.994682
1.57074
1.48573
1.38398
0.848059
0.6824
1.28836
1.42613
1.23015
1.09425
1.54107
1.10183
1.44851
1.42724
1.03879
1.36815
1.48561
0.921744
1.14194
1.47764
0.86255
1.01242
1.0132
1.31238
1.28487
0.952391
1.22216
1.39844
1.0872
1.40624
0.60733
1.43602
1.2094
1.46151
0.71122
0.86712
0.934945
1.48782
1.43469
0.728655
1.04618
1.13347
0.764103
1.11309
1.31524
1.53647
1.51416
1.20286
1.54626
0.993998
1.33284
0.926189
1.15626
0.990414
1.27838
1.29839
0.825295
0.979884
1.19861
1.21159
1.5349
1.47728
1.51241
1.52128
1.12621
1.5656
1.35157
0.905839
0.699161
0.907176
0.891996
0.897013
1.28109
1.11533
1.54687
1.30991
1.41637
1.26093
1.3482
0.724076
0.504491
1.47213
0.983711
1.23988
0.809381
1.51639
1.25636
1.15705
1.22965
1.4526
1.51388
1.09159
1.19745
1.13485
1.4467
1.42736
1.44397
1.46713
1.49424
1.3522
1.40699
1.55566
0.541374
1.3962
1.42563
1.46814
1.35126
0.782254
1.44525
1.27573
1.41878
1.33337
0.979427
1.48353
0.754741
1.53869
0.996525
1.04274
1.43339
1.18383
1.30942
1.2047
1.39627
1.41046
1.39202
1.18746
1.26048
1.35295
0.746004
1.3778
1.43484
1.15646
1.49045
1.21078
1.53069
1.21461
1.1046
1.14891
0.918221
1.14957
1.44215
1.43075
1.07815
1.38395
1.23801
1.51724
1.5512
1.32926
1.46096
1.3445
0.954141
0.947485
1.34528
1.32145
0.789408
1.52094
0.854371
1.09662
1.24881
1.29466
1.12608
1.42693
1.32102
1.53669
1.15022
1.45358
1.44048
1.56448
1.37188
1.47912
0.746785
0.849365
1.14777
0.759171
1.48393
1.33146
1.14994
1.31446
1.30941
1.43842
1.17194
0.791365
1.37305
1.04932
1.4045
1.47114
1.45426
1.44024
1.00876
1.30612
1.10292
0.8107
1.3522
1.05224
1.34243
1.42248
1.12764
1.52956
1.47838
1.54491
1.22739
0.835582
0.857553
1.51642
0.956378
1.52033
0.681489
1.39689
1.55477
1.14823
1.3241
0.640248
1.46863
1.30713
1.46593
0.833307
1.40515
1.0997
1.29637
0.729192
1.3218
1.04599
1.25542
1.20839
1.47304
1.08926
1.57074
1.26285
1.0064
0.869242
1.38199
0.792087
1.13609
1.10662
1.24132
0.575204
0.876901
1.19123
1.42261
1.33621
1.30175
1.53899
1.0255
0.841487
0.804569
1.0599
1.01741
1.1936
1.34588
1.41838
1.32951
1.03482
1.39025
1.4459
1.41403
0.547246
1.16152
1.31963
0.668973
1.39403
1.1661
0.701001
1.24824
1.18271
0.829002
1.47231
1.48304
0.823105
1.51847
1.2822
1.43759
1.43833
1.2013
0.914398
1.06179
1.33077
1.34354
1.28805
1.26669
1.16353
0.854071
1.38255
1.53808
0.840633
1.47869
0.73939
0.976712
1.551
1.24099
1.51779
1.21794
1.50587
1.42471
1.02665
0.913633
0.994946
0.841382
1.49048
0.942308
1.21462
1.13518
1.49655
1.37944
0.744935
1.12682
1.56323
1.20131
1.38473
1.33861
1.12347
1.21442
1.56756
1.49235
1.09622
1.53328
1.46608
1.20826
1.11907
1.54241
1.27353
1.17334
1.28811
1.49382
1.22764
1.56231
0.836773
1.38144
0.970637
0.851304
1.53618
1.22388
1.15633
1.39413
1.56817
1.35505
1.1902
1.33902
1.44565
1.34226
0.822708
1.54174
1.15131
1.54577
1.3169
1.44211
1.07531
0.609588
1.27646
1.49097
1.03616
1.50605
1.50287
1.05768
0.915102
1.42082
0.854208
1.48209
1.42588
1.19553
1.24738
1.24242
1.1661
0.760157
1.39937
1.3253
1.46535
1.42332
1.0044
0.993639
1.56228
1.09655
1.10289
0.512469
1.51602
0.779781
1.46225
1.48604
1.56872
0.806881
0.679581
1.04973
0.678409
1.41223
0.887678
1.34177
1.54253
1.46304
1.31666
1.43562
0.898403
1.0324
1.49541
1.54546
0.978561
0.695626
1.55627
1.07946
0.779692
0.837741
1.5199
0.54241
1.32586
1.1685
1.42323
1.45617
1.43129
1.35586
1.16667
0.946264
1.53423
1.19278
1.47735
0.944245
1.49033
1.35536
1.46341
1.45764
1.22845
1.1276
1.50826
1.53184
0.677335
1.48549
1.42242
1.52329
1.01095
0.840232
0.594305
1.23324
1.51382
1.49112
1.30954
1.31966
1.47605
1.47151
0.805078
0.907345
0.803642
0.962359
0.728341
1.42946
1.51692
1.45371
1.19064
1.48889
0.544461
1.49066
1.34328
1.47626
0.329851
0.969788
1.4606
1.17653
1.3936
1.47997
1.22758
0.93539
1.13744
1.43968
0.725049
0.829482
1.45441
1.3887
0.811561
1.27863
1.4318
1.56927
1.31502
1.34651
0.814926
1.44738
1.24867
1.46823
0.992604
1.34369
1.31698
0.951513
1.5324
1.49259
1.29117
1.47617
1.41826
1.1228
1.40361
0.811531
0.983894
1.5476
0.962014
1.17082
1.42064
1.32831
1.25743
0.971725
1.13919
1.18837
1.50676
1.54424
0.881271
1.49027
1.50584
1.3176
1.264
0.939783
1.30381
1.24064
1.5606
1.2925
0.661767
1.3379
1.1929
0.896468
1.38876
1.08173
1.13144
0.784398
1.45715
1.23499
1.43661
0.781579
1.37453
1.19953
1.56762
0.933114
1.54711
1.51688
1.27251
0.985525
1.45838
1.37086
1.32404
1.3089
1.31382
1.14703
1.20729
1.4997
1.46823
0.827528
1.364
1.245
1.42987
1.48414
0.898153
1.53716
0.871034
1.43781
1.09903
0.841532
1.53624
1.51847
1.34012
1.14241
0.847758
1.39988
0.70163
1.52088
1.51486
1.02499
1.56573
1.14663
1.09766
1.38724
0.97965
1.54162
1.5085
1.43457
1.28046
1.54848
1.05378
0.980882
1.54165
1.50954
1.26708
1.40704
1.1336
1.34325
1.17055
1.49816
1.31893
1.25021
1.28621
1.2663
1.55896
1.12219
1.18238
1.47672
1.426
1.20836
0.904748
1.0068
1.43162
1.31064
1.11016
1.42143
1.18994
1.26662
1.40391
1.50798
1.3846
1.28694
1.30931
1.11296
1.44338
1.14428
1.5318
1.46077
1.17997
1.01317
1.53325
0.629141
1.45328
0.898246
1.10914
0.964831
0.830102
1.55841
0.984666
1.31212
1.32366
1.26947
1.51902
1.20084
1.31667
1.34128
1.38489
1.18614
1.22267
1.51003
0.547064
1.10353
1.44958
0.592635
0.949871
0.757386
1.44725
1.3178
1.11809
1.51675
1.52097
1.53093
1.50278
1.28124
0.948443
0.434689
1.54594
1.34979
1.48494
1.39918
1.56677
1.49244
1.53276
1.46943
1.52849
1.49118
1.3487
1.30371
0.982522
1.34131
1.40839
1.16235
1.15725
1.20561
1.4717
0.887831
1.22282
0.71324
1.39785
1.44568
1.18854
1.21988
1.52537
1.47804
1.364
1.25717
1.51637
1.04337
0.830552
1.3694
1.28328
1.42816
0.83742
1.26644
0.854927
1.53646
0.435479
0.876797
0.846263
1.50881
1.4716
1.46065
1.03794
1.02095
1.23407
0.711986
1.01148
1.3005
1.47399
1.21759
1.28391
0.9202
1.42846
1.48371
1.51764
1.55371
1.41647
0.598316
1.17326
1.17631
1.02228
1.26618
0.987714
1.26663
1.50195
1.50654
1.50738
1.24068
1.33253
0.680788
0.966493
1.5407
1.35636
1.15359
0.567978
1.19788
1.20428
1.30921
1.16441
1.26452
1.23821
0.830014
1.2665
0.978281
1.41095
1.44577
1.09775
0.931512
1.49094
1.32957
1.50588
0.967543
0.543732
1.41193
1.51003
0.875305
1.42664
1.31982
1.36588
0.889721
1.50396
1.41628
0.709039
0.62578
1.0872
1.47029
1.33218
1.48267
1.55926
0.957721
1.56826
1.55326
1.33477
1.56515
1.4724
0.839051
1.53488
0.67045
1.5273
1.49753
0.887393
0.905926
1.31818
1.34344
1.54183
1.18074
1.23866
0.912556
1.52551
1.17581
1.4178
1.33918
1.27525
1.24701
1.47722
1.10845
1.48347
1.11273
0.645751
0.981305
1.15831
1.45874
0.769191
0.911508
0.368583
1.08776
1.26167
1.48457
0.77542
1.32592
1.39865
1.38398
1.41044
1.32426
1.29406
1.13174
1.04402
1.15021
0.850824
1.28608
1.06171
1.36818
0.912998
1.02156
1.4647
1.56628
1.20359
1.10159
1.21606
1.33083
1.27071
1.34444
1.40618
1.52164
1.34989
1.15095
1.35608
1.32944
1.44878
1.4194
1.39806
1.09098
1.52091
1.56502
1.50459
1.27203
1.17266
1.07644
1.0019
1.39459
0.991872
0.81544
1.53185
1.02842
1.51162
0.703112
1.13897
0.791478
1.48849
0.992115
1.285
0.835153
1.54882
1.09244
1.1035
1.28816
0.830128
1.41211
1.19803
1.2794
0.569574
1.42816
1.52387
0.901342
0.393491
0.850393
1.40376
1.2357
1.15268
1.2495
1.42354
0.728401
1.36468
1.26387
1.24106
0.966664
1.39942
1.54272
1.31578
1.04247
1.24148
1.18923
0.450107
1.33359
1.19271
0.974698
0.657494
1.38029
1.22422
1.21963
1.35164
1.24242
1.37515
1.3998
1.36734
1.38845
1.29396
1.03362
0.862163
1.3892
0.905784
1.31783
1.10543
0.823449
0.834609
1.40413
0.920895
1.40421
0.894609
1.29716
1.26698
1.19209
1.23858
1.51116
1.38107
0.39077
1.45875
1.53154
1.47176
1.35526
1.47329
1.29516
1.56549
0.669159
1.34181
1.53075
0.688382
1.54204
1.53331
1.03446
1.29732
1.47547
1.20771
1.53029
1.52239
1.37379
0.793933
1.21684
1.12581
0.532541
1.34068
1.37565
0.773056
1.50708
1.36874
1.48235
1.4451
1.09377
1.55288
1.38628
1.52061
1.15379
1.51749
1.12306
1.5679
0.664351
1.0583
0.796772
1.0146
0.871381
1.44942
1.24699
1.50128
1.5543
1.36537
1.41542
0.798075
1.52228
1.53756
1.19868
1.48861
1.27627
0.915514
0.73732
1.23001
0.875805
1.13973
0.965407
1.32572
1.02935
1.18575
1.46927
1.37033
1.35193
0.788599
1.34792
1.07677
1.28373
1.28462
1.15045
1.34932
1.09659
1.27543
1.13629
1.52247
1.43932
1.36749
0.914774
0.817358
1.50428
0.762837
1.12333
1.46981
1.19901
0.937429
1.1441
0.923124
1.01831
1.48883
1.3968
0.794878
1.50789
0.676698
1.39304
1.28455
0.758284
1.50978
1.56915
0.981947
1.2513
1.10808
1.02251
1.14255
0.967624
1.08134
1.23202
0.854733
0.771946
1.50643
1.53877
1.42298
1.52635
1.1335
1.26625
1.31938
1.13986
1.07287
1.36151
1.45561
1.29275
1.01508
1.16955
1.49969
1.5225
1.54821
0.790888
1.40005
1.32202
1.3512
1.03004
1.19015
1.33961
1.28108
1.53062
1.4427
1.50348
1.06386
1.14233
1.26307
1.03517
0.90293
1.08994
1.48628
0.828588
1.49308
1.26426
1.19973
1.47685
1.04111
1.21852
1.44048
1.53701
1.33937
1.36325
1.02845
0.937954
0.887256
0.905817
1.43565
1.49455
1.3476
1.20888
1.13841
1.25162
1.18078
1.13891
1.56825
1.07296
1.33761
1.51944
1.51632
1.2808
1.36756
1.55209
1.18965
0.710446
1.20865
1.41404
0.96078
1.03382
1.37257
1.27742
1.45739
1.34547
0.613206
1.00864
1.35702
1.29037
1.39435
1.0562
1.55932
1.40698
1.45071
1.14493
1.56971
1.04924
1.34118
1.56639
0.862427
1.5545
1.19232
0.840222
0.490565
1.07224
0.883493
1.27308
1.50535
1.30713
1.22094
1.24364
1.33636
1.34635
1.08002
1.4059
0.90549
1.43673
1.1975
0.943705
1.30028
1.0824
1.11818
1.38777
1.22547
1.29218
1.19802
1.2128
1.4603
1.22048
1.56591
1.39137
1.45756
1.55828
1.05216
1.2337
0.778962
1.53829
0.6381
1.42804
1.26554
1.39323
0.925893
1.55456
1.31636
1.08686
1.09099
1.35539
1.31749
1.4991
1.12428
1.09676
1.13246
1.27994
1.40818
1.45813
1.28073
0.763747
1.2634
1.50251
1.30802
1.31124
1.18085
1.25549
1.56091
1.40605
1.42178
1.21697
1.517
1.10077
1.02663
1.13764
1.46334
1.08008
1.10284
1.04205
1.56156
1.23466
1.00574
1.54803
1.16099
1.39253
0.52019
1.18782
1.49874
0.889437
1.47642
1.28599
0.52933
1.45993
1.45082
0.975349
1.09761
1.09081
0.77448
0.729537
1.29802
0.831951
1.54577
1.25667
1.48962
1.12868
1.17597
1.36787
1.40902
1.42939
1.2642
1.1284
1.40364
1.40543
1.39315
1.41409
0.566684
0.844053
1.52329
1.19537
1.15625
1.46278
1.5254
1.46464
1.29934
1.11772
1.53771
0.675678
0.987272
0.990796
1.05034
1.2014
0.604337
0.81413
1.08054
1.52018
1.47771
1.15382
1.15278
1.51813
0.444112
1.11375
1.32256
1.52983
1.07322
1.52232
0.754445
1.073
1.55499
0.986626
1.47052
1.17769
1.52439
1.02272
1.56799
0.491371
1.49437
1.17452
1.49908
0.774207
1.26591
1.40902
1.31585
1.2748
1.0773
1.10591
0.954932
1.4059
1.39806
1.47317
1.03326
1.51753
1.39593
1.46464
1.37732
0.924418
1.24377
1.29883
1.4175
1.46188
1.47554
1.30125
1.22047
1.4523
1.32256
1.35701
1.52749
1.03505
1.55656
1.52635
1.50495
0.678541
1.16504
0.608447
1.16224
1.23389
1.40169
1.35058
1.47071
1.38665
1.38913
1.42789
1.38069
1.24625
1.01122
1.54717
1.46089
0.946568
1.29602
1.32624
1.46372
1.29161
0.275068
0.669623
1.33042
1.52161
1.34885
0.93947
1.31629
0.813933
1.11974
1.08707
1.00653
1.30136
1.48344
1.5458
1.12678
1.15403
1.2083
0.936783
0.890036
1.12004
0.834942
1.51284
1.47372
1.16198
1.49125
0.890185
1.25014
1.36612
1.52568
0.674065
1.07051
1.4289
1.14288
1.19353
1.42551
1.56189
1.27984
1.22197
1.34832
1.12811
0.865038
1.0984
1.36026
1.04134
1.26042
1.47881
1.25426
1.31098
1.10231
1.1868
1.41662
1.48013
1.50746
1.47804
1.21221
1.33221
1.10864
1.38007
1.50774
0.695626
1.33347
1.29309
1.25374
1.07069
1.39094
0.912153
0.754127
1.0735
1.31638
1.33768
1.06047
1.43096
1.50835
1.31187
1.13744
1.55706
1.03933
0.960919
1.54913
0.894337
1.56424
1.42835
1.25966
1.49978
1.55926
1.43956
0.68503
0.91896
1.47107
0.679371
0.847294
0.762204
0.813353
1.50253
1.24164
1.02406
1.52005
1.37665
1.1472
0.66187
1.11899
1.05272
1.55285
1.21963
0.873116
0.914347
0.995114
0.991803
1.42761
1.44651
1.1499
1.41872
1.15085
1.5689
1.18444
0.922844
0.934199
1.37565
1.16504
1.54247
1.46574
1.0625
1.28399
0.7184
1.26479
1.45025
1.56048
1.51315
1.24873
1.33521
1.55097
1.2808
1.30704
1.47433
1.54668
0.592983
1.26586
0.764593
1.45549
1.55731
1.45051
1.4558
1.37269
1.55595
1.30923
0.92051
1.05143
1.08143
0.903145
1.33676
1.47501
1.20221
0.973094
1.32758
0.814269
1.13817
0.559413
1.10429
0.579503
0.781788
1.36681
1.2626
1.5447
1.30255
1.02552
1.48439
1.54601
1.02113
1.10218
1.51398
1.35833
1.5543
0.0395246
1.49864
1.42119
1.16536
1.04162
1.39912
1.20728
1.48942
0.570335
0.866642
0.818157
1.18426
1.0366
1.51152
1.38196
1.37291
0.762011
1.17369
0.736625
0.431001
1.09742
1.52445
0.867077
1.20101
0.383579
0.702636
0.666441
0.725287
1.45122
1.14529
1.56295
0.815944
0.802062
1.55328
1.36232
1.55694
1.49014
1.18917
1.56689
0.940848
1.37982
0.800257
1.31578
1.46591
1.527
1.53453
1.40797
0.716815
1.40933
1.03164
1.43567
0.689919
1.11887
0.889807
1.42918
0.971061
0.808995
1.15272
1.42252
1.10735
1.4483
1.29758
1.30502
1.1761
1.43346
0.904234
0.405758
1.18284
1.08472
0.691939
1.06423
1.28477
0.866124
1.26157
1.43026
1.39404
0.98611
1.36113
1.01648
1.1956
1.42193
1.38609
1.56661
0.895779
1.05963
1.13649
1.08279
1.32674
0.776545
1.32404
1.14294
0.820448
1.42107
1.14764
1.55229
1.5098
0.828722
1.37658
1.13104
1.4639
0.625103
1.5047
0.968344
1.28659
1.1064
1.48316
1.32504
1.01381
1.35226
0.968769
1.55853
1.02613
1.0564
0.980535
0.96646
1.02692
1.48328
0.458668
0.966659
1.25965
1.38327
1.34277
1.37453
1.15908
1.24029
1.13631
1.26387
1.26982
1.32228
0.960553
1.4024
1.1748
1.40612
0.629871
1.35633
1.26215
1.00536
0.90751
0.939876
1.29022
1.19258
1.11593
1.06368
0.942648
1.24716
0.643698
1.08493
1.35983
1.47053
0.919558
0.824643
0.941694
1.27027
1.13483
1.09044
1.53183
1.40469
0.833974
1.20123
1.53441
1.0665
1.3378
0.870296
1.21595
0.936451
1.49577
1.5313
0.913937
1.4135
1.5404
1.22203
0.71772
1.47939
1.55523
1.53221
1.02697
1.16695
1.4427
0.775565
1.14331
1.12328
1.31862
1.51662
1.08606
1.09106
1.06906
0.864335
1.23497
1.35008
1.04479
1.47071
0.474916
1.0579
1.15718
1.1373
1.38081
1.39808
1.01088
1.45408
1.27557
1.29558
1.21573
0.944159
1.25727
1.29573
1.54082
1.39038
1.26932
1.28535
1.2457
1.38951
1.55889
1.27449
1.50251
1.29764
0.989391
1.00986
1.21833
0.742913
0.929838
0.645246
1.50524
1.09848
1.12729
1.28748
1.55987
1.55456
0.856971
1.11941
1.41786
1.51859
1.4557
1.38681
1.42422
1.3058
1.53875
1.29206
1.44725
1.4973
0.848783
1.46616
1.04219
1.27187
1.37553
1.52378
0.831789
0.79618
1.54207
0.658616
1.36582
1.45352
1.29091
1.04424
1.45844
1.50104
1.56675
0.859623
1.3715
0.812426
1.19409
1.22327
1.42224
1.20983
1.34378
1.40475
1.28336
0.954153
1.17664
0.927027
1.16989
1.53606
1.43309
1.16821
1.1881
1.52409
0.828103
1.46709
0.862505
0.780644
1.09099
1.54577
1.52192
1.29504
1.15161
1.34025
0.921906
1.08281
1.43026
0.863564
1.23227
0.782277
1.26679
1.01578
1.53486
0.921609
1.54076
1.42576
1.18166
1.31452
1.13906
1.34889
1.23952
1.00249
1.19767
1.4314
0.675252
1.17657
1.12205
1.30805
1.47777
1.34445
1.53081
1.46381
1.10992
1.26554
1.02969
1.16697
1.11689
1.11384
1.0673
1.27659
1.40122
1.3974
0.711822
1.4747
0.678008
1.12401
1.36344
1.2098
1.38019
1.29679
1.55761
1.34515
1.51805
1.37142
1.46568
1.41582
1.25714
1.08713
1.51131
1.46469
0.772742
1.16719
1.09057
1.21163
1.07731
1.04861
1.01653
1.34501
0.990542
0.879782
1.06157
1.45795
1.50498
1.08629
0.961595
0.720516
1.11274
1.42133
1.52079
1.29161
1.49541
1.56012
1.41576
1.44135
1.13751
1.07557
1.28787
1.37689
1.2608
1.49819
1.50605
0.924882
0.67974
0.959817
1.03006
1.45782
0.914305
1.43734
1.16362
1.47728
1.32605
1.43174
1.43519
0.884356
1.51062
1.43925
1.24085
1.39459
1.49959
1.5606
1.22885
1.50951
1.37154
1.5454
1.35539
0.898723
1.19212
1.47041
1.53905
0.93456
0.822787
0.944002
1.5151
1.37497
0.84611
1.25548
0.977417
1.40982
1.01956
1.50238
1.38964
1.37088
1.31288
1.15865
1.39788
0.926303
1.30296
0.879042
0.90601
1.46139
1.08009
1.38477
1.25195
1.41877
1.2011
1.28064
1.56393
0.90848
0.760395
0.799399
1.50257
1.55996
1.10368
1.07256
1.25804
1.42449
1.55227
1.55285
1.35408
0.997411
1.22573
1.2685
1.52841
0.855716
1.57055
1.52103
1.53624
1.42526
1.45672
1.11668
1.16826
1.5115
1.29661
1.22719
0.337838
1.09102
1.48132
1.49259
0.988054
0.837024
1.03043
1.56851
0.598923
1.17035
1.24164
0.812198
1.10565
1.31682
1.49847
1.39561
1.34181
1.55981
1.2794
1.42508
1.33623
0.885306
1.52839
1.41452
1.15725
1.41545
1.18308
1.54565
1.13919
0.99455
1.12895
1.33455
1.3665
1.35752
0.969322
1.20077
1.03936
0.75492
1.35148
0.962712
1.42847
1.44251
0.681022
1.15645
0.993467
1.07664
1.29109
1.54867
1.5642
1.21338
1.48325
1.5385
1.04401
1.03652
1.44885
1.26849
1.55587
1.00852
1.34444
0.754474
1.31092
1.1282
0.50333
1.45226
1.50819
1.47096
1.27002
1.2258
1.24515
1.09979
1.18279
1.36954
0.976227
1.24793
1.41149
1.45173
1.38951
1.21742
1.11126
1.19537
1.09505
1.51792
1.41557
0.804891
1.08174
1.04045
1.14197
1.33029
1.37497
0.910428
0.944314
1.13259
1.26087
1.42212
1.55474
1.47307
1.3725
0.736713
1.18375
1.43038
1.41461
1.54475
1.29393
1.04751
1.53753
0.866531
1.08399
1.09676
1.42213
1.55359
0.961977
1.38897
1.30353
1.09312
1.41604
1.23215
1.01246
1.5173
1.32725
1.12299
1.26106
1.17743
1.23757
1.37951
1.06772
1.4906
1.42033
1.25281
1.36119
0.471884
1.37848
0.901818
1.50642
1.32718
1.35064
1.54032
1.33108
1.43426
1.09154
1.29815
1.27691
1.43069
0.952095
1.01942
0.920741
1.06522
0.803743
0.654588
1.15706
0.730285
1.23402
1.34986
1.09067
1.39205
1.15175
1.46841
1.50868
1.51498
1.30011
1.55883
1.48314
1.42391
1.24422
1.55902
1.12642
1.47715
0.939071
0.895605
0.68277
0.86617
1.13377
1.41705
1.54046
1.26426
0.796036
1.52629
0.647118
0.710193
1.45672
1.4518
1.37621
1.37919
1.55061
1.34763
1.40042
1.3563
1.46933
1.3527
0.766785
1.2409
1.52875
1.43121
1.01635
0.977751
1.46937
1.3777
1.25952
1.07597
1.52856
1.36804
1.1278
1.07224
1.37534
0.584577
1.46258
1.44848
1.11738
1.44125
1.16839
1.28729
1.3253
1.34175
1.5635
0.932506
1.48659
1.54914
1.49302
1.49293
1.56402
1.01401
0.859984
1.03923
1.08741
1.25478
1.37211
1.1947
1.20809
1.55227
1.48449
1.43242
0.874381
1.47688
1.38926
1.40128
1.48043
1.53942
1.12732
0.456868
1.31111
1.27991
1.40957
1.22242
0.872139
0.60545
1.56774
1.26471
1.07343
1.43186
1.1488
1.32161
1.30662
1.06861
1.33739
1.12469
1.24403
0.801119
1.38181
1.22295
1.46013
1.52396
0.945656
0.856017
1.35616
1.35195
1.35798
1.16019
1.48034
0.825033
1.24642
1.12049
1.28872
0.889105
1.50826
1.34256
1.52569
1.09549
1.21302
1.39707
1.11302
0.93766
1.56267
0.990413
1.04078
1.35601
1.30542
0.961513
1.29415
1.26426
1.4232
1.21233
1.27404
1.31604
1.0348
1.36824
1.02821
1.46397
1.53435
0.742348
1.17577
1.28888
0.795165
1.05044
1.32504
1.38342
1.10197
1.13226
1.11987
1.17121
1.19399
1.44061
0.859319
1.45693
1.30896
1.13518
1.22865
1.01811
1.22086
1.15419
1.33905
1.45025
1.25587
1.13992
1.41638
1.50134
1.53362
0.72695
0.958406
1.33629
1.53667
1.03844
1.46194
1.46225
1.35829
1.29897
1.46274
1.53496
0.844297
1.43981
0.789914
1.11618
0.928047
1.28894
1.13764
1.07269
1.44866
0.861858
1.26784
1.06511
0.757163
1.43316
1.17333
1.15305
1.42286
0.817535
1.48873
1.52855
1.41338
1.31465
1.5324
1.44227
0.892004
0.878182
1.49769
1.12218
1.03717
1.19229
0.665079
1.46132
1.51541
1.05795
1.11682
1.45518
1.26845
1.56726
0.875402
1.32725
1.50171
1.51993
1.22456
1.43568
1.52302
0.906957
1.39162
1.01674
1.24848
1.57022
1.39084
1.10866
1.56207
1.01625
1.22645
1.08237
1.46851
1.02864
1.04041
1.28468
1.22167
1.26975
0.942588
1.39825
1.47994
1.41678
1.38566
1.19724
0.768609
1.50997
1.12132
1.14233
1.43143
0.944906
1.23473
1.55175
0.871037
0.834556
1.45062
1.36581
1.21983
1.4363
1.01258
1.52134
0.766158
1.17578
1.41921
1.42538
1.21573
0.991737
0.922307
1.4842
1.29503
1.54552
1.35842
1.30037
1.39676
0.765281
1.51046
1.54296
1.4508
1.10823
1.16391
1.40116
1.03398
0.992319
1.08711
1.33833
1.02991
1.23651
1.00509
1.29612
1.35786
0.935003
1.54104
1.12748
1.2139
1.22469
1.36263
0.842154
1.24458
1.56463
1.31105
1.47179
0.419334
1.36425
1.34845
1.13797
1.37347
1.53307
1.27264
1.30124
1.05378
0.703763
1.22093
1.41433
1.26304
1.50746
0.953532
1.16816
1.56893
1.44082
1.49281
0.918409
1.48481
1.21567
1.48512
1.47464
1.0606
1.24876
1.18297
0.850788
1.16351
1.21808
1.32121
1.51504
1.43334
1.31478
1.32273
1.54174
1.56521
1.26468
1.42218
1.56222
0.800301
0.823983
1.52329
1.30024
1.29253
1.48504
1.50269
1.2932
1.30397
1.32844
0.967987
1.56945
0.867926
1.47501
1.47403
0.660692
1.13352
0.734563
0.906996
1.00406
1.44184
1.53056
1.38783
1.46943
1.41331
1.40539
0.681623
1.42711
1.521
1.55035
1.2695
1.49568
1.46541
1.56157
1.51865
0.834136
0.800376
1.55514
0.747973
1.33855
1.26324
0.891006
0.896866
1.46344
0.770802
1.51923
0.970271
0.970997
0.882816
1.07704
1.06969
1.26695
1.13361
1.45693
0.861062
1.12779
1.45838
1.3002
1.39007
1.49355
0.845768
0.963347
1.07475
1.40472
0.862466
1.27822
1.04082
1.54229
1.43765
1.28554
1.51076
1.53108
1.39341
1.35932
1.34795
0.946561
1.41798
1.35964
1.24403
1.54339
1.21966
1.44611
1.24677
0.929236
1.35239
1.08823
1.31603
1.2358
0.931819
1.55465
0.914064
1.41885
1.28392
1.45816
1.00929
1.40556
1.41823
1.55679
0.906727
1.15058
1.4575
1.21057
1.06155
0.62086
0.3989
1.55001
1.00703
1.47703
0.897174
1.16749
1.42492
1.15358
0.980009
1.44234
1.4338
1.55938
1.5628
1.34708
0.635534
1.30593
1.52919
1.10604
1.07412
1.22664
1.28067
1.19707
1.40208
1.30201
1.27215
1.31974
0.797512
1.27876
1.2551
0.969181
1.47556
1.53856
1.29535
1.25034
1.16291
1.04784
1.37857
1.44939
0.929204
1.23455
1.19856
1.14771
1.42786
1.18034
1.41329
1.35039
1.50985
0.838107
1.18423
1.08589
1.30738
0.710609
0.82403
1.52986
1.02368
1.39943
1.56866
1.53453
0.962195
0.946131
0.779456
0.813092
1.27812
1.35333
1.08056
1.25207
0.783772
1.16742
1.23803
1.44811
1.07885
1.19822
1.41854
1.42063
0.791129
1.40853
1.53059
1.35241
1.21669
1.01998
1.02762
0.988339
0.980232
1.39738
1.05368
1.34244
0.968397
1.18455
1.16125
1.45801
1.13562
1.00487
1.52085
1.48841
1.0813
1.41557
1.52152
1.53233
1.36643
1.27155
0.813622
1.41495
1.02968
1.33466
1.53409
1.04906
1.08227
1.3815
1.52771
0.748817
1.39571
1.06613
1.4977
1.50079
1.13006
1.12256
1.19071
0.458708
1.27398
1.4117
1.04205
1.30862
0.884411
1.18099
1.14408
1.56013
1.09226
0.829515
0.860872
1.40992
0.67674
1.39682
1.27356
1.48653
0.971545
1.05738
1.01755
1.14516
1.32769
0.584187
0.921928
1.24177
1.50076
1.21247
1.14332
1.07455
0.935854
0.745922
1.03785
1.13016
1.33579
1.22216
0.99398
1.01518
1.47801
1.29237
1.35165
1.27748
0.72975
1.56103
1.24099
1.11254
1.05841
0.90039
1.1996
0.734971
1.06499
1.33636
0.945786
0.77783
1.32259
1.29529
1.4305
1.19232
1.08205
1.20536
1.39484
1.13669
1.51663
1.41131
1.05773
1.2032
1.473
1.48822
1.03836
1.33993
1.43753
1.46306
1.3833
1.49222
1.00805
1.52349
1.26695
0.828298
1.20483
1.29719
1.18716
1.14181
1.43543
0.929708
0.87858
1.04922
1.26912
1.5217
1.48757
0.543889
0.795001
1.56079
1.53792
0.667841
1.23161
0.96182
1.27263
1.05427
1.17187
1.39118
0.96502
1.12692
1.32139
0.937897
1.3923
1.56126
1.17141
1.47194
0.861482
1.10204
1.10371
0.828841
0.658032
1.25042
1.16012
1.05616
1.10142
1.12476
1.24636
1.3224
1.14262
0.877074
1.45279
1.26826
1.0701
1.41563
1.13804
0.61935
1.5628
1.08832
1.4872
1.38442
1.41328
1.49262
1.32284
1.24313
1.07543
0.956701
1.47856
1.39884
1.28754
1.119
1.51688
0.503127
0.924501
1.54538
1.52009
1.42088
1.45291
0.758314
1.27529
0.898157
1.33792
1.56517
0.813758
1.56411
1.05774
0.912673
1.27704
0.597316
1.28468
1.17624
1.29298
1.22026
1.13771
0.897501
1.54617
1.47384
1.04104
1.14423
1.02941
1.52305
0.916681
1.40085
1.51417
1.48642
1.35142
1.23054
1.20451
1.15009
1.17643
0.788151
1.53472
0.920976
0.936079
1.24648
0.860185
0.891774
1.24898
1.35964
0.888353
1.35071
0.673254
1.30451
1.18826
1.36986
0.932227
1.13409
1.24892
1.26337
1.08112
1.53948
1.20298
1.37944
0.890812
0.956349
1.07412
1.22647
1.24551
1.46225
0.810533
0.825873
1.00552
0.933701
1.52508
1.33736
1.3607
1.29763
1.03538
0.760006
0.925886
1.13731
1.46989
1.50465
1.08479
1.42212
1.10624
0.943695
0.81
1.54339
0.814939
0.805626
1.49069
1.27353
1.19786
0.899263
1.4494
1.37061
0.67479
1.254
0.839992
1.07863
0.937868
1.36413
1.0363
1.32904
0.80165
1.23784
0.939884
1.00343
0.951815
0.984919
1.31495
1.21802
1.33551
1.22417
1.41724
1.56515
1.16458
0.920452
1.37916
1.23066
1.21671
1.51614
1.0074
1.16786
1.27305
1.40506
1.31339
0.927315
1.10102
1.52183
1.43611
1.38665
1.51425
1.09276
1.15625
1.00843
1.12782
1.24042
1.36289
1.33366
1.30349
1.25638
1.52696
1.46742
1.27624
1.21019
1.00089
1.42158
1.55862
1.18601
1.44574
1.3479
1.39769
1.13394
1.56039
1.5374
1.0187
1.37789
1.01633
1.37163
