0.764111
0.715022
0.795215
1.52366
1.51098
1.39875
0.839983
1.3949
0.99963
1.45119
1.28519
1.32487
1.56803
0.840528
1.21195
1.00907
1.45989
1.32335
1.23395
1.44245
0.905643
1.33968
1.13608
1.19783
0.785206
1.53637
0.816201
1.32775
1.34175
0.861323
1.23642
1.28856
0.932794
1.54778
0.87933
1.38157
1.33454
1.25188
1.11486
0.685665
0.655538
0.480549
1.46369
1.07287
1.5324
0.518265
0.964974
1.36974
1.21091
1.5429
1.16803
1.14558
1.30862
1.01547
0.730578
1.21005
1.18583
1.42443
1.37873
0.819244
1.11308
1.15325
1.34782
1.52213
1.56445
0.575739
1.37534
1.43423
1.33767
1.4998
0.538325
1.00082
0.803977
0.884973
0.585219
1.36612
0.770431
1.3202
0.359275
1.19215
1.4152
0.852791
0.730139
1.27595
1.11934
1.11109
0.848179
1.18267
1.01198
1.16326
1.40945
1.29434
0.818059
1.32344
1.49896
0.581209
0.837646
0.981196
1.20385
1.55413
0.990703
0.912896
0.743853
1.33146
1.32471
1.40481
1.38159
0.812594
1.13758
1.18183
0.878286
0.637806
1.33064
1.28863
1.2007
0.917246
1.38671
1.3137
1.342
1.19909
1.17796
1.10415
1.00764
1.13744
1.22075
0.873566
1.36718
0.668731
1.33755
1.02349
1.43392
1.31746
1.35175
1.38913
0.864606
1.51944
1.40648
1.2524
0.952223
1.41498
1.05983
1.02677
1.10641
1.29745
0.600198
1.53667
1.30535
1.30334
0.916874
1.43976
1.47771
1.55462
1.20425
1.3998
1.50697
1.55438
1.21339
1.35882
1.15733
1.22242
1.04385
1.21087
1.3287
0.883282
0.770038
1.48783
1.37721
0.633806
1.22444
1.01604
1.55908
1.29279
1.31759
1.36662
0.812166
0.592008
1.51425
1.38932
1.44633
1.44633
1.24734
1.47182
1.22826
1.36643
1.20294
1.21201
0.956805
1.29624
1.10046
1.49398
1.44584
1.16835
0.950814
1.23137
1.09926
1.54174
1.51914
1.34713
1.2403
1.23729
1.50407
1.13647
0.758336
1.46648
1.25085
1.05668
0.622003
1.35357
1.25901
1.54137
1.01902
1.46986
1.43149
1.46907
1.15945
1.48334
1.46421
1.45991
1.52739
1.36135
1.42298
1.55531
1.35161
1.46194
1.20071
1.54174
1.1203
1.30036
1.36013
1.3351
1.51159
1.43297
1.23538
1.49316
0.71135
1.09501
1.43118
0.828242
0.953323
1.14031
1.33133
1.25823
1.44104
1.43253
0.744368
1.52299
1.06132
1.44473
1.27375
1.19153
1.31986
1.32725
1.0962
0.971114
0.690175
1.42862
1.46725
0.763902
1.10624
0.833733
0.98714
0.956451
0.878305
0.915519
1.25426
1.3034
0.861893
1.00929
1.00139
0.762963
0.742601
1.16128
1.05072
0.801871
0.79419
1.43075
1.49014
0.9859
1.56134
0.714292
1.13003
1.31402
1.37276
1.50556
1.17677
1.55328
1.34929
1.01174
0.605868
1.51189
1.17243
1.05355
0.77559
1.30752
1.44464
1.50134
1.07918
0.63944
0.63945
0.671801
1.33474
1.36712
1.2989
0.848467
0.954822
1.40893
1.02463
1.43943
0.842739
1.04381
1.2946
1.16889
1.45678
1.02899
0.565176
0.96441
1.21352
1.47005
0.948745
1.39738
1.24281
1.22126
1.4355
1.34751
1.51617
1.04663
1.4387
1.56317
1.45898
1.47102
0.54258
1.32303
1.40531
1.32126
1.09991
1.2111
1.49648
1.36082
1.4045
1.25626
1.40143
1.53502
1.01269
1.04819
1.53017
1.08513
1.09042
1.21836
0.919135
0.752629
1.42804
0.762809
1.39168
1.27474
0.967701
1.28843
1.38361
1.05177
1.40763
1.17624
1.06556
1.16397
1.33503
1.39543
1.00456
1.1316
1.32869
1.31799
1.36862
1.21271
0.683838
1.22037
0.456629
1.48439
1.50905
1.03122
1.42699
1.00482
1.34014
1.04924
0.992867
1.13884
1.38705
0.834112
1.43246
0.859925
1.40122
1.47041
1.34178
1.16431
1.38623
1.51682
1.34839
1.26471
0.84009
0.961417
1.28944
0.880345
1.0613
1.28583
1.19659
0.475359
1.56909
1.36541
1.37425
1.55126
0.948445
1.48418
1.34181
0.948511
0.718148
1.33607
1.01872
1.06089
1.53392
1.19783
1.44464
1.40973
1.14724
1.22053
1.05494
1.52439
1.45614
1.47948
1.49238
0.774006
0.910327
1.3329
1.35426
0.8291
1.39915
1.26893
1.25127
1.54357
1.31269
1.50758
1.34176
1.55435
0.557629
1.42252
1.12017
1.46129
0.879221
1.54843
1.047
1.08789
0.999433
0.627452
1.19393
1.53644
1.14412
1.44863
0.852495
1.00208
1.57027
1.00066
0.836797
1.47049
1.28411
1.25181
1.20405
1.53117
1.23659
1.5643
1.00318
1.55065
1.4755
1.1024
1.35325
0.902482
1.30118
1.40729
1.02208
1.24918
1.18946
1.38578
0.983555
1.37799
1.42761
1.38105
1.4701
1.0021
1.38665
1.50428
1.54488
1.10755
1.27008
1.25451
1.51296
1.26101
1.32453
0.895031
1.1622
1.44439
1.41091
0.337651
1.50113
1.13386
1.55987
1.05851
1.14604
1.33829
0.819124
0.737461
1.21956
1.48601
0.717622
1.25503
1.20588
1.43546
1.51284
1.37491
0.915213
1.52836
1.2822
1.56799
1.06783
0.789896
1.31853
1.36419
1.22275
0.665072
1.47056
1.44954
1.40565
1.48749
1.30678
1.40382
1.24171
1.46749
1.49978
1.14553
1.49274
1.45672
0.657394
0.947581
1.16781
1.12787
0.987507
0.929964
0.886647
0.647446
0.834932
0.799144
1.43131
1.02271
0.975637
1.08703
1.50954
1.09395
1.23511
1.4115
1.18643
1.4338
1.32498
1.4534
0.976635
1.55461
0.840196
1.35151
0.903231
1.37845
0.922448
0.848069
1.44424
1.49932
0.721558
1.2794
1.24506
1.24307
1.56201
1.01881
1.49905
0.983926
1.38485
0.919831
1.50526
1.5236
1.29518
1.06905
1.1481
1.47433
1.36135
1.48316
1.2972
1.50293
1.57055
1.55636
1.21852
1.11689
1.46844
0.881429
1.36193
1.1395
1.1107
1.38286
0.97589
1.07665
1.28729
0.725973
1.49502
1.43155
1.3015
1.23234
1.36026
1.24264
1.43901
0.934231
1.30574
0.82357
1.23863
1.0567
1.25361
1.16696
1.1253
1.50036
1.27729
1.29875
1.31394
1.24844
1.11302
1.35439
1.08102
1.45365
1.25004
1.47893
1.54009
1.52296
0.930397
0.933844
1.19251
1.53405
1.37435
0.671137
1.10667
1.44805
1.25304
0.965201
1.52293
1.31206
1.26918
0.796317
0.992462
1.32737
1.40339
1.43978
0.821492
1.09478
1.42859
1.32038
0.728877
1.32979
0.842192
1.18116
1.0574
0.411632
1.47789
1.4062
1.1861
1.36724
1.3978
1.18228
1.39221
1.36538
1.53227
0.835292
1.28338
1.35914
0.651221
1.12519
1.56597
0.834499
1.52528
1.42764
1.05894
1.218
1.08548
1.15282
1.21014
0.848117
1.04003
0.800136
1.38535
1.3441
1.47071
1.022
1.23662
1.39819
1.40407
1.25875
1.47446
1.06898
1.33871
1.20471
1.1738
1.1941
0.779698
1.36943
0.962197
1.42824
1.2439
1.3721
0.652194
1.47032
1.24283
1.55218
1.31572
1.5261
1.0817
0.972803
1.12584
0.884612
1.14514
1.01173
1.00335
1.54648
1.23211
0.955697
1.52543
1.06275
1.05483
1.33883
0.838313
1.26746
0.916571
1.41495
0.964578
1.12138
1.29361
1.10818
1.23257
1.0447
1.47954
1.08175
1.17697
1.52403
1.46762
1.45781
1.45687
1.10349
1.35545
1.54748
0.817131
0.936005
0.874718
1.31093
1.2152
1.55374
1.29235
1.22164
1.56219
1.24818
1.43944
0.445887
1.05734
1.39267
1.22254
1.23948
1.55535
1.52164
1.52516
1.30369
1.494
1.27927
0.657316
1.3522
0.668153
1.32042
0.684602
1.20663
1.40073
1.55111
0.966608
1.35785
1.15158
1.14144
1.3712
1.5105
1.02642
1.25933
1.30878
1.00669
1.0744
1.55841
1.38175
1.54688
1.4609
1.40258
1.27632
1.19545
1.07719
1.02059
1.42496
0.820635
1.05431
1.07637
1.45985
1.3562
1.31252
1.4215
0.873024
1.49743
1.35314
1.29182
0.788943
1.30517
1.2849
1.50835
1.37668
0.925854
0.561807
1.49651
1.04283
1.37226
1.16218
1.51234
1.2877
1.20378
1.12706
1.22223
0.997302
1.40215
1.42008
1.5003
1.39906
1.51228
1.07991
1.41894
1.51834
1.12123
1.0084
1.09109
1.12932
1.52348
1.40939
0.982739
1.37229
0.612646
1.28236
0.70784
1.07855
1.14086
1.3984
1.54919
1.2379
1.10631
1.47324
1.38999
1.16922
1.46825
1.45807
0.860994
1.2477
1.21724
1.22033
1.56323
1.02154
1.48867
1.46844
1.48631
0.967459
1.14234
1.3197
1.31859
1.02181
1.04878
0.845944
1.49798
1.36293
1.20163
1.33746
1.40819
1.25862
1.24731
1.30454
1.2558
1.29355
0.93411
1.55635
0.829762
1.3813
1.22599
0.918587
1.34732
1.46489
1.35083
0.98679
1.44793
1.52998
1.25181
1.53417
1.32951
1.51938
0.892431
1.52334
1.50397
1.4058
1.3142
1.36737
1.36999
1.47163
1.43004
1.28869
1.02513
0.929007
1.13924
0.906912
0.859057
1.34833
1.56445
0.802454
1.37517
1.33183
1.55758
0.780108
0.874784
0.955673
1.27665
1.29131
1.37435
1.21963
1.4065
1.47948
1.1238
1.342
0.995197
1.32485
0.871383
0.957011
0.9469
0.961069
1.24755
0.815151
1.29357
0.716652
1.31515
1.11036
0.925095
1.33182
1.52702
1.53319
0.873706
1.50436
0.806147
1.18336
1.24325
1.29186
0.890192
1.04328
1.23461
1.29231
1.43858
1.43491
1.14771
0.842611
1.40797
1.25259
1.32114
1.41335
1.49682
1.36126
1.39858
0.795811
1.22727
0.835926
1.25853
0.761382
1.44525
1.18268
0.743527
0.880602
0.967627
1.34109
1.23679
1.44292
0.77662
1.57066
1.48048
1.21167
1.31566
1.4793
0.915509
0.887358
1.21384
0.933392
1.44408
0.956534
1.39075
1.51192
1.10214
1.13417
1.46679
1.51413
1.54406
0.825358
1.19324
1.56176
1.40988
1.42097
1.39524
1.24593
1.52494
1.4951
1.17101
0.901513
1.53252
1.54576
1.51932
1.00555
1.49613
1.00726
1.21787
1.11302
0.847774
1.04649
1.11241
1.34472
1.4948
0.609562
0.539796
1.34081
1.48586
1.52824
1.17806
0.793654
1.18459
1.20751
0.6163
1.3441
1.26916
0.564053
1.43842
1.29801
1.38895
0.875596
1.37459
1.40379
1.49541
1.04252
0.831891
1.42835
1.26032
1.26657
1.5103
1.40057
1.36284
1.31162
0.983462
0.873193
1.11436
0.970601
1.35133
1.25853
1.53258
1.1677
1.25958
1.40521
0.950927
0.845726
0.600799
0.927983
0.734477
0.980977
1.50121
0.935316
1.54354
1.4728
0.854452
0.509372
1.30669
1.44722
1.36266
1.00516
1.54357
1.25027
1.50104
1.45589
1.53661
1.49124
1.48199
0.966819
1.54073
1.53386
1.4561
1.39118
1.52513
0.983065
1.55993
1.42927
1.50764
1.20428
1.52858
1.00726
1.31912
1.28463
1.39602
1.42115
1.29643
1.31193
1.26901
1.48616
1.04067
1.12154
0.658013
1.36787
1.49695
1.118
0.975128
0.692886
1.38379
1.19167
1.42193
1.36388
1.49075
1.3759
1.31042
1.35935
0.902669
1.54641
1.2849
1.41152
1.56869
1.28894
0.498685
1.48665
1.16075
1.37217
1.18562
0.982661
0.427167
1.02998
1.46835
1.39214
0.575397
1.51847
1.44186
1.01388
0.994573
1.53817
1.36357
1.14837
1.50911
1.51856
1.40122
1.24327
1.48935
1.29586
1.56591
0.767513
1.02795
1.20888
1.29661
1.45372
1.21363
1.38255
1.55316
1.30574
1.05765
1.33017
1.50835
1.48016
1.51006
1.1677
1.42162
0.957046
1.01357
1.28373
1.43245
1.00905
1.4273
1.53517
1.01
0.81156
1.3567
0.755843
1.26775
1.43032
1.24574
0.733515
1.54742
1.45352
1.12496
0.756685
1.44366
1.32231
1.51153
1.3707
1.56884
1.41792
1.07811
1.0386
1.42083
0.816245
0.806744
0.862492
1.3607
1.53449
1.55474
0.813821
1.42158
0.772981
1.5523
1.43297
1.37916
1.48733
1.02121
1.25014
1.52476
0.950282
0.816007
1.50654
1.08789
0.724535
1.04383
1.14837
1.38119
1.2521
0.879246
1.35853
1.52409
0.925252
1.08244
0.896286
1.46835
1.47335
1.41668
1.41359
0.935715
0.821422
1.26536
1.27463
1.48089
1.16756
0.788702
1.39859
1.40797
1.43623
0.823504
1.56113
0.650712
1.47911
0.41888
1.29187
1.37434
1.36157
0.770541
1.03182
1.26247
1.47283
1.23122
1.14076
0.863491
1.37926
1.37432
1.40522
0.821965
1.53901
0.838645
1.15782
1.56286
1.39193
0.613264
0.936293
1.45549
0.80208
0.745832
0.692889
0.752517
1.47114
1.25689
1.46472
1.46547
1.17091
1.14586
1.44702
1.32983
1.12
1.49167
1.41119
1.04651
1.24725
1.4785
1.40307
0.557299
1.31751
1.16111
1.53575
1.14878
1.41996
0.985451
1.10016
0.744489
1.10938
1.47709
1.32403
1.01648
1.0578
1.41644
1.15895
1.29595
1.33322
1.16557
1.42582
1.49259
1.11369
1.37976
1.33237
1.34106
1.54406
1.53594
1.4961
0.985576
1.50748
1.45887
1.53893
1.39099
1.55778
1.41656
1.3581
0.824838
0.590467
1.41952
1.045
1.01301
1.33905
1.2035
1.55456
1.50348
1.2069
1.37428
1.42611
1.00967
1.04109
1.14891
1.53508
0.88913
1.55169
0.985504
1.02374
1.41195
1.23001
1.11322
0.891659
1.26579
1.39183
1.1956
1.37254
1.17987
1.03686
1.37749
0.833368
0.974873
1.37994
0.991119
1.14078
1.45822
1.09611
1.50923
0.761578
0.758018
1.05248
1.18712
1.11959
0.951881
1.40302
1.45924
1.47544
1.40626
1.37304
0.633139
1.36419
1.51107
0.820375
1.43186
1.06277
1.5037
1.49161
0.879673
1.13129
1.18114
1.559
0.78413
1.26727
0.650595
0.630008
1.44141
0.757107
1.30213
1.47004
1.00733
0.688626
0.917003
1.43968
0.775252
1.35001
1.40091
1.5617
0.661534
1.45948
1.27634
1.21981
1.17687
0.994408
0.658737
1.17194
1.49327
0.760991
1.21556
0.902133
1.23848
1.16312
1.18837
0.728123
1.05856
1.43377
1.34115
1.44599
0.375961
1.36911
1.43925
1.56805
1.0207
1.5473
1.0988
1.1751
1.13276
1.28144
1.46734
1.33956
0.778557
1.35339
0.991314
1.50006
1.06413
1.46814
1.3732
1.50285
1.49828
1.04424
1.42736
0.670999
1.36225
1.49607
1.3215
1.33221
1.33541
0.735374
0.583668
1.37117
1.08658
1.3229
1.48491
1.16573
0.964629
0.906628
1.40732
1.53597
1.02684
1.34556
1.07819
0.891516
0.615583
1.10385
1.37752
1.3296
1.36412
1.1915
1.39565
1.53795
0.867281
1.48243
1.41937
0.610561
1.14971
1.2408
1.37562
1.43938
1.47533
1.08369
1.40815
0.94393
1.00569
1.41965
0.9419
1.05833
1.41773
1.54894
1.53111
1.09904
1.34469
1.25183
1.12472
1.43688
0.892733
1.46169
0.906613
1.36313
1.1342
0.969096
0.269907
1.15755
1.50761
0.998245
1.17943
1.17399
1.0255
1.38932
1.4089
0.940698
1.40175
1.25528
0.810104
1.42323
0.532536
0.634885
0.629717
1.18844
0.96044
1.28286
1.43365
1.4502
1.39831
1.32553
1.18357
0.7683
1.03918
1.34613
0.793769
1.16796
0.840994
1.44424
1.30972
1.12969
1.24661
0.804673
1.51785
1.35018
1.03803
1.08237
0.9722
0.924871
1.04325
1.27812
1.51125
0.596209
1.40859
1.47421
1.37158
1.05623
1.4029
1.10081
1.33485
1.36961
0.720478
1.07874
0.989184
1.53771
1.3799
0.79034
1.27328
1.40085
0.766317
1.52858
1.32196
0.955029
1.46369
0.945223
1.19317
1.45408
1.19127
1.38522
1.47485
1.43396
1.57012
0.941219
0.931663
1.23467
0.870626
1.48775
1.56915
1.22786
1.54392
1.2279
0.923927
1.34923
1.53252
1.51287
1.03154
1.07204
1.41471
1.55928
1.24902
1.19717
1.16551
1.35889
1.11238
1.52763
1.36221
1.3597
1.34672
1.06618
1.08233
1.5074
1.10039
1.26647
1.22372
0.95852
1.38578
1.32485
1.00525
0.982661
1.24731
1.27678
0.929996
1.26336
1.48757
1.54504
1.54204
1.23395
1.37335
1.51917
1.21132
1.46845
1.22416
1.29015
0.938302
1.24461
1.15739
1.386
1.23449
1.0914
1.43614
0.840665
0.600916
1.09844
1.20355
1.0455
1.41172
0.74094
1.33729
1.18628
1.48993
1.52009
1.18646
1.34496
1.31045
0.89395
1.20169
0.971394
1.04636
0.830507
0.801242
1.01086
1.56475
1.11584
1.52806
1.4853
1.54369
1.41977
1.47691
1.13017
0.804223
1.17452
1.50673
0.98889
1.47666
1.5195
1.03757
0.546975
0.961247
0.738617
1.27943
1.16281
1.51596
0.737848
0.702413
1.50948
1.20561
1.00516
1.16292
0.965551
0.746629
1.49155
0.842108
1.18699
1.41749
1.37273
1.52219
0.698278
1.36286
0.882336
1.53673
1.22981
1.53838
1.38547
1.10679
1.12357
1.52644
0.805936
1.24022
1.4883
0.545087
1.45395
1.46353
1.31091
1.55029
0.753612
1.26669
0.86052
1.56498
0.79648
1.06654
1.29499
1.43677
0.993262
0.945785
0.62692
1.53093
1.09384
1.51526
1.25965
1.12908
1.08638
1.48359
1.4161
1.52351
0.860338
1.21794
1.56839
0.721957
1.54443
1.31358
1.32313
1.24287
1.44696
1.27685
1.45635
1.28545
1.42246
0.832258
1.29234
1.19737
1.25809
0.908298
1.03524
1.26828
1.21942
1.53621
1.54317
1.10764
1.38397
1.32863
1.56854
1.01144
1.27134
1.37892
1.47114
1.48705
1.46501
0.592185
1.15443
1.24773
1.2414
1.05928
1.56588
1.42878
1.55419
1.23557
1.30827
1.25126
1.45942
1.5283
1.56489
1.31243
0.93239
1.28615
1.46163
1.36639
1.31755
1.5625
1.25759
1.39298
1.13298
1.49829
1.43038
1.16815
0.796258
0.977651
1.51125
0.790973
1.365
1.16292
1.4784
1.34876
1.45306
1.02728
1.32536
0.681709
1.31988
1.50515
0.916757
1.19376
1.24332
1.35731
0.988473
1.51406
1.38217
1.46763
1.30163
1.02005
1.39806
0.78103
1.16864
1.44922
1.12327
1.14623
1.22255
1.18709
1.42539
0.969252
1.10433
1.28706
1.48429
1.536
1.48837
1.52781
1.37814
1.44171
1.39899
0.933179
1.27499
1.44676
1.16101
0.999863
0.785136
1.02106
1.16444
0.949636
1.25506
0.943461
1.17141
1.41375
1.12484
0.740826
1.20702
1.52189
1.45985
1.07511
1.41337
1.28175
1.09257
1.44583
1.31641
0.377734
1.56469
1.16138
1.49425
1.51046
1.35707
1.22592
1.24757
1.42378
1.41854
0.884746
1.33054
1.53664
1.49296
0.706678
1.08159
1.29868
1.49884
1.22995
1.5011
0.805218
1.31799
1.19015
1.4507
0.922069
1.02382
0.748207
0.990521
1.37581
1.31471
1.4899
1.33023
1.15152
1.5689
1.16594
1.43568
1.27292
1.03849
1.2681
1.1034
1.48396
1.1459
1.19299
1.48109
1.34857
1.50394
0.897324
1.55781
1.07564
1.21891
1.06428
1.09657
1.47089
0.701094
1.18485
0.95947
1.16915
1.28964
1.28417
1.3065
1.23668
0.660137
1.41415
1.39528
1.4534
0.972281
1.40029
0.930211
1.46317
1.01713
0.931915
1.15686
0.675183
1.37242
1.32271
1.25355
1.45647
0.622709
1.21322
1.34256
1.52726
1.54511
1.25146
1.33315
1.32901
0.998843
1.04131
1.40918
1.21863
1.45432
1.36734
1.28258
0.905519
1.39902
1.55505
1.4655
0.799167
1.42943
1.17574
1.0077
1.34354
1.03961
1.57036
1.13918
1.05835
1.39037
0.640539
0.941207
1.11636
1.55731
1.17335
0.993722
0.899381
0.892815
1.20221
1.43898
1.03829
1.52946
1.00509
1.40024
0.685443
1.18824
1.32007
1.18981
0.969996
0.589771
1.20021
0.752402
1.42983
1.24989
0.705326
1.08198
1.3658
1.33143
0.882226
1.12804
1.00491
1.22943
1.04021
1.16012
1.51672
1.44879
1.05591
1.00002
1.45977
1.2284
1.06477
0.768143
1.15439
1.49865
1.56884
1.53411
1.16523
1.37484
1.15706
0.948681
1.26729
1.16269
1.38555
1.56951
1.51176
1.10428
1.05543
0.846838
0.916645
1.37867
1.40129
1.35276
1.27699
1.45183
1.31578
0.679877
1.23687
1.3095
0.985226
1.29928
0.945999
0.401455
1.29123
0.579813
1.45444
0.795571
0.905185
1.43556
1.38807
1.55822
0.636707
1.50373
0.795561
1.05754
1.24332
1.32777
1.25682
0.930904
1.32133
0.975405
1.28146
1.21969
0.637807
1.44617
1.39967
1.23848
0.743022
1.03183
0.927283
1.44776
1.35592
1.43255
0.839327
1.40393
1.14436
1.3599
0.678368
1.45776
1.15621
1.11441
1.19047
1.53117
0.719955
1.52198
1.14107
0.984364
1.35829
1.11258
1.39453
1.10489
1.42446
1.17292
1.42629
1.09618
1.4895
1.42435
0.813896
1.07475
1.46464
1.2971
0.936568
0.901244
0.802325
1.21293
1.41511
1.54095
1.24551
1.12398
0.914598
1.39493
1.35651
1.20693
1.24709
1.36219
1.09547
1.53611
0.882924
1.02335
1.42718
1.51046
0.341128
1.50994
0.996276
1.54162
1.19973
1.41671
1.20732
1.12496
1.48769
1.32005
1.31023
1.06386
1.27193
1.29789
1.46301
1.19554
1.3412
0.628743
1.54483
1.40675
1.22437
0.805342
1.53676
0.992238
1.55206
0.999078
1.00423
1.18808
1.26067
1.12246
1.33064
1.31963
0.836958
1.51828
1.30435
0.923214
1.34563
0.906927
1.43316
1.43627
1.2331
1.18923
1.54614
0.656078
1.08194
1.19634
0.985165
0.385938
0.720626
1.33321
1.46421
1.3582
1.43149
1.27755
1.02597
1.34025
1.43996
1.19282
1.56665
1.23744
1.03247
1.28554
0.992927
1.35695
1.22992
1.15219
1.35657
1.05177
1.11742
1.0255
1.30039
1.2847
0.972692
1.49544
1.50289
1.41415
0.772786
0.788869
1.56689
1.46831
1.50789
1.46335
1.22729
1.42364
1.53093
1.56643
1.16523
0.96359
0.709929
1.54066
0.881086
1.37347
0.620753
1.4639
0.748361
1.00088
1.19974
1.03029
1.54691
1.53388
1.24539
1.47933
1.30346
1.51929
1.16818
1.42138
0.817241
1.34403
1.13875
1.281
1.03203
1.47568
1.17159
1.49431
1.5156
1.30558
1.0298
0.781533
1.54955
1.15772
1.11967
1.41724
0.702035
1.491
1.27563
1.51278
1.05853
1.22842
1.23416
0.777607
1.00016
1.51095
1.56582
1.50471
1.4711
1.34099
1.15572
1.25449
1.00557
1.567
1.33931
1.46286
1.43861
1.32159
1.11362
0.960684
1.04705
1.54971
0.910625
1.45026
0.944842
1.29332
0.928998
0.998124
1.18024
1.32133
0.951705
0.915207
1.51506
1.14486
1.46296
1.24666
0.935921
1.40648
1.14243
1.44242
0.778353
1.47979
1.45807
1.24827
1.24326
1.37609
0.97297
1.44176
1.38082
0.709905
1.5055
1.37285
1.54962
1.18926
0.933339
0.284446
1.44639
1.54076
1.12034
1.52549
1.29804
1.47341
0.533696
1.15379
0.988686
1.3187
1.32775
1.14473
1.36948
1.18369
1.16594
1.52427
1.12841
1.24042
0.617396
1.09505
1.1963
1.24303
0.89253
0.555706
1.42205
1.0275
1.0597
1.51144
1.01532
0.986481
1.14481
0.84945
1.43587
1.2797
0.765262
1.33963
0.767572
1.36578
0.965782
1.19631
1.44737
0.758201
1.37711
0.731993
1.40042
1.55328
1.50281
1.31515
1.33535
1.32253
1.56292
1.15281
1.54424
1.04324
0.918785
1.33413
1.0871
1.5184
0.688496
1.39025
1.22346
1.41619
1.09394
1.48537
1.24513
1.02991
1.37515
0.849193
1.00952
1.3828
0.930535
1.51912
1.06138
1.26051
0.864134
1.19527
1.53154
1.39522
1.03396
1.11098
0.933119
0.864932
1.32974
0.642188
1.15175
1.28192
1.29583
0.892233
1.17048
0.978312
1.39511
1.10269
1.11189
1.21859
1.18002
1.46403
0.723306
0.963981
1.00335
0.99888
1.0102
1.34958
1.18043
1.03415
1.43143
1.49801
1.55094
1.5458
1.20921
1.36095
0.333643
1.01225
1.05404
0.464179
1.3086
1.17837
0.534768
1.51079
0.506738
0.791905
1.39008
1.51556
1.28309
0.730063
1.4079
0.963948
1.18972
1.4538
1.54095
1.15592
1.51033
0.324523
0.856683
1.39936
1.11921
1.31023
1.0101
1.01855
1.29282
0.866471
1.5093
0.929978
1.00935
1.51895
1.31023
1.42366
1.14061
0.508298
1.17994
1.29218
1.03252
0.62169
0.994858
1.24609
1.00656
0.984972
1.54748
1.30023
1.02164
0.637542
1.14776
1.04439
1.35874
1.08439
0.475597
1.18239
1.36382
1.24009
0.999959
1.22965
0.951756
1.31994
0.955256
1.0493
0.950156
1.52271
1.38578
1.15733
1.48637
1.49346
1.44276
1.32209
0.750262
1.13395
1.1846
1.07044
1.56433
1.00752
1.5272
1.46814
1.47677
1.32177
1.43537
0.694714
1.3166
1.27787
1.40927
1.18106
1.56034
1.34957
0.913783
1.49538
0.655712
0.753913
1.5592
1.04855
0.891666
1.01325
0.980817
0.604536
1.42125
1.12578
1.36369
1.4913
1.34344
1.50079
1.40085
1.32057
1.25945
1.31963
1.07122
1.11405
1.34294
1.06004
1.48883
1.51932
1.33469
1.54907
0.706996
1.03056
1.45543
1.51636
0.751083
1.48757
1.54064
1.49874
1.17098
1.32202
1.55203
1.25326
0.83552
1.47746
0.821871
0.68903
1.22589
1.26292
1.1094
1.22611
1.50312
1.13563
1.06242
1.56219
0.322048
0.91482
1.05409
0.86626
1.43993
1.1005
1.06164
0.714992
1.43964
0.879521
1.20904
1.21306
1.13407
1.53627
1.26753
1.47666
1.45942
1.43195
1.15488
0.853422
1.27193
1.32467
1.25018
1.06807
0.877471
1.21306
0.682822
1.54211
0.97972
1.34803
1.54667
1.54662
0.988724
0.798673
1.38168
0.894814
1.08724
1.16111
1.27494
0.80885
1.17009
0.885232
0.927956
1.34372
1.29556
1.46028
0.374539
1.20104
1.25458
0.804903
0.653482
0.817675
1.56329
1.46779
1.30394
1.03538
1.50391
1.34519
1.54204
1.33335
0.707869
0.890506
0.923234
1.54688
1.44393
1.22521
1.36127
1.5333
1.43858
1.05725
0.496892
0.654347
0.642131
0.824943
1.49219
1.09681
1.35998
1.02099
0.91147
1.15602
0.923963
1.36594
0.948673
0.958178
1.391
1.51205
1.32639
0.958388
0.758126
1.17707
1.17048
0.504473
1.0844
1.11821
0.978178
1.20549
1.49795
1.52507
0.978689
0.508422
1.40327
1.2304
0.87686
1.29348
1.26426
1.24061
0.7286
0.994879
1.49241
1.45051
1.48308
1.38884
1.2084
1.05438
1.40302
1.52012
1.0283
1.51471
1.52901
0.651421
1.0728
1.52204
0.707335
1.25502
1.09559
1.37982
0.924506
1.17327
0.88731
1.51036
1.02965
1.1207
1.191
1.54388
1.56481
1.42403
1.48221
1.44762
1.48714
0.705994
1.34768
0.959007
1.30919
1.15968
1.2757
1.29621
1.55676
1.30953
1.41044
0.273405
1.28379
1.10428
0.622304
1.12496
1.45057
1.53954
1.42909
0.58734
1.20254
1.01284
1.49798
1.15907
0.725238
1.24116
0.79252
1.35957
1.37913
0.909739
1.21181
1.40166
0.876854
1.53985
1.18143
1.04737
1.23726
1.2028
1.28322
1.21491
1.47151
1.47004
1.49192
1.42681
1.08725
1.46931
1.27971
1.03958
1.18205
1.38466
1.3113
1.46489
0.922281
1.05482
1.30099
0.984859
1.43885
1.53688
1.26445
1.20543
1.21597
1.32114
1.56237
1.50446
1.33347
1.25342
1.55853
1.16637
0.840048
1.21996
1.01127
1.13797
1.32492
1.29212
1.20522
0.858311
0.912057
1.32309
1.08536
1.06208
0.946121
1.26567
1.3166
1.10124
1.21801
0.533978
1.31339
1.43476
1.11618
1.34448
1.2302
1.44627
1.1483
1.15784
1.30852
1.16318
1.23467
1.2741
1.53111
1.51981
0.745916
0.644479
1.47304
1.45942
1.23735
0.958798
1.35795
0.850897
1.28611
1.04538
1.52869
1.40894
1.01534
1.17095
1.37027
1.55354
0.98672
1.4158
1.56375
1.15892
0.959424
1.27972
1.32767
0.489542
0.807597
1.21553
1.34129
1.39881
0.998992
1.38995
0.907842
0.777189
1.02666
1.32083
0.760736
1.53942
1.20061
1.26912
1.01512
1.38243
1.03763
1.25596
1.18995
0.958855
1.23257
0.940473
0.885556
1.17878
0.86008
0.887331
1.34563
0.875254
1.31162
1.38743
1.44227
1.44229
1.21936
1.40557
0.640056
1.28437
1.15226
1.37602
1.43097
1.17184
1.40726
0.567965
1.31402
1.50682
1.54736
0.691801
0.815583
0.815149
1.1188
1.52213
1.17233
1.10716
1.48157
1.37677
1.12822
1.03942
1.44621
1.2486
1.46232
1.23739
1.50902
0.950629
1.13822
1.03001
0.976645
0.93004
1.4577
1.35868
1.28475
1.32982
1.49204
1.23769
1.51694
1.09738
0.846841
1.51364
1.09511
1.01454
0.82371
1.27282
1.1078
1.05844
0.971205
1.49159
1.22826
1.50596
1.38682
1.46065
0.704588
1.53837
1.44393
1.02478
1.22852
1.4379
0.831127
0.802937
0.96816
1.31693
1.3647
1.47513
1.17749
1.30182
1.14807
1.55372
1.2808
1.37752
1.25391
0.638127
1.38212
1.39286
1.30587
1.46949
1.46197
1.40717
0.984131
1.56362
0.845456
0.619018
1.15218
1.52138
0.709984
0.964036
0.946042
1.46157
1.39937
1.02135
1.09414
1.38901
1.50688
0.9694
1.02302
1.15781
1.05914
1.42205
1.52787
1.38588
1.29498
1.54098
0.652291
1.55221
0.612849
0.859622
0.979291
1.35957
1.25677
1.46746
0.89832
1.12246
1.18419
1.53838
1.45033
1.08988
1.48097
1.45137
1.30068
1.24673
1.33598
1.29601
0.89057
1.21123
1.02392
1.06138
1.32049
1.54717
1.50148
1.13871
0.826279
1.33088
1.12557
1.44833
1.27179
1.2656
0.920368
1.06909
0.859002
1.5531
1.50183
1.54221
1.45844
1.30633
1.28074
1.41492
1.46881
1.37787
1.24109
1.21154
1.14325
1.18726
1.38358
0.771345
1.35334
1.47528
1.2468
1.29814
1.54809
1.12749
1.3471
1.55847
1.00452
1.39639
1.18403
1.20201
0.284738
1.05505
1.42267
1.48175
0.763433
1.52445
0.97079
1.46857
1.0166
1.53377
0.841743
0.976356
1.1839
1.08953
0.996848
1.43046
0.797046
1.32832
1.12602
1.30764
1.38957
1.19194
1.39252
1.49198
1.49273
0.434943
0.989975
1.37559
1.51785
1.49349
1.21944
1.52653
1.3883
1.42215
1.41526
1.3089
1.24913
1.09208
1.09429
1.26631
1.34612
1.53782
1.03609
0.924842
1.31395
1.24826
1.27468
1.29364
0.93244
1.51483
1.56488
1.5107
1.30353
1.0536
0.865905
0.957136
1.38125
1.38193
1.45039
1.40716
1.28347
1.05989
1.46946
0.654834
1.51666
1.39075
1.43665
0.762945
0.805002
0.985396
1.04687
1.02939
1.41848
1.22034
1.03904
0.937462
0.957861
0.987639
1.08044
1.13717
1.12291
0.411005
0.739648
1.04632
1.1956
0.698994
1.40568
1.55599
1.36077
1.35439
1.5581
0.933614
0.975445
1.48829
1.11322
1.21312
1.02017
1.16268
1.55865
0.791084
0.574955
1.26727
0.622511
1.39323
1.56724
0.812125
1.21181
1.40426
1.41613
1.47139
1.38994
1.11033
1.13504
1.56268
1.22544
1.11737
1.3302
1.54198
1.3036
0.745289
0.984348
1.416
0.963388
1.40326
0.825605
1.43611
1.3445
1.45564
1.54006
0.81198
1.43285
0.60983
1.41244
1.2449
1.29418
1.04705
1.07252
0.997654
1.40877
1.44787
1.11131
1.55603
1.3689
1.24753
1.02148
1.41347
0.617473
1.54722
1.42391
1.35567
1.32989
1.38097
1.53792
1.33167
1.41081
1.21888
0.672288
1.20686
0.876254
1.48166
1.38159
1.12889
1.24352
1.03653
1.27353
1.5335
1.16782
0.944265
1.46507
1.29377
1.35161
1.00038
1.25462
0.926764
1.07572
0.90558
1.52983
1.12328
0.824137
1.32194
1.49351
1.34012
1.43219
0.680206
0.597364
1.35888
1.52613
1.33523
1.07263
1.38071
1.39096
1.54037
1.34337
0.23743
1.48395
1.27691
1.50905
1.40067
1.2419
1.46074
1.26356
1.29611
1.08465
1.23046
1.11626
1.36974
1.23011
1.45463
1.03511
0.801983
1.44913
0.854232
1.27465
0.928623
0.579751
1.02567
0.716304
1.43226
1.23945
0.839081
0.538793
1.15425
1.43734
1.00223
1.47301
0.802621
1.50471
1.11375
1.55859
1.53997
0.814595
1.16743
1.54235
1.40905
1.55636
1.4558
0.899421
1.06585
1.47139
1.20985
1.48359
0.826733
1.4518
1.04742
0.909788
1.17023
0.503211
1.07471
0.431717
1.27656
1.29789
0.717639
1.4559
1.32913
1.41328
0.933502
1.55394
0.830113
1.53218
1.39205
1.1576
1.52376
1.24563
1.40005
1.36271
0.790357
1.14174
1.14045
0.814736
1.26515
1.47133
1.2245
1.36756
1.40506
1.30185
1.0553
1.20144
1.08724
1.36643
1.56674
1.42884
1.33221
1.13814
1.50015
1.36368
1.43981
1.38715
1.44359
1.43045
1.24596
1.02712
1.48794
1.00379
1.02435
1.16136
1.23493
1.17764
1.21999
1.28017
1.14432
1.5393
1.18066
0.922768
1.52898
1.55883
0.338662
1.05935
1.12875
1.23894
1.11778
1.46231
1.41662
1.12459
0.90351
1.03161
1.46789
1.16863
1.13205
0.803239
1.41628
1.00192
1.03397
1.38818
1.28175
1.47108
1.48916
0.991015
1.4609
1.41224
1.42282
1.25426
1.47519
1.19331
1.13018
1.15114
1.20365
1.18253
1.02682
0.669085
1.47286
1.13605
1.53189
0.747461
1.53276
1.47449
1.15646
0.707974
1.2857
1.24802
1.5668
1.51409
1.39002
1.09267
1.32613
0.654287
1.16258
1.46466
1.15519
1.06869
1.10073
1.5625
0.583251
1.36516
1.42122
1.54705
1.13468
1.17356
1.23841
1.07548
1.1338
1.46482
1.4088
1.40964
0.732259
1.52458
0.829458
1.50982
1.42839
0.95914
1.50096
0.616849
0.980611
1.40413
1.56396
1.1019
1.2787
1.53922
1.36107
1.14046
1.45349
0.697222
1.38
0.711226
0.951804
1.27417
1.06927
0.960611
1.3064
1.15869
1.25269
1.04115
1.32772
1.0006
1.05366
1.29327
1.02969
1.22243
0.963761
1.30435
1.03624
1.01333
1.4593
0.852246
0.935614
1.27155
1.49476
1.29091
1.10651
1.20021
1.27426
1.25483
1.04904
0.830279
1.50899
1.24661
1.40967
0.415998
1.55805
0.552506
0.925956
0.972343
1.51895
1.3111
1.33705
1.21742
1.24673
1.5568
0.826462
1.45721
1.5578
1.07454
1.54736
1.093
1.4043
1.25826
1.26758
1.40797
1.30878
1.20297
0.963017
1.53823
1.42648
0.927749
1.48304
0.734671
1.44842
0.874143
0.887823
1.43038
1.01523
1.22732
1.47605
1.53585
0.781718
0.781615
0.262091
0.809152
1.42986
1.55177
1.25638
1.49718
0.802618
1.39472
1.33077
0.468368
1.17407
1.12125
1.49039
0.640885
1.54504
1.04042
0.830773
0.751832
1.55331
1.33848
1.45666
1.5283
1.02321
1.32546
1.34964
1.39459
0.900591
1.39205
1.56142
1.50948
1.34361
1.04689
1.41016
0.975749
1.46102
1.49311
1.54388
1.51235
0.446547
0.941959
0.903064
1.11805
1.5385
1.09086
0.845352
1.22411
1.42483
1.0329
1.55102
1.41217
0.941393
1.20267
1.53804
1.52598
1.29925
1.11707
1.21685
1.22064
1.30134
1.16091
1.29278
1.19079
1.25514
1.48092
0.875083
1.26939
1.3941
0.972842
1.04147
1.42606
0.921714
1.10035
1.32525
1.261
1.5617
1.29863
1.54393
1.50407
1.20875
1.48408
0.871907
1.48433
1.48843
0.919281
0.898153
1.53166
0.74646
0.961847
1.31708
1.37368
1.2455
1.5335
0.855944
1.20699
1.31228
1.33861
1.31774
1.39062
1.20666
1.12678
1.32139
0.53697
0.503854
1.4318
1.47771
0.651406
1.25981
1.232
1.41603
1.3487
0.704087
1.39117
1.20373
1.31054
1.37249
1.46485
1.56781
1.41854
1.3297
1.3537
1.12361
1.40432
0.69893
1.149
0.97051
1.25117
1.00719
1.56231
1.45715
1.18539
1.07716
1.00331
0.93828
1.4454
1.21592
1.13397
1.49651
0.836634
1.45832
0.766866
1.30663
1.14713
1.34156
1.41546
1.2234
1.27664
0.974885
1.55358
1.35759
1.2523
1.17276
1.38739
0.754966
1.10166
1.35333
1.01748
0.994824
0.928778
1.51388
1.488
1.11173
1.25111
0.772782
1.40271
1.32473
1.10504
0.954321
1.0916
0.918501
1.13441
0.550468
1.06751
0.905495
0.834742
1.24358
1.41161
0.913877
1.39546
1.0187
1.19193
1.50544
1.07412
1.15734
0.581354
1.22133
0.489134
1.10378
1.19933
0.997112
0.630304
0.909236
0.907874
0.931905
1.40757
1.34713
1.30906
1.25615
1.30463
1.5393
0.607416
1.51215
0.918723
1.18852
1.51602
1.33008
1.52843
1.34898
1.21964
1.05096
1.4494
1.34582
0.924976
1.36641
1.12306
1.28452
1.51774
1.06504
1.08764
1.21215
0.879157
0.975383
1.54017
1.17319
1.34607
1.10628
0.840301
1.01855
1.53627
1.23906
1.42027
1.48561
1.15432
1.46265
1.41514
1.26233
1.35895
1.5418
1.09726
1.17776
1.20803
0.998351
0.483455
1.55085
0.561577
1.26356
1.30644
1.53643
1.55505
1.49256
1.05289
1.22233
0.882042
1.09348
1.41965
0.8923
1.39025
1.01197
1.15559
1.02484
0.881582
1.55987
1.43371
1.37288
1.1712
1.57061
1.45054
1.4304
1.36182
1.49807
1.49382
1.14288
1.42301
1.07564
0.963811
1.3456
1.20836
1.01624
1.33096
1.27111
1.15934
0.75031
1.30468
1.51072
1.2029
1.49137
1.24074
0.887599
1.05085
0.81212
1.00478
0.868575
1.29383
0.877843
1.39233
1.42471
1.46283
1.10633
1.39323
1.40587
1.43784
1.05031
1.46369
1.50119
0.803414
1.48429
1.33485
1.25037
1.48546
1.48766
0.83938
0.776967
1.03177
0.839263
1.39583
1.50208
0.901404
1.57077
0.592203
1.45494
0.729071
1.38938
1.17785
1.4717
1.01888
1.29855
1.09733
0.946483
1.07869
0.984227
0.848311
0.956391
1.41604
1.28557
1.39969
1.52064
0.764206
0.681561
1.52965
1.44738
1.08561
1.42496
0.930011
1.27533
1.46705
1.15325
1.52898
0.756233
1.44393
1.51183
1.10546
1.48161
0.676205
0.555056
0.718783
1.29066
1.5338
1.15566
1.40552
1.35404
1.31376
1.30441
1.19967
1.54473
1.31511
1.12844
1.41053
1.23603
1.45647
0.921323
0.925583
1.33284
1.27206
1.54525
1.44553
1.36734
1.45002
0.918116
1.31894
0.960863
1.12107
1.45678
1.49908
1.46194
1.43001
1.22357
0.622405
1.52384
0.894338
1.12012
0.809669
0.686997
0.816257
1.4301
1.52439
1.22262
1.36382
1.33551
1.38187
0.307947
0.741841
1.49026
1.55282
1.03968
1.40961
1.36452
0.601862
0.776746
0.985745
1.23389
1.32769
0.998494
0.931363
1.0734
0.580074
0.811766
1.13441
1.04896
1.51614
1.36867
1.02892
1.54754
1.52455
0.848776
1.51217
0.850993
1.23867
1.57
1.34895
1.469
1.32146
1.53743
1.26365
1.35989
1.54485
1.42212
1.32199
1.29596
1.21651
1.11436
1.19198
1.51449
1.52341
1.55618
0.952118
0.912822
0.937063
1.43001
0.895
1.51781
1.20732
1.33891
1.36781
1.55132
1.12462
1.16298
1.3351
