0.763996
0.716275
0.795069
1.5458
1.51367
1.39862
0.839981
1.39527
0.998795
1.45125
1.28475
1.32495
1.56855
0.843563
1.21203
1.00906
1.45922
1.32335
1.23648
1.44227
1.48101
0.904292
1.33973
1.13717
1.19891
0.785206
1.53649
0.816032
1.32869
1.34407
0.852124
1.23667
1.28925
0.932172
1.54772
0.87937
1.38418
1.33416
1.25175
1.11511
0.686505
0.655633
0.485329
1.46369
1.07638
1.53227
0.518273
0.965895
1.37036
1.21084
1.5429
1.02496
1.16796
1.14515
1.3144
1.01485
0.730861
1.20934
1.18723
1.42425
1.37873
0.817245
1.11228
1.15278
1.34795
1.52219
1.56372
0.579496
1.37422
1.43448
1.33761
1.50101
0.538559
0.999868
0.806105
0.885693
0.584547
1.36612
0.770153
1.32007
0.358203
1.19773
1.41477
0.854465
0.728431
1.27048
1.11866
1.11177
0.848342
1.18297
1.00869
1.16243
1.40986
1.2944
0.81293
1.3235
1.49896
0.581209
0.83762
0.979773
1.20564
1.554
0.986696
0.913108
0.743173
1.32894
1.32441
1.40568
1.38311
0.812834
1.13131
1.17937
0.878488
0.637556
1.33058
1.28506
1.20158
0.917294
1.38706
1.31386
1.3419
1.19684
1.17816
1.10202
1.00764
1.13623
1.22271
0.874055
1.36463
0.66922
1.33749
1.02339
1.43488
1.31723
1.35091
1.38914
0.864603
1.51944
1.40661
1.25246
0.952625
1.41474
1.05739
1.02696
1.09219
1.29757
0.599383
1.5367
1.30732
1.30011
0.916637
1.44009
1.47721
1.55465
1.20614
1.3998
1.50703
1.55444
1.2098
1.35673
1.16517
1.22242
1.04379
1.21084
1.32869
0.883045
0.770032
1.48786
1.37808
0.633791
1.22359
1.0151
1.55871
1.29242
1.30445
1.36669
0.811884
0.591986
1.51523
1.38932
1.44627
1.45005
1.24732
1.4717
1.22878
1.36643
1.19114
1.21194
0.958471
1.2958
1.1006
1.49398
1.44894
1.16743
0.950542
1.23078
1.09919
1.54095
1.51944
1.34851
1.24023
1.23519
1.50401
1.13694
0.756239
1.46476
1.25085
1.05747
0.621474
1.3562
1.2599
1.54134
0.992817
1.46986
1.43192
1.46912
1.15912
1.48334
1.46434
1.45973
1.52647
1.36135
1.42326
1.55498
1.35161
1.46206
1.20012
1.54174
1.1205
1.30365
1.39286
1.33515
1.51244
1.43593
1.23816
1.49304
0.709703
1.09501
1.10238
0.828191
0.953237
1.1409
1.33133
1.25785
1.44092
1.43253
0.744008
1.52256
1.06262
1.44479
1.27391
1.18942
1.3202
1.32753
1.09523
0.970002
0.69024
1.42862
1.46717
0.76383
1.10581
0.832791
0.987168
0.958922
0.878458
0.915587
1.25418
1.30322
0.851644
1.00937
1.00283
0.762976
0.736641
1.16098
1.04967
0.810429
0.781784
1.43075
1.4903
0.986743
1.56134
0.71466
1.1274
1.31402
1.37139
1.5056
1.17723
1.55328
1.34926
1.01174
0.604831
1.51189
1.17289
1.05201
0.775361
1.31295
1.44467
1.5022
1.07512
0.639019
0.641721
0.671569
1.33449
1.36712
1.29884
0.84837
0.934946
1.40906
1.02475
1.43938
0.842786
1.04381
1.2946
1.18324
1.45678
1.02457
0.564605
0.965167
1.21352
1.47013
0.94873
1.39288
1.24261
1.22477
1.43507
1.34751
1.51617
1.04521
1.43858
1.56265
1.45891
1.47102
0.537564
1.3236
1.40475
1.3431
1.10021
1.21103
1.49558
1.36082
1.40395
1.25776
1.40144
1.53493
1.01361
1.04826
1.5243
1.08271
1.09004
1.21901
0.922412
0.752294
1.42761
0.762838
1.39152
1.27474
0.967667
1.29002
1.3828
1.05142
1.40729
1.17643
1.06479
1.16396
1.33397
1.39544
1.00459
1.13144
1.3295
1.31806
1.36466
1.21284
0.684042
1.22048
0.453281
1.48438
1.50893
1.03243
1.42705
1.00531
1.34093
1.04925
0.987056
1.11817
1.38702
0.833274
1.43187
0.861723
1.40122
1.47047
1.34181
1.16491
1.38646
1.51682
1.34839
1.26398
0.840836
0.961828
1.28921
0.880334
1.06122
1.2857
1.19369
0.47586
1.56628
1.36544
1.37425
1.54891
0.948263
1.48411
1.342
0.948968
0.718126
1.3366
1.0458
1.06034
1.53844
1.1979
1.4447
1.40955
1.14595
1.22123
1.05502
1.52439
1.45669
1.47948
1.49197
0.773702
0.904046
1.33255
1.35426
0.829093
1.39909
1.26887
1.2511
1.54339
1.31317
1.50737
1.34175
1.55422
0.552604
1.39949
1.12012
1.46108
0.879342
1.54833
1.04388
1.08814
0.99811
0.627602
1.19455
1.53521
1.14866
1.46694
0.85305
1.00174
1.57027
1.00143
0.836242
1.46948
1.2843
1.2474
1.20372
1.53117
1.23729
1.56408
1.00277
1.55023
1.47547
1.10355
1.35328
0.902636
1.30125
1.40877
1.02213
1.2486
1.1904
1.38349
0.981998
1.37799
1.4265
1.38109
1.46952
1.003
1.39726
1.50352
1.54482
1.10776
1.2674
1.25445
1.51419
1.2605
1.17071
0.894887
1.16583
1.4449
1.41087
0.337751
1.50098
1.12747
1.55987
1.14392
1.14619
1.34668
0.819942
0.737414
1.2193
1.48651
0.717512
1.25561
1.20598
1.43548
1.51333
1.37618
0.914487
1.52842
1.28074
1.56799
1.06508
0.792983
1.31843
1.36338
1.2219
0.663752
1.47116
1.45016
1.40565
1.487
1.29742
1.40933
1.24174
1.4823
1.49951
1.14542
1.46484
1.4566
0.657558
0.947794
1.16781
1.12922
0.987637
0.930109
0.886592
0.647915
0.834602
0.800481
1.4318
1.01948
0.975604
1.08734
1.50951
1.09395
1.23609
1.41156
1.18657
1.4338
1.32442
1.46292
0.976968
1.55461
0.84031
1.35151
0.912024
1.37926
0.921571
0.848387
1.44387
1.49926
0.721558
1.27889
1.24369
1.24341
1.56164
1.02051
1.49905
0.988534
1.38485
0.91975
1.50526
1.5236
1.29256
1.06669
1.14847
1.47869
1.36499
1.48316
1.29713
1.50361
1.57055
1.55636
1.21579
1.11744
1.46846
0.881359
1.36192
1.13826
1.10982
1.38268
0.975869
1.06783
1.28818
0.727434
1.49541
1.50991
1.29979
1.23234
1.36014
1.24501
1.43907
0.932919
1.30562
0.819116
1.23734
1.05793
1.25252
1.16683
1.12456
1.50027
1.27704
1.29906
1.314
1.24841
1.10922
1.3542
1.08097
1.45463
1.25011
1.48052
1.53951
1.51947
0.750964
0.933797
1.19264
1.53411
1.37457
0.671389
1.10685
1.44774
1.25301
0.966575
1.52277
1.31105
1.28226
0.796318
0.992866
1.32756
1.40376
1.43999
0.82148
1.09489
1.42859
1.32013
0.75637
1.32987
0.840526
1.18126
1.05733
0.411656
1.47789
1.40624
1.18827
1.36706
1.3978
1.18218
1.39221
1.36488
1.52183
0.834432
1.24792
1.3552
0.651614
1.12529
1.56597
0.834187
1.52468
1.42785
1.05396
1.21801
1.08376
1.15311
1.20797
0.848199
1.03987
0.800136
1.38535
1.34421
1.47065
1.02192
1.08781
1.23664
1.39624
1.40382
1.25856
1.4745
1.06516
1.33852
1.20471
1.17353
1.19415
0.781049
1.36818
0.96212
1.42892
1.24422
1.37223
0.657061
1.47022
1.24351
1.5523
1.31598
1.52424
1.08172
0.974274
1.12535
0.884428
1.14105
1.03262
1.00321
1.54231
1.2325
0.955766
1.52539
1.06449
1.05928
1.33829
0.838261
1.26749
0.913911
1.41502
0.966361
1.12158
1.29368
1.10777
1.23269
1.04357
1.48745
1.08188
1.17687
1.52403
1.46762
1.45736
1.4569
1.10494
1.35476
1.54742
0.812077
0.936369
0.874718
1.31402
1.21518
1.55456
1.28982
1.2219
1.56207
1.24931
1.43962
0.446186
1.05697
1.39242
1.21453
1.23974
1.5559
1.52164
1.52503
1.30229
1.49406
1.27934
0.657321
1.3522
0.670634
1.32042
0.684815
1.20634
1.39949
1.54369
0.966595
1.35867
1.15158
1.15224
1.36918
1.50847
1.0164
1.25939
1.30866
1.00169
1.00583
1.55853
1.38204
1.54719
1.46096
1.4032
1.27741
1.19577
1.07125
1.01812
1.42496
0.820635
1.05443
1.07644
1.45985
1.35764
1.31231
1.42156
0.872973
1.49565
1.35204
1.29126
0.788437
1.30528
1.28411
1.51535
1.38265
0.92632
0.561919
1.49657
1.04281
1.36992
1.16158
1.51188
1.2877
1.2032
1.12469
1.22223
0.997806
1.4019
1.42195
1.50018
1.398
1.51228
1.07991
1.41935
1.51706
1.12433
1.00838
1.09089
1.13064
1.52366
1.40921
0.982791
1.37235
0.612327
1.2821
0.707542
1.07898
1.20329
1.39865
1.54852
1.24038
1.10737
1.47301
1.39004
1.16955
1.46783
1.45807
0.860387
1.24659
1.21736
1.21985
1.56323
1.02283
1.48867
1.46838
1.48769
0.968041
1.14254
1.31971
1.31859
1.02104
1.04943
0.845784
1.49801
1.36305
1.20173
1.33767
1.40817
1.25991
1.24731
1.30516
1.25557
1.29358
0.934035
1.55651
0.830666
1.38039
1.22656
0.917817
1.34563
1.46642
1.34746
0.987058
1.44793
1.53014
1.25178
1.53423
1.3292
1.51938
0.892927
1.52335
1.50388
1.40586
1.3142
1.36749
1.36877
1.47176
1.43018
1.28952
1.56207
0.928868
1.13872
0.906935
0.858954
1.34895
1.56439
0.834302
1.37434
1.33183
1.55783
0.780145
0.875176
0.953989
1.27843
1.29126
1.37469
1.21963
1.40644
1.47924
1.12639
1.34197
0.996767
1.32473
0.871383
0.961017
0.9469
0.960845
1.24737
0.816653
1.29256
0.711469
1.31471
1.11016
0.925035
1.33248
1.52549
1.51211
0.873772
1.50556
0.808138
1.18257
1.24609
1.29351
0.890333
1.04315
1.23905
1.29278
1.43793
1.43491
1.14784
0.842854
1.4079
1.25362
1.32142
1.41316
1.49679
1.36095
1.39453
0.797076
1.22706
0.514109
1.25869
0.76153
1.44685
1.12362
0.743729
0.87812
0.967574
1.34002
1.22152
1.44279
0.777839
1.57012
1.47809
1.21133
1.31361
1.50103
0.915855
0.886762
1.21374
0.937831
1.44408
0.956379
1.3907
1.51183
1.10084
1.13155
1.4674
1.5149
1.54404
0.825669
1.19108
1.5617
1.40986
1.42107
1.39535
1.2456
1.52512
1.4951
1.17028
0.901119
1.53258
1.54556
1.51889
1.00551
1.4962
1.002
1.218
1.11424
0.846868
1.04664
1.11255
1.34475
1.49993
0.609923
0.539775
1.34056
1.48585
1.52833
1.17677
0.7933
1.17291
1.16883
1.20797
0.618029
1.34422
1.26906
1.22962
1.43876
0.838492
1.29957
1.38895
0.874683
1.37627
1.40385
1.49571
1.04246
0.832191
1.4284
1.26797
1.26657
1.51251
1.40152
1.36292
1.31206
0.984774
0.873459
1.11423
0.971623
1.35083
1.25869
1.53264
1.16404
1.25939
1.40519
0.950805
0.844953
0.60046
0.928356
0.732664
0.980753
1.50116
0.935225
1.54349
1.47304
0.854195
0.509887
1.30654
1.44662
1.36266
1.00886
1.54412
1.25027
1.1398
1.50134
1.45561
1.53661
1.4933
1.48181
0.966041
1.54075
1.53392
1.45629
1.39193
1.5269
0.982575
1.56066
1.42927
1.50367
1.20417
1.52873
1.00575
1.31843
1.28463
1.396
1.42112
1.29655
1.312
1.269
1.4861
1.04028
1.12367
0.658045
1.36749
1.49697
1.11883
0.977483
0.693805
1.38323
1.19153
1.42446
1.36394
1.49063
1.37615
1.31389
1.35935
0.904702
1.54638
1.28344
1.41154
1.56875
1.28939
0.498373
1.48659
1.16068
1.37235
1.18679
0.982015
0.427167
1.02393
1.46834
1.3922
0.575951
1.5184
1.44229
1.01397
0.9945
1.53811
1.3635
1.16819
1.50923
1.51738
1.40097
1.24366
1.48941
1.29583
1.56749
0.76791
1.02795
1.20744
1.29657
1.45383
1.21439
1.3833
1.55303
1.30542
1.05552
1.05703
1.33017
1.50844
1.47853
1.51006
1.05014
1.41894
0.957046
1.01366
1.28297
1.43235
1.01051
1.4273
1.53521
1.01015
0.811166
1.35676
0.755087
1.26898
1.42952
1.24567
0.733512
1.54766
1.45283
1.12489
0.756647
1.44165
1.32385
1.51134
1.37014
1.56866
1.41798
1.0785
1.07332
1.42082
0.799633
0.807166
0.864711
1.36082
1.53499
1.55474
0.812451
1.41945
0.773242
1.54577
1.43285
1.37819
1.48711
1.02524
1.25066
1.52476
0.950706
0.815994
1.50667
1.08781
0.725217
1.04374
1.14784
1.38128
1.2522
0.878773
1.35927
1.52452
0.925213
1.08176
0.893866
1.46835
1.47329
1.41668
1.4118
0.935474
0.820971
1.26459
1.28169
1.48181
1.1674
0.785762
1.39853
1.40976
1.43665
0.822773
1.56115
0.650618
1.47948
0.418815
1.2918
1.37434
1.36157
0.770541
1.03111
1.26247
1.47283
1.23125
1.13734
0.8632
1.37969
1.37444
1.40589
0.822117
1.53901
0.838111
1.15782
1.56268
1.38951
0.61325
0.936293
1.45506
0.801763
0.746104
0.69293
0.75402
1.47114
1.25496
1.46473
1.46578
1.1716
1.14261
1.4467
1.32983
1.12021
1.49167
1.41118
1.02438
1.24718
1.47847
1.38654
0.559011
1.31754
1.16119
1.53609
1.15416
1.42119
0.985595
1.10016
0.744489
1.10713
1.47701
1.32397
1.01626
1.05383
1.37702
1.15895
1.29789
1.33478
1.1671
1.42542
1.49296
1.1116
1.37957
1.33233
1.34219
1.54259
1.53801
1.49615
1.06788
0.983832
1.50694
1.45902
1.53881
1.39177
1.55688
1.41656
1.39377
0.827673
0.591278
1.41991
1.04587
1.02271
1.33818
1.20466
1.55407
1.50367
1.20715
1.37428
1.4263
1.00966
1.04105
1.14877
1.53502
0.88913
1.5512
0.985406
1.02374
1.4118
1.22993
1.11458
0.891541
1.26445
1.39137
1.19573
1.3726
1.19226
1.03449
1.3787
0.836031
0.974949
1.38445
0.9905
1.14078
1.45828
1.09412
1.50942
0.761552
0.757657
1.05375
1.18699
1.11942
0.951546
1.4194
1.45899
1.47525
1.40631
1.37291
0.633332
1.36419
1.51113
0.823009
1.43106
1.06346
1.50379
1.4916
0.879673
1.06697
1.18129
1.55969
0.784218
1.26727
0.650595
0.633346
1.44122
0.75696
1.30238
1.47007
1.00734
0.688716
0.916872
1.43999
0.77523
1.34998
1.40082
1.55731
0.661408
1.45948
1.26797
1.21995
1.25355
0.994569
0.657691
1.17181
1.49314
0.760679
1.21554
0.902834
1.23822
1.16338
1.18823
0.728154
1.0602
1.43365
1.34106
1.44578
0.374604
1.36974
1.43894
1.56729
1.02066
1.54699
1.12761
1.17502
1.13131
1.28195
1.46378
1.3346
0.777625
1.35229
0.99289
1.50006
1.06391
1.4684
1.37287
1.50283
1.49828
1.04487
1.42804
0.670999
1.34995
1.49505
1.32224
1.33235
1.33328
0.735877
0.583469
1.37148
1.0874
1.32525
1.48543
1.16459
0.964943
0.906315
1.408
1.53598
1.03097
1.34554
1.07907
0.891516
0.615962
1.10599
1.37758
1.3296
1.36412
1.1915
1.39546
1.53805
0.867394
1.48212
1.38703
0.610499
1.15378
1.2408
1.37593
1.4394
1.47538
1.08362
1.40815
0.943975
1.00554
1.40989
0.941952
1.05872
1.41687
1.54894
1.53411
1.10088
1.34488
1.24873
1.12489
1.4363
0.892728
1.46169
0.906603
1.36319
1.13574
0.969252
0.258005
1.16314
1.50722
0.998426
1.17833
1.16355
1.01872
1.38948
1.40908
0.940759
1.40147
1.25573
0.81027
1.42329
0.532356
0.63509
0.63063
1.18817
0.962184
1.28286
1.43507
1.4502
1.39279
1.32589
1.18422
0.767985
1.03783
1.3457
0.793536
1.16899
0.840719
1.44439
1.30972
1.13231
1.24783
0.803216
1.51733
1.35112
1.03792
1.08196
0.971991
0.925245
1.04331
1.27605
1.51122
0.596068
1.40877
1.47427
1.37138
1.05701
1.40477
1.10059
1.33397
1.36971
0.720858
1.07607
0.989101
1.53814
1.3803
0.789637
1.27385
1.40079
0.766571
1.52861
1.32224
0.955683
1.46464
0.945359
1.19318
1.45408
1.19127
1.38044
1.47415
1.43376
1.57006
0.941856
0.932128
1.23364
0.866976
1.48766
1.56918
1.22774
1.54353
1.22885
0.924194
1.34917
1.53261
1.51312
1.0307
1.08243
1.41458
1.55928
1.24909
1.19679
1.16471
1.35901
1.1134
1.52763
1.36213
1.35976
1.34675
1.06375
1.08189
1.50749
1.10108
1.26647
1.22213
0.957128
1.38497
1.32369
1.00335
0.982713
1.24657
1.27627
0.930072
1.26292
1.48772
1.54333
1.54232
1.23395
1.37337
1.51946
1.21191
1.46918
1.22435
1.29018
0.929075
1.24416
1.16079
1.386
1.23449
1.09106
1.43624
0.840227
0.600828
1.09971
1.20355
1.0453
1.41159
0.732319
1.33868
1.18976
1.49066
1.51957
1.18468
1.3443
1.3108
0.897612
1.20169
0.971462
1.04629
0.830138
0.800695
1.01029
1.56489
1.11612
1.52806
1.48494
1.54361
1.4199
1.47059
1.13184
0.933985
1.17498
1.50651
0.988975
1.47666
1.51944
1.03624
0.547316
0.961319
0.739471
1.27958
1.16268
1.51611
0.736644
0.70277
1.50734
1.20568
1.00473
1.16298
0.964792
0.746612
1.49155
0.840868
1.18703
1.41749
1.3726
1.52232
0.698278
1.36044
0.881829
1.53405
1.22964
1.53884
1.38423
1.10972
1.12333
1.52674
0.80498
1.23918
1.48824
0.544208
1.45398
1.37717
1.31024
1.55015
0.783348
1.26689
0.860261
1.56514
0.797169
1.06742
1.2952
1.43701
0.993777
0.945785
0.631395
1.52922
1.09696
1.51507
1.25874
1.12915
1.08369
1.48359
1.41615
1.52351
0.860035
1.21787
1.56842
0.721957
1.54644
1.31382
1.32658
1.24294
1.44693
1.2772
1.45567
1.28558
1.42246
0.832258
1.29269
1.19737
1.25747
0.911592
1.03482
1.29394
1.21976
1.53615
1.54311
1.10756
1.38335
1.32875
1.56854
1.00814
1.27134
1.37901
1.4728
1.47547
1.46384
0.592281
1.15439
1.24781
1.24151
0.974612
1.56616
1.42884
1.55493
1.2326
1.30745
1.25101
1.46071
1.52733
1.55783
1.31275
0.932313
1.28615
1.46169
1.3679
1.2892
1.56323
1.25869
1.39296
1.13479
1.49853
1.43155
1.20169
0.980436
0.97792
1.51125
0.790959
1.36619
1.16277
1.47834
1.34876
1.45302
1.02407
1.33309
0.681739
1.31963
1.50516
0.917019
1.19412
1.24332
1.35731
0.986739
1.51425
1.38237
1.46806
1.29758
1.02036
1.39844
0.780911
1.16702
1.44891
1.1234
1.14356
1.22184
1.18653
1.42533
0.968574
1.10266
1.28656
1.48431
1.536
1.48831
1.52867
1.37777
1.44153
1.39906
0.933212
1.27454
1.44682
1.15943
1.00759
0.785199
1.01845
1.16444
0.964984
1.2548
0.943291
1.17002
1.41375
1.12477
0.740729
1.20911
1.52213
1.46022
1.0755
1.41308
1.27722
1.09259
1.44589
1.31616
0.37667
1.56466
1.16356
1.49694
1.51046
1.35192
1.22579
1.24783
1.42209
1.41848
0.884511
1.31567
1.53655
1.52005
0.70651
1.08159
1.29831
1.49946
1.22962
1.49981
0.804515
1.31799
1.20085
1.45033
0.922062
1.02257
0.748714
0.99045
1.37282
1.31497
1.49027
1.33026
1.15178
1.56795
1.1656
1.43562
1.27344
1.03935
1.268
1.1023
1.48389
1.14403
1.19226
1.48109
1.34882
1.50326
0.897404
1.55781
1.07385
0.764471
1.06431
1.10003
1.47089
0.701015
1.1847
0.956882
1.16656
1.28932
1.2836
1.30454
1.23668
0.659692
1.41412
1.39503
1.4534
0.972205
1.40073
0.930819
1.46329
0.971239
0.9326
1.15672
0.675139
1.37223
1.32265
1.25374
1.45672
0.622776
1.21366
1.34256
1.52739
1.54502
1.25146
1.33265
1.32857
0.99798
1.0378
1.40825
1.21908
1.45426
1.36681
1.28087
0.899899
1.40302
1.55322
1.46498
0.799177
1.4297
1.17456
1.00764
1.34375
1.03944
1.57037
1.14001
1.09298
1.39025
0.644538
0.942014
1.11525
1.55908
1.17333
0.994642
0.899381
0.892358
1.20234
1.43904
1.0384
1.52962
1.00626
1.39986
0.685457
1.18811
1.32004
1.18992
0.96875
0.59069
1.19925
0.755227
1.43004
1.24985
0.705383
1.0818
1.36581
1.33094
0.883244
1.12881
1.00974
1.21866
1.04049
1.15999
1.51669
1.4491
1.0537
1.00017
1.45982
1.22917
1.06388
0.768251
1.11383
1.50856
1.56875
1.54388
1.16478
1.37431
1.15662
0.946337
1.26885
1.16208
1.38541
1.56909
1.51463
1.10409
1.05535
0.845941
0.915808
1.37867
1.40141
1.35354
1.27687
1.45245
1.31585
0.679893
1.2368
1.30918
0.984662
1.29967
0.946104
0.399764
1.29117
0.581998
1.45444
0.796912
0.909656
1.43562
1.38792
1.55822
0.636899
1.50373
0.795467
1.05754
1.24332
1.32768
1.25643
0.931196
1.32133
0.975296
1.28168
1.21969
0.637489
1.44618
1.39912
1.23874
0.743015
1.03027
0.926502
1.44777
1.35517
1.43214
0.838481
1.40418
1.14501
1.35781
0.678217
1.45896
1.15621
1.11437
1.19046
1.53078
0.718193
1.52198
1.13943
0.98427
1.35823
1.11284
1.39453
1.10111
1.33114
1.17255
1.42629
1.09923
1.48956
1.42436
0.814167
1.07418
1.46495
1.2977
0.93646
0.901721
0.802449
1.20784
1.41511
1.54092
1.2476
1.12586
0.913097
1.39682
1.35989
1.20588
1.25075
1.36219
1.09545
1.5364
0.880039
1.02285
1.42718
1.51046
0.342366
1.51012
0.998972
1.54162
1.19965
1.41661
1.21462
1.12523
1.48696
1.30446
1.31023
1.06414
1.27194
1.29779
1.46298
1.19986
1.34079
0.628743
1.54481
1.40682
1.22547
0.805839
1.53777
0.992966
1.55215
0.999326
1.00726
1.18273
1.26087
1.12215
1.33055
1.31969
0.837514
1.51822
1.3041
0.923492
1.34511
0.906704
1.43316
1.43651
1.23367
1.20425
1.54643
0.656286
1.08149
1.1954
0.984976
0.385266
0.717729
1.33312
1.46415
1.36026
1.43149
1.26618
1.02596
1.34025
1.43999
1.19258
1.56683
1.23743
1.03279
1.28566
0.993053
1.35695
1.22963
1.15215
1.35377
1.06403
1.11758
1.01681
1.30008
1.28734
0.972816
1.49544
1.50287
1.41415
0.77279
0.787458
1.56683
1.46855
1.50795
1.46335
1.22716
1.42324
1.53069
1.56643
1.1673
0.963564
0.710147
1.54085
0.882296
1.37347
0.620759
1.46406
0.748183
1.00088
1.19961
1.03031
1.54679
1.53369
1.24481
1.4807
1.30378
1.51877
1.16818
1.42122
0.817364
1.34401
1.13764
1.28151
1.03209
1.47574
1.16888
1.49419
1.51546
1.30378
1.02979
0.781466
1.54955
1.15425
1.11919
1.41687
0.701724
1.49143
1.27582
1.51272
1.05823
1.22865
1.23873
0.776865
1.0022
1.51125
1.56613
1.50465
1.4711
1.34093
1.15552
1.25396
1.00133
1.56574
1.32363
1.46265
1.43878
1.35056
1.11369
0.959808
1.04041
1.54977
0.910695
1.45119
0.946682
1.29309
0.928777
0.984199
1.18021
1.32177
0.952208
0.914978
1.51869
1.14465
1.46159
1.24665
0.936988
1.38982
1.14223
1.44255
0.778477
1.47994
1.45813
1.24857
1.24435
1.37615
0.97297
1.44188
1.38074
0.70916
1.50544
1.37385
1.55151
1.19373
0.92151
0.282437
1.4467
1.54076
1.1204
1.52549
1.29831
1.47237
0.534004
1.15319
0.988871
1.31859
1.3271
1.14484
1.36924
1.1886
1.1653
1.52433
1.12928
1.23913
0.617049
1.09422
1.19592
1.24058
0.892572
0.55569
1.42489
1.02733
1.06005
1.51156
1.01529
0.987064
1.14402
0.84593
1.43587
1.2798
0.765262
1.34061
0.767304
1.36679
0.965906
1.1858
1.44775
0.758322
1.37662
0.729885
1.40255
1.55403
1.50312
1.3156
1.33548
1.32202
1.55168
1.1522
1.54424
1.04537
0.918535
1.3341
1.08723
1.51834
0.688121
1.38938
1.22281
1.41939
1.09401
1.48531
1.25253
1.06416
1.37528
0.849084
1.01031
1.38181
0.931722
1.51914
1.06032
1.25904
0.86405
1.19518
1.53075
1.39511
1.03365
1.08233
0.930682
0.864898
1.33036
0.639012
1.15105
1.28258
1.29589
0.88598
1.17074
0.982185
1.39523
1.10494
1.10811
1.21826
1.17969
1.46943
0.722833
0.961174
1.00322
0.997424
1.0102
1.3492
1.18043
1.04405
1.4313
1.4981
1.55171
1.54382
1.2094
1.36519
0.333116
1.01246
1.05418
0.514368
1.3086
1.49841
0.534606
1.51088
0.459069
0.791905
1.3914
1.51489
1.28309
0.730248
1.40784
0.964433
1.17482
1.45641
1.54089
1.15588
1.50991
0.326704
0.85538
1.39899
1.1173
1.30972
1.01137
1.01802
1.29307
0.866404
1.5093
0.930111
1.009
1.51892
1.30992
1.41983
1.14045
0.507681
1.17968
1.29243
1.03277
0.636878
0.99386
1.24593
1.01276
0.990402
1.5476
1.30011
1.02045
0.634015
1.14549
1.04334
1.35879
1.08547
0.479209
1.0894
1.36413
1.24068
1.00004
1.23432
0.943851
1.32863
0.954968
1.0489
0.948795
1.52248
1.38485
1.15726
1.48633
1.49346
1.44279
1.32174
0.75008
1.15392
1.18755
1.07065
1.56416
1.00937
1.52806
1.46623
1.47675
1.32234
1.43528
0.694698
1.3166
1.27831
1.4093
1.18053
1.56083
1.34945
0.913783
1.49541
0.654872
0.753897
1.55972
1.04147
0.891591
1.01389
0.976856
0.592744
1.42119
1.12358
1.36375
1.4913
1.34143
1.50079
1.40079
1.3173
1.25946
1.31963
1.07163
1.11671
1.34231
1.05338
1.48838
1.52018
1.33461
1.54907
0.707753
1.03067
1.45592
1.51761
0.751671
1.48763
1.54082
1.4988
1.17077
1.32265
1.55203
1.25377
0.836004
1.47746
0.821986
0.687136
1.22722
1.26343
1.10949
1.22624
1.50275
1.1367
1.06417
1.56146
0.266695
0.916075
1.05399
0.866561
1.43968
1.09817
1.06409
0.71481
1.43964
0.87934
1.20927
1.21335
1.13967
1.53582
1.26738
1.21509
1.47669
1.45924
1.43195
1.14927
0.853413
1.27228
1.32561
1.24924
1.06919
0.877622
1.21468
0.68172
1.54186
0.979294
1.34831
1.54754
1.54662
0.99027
0.799007
1.38137
0.894134
1.09244
1.16099
1.27347
0.795099
1.17221
0.885399
0.927575
1.34336
1.29687
1.46028
0.374901
1.19995
1.25458
0.804887
0.649117
0.819085
1.56329
1.46771
1.30418
1.03479
1.50367
1.34513
1.54217
1.33352
0.707869
0.890646
0.920248
1.54673
1.44393
1.22521
1.36099
1.53396
1.43864
1.05419
0.499958
0.654539
0.640882
0.824934
1.49219
1.11964
1.35997
1.02719
0.912675
1.15639
0.925635
1.36482
0.948654
0.95927
1.39193
1.51174
1.32635
0.955135
0.757836
1.17769
1.16995
0.501443
1.08064
1.11812
0.976339
1.20438
1.49795
1.525
0.979805
0.510213
1.40422
1.22858
0.876388
1.29403
1.26362
1.24055
0.728596
0.987836
1.49229
1.45033
1.48273
1.39052
1.21266
1.05406
1.40413
1.52018
1.02834
1.51468
1.52827
0.650203
1.07753
1.52204
0.707955
1.25483
1.09964
1.37985
0.935186
1.17345
0.887262
1.51033
1.02653
1.11972
1.19275
1.54394
1.56478
1.42403
1.4821
1.44744
1.48714
0.704714
1.34734
0.959316
1.30762
1.15909
1.2757
1.29647
1.55639
1.31016
1.41044
0.256719
1.28357
1.10422
0.622151
1.13121
1.45082
1.53919
1.42903
0.58721
1.20281
1.01292
1.49798
1.15698
0.724519
1.20935
0.792586
1.37462
1.37913
0.909734
1.21132
1.39335
0.877124
1.53979
1.18128
1.04334
1.23548
1.20157
1.28284
1.21367
1.47157
1.4701
1.49198
1.42687
1.08657
1.46932
1.27964
1.03894
1.18385
1.38466
1.31136
1.46538
0.923709
1.05495
1.27771
0.98525
1.43885
1.53679
1.26432
1.1978
1.2165
1.3217
1.56231
1.50443
1.33281
1.25644
1.55853
1.1681
0.831496
1.22211
1.01608
1.13837
1.33353
1.2923
1.20255
0.857917
0.912175
1.32284
1.08303
1.06159
0.946158
1.26554
1.31597
1.10122
1.21826
0.535062
1.27449
1.43476
1.11624
1.34448
1.22716
1.44627
1.10776
1.15791
1.30861
1.16331
1.2348
1.27413
1.53117
1.51981
0.745976
0.644488
1.47304
1.45973
1.23735
0.957893
1.35751
0.850717
1.29714
1.04982
1.52869
1.4089
1.01816
1.16958
1.21569
1.55388
0.927179
1.41648
1.5672
1.15919
0.959016
1.27972
1.32751
0.48954
0.735503
0.806502
1.216
1.34018
1.39875
0.998826
1.39006
0.908392
0.778058
1.02706
1.3207
0.760781
1.53946
1.20019
1.26938
1.01696
1.38281
1.05273
1.2541
0.778938
0.958818
1.22018
0.93919
0.885694
1.17935
0.860073
0.886969
1.34568
0.875254
1.31238
1.38771
1.44165
1.4423
1.17549
1.40537
0.640045
1.28456
1.15464
1.37602
1.43091
1.17306
1.40726
0.565703
1.312
1.50711
1.54736
0.692021
0.815314
0.815125
1.10535
1.52219
1.17244
1.10716
1.48135
1.37677
1.1279
1.03992
1.44645
1.24808
1.46239
1.23645
1.50902
0.951557
1.13978
0.989332
0.976645
0.928627
1.45807
1.35881
1.27717
1.32945
1.49228
1.23834
1.51694
1.09806
0.858822
1.51382
1.09219
1.01445
0.82371
1.27321
1.10767
1.05882
0.970245
1.49165
1.22897
1.50601
1.38449
1.46059
0.703968
1.53861
1.44381
1.02478
1.22812
1.4379
0.827063
0.80359
0.9683
1.31659
1.36435
1.47679
1.17736
1.30112
1.1484
1.5541
1.28189
1.37758
1.2538
0.638225
1.38187
1.3928
1.30577
1.46912
1.46083
1.40543
0.983574
1.56684
0.845476
0.618935
1.15091
1.52095
0.709984
0.963417
0.946206
1.46176
1.39943
1.02129
1.09414
1.38888
1.50688
0.969259
1.02271
1.15709
1.05367
1.42206
1.52787
1.38578
1.29294
1.54076
0.65231
1.55096
0.613191
0.859438
0.97887
1.35958
1.25724
1.47703
0.898391
1.11865
1.18436
1.53838
1.4499
1.09147
1.48141
1.45143
1.30068
1.24683
1.33617
1.29491
0.889677
1.20954
1.02703
1.0583
1.32046
1.54717
1.50145
1.13952
0.826612
1.33452
1.12069
1.4494
1.2732
1.26333
0.920368
1.06909
0.85743
1.5531
1.50183
1.54214
1.45895
1.30613
1.2821
1.41474
1.46881
1.37809
1.24242
1.21491
1.14298
1.2078
1.38358
0.771333
1.35332
1.47524
1.24777
1.29808
1.54577
1.13911
1.34654
1.55841
1.00373
1.39639
1.18382
1.20236
0.284231
1.04519
1.42409
1.48218
0.762214
1.52447
0.978343
1.46857
1.01576
1.53374
0.841216
0.976452
1.18834
1.08949
0.995777
1.43052
0.797216
1.32121
1.12711
1.30751
1.38913
1.21828
1.39196
1.49189
1.43403
0.433582
0.989198
1.3768
1.01898
1.51779
1.49349
1.22001
1.52545
1.38724
1.4223
1.41557
1.30941
1.24912
1.09689
1.09483
1.26637
1.34618
1.06715
1.53785
1.03216
0.92488
1.31364
1.25
1.27449
1.29427
0.931922
1.51526
1.56483
1.50783
1.30378
1.04917
0.867962
0.956769
1.38094
1.38211
1.45027
1.40717
1.28168
1.05817
1.46935
0.648784
1.51639
1.39056
1.43815
0.763356
1.08154
0.98533
1.04793
1.02888
1.41848
1.22177
1.04033
0.937455
0.9577
0.987147
1.08105
1.13724
1.12292
0.410987
0.737913
1.05205
1.19567
0.698994
1.40593
1.55563
1.35372
1.35433
1.5581
0.936918
0.979193
1.48802
1.13373
1.21104
1.01392
1.16331
1.55865
0.791048
0.575083
1.26637
0.621653
1.39239
1.56712
0.812181
1.21338
1.40444
1.41625
1.47128
1.3892
1.11015
1.13609
1.56256
1.22505
1.12253
1.32973
1.54278
1.30353
0.746415
0.98527
1.41588
0.964515
1.40303
0.8264
1.43611
1.32957
1.45578
1.54035
0.809218
1.43285
0.609555
1.41248
1.24425
1.29529
1.04683
1.07848
0.998683
1.40877
1.44774
1.10648
1.54771
1.36884
1.24748
1.01882
1.42576
0.617588
1.54716
1.42385
1.35548
1.32939
1.38081
1.53856
1.32938
1.41093
1.22113
0.67244
1.19475
0.875607
1.48049
1.38299
1.12942
1.24364
1.03609
1.27317
1.53337
1.1669
0.943894
1.46697
1.29005
1.35161
1.00092
1.25323
0.926394
1.07579
0.905387
1.52998
1.12328
0.824205
1.32178
1.49192
1.34016
1.43153
0.678542
0.597364
1.35895
1.52604
1.33541
1.07341
1.38068
1.39158
1.54033
1.39696
0.230807
1.48423
1.21487
1.50887
1.40079
1.24235
1.45291
1.26336
1.29561
1.08444
1.23065
1.11487
1.36974
1.228
1.45466
1.03605
0.802058
1.44851
0.854184
1.27533
0.928572
0.580106
1.0049
0.717361
1.43214
1.23906
0.839151
0.538793
1.15646
1.43757
1.00184
1.33616
1.4728
0.801894
1.50471
1.11389
1.55853
1.52855
0.814229
1.16988
1.54235
1.40927
1.55645
1.46752
0.899141
1.06543
1.46795
1.20941
1.48365
0.827704
1.45177
1.04782
0.911749
1.17008
0.503455
1.08019
0.433467
1.27522
1.29606
0.720276
1.4559
1.32919
1.41372
0.932959
1.55402
0.830109
1.53221
1.39155
1.15826
1.52373
1.24519
1.39972
1.36271
0.790357
1.14174
1.14061
0.80799
1.26519
1.47096
1.2245
1.36812
1.40339
1.30182
1.0553
1.20137
1.08711
1.39084
1.56689
1.42879
1.33456
1.13921
1.50012
1.36369
1.43993
1.38715
1.44436
1.4302
1.24518
1.02471
1.48788
1.00665
1.02207
1.16213
1.23493
1.17778
1.21934
1.27972
1.13922
1.53924
1.18066
0.922264
1.52898
1.55883
0.34019
1.05955
1.13313
1.23778
1.11896
1.45985
1.41668
1.124
0.902697
1.03146
1.46771
1.16932
1.13205
0.804408
1.41588
1.00172
1.02828
1.38427
1.28169
1.47102
1.48935
0.990928
1.4609
1.41242
1.42284
1.25439
1.47507
1.19343
1.12865
1.15268
1.20353
1.18208
1.02974
0.66942
1.47286
1.13542
1.5318
0.747155
1.52974
1.47381
1.15639
0.707988
1.28615
1.24809
1.56671
1.51409
1.39011
1.09332
1.32613
0.654225
1.16212
1.46762
1.15599
1.06585
1.10003
1.56237
0.494328
1.36828
1.4211
1.54748
1.13354
1.16195
1.23868
1.07548
1.13367
1.46489
1.40846
1.40686
0.731454
1.52458
0.83039
1.50977
1.42946
0.959166
1.50095
0.616876
0.982397
1.40413
1.56405
1.09443
1.27857
1.53935
1.36051
1.12482
1.45303
0.697473
1.37999
0.334782
0.957054
1.27421
1.06856
0.962334
1.30644
1.15848
1.25259
1.04115
1.32773
1.00035
1.0536
1.29378
1.0306
1.22392
0.961165
1.30432
1.03294
1.01163
1.45936
0.851975
0.932587
1.2721
1.49336
1.29129
1.10693
1.20129
1.2741
1.24719
1.04784
0.825207
1.50917
1.24693
1.41162
0.415675
1.55815
0.552047
0.927121
0.971593
1.51963
1.1804
1.33705
1.21752
1.24635
1.55709
0.826452
1.4571
1.55773
1.07974
1.54736
1.09329
1.4043
1.25795
1.26758
1.40791
1.30834
1.20281
0.962987
1.53823
1.4265
0.925729
1.48304
0.73489
1.44897
0.874201
0.886783
1.42779
1.0152
1.22761
1.47605
1.53343
0.782345
0.78167
0.262613
0.807362
1.42979
1.5521
1.25631
1.49721
0.802556
1.39465
1.33093
0.479404
1.17506
1.13611
1.49057
0.640096
1.54522
1.0424
0.831042
0.822396
1.55334
1.33912
1.4566
1.53881
1.01869
1.32495
1.34989
1.39528
0.900717
1.39202
1.56141
1.5096
1.34367
1.04689
1.4102
0.975821
1.46034
1.49345
1.54406
1.5126
0.447317
0.941812
0.901345
1.09058
1.52476
1.09063
0.844302
1.22443
1.42483
1.03241
1.55157
1.4122
0.94222
1.20327
1.5371
1.52603
1.29925
1.11509
1.21844
1.21353
1.30144
1.16058
1.29278
1.19119
1.25655
1.48089
0.874455
1.24638
1.39366
0.969449
1.04247
1.42613
0.922012
1.10443
1.33262
1.261
1.56137
1.29867
1.54472
1.50532
1.20548
1.48408
0.871941
1.48468
1.48837
0.918663
0.898166
1.53172
0.746779
0.961557
1.31739
1.37361
1.24525
1.5335
0.859007
1.20143
1.33199
1.33981
1.31771
1.39062
1.20771
1.1226
1.32139
0.539235
0.503607
1.43152
1.47777
0.650045
1.26006
1.23308
1.41639
1.3487
0.704328
1.39094
1.20424
1.30855
1.37252
1.46556
1.56779
1.41427
1.3307
1.35341
1.12711
1.40623
0.698992
1.14849
0.968135
1.25181
1.00373
1.56213
1.45647
1.19261
1.07753
1.00523
0.938301
1.4454
1.21413
1.13337
1.49645
0.836818
1.45746
0.766866
1.30808
1.14713
1.32774
1.41823
1.22524
1.27558
0.977239
1.55346
1.35701
1.25169
1.17333
1.39689
0.754789
1.10887
1.35383
1.01758
0.9939
0.928455
1.51394
1.48745
1.11165
1.2494
0.779899
1.40271
1.32454
1.10335
0.953481
1.09154
0.918831
1.13475
0.548782
1.06836
0.89558
0.834774
1.24351
1.41174
0.913469
1.3954
1.01984
1.20053
1.50544
1.07156
1.15744
1.16281
1.22377
0.489134
1.1018
1.19815
0.997332
0.630547
0.908703
0.9082
0.931778
1.40769
1.34401
1.30975
1.25596
1.30457
1.52232
0.607929
1.512
0.91873
1.18903
1.51596
1.32957
1.52974
1.34898
1.21969
1.05121
1.44936
1.34613
0.923912
1.36675
1.12318
1.2844
1.51759
1.07117
1.08581
1.21106
0.879307
0.975342
1.53978
1.17286
1.34607
1.10394
0.839787
1.01243
1.53634
1.24751
1.41909
1.48567
1.15156
1.46314
1.40889
1.26227
1.35595
1.54012
1.09704
1.17882
1.20803
1.0003
0.483225
1.55082
0.561568
1.2635
1.30609
1.53646
1.55505
1.49258
1.05738
1.22236
0.882164
1.09401
1.42002
0.895201
1.39044
1.0119
1.15559
1.01439
0.881633
1.55987
1.43383
1.37288
1.17204
1.57052
1.45063
1.43296
1.36176
1.49813
1.49424
1.14288
1.4231
1.07565
0.963248
1.34688
1.21728
1.01667
1.33064
1.27098
1.15893
0.749497
1.30463
1.51072
1.20408
1.49204
1.24042
0.888224
1.05043
0.812038
1.0048
0.868867
1.29352
0.883499
1.39822
1.42457
1.46337
1.10312
1.39124
1.40593
1.43796
1.05031
1.46357
1.50085
0.571418
1.48478
1.33472
1.25021
1.48547
1.48717
0.83938
0.776862
1.03152
0.84111
1.39645
1.50211
0.901585
1.57072
0.592007
1.45498
0.728877
1.38938
1.1816
1.47219
1.01912
1.29785
1.09756
0.945856
1.07917
0.985684
0.848454
0.956391
1.41532
1.28303
1.39986
1.52067
0.764126
0.681784
1.52977
1.44737
1.08319
1.42496
0.930604
1.27467
1.46878
1.15385
1.5291
0.756233
1.44424
1.51189
1.106
1.48175
0.676063
0.555126
0.718583
1.29053
1.53423
1.15565
1.40543
1.35408
1.31376
1.30441
1.20012
1.54467
1.31512
1.13152
1.41045
1.23532
1.45659
0.921253
0.925572
1.33912
1.27209
1.54549
1.44719
1.36719
1.44338
0.918702
1.31894
0.959439
1.12092
1.45601
1.49905
1.46194
1.43001
1.22357
0.623158
1.52253
0.895746
1.11998
0.808972
0.687016
0.816209
1.43021
1.52488
1.22294
1.36407
1.34032
1.38227
0.308378
0.744909
1.49026
1.51
1.04004
1.40961
1.36432
0.600241
0.777265
0.985758
1.23389
1.32769
0.998245
0.931363
1.07392
0.589478
0.810477
1.13623
1.04881
1.51614
1.36867
1.02803
1.54913
1.51795
0.848675
1.51211
0.850998
1.23899
1.56829
1.34867
1.469
1.32089
1.53763
1.26406
1.35989
1.54491
1.42249
1.3219
1.29627
1.21788
1.11474
1.1918
1.51333
1.52348
1.55618
0.952146
0.912907
0.936522
1.43038
0.896899
1.51775
1.20737
1.33882
1.36781
1.55114
1.12464
1.16206
1.3351
