1.22437
1.15862
1.44159
1.54717
1.46083
1.50971
1.5369
1.28366
1.55722
1.47587
0.948362
1.23777
1.17954
1.44276
1.47212
0.943573
1.30934
0.737689
1.4758
1.42131
1.54388
1.44461
1.46697
1.21853
1.53997
1.17064
1.53991
1.53893
1.38974
1.04139
1.30568
1.37795
1.50263
1.4089
1.37792
1.53704
1.08851
1.35533
1.44621
1.5534
0.842097
1.24995
1.10185
1.3631
1.51015
0.873811
1.35411
0.966511
1.07363
1.21528
1.3523
1.54693
1.09408
1.38078
0.702766
1.33535
1.11292
1.35876
1.17515
1.30074
1.1599
1.07585
1.52149
1.37335
1.19993
1.1373
1.04304
1.05163
0.811519
1.32964
1.12723
1.35176
1.51593
1.53026
1.54833
1.02143
1.13251
1.2497
1.10883
1.47354
0.615258
1.42033
1.15845
1.22793
0.793493
1.15569
1.48708
1.47611
0.757857
0.872368
1.39385
1.45506
1.40723
1.42801
1.42193
1.22844
1.5338
1.41569
1.47547
1.2169
1.16876
1.21963
0.871505
1.33629
1.525
0.936227
0.966009
1.19248
1.33547
0.839442
1.30194
1.22093
1.34124
0.901138
1.01608
1.56066
1.49009
0.946127
0.964876
1.27554
1.53392
0.927624
1.44208
1.009
1.22554
1.33252
1.11428
1.54665
1.51504
1.20392
1.51935
1.02774
1.14893
1.19058
1.32976
1.27219
1.12149
0.995753
1.35614
1.36166
0.894972
1.19737
0.694514
1.51883
1.5707
0.95168
1.11061
1.36731
0.950341
1.26688
1.1918
1.39624
1.01718
0.881958
1.02114
1.35626
0.598086
0.664036
1.30166
1.343
1.25879
1.25368
1.56456
1.15432
1.11921
1.46935
1.49844
1.40543
1.35873
0.930365
0.922454
0.85193
1.19235
1.55168
1.28341
1.44011
1.25078
0.90377
1.42631
1.5115
1.14629
1.21598
1.28423
1.12217
1.33071
1.30435
1.07977
1.45171
0.859795
1.19659
1.1377
1.30606
1.45008
1.25005
0.91428
1.29596
1.45309
1.55224
0.633621
1.33304
1.07197
0.884989
1.26726
1.32681
0.951602
1.48334
1.27691
0.984569
1.42593
0.711674
1.33089
0.672282
1.13804
1.19045
0.717803
1.20681
1.22067
1.26708
1.48768
1.19789
1.13009
0.928311
1.34685
1.00414
1.3341
0.608688
1.55029
1.29599
1.20365
0.598579
0.938738
0.575842
1.27327
1.48181
1.29808
1.38519
1.54272
1.08105
0.920983
1.42426
1.06683
1.37845
1.19235
0.994571
1.4691
1.23299
1.39686
1.45769
1.26945
1.5486
1.44451
1.22586
1.23916
0.463914
1.33183
1.05444
1.21084
1.40116
1.48402
1.30865
1.36333
1.02921
1.06905
1.41458
1.26317
0.802357
0.591102
1.32693
1.27117
1.31098
1.21402
1.38616
1.47912
0.764608
1.16281
0.774077
0.689316
0.99093
1.36877
1.30163
1.02448
0.968994
0.92945
1.34055
0.770469
1.26817
1.34266
1.54403
1.22437
1.01424
1.23173
1.49802
1.3096
0.835968
1.42082
1.53304
1.46802
1.09611
1.03183
1.38676
0.503382
1.03669
1.20859
1.03542
1.24746
1.21637
1.23071
1.41514
1.53282
0.7354
1.47293
1.54943
1.24805
1.52939
1.37372
1.18017
1.26516
1.42773
0.784136
1.11634
1.17208
1.3158
1.22842
1.51085
1.47194
1.51559
0.932584
1.26189
1.1366
1.04303
1.24274
1.25172
0.606584
0.988776
1.3192
1.1205
0.409041
1.29922
1.00121
1.10715
0.637241
0.727283
1.52512
1.00059
1.28609
1.06515
0.768981
0.604932
1.06787
1.41971
1.29935
1.53682
1.01258
1.53282
1.40147
0.501785
0.841459
1.08029
1.44415
1.54079
1.14409
1.44565
1.54583
1.54781
1.5481
1.37537
1.51408
1.56835
0.257807
1.05375
1.03432
1.3319
1.29507
0.763677
1.11035
1.48451
1.17915
1.36592
1.18751
1.38957
1.43205
1.26918
1.01274
1.22664
1.20972
1.50459
1.2585
1.0541
0.576479
0.703393
1.29249
0.771941
1.31244
0.916025
1.49769
0.985703
1.39447
1.28156
0.995737
1.10663
0.999518
1.23429
1.27135
1.40906
1.04013
1.48757
0.860428
1.24347
0.744755
1.32731
0.957486
1.37099
1.02913
1.41109
0.945755
1.37957
1.46034
1.27592
1.29782
1.53233
1.15231
1.29707
1.06048
0.587161
1.23533
1.56915
1.10121
1.48794
0.606714
1.25317
1.52928
1.05507
1.34454
1.45048
1.15412
0.61119
1.20999
0.776576
1.40791
1.03718
1.24661
1.48301
1.10623
1.36475
1.07133
1.40707
1.5137
1.38845
0.804559
1.21941
1.06411
1.27021
1.40296
0.622811
0.953895
1.49789
1.22896
1.48555
0.869822
0.929781
1.04691
1.20294
1.48699
0.960334
0.675954
1.55883
1.30175
1.14958
1.1996
1.25053
1.42841
0.800222
1.52678
0.712368
1.0212
1.44221
0.721819
1.33165
0.684696
0.506979
1.05191
0.954498
1.29466
1.4566
1.04989
1.34154
1.00545
1.0223
1.40967
1.51027
1.14777
1.43389
1.19769
1.47059
1.18244
0.937248
1.53395
1.42434
0.871411
1.37557
1.24068
1.35208
1.53172
1.23531
1.44681
1.23188
1.33001
1.56829
1.488
0.69498
1.50761
1.52152
1.36859
0.940152
1.04036
0.845693
0.997697
1.14757
1.39626
1.11453
1.54614
1.10412
1.24168
0.985
1.10818
0.971943
0.669598
1.4883
1.11618
1.01936
1.56317
1.29415
1.54791
1.33463
1.50923
0.883832
1.11482
1.51613
1.07994
1.04359
1.48356
1.30226
1.37969
0.950035
1.49596
1.21657
1.02742
1.18922
1.32687
0.723218
0.953478
1.36512
1.35876
1.07217
1.03116
1.17083
1.54137
1.55212
0.944045
1.29203
1.55102
1.22939
1.36463
1.16862
1.56384
1.35441
1.5258
1.20797
1.47777
1.49287
1.34738
1.52262
1.32126
1.15712
1.1169
1.48218
1.53728
1.40048
1.29364
1.17246
1.39149
1.32369
1.17875
1.28805
1.38044
1.37447
1.56575
0.779795
0.932681
1.47666
1.33839
1.12522
0.591292
1.41322
1.48772
1.22923
1.25862
1.49194
1.24235
1.272
1.40506
1.34908
1.29565
1.25213
1.55099
1.35489
1.07717
1.04804
1.43918
1.4385
1.50042
0.740392
1.40045
1.26291
0.788537
1.08181
1.48702
1.33271
1.47127
1.34995
1.23396
1.50927
1.48742
1.54217
1.14617
1.55502
1.20274
1.34526
0.944492
1.03031
1.14927
1.4227
0.623389
1.56726
1.46096
1.46139
1.12252
1.22865
1.41681
1.17473
1.5628
1.28442
1.41118
1.29411
1.17532
0.962402
1.30801
1.37223
0.658222
1.2258
0.808634
1.17551
0.833338
1.15272
1.40484
1.41415
0.914088
1.15586
0.929568
1.51657
0.906776
1.53142
1.20457
1.51694
1.21221
1.45397
1.43463
1.00365
0.871933
1.50963
0.869023
1.40116
1.35862
1.42304
1.46573
1.50046
1.55033
1.4368
1.53548
1.22372
1.44596
1.21031
1.06019
1.2771
1.34554
1.13724
0.896545
1.38474
1.41993
1.28439
1.32297
1.11247
1.31843
0.939404
0.974644
1.37216
1.19599
1.35458
1.19147
1.45426
1.4663
1.34704
1.35527
1.53954
0.68362
0.823792
1.31787
1.55285
1.30711
1.35812
1.27589
1.49412
1.38234
1.48699
1.26381
1.22688
1.17409
1.00532
1.1864
1.228
0.780919
0.62971
0.744219
0.73612
1.39485
0.829526
1.51345
1.31673
1.04339
1.2049
1.02512
1.52702
1.42153
1.482
0.953768
1.25785
0.48155
1.04585
1.37935
1.55694
1.29967
1.45629
1.43075
1.47062
1.45767
1.05337
0.86441
1.12723
1.34895
0.782523
1.34976
1.40368
1.4265
1.27573
1.23984
1.22469
0.785805
1.09738
0.848879
1.36063
1.04402
1.47071
1.45744
1.06019
1.05372
0.996967
0.785151
1.44061
1.47563
0.981521
1.42617
1.54534
1.45306
1.16866
1.2326
1.5436
1.30855
1.44873
1.18058
1.41669
1.55361
0.563383
1.16963
1.11136
0.89409
0.887656
1.28955
1.08479
1.33077
1.21586
1.27095
0.840571
0.773044
0.980961
1.50454
1.0045
1.40011
1.29359
0.97176
1.06911
1.45629
1.40266
1.37385
1.45388
1.46341
1.16118
1.37273
1.54931
1.33202
1.53692
1.35726
0.899332
1.0175
1.04494
1.55371
1.57019
1.35148
0.957273
0.829349
0.942885
0.93842
1.47734
0.561676
1.49896
0.587328
1.34407
1.46397
1.57006
1.5089
1.23958
1.35873
1.33315
1.14196
0.856055
1.03066
0.479525
0.83229
1.53893
1.48445
0.511947
1.04818
1.21416
0.490346
1.12902
1.33817
1.28635
1.08218
1.00018
1.51944
1.49354
0.985786
1.53795
1.24228
1.42615
0.70691
1.50862
1.12773
1.3879
1.15305
1.52354
1.07987
0.921443
1.46274
1.45011
1.20231
1.02949
0.670319
1.41841
1.05128
1.36612
0.969759
1.31446
1.20176
1.52183
0.434022
0.433379
1.51767
1.24325
1.28982
1.30979
0.928848
1.05571
1.02795
1.19763
1.55297
1.52565
1.52675
1.4463
1.13383
1.14582
1.41369
1.36319
1.47157
1.11675
1.52012
0.913171
0.956667
0.865854
1.19061
1.13379
0.968964
1.47317
1.20032
1.31626
1.36768
1.16454
1.48183
0.950848
1.39587
1.37814
1.28583
1.24897
1.30464
0.812964
1.52335
0.869929
1.51788
0.851372
1.30978
1.0717
1.51938
1.52702
1.15672
1.12425
1.50069
1.47801
0.647153
1.05602
0.779707
0.978037
1.37195
1.47231
1.19232
0.6154
0.96873
0.925795
1.06856
0.511997
0.983527
1.00264
1.17587
1.27088
1.02408
1.5035
0.759856
1.29206
1.51547
0.626083
1.4092
1.32132
0.709126
1.18659
1.48591
0.662053
0.928311
1.50498
0.71397
1.30643
1.50165
1.21035
1.13066
0.727483
0.928011
0.563958
0.728829
0.5564
1.15858
1.3945
0.945149
1.03836
1.53521
1.4186
1.06382
0.869294
1.14938
1.17319
0.804319
1.53221
1.22878
1.12976
1.23318
1.49883
1.06794
1.5346
1.01517
1.19054
0.617127
1.1683
1.23792
1.28519
0.974541
1.43288
0.324952
0.483762
1.2608
1.3959
0.598705
1.29656
1.45162
0.995743
1.15733
1.13919
0.912508
0.897268
1.2017
1.42977
1.19021
0.944145
0.946489
1.08102
1.50338
1.16451
1.55804
0.992281
1.40283
1.18844
1.09126
1.18581
1.56259
1.2944
0.990125
0.955621
0.909303
1.4596
0.812925
1.272
1.28519
1.26892
1.52012
1.52946
0.667228
1.4403
1.03105
1.11301
1.55712
1.09635
1.48898
0.9533
0.88523
1.28644
0.764872
1.29637
0.930468
0.833134
1.04959
0.939635
1.23641
0.860748
0.805995
1.04951
1.34695
0.846184
1.36115
1.53069
1.29326
0.954148
1.42385
0.986464
1.36974
1.12462
1.48429
1.10419
1.37867
1.36201
1.17498
0.961772
0.927144
0.97173
1.27238
1.30808
1.05983
1.41267
0.954371
0.576937
1.46587
1.36248
1.33384
1.28513
1.21051
1.33528
1.14854
0.982265
1.45243
1.07774
0.93379
0.994371
1.53282
1.01861
1.32108
1.36999
1.46231
1.21742
1.09716
1.31605
0.799263
1.2601
1.51608
1.1753
1.48794
1.5092
1.13966
1.0545
1.16131
1.21732
1.39667
1.56738
1.49513
1.47017
1.482
1.54925
1.39633
1.25887
0.660267
0.757041
0.932644
0.951015
1.38049
1.32592
1.46543
1.25633
0.921754
1.5454
1.49905
1.05513
0.890503
1.46565
0.924197
1.15352
1.06737
0.69053
1.48714
1.54226
0.681247
1.32863
1.13717
1.27177
0.862525
1.13899
1.56768
1.21318
1.46734
0.655637
0.780296
0.96647
0.936646
1.30185
1.15346
0.787566
0.741707
1.41532
1.00421
1.35765
1.3679
0.937393
1.31194
1.49076
1.17511
1.44239
0.974502
1.52726
1.34754
1.3457
1.26404
1.49718
1.55364
1.24334
1.517
1.50401
1.10641
1.35001
1.56005
1.21859
1.16031
1.45137
1.15415
1.08947
0.754309
0.972133
1.25753
1.21839
1.54087
1.08706
1.40758
1.33419
1.36354
1.16783
1.06061
1.01678
1.14422
1.09885
1.53893
1.12165
1.31458
1.04169
1.50203
1.38721
0.503278
0.995261
0.813515
1.38592
0.971655
1.14169
1.4558
1.39331
1.31411
1.48331
0.894326
1.05609
1.56955
1.38715
1.06087
0.725496
1.40951
1.46869
0.831086
1.2399
0.844057
1.43217
1.55885
0.543641
1.10244
1.33322
1.34194
1.103
0.976721
1.29383
1.50446
1.09193
1.51381
1.37049
1.51564
1.33472
1.28274
1.10047
0.690031
1.01855
1.53072
1.52458
1.27289
1.22637
1.46482
1.1276
1.36275
1.40227
1.56414
1.30903
1.42033
1.17228
1.39341
1.48484
1.30916
0.898149
1.2887
1.00661
1.31824
1.36133
1.16776
1.45844
1.30633
1.16889
1.17365
1.42385
0.86102
1.10033
1.04692
1.06346
1.54171
1.51675
1.39087
1.01159
1.32366
1.25791
1.20294
1.29383
0.514119
1.49602
1.34328
1.3596
1.29029
1.54183
1.50159
1.29526
1.49703
1.37475
1.45913
1.14154
1.42725
1.5686
1.15746
1.43359
1.0028
1.4447
1.12516
0.878194
1.07168
1.02777
1.32957
1.29865
1.343
1.26407
0.926675
1.33281
1.27749
1.23942
1.09473
1.52311
1.42958
1.55993
1.44061
1.43442
0.843969
0.892846
1.12638
1.3161
1.18391
1.28398
1.12739
1.33692
1.02015
1.12591
1.42378
1.39738
1.31301
1.36126
1.4273
0.701351
1.25843
1.4542
1.27927
1.48769
1.48242
0.928643
1.2205
1.54504
1.39602
1.09037
1.11464
1.48022
1.15819
1.49216
0.825208
1.37092
1.46249
1.3247
1.4215
0.789744
1.19854
1.52697
1.08558
1.53783
0.791449
1.20889
1.20052
1.4358
0.858241
1.44984
1.24527
0.990621
1.53105
0.998942
1.49758
1.35227
1.24374
0.973401
1.26263
1.33554
1.19855
1.21504
0.901396
1.18189
1.09057
1.3126
1.2913
0.649116
1.14852
1.14388
1.34823
1.05781
1.54784
1.20768
1.54266
1.50662
1.13976
1.31471
1.42659
1.52598
1.52409
1.31295
1.11706
1.04423
0.861875
1.40531
1.55209
1.14039
1.54449
0.970788
1.51975
1.25837
1.30318
0.743256
1.36089
1.21352
1.30549
0.691507
1.27135
1.30825
1.29738
1.48745
1.28373
1.49532
1.18479
1.41614
1.344
1.45491
1.09875
1.26837
1.54247
1.3542
0.889162
0.741918
1.36556
1.45113
1.40747
1.07367
1.34087
1.54719
0.781862
1.48791
1.34231
1.04041
1.34914
1.20362
1.53747
1.28729
1.34801
1.17689
1.16968
1.51449
1.44164
0.714611
1.36326
1.13016
1.38876
0.734961
1.42446
1.45967
1.19002
0.995826
1.57
1.48665
1.38391
0.847913
0.682634
1.28577
1.42786
1.23013
1.09422
1.52989
1.10171
1.42714
1.03943
1.36809
1.48561
0.922235
1.14197
1.47752
0.862596
1.01271
1.01229
1.3132
1.27933
0.952019
1.22229
1.39844
1.08686
1.40611
0.60773
1.43602
1.20287
1.46176
0.870942
0.935032
1.48776
1.4347
0.728581
1.04607
1.13364
0.763499
1.09312
1.31524
1.53673
1.51388
1.20287
1.54638
0.992807
1.33272
0.927866
1.15238
0.990416
1.2778
1.29491
0.825049
0.979596
1.19826
1.20842
1.5349
1.47728
1.51226
1.52115
1.12556
1.56557
1.35114
0.90571
0.698398
0.906007
0.891955
0.904406
1.28194
1.11424
1.54577
1.31041
1.4165
1.26093
1.34838
0.72408
0.504364
1.47194
0.983778
1.2037
0.80982
1.51645
1.25524
1.15652
1.22965
1.45273
1.51394
1.09006
1.19745
1.13639
1.4467
1.4273
1.44396
1.46713
1.49414
1.29526
1.4063
1.55908
0.541374
1.39614
1.42563
1.46801
1.35164
0.781232
1.44316
1.27608
1.41763
1.33309
0.979326
1.48362
0.755239
1.53814
0.995654
1.04268
1.43303
1.1833
1.31088
1.20522
1.39627
1.41072
1.39192
1.18564
1.25955
1.35627
0.746273
1.37767
1.43443
1.15485
1.49043
1.21039
1.53062
1.21377
1.10549
1.14878
0.918127
1.14944
1.44276
1.4305
1.07873
1.38373
1.23916
1.51718
1.55132
1.32913
1.44879
1.3445
0.954753
1.34501
1.32158
0.789416
1.52094
0.854688
1.09682
1.25091
1.29225
1.12462
1.42705
1.32026
1.5364
1.15165
1.45199
1.44953
1.5643
1.37263
1.47912
0.721615
0.849365
1.14804
0.759288
1.48396
1.33102
1.14965
1.31477
1.29821
1.43845
1.17233
0.791254
1.37256
1.05084
1.40438
1.47142
1.45321
1.4403
1.00892
1.30302
1.10286
0.81057
1.35264
1.05216
1.36151
1.42248
1.12715
1.52925
1.47884
1.22768
0.834998
0.857712
1.51642
0.955087
1.52051
0.681997
1.39689
1.55483
1.15064
1.3241
0.640258
1.46857
1.30713
1.46624
0.833308
1.40512
1.09969
1.29643
0.729341
1.3218
1.04593
1.2558
1.20776
1.47446
1.08914
1.56982
1.26221
1.00683
0.866908
1.38224
0.791919
1.13621
1.10649
1.24055
0.574086
0.877503
1.19101
1.42372
1.33621
1.30201
1.53936
1.0255
0.840927
0.804492
1.06005
1.0173
1.19376
1.34522
1.41832
1.32856
1.03482
1.39047
1.44602
1.41403
0.547246
1.16118
1.31975
0.668979
1.39404
1.1661
0.700917
1.24831
1.18324
0.837195
1.47231
1.48322
0.824078
1.51853
1.2822
1.43759
1.43825
0.914862
1.06179
1.33058
1.34369
1.16771
0.854171
1.3828
1.53808
0.840885
1.47869
0.73939
1.045
1.55128
1.24086
1.51773
1.218
1.50587
1.42471
1.01431
0.913323
0.994728
0.841382
1.49048
0.942491
1.2146
1.12468
1.49673
1.37929
0.744926
1.12685
1.56314
1.19692
1.38467
1.33773
1.1259
1.21494
1.56842
1.49235
1.09737
1.53322
1.46611
1.20934
1.11642
1.54241
1.27366
1.17419
1.28764
1.4891
1.22705
1.56228
0.837032
1.38113
0.970569
0.867198
1.53624
1.22434
1.1564
1.39413
1.56829
1.35511
1.19008
1.44541
1.34234
0.822708
1.54519
1.14971
1.54577
1.31676
1.44418
1.07545
0.609751
1.27688
1.49094
1.0361
1.50605
1.5029
1.05768
0.914458
1.42088
0.854099
1.482
1.42588
1.19475
1.24757
1.24209
1.16451
0.760138
1.39918
1.3253
1.4653
1.42326
1.00515
0.997181
1.56228
1.09765
1.10399
0.512152
1.51437
0.779822
1.46218
1.4902
1.56842
0.806624
0.679826
1.0108
0.677832
1.41217
0.886303
1.34093
1.54253
1.46329
1.31685
1.43562
0.899171
1.03212
1.50342
1.54565
0.695765
1.55395
1.08734
0.779692
0.838319
1.51971
0.551171
1.3238
1.16859
1.42317
1.45801
1.43015
1.35677
1.16643
0.947113
1.53398
1.19176
1.47735
0.94708
1.49033
1.3547
1.46348
1.45767
1.22845
1.12736
1.50838
1.53176
0.677034
1.48586
1.42403
1.5261
1.01167
0.841118
0.594308
1.23367
1.51235
1.49112
1.30947
1.32107
1.47789
1.47151
0.805091
0.907329
0.803354
0.961974
0.728276
1.42939
1.51688
1.45371
1.19067
1.48886
0.5469
1.49066
1.34382
1.47626
0.325564
0.96978
1.46058
1.1767
1.39354
1.47918
1.2281
0.935584
1.13724
1.43974
0.724945
0.829939
1.4546
1.38907
0.811561
1.27844
1.4318
1.56915
1.31452
1.34382
0.815491
1.44756
1.24866
1.46829
0.992417
1.34369
1.31679
0.951447
1.53221
1.49437
1.29117
1.47628
1.41823
1.12285
1.40361
0.811841
0.984877
1.54772
0.960006
1.17088
1.42064
1.32809
1.25748
0.971652
1.13781
1.18811
1.50596
1.54412
0.873195
1.49039
1.49835
1.3172
1.26381
0.939714
1.30311
1.24425
1.56079
1.29147
0.661853
1.33661
1.18073
0.896468
1.38876
1.08173
1.13151
0.785313
1.45733
1.23499
1.43664
0.781579
1.37546
1.28928
1.56939
0.933028
1.54656
1.51688
1.27244
0.982964
1.44288
1.3635
1.32491
1.30854
1.31382
1.14726
1.20729
1.49935
1.46823
0.827305
1.36406
1.24519
1.4307
1.48402
0.898017
1.53777
0.865126
1.43741
1.09798
0.841784
1.53624
1.51847
1.34012
1.14238
0.848781
1.39975
0.700062
1.52088
1.51492
1.0245
1.56579
1.14663
1.09766
1.38858
0.977598
1.54174
1.5085
1.43448
1.28092
1.54836
1.05371
0.978113
1.54141
1.5077
1.26708
1.40698
1.13314
1.3425
1.17055
1.4981
1.31893
1.24911
1.28621
1.2664
1.55889
1.12108
1.18232
1.47136
1.42594
1.08092
0.904684
1.00827
1.43161
1.31092
1.11098
1.42166
1.19022
1.26426
1.40274
1.50749
1.38373
1.28538
1.3096
1.11369
1.44279
1.14267
1.46004
1.18123
1.00105
1.53343
0.629142
1.45309
0.898022
1.1017
0.963973
0.830108
1.55841
0.984666
1.31149
1.32372
1.26915
1.49219
1.20065
1.31256
1.341
1.38495
1.191
1.22372
1.50978
0.547099
1.10346
1.44798
0.594791
0.95088
1.44651
1.31806
1.11809
1.51672
1.52018
1.53093
1.50269
1.28195
0.948292
0.436642
1.54606
1.34749
1.48481
1.39918
1.56677
1.49708
1.53353
1.46986
1.52849
1.49094
1.34989
1.30443
0.98274
1.34146
1.40845
1.16251
1.15322
1.20572
1.47194
0.888947
1.22282
0.71709
1.39791
1.44565
1.18838
1.22236
1.52537
1.47795
1.36434
1.25663
1.51648
1.0441
0.830567
1.36955
1.28284
1.42816
0.837492
1.26612
0.846936
1.53646
0.433718
0.873604
0.847983
1.50881
1.4974
1.46047
1.03744
1.01964
1.23405
0.706229
1.12567
1.30068
1.47409
1.22061
1.28381
0.920387
1.42848
1.48377
1.51804
1.55364
1.41647
0.600281
1.17332
1.17641
1.02048
1.2667
0.987674
1.26658
1.49336
1.50654
1.50699
1.24061
1.33233
0.680565
0.966415
1.54027
1.35632
0.568042
1.19814
1.20333
1.30915
1.16215
1.26519
1.23868
0.830072
1.2661
0.978108
1.41832
1.44613
1.09888
0.931689
1.3297
0.967448
0.54441
1.41211
1.51003
0.875741
1.42424
1.31994
1.36588
0.889786
1.50449
1.41502
0.709467
0.625531
1.08783
1.47022
1.33196
1.48267
1.55932
0.959297
1.56823
1.55325
1.33383
1.56664
1.47265
0.839616
1.53357
0.671335
1.52726
1.4976
0.887393
0.905785
1.31793
1.34344
1.54153
1.18054
1.24145
0.91294
1.52554
1.17564
1.41795
1.33905
1.27525
1.2435
1.47722
1.10791
1.48365
1.11185
0.644034
0.985127
1.15818
1.45795
0.768253
0.911448
0.350463
1.09023
1.26321
1.48457
0.775409
1.32531
1.39868
1.38411
1.4105
1.32529
1.29221
1.13174
1.04395
1.15178
0.850933
1.28608
1.05483
1.36781
0.913058
1.02164
1.46464
1.56549
1.20327
1.10146
1.21702
1.33139
1.27118
1.34519
1.40661
1.5217
1.35001
1.15178
1.35627
1.33504
1.44841
1.41557
1.39828
1.09073
1.52097
1.56487
1.50376
1.27206
1.17279
1.07811
0.99829
1.39459
0.991948
0.81544
1.53185
1.02849
1.51205
0.703472
1.13924
0.791716
1.48831
0.992263
1.29369
0.835124
1.54894
1.09238
1.10331
1.28646
0.830862
1.40982
1.20692
1.28016
0.569193
1.42792
1.52403
0.9011
0.392569
0.850421
1.40376
1.24093
1.15265
1.24892
1.4342
0.728286
1.36402
1.26387
1.24028
0.966804
1.40153
1.54272
1.3166
1.04261
1.24161
1.18851
0.457361
1.33347
1.19054
0.974716
0.655626
1.37925
1.22296
1.2181
1.35159
1.24249
1.37509
1.39961
1.36756
1.38659
1.293
1.03358
0.861322
1.38895
0.905784
1.31789
1.10785
0.823299
0.833424
1.40413
0.921079
1.40424
0.894674
1.29729
1.26608
1.19103
1.23871
1.51266
1.39031
0.341579
1.45875
1.5316
1.47255
1.3552
1.47268
1.29485
1.56274
0.668657
1.34175
1.53038
0.68704
1.54205
1.52974
1.05106
1.29764
1.47553
1.21064
1.52122
1.52239
1.37895
0.79367
1.21684
1.12286
1.34128
1.37447
0.771779
1.50702
1.36893
1.48189
1.5536
1.0938
1.55291
1.38628
1.52161
1.15882
1.51747
1.09618
1.56785
0.664349
1.0569
0.797143
1.02011
0.871333
1.44851
1.24664
1.50153
1.55432
1.36556
1.41539
0.798084
1.52216
1.53814
1.17948
1.48861
1.2771
0.915388
0.737223
1.23124
0.880391
1.14006
0.965408
1.3258
1.02942
1.18522
1.46938
1.37005
1.35211
0.804662
1.34764
1.07698
1.28392
1.28507
1.15038
1.34288
1.09668
1.27535
1.15116
1.52256
1.43931
1.36767
0.914774
0.816224
1.49749
0.763662
1.12415
1.46907
1.19901
0.937823
1.1472
0.922832
1.01849
1.48941
1.39683
0.794615
1.5072
0.68203
1.47556
1.28414
0.758234
1.50978
1.56915
0.971881
1.24983
1.09601
1.02257
1.14283
0.968397
1.08167
1.23397
0.855037
0.772057
1.50614
1.53879
1.42298
1.52635
1.13192
1.25978
1.31854
1.13972
1.07322
1.36182
1.45567
1.29205
1.01521
1.16862
1.50006
1.54797
0.790977
1.40005
1.3219
1.3512
1.02984
1.19022
1.33987
1.32447
1.5305
1.4427
1.50312
1.06428
1.14227
1.26307
1.03589
0.90261
1.09016
1.48628
0.83076
1.49278
1.26368
1.19933
1.47728
1.04114
1.2196
1.44215
1.5371
1.3393
1.36232
1.02866
0.937955
0.887236
0.885526
1.43537
1.49449
1.34773
1.20856
1.13881
1.25143
1.18074
1.14187
1.56825
1.07357
1.33774
1.51941
1.51596
1.28051
1.36706
1.55142
1.18903
0.710168
1.20824
1.41861
0.960772
1.03325
1.37276
1.27678
1.45795
1.34557
0.613725
0.938005
1.34619
1.29039
1.3941
1.05616
1.55944
1.40648
1.45647
1.14398
1.56959
1.00762
1.34112
1.56586
0.863518
1.55462
1.19297
0.839455
0.491132
1.07211
0.883311
1.27283
1.50572
1.30561
1.18884
1.24235
1.34623
1.10437
1.40645
0.905788
1.43679
1.19757
0.943926
1.30028
1.0824
1.12045
1.38777
1.22722
1.29218
1.23606
1.21475
1.46002
1.22048
1.56683
1.3918
1.45871
1.55828
1.05682
1.23363
0.77887
1.53806
0.638122
1.42805
1.26503
1.3931
1.55444
1.3156
1.08716
1.0909
1.35539
1.31898
1.12447
1.09676
1.13246
1.27992
1.40828
1.45819
1.28083
0.763886
1.26339
1.50244
1.30878
1.31123
1.17969
1.25618
1.5617
1.40599
1.39614
1.21748
1.51544
1.10073
1.13717
1.45973
1.08278
1.10284
1.04225
1.56156
1.23454
1.00532
1.54791
1.16092
1.39258
0.517878
1.18772
1.49868
0.890317
1.47654
1.28643
0.528244
1.46166
1.45131
0.974356
1.09744
1.0904
0.774614
0.729375
1.29669
0.831348
1.54577
1.25668
1.48962
1.1301
1.17584
1.36787
1.40902
1.42943
1.26394
1.12672
1.40933
1.40698
1.39315
1.41409
0.566483
0.844053
1.5236
1.18903
1.15625
1.46277
1.5254
1.46464
1.29935
1.11615
1.53783
0.676582
0.986476
0.990312
1.05048
1.33033
0.609584
0.813961
1.08001
1.54455
1.47795
1.15349
1.15171
1.51813
0.4443
1.12022
1.32476
1.52934
1.07321
1.52203
0.756567
1.10946
1.54723
0.98568
1.47052
1.17862
1.52463
1.02386
1.56768
0.511904
1.49259
1.17475
1.4992
0.774207
1.26591
1.41186
1.31763
1.27462
1.0786
1.1066
0.711514
1.40587
1.39807
1.47323
1.03061
1.51669
1.39584
1.46458
1.37732
0.923269
1.24352
1.28951
1.41986
1.46148
1.47529
1.30112
1.21859
1.45355
1.32161
1.35695
1.52749
1.03505
1.55546
1.52653
1.50416
0.678672
1.16491
0.60389
1.16225
1.23438
1.41032
1.35058
1.47068
1.38699
1.38907
1.42795
1.38063
1.23135
1.01126
1.54717
1.46099
0.946793
1.29567
1.32618
1.46424
1.29167
0.276495
0.669623
1.33035
1.52164
1.34879
0.939413
1.3173
0.808975
1.11967
1.08679
1.00634
1.3011
1.48377
1.54577
1.1275
1.15437
1.21241
0.936822
0.892687
1.12005
0.836761
1.51327
1.47372
1.15766
1.49235
0.890301
1.25008
1.36594
1.51309
0.67405
1.06962
1.42866
1.14291
1.19143
1.42526
1.56295
1.27879
1.22197
1.34851
1.12816
0.864639
1.09847
1.36051
1.03972
1.26029
1.47893
1.25188
1.31098
1.10231
1.18679
1.41816
1.48013
1.50832
1.47804
1.21241
1.33252
1.10899
1.38019
1.50881
0.695446
1.33303
1.29301
1.25362
1.07087
1.39093
0.907265
0.753942
1.07305
1.31654
1.33893
1.06082
1.43078
1.50888
1.31162
1.13744
1.55706
1.03935
0.961084
1.54632
0.895189
1.56422
1.42822
1.26119
1.49985
1.55932
1.43956
0.68497
0.919041
1.46972
0.680943
0.847229
0.762437
0.814506
1.50272
1.23841
1.02406
1.51999
1.37652
1.14714
0.661858
1.119
1.05323
1.5516
1.2195
0.872079
0.995306
1.42724
1.44664
1.14917
1.41866
1.15078
1.56866
1.1861
0.921902
0.936728
1.37561
1.16503
1.54266
1.46614
1.06131
1.28399
0.717913
1.26605
1.45075
1.55975
1.51339
1.24873
1.33523
1.55098
1.28086
1.30704
1.47427
1.54668
0.592977
1.26547
0.765358
1.45549
1.5585
1.45051
1.45549
1.37304
1.55355
1.31019
0.920179
1.05143
1.07993
0.903395
1.33579
1.4763
1.20352
0.973448
1.32703
0.815681
1.13757
0.559745
1.10429
0.590271
0.795553
1.36689
1.26349
1.54452
1.30308
1.02533
1.48371
1.54595
1.02537
1.10251
1.51393
1.35832
1.5529
0.247077
1.49776
1.42187
1.16525
0.977078
1.39881
1.20715
1.4893
0.570413
0.882082
0.818861
1.18419
1.0366
1.51899
1.38143
1.39481
0.761952
1.17329
0.736691
0.430776
1.1069
1.52433
0.866349
1.20104
0.383579
0.702841
0.668334
0.725604
1.45137
1.14482
1.56597
0.816202
0.802742
1.55328
1.36275
1.55248
1.48996
1.19146
1.56674
0.941894
1.37982
0.800331
1.31578
1.46582
1.52584
1.53447
1.40308
0.715882
1.40927
1.03127
1.43496
0.689684
1.11859
0.891325
1.42844
0.971731
0.809357
1.1546
1.42267
1.10641
1.44821
1.2976
1.30552
1.17571
1.42647
0.904305
0.439405
1.18318
1.08444
0.691564
1.06515
1.28034
0.885422
1.26102
1.4302
1.3941
1.03118
1.36107
1.01741
1.19385
1.41854
1.38622
1.56667
0.895988
1.06207
1.13637
1.07594
1.32806
0.777233
1.32262
1.14294
0.816963
1.41928
1.14744
1.55274
1.5098
0.828936
1.39686
1.12975
1.4666
0.6248
1.5045
0.969549
1.28646
1.10676
1.48365
1.32582
1.01446
1.35189
0.968319
1.54992
1.02592
1.0563
0.980681
0.966072
1.02741
1.48328
0.459046
0.966882
1.25945
1.38323
1.34282
1.37484
1.15878
1.24042
1.13616
1.26324
1.27149
1.32228
0.960488
1.40246
1.17479
1.40605
0.629871
1.35633
1.26112
1.00501
0.907713
0.942504
1.29072
1.19258
1.11744
1.06353
0.942646
1.24707
0.642871
1.08493
1.3597
1.47065
0.914718
0.824701
0.944416
1.27002
1.1341
1.09044
1.53184
0.832324
1.20103
1.51529
1.06612
1.3378
0.870296
1.22015
0.936383
1.49578
1.53127
0.914483
1.40964
1.54046
1.22106
0.718315
1.48069
1.55523
1.53221
1.02698
1.16695
1.4427
0.775894
1.14325
1.1263
1.31793
1.524
1.0859
1.08745
1.06906
0.86442
1.23497
1.35011
1.0449
1.47053
0.475863
1.07508
1.15711
1.13663
1.38112
1.39803
1.01209
1.4542
1.27532
1.29558
1.21579
0.942082
1.25741
1.29478
1.54082
1.3967
1.26855
1.28557
1.24751
1.3869
1.55888
1.27315
1.50251
1.30385
0.989391
1.00953
1.21904
0.74381
0.928241
0.60617
1.50423
1.09855
1.12736
1.28723
1.55954
1.55474
0.856079
1.11975
1.41817
1.51853
1.45564
1.38668
1.42553
1.30579
1.53569
1.28512
1.44722
1.49779
0.848418
1.46618
1.04239
1.27142
1.37553
1.5236
0.831789
0.796927
1.52001
0.658125
1.36592
1.45395
1.29091
1.05696
1.45856
1.49859
1.56677
0.859491
1.37171
0.82218
1.19409
1.22327
1.42233
1.22126
1.36328
1.28471
0.955554
1.17667
0.926251
1.16989
1.53676
1.43383
1.16708
1.18659
1.52458
0.828197
1.46697
0.862169
0.780979
1.09091
1.55883
1.53339
1.29479
1.15018
1.34043
0.921354
1.08226
1.43029
0.86373
1.23221
0.782885
1.26664
1.01328
1.53479
0.921445
1.54143
1.42644
1.31515
1.13817
1.34876
1.23949
1.00154
1.19758
1.43054
0.675817
1.17564
1.12198
1.30842
1.47752
1.34447
1.53343
1.45825
1.11043
1.2583
1.03003
1.16477
1.11687
1.11532
1.09093
1.27749
1.40135
1.39768
0.711696
1.4743
0.687424
1.12319
1.36388
1.20849
1.38
1.29658
1.55828
1.34546
1.51839
1.46547
1.41595
1.25714
1.09132
1.51125
1.4647
0.772725
1.16731
1.08906
1.21165
1.07697
1.0491
1.01943
1.34554
0.986647
0.879708
1.06157
1.4585
1.50633
1.08629
0.961525
0.720593
1.11234
1.42136
1.51999
1.29104
1.49553
1.56018
1.41533
1.44153
1.13751
1.07938
1.28557
1.37659
1.26019
1.49792
1.50483
0.924575
0.685744
0.959664
1.02857
1.45745
0.908363
1.43734
1.16985
1.47752
1.32549
1.43186
1.43513
0.886011
1.51069
1.43938
1.24087
1.39459
1.49962
1.56054
1.22924
1.5081
1.37055
1.54479
1.3557
0.897778
1.19176
1.47041
1.53899
0.934926
0.821266
0.943996
1.5151
1.37509
0.847911
1.25503
0.974369
1.4097
1.01956
1.50251
1.23948
1.37067
1.31461
1.15882
1.39559
0.928467
1.30517
0.878465
0.903997
1.46034
1.08052
1.38503
1.41921
1.20117
1.28045
1.56063
0.908273
0.760746
0.799194
1.50257
1.55978
1.10375
1.07361
1.25804
1.42449
1.55255
1.55285
1.35401
0.99745
1.22573
1.28815
1.52838
0.855712
1.57055
1.52097
1.53856
1.42412
1.45752
1.11676
1.1678
1.51113
1.29646
1.227
0.336573
1.09092
1.48138
1.49198
0.988054
0.835202
1.03877
1.56819
0.599019
1.16968
1.24167
0.813603
1.10471
1.31715
1.48399
1.39555
1.34181
1.55975
1.27972
1.42514
1.33522
0.885586
1.52861
1.41452
1.15553
1.41452
1.18416
1.5454
1.13985
0.99455
1.12989
1.33455
1.3655
1.35751
0.969098
1.20077
1.04077
0.755193
1.35151
0.962781
1.42909
1.44282
0.681425
1.15605
0.993485
1.07656
1.2811
1.54867
1.56335
1.21455
1.47406
1.53844
1.04114
1.03615
1.44934
1.26887
1.55474
1.00946
1.34544
0.754628
1.31067
1.12367
0.504412
1.45223
1.50728
1.4709
1.26989
1.22541
1.24503
1.09951
1.18285
1.36944
0.976409
1.24799
1.41168
1.45171
1.38951
1.21839
1.11321
1.19836
1.09471
1.51795
1.41557
0.804749
1.08175
1.04026
1.14174
1.33029
1.37492
0.92487
0.943411
1.13226
1.26087
1.4265
1.55474
1.47305
1.37246
0.736525
1.18375
1.43038
1.41471
1.54478
1.29393
1.04719
1.53765
0.866032
1.08399
1.09677
1.42216
1.55382
0.962125
1.38895
1.3027
1.09312
1.41608
1.23176
1.01255
1.51724
1.32718
1.12205
1.25945
1.1773
1.23822
1.38
1.06646
1.49054
1.42057
1.25313
1.35345
0.471863
1.37839
0.902446
1.50654
1.3263
1.35058
1.54063
1.32976
1.43426
1.0935
1.2972
1.27545
1.43038
0.927693
1.01948
0.924715
1.06501
0.803824
0.656906
1.16111
0.730038
1.23416
1.34947
1.09072
1.3922
1.15264
1.46863
1.56292
1.51584
1.30049
1.55856
1.48339
1.42344
1.24441
1.55902
1.12753
1.47709
0.939016
0.895543
0.68277
0.86616
1.13377
1.41613
1.53972
1.26282
0.796136
1.52629
0.647119
0.712733
1.45666
1.4518
1.3759
1.37876
1.54946
1.34757
1.40141
1.3563
1.35314
0.766744
1.24009
1.52869
1.43117
1.00524
0.977947
1.46949
1.37755
1.25843
1.07597
1.52976
1.36736
1.12807
1.07257
1.37559
0.59642
1.46139
1.44854
1.11785
1.43824
1.15982
1.27308
1.3253
1.34009
1.56164
0.931045
1.48684
1.54904
1.49216
1.4933
1.56396
1.01503
0.860215
1.00863
1.08664
1.25484
1.37204
1.20009
1.2081
1.55248
1.47613
1.43254
0.874381
1.4774
1.38926
1.40076
1.48016
1.53936
1.12722
0.454617
1.31111
1.28016
1.40958
1.22203
0.872156
0.598989
1.56665
1.26503
1.0737
1.43137
1.14822
1.32161
1.30771
1.06969
1.33736
1.12449
1.24403
0.801185
1.38187
1.22308
1.45982
1.52384
0.945169
0.85648
1.35612
1.35157
1.35815
1.16018
1.47961
0.824876
1.24635
1.11967
1.28713
0.889105
1.50856
1.34256
1.52679
1.0958
1.2098
1.39682
1.11292
0.937627
1.56263
0.990201
1.04211
1.3562
1.30587
0.961082
1.29415
1.26433
1.21123
1.27401
1.31591
1.02714
1.36809
1.02849
1.46556
1.53429
1.17644
1.28875
0.795228
1.05128
1.32486
1.3792
1.10227
1.13205
1.11987
1.17188
1.19396
1.4403
0.859535
1.45687
1.30825
1.13171
1.22839
1.01825
1.22528
1.15419
1.33874
1.45025
1.26125
1.13962
1.41638
1.50134
1.53362
0.727463
0.958412
1.33717
1.5396
1.03698
1.46243
1.46218
1.35832
1.29846
1.46274
1.52806
0.844732
1.4411
0.787744
1.11408
0.927965
1.28889
1.13729
1.07237
1.44854
0.861818
1.27027
1.06127
0.75811
1.43316
1.1728
1.15085
1.42261
0.818803
1.48769
1.52849
1.41293
1.31512
1.5324
1.44227
0.893175
0.878182
1.49766
1.06229
1.03724
1.19216
0.664591
1.46059
1.51351
1.04191
1.45507
1.26847
1.56726
0.875418
1.3274
1.50165
1.51987
1.22453
1.43576
1.52131
0.907062
1.39174
1.01618
1.24824
1.57061
1.39087
1.10859
1.5617
1.01762
1.22606
1.08264
1.46851
1.02857
1.03666
1.28468
1.21891
1.26973
0.942058
1.398
1.47964
1.41671
1.38578
1.19698
0.768552
1.51001
1.12219
1.14233
1.43223
0.944913
1.23476
1.5509
0.870858
0.839352
1.45055
1.3655
1.21775
1.43636
1.01243
1.52134
0.76733
1.17571
1.41921
1.42535
1.21586
0.990421
0.922282
1.48426
1.29503
1.54559
1.35825
1.30037
1.39751
0.749929
1.5107
1.54272
1.44991
1.10864
1.16119
1.40104
1.04994
0.992978
1.08728
1.33833
1.0901
1.23743
1.00502
1.29567
0.93466
1.53835
1.12977
1.21389
1.22527
1.36307
0.841743
1.24452
1.56494
1.31105
1.47191
0.419334
1.36612
1.34845
1.13794
1.37347
1.53301
1.27119
1.29986
1.04509
0.703929
1.22028
1.41426
1.26316
1.50697
0.953687
1.16728
1.56907
1.44178
1.49213
1.48481
1.21573
1.48509
1.47458
1.05998
1.24873
1.18212
0.850815
1.16344
1.2183
1.32127
1.51624
1.4334
1.31515
1.32291
1.5422
1.56518
1.26576
1.42224
1.56219
0.799885
0.825697
1.52372
1.29973
1.29221
1.4859
1.50269
1.29377
1.30396
1.32844
0.967612
1.56945
0.867775
1.47501
1.47403
0.660247
1.13825
0.734279
0.907874
1.00406
1.44184
1.5305
1.38783
1.47022
1.4135
1.40627
0.680769
1.51614
1.52125
1.55035
1.26937
1.49226
1.46636
1.56156
1.51793
0.83436
0.800727
1.55512
0.748027
1.33949
1.26324
0.890547
0.897883
1.46501
0.771614
1.52134
0.970061
0.97095
0.882656
1.08285
1.07024
1.26803
1.13381
1.45693
0.861867
1.12357
1.45838
1.30033
1.39003
1.49385
0.846175
0.963853
1.07478
1.40642
0.862546
1.27812
1.04036
1.54107
1.4374
1.28564
1.50948
1.53078
1.39372
1.35957
1.34783
0.946569
1.41804
1.35957
1.24384
1.54262
1.21982
1.44617
1.2486
0.929098
1.35245
1.08823
1.31629
1.23593
0.932651
1.55731
0.912584
1.41915
1.28359
1.45779
1.01021
1.40531
1.42499
1.55674
0.907109
1.12847
1.45792
1.21133
1.06169
0.620505
0.436086
1.55001
1.00703
1.47703
0.896698
1.17127
1.42509
1.15064
0.979516
1.43927
1.4347
1.55938
1.56283
1.34695
0.635439
1.30763
1.52919
1.08544
1.07416
1.22664
1.28099
1.19709
1.40208
1.30188
1.27124
1.31996
0.797591
1.27918
1.25584
0.972068
1.47452
1.53863
1.29548
1.25044
1.16265
1.04614
1.37857
1.45382
0.929426
1.23331
1.19828
1.14435
1.42822
1.18041
1.41329
1.35039
1.50954
0.836789
1.18403
1.08604
1.30612
0.71168
0.823049
1.5298
1.02319
1.39701
1.56649
1.53453
0.96215
0.94562
0.779547
0.838211
1.27929
1.36054
1.08361
1.25207
0.783711
1.16702
1.23803
1.44808
1.07849
1.19869
1.41835
1.42045
0.791126
1.40896
1.5309
1.35239
1.21672
1.01992
1.02786
0.988334
0.9803
1.3972
1.05395
1.34231
0.970809
1.18086
1.16185
1.45587
1.13562
1.00487
1.52079
1.48818
1.08171
1.41557
1.52192
1.5298
1.36613
1.27145
0.813907
1.41446
1.01726
1.33466
1.53437
1.07204
1.0821
1.38237
1.52783
0.749164
1.39571
1.06648
1.49767
1.50079
1.12912
1.12161
1.19071
0.453329
1.27404
1.41169
1.04427
1.30858
0.884347
1.17869
1.14144
1.56005
1.09226
0.829754
0.861005
1.40992
0.676048
1.39599
1.48647
0.971546
1.05752
1.01708
1.14472
1.32731
0.587155
0.921471
1.24184
1.50082
1.21276
1.14334
1.07475
0.937669
0.746864
1.03766
1.13016
1.33573
1.22223
0.993448
1.02842
1.47829
1.29263
1.35169
1.2776
0.730053
1.5606
1.24023
1.11196
1.05837
0.90039
1.20104
0.734758
1.06486
1.33636
0.946186
0.777876
1.32253
1.34225
1.4305
1.19225
1.08243
1.20542
1.39484
1.13669
1.51688
1.41152
1.05518
1.2015
1.03906
1.34006
1.43753
1.46314
1.38311
1.49216
1.00792
1.52349
1.26554
0.819417
1.205
1.29675
1.18614
1.1414
1.43414
0.927308
1.04902
1.26922
1.52123
1.4869
0.541012
0.795106
1.56036
1.53783
0.727132
1.23161
0.96183
1.27206
1.05152
1.1687
1.394
0.965093
1.12692
1.31982
0.937237
1.3923
1.55939
1.1716
1.47173
0.861018
1.09882
1.1035
0.828445
0.658328
1.24989
1.15952
1.05588
1.10142
1.12657
1.27239
1.32231
1.14342
0.877149
1.45269
1.26785
1.0717
1.41557
1.13043
0.619643
1.5628
1.08825
1.48739
1.38566
1.41307
1.4963
1.32284
1.24226
1.07545
0.955711
1.47991
1.39991
1.2878
1.11917
1.51669
0.51077
0.825201
1.54543
1.52007
1.42582
1.45288
0.755955
1.27554
0.899091
1.33792
1.56546
0.814062
1.56488
1.05816
0.912761
1.27704
0.597274
1.29593
1.03795
1.2943
1.22042
1.13751
0.89736
1.5458
1.47347
1.04114
1.14423
1.02948
1.52305
0.922489
1.40104
1.51429
1.48647
1.35164
1.2323
1.20442
1.15076
1.17646
0.790946
1.5349
0.921062
0.935908
1.24648
0.860216
0.891112
1.24782
1.35964
0.888737
1.35035
0.673211
1.3046
1.18114
1.36986
0.933029
1.13083
1.24879
1.26273
1.08112
1.53942
1.21578
1.37938
0.890358
0.956069
1.07256
1.2254
1.31111
1.46209
0.810303
0.825867
1.00813
0.932999
1.52467
1.33742
1.3606
1.30099
1.03482
0.759452
0.92596
1.1388
1.46982
1.50514
1.08451
1.42218
1.10791
0.94371
0.809485
1.54363
0.817098
0.80563
1.49082
1.27353
1.19864
0.898398
1.44931
1.37098
0.670999
1.25368
0.840459
1.08102
0.9398
1.36405
1.0363
1.32936
0.801176
1.23784
0.9397
0.912071
0.951673
0.984479
1.31495
1.21813
1.33623
1.21703
1.41885
1.56524
1.16384
0.92038
1.37916
1.22982
1.21664
1.51596
1.00804
1.16786
1.27474
1.40506
1.31313
0.928299
1.1051
1.52183
1.43562
1.38668
1.51429
1.09261
1.16684
1.00857
1.12782
1.25419
1.33366
1.30366
1.25766
1.52751
1.46745
1.2759
1.21338
1.00149
1.42139
1.55899
1.18635
1.44444
1.34851
1.39763
1.14991
1.56036
1.53747
1.01898
1.37795
1.01631
1.37176
