1.01683
1.22606
0.846423
1.09523
1.36668
1.52085
1.15652
1.5265
1.32253
0.852193
1.46249
1.17604
1.18403
1.49798
1.12169
1.35473
1.47446
1.36521
1.20905
1.13309
1.55694
0.936846
1.19733
1.38218
1.10402
1.06173
1.54919
1.29066
1.35262
1.51681
1.333
1.31503
1.35692
0.883611
1.3285
1.17025
0.967177
1.3721
1.50024
1.16035
1.16537
1.07898
1.05334
0.624203
1.05437
0.855231
1.04592
1.23065
0.624396
1.32995
1.43817
1.53924
1.33599
1.56774
0.840964
1.32731
1.3487
1.29558
0.93804
1.29301
1.48224
1.54479
1.42625
1.36357
1.28148
0.840251
1.25939
1.25678
1.08264
0.930145
1.24834
1.54928
1.22974
1.45567
1.30893
1.3927
1.43881
0.796046
1.06558
1.39156
1.41008
1.53246
1.08164
1.40534
0.893739
1.37722
0.632109
0.849715
1.30372
0.744873
1.49688
0.968921
1.05576
1.09682
1.41858
1.28872
1.26253
0.965019
1.50832
1.53178
1.28016
1.42347
1.46188
0.453407
1.53151
1.18397
1.56234
1.14307
1.29049
1.4202
1.23569
1.12502
1.38311
1.43737
1.54693
0.770609
0.89192
1.09128
1.55615
0.747758
1.54754
0.890894
0.871861
1.00224
0.502454
1.55914
1.55651
1.12334
0.782856
1.36238
1.32336
1.40865
1.24358
1.31611
1.42076
1.04795
1.39636
1.2764
1.43225
1.11866
1.28577
1.31575
1.27429
1.32812
1.39006
1.52048
1.14056
1.5287
1.15842
0.920299
0.940079
1.04304
1.4381
1.33742
1.36874
1.48454
1.03105
1.37304
0.924389
0.850796
1.51492
1.09121
1.51938
1.40478
1.44212
1.53047
1.18503
1.05472
1.38882
1.38566
0.993338
1.47182
1.43271
1.3263
1.11257
1.53934
1.44479
1.43309
1.50349
0.830542
1.38646
1.33369
1.56956
1.17922
1.12214
1.42826
1.16799
1.2707
1.53954
1.18147
0.720811
1.55047
0.9111
1.23486
1.19724
0.767584
0.909118
1.26515
1.4024
1.04378
1.42189
1.09628
1.50738
0.957663
1.14818
1.3662
1.23189
1.24633
1.22231
1.20871
1.33884
1.38685
1.23958
1.54757
1.27002
1.1769
0.959581
1.29976
1.01626
0.826532
1.30762
1.51064
0.937158
1.08596
0.86779
1.30063
0.977671
0.971749
1.20006
1.49033
1.4186
0.876141
1.53276
1.37559
0.849344
1.53276
1.15114
0.865604
1.13232
1.2775
1.36298
1.40964
1.11621
1.39208
0.46561
1.44194
1.56021
1.52008
1.55584
1.45057
1.39754
0.671043
1.1636
0.777947
1.28393
0.944534
1.42011
0.799898
1.38392
1.20713
0.877386
1.07612
0.975946
1.43655
0.801635
0.4321
1.47587
0.907762
0.954812
1.03124
1.50067
1.00151
1.3319
0.955615
1.49264
1.03145
0.974504
1.41128
1.45746
1.34516
1.35315
1.36275
1.07369
1.18445
0.778803
1.49216
1.15703
1.43784
1.46378
1.34776
0.583862
1.5498
1.2258
1.41415
1.20208
0.911559
0.865881
0.891688
1.43091
1.23125
1.3425
1.12489
0.994512
1.31526
1.05051
1.11472
1.35164
0.99981
1.21285
1.18968
1.04536
1.07843
0.925787
1.53014
1.31124
1.51229
1.5443
1.56097
0.675544
1.01749
1.55859
1.37385
1.16578
1.46936
1.28726
1.30985
1.29944
1.38144
0.867401
1.32244
0.828816
0.883268
1.52531
1.296
1.3117
0.451022
0.956913
0.672267
1.19089
1.43119
1.39329
0.974896
1.01855
0.481136
1.33172
1.21467
1.51251
0.857945
1.23761
1.28736
0.942199
0.855043
0.922574
0.460932
1.18877
1.41384
1.52312
1.33071
1.14844
1.08144
1.1792
1.50192
0.976116
1.30343
0.767546
1.47405
1.1424
1.4518
1.41477
1.28806
1.41032
1.42391
0.899411
0.714911
1.43088
0.978474
1.33318
0.959376
1.33108
1.34171
0.854722
1.49563
1.10752
1.507
1.33306
0.848464
1.12929
0.764346
1.37609
1.23919
1.05804
1.54772
1.36559
1.41665
1.14964
0.828166
1.3814
1.52884
0.82079
0.302787
1.13219
1.42711
1.01919
1.07784
0.919981
1.10457
1.29871
0.794025
1.36513
1.00915
1.26898
1.42156
1.27455
1.55712
1.0793
0.821871
1.35789
1.38392
0.874358
1.02513
1.395
1.54534
1.30138
1.51233
0.928029
1.01935
1.00117
1.13339
1.51854
1.3012
1.49457
1.37669
0.975807
1.49876
1.37774
1.00725
0.678488
1.06071
1.53954
1.29342
1.4774
1.29307
0.908247
1.49289
1.30693
0.790989
0.875699
1.46403
0.765197
0.681042
0.929395
1.2787
1.44885
1.50241
0.858683
1.54534
1.11649
1.50094
1.36141
1.44541
1.44467
1.45346
1.47488
1.39803
1.05693
0.918321
1.56481
1.23758
0.847907
0.88674
0.533855
0.847509
1.18751
1.45549
1.38765
1.42033
1.19089
0.946095
1.06742
1.4157
1.3319
1.31004
1.48922
1.42822
1.34878
1.48803
0.872947
1.13797
0.980089
1.50027
0.791973
1.13562
1.51425
1.48749
0.803969
1.44066
1.33231
1.19953
1.33066
1.49614
1.51602
1.50826
1.05598
1.15298
1.51292
1.49743
0.791886
1.3219
0.768211
1.00507
1.22775
1.00635
1.40574
1.50333
0.496414
1.27437
1.47813
1.39413
1.25588
1.15097
1.00106
1.27167
1.47535
1.44258
1.331
1.46261
0.672058
1.39698
0.381389
0.709637
1.51452
1.01997
0.48931
0.883485
0.435604
0.616857
1.38864
1.35083
1.35776
1.25085
1.28506
0.681321
1.25541
1.52335
1.32638
0.667813
1.31213
1.11479
1.45155
0.882977
1.30601
1.32731
1.31111
1.46513
1.13734
0.324682
1.39135
1.28721
1.46481
1.12211
1.14234
1.20003
0.916771
1.27921
1.31193
1.01208
1.29085
1.33522
1.40636
1.22748
1.12249
1.01649
1.14515
1.24412
0.748717
1.17578
1.05164
1.34344
1.16022
0.993468
1.56486
1.53795
1.35458
1.49584
1.20802
1.3954
0.916225
1.4011
1.19005
1.38901
1.36778
1.53545
1.55096
0.861737
1.39025
1.11556
1.10983
0.813397
1.40318
1.18521
1.20663
1.35448
1.48585
1.53417
1.03712
1.51177
1.05284
1.47835
1.02671
1.49926
1.29269
0.785352
0.343659
1.44292
1.48494
1.26673
1.2252
1.54882
1.40902
1.14636
1.31626
1.25686
1.06168
1.51803
0.928324
1.44492
1.52534
1.46983
1.37733
1.5502
1.38392
1.24725
1.31173
1.42242
1.37776
1.16158
1.34469
0.728893
1.1373
1.33805
0.860354
1.56453
1.23769
0.739654
0.846351
1.18571
1.56304
1.18048
0.780223
1.45377
1.45005
1.50587
1.00707
1.398
1.08546
1.08524
1.04198
1.44577
1.47045
0.961516
0.875665
1.43336
1.15687
0.40802
1.14616
1.02521
1.35408
0.968308
0.889632
1.26637
1.31298
0.578828
1.44581
1.34942
1.39019
1.23661
1.07963
1.2217
1.41359
1.18971
1.29097
1.32812
1.3371
1.22081
1.08223
1.44655
1.1303
1.50621
1.39228
1.44442
1.12249
1.5015
1.19232
1.32906
1.38423
1.32045
1.54626
1.54999
0.461037
1.22401
0.985732
1.36363
1.36457
1.50336
0.892693
1.35514
1.17126
1.21162
0.757503
1.40817
1.46844
1.52241
1.51834
1.20254
0.883201
1.48068
0.759467
1.5361
1.41254
1.33441
0.937672
1.53695
1.38383
0.789858
1.39417
1.05013
1.30422
1.55246
0.72971
1.49339
1.55749
1.52232
0.990725
1.55764
1.53429
0.964213
1.52836
1.09216
1.52946
1.09902
0.950064
1.54119
1.23169
0.824988
1.37789
1.19358
1.14784
1.1556
1.51376
1.48578
0.968669
1.49498
0.926857
1.08865
1.17061
1.07711
1.05246
1.37497
1.46166
1.35973
1.52775
1.17157
1.16561
1.56799
1.22968
1.26631
1.44756
0.913702
1.09282
1.1732
0.995075
1.03329
1.38361
1.39081
1.16565
1.53044
1.35851
0.798694
1.55914
0.904599
1.38563
1.55415
1.14207
1.32775
1.3114
1.49393
1.2031
1.54272
0.884751
1.34908
1.08466
0.614024
1.50244
1.42267
0.949324
1.52415
1.4411
1.09276
1.41827
1.38019
1.51333
1.27841
0.79898
1.43078
0.724238
1.51105
1.32253
1.52766
1.33743
0.730077
0.917975
1.36307
1.45527
1.52818
1.24241
1.44597
1.31152
1.04755
1.25567
1.07
0.841637
1.49437
1.42787
1.55932
1.51712
1.43512
1.19508
1.38339
1.40037
1.3786
1.05111
0.899286
1.5163
1.54055
1.43891
1.12604
1.22794
1.30086
1.3828
1.22657
1.27953
1.47663
1.20304
1.34078
1.40561
0.894904
0.972508
0.821207
1.29054
1.35939
0.484559
0.850495
1.38603
1.13879
1.35076
1.48739
1.25727
1.23204
1.39779
1.33968
1.45742
1.37307
1.09743
1.44854
1.21876
1.41526
1.1499
1.12874
1.20674
0.803954
1.27257
1.17352
1.44005
1.21891
1.09469
1.49877
1.44514
0.892698
1.10969
0.717165
1.252
1.53982
1.37882
1.09364
1.41337
1.4577
1.30928
1.28195
0.947203
1.48696
1.53521
1.1464
1.05116
1.55517
1.10119
0.696796
0.915123
1.20313
1.3941
1.28077
0.761032
1.26974
1.3119
0.974706
1.37609
1.53783
1.43152
1.37422
1.53233
0.953099
1.26663
1.54662
1.11764
1.43639
1.42881
1.29739
1.17994
0.846075
1.26937
1.5473
1.05879
0.883764
0.948634
1.40608
0.976896
1.40116
1.11885
0.986189
1.54919
1.36089
1.37111
0.536797
1.49137
1.32394
1.33268
0.785396
1.22209
1.32498
0.804567
1.43654
1.22181
0.941214
0.887266
1.24558
0.882043
1.56018
1.13801
1.36375
1.55764
1.26746
0.946412
1.53972
1.51883
1.21309
0.806014
1.25879
1.51898
0.987644
1.3693
1.25371
1.30378
0.471139
1.53584
1.10578
0.880624
1.3874
1.03934
1.26838
1.27239
0.913299
1.55999
1.2699
1.28131
1.1989
1.48322
1.20418
1.4366
0.820799
1.19789
0.60059
1.06072
1.03102
1.06166
1.51767
1.32026
1.55117
0.626897
1.52874
1.49608
1.47513
1.31783
1.3101
1.3606
1.50791
1.52946
0.888604
0.82023
1.31875
0.712619
1.27519
1.21644
1.16019
1.43889
0.709278
1.52494
0.864946
1.37078
1.22294
0.896419
1.35676
1.50501
1.47601
1.16385
1.42588
1.4109
0.836551
1.31563
1.47032
1.38613
1.33999
1.34601
1.32687
1.54936
0.694215
1.23422
1.18416
1.16541
1.45358
1.37653
0.553703
1.34799
1.43747
1.45291
1.01024
1.42745
1.26608
1.13961
1.41088
1.55722
1.50052
1.48083
0.937781
1.40326
0.957852
1.36333
0.90143
1.39348
1.40979
1.00213
1.08106
0.669415
1.19967
1.12954
1.35354
0.853132
1.3415
1.42829
1.08236
1.21813
0.675677
1.1722
1.41952
1.01208
1.44085
1.50665
1.54223
1.43427
0.868511
1.12383
1.40546
1.37609
1.2778
1.55319
1.08572
1.15168
1.24052
1.20451
1.3415
1.36693
1.17121
1.2904
0.589412
1.55993
0.945955
0.448307
1.07315
1.46126
1.53331
1.20686
1.26995
1.5055
1.05648
1.25792
1.50214
1.49051
1.50358
0.866022
0.990558
1.24503
1.53191
1.51627
1.40552
0.534198
1.37214
1.44513
1.01412
0.950105
1.05585
0.92976
1.21016
1.45509
1.28977
1.34281
1.16205
1.39031
1.55157
0.370998
0.918493
0.927544
1.28525
1.47574
1.22362
1.10314
1.11771
1.12671
0.775798
1.42741
1.32655
1.44922
0.993004
1.51009
0.974647
0.831588
0.976781
0.900639
1.26016
0.700927
1.27921
0.929623
1.27528
1.45156
1.45534
1.32857
1.07175
1.45924
0.899338
0.707454
1.36481
1.10549
1.09067
1.49229
1.54553
1.42989
1.28793
1.42884
1.56735
1.37148
0.987137
1.52729
0.952379
1.42955
0.763294
0.993045
1.20604
1.00379
0.613119
1.10976
1.54968
1.36461
1.48824
0.613277
1.30883
1.37733
1.3101
1.00322
1.53417
1.21535
1.41091
1.43765
1.54424
0.804616
0.884565
1.48824
0.84424
0.743868
1.4289
1.54549
1.2843
1.35564
1.04155
1.24744
1.07504
1.39582
1.30631
1.32939
0.985239
1.20336
1.42746
1.43667
1.24905
1.03911
1.31742
1.44304
1.26777
1.33293
1.37667
0.975354
1.34984
1.14532
1.32723
1.20012
1.50847
1.25213
1.38124
1.18436
0.803105
1.41335
1.3582
1.48304
1.56292
1.00243
0.715342
1.4565
1.43303
0.873807
1.18963
1.33654
1.15418
1.04519
1.1402
1.37336
1.50838
1.23755
0.880301
1.29478
1.29681
1.07905
0.757508
0.962479
0.887194
1.16045
1.10729
1.2663
0.876882
1.22281
1.54919
0.958594
1.45887
1.03606
1.13444
1.3356
1.1379
1.48376
1.03986
1.53716
1.55651
0.794269
0.728035
1.47207
1.13566
1.43383
0.398606
1.49418
1.23256
1.47111
0.852284
0.897768
1.47484
1.50173
1.57057
1.16131
1.26029
1.43365
1.2563
1.48292
1.5483
1.29519
1.43713
0.928851
1.02386
1.26797
0.876021
1.31894
0.963969
1.44473
1.12103
0.956722
1.42008
1.26637
0.932482
1.5663
1.32007
1.21442
1.53863
1.5096
1.48267
0.983135
0.759925
1.4097
1.50327
1.45008
1.44888
1.5671
1.04099
1.53826
1.00495
0.608978
1.33585
1.13891
1.5074
1.11075
1.1933
0.701012
1.41427
1.0488
1.50988
0.998262
1.47028
1.41718
0.859005
1.20866
1.01187
1.42125
1.33849
1.12571
1.11348
1.42196
1.03273
0.813176
1.30916
1.26981
0.963475
1.50307
1.08137
0.774574
1.4016
1.41741
1.47569
1.28443
0.77093
1.43054
1.53017
1.29078
1.54244
1.50474
0.688795
1.5173
1.55407
1.52042
1.28055
1.56662
0.708423
1.5418
1.51675
1.4947
0.842258
1.33614
1.34942
1.34945
1.44122
0.835354
1.29231
1.30479
1.34826
1.03709
1.30302
1.34927
1.05811
1.56518
1.53
1.54577
1.16776
1.12002
1.3211
1.03029
1.36519
1.11229
1.42341
1.43254
1.23858
1.3818
1.1804
1.54485
1.23758
0.957779
1.33548
1.46157
1.1021
0.932352
1.26394
0.872777
1.24977
1.00537
1.23572
0.843893
1.37378
0.68478
1.54504
1.54169
1.42904
1.36706
0.668018
1.24103
1.21767
0.796332
1.38611
1.14663
1.42982
1.13979
1.22846
1.06452
1.06243
0.929517
1.28838
1.03814
1.46052
0.733205
0.897112
1.45042
1.1839
0.575128
1.415
1.3053
1.39146
1.04514
0.776833
0.961157
1.44098
0.946825
1.43249
1.00743
1.08713
1.21875
1.30435
1.5151
1.37319
1.42242
1.43599
1.21343
1.15159
0.948742
1.14872
1.38156
1.56835
1.21022
1.56103
1.5581
1.53076
0.735428
1.55358
1.17614
1.25329
1.51685
1.27791
0.915753
1.2534
1.36036
1.1406
1.25233
1.41112
1.25962
1.38752
0.507821
1.47033
0.765802
0.841048
1.51821
1.27863
1.32511
1.46976
1.29833
1.20615
1.38786
1.0136
1.36781
0.957631
1.44362
1.03567
0.947198
1.5407
1.34582
1.01189
1.2633
1.48114
1.23984
1.30821
1.1882
1.03884
1.25034
1.56976
1.13128
1.31668
1.17108
1.02412
1.41093
1.00586
1.54351
0.666112
1.19481
1.15155
1.25207
1.15899
0.943242
1.37091
1.52989
1.5333
1.34401
0.757452
1.31429
0.897187
1.38314
1.39875
1.30713
1.41236
1.56744
1.20804
1.25519
1.25117
1.31364
1.22281
1.30802
1.26963
1.25631
0.891212
1.50012
1.56835
1.22162
0.899643
1.34369
1.19742
0.991986
1.26729
1.33019
1.47881
1.45394
0.6122
1.51266
1.27648
1.45727
1.29813
0.831912
1.18772
1.25747
1.18739
1.43273
1.32819
1.54571
1.18535
0.960559
1.18423
1.46851
1.54328
1.47255
1.36681
1.34488
1.24544
1.46961
1.32056
1.27898
0.909748
1.02917
1.11478
1.38581
1.19554
1.37764
1.35364
1.53392
0.815773
1.29171
1.49622
0.900679
1.51472
1.1952
1.42745
0.953173
1.55554
1.36003
1.1937
1.53236
0.90977
1.1918
1.4487
1.29322
1.46286
1.31566
1.1675
1.0519
1.5335
0.763772
1.2892
1.19431
0.423801
1.1718
1.27516
1.11784
1.16951
1.05988
1.49743
1.27683
1.17331
1.31301
1.16425
0.800196
1.12642
1.41613
1.15034
1.50844
0.544253
0.986825
1.15992
1.37167
1.44775
1.18742
1.24815
0.482545
1.5048
1.37615
1.5567
0.767191
1.45325
1.13678
1.1479
0.551958
1.12931
0.48534
1.48395
0.98343
1.33002
1.11503
1.27299
1.48561
1.48739
0.792423
1.53579
1.43851
1.51095
1.42824
1.24609
0.793739
0.972147
1.33755
1.42264
0.943817
1.38367
0.514596
1.37926
1.47611
1.35145
1.2615
1.12419
0.984741
1.4561
1.34951
1.36204
0.723129
1.26214
0.960618
1.46436
1.09512
1.16801
1.31537
0.729715
1.15926
1.36018
1.12637
1.37477
1.4165
1.42205
1.39143
1.25808
0.729375
1.50618
1.5195
0.941181
1.51597
1.5011
1.36381
1.32432
1.37849
1.456
1.22496
1.51614
1.00865
1.24929
1.14273
1.19789
1.54571
1.06585
0.72966
0.887836
1.5174
0.661672
1.33573
1.08631
1.40859
1.1975
1.27122
1.25823
1.42391
1.33547
1.31205
1.13293
1.4264
1.19235
1.13647
1.49963
1.02245
1.53759
1.14728
1.20485
1.23802
1.20352
1.4782
1.42995
1.44731
0.730387
1.28869
1.10125
1.02868
1.54382
1.49663
1.20158
0.930271
0.623252
1.56701
1.19077
1.26566
1.40345
1.42076
0.914048
1.12945
1.28724
1.40209
1.39397
1.47427
1.28341
1.48549
1.50454
1.54778
1.35205
1.18658
1.27072
0.876396
0.986435
1.48236
1.49835
1.05009
0.969222
1.19822
0.923375
1.36533
1.42261
1.1721
0.712778
1.20579
1.50801
1.47924
1.19043
1.15519
1.14081
1.54169
0.933699
1.54549
1.43214
1.00387
1.03215
1.29066
1.1045
1.55441
1.29288
1.33711
0.782829
1.08333
1.44227
1.15378
1.51088
1.30118
0.931523
0.70588
1.31004
1.2514
1.36254
1.39335
1.45715
0.88571
1.20428
1.39003
1.55761
1.16795
1.2045
1.22079
1.55105
1.02542
0.926378
0.868399
0.472121
1.56402
1.41565
1.14165
1.15011
1.50397
1.42323
1.45183
1.44047
1.28373
1.28822
0.986758
1.34964
1.38563
0.938435
0.887923
1.42681
0.8362
1.20585
1.24764
1.50394
1.08124
1.37809
1.49684
1.32677
1.54375
1.10878
1.44473
0.626128
0.86628
1.09635
1.42909
1.39828
1.40908
1.46654
1.44255
1.31704
0.65819
1.47817
1.26407
1.02425
1.30479
1.45014
1.35495
1.19744
1.00589
1.40314
1.56429
1.07076
1.45574
1.15285
1.48279
1.37546
1.32467
1.19515
1.53615
1.46869
1.31893
0.75678
1.16372
1.30006
1.41296
1.16895
1.32647
0.697597
1.45633
1.35414
1.46611
0.989887
1.32696
1.34864
1.29572
1.47243
1.36469
1.08585
1.31199
0.950695
1.30858
1.45026
1.18926
0.957731
1.21253
1.4779
1.14824
1.191
1.16408
1.10482
0.378197
1.05073
1.10196
1.26682
1.19555
0.949034
1.16524
0.847149
1.10746
1.23196
1.40246
1.40601
0.978324
0.474807
0.900574
1.19055
1.48552
1.09531
1.41579
1.22131
1.47473
1.38681
1.04119
1.5371
1.44617
0.544479
1.42076
1.52891
0.674628
1.11302
1.5026
1.3527
0.868769
0.849859
0.724819
1.46458
1.24458
1.43928
0.921295
1.53863
1.4034
1.30663
1.02902
0.8581
1.55589
1.01681
1.33092
1.06372
0.86639
0.801695
1.31294
1.43907
1.16988
1.22164
1.52626
1.39837
1.16297
1.46943
1.47979
1.38904
0.516466
1.05555
1.37926
1.2227
1.27391
1.52005
1.26139
1.44221
1.09483
1.26471
1.16922
1.4518
0.993199
1.38454
1.3782
1.32286
1.43721
0.968805
1.52077
1.46166
0.884268
0.897231
1.07541
0.939889
1.4144
1.56881
0.504703
1.15055
1.07065
1.14695
1.38654
0.792438
1.0804
1.12597
1.15348
1.07988
0.887892
1.35976
1.46793
0.911204
0.584868
0.683945
0.753192
0.675603
1.19825
0.927177
0.819703
0.96222
1.17901
1.37854
0.936759
0.914902
1.46717
0.699452
1.44879
1.312
1.53392
1.5065
0.490341
1.39428
1.09943
0.942539
1.25008
1.2674
0.985881
0.747811
1.45666
1.48726
1.33568
1.39918
1.48049
1.40686
0.786231
0.737663
1.12836
1.46271
1.32083
1.36245
1.40008
1.53194
1.17299
0.936459
1.02069
0.867269
1.50196
1.38342
1.41421
1.48285
1.34344
1.19343
1.1919
1.08235
1.28296
1.13855
1.06416
1.22752
0.753334
1.10582
1.30997
1.22658
0.782208
0.903004
0.885732
1.39986
1.18396
1.26141
0.805196
1.30043
1.54272
0.937041
1.44162
1.54287
1.48046
1.24332
1.20693
1.29795
0.539509
1.47384
0.873427
1.53716
1.23812
1.15497
1.22878
1.08992
0.347037
0.870226
1.528
1.38427
1.09973
0.63705
0.746491
1.323
1.53441
1.46381
1.27008
1.53582
1.21761
1.18047
1.10394
1.31673
1.3047
0.936936
1.23809
1.22216
1.02035
0.939501
1.18633
1.05967
0.77187
0.841845
0.805454
0.785764
1.45299
1.04567
0.903499
1.36489
1.42292
1.34269
1.12761
1.51351
0.920813
0.870704
1.56658
1.2228
1.42532
1.09587
1.15512
1.17163
1.34516
1.31218
1.19125
1.26029
1.37086
1.06626
0.721747
0.527401
0.792995
0.671787
1.37658
1.51975
1.30624
1.3646
0.452221
1.3268
1.53398
1.54027
0.857705
1.13107
1.48524
1.24197
1.36768
1.55917
0.848747
1.46559
1.30913
1.39462
1.45377
1.37485
1.23767
0.701926
1.21171
1.20463
1.43962
0.779712
1.12222
1.10634
1.06199
1.41507
1.44116
1.1632
1.1341
1.35361
0.710132
0.992155
1.56732
1.31477
1.4929
1.23745
1.27449
0.564235
1.30403
1.56939
0.997945
1.29612
1.22151
1.25531
1.03326
0.813919
1.19823
1.49694
0.957954
1.37038
1.54652
1.56427
1.20588
0.892133
0.88655
1.39962
1.12118
0.472286
1.55657
0.884131
1.41404
1.03175
0.888953
0.821631
1.1251
1.19652
0.816213
1.34857
1.55335
0.526021
1.52983
0.707239
1.06381
1.36141
1.06829
1.52836
1.34532
1.49828
0.845689
0.859273
1.32717
1.54345
1.00019
1.47422
0.799078
0.793755
0.872394
1.3596
1.19748
1.4459
1.39224
0.743297
0.85809
1.53105
1.56439
1.4198
0.667876
1.50988
0.697299
1.36136
1.40724
1.28522
1.43371
1.27165
1.43565
1.56628
1.12602
1.46608
1.30308
1.40011
1.38963
1.42816
1.16878
1.43642
1.25034
0.946409
1.4804
1.33174
1.32687
1.02891
1.4291
1.52537
1.55688
1.03256
1.35377
1.36368
1.14177
1.45896
1.54902
1.28808
1.31501
1.3517
1.12289
1.11779
1.50296
0.855987
1.30658
1.49308
1.22654
1.28143
1.48527
0.593742
1.05869
0.994933
1.04918
1.46278
1.36538
1.50113
1.0882
1.41718
1.32101
1.21115
1.16057
1.37933
1.16643
1.47219
1.20417
1.3268
1.31231
1.16478
1.1302
0.8276
1.03433
1.19704
1.46976
1.0693
0.592369
0.963548
0.774047
0.875012
1.48873
0.850972
1.53274
1.13307
1.13861
1.5556
1.3731
0.55945
1.46003
0.485927
1.38768
1.30745
0.701114
1.22323
1.21465
0.958327
0.766034
1.23686
1.30042
1.28659
1.47961
1.51688
0.766832
1.40658
1.16776
1.50535
0.721738
1.37609
1.35621
1.31011
1.18298
1.52592
1.36101
0.298203
1.24547
0.765549
1.17305
1.53728
0.97088
0.832406
0.855859
0.976561
1.51229
1.39527
1.25179
1.3235
0.553809
1.56169
1.48438
1.43858
0.923438
0.861577
1.48757
1.3202
0.876665
0.739787
0.896126
0.899942
1.5578
1.53214
0.872203
0.745806
1.37469
0.320497
1.13016
1.31408
1.5261
1.36235
0.925697
1.24098
1.20555
0.842553
1.48598
1.56136
0.985896
1.3547
1.38367
1.18403
1.4878
1.55566
0.78547
1.45365
1.47605
1.40032
1.27289
0.821226
1.55755
1.54296
1.41563
1.32594
1.21207
1.07573
1.43007
1.48932
1.51754
0.877388
1.00336
1.33359
0.646867
0.70058
0.65529
0.85327
0.897873
1.11655
1.15515
1.54171
1.31994
1.43414
0.816745
1.10456
1.30618
1.04159
0.837439
0.778928
1.41535
1.29945
1.44048
1.34621
1.45237
1.17538
1.51247
0.670098
0.840185
1.34776
1.06553
1.26711
1.5585
1.42752
1.04863
0.691206
1.01727
1.38738
1.52129
1.20415
1.40571
1.4279
1.30697
1.37332
1.1171
0.447507
1.56219
0.784867
1.16272
1.02952
1.49792
1.56146
1.45908
1.56582
1.13076
0.88296
1.00908
1.33551
1.44169
1.35692
1.46705
1.46452
1.55265
0.985149
0.904291
1.47127
1.33761
0.845458
0.568959
0.7558
1.51881
1.5473
1.48919
1.30229
0.928183
1.10443
1.08797
1.014
1.04219
1.07702
1.49896
1.29675
1.11482
1.47501
1.55224
0.943895
1.09981
0.849451
0.838519
1.41088
0.898573
0.861064
0.678271
1.02551
0.895903
1.44808
0.93495
1.1462
0.982962
1.00222
1.3625
1.38308
1.43433
1.06114
0.898854
1.32505
1.37969
1.51058
0.702836
1.14899
1.49743
1.48063
0.907961
1.29643
0.983236
0.663838
1.37599
1.47611
0.917374
1.15772
1.44327
1.34943
1.52453
1.4489
1.51999
1.14864
0.936131
1.21456
1.19535
0.476864
1.43769
0.929447
1.52207
1.17706
1.2904
1.45402
0.996701
1.5117
1.43808
1.1762
1.37757
1.46126
1.17782
1.16843
0.862842
1.01239
1.43063
1.22803
1.54411
0.789794
1.24313
1.14968
1.03984
1.30808
1.29852
1.10547
1.22397
1.52577
1.52152
0.736747
0.684404
1.4732
0.992318
1.48524
1.45352
0.794795
1.54043
1.03653
1.28131
1.29415
1.30109
0.888713
1.51237
1.41798
0.919484
1.3462
1.27135
0.786712
1.23809
1.53835
1.39323
1.39912
1.52642
1.4681
1.55108
0.782377
1.00111
1.228
1.39842
1.54986
1.3794
1.55676
1.09425
1.21638
1.24164
1.14475
1.31528
1.29551
1.50587
1.15361
1.49642
1.30916
1.21241
0.938953
1.41535
0.978016
1.39992
1.44722
1.49678
1.5162
1.37124
1.5624
1.19822
1.46963
1.53453
1.27997
1.53762
1.05613
1.2094
1.5596
1.37559
1.48953
1.48846
1.21088
0.91113
1.10086
0.905653
1.52802
0.919445
1.49516
1.49755
1.27589
1.17604
1.2579
1.33858
1.15489
1.0682
1.39081
0.813562
1.38019
0.828461
1.00786
1.30169
1.49662
1.14327
1.3334
1.50853
1.48497
1.17207
1.00697
1.10156
1.09802
0.743305
1.29168
0.812019
1.31617
1.1157
0.704224
1.15468
1.36638
0.579858
1.42967
1.5254
1.33608
1.49118
1.40976
1.328
1.33911
1.22787
1.47602
1.26912
1.36475
1.51701
1.5323
1.46005
1.2832
1.00834
1.49333
1.18127
0.626272
0.643613
1.37858
1.23572
1.35595
1.45174
1.24867
1.51999
0.795313
0.381261
0.731472
1.53777
1.37136
1.39961
0.810141
1.22047
1.42494
1.10041
1.3212
1.20587
1.29834
1.39014
1.43457
1.07496
1.28316
0.872384
0.673115
0.797941
0.847354
1.05009
0.961672
1.25329
1.20634
1.4612
0.958116
1.52464
1.10791
1.51782
1.08071
1.51973
1.37889
1.4918
1.21126
0.585658
1.49059
0.9048
1.38706
1.03446
1.17171
1.49473
0.672716
0.957923
1.25864
0.951824
0.75899
1.47452
1.53157
1.45014
1.02279
0.882802
1.06043
1.36269
1.40178
1.46261
0.988894
1.48242
1.40057
1.00124
1.08508
1.30012
1.2884
1.12705
1.5252
1.55087
0.997804
0.537663
1.2343
1.38819
1.13818
1.28684
1.37133
1.43727
1.43876
1.35798
1.02044
1.51261
1.1499
1.47635
1.43698
1.40554
0.445799
1.42281
1.33431
1.23984
1.29529
1.29101
0.637417
0.715113
1.32303
1.10514
1.50529
1.31256
0.60491
0.670798
1.48873
0.6788
0.837626
1.38379
1.19769
0.798238
1.42033
0.964844
1.5217
1.34795
0.896881
1.50899
1.06772
1.37677
0.864628
0.843765
1.42212
1.34283
1.2885
1.09723
1.44282
1.11086
1.16798
1.5707
0.729094
1.44804
1.53606
0.60969
1.42853
1.13298
1.36774
1.13973
0.745105
1.14519
1.33423
0.789412
0.826559
1.20857
1.1522
1.32441
0.965614
1.55889
1.02532
1.21766
1.56915
1.1361
1.26395
1.45749
1.31783
1.22131
1.30115
1.4637
1.56608
1.56402
1.49118
1.04444
1.2315
1.54788
0.566694
1.02237
1.10682
1.21723
1.41248
1.15482
1.3467
1.10367
1.48818
1.06595
1.03935
0.905622
1.0776
0.953796
1.52652
1.09839
1.13152
1.03671
0.752526
0.964079
1.53459
1.19475
1.51254
1.16648
1.39506
1.46499
1.29634
1.42785
1.31635
1.549
0.948596
0.930677
1.56491
1.51799
1.42982
0.841609
0.724658
1.45254
1.29953
1.48408
0.800477
1.27761
0.889229
1.35296
0.60467
1.26054
1.38317
0.949326
0.822149
1.11451
1.53154
1.27694
1.54843
1.26259
1.54992
1.37988
1.03862
1.54479
0.910521
1.06131
1.27046
1.38243
1.34601
1.26679
1.23174
1.43999
1.34586
0.691154
0.904734
1.35035
1.51229
1.05107
0.726022
1.47366
1.53646
1.22025
1.02993
0.95775
1.52508
1.34014
1.18739
1.33134
0.941658
1.38622
1.2141
1.39294
1.34719
1.47249
0.938302
1.153
1.40914
1.27863
1.15572
1.54891
1.30179
1.10011
1.4483
1.21768
1.38811
1.40469
1.33178
1.43802
1.25194
1.20167
1.21156
1.06194
0.96888
1.38259
1.21254
0.533656
1.00942
1.35962
1.25528
1.44988
1.09624
1.26599
1.14107
1.10343
1.5115
1.26069
1.52323
1.53398
0.912976
1.09285
1.37089
1.09899
0.819296
1.46214
1.55667
1.33369
1.03999
1.44879
1.49161
1.01532
1.45125
1.46753
1.48974
1.30214
0.986978
1.54113
1.5612
1.44227
1.22293
0.983698
1.06775
1.54101
1.08161
1.45331
1.06459
0.836257
0.881861
0.756317
0.831032
0.981612
1.46649
1.03594
0.773377
1.18922
1.22082
1.2632
1.24096
1.37466
1.03624
1.0281
1.56353
1.34606
1.14436
0.711596
1.34093
1.22113
1.08847
1.18887
1.27965
1.23639
1.38619
0.666853
1.14794
0.975779
1.41384
0.796563
1.48959
1.18192
1.44777
1.45764
1.52827
1.06815
1.53325
1.26944
0.697767
1.13763
0.782772
1.49666
1.45491
1.51914
0.765555
1.40738
0.870148
1.29872
1.25718
0.957646
1.23958
1.08192
0.78079
1.55162
1.55914
1.36053
1.17495
1.47501
0.862387
1.45604
0.540868
1.53105
1.56265
1.5414
1.24306
1.25887
1.42038
1.28894
1.2925
0.857538
1.1459
1.12508
1.25119
1.39791
0.735198
1.1958
0.952587
1.33774
1.0074
0.875998
1.4917
0.995299
0.824541
1.48644
1.30615
1.29729
1.12083
1.07486
1.29903
1.335
1.34118
1.51834
0.988383
1.4257
1.30073
1.22333
1.37641
1.38501
1.29084
1.46812
1.46311
1.30358
1.51101
0.888671
1.43639
0.872706
1.49056
1.19232
1.25278
1.10797
1.16955
1.01678
0.884968
1.10743
0.977886
1.5443
0.735485
0.964127
1.49107
1.49097
0.950707
1.30334
1.55944
1.32734
1.19133
0.849036
1.42289
0.565181
1.47214
1.28214
0.670308
0.503453
1.2269
1.19114
1.27417
1.26234
1.09198
0.830173
0.62257
1.08079
1.47188
0.732409
1.51466
1.51981
1.43143
1.38571
1.49296
1.01562
1.36961
1.15965
0.85496
1.32497
0.772238
1.01391
1.55899
1.34692
1.44104
1.43934
1.301
1.56607
0.962504
1.33654
1.38985
0.81071
1.32545
1.22863
1.31048
1.51137
1.40822
0.902763
1.5109
1.05113
1.35917
1.22583
1.50521
1.27594
1.34313
1.5451
1.4687
1.33596
1.28398
1.23279
1.36335
1.32806
1.09847
1.32717
0.802916
1.54974
1.3207
1.09096
1.12167
1.1023
1.54194
1.40145
1.23912
0.786692
0.757495
1.08878
1.56835
1.34882
1.33162
1.42779
1.09017
1.54046
0.987746
1.06409
0.692901
0.97608
0.763234
1.02712
1.17804
1.3513
0.975389
0.533397
1.07149
1.33535
0.937362
0.95151
1.44122
1.51385
1.06146
1.46047
1.44581
1.53124
1.34576
1.00061
0.94192
1.06482
0.931958
1.19169
1.11934
1.38342
1.30947
1.45288
1.36924
0.951368
1.55084
1.20123
1.07225
1.48445
0.824164
1.26399
0.388823
1.35124
1.48252
1.55575
0.75695
0.905121
1.46182
1.23493
0.639224
1.38603
1.13082
1.36729
1.47899
1.52879
1.42357
1.23248
1.22106
0.819001
1.37404
1.35429
1.38208
1.21829
1.46335
1.53481
0.938151
1.26778
0.736457
1.18869
1.26042
1.25506
1.23296
0.850101
1.53411
1.25908
1.12625
1.49847
0.339387
1.43924
1.53398
1.52484
1.27149
1.24242
1.56097
1.53007
1.06028
0.906154
1.18073
1.55786
1.07939
1.20706
1.31553
0.683225
1.53024
1.5122
0.595941
0.859132
0.922853
1.26646
1.23819
1.25991
1.42918
1.40704
1.1094
1.53154
0.824131
1.22116
0.948913
0.908405
1.40775
0.977417
0.818867
1.36974
1.2764
1.11776
1.37889
1.06295
1.11793
1.43386
1.01601
1.29928
1.48445
1.1244
1.35851
1.31321
1.36525
1.37643
1.2991
1.49131
1.4326
1.38048
0.480828
1.13662
1.23218
0.923051
1.5151
1.24177
1.4382
0.893486
1.26447
1.23813
1.31074
0.878721
1.34646
1.35809
1.46175
1.23334
0.84749
1.04139
1.51902
1.15258
1.5675
1.45647
0.932727
1.40184
1.24306
1.0616
0.880409
1.50214
1.5549
1.4475
1.53197
1.53832
1.5432
1.43488
1.10394
1.48512
0.238946
0.491684
1.23648
1.04608
1.28071
1.07587
1.25233
1.0985
1.34523
0.93924
1.56509
1.27371
1.2437
1.52809
0.895591
1.28
1.19387
1.50595
1.41959
1.06076
1.17617
0.709765
1.4157
1.18851
1.04049
1.02435
1.22885
1.34693
0.784024
1.51455
1.32297
1.31118
1.28156
0.993545
1.0461
1.29352
1.49079
0.88167
1.4951
1.16084
1.51682
1.37441
1.38364
1.38671
1.36566
1.06661
1.28696
1.29231
1.433
0.949544
1.26001
1.27239
1.04157
1.5146
0.954594
1.4042
1.2695
1.25759
0.914429
1.29757
1.46093
1.49363
1.31459
1.48916
1.41335
1.48291
1.00809
0.998632
1.10353
1.31654
1.07671
0.989978
1.21684
1.13676
1.37391
0.96069
1.46191
1.29301
0.767091
0.760106
1.41239
1.27981
1.39819
1.47942
1.14368
0.704054
1.08375
1.54559
1.37148
1.47179
1.28179
1.32068
1.32296
1.33818
1.24641
1.0991
0.883382
1.17094
1.37845
1.32221
1.36494
1.47645
0.856829
1.39893
1.24719
0.895448
1.55415
1.165
1.4902
1.47495
1.37061
1.01017
1.24813
1.55548
1.53968
0.929601
0.738739
1.4815
1.26317
1.49614
1.55096
0.645982
1.50685
1.27958
1.14325
0.764915
1.01586
1.11658
1.48604
1.36882
1.48031
1.01795
1.44781
0.700812
0.679648
1.10433
1.48291
0.884128
0.942193
1.35279
1.33422
1.54901
1.43507
0.989038
0.559758
1.15439
1.39577
1.54992
1.1812
1.20886
1.2674
0.579147
1.30714
0.977868
0.927704
1.17662
0.871985
1.4312
1.33636
0.760081
1.56835
1.13812
1.528
1.03744
1.54336
0.788225
0.693301
1.33692
1.05207
1.46728
0.783542
1.13075
1.39763
0.689755
1.37214
1.35306
1.39155
1.11975
0.941546
1.37885
1.49057
1.51966
0.927868
1.47712
0.780397
1.32315
1.15542
1.48095
1.52844
0.704575
1.5339
1.44122
1.29167
1.30645
0.71727
1.40271
1.40859
1.29941
1.47521
1.4366
1.32045
1.17663
0.908725
1.55908
0.60266
1.41798
1.3161
1.48888
1.1836
1.53262
1.19491
1.43106
1.49688
1.46499
1.16918
1.29488
1.21534
0.923047
1.55291
1.33865
1.55535
1.32247
1.29052
1.48696
1.53178
1.21886
0.883638
1.10454
1.46945
0.509224
1.1292
1.52922
1.26465
1.27236
1.33075
0.792554
1.32641
1.37048
1.09966
1.38684
1.38585
1.24885
0.791515
1.37164
1.4628
1.31061
1.31339
1.20755
1.23409
1.00273
1.45825
1.10139
1.18528
1.33381
1.36213
1.50651
1.14296
1.51467
1.45445
0.824159
1.26016
1.45411
1.37136
0.88747
0.992786
0.816362
1.47795
0.787806
1.2122
1.0081
0.854376
0.872386
1.46883
1.28898
1.14599
1.50301
1.34033
1.2369
0.646264
0.97671
1.4663
0.950094
1.09825
1.51119
1.10556
1.51045
0.729215
1.09004
0.927609
1.54461
1.38013
0.933817
1.48507
1.50171
1.09518
1.33643
1.53899
1.33472
1.10818
0.757489
1.10361
1.29062
1.56885
1.49161
1.30115
0.933197
1.41467
1.08447
1.47985
0.78687
1.50827
1.45073
0.530273
0.918706
1.49712
1.03913
1.17495
1.5066
1.4382
1.46384
0.993774
1.33429
0.570043
0.972469
1.26448
1.24006
1.37923
1.44455
1.50935
0.968874
1.27398
1.27889
1.27666
0.709668
0.651485
1.41718
1.34062
0.976344
1.50801
1.52222
1.15161
1.37934
1.05367
1.36824
1.3091
1.17282
1.14409
1.199
1.2459
1.28233
0.867112
0.908433
1.45113
0.439525
1.05427
1.54849
1.52177
0.855617
1.51107
1.49629
1.52927
1.15051
1.01899
1.1747
1.44907
1.19092
1.41199
1.28646
1.14893
1.47395
1.32399
1.17351
1.31206
1.25709
0.705248
1.48518
0.769742
1.25426
1.26873
1.52384
1.34262
1.4144
1.46223
1.43013
0.924655
1.24809
1.27842
1.38975
1.23454
1.20412
1.53252
1.45386
1.35048
1.24719
1.35208
1.32353
1.55023
1.29688
1.23409
1.18248
1.21432
1.38199
1.46377
1.38047
1.3207
1.25859
0.665452
1.1856
1.12699
0.905334
1.49186
1.46101
1.51773
1.39453
1.0673
1.53655
1.21661
1.53832
1.42917
0.969003
0.936636
1.45896
1.01288
1.30935
1.41164
0.893398
1.22327
0.95391
1.07905
1.2082
0.91557
0.853189
0.553616
1.00758
1.50189
0.965457
0.9605
1.56562
1.31036
1.43824
1.33448
1.34354
1.38426
1.43704
0.75494
0.982007
0.972875
1.46584
1.49235
1.07081
1.4092
1.21263
1.45875
0.495796
1.42681
1.23722
1.00323
0.997249
1.47427
0.708946
1.40527
0.779798
1.42415
1.10941
1.21524
1.45211
0.934879
1.29736
1.38159
1.09703
1.3445
1.2835
1.39061
1.50446
1.11373
1.53514
0.80667
0.810947
0.929669
1.45076
1.4419
1.31288
0.884763
1.18063
0.627416
1.21377
1.23483
1.48858
1.05969
1.53062
1.25984
1.50076
1.39221
0.868469
0.809816
1.08085
1.37042
1.21846
0.49806
1.30909
1.05125
1.38797
0.945958
1.49831
1.32825
1.25143
1.44522
1.56628
1.54546
0.944604
1.0355
1.33494
0.93372
1.55978
1.50188
1.51208
1.36974
1.06669
1.03475
1.28825
0.879768
0.785122
1.49101
1.56969
1.15972
1.18311
1.25108
1.56982
1.19208
0.541784
1.2595
1.41526
1.10203
1.16315
1.4739
1.35748
1.32202
1.44196
1.0302
1.35402
1.3874
1.43916
1.20751
0.873213
1.1344
1.52983
1.05275
1.35758
1.29471
0.728278
1.43722
0.93421
1.50835
1.16777
1.37458
1.07968
1.41573
0.970882
1.3393
1.0595
0.989095
1.02626
0.876398
0.966656
1.12709
1.17895
1.00916
1.19727
1.5697
1.27647
0.799098
0.950621
1.30726
1.45604
0.790073
1.01465
1.0585
1.30187
1.55013
1.45193
1.49966
1.27768
0.780044
0.89166
0.785239
0.887264
1.24326
1.14848
1.53111
1.04127
0.855765
1.48984
1.45445
1.35168
1.4655
0.692603
1.18116
0.897587
1.03279
1.0591
1.52882
1.16657
0.644687
0.573144
0.764752
1.06981
1.46713
1.26612
