1.27232
1.3457
0.858799
0.459954
1.08751
0.848312
1.07441
0.752691
1.13575
1.32171
1.42631
1.22024
0.410716
1.49247
1.54406
1.28016
1.56634
0.731363
0.941222
0.704698
1.11995
1.55793
1.21078
0.768873
1.09388
1.41251
1.3372
1.02365
1.3958
1.34375
1.46044
1.02392
0.582468
1.43192
1.37901
1.00042
1.40308
0.736435
1.22106
1.29066
1.35661
1.20327
1.27736
1.32429
1.23706
0.842353
1.17506
1.26125
1.16985
1.25342
1.19238
1.12445
0.862198
1.20913
1.35489
1.42415
1.34992
1.3927
1.024
1.42526
1.50419
0.800136
0.807951
1.17098
1.01846
0.831505
1.41345
1.33439
0.943803
0.763256
1.32763
1.25471
0.866491
1.06794
1.27955
1.10279
1.52458
1.11832
0.760477
1.23266
1.10347
0.89582
1.41588
1.43161
0.997681
1.37354
0.785304
1.05287
0.98944
1.28592
1.2638
1.31859
1.05409
1.34707
1.01618
1.31414
1.25484
1.52806
1.15128
0.766681
1.09121
0.343782
0.960338
1.03358
0.884276
0.900513
1.53383
1.05494
1.13244
0.937934
1.21182
1.12439
1.55483
1.54729
1.40617
0.769015
1.29663
1.24777
1.44621
1.21781
1.55181
1.3393
1.51663
1.47133
1.55448
1.33026
0.63851
1.28977
1.55131
0.98867
1.34773
1.19084
1.31793
1.20914
1.21269
1.35926
1.24351
1.17545
1.52788
1.44458
1.45681
1.0056
1.17941
1.20467
1.39946
1.15215
1.15124
1.34995
0.973913
1.19836
1.21621
1.49039
1.32152
0.891032
1.49274
1.30666
1.1933
1.39899
0.892986
0.971027
1.15711
1.00946
1.34007
1.39871
1.22476
1.05453
1.47597
1.36099
1.37366
0.528621
1.02435
1.02998
1.04325
0.794636
1.06285
1.46157
1.28452
1.24074
0.846965
1.52042
1.00836
1.0527
0.794172
1.3393
1.20526
0.679796
1.38597
1.49311
1.49891
1.08299
0.858107
1.44663
1.56955
1.32064
1.24873
0.710575
1.21179
1.47102
1.24112
0.769784
1.40686
1.56632
1.38944
0.99917
0.627423
1.11663
1.22444
1.19396
1.24529
1.54217
1.16653
1.25638
1.06166
1.21677
1.37842
1.49632
1.35775
1.21443
1.29494
0.704159
1.42468
1.41977
1.1661
1.16471
1.31666
1.42257
0.862548
1.35037
1.56481
1.39112
1.40995
1.36157
1.46507
1.47219
1.45687
0.92737
1.485
1.23803
1.36974
1.32102
1.16158
1.5261
1.45672
1.20054
1.39118
1.37733
0.821826
1.29828
0.464167
1.46372
0.839381
1.18132
0.636808
1.27564
1.33472
1.18482
1.29706
1.11234
0.761857
1.19975
1.18647
1.56512
1.56414
1.50257
1.21827
1.06864
1.53539
1.11818
1.53247
0.896218
1.01575
1.52898
0.5709
0.959667
1.26394
1.33353
1.06071
1.21442
0.704365
1.47953
1.5338
0.888997
1.3341
0.76407
1.17693
1.31837
1.35043
1.18377
1.0061
1.08015
0.877953
0.900024
0.814397
1.02427
1.27225
0.899581
1.22952
1.51521
1.46789
1.30378
1.03754
1.48659
1.29612
1.36356
1.03397
1.03987
1.3236
1.56695
1.28288
1.13343
1.2042
1.51142
0.892602
0.917038
1.53664
1.3547
1.27863
1.3166
1.39016
1.20836
1.49014
1.22669
1.39101
1.16517
1.4403
1.11574
1.42357
1.00567
1.32464
1.55023
1.56193
0.95423
0.474221
1.50397
1.35913
1.41944
1.33755
1.1253
1.51969
0.915055
0.961167
1.33893
1.16806
0.940003
1.55883
1.20412
0.91296
1.24622
1.28268
1.22976
0.555541
1.25252
1.36852
0.904029
0.901454
0.93499
1.38306
1.16763
1.4996
1.21643
0.873964
0.605996
1.11401
1.06652
1.48795
0.901119
1.37074
1.36905
1.40533
1.3892
1.0655
0.753124
1.36594
1.38218
1.15459
1.27197
1.3783
1.22995
1.08347
1.22229
0.639274
0.72819
1.18057
1.2612
1.29783
0.803381
1.34673
1.25318
1.42631
1.334
1.27319
1.19612
1.39496
1.15205
1.16261
1.28436
1.36762
0.697162
0.963694
1.49718
0.748999
1.34676
1.53398
1.42791
1.26478
1.3641
1.52409
0.872028
1.3997
0.920606
1.39366
1.40667
0.978928
1.33121
1.34688
0.982459
1.37178
0.869064
1.47
1.50734
1.11471
1.35445
1.23293
1.54031
1.45629
0.712552
1.34025
1.42767
1.28652
1.50711
0.961298
1.34657
1.06871
0.915277
0.818441
1.28888
1.2515
1.50954
1.53374
0.88672
1.46814
1.30283
1.26623
1.07985
1.33359
1.26203
1.52711
1.35277
1.00574
0.794535
1.51758
0.946067
1.33661
1.18287
1.54278
1.16849
1.50777
1.56268
1.14483
0.903678
1.544
1.35895
0.718167
0.359505
1.45518
1.55142
1.39818
1.29384
1.49043
1.23576
1.21846
1.41347
1.34776
1.53215
0.725846
0.81189
0.949416
1.25156
1.33303
1.31133
0.972358
1.43525
1.48414
1.14173
1.23089
0.842125
0.763278
1.01912
1.53197
1.02353
1.45234
1.08433
1.16171
0.932728
1.54824
1.39441
1.03677
0.993265
0.970876
0.496117
1.31563
1.54182
0.999815
1.49721
0.734591
1.14275
1.10934
1.27347
1.20295
1.40327
0.907815
1.37231
1.4699
1.53472
1.54336
1.42446
0.954053
1.51021
0.936599
1.26444
1.56085
0.604841
1.41628
1.36244
0.998051
1.48788
1.47979
1.52323
1.40797
1.02199
1.30853
1.522
1.28843
1.54644
1.02493
1.40237
0.998401
1.10259
1.00009
0.569352
1.49773
1.16959
1.3847
0.943752
1.40814
1.45647
1.42522
0.904116
1.35508
1.21449
1.43095
1.37167
1.31171
1.19349
1.29095
1.52802
1.4872
1.37822
1.55096
1.2822
1.02921
1.48334
1.33303
1.16011
1.36502
0.855947
1.34914
1.30062
1.44645
0.795613
1.16763
1.42465
1.20159
1.56121
0.78292
0.803309
0.611022
0.924593
1.53527
1.52769
1.45942
1.31988
1.54986
1.52781
1.06236
1.08513
1.05072
1.24571
1.21312
1.10804
0.831577
1.03048
1.46225
1.36394
1.54504
1.15692
1.46141
0.710087
1.16517
1.50685
1.2582
1.24487
1.54791
0.976845
1.42434
1.53401
1.07379
1.48861
1.22525
1.56604
1.31332
0.627884
1.40883
1.04875
1.32039
1.28541
0.4559
1.24793
1.0636
1.47079
0.58752
1.41421
1.55258
1.51633
1.33902
1.1729
1.01266
0.801896
1.49725
1.49678
1.33002
1.50997
1.21454
1.45085
1.53487
1.50449
0.96089
1.38249
1.12848
1.21594
1.29447
1.48279
1.03244
0.944163
1.49173
1.44082
1.43975
1.47488
1.12432
1.44108
1.52115
1.24051
1.39295
1.54359
0.894845
1.55578
1.09426
1.05068
1.20146
1.34392
1.26029
0.978842
0.989018
0.999987
1.09908
0.97449
1.29116
1.17839
1.40246
1.54681
0.949296
0.860906
1.37101
1.48861
1.00017
1.50358
1.56555
1.5382
1.39706
1.4419
1.19795
1.36335
1.05669
1.36082
1.23788
1.55725
1.31414
1.07122
1.26557
1.11009
1.09182
1.52225
1.03212
0.911201
1.4131
1.30055
0.828813
0.834187
1.23882
1.42489
1.34586
0.890503
1.13835
1.3928
0.739573
0.746152
1.22968
0.952048
1.39118
1.22112
1.16494
1.01821
1.1798
1.31787
1.11077
1.31146
1.26087
1.2897
1.41798
0.932119
1.06394
0.787743
1.03331
1.04636
1.26983
1.30988
0.974062
1.41934
1.38274
1.34332
1.29978
1.4635
0.870447
0.366067
1.3291
1.26532
0.781544
1.41631
1.15453
1.2757
1.39949
1.12894
0.930248
1.39509
1.12034
1.43999
1.05491
1.12231
1.4932
1.19633
1.00283
0.665415
1.33133
0.900865
1.1833
1.3915
0.888008
1.47408
1.31953
0.799979
1.15665
1.27755
1.41769
1.49639
1.52183
1.4943
1.50012
0.873041
1.06076
1.55694
1.17717
1.50434
1.28853
1.16923
1.43389
1.02985
0.850577
1.06436
1.26835
1.08769
1.4327
1.49749
1.01037
1.00652
0.823733
0.807701
1.04931
0.903838
1.52809
1.28402
1.31572
0.977004
1.44282
0.991431
1.24802
1.42428
0.773613
0.650333
1.27034
1.29129
1.3967
1.17852
1.06222
1.34732
1.09922
1.53948
1.04615
1.07901
1.25297
1.50186
1.35527
1.37539
1.29966
1.14734
1.44219
1.22748
1.30049
1.48438
1.36182
1.33755
1.09546
1.52015
1.15229
1.48863
1.39311
1.44233
1.46852
0.982237
1.41613
1.01029
1.14751
1.10989
1.51847
1.39584
1.29396
1.32526
0.755704
1.36482
1.12226
1.21292
1.05557
1.39199
1.25098
1.07537
1.27043
1.03412
0.830585
0.990059
1.52459
1.32001
1.31623
0.943545
1.40241
1.14542
1.12846
1.13885
1.27301
1.48169
0.682422
1.3665
1.33362
0.839427
0.620417
0.687823
1.12325
1.06449
1.10879
1.33177
1.39224
1.35252
1.264
1.32341
0.81682
1.25057
0.803404
1.31503
1.0401
0.819063
1.0119
1.30251
1.25957
1.55853
1.42823
0.802319
1.3557
0.818662
1.42416
1.33196
1.22573
0.549448
0.846681
1.42573
1.40618
1.51825
1.16557
1.07566
1.19669
1.33127
1.46771
0.742208
1.49792
0.550776
1.31414
1.09923
1.37938
1.21762
1.54455
1.18469
1.40588
0.912907
1.47872
1.17333
1.53379
1.52409
1.38063
0.907418
1.32844
0.955376
0.918888
1.38231
1.40871
1.33833
0.85446
1.22386
1.35358
1.52427
0.516119
0.931287
0.647418
1.4044
1.00112
0.912681
1.39759
1.56188
1.09041
1.16849
1.56439
1.43888
1.21778
0.920671
1.49847
1.37786
1.34632
1.03439
1.22586
1.39075
0.918454
0.939325
1.12749
1.36509
0.621932
1.45451
1.10934
0.744695
1.43704
0.557678
0.896506
1.18837
1.23732
1.24429
1.04004
1.44138
1.37845
0.797833
1.29196
1.42245
1.24818
1.2772
0.9853
1.48214
0.950641
1.25432
1.54676
1.10182
1.09599
1.17666
1.24
1.00798
1.35354
1.44618
1.23219
1.36651
1.36463
1.41903
1.44208
0.63728
0.780375
0.748233
1.4419
1.53801
1.24155
1.14562
0.967289
1.44289
1.23629
1.47577
0.973239
0.83185
0.941494
1.13898
1.39146
1.34598
1.30751
0.884665
1.53163
0.882538
1.07617
1.40667
1.11863
1.17897
1.38175
1.36313
1.51715
1.40534
0.967846
1.36631
1.33118
1.05223
0.927025
0.837034
1.47237
1.35933
1.56103
1.35558
0.923222
1.55079
1.38529
1.26733
1.41638
1.03666
1.2399
1.19284
1.54626
1.47691
0.985604
1.56964
0.850432
1.54646
1.22994
1.41434
0.679038
0.893628
1.28239
1.18019
1.03857
1.52094
0.661165
0.820912
1.1956
1.05142
1.18857
1.46151
0.796625
0.824466
1.5617
1.41922
1.42785
1.48876
1.40153
1.36308
1.37954
1.05093
1.32668
1.48102
1.39825
1.30125
1.1058
1.48537
0.984354
0.83281
1.32063
1.00344
0.967068
1.44498
1.30669
1.52293
1.29275
1.50605
1.30796
0.877155
1.27717
1.12289
1.10546
1.50624
1.30467
1.29237
1.46136
1.12519
1.39137
0.990985
1.14187
1.29599
0.637567
1.55077
0.731289
1.09611
0.990851
1.15131
0.918043
1.37696
0.870224
1.42989
1.21332
0.841123
0.992878
1.34035
1.38575
1.19737
1.23544
1.47403
1.39081
1.3144
0.980971
1.50032
1.45707
0.893169
0.987548
1.46838
0.906679
1.21253
0.829483
1.07258
1.19448
0.554051
1.51917
1.42773
1.05576
1.32339
0.659801
0.520809
1.01643
0.914371
1.29694
1.09314
0.848465
1.08732
1.12929
1.295
1.42029
1.47435
0.835761
0.553157
0.82667
0.563051
1.43938
1.50196
1.24142
1.44142
1.40865
1.4724
1.26837
1.05799
1.44742
1.12889
1.42847
1.56102
1.07697
1.08514
0.403475
1.26617
1.47961
0.615441
1.30599
1.2757
1.4964
1.11485
0.935216
1.5173
1.3246
1.36238
1.10831
0.940105
1.39769
1.39002
0.921736
1.36194
1.51186
1.41662
1.43673
1.44223
1.47938
1.07573
1.50576
1.41644
1.3809
1.08881
1.06201
1.00991
1.46114
1.05499
1.01195
1.36614
0.978409
1.43876
1.15393
1.51021
1.49816
1.51046
1.21108
0.443024
1.10995
1.44612
1.41736
1.20828
1.01366
1.27503
1.54553
1.56304
1.2749
1.54736
1.27997
0.833973
1.36725
0.458288
1.56225
1.17739
0.923953
1.11832
1.22508
1.47452
1.26624
1.21852
0.694407
1.0581
1.43211
0.658771
1.00947
1.43856
0.658484
0.799715
0.851608
1.46565
0.836149
0.881752
1.40729
1.01601
1.00191
0.990897
1.48074
1.02528
1.23059
0.640541
1.07938
0.992574
1.41917
1.22217
1.12621
1.11203
1.52539
0.912095
0.931447
1.37733
1.24599
1.48218
1.26752
1.22671
1.54485
0.66569
1.33943
1.32787
1.07623
1.42921
1.19081
1.48696
1.13992
1.09419
1.42582
1.29034
0.722861
1.22933
1.18027
0.543103
0.841909
1.54583
1.19482
1.44568
1.54815
1.37192
1.45749
1.56683
1.03861
1.37631
1.29947
1.33466
1.25587
1.3053
1.33799
1.24293
1.34917
0.832284
1.49786
1.29716
0.931971
1.05976
1.48468
1.16777
1.0448
1.02217
1.48828
1.54827
1.17379
1.4593
1.22145
1.31941
0.976822
1.08354
1.34639
1.40017
1.25394
1.10627
1.1344
0.528087
1.05107
1.00801
1.54547
1.22463
1.20483
1.27133
1.55187
1.15865
0.87988
1.25503
1.51367
1.55364
1.14784
1.14891
1.08159
1.45896
1.36157
0.87485
0.747069
1.30997
1.13705
0.969029
1.38504
0.994295
1.49412
1.03518
0.812785
1.35848
1.00479
0.77824
1.50758
0.936193
1.51984
1.42628
1.15652
1.39484
1.55322
1.34125
0.880828
1.31406
1.37515
1.50079
1.36587
1.20045
1.48506
1.31575
1.20732
1.44104
1.35676
1.36017
0.881898
1.46495
1.26183
1.47905
1.42539
1.42773
1.3693
1.16128
1.19002
1.17267
1.28499
1.39989
1.37011
0.584138
1.29764
0.999947
1.46782
1.44568
1.5605
1.21351
1.3746
1.32985
1.1722
1.41786
1.48457
1.31922
1.52451
1.5398
0.893635
1.16968
1.24976
0.478179
1.31773
1.3806
1.52158
1.1912
1.35508
1.00737
0.84211
0.593852
0.723695
1.40803
0.811128
0.885764
0.632559
1.35226
1.24029
1.52274
0.975066
0.581177
1.45002
1.02427
1.53178
0.961282
1.36392
1.35888
1.03217
1.5335
1.17556
1.39534
1.15765
1.07939
0.998991
1.31029
1.37285
1.38882
0.969609
1.02727
1.31875
1.31519
1.09467
0.804778
0.77137
1.09482
1.27506
1.2585
1.278
0.908686
1.1272
1.24886
1.00009
1.06817
1.08664
1.23835
1.13314
1.32379
1.01007
0.80968
0.719285
1.13394
1.48301
1.01216
0.938793
1.31786
1.35214
0.844636
1.15128
0.919382
1.27885
1.42187
1.24786
1.45564
1.51694
0.857898
0.983624
1.09181
1.04664
1.37795
1.35133
1.16398
1.14384
0.335763
1.31357
1.28325
1.35167
1.122
0.980241
1.1495
1.24442
0.745084
1.28958
1.3132
1.02913
0.984489
1.26915
1.12708
1.52327
1.16358
1.12818
1.3319
1.53554
0.924659
1.03644
1.14851
0.974681
0.807548
1.49939
1.31105
0.809629
1.23779
1.42863
1.00241
1.47136
1.55206
0.725678
1.2844
1.44575
1.04556
0.79893
1.52149
1.24342
1.41607
1.5089
1.20516
1.49455
0.943188
1.09889
1.23182
1.31711
1.35936
0.699696
0.749252
1.14914
0.769629
1.4701
1.3954
0.741458
1.4721
1.19216
1.48953
0.844795
1.30764
1.45638
1.26151
1.39813
1.55661
1.22138
1.45708
1.51976
1.45008
1.05215
1.10289
1.43947
1.4165
1.04952
1.39998
1.46126
0.904409
1.51205
1.53223
1.47108
1.07805
1.00817
1.43152
1.46611
1.23822
1.43839
1.06404
1.07794
1.22736
1.55688
1.36433
1.00839
1.42214
1.10668
1.53511
0.561647
0.847809
0.397941
1.52195
1.52335
1.41668
1.55963
1.45143
1.34225
1.54681
0.985174
1.14036
1.23301
1.05717
1.33405
0.939018
0.894417
0.781423
1.19516
1.01461
1.0728
1.35214
0.944227
1.38668
0.630821
1.39924
1.13882
0.930791
1.22172
1.36007
1.37633
1.36728
1.5104
1.32322
0.978654
1.37783
1.38938
0.849433
1.0117
1.07869
1.16172
1.41104
1.34826
1.53841
1.31403
1.49244
0.915678
1.39809
0.908739
1.0484
1.34986
0.990898
1.51553
1.40877
1.18848
1.43224
1.32738
0.857546
0.837182
1.30761
1.42995
1.5405
1.56823
1.27134
1.34444
1.20418
1.05203
1.25744
1.43149
1.00653
0.960438
1.35633
1.36637
1.41804
1.10791
1.39912
1.15185
1.31351
0.808488
1.48727
1.48971
1.0307
0.37384
1.07252
1.51107
1.11683
1.41483
1.38718
1.03291
1.54644
1.4785
1.04402
1.47474
0.702469
1.29067
1.13408
1.12786
1.48343
1.20108
1.41641
1.40534
0.987867
0.843173
1.21136
1.31485
1.36831
1.19711
1.25464
1.39
1.56823
1.15941
1.45417
1.50731
1.39555
1.54467
1.33256
1.19482
0.447589
1.10025
1.24475
1.32183
1.55835
1.44135
1.31124
1.24699
1.01671
1.52693
1.3141
1.34682
0.639972
1.18257
1.30912
1.2282
0.950925
1.11703
1.35496
1.46992
1.01588
0.62508
1.14984
1.06934
0.997815
0.780237
1.11034
1.53656
1.0814
0.821329
1.24113
1.42452
1.52115
1.53203
1.49587
0.777107
0.562639
1.54369
1.56793
1.42497
0.908357
1.39162
0.718742
1.19865
0.831864
0.902984
1.3959
1.28449
1.51156
0.951148
1.29966
0.793989
1.07399
1.06306
1.47151
1.46114
1.34331
1.21985
1.55082
1.36857
1.34613
0.556185
1.13716
0.488989
1.20065
1.5682
0.68544
1.22502
0.892047
1.2293
1.06412
1.5063
1.41094
1.17061
1.00056
1.09353
1.44952
0.71991
1.22242
1.19242
1.49268
1.52378
0.747089
1.24628
1.52433
1.4139
0.789074
0.911452
1.33642
1.40636
0.890062
1.42329
1.25091
1.54821
1.49424
1.50896
0.827291
0.537977
1.39971
1.20516
1.38408
1.11844
1.47071
0.411553
0.963061
0.92778
1.42384
1.15819
0.948298
1.47062
0.927575
1.26918
0.932521
1.43476
1.36122
0.641612
0.828677
1.50771
1.42791
0.876754
1.17947
1.29406
0.817607
1.35645
1.13118
1.54394
1.36771
1.56228
1.52635
1.42341
1.40296
0.992762
1.39416
0.547173
1.09
1.45635
0.641487
1.18847
1.31301
1.54406
1.38913
1.46639
1.32864
1.31937
1.0378
1.07114
1.15124
0.83569
1.23479
1.04446
1.5369
1.11331
1.26475
0.503348
1.42045
0.590211
1.49345
1.32828
1.01942
1.38491
1.13095
1.35126
1.16062
0.72165
1.20049
1.33962
1.3482
1.34416
1.52038
1.27161
0.993465
1.21293
1.25374
1.50506
1.18798
0.930594
1.23753
1.54033
0.846977
1.13025
1.48065
0.931366
1.29881
1.4194
0.953338
1.275
0.76675
0.90238
1.27882
1.31809
1.47902
1.17237
1.31547
0.985231
1.48818
0.799528
0.906686
1.16417
1.29732
1.31327
1.4883
1.23176
1.48665
0.975244
1.21208
0.785813
1.53508
1.21787
0.822282
1.25856
1.50978
0.987167
1.36891
1.46358
1.37414
1.49498
0.929005
1.53108
1.36219
1.5556
1.31421
1.44196
1.10224
1.12138
1.35317
0.762705
0.894263
1.46838
1.26899
1.40735
1.48109
1.44092
1.50177
1.4036
1.44335
1.42804
1.50318
1.32372
1.00993
0.952353
0.903683
0.718523
1.29231
1.40271
1.55218
1.50978
0.98529
1.2906
1.29942
1.11528
1.14817
1.29199
1.40593
0.748148
1.18126
1.55102
1.41659
1.56825
1.56315
1.24013
0.720129
0.747382
1.10897
1.09325
0.864677
1.4322
1.47838
1.11151
1.46037
1.26887
1.20425
1.35823
1.09398
1.12157
0.739469
1.16358
1.44359
1.24622
1.17541
1.5691
1.55636
1.46206
0.909662
1.4484
1.04607
1.07753
1.44209
1.25599
1.17697
1.47111
1.20529
1.54034
1.48818
0.745037
1.48941
1.16823
1.49902
1.10597
0.592804
1.01634
1.35501
1.34388
1.4144
1.50767
1.46446
0.7874
0.764654
0.657306
1.28137
1.49229
1.50772
1.29225
1.51694
0.774553
0.923131
0.956339
1.03963
0.909105
1.27264
1.36941
1.10346
1.02063
1.50945
1.21081
1.33478
1.5603
1.14944
0.948755
1.50657
1.19338
0.54041
1.18554
1.09266
1.31055
0.959525
0.883307
1.53178
1.52833
0.95347
1.47073
1.5141
1.18257
1.00335
0.697984
1.01253
1.09605
0.869973
0.910038
1.40188
1.4435
1.51706
1.49507
1.09495
1.39806
1.36899
1.48524
1.42311
1.50251
1.31953
1.366
1.24705
0.798338
1.40512
1.56049
1.21273
1.264
1.46541
1.45285
1.25863
1.54719
1.55078
1.18965
0.797689
1.12116
1.34497
1.28137
1.41096
1.07177
1.19678
1.2665
1.31822
1.46415
0.812672
1.3828
0.999592
0.93447
1.37203
1.20676
1.15406
1.54327
1.40121
1.05164
0.389389
0.929083
1.20497
1.34637
0.71813
1.32287
0.695735
1.28691
1.04663
1.30444
1.4628
1.46139
0.999947
1.51013
1.19944
1.19711
0.964803
1.27946
1.30429
1.21489
1.47869
1.49124
1.49259
1.10149
0.991017
1.30966
1.30188
1.45549
1.21136
1.02033
1.09901
0.980084
1.47124
1.26803
1.44842
1.30115
1.5192
1.54449
1.36675
0.871029
1.46676
1.40186
1.38529
1.14989
1.26664
0.672219
1.03878
1.01102
1.29409
0.568181
1.03027
0.706348
1.27014
1.49467
1.50165
0.906696
1.43506
1.51217
1.16702
1.31799
0.948915
1.0903
1.31887
1.05851
1.34655
0.968367
1.16157
0.861076
0.975973
1.54635
1.1661
1.35395
1.40481
1.40661
1.20839
0.813943
1.18502
1.53148
1.27826
1.12035
1.06131
1.51302
1.54925
0.606721
0.883093
1.2688
1.07302
1.14564
1.20085
1.55456
1.26308
0.675293
1.35946
1.3178
1.22262
1.44128
1.09182
1.44144
1.20045
0.801795
1.39372
1.03609
0.86065
1.40929
1.2658
1.35145
1.35364
1.3224
0.983445
0.695338
1.41041
1.47611
1.52904
0.339713
1.44024
1.57058
1.38491
1.08077
0.603054
1.19547
0.905175
1.20301
1.53299
1.14153
1.56472
1.5646
1.33588
1.07302
1.50535
0.97008
1.19362
0.991998
0.802527
1.40355
1.37338
1.33114
1.12827
1.06498
1.55252
0.36901
1.55807
1.06113
1.54639
1.48172
1.19898
1.54272
1.01101
0.991727
1.2247
1.44058
1.56863
0.972841
0.674259
1.25252
1.14019
1.3235
0.77643
0.903931
1.20418
0.64455
1.21259
1.24667
1.49574
0.980444
1.43814
1.24216
1.22087
0.77823
1.0415
0.662683
1.1277
1.54146
0.843897
1.50293
0.94858
0.51045
1.27053
1.32391
1.24169
1.06814
1.40444
1.27238
1.51177
1.39162
0.592767
0.873594
0.79348
1.05149
1.13481
1.3882
0.778001
0.764266
1.53579
1.55285
1.15399
1.07857
0.981407
1.05373
1.26152
1.13407
1.32111
1.53455
1.52873
1.3625
1.29808
1.49002
0.737179
1.4364
1.10252
1.41186
1.09674
1.43075
1.37988
1.02314
1.33309
1.41943
0.83108
1.46906
1.00168
1.16846
1.24417
1.54078
1.17719
1.19224
1.39159
1.19462
1.16557
1.15345
1.54629
0.986785
1.03773
1.55694
1.39475
1.40871
1.15137
1.53509
1.41594
1.24481
1.54501
1.50985
1.15669
1.51434
1.328
1.35039
1.51724
0.979132
1.09785
1.35817
1.45081
0.827356
1.56781
1.24807
1.51604
1.32926
1.54186
1.44153
0.874098
1.5261
1.16643
1.2935
1.42859
1.48426
0.873403
1.42513
1.10252
1.55208
1.33585
1.5347
1.35797
1.17769
1.52323
1.14516
1.39416
1.34595
1.18093
1.19271
1.40395
1.36026
0.91248
1.09814
0.858312
0.580878
1.4647
1.37288
1.19304
1.18113
1.3577
1.26353
1.09668
0.939775
0.849015
1.2565
1.22361
1.15739
1.54
1.33942
0.389809
1.51441
0.961869
1.31515
1.05054
0.934116
1.20045
1.50581
1.38087
1.4492
1.23525
0.898797
1.43836
1.49284
1.40238
1.52754
1.45816
1.1681
0.842022
1.48904
1.11618
1.09646
1.02528
1.06975
1.22059
0.98296
1.11811
1.37073
1.18344
1.27264
1.52986
1.3688
1.2379
1.20287
1.54758
0.498232
1.24135
1.29377
1.24158
1.17005
1.46456
1.4375
1.22304
1.37929
1.02806
1.23926
1.44662
1.21097
0.928016
1.32364
0.918791
1.25024
1.21976
0.776833
1.19625
1.49222
0.884244
1.09849
1.37193
0.967356
0.976638
1.22295
1.30612
1.35395
1.28563
1.53835
1.18555
0.812274
1.11634
1.35047
1.42421
1.39534
1.46495
1.47213
1.21513
1.32964
0.555541
1.56988
1.02049
1.40228
1.50269
1.02064
1.27659
1.55981
1.00436
1.23214
1.2019
0.953905
1.39034
0.979392
1.52654
1.45246
1.50737
1.36753
1.02182
1.34741
1.56024
1.41323
1.28926
1.11084
1.46568
1.02206
1.04441
1.14702
1.5465
1.38292
0.8966
1.49654
1.31856
0.725497
0.702982
1.56921
1.22878
1.44473
1.36357
1.5699
1.41434
1.53823
1.27335
1.10552
0.907501
1.25871
1.43519
0.685063
1.48971
1.41727
1.43537
1.20041
0.974826
1.04406
0.995232
1.56674
1.07967
1.29345
1.23867
1.02999
1.06627
1.51009
1.07932
1.28387
0.797568
1.04354
1.1213
1.24422
1.15372
1.52769
1.56616
0.719475
1.3046
0.667107
1.56091
1.32108
1.40628
1.38666
1.23913
1.12912
1.47262
1.31269
1.42583
1.07771
1.14984
1.29627
1.18799
1.10053
1.33736
1.4148
1.54955
1.31237
1.24412
1.20902
1.3693
0.768375
1.35982
0.811194
1.32134
0.836513
1.31181
1.50911
1.01078
1.29164
0.908239
1.2079
1.42754
1.09586
1.01952
1.11384
1.43014
1.33303
1.32995
0.973092
1.08081
1.37963
1.11452
1.49149
1.32882
1.49603
1.16956
1.22158
1.13075
1.07417
1.30283
1.43152
0.76146
1.56436
1.28551
1.49897
1.28806
1.05823
1.43624
1.33912
1.55691
1.50982
1.23212
0.602886
1.04987
0.941502
1.3144
1.09003
0.988528
1.38274
0.707265
1.21354
1.38746
1.34732
1.27844
1.29863
1.46949
0.910391
1.11574
1.30182
1.50092
1.54143
1.19055
1.25419
1.28881
1.34545
0.921203
1.13374
0.932834
1.25531
1.26131
1.00708
1.40587
1.26273
1.34031
0.829747
0.941295
1.28128
1.52598
0.949633
0.762093
1.48536
1.30473
0.992227
1.0053
0.906104
1.342
0.955051
1.5452
0.81393
1.22676
1.39211
1.44761
1.17328
1.1663
1.10811
1.12096
0.837242
0.643028
1.55096
0.819211
1.44718
1.19816
1.11527
1.31825
1.33613
1.42781
1.48267
1.38119
1.50225
1.37755
1.22748
1.28674
1.06351
0.902835
0.895528
1.24829
0.992968
1.29193
1.41123
1.54188
1.06043
1.56494
1.52268
1.56158
0.420994
1.52131
0.775584
1.43944
0.604289
0.867334
0.855185
1.14602
1.19203
1.50697
1.55078
1.03055
1.52012
1.26605
1.03916
1.40679
1.23403
1.35776
1.4968
1.20072
1.12137
1.33246
1.46007
1.51553
1.22846
1.18784
0.822835
1.02472
1.16809
1.51064
1.25162
0.916303
1.52445
1.43088
1.26855
1.51156
0.849232
1.33466
1.33017
1.07308
1.31458
1.05333
1.35145
1.32539
0.763891
1.49394
0.816013
1.3594
1.14361
1.3846
1.37769
0.944564
1.51073
1.52348
1.20084
1.31938
0.86218
1.22879
1.3763
1.51009
0.945354
0.913051
1.31394
0.715322
0.835103
0.894268
1.06668
0.706932
1.27576
0.720218
0.95819
1.38665
1.38758
0.971695
1.07002
1.56588
1.00535
0.90927
1.37335
1.40358
1.38988
1.32824
1.44223
0.873926
1.41997
0.985597
1.46799
1.04062
1.21967
1.29478
1.32435
1.47004
1.40621
1.24035
1.46722
0.694626
1.54655
1.55926
1.19868
1.54583
1.05483
1.14362
1.50086
1.47905
1.02378
1.03465
0.67645
1.3645
1.52879
1.544
0.704907
0.918584
1.39997
1.53243
1.30314
1.21986
1.06376
1.06818
1.52594
1.33774
1.54233
1.02364
1.45521
1.00146
1.46887
0.973455
1.46822
1.06277
1.27142
1.14517
1.55709
0.720865
1.30956
1.54632
1.38617
1.00357
1.15148
1.33391
1.04749
1.0898
1.54272
1.42711
0.955595
0.614544
1.34685
1.43879
1.32624
1.08738
0.861442
1.01688
1.4268
1.07454
1.08431
1.52482
1.39304
1.48429
1.29026
1.56024
1.20445
1.35295
1.20025
0.861766
1.19541
0.886558
0.655218
1.3142
0.528358
1.01108
0.629561
1.0546
1.43513
1.48693
1.18857
1.56805
1.39825
1.25124
1.20954
1.56768
1.42051
1.48224
1.37948
1.34601
1.46363
1.30315
1.15269
1.24937
1.40144
1.44944
0.979433
0.815922
1.12655
1.18211
1.39875
1.45494
1.10791
1.45091
0.954356
1.24727
1.51364
1.11648
1.40611
1.30824
1.17655
1.20905
1.19973
0.94151
1.56715
1.46624
0.749551
1.27879
1.31067
1.2897
1.02813
1.23667
0.929111
1.38386
1.27745
0.941071
1.28939
0.992676
1.49404
1.33143
1.48203
1.21216
1.09738
1.55142
1.27155
1.10306
1.30602
1.42496
1.39608
1.34645
1.41736
1.06143
1.41507
1.244
1.20346
1.31976
0.981541
0.945553
1.43131
0.913573
0.865005
0.976722
0.883026
1.29929
1.29291
0.591956
1.37623
1.40008
1.45511
0.795547
1.09518
1.54586
1.28258
0.856674
0.931002
1.5476
1.38187
1.28013
0.946704
1.5367
0.908296
1.45242
0.976177
1.38321
1.46099
1.40462
1.04571
1.26874
0.938572
1.42138
1.38013
0.864233
1.3547
1.55065
0.712833
0.710661
1.2644
1.55552
0.94247
1.05026
1.45825
1.10005
1.40914
1.47548
1.22291
1.4089
1.13818
1.1334
1.52516
0.753054
0.845974
1.02828
1.44467
0.971039
1.39125
1.32542
1.44756
1.14729
0.712895
1.03048
0.868472
1.44461
1.3425
1.38019
1.32145
1.5263
0.971576
1.11192
1.45027
1.1156
1.47418
0.950731
1.31298
1.4785
1.07475
0.792177
1.0381
1.4962
1.07693
1.35207
0.934334
0.761693
1.03696
1.342
1.03694
1.34102
1.30543
0.921449
1.00942
1.18695
1.1669
1.43845
1.1254
1.31802
1.26618
1.12266
1.26679
1.01885
1.28541
1.01035
1.18185
1.40481
1.51908
1.07016
1.01797
1.02856
1.46553
1.45214
1.24828
1.26516
1.47072
1.29062
1.04162
1.11974
1.56677
1.52311
1.52781
1.5092
0.598396
0.781792
1.51822
1.30783
0.848025
1.29442
1.44553
1.49155
1.55255
1.43054
0.955388
1.55279
0.65605
1.49495
1.3621
1.04509
0.955186
1.10914
1.26727
0.850996
0.945507
1.50975
1.05162
1.46823
1.4363
1.27818
0.825779
0.798943
1.18007
0.935371
1.4755
1.38622
1.26042
1.01295
1.47553
1.22988
1.16809
1.34407
1.54436
1.49633
0.776474
1.51275
1.56379
1.29647
1.19106
1.15965
1.50728
0.98654
0.643924
1.45856
0.534822
1.55268
0.851003
1.27685
1.48791
1.06865
1.27273
1.24326
1.35536
1.43802
1.07314
1.17955
1.12453
1.03924
0.990928
0.900349
1.03639
1.08624
1.13195
1.40726
1.00942
1.44903
1.4713
1.2711
1.00025
1.54379
0.975839
1.11561
0.710784
1.3319
1.54229
1.45388
0.864374
1.03914
1.41014
0.447376
1.51076
0.888195
1.00009
1.24667
0.977506
0.428918
1.41072
1.45521
1.22586
1.34303
1.44165
1.42656
1.42456
1.44612
1.2232
1.54449
1.28162
0.617547
1.37529
0.861326
1.34087
1.41823
1.51993
1.29078
0.985738
1.16637
1.56591
1.19094
0.662607
1.48414
1.17074
1.15713
1.36952
1.44067
1.29969
1.34444
1.29706
1.11689
1.06388
1.04554
1.26266
1.15359
1.50374
1.2254
0.885053
1.49395
1.20908
1.44399
0.826207
1.48754
1.43063
1.00706
1.4371
0.539333
1.46365
0.959006
1.49112
1.56852
1.50936
1.55798
1.17214
1.37974
0.999153
1.04523
0.771733
0.767804
1.12105
1.10691
0.811455
0.59565
1.31121
1.2166
1.43488
1.3219
1.43308
0.58131
0.87078
1.45598
0.849381
1.54559
1.21071
1.05863
1.19234
1.23617
1.03572
1.38672
0.926141
1.1474
0.683968
0.682653
1.27002
1.37576
0.90872
1.42039
1.50758
1.5152
1.44621
0.556189
1.33221
0.939708
1.03531
1.07096
0.600693
1.54088
0.756526
1.5146
1.39465
1.53404
1.39645
1.5443
1.27353
1.32803
1.49002
0.819423
1.51275
1.47651
1.53914
0.932717
0.742869
1.20183
1.1476
0.756315
1.22405
1.24582
1.36938
1.37647
0.899643
1.24112
0.706579
1.54968
1.37814
1.20503
1.22307
1.39394
1.48561
0.512377
1.18481
1.39715
1.5407
1.41582
1.03833
1.40692
1.32776
1.17766
0.79757
1.4793
1.04466
0.686606
1.4785
1.03216
1.23668
1.03322
1.48218
1.00284
1.52085
1.21058
1.46089
1.41707
1.05564
1.30011
1.05418
1.46924
1.4804
0.973038
1.54864
1.5689
1.11553
0.935627
1.5472
0.728527
1.39391
0.443771
1.5151
0.37666
0.795905
1.30949
1.0943
1.42927
0.834078
0.857303
1.42314
1.44682
1.11926
1.42605
1.5247
1.02121
1.04966
1.2864
0.441683
0.592542
0.980982
1.12395
1.22712
1.11371
1.48414
1.18357
1.05711
1.39037
0.940989
1.36893
1.22135
1.39837
1.51547
1.21943
1.1956
0.606622
0.875163
0.604369
1.28472
1.0465
1.42296
1.39099
1.07431
1.54491
0.74287
1.15711
1.50917
1.30125
1.2958
1.19698
1.38243
0.678816
1.44239
1.36288
0.805042
1.45495
1.08899
1.40525
1.19061
0.966409
1.37948
1.35539
1.48818
1.30824
0.966523
1.35814
0.409898
1.53237
1.28802
1.10347
1.45574
1.55812
1.47608
1.36282
1.15606
0.692458
1.37291
1.30113
1.44759
1.50232
1.1721
0.88945
0.940718
1.06438
0.811919
0.948813
1.53753
1.55163
1.25862
0.899807
1.3236
1.55499
1.37938
1.45905
0.583419
1.52904
1.41217
0.772853
0.68343
1.15612
1.54324
0.831079
1.38588
1.0685
1.15385
1.38361
1.2551
1.47507
1.51113
1.25368
1.41881
1.28462
1.4186
1.35101
0.952346
1.5181
1.49259
1.46976
1.4655
1.20322
1.28201
1.46525
1.50498
1.26432
0.807974
1.3923
1.14301
1.02602
0.696028
1.35578
1.52311
1.01413
1.55407
1.26522
1.38783
1.41823
1.05106
1.50267
1.56298
1.44904
0.866508
1.34128
1.20141
1.02785
1.13567
1.19868
1.53392
1.56633
1.29735
1.17568
0.757503
1.15839
1.29377
0.603101
0.988678
1.55635
0.764723
1.52033
1.28611
1.39472
1.11906
0.904473
1.24116
1.36225
1.083
0.941819
1.30435
1.48625
1.42088
1.39385
1.2897
1.52192
1.2348
1.46476
1.40766
1.27785
0.727128
1.26849
1.54882
1.54922
1.43599
0.974358
1.39992
1.49186
1.06372
1.14489
1.15305
1.14307
1.39335
0.924577
1.55657
1.4869
1.47593
1.42773
1.56933
1.13801
1.47323
1.13026
1.13217
0.924271
1.55938
1.13326
1.38684
1.33372
1.20214
0.826248
1.22034
1.17167
1.31856
1.50061
1.56713
1.56756
1.33552
0.966481
1.51241
0.812086
1.30295
1.54913
1.55694
0.681296
0.618901
1.34986
1.37173
0.853575
1.25007
0.844801
1.47853
1.29707
1.06395
1.44696
1.00388
1.41829
1.1231
1.33705
0.969166
0.998683
1.35233
1.25825
1.4207
1.4709
1.50923
1.56225
1.4289
1.20607
1.01751
1.14583
1.19718
1.54943
1.33444
1.08678
1.55218
1.28137
1.33949
1.28322
1.4419
1.37207
1.16441
0.453944
0.540956
0.945095
1.42511
1.40389
1.29339
1.19443
1.11865
1.37322
1.26624
1.19573
0.854672
1.28054
0.560104
1.35001
1.33507
1.04586
1.5625
1.30782
1.37627
1.22557
1.09381
0.773333
1.41137
1.25352
0.8995
1.00209
1.48439
1.56991
1.41285
1.49838
1.35509
1.06754
1.31944
1.27345
1.31805
0.752873
1.05353
1.26109
1.4281
0.701171
0.974413
1.50269
1.06082
1.14197
1.37115
1.10498
1.29848
1.14731
0.537674
0.519582
1.3313
1.01622
1.038
1.23247
0.845668
1.32391
1.19927
0.850977
1.12952
1.38533
1.43771
1.20901
1.5324
1.24316
1.53076
1.51694
1.07225
1.54116
1.25366
1.37951
1.18804
0.912985
1.40679
1.1398
1.19763
0.998267
0.730263
1.41681
1.32074
1.50593
1.42607
1.04385
1.21706
0.896886
1.47311
0.977079
1.4475
1.49914
0.883847
1.26892
1.48696
1.52222
1.20807
1.18478
1.5534
1.42563
0.757498
0.957654
1.53362
0.975889
0.986325
0.785387
1.51917
0.993043
1.10777
0.958048
1.45274
1.3735
0.854403
1.40853
1.04277
0.826399
1.23551
1.24828
1.41588
1.26519
1.42255
1.5501
1.37534
1.22034
0.796947
1.02761
1.26892
0.835713
1.12999
1.13845
1.08293
1.25458
1.25971
1.38678
1.28418
0.847242
1.14943
1.13925
1.05739
1.32454
1.32121
1.44116
0.683286
1.49871
1.52937
0.883487
0.505836
0.492169
1.43682
1.37472
0.928316
0.987112
1.55578
1.31639
1.34138
1.05387
1.56662
1.3073
0.911587
0.984115
1.35324
1.19343
1.22025
0.864733
0.891569
0.752698
1.11166
0.99982
0.854411
0.759033
1.18311
1.02773
0.826215
1.46998
1.4019
0.907953
1.38224
1.44228
1.56558
1.00278
0.905476
1.01179
1.18048
1.10375
0.482309
1.32254
0.946872
1.38137
1.28608
1.19117
0.913298
1.05676
0.977966
1.00957
0.872548
0.742997
1.42421
1.17338
0.978396
1.27596
1.07367
1.13468
1.29859
1.45438
1.14824
1.17058
0.917063
0.727847
1.51969
1.48892
1.15399
0.911743
0.925738
1.07072
0.628063
1.53856
1.36678
1.42693
1.34988
1.47065
1.10968
1.47384
1.42458
1.01726
0.808738
1.45123
1.40196
0.92358
1.5011
1.13394
1.14195
0.804287
0.849285
1.08175
1.47381
1.26189
1.07493
1.33572
1.57019
1.18317
1.51313
0.970574
1.53353
1.0302
0.851565
1.10237
1.5356
1.15585
1.30299
1.4215
1.36251
0.652042
1.4868
0.937851
1.28265
1.55966
0.59777
1.42434
1.44823
1.01255
1.02556
1.44522
1.22398
0.971349
1.10989
1.52537
0.632654
1.54757
1.39526
1.31073
1.254
1.34263
1.43928
1.34744
1.45825
1.17309
1.25298
0.581903
0.810963
1.54727
0.831305
1.30903
1.215
0.730975
0.978481
1.14388
0.652169
1.14776
1.53643
1.39444
1.51407
1.17266
1.43124
1.16411
1.27841
0.95895
0.968037
1.40215
1.43704
1.29599
1.40424
0.771599
1.03028
1.32737
1.51767
1.45002
1.38379
0.754807
1.41032
1.52488
1.45549
1.31616
1.52809
1.09755
1.43322
1.32367
1.16836
1.36288
1.3535
1.4423
0.80218
0.703933
1.49149
1.24
0.811417
0.608814
0.695272
1.25661
1.49584
0.924968
1.2513
1.46098
0.986537
0.90639
1.24872
1.27407
1.36291
0.856961
1.02179
1.08328
0.775371
1.54003
1.51547
1.08547
1.53142
1.34551
1.51869
1.435
1.24226
1.51651
1.17262
1.5414
1.53789
0.79281
1.14072
0.897
0.87331
1.52928
1.41539
1.48184
1.48334
1.30204
1.04317
0.485086
0.991918
1.18508
0.826224
1.03601
1.04328
0.735162
1.22125
1.46382
0.899796
1.54101
0.737745
1.46464
1.55456
1.05064
1.29927
1.08996
1.03135
1.06751
1.00432
0.965303
1.532
1.4139
0.847148
1.2576
1.25105
1.33679
1.20164
0.570739
1.31484
1.29795
1.42718
1.43742
1.51981
0.643185
1.1444
1.45193
1.09806
1.06474
1.33974
0.923765
1.16065
1.19065
1.02634
1.46126
1.08473
1.05328
1.53111
1.29555
1.31263
1.22664
1.39301
0.994014
1.48408
1.05571
1.41736
1.41872
1.46041
1.55242
1.1465
1.39373
1.36675
1.10265
1.40035
1.27315
1.57006
1.10402
1.41684
0.954444
1.10369
1.49841
1.56555
1.54409
1.14941
1.42767
0.980399
1.25554
1.48387
1.32013
1.30176
1.49498
1.51987
1.51788
1.39009
0.438659
0.55151
0.969268
1.46774
1.09291
0.268961
0.630133
1.33912
1.38038
1.49822
1.52506
1.05455
1.47755
1.21905
1.05142
1.31622
1.1915
1.43161
1.39044
1.44172
1.27647
0.884286
1.46093
