1.20646
0.773053
0.70124
1.49045
0.442045
1.5093
1.31328
1.4697
1.09542
1.35861
1.46455
1.37966
0.687745
0.732204
1.17882
1.494
1.34238
1.15624
1.27978
0.725921
1.51633
1.4736
1.51785
1.16421
1.42443
1.1667
1.29545
0.956746
0.390609
1.55451
1.48469
1.34588
1.5682
1.37515
1.07781
1.50134
1.48405
1.19206
0.925408
1.23668
1.32492
1.40311
1.35885
1.53783
0.70728
1.16035
1.47207
0.986241
1.26874
0.924591
0.790899
1.43624
1.25336
1.54522
1.47286
1.56189
1.28279
1.3084
1.09312
1.32995
0.621314
1.33915
1.15415
1.44295
1.20813
1.03866
1.51682
0.834254
1.29376
1.21298
1.15375
1.18244
0.524746
1.47369
1.50465
1.55781
1.45351
1.40438
1.19185
1.54342
1.46618
0.4886
1.10748
1.51273
1.5432
1.43001
1.08951
1.28754
0.605918
1.00354
0.803306
1.54058
1.10042
1.4173
1.26989
1.36208
0.619098
1.12494
1.30638
1.51908
1.37361
1.54443
1.36868
1.17895
1.47791
1.48169
1.26279
1.46636
1.56472
1.25365
1.1841
1.57061
0.910747
1.37655
0.772162
0.752788
1.50033
1.56915
1.144
1.24351
1.19179
1.30466
1.5078
0.432816
1.22223
1.21909
1.41098
1.23845
0.615986
1.06409
1.40295
0.835315
0.820906
1.13663
1.55352
1.02578
1.32467
1.51794
1.12075
1.32259
1.43269
1.14912
1.30922
0.900625
1.3985
1.33521
1.40908
0.946911
1.41523
1.09512
1.06074
1.4992
1.32695
1.3666
0.863763
1.3173
1.35857
1.53618
1.25689
1.48909
1.20107
1.1862
1.561
1.17477
0.965085
1.56073
1.30123
0.990044
0.927246
1.3319
1.11437
1.391
1.44768
1.30877
1.42321
1.02292
1.15953
1.4601
1.54243
1.36023
1.39752
0.773093
0.644479
1.18686
1.54015
1.02702
1.1038
1.33679
1.00793
1.06955
1.4126
1.49002
1.3132
1.472
1.18879
1.47958
1.56632
1.39664
1.34778
1.54705
1.41437
1.25952
1.40243
0.92286
1.51229
0.862982
0.796288
0.978041
1.55148
0.840885
1.50928
0.969247
1.48151
1.27972
1.26976
1.2408
1.14764
1.22813
1.52864
1.29258
0.71936
1.39359
1.46335
0.743962
1.55502
1.47994
1.3467
0.674065
1.27988
1.52794
0.818345
1.48763
1.39267
1.16688
1.42976
0.936094
1.10224
1.52875
1.35126
1.46228
1.28054
1.49353
1.5604
1.10306
1.23181
1.50466
1.55354
0.940527
1.37058
1.32344
0.907339
1.37875
1.09525
1.55752
1.24918
1.29087
1.03189
1.56558
1.03517
1.13582
1.23174
1.42443
0.896392
1.26813
1.23207
1.16697
1.21344
1.07433
0.590982
0.819203
1.26304
0.757048
0.771085
0.98603
1.53218
0.72606
1.11047
0.829345
1.40562
1.0935
1.22625
1.3052
1.18332
0.770326
1.06688
1.44024
1.39745
1.46191
1.22732
1.21806
1.05816
1.11265
1.38979
0.943857
1.33158
0.991208
0.999537
1.517
1.09223
1.35751
0.982643
1.49216
1.3244
1.34331
1.08129
0.851886
1.48968
0.757196
1.54394
1.47076
1.43035
0.626098
1.31777
1.0509
1.51837
0.27617
1.53771
1.20124
1.37083
1.3371
1.51292
1.33582
1.53062
1.54309
0.818248
0.710864
1.34137
1.35114
1.095
0.897644
1.06717
1.08416
1.22754
1.5612
1.41186
0.67212
1.39587
1.35576
1.17913
0.344553
1.29042
1.39032
1.34444
0.823677
1.42261
1.53441
0.820416
1.13781
0.59516
1.29795
1.18792
1.41653
1.06594
0.884127
1.05562
1.44895
1.52323
1.56366
1.09735
1.14857
1.52874
1.06361
1.15472
1.20745
1.0001
1.37295
1.34759
1.54263
1.24606
1.51626
1.32936
1.40595
1.33629
1.4614
1.34013
1.46912
1.47605
1.39738
0.65442
0.550318
1.18291
1.33165
1.40327
1.35258
1.51532
1.05346
1.23505
1.02435
1.06381
0.480766
0.916032
1.01713
1.36213
1.25792
0.825707
1.11733
1.45355
0.873252
1.1004
0.893752
0.935113
1.02585
0.959574
1.16079
1.19176
1.29694
0.490895
1.18698
1.46209
1.05409
1.28121
1.31597
1.56388
0.614862
1.54
1.52012
1.18548
1.55207
1.55517
1.35005
1.45798
1.42557
0.973402
1.20378
1.36475
1.10627
1.5705
1.54321
1.50472
1.24441
1.13609
1.1385
0.946873
0.98914
1.01098
1.11684
1.56189
1.557
1.15122
1.53801
1.30599
1.06504
1.53383
1.553
1.32798
1.06498
1.37702
1.48585
0.98214
1.00547
1.01827
1.49657
0.277294
1.3582
0.837037
1.12551
1.19318
1.30688
1.49801
1.54101
1.55123
0.464176
0.610204
1.48605
1.15806
0.724724
0.953422
0.935611
0.95601
1.13924
1.02991
1.21905
1.46679
1.54838
1.31677
1.46728
0.847807
1.42813
0.978087
1.39359
0.862039
0.89456
1.50982
1.31209
0.696508
1.34798
0.940696
1.31919
1.33786
1.52586
0.718099
1.42298
1.10017
1.31553
1.3731
0.861585
1.04333
1.42767
1.17469
1.32875
1.54153
0.696149
0.596287
1.49493
1.53988
1.43379
1.56878
1.56768
1.16624
1.28424
1.40574
0.993604
0.927078
1.52867
1.39983
1.42946
0.973666
1.44479
1.56234
1.42946
1.50815
0.728821
1.10845
1.18224
0.912761
1.08988
1.4774
0.99952
1.38148
0.761139
1.22664
1.56321
1.54384
0.981499
0.939752
1.45944
1.4242
1.23189
1.09134
1.26093
1.26087
1.56378
0.853729
0.860522
1.41442
1.35639
1.46524
1.28296
1.44988
1.05921
0.849936
0.959516
1.07395
0.467883
1.36341
1.55291
1.21534
0.958514
1.23786
1.50792
1.447
1.13676
1.50284
1.2373
1.44744
1.05146
1.46507
1.42662
1.48216
1.46508
1.047
1.19199
1.38119
1.03608
1.42477
1.2141
0.942591
1.55041
0.558202
1.22326
1.51076
1.47844
1.32951
1.46397
0.850445
1.48641
0.769804
1.15258
1.01823
0.985604
1.32124
1.34397
1.44498
1.5334
1.04455
1.2195
1.26663
1.30726
1.54784
1.03098
1.27525
1.48817
1.55715
0.753133
1.47819
1.36294
1.03531
1.24474
1.21736
1.46243
1.28665
1.25926
0.803786
0.661659
1.33004
1.46599
1.31704
1.53133
1.02546
1.12367
0.930773
1.23237
1.2503
0.78578
1.39298
1.49844
0.926237
1.13211
1.31124
0.742264
1.52552
1.43488
1.26317
0.94918
1.18597
0.722664
1.4831
1.34165
1.53007
1.5361
0.91621
1.35768
0.857393
1.07412
1.10241
1.56926
1.1419
0.991692
0.702595
1.07795
0.647835
1.01781
1.39874
1.08471
0.955125
1.03134
0.793447
1.31761
1.00736
1.40741
0.980452
1.2267
1.44248
0.798533
1.52629
1.30082
0.91941
1.03581
0.939293
1.40407
1.2034
1.53014
0.792427
1.53346
1.39137
1.28131
1.41601
1.42304
1.44971
1.39887
1.49801
1.41372
1.48932
1.09503
1.26274
1.52861
1.06341
1.08683
1.42008
1.51263
1.55719
1.44645
1.38919
1.32904
1.32775
1.39788
0.877035
1.31469
1.55874
0.682287
1.18056
1.10709
1.07665
1.3177
1.37867
0.83975
1.54668
1.3893
0.871448
0.709303
1.08686
1.3027
1.32256
1.46255
1.54238
1.26941
0.707557
1.43793
1.46989
1.4211
1.34484
1.11275
1.04149
1.18913
1.34888
1.56353
1.50694
1.39258
1.09702
1.21354
0.931788
0.992496
1.09881
1.32014
1.27232
1.48264
1.03113
1.53001
1.52961
1.56543
1.2139
0.734561
0.538535
1.31383
1.51288
1.48454
0.778009
1.40191
1.45518
1.4371
1.17488
0.889651
1.02934
1.32656
1.0677
1.55936
1.17709
1.06798
1.20694
1.47817
1.5039
1.1211
1.44448
1.49002
1.12532
1.53533
0.977867
1.39277
1.53826
0.943246
1.27545
1.30337
0.89847
1.53099
0.883241
1.16604
1.3548
1.22143
1.1642
1.07129
1.39586
0.886901
1.20378
1.42684
1.30436
1.01454
1.24738
1.35481
1.07876
1.53182
1.19008
1.56948
1.48763
1.37546
1.55688
1.22379
1.00977
1.31956
1.4152
1.38549
0.852522
1.32932
0.558518
0.531182
1.29031
1.50966
1.05121
1.33874
0.961969
1.26343
0.710472
1.0272
1.47117
1.18581
1.44478
0.563058
1.13438
1.50312
1.4207
1.48887
1.38575
0.564121
1.33995
0.916297
1.46752
1.33576
1.28994
1.24376
0.846741
1.56704
1.02611
1.3176
1.01072
1.3582
1.27257
1.08611
1.03413
1.56726
1.09903
0.764317
1.4358
1.45837
1.08463
1.47697
1.48003
0.983044
0.840518
1.2872
1.44436
1.33008
1.05132
1.56976
1.36582
1.071
1.01402
0.8332
1.2665
0.95186
1.25239
1.29738
1.47911
1.57009
1.43851
1.54583
1.53634
0.928584
0.720354
1.32976
1.34663
1.47732
1.39608
0.991963
1.03858
1.26493
1.13949
1.06989
1.39186
1.43981
1.45985
1.56896
1.04875
1.47244
1.14977
1.4751
1.26234
0.998147
1.35769
0.932813
1.21176
1.28638
1.30848
0.56184
1.53734
1.34795
0.86335
1.5353
1.33419
1.26177
1.22281
0.836284
0.997047
0.481287
1.20649
1.25284
1.49431
1.11689
1.34114
0.995653
1.51807
0.34962
1.40692
1.4774
1.50046
1.26525
1.19978
1.39143
1.26045
1.52725
1.29657
1.29884
1.15811
1.43066
1.56494
1.48965
1.1141
1.49966
1.40382
1.28647
1.15304
1.10935
0.964966
1.31874
1.19304
0.785473
1.10302
1.19074
1.33388
0.740139
1.29932
1.1899
1.16507
0.826588
1.27302
1.15532
1.48585
1.3923
1.44195
1.40967
0.788089
1.1094
1.5067
1.14053
1.03715
0.841811
1.04314
1.3893
1.30224
0.676901
1.42573
1.51492
1.5192
0.857992
1.49767
1.52024
1.47347
1.24713
0.998814
1.36107
1.22281
1.13124
1.53215
1.4612
1.41588
0.937514
1.48992
1.27666
0.65026
1.13717
1.47341
1.45168
1.36013
1.27481
0.953801
1.29094
1.22748
0.781102
0.732376
1.05683
0.939785
1.30276
0.784104
1.38752
1.46481
1.4439
1.37148
0.684708
1.12293
1.07841
0.993769
1.27698
1.20614
1.36435
1.45365
1.51052
1.42631
1.02822
0.868545
1.23867
1.24609
1.36684
1.14543
1.312
1.44293
0.583481
1.07211
1.28532
1.37783
0.986395
0.982768
1.45813
1.00445
0.949949
1.25037
1.18921
1.15452
1.50887
1.20431
0.55446
0.656705
0.873266
1.27107
0.820293
0.862773
1.10183
1.44354
1.05002
1.39113
0.892532
1.53371
1.37504
1.42011
1.07162
1.24803
1.34489
0.639336
0.851451
1.41471
1.05113
1.14093
1.37739
1.18742
1.30087
0.945378
1.49244
1.28276
0.970089
1.38094
0.765682
0.930515
1.39559
1.09896
1.32951
0.665909
1.28061
1.38735
1.43645
0.770193
1.33416
0.397613
1.48016
1.3564
0.968013
0.928086
1.44544
1.2126
1.27621
0.983829
1.27525
1.16371
1.03387
1.23014
1.30365
1.56581
0.930209
1.08099
1.42687
1.45054
0.966551
1.15098
0.93304
0.711216
1.34588
0.909635
1.52293
1.37298
1.47022
0.959951
0.888041
0.933945
1.14241
1.19613
0.892327
1.07585
1.47436
1.42193
1.43168
1.40837
1.04324
1.48451
1.24525
0.904175
1.47372
1.52891
1.54143
1.485
1.34745
0.789361
1.29345
1.38621
1.29529
1.55236
0.777319
1.24403
1.4475
1.42095
1.43087
0.988922
1.05995
1.51027
1.30911
1.39311
1.00756
1.01712
1.20378
1.4581
1.34031
1.01079
1.39267
1.35223
1.40141
1.44181
1.53801
1.02952
1.46169
1.37099
1.20035
1.46513
0.978846
0.967319
0.700121
1.38529
1.41202
1.32397
1.25407
1.20503
1.4789
0.995173
1.18547
1.53753
0.958328
1.08112
1.08169
1.31471
1.53325
1.37154
1.11863
1.19849
1.2937
1.4808
1.56088
1.27379
0.895829
0.970974
1.33119
1.18229
1.07301
1.29523
1.54136
1.01346
1.12725
1.17369
1.00622
0.761451
1.45764
1.53914
1.00595
1.08706
1.10388
0.628262
1.31875
1.23557
1.50709
0.960784
1.0054
0.945349
1.25885
1.44664
1.05621
1.53044
1.33544
1.15245
1.46447
0.948192
1.45248
1.11489
1.52195
1.52342
0.716809
1.15485
1.26615
0.974309
0.836986
1.44205
1.55666
1.25847
1.43095
1.16728
1.02063
1.5
0.845116
1.30372
0.909285
1.05968
1.02264
1.25508
1.04607
0.811621
0.768656
1.36843
1.49635
1.06078
1.40181
1.20189
1.29707
1.55713
1.25522
1.49299
1.3728
1.26912
1.0949
1.10882
1.469
0.949675
1.4566
1.44596
1.55972
0.976645
1.56388
1.24866
0.217252
1.17616
1.44762
1.32536
0.863409
1.33974
1.04105
0.752202
1.08472
1.55627
1.44986
1.04373
1.22319
0.875372
1.51656
1.38808
1.39936
1.22047
1.22183
1.37729
1.52775
1.46632
0.883407
1.21695
1.40879
1.27066
1.29154
1.38392
0.694887
0.977047
1.10019
1.52678
1.38951
1.34654
1.51101
1.42816
1.14446
1.42485
1.28885
0.851528
1.15172
1.12855
1.51107
1.27659
1.06453
0.774487
1.19869
0.981943
1.56766
1.34068
0.90962
1.09484
1.04593
1.5349
1.54467
1.24805
1.29934
0.660907
1.08066
1.26076
1.41134
1.41644
1.40593
1.2794
0.641415
1.03078
1.20697
0.928292
1.32221
1.42577
1.25875
1.41909
1.1396
0.739591
1.42218
1.21997
1.17254
1.16024
1.28334
1.2169
1.18977
0.713131
1.52057
1.14268
1.51807
1.28983
1.29379
0.876753
0.653086
0.924054
1.21967
1.48049
1.32379
1.15594
1.2958
1.27573
1.15374
1.48781
0.969779
1.52714
1.12514
1.19632
0.781151
1.54491
1.50336
1.16545
0.539165
1.23912
0.759493
1.55786
1.50824
0.345772
1.22713
1.44301
1.48095
1.19166
1.46261
0.719064
0.554115
0.699972
1.05441
1.26055
0.561819
1.49871
1.01768
1.2196
1.02536
0.98779
1.03745
1.53905
1.09311
1.50404
1.06161
1.54528
0.861237
1.0319
0.656033
1.5385
1.20038
0.855736
1.52665
1.45014
1.37372
0.669273
0.792521
1.26008
1.05444
1.53044
0.943109
0.518755
1.46979
1.21352
1.1535
1.15759
1.55164
1.34602
0.751765
1.21638
1.34037
0.920211
1.5487
1.28335
0.675688
0.784595
1.46809
1.3166
0.963281
1.28837
1.55651
1.56524
1.41307
0.819341
1.40982
1.29944
1.27812
0.818866
1.16224
1.50911
1.51559
0.752505
1.52726
1.51718
0.746193
1.37982
1.52083
1.18466
0.930605
1.29472
1.47035
1.25888
1.2218
0.467793
1.15429
1.53966
0.538695
0.85376
1.00403
1.17171
1.20493
1.13427
1.01326
1.24947
1.02664
1.54848
0.644252
1.49942
0.95324
1.25939
1.51584
1.48922
1.23681
1.23421
1.27187
1.04431
1.56445
0.868663
1.27602
1.34306
0.438105
0.940425
1.25953
1.52867
1.41403
1.20888
1.002
1.51202
1.34291
1.46522
1.09814
0.952729
0.928692
1.56023
1.42882
1.2119
1.03813
0.984894
0.889038
1.44444
1.02771
1.47231
1.53007
1.28647
1.41143
1.16419
0.769613
1.51914
1.55955
1.49429
1.50636
0.811442
1.00726
1.30309
1.02081
1.3445
1.46487
1.22023
1.51205
1.37652
1.40475
1.10579
1.35359
1.28665
0.648773
1.01699
1.50587
1.14826
1.52203
1.51811
1.10484
1.53875
0.777956
1.24467
1.51465
1.3003
1.04406
1.26486
1.5643
0.760631
1.24125
1.52884
1.40334
1.25747
1.36606
1.28366
1.11761
1.28335
1.48341
1.54302
1.47777
1.02891
1.20182
1.53777
1.39311
1.28576
0.747927
0.763099
1.56591
1.4141
1.39484
1.10702
1.15165
1.44713
1.28328
1.40306
1.50153
1.54203
0.968977
1.54636
1.24874
0.966002
1.33905
1.38274
1.53912
1.37914
1.47308
0.688196
1.41019
1.32693
1.02964
0.864478
1.29253
1.43838
1.2631
0.862418
0.945098
1.02329
0.769045
1.52986
1.15506
1.45915
1.06816
1.17393
1.27716
1.47102
1.0756
1.00097
0.830795
0.600219
0.833331
1.36787
1.15491
1.54095
1.09923
1.28487
1.13222
1.21019
1.31238
1.2564
1.28685
1.44787
1.54922
1.5661
1.08506
1.25848
1.51584
1.28551
0.831254
1.54907
0.829297
1.10044
0.838499
1.22794
1.10199
0.778915
1.30157
1.54552
1.27334
1.09621
1.15772
1.43453
1.05374
1.13479
1.56951
1.474
0.584244
1.34582
1.01733
1.21292
1.38858
1.33673
0.813569
1.49177
1.43254
1.41649
0.789143
1.25257
1.43685
1.49828
1.23718
1.55957
1.2486
1.19828
1.27337
1.39224
1.46495
1.29116
0.478985
1.50764
0.551334
0.99538
1.01856
0.661706
1.53059
0.98851
1.5415
0.532753
0.777454
1.35239
1.4951
1.43636
0.861565
1.52879
1.38689
0.759598
1.48371
1.42378
0.825215
1.05837
1.43494
1.50312
1.12889
1.37494
0.8918
0.912901
1.49835
0.729511
1.41363
1.0997
1.17471
0.970653
1.27103
0.998477
1.56857
0.987276
1.21468
0.936726
1.10921
1.43128
1.47559
1.10879
1.1323
1.47783
1.29145
1.04624
1.12907
1.01448
0.908333
1.25426
1.18247
1.55261
1.31849
1.52482
1.56491
0.752227
1.38808
1.06868
1.49908
1.53936
1.06589
1.19743
1.32637
1.34388
1.18336
0.999486
1.31793
1.44899
1.45159
1.56753
1.00364
0.986363
1.5664
1.27634
1.3356
1.5404
1.49712
1.3744
1.37347
1.0997
0.876006
1.28275
1.35189
1.2152
1.53062
1.08499
1.53179
1.00874
1.37609
1.32636
1.3058
1.22252
0.845339
1.4842
1.28042
1.01408
0.978966
0.64437
1.52906
1.0488
0.688154
1.51926
1.48908
1.40153
0.93676
1.27251
1.49437
1.45432
1.51199
1.47225
0.834586
1.45014
1.04187
1.18567
1.35019
0.983336
1.25053
1.42705
0.998531
1.09793
1.03571
0.908552
0.629592
1.26367
1.18197
1.09951
1.37702
1.20844
1.48953
0.577056
0.86217
1.54778
1.4709
1.43439
1.52647
1.24694
0.787679
1.07078
0.886483
1.18066
0.915553
0.88244
1.22803
1.21621
0.528345
1.05532
1.28529
1.37058
1.47182
0.997956
1.1763
1.43789
0.956792
1.46863
1.33629
1.53875
1.00835
1.451
1.02311
1.51544
1.02934
1.416
0.756695
1.14503
1.17664
0.884233
1.47026
0.951536
1.52329
0.885072
0.817997
1.47501
1.27005
1.37702
1.55206
1.29045
1.34957
1.27391
0.708301
1.04126
1.43559
0.881529
1.43838
1.43345
1.344
1.52934
0.726011
1.53728
0.967347
1.44863
1.22936
1.47231
1.09792
1.13862
1.13403
1.37566
1.17961
1.22958
1.15004
1.50614
1.19633
1.44532
1.18499
0.920265
1.43272
1.32456
1.22697
1.18053
0.92105
1.4947
1.24048
0.939512
1.01615
1.46881
1.35483
1.33388
1.3952
0.910189
1.35058
1.54134
1.17056
1.18727
1.37876
1.46427
1.53133
1.19068
1.47611
1.11557
1.06793
1.30245
1.1971
1.00154
1.09921
1.45091
1.4088
0.513235
1.23909
1.55609
1.12246
1.25926
1.47924
1.35344
1.49076
0.570253
1.37451
1.26346
0.904521
0.558642
1.48109
1.48641
1.49072
0.830326
1.21755
1.35526
1.49926
1.48102
0.960745
1.26757
0.856452
1.19904
1.47697
0.829848
1.26087
1.39162
0.993913
1.37775
0.967172
1.52484
1.50624
1.22548
1.53972
1.4655
1.52922
0.890142
1.34645
1.43513
1.46104
1.53325
1.3239
1.22028
1.09737
1.13209
1.49192
1.45578
1.53159
1.5592
1.29069
0.65767
1.34766
1.20718
1.5356
0.933914
1.49247
1.33666
1.35982
1.5487
1.53801
1.48342
1.36444
1.20929
0.53321
1.56854
1.36659
1.56689
1.26317
1.21285
1.13912
1.19753
0.667352
1.00016
1.30213
1.47433
1.10709
1.56414
1.55587
1.45555
1.48469
1.56057
1.01496
1.48412
0.599383
1.45841
1.2785
1.23046
1.34682
1.11506
1.30536
1.48731
1.46728
1.53896
1.27988
1.56069
1.02972
1.08571
1.32603
1.41069
1.38188
0.903297
1.22035
0.976724
1.13168
1.43476
1.53624
1.14799
1.52641
1.42029
1.03376
0.915593
1.49746
0.775041
1.46335
0.439309
1.46835
1.47636
1.24242
0.843768
1.44393
1.34526
1.42304
1.06778
1.43038
1.06606
1.20783
1.4265
0.846969
1.21915
0.708584
0.888491
1.25341
0.914294
1.43913
1.53786
1.48988
1.4572
1.08092
1.19777
1.33466
0.824666
1.17905
0.939265
1.5476
1.47997
1.46148
1.48304
0.940904
1.0581
1.36574
1.11764
1.46568
1.56811
0.807705
0.812593
1.44811
0.880403
1.38665
1.27238
1.22378
1.34193
0.995979
1.49539
1.31856
1.13656
1.44052
1.55218
1.16424
1.10334
1.02991
1.32001
1.31303
1.52821
1.37783
1.41851
0.999005
1.12128
1.39806
1.16198
1.29767
1.32976
1.50936
1.45617
1.31509
1.27139
0.781803
1.3921
1.52403
1.43294
1.38709
0.970862
1.53351
0.755981
0.921475
1.53672
1.47041
0.576136
1.45856
1.41868
0.549633
0.744605
1.22171
1.41384
1.32377
1.42446
1.37658
1.42557
1.48978
1.32856
1.44719
0.930677
1.32643
0.936831
1.33428
0.867964
1.22911
0.976053
1.50518
1.32196
1.53368
1.4467
1.08264
0.888929
0.987418
1.44079
1.53333
0.699587
1.42656
1.50373
1.5404
1.00784
0.7123
1.25053
1.52696
1.23098
1.31591
1.04734
1.52088
1.32236
1.091
1.05585
0.806562
1.44607
0.64484
1.21234
1.00703
1.55068
1.23486
1.03851
1.30002
1.15959
1.55853
1.50226
1.30729
1.18834
1.07506
1.11574
1.13507
1.2531
0.950496
1.47483
1.41502
1.09809
1.41742
1.51443
1.29852
1.35739
0.44498
1.3241
0.92389
0.778905
1.34881
1.21078
0.945748
0.685404
1.24719
1.23893
1.27799
0.941385
1.33692
0.968046
1.29528
1.07476
1.36101
0.79845
1.48449
1.18285
1.22946
0.525306
1.44162
1.38665
1.46044
1.2123
1.10217
0.943472
1.50101
1.25034
1.29396
1.35845
1.56457
1.09962
1.05648
1.38425
1.01565
1.03091
0.796363
1.51602
1.20894
1.53783
1.43778
0.746861
0.732431
1.33059
0.9241
1.49345
1.33773
1.38311
1.37801
1.09663
0.795012
1.24543
1.23683
1.11251
1.26849
1.50394
1.553
1.16577
1.24012
1.18363
1.03375
1.26147
1.2182
1.28417
1.34031
1.28131
1.52971
0.747394
1.29466
1.53435
0.953653
1.01941
1.53527
1.50339
1.21296
1.45721
0.929335
1.34569
1.37114
1.09261
1.21475
0.873344
1.56054
0.910281
1.30897
1.49792
1.38628
0.894219
1.26599
1.52629
1.07642
0.960947
0.599749
0.930574
1.44674
1.01933
1.04739
1.10893
0.664165
1.56085
1.2339
0.927164
1.42239
1.40256
1.0114
1.10544
1.19088
0.969856
1.24751
1.02435
0.586686
1.36076
1.45352
1.16158
1.04284
1.24483
1.56555
1.56689
1.03297
0.992555
1.24873
1.24106
1.20379
0.776352
1.46663
1.47047
1.19396
1.46627
1.03748
1.5538
1.41576
1.12835
0.81863
0.965804
1.21784
1.42681
0.58204
1.10675
1.40933
1.0419
1.19313
1.0961
0.66895
1.16776
1.34275
1.21575
1.39698
1.07761
1.5342
1.46636
1.27331
1.0272
1.54992
1.56848
1.42298
0.88707
1.32851
0.823128
1.00329
0.962803
1.55281
0.895087
1.46812
1.17763
1.25888
1.30934
1.50758
1.45968
0.640014
1.35609
0.754034
1.45442
0.993453
0.630685
1.47182
0.682364
1.12632
1.2354
0.950547
1.38336
1.29562
1.40104
1.34901
1.40834
1.18264
0.968083
1.28048
1.32033
1.07565
1.4557
1.57078
1.40846
1.44209
0.278041
1.37839
1.42261
1.42218
1.22258
1.38038
1.13873
1.46228
1.47905
1.32265
1.25059
1.46043
1.27225
0.560786
1.20951
0.963622
1.36593
0.969619
1.18541
1.488
1.33133
1.54156
1.51168
1.11375
1.35693
1.39961
1.28862
0.619839
1.38454
0.862383
0.745181
0.734836
1.37786
1.13478
0.981891
0.667829
1.39856
1.26984
0.835197
1.27647
0.783063
1.16159
1.48756
1.4534
1.06596
0.381147
0.918525
0.948184
1.17558
1.24538
1.29968
1.37154
0.716285
1.2167
1.03602
0.973015
1.18969
0.675074
1.36382
0.774071
1.32271
1.14583
1.009
1.51098
1.04521
1.45459
1.36656
1.37378
1.3927
0.962883
0.983688
0.431563
1.05755
0.791995
1.47746
0.90462
1.19337
1.34889
1.4174
1.09938
1.49388
0.951813
1.01731
1.416
1.1864
0.902512
1.36145
1.40456
1.34088
1.54081
1.27678
1.02277
0.967757
1.49234
1.17194
1.07025
1.51724
1.38665
1.33108
1.22348
0.874656
1.35945
1.49468
1.53117
1.15745
1.23667
0.541737
0.848866
1.5396
1.36321
1.4803
1.42508
1.32202
1.13118
0.91277
1.17347
1.13619
1.3156
1.32962
0.981216
1.24785
1.06411
1.12753
1.28023
0.864177
1.41433
1.18052
1.19613
1.48442
1.408
1.32665
1.54907
1.40995
1.41458
1.54604
1.14847
1.55413
0.700183
1.17429
1.56932
0.788438
1.52403
0.970873
1.50471
0.936622
1.21319
1.1889
1.3381
0.871562
1.25583
1.48622
1.54284
1.43118
1.26583
1.54723
0.912328
1.39522
1.37985
1.07821
1.24924
1.14348
1.14905
1.2049
0.784872
1.36226
1.43987
0.930318
0.704365
1.46559
1.03837
1.17292
0.613643
1.39326
1.40871
1.5228
1.30334
1.4593
1.21439
1.18175
1.47967
1.26909
0.632916
0.738523
0.941219
1.22774
0.865744
0.985595
1.03479
1.00589
1.4389
0.539418
1.39806
0.747958
0.81399
0.657541
1.14543
1.43507
1.48527
1.49014
1.21331
1.35476
1.53728
1.28839
1.38838
1.51929
0.81012
1.01075
1.28634
1.32037
0.99899
1.56785
0.585232
1.5269
1.30315
1.11552
1.56597
1.48072
1.47938
0.723168
1.0863
1.42976
1.36653
1.37133
1.46102
0.920448
1.07884
0.860036
1.10388
0.996388
1.19429
1.2927
1.2419
1.13145
1.57031
1.19055
1.16359
1.34691
1.29624
0.875121
1.07876
1.12922
1.27726
1.34801
1.49123
1.27662
1.37764
1.29751
0.431998
1.40453
1.19859
1.16336
1.37646
1.01774
1.03203
1.21468
1.24313
1.54556
1.08008
1.07766
1.10442
1.48672
1.25207
1.38466
1.14153
1.23936
0.851915
1.10974
1.48016
1.54259
1.20055
1.42348
1.19724
1.33757
1.13616
0.803597
1.14117
1.46937
1.49218
0.87878
1.1137
1.47163
1.26394
1.09806
0.859558
1.31117
0.573687
1.21285
1.55432
1.42787
0.34388
1.50195
1.49216
1.41824
1.29306
1.41227
0.916664
1.49691
1.43405
0.886208
1.23528
1.39608
0.705604
1.43673
1.28553
1.08437
1.30194
1.41638
1.49027
1.37323
1.43697
1.49917
1.27369
0.828398
1.47384
1.09972
1.34444
0.878683
1.41702
1.2635
1.33001
1.1563
1.09487
0.846781
1.26202
1.57
1.5689
1.15672
1.30012
0.881165
1.09009
1.32127
1.52134
1.42955
0.631912
0.823797
1.42872
1.36617
1.2935
0.532435
1.3527
1.34454
1.31465
1.24432
1.16907
1.4842
0.426112
1.41371
1.14599
1.0195
0.983507
0.740119
0.853216
0.85933
0.952381
1.28367
1.0901
1.21462
1.19809
1.46261
1.00573
1.04733
1.23182
0.986316
1.09023
1.43118
0.766676
1.42361
1.15921
1.33615
1.37394
1.48898
1.38459
0.89741
1.22606
1.21872
0.80089
1.47531
0.964169
1.01658
1.08208
1.33265
1.50306
1.36846
1.19396
1.45441
1.04078
1.50422
1.22625
1.03444
0.872757
1.33375
1.24944
1.5228
0.898523
1.27755
1.48788
1.5603
1.36918
0.530378
1.41591
0.921443
1.23886
1.41532
1.02096
0.96087
0.992353
1.48039
1.3904
0.746667
1.39478
1.3592
1.24093
0.693046
1.36681
0.970585
0.945403
1.56639
0.928098
0.765652
1.35569
1.1724
1.52262
0.938118
1.51169
0.797646
1.31588
1.51278
1.0932
1.23641
1.40432
0.994757
1.05016
1.13898
1.48567
1.20032
1.25872
1.40856
1.47706
0.888608
1.45586
0.835155
1.31244
1.3984
1.18568
1.49877
1.37322
0.777371
1.40482
0.971163
0.825824
1.11418
0.955338
1.32926
1.4387
1.43237
1.2749
1.5385
1.56042
1.2558
1.15081
1.47624
0.889779
1.29471
1.53731
1.30561
1.54983
1.52989
1.49314
0.580938
0.91652
1.48843
1.51735
1.52904
0.862011
1.51376
1.18975
1.47041
1.51021
0.995019
1.29494
1.41668
1.52339
1.25189
1.54137
1.38019
1.13011
1.00315
1.55517
1.47611
1.2733
1.32234
1.26782
1.42976
1.52195
1.2013
1.10806
1.46855
1.00715
0.719373
0.933392
1.29451
1.19571
1.19775
1.40704
1.08789
1.2288
1.41698
1.4154
1.35062
1.47427
1.38
1.30441
1.30751
1.28863
1.44436
0.784805
0.970062
1.30482
1.02156
1.48546
0.92435
1.5239
1.52904
1.53905
0.770836
1.53435
1.39087
1.18149
1.2195
1.04352
0.846255
1.28483
0.506657
0.542311
1.13394
1.2878
1.48769
1.42832
1.55108
1.47685
1.29172
1.24441
1.26285
0.850363
1.12435
1.53673
1.33861
0.855486
1.41328
1.39707
1.17756
1.40519
1.37422
1.30188
0.818668
1.45527
1.44541
0.614474
1.57
1.47967
1.34926
0.858618
1.05978
1.55798
0.420759
1.25568
0.957282
1.4305
1.51712
1.38014
1.4002
1.34291
1.02706
1.08872
0.958999
1.45435
1.03712
0.896865
1.36513
1.48341
1.30238
1.26138
1.40927
1.12631
1.44158
1.52894
1.25442
0.725843
1.0326
1.15558
0.814201
1.51761
1.5022
1.48454
1.40995
1.24918
1.49323
1.09245
1.48096
1.44648
1.4854
1.2649
1.5545
1.52442
1.42829
1.46438
0.973707
1.4981
1.26836
1.5408
1.52794
1.31414
0.834726
1.01982
0.512377
0.916852
1.00519
0.917864
1.10641
0.629213
1.19172
1.44642
1.40784
1.28958
1.48365
0.663783
0.687368
1.38283
1.33107
0.868569
0.652723
1.41699
0.75179
1.03812
1.25799
1.56549
1.04318
1.49626
1.19809
1.34156
0.688026
1.06939
0.992243
1.21353
0.55462
0.98135
1.33098
1.32526
1.47997
1.54192
1.45961
1.5003
1.41871
1.44092
1.5239
1.4874
0.871
1.2673
1.14052
1.14217
1.40704
1.06891
1.51333
1.06333
1.54498
1.51053
1.53988
1.54162
1.46452
1.01966
1.29335
0.901737
1.2441
1.18797
1.44944
1.51293
0.835563
1.03973
0.814804
0.971288
1.37161
1.52513
1.55621
1.54516
1.25464
1.23247
1.16729
1.19235
1.21652
1.56245
1.33522
1.34353
0.510114
1.50355
1.21351
1.24106
1.22642
0.958592
1.1313
1.42385
0.995008
1.51711
1.47237
1.5444
1.1209
1.38395
0.999937
1.34143
1.55783
0.65451
1.04226
1.11305
1.28229
1.48965
0.516028
1.36718
1.55902
1.24897
1.04781
0.962401
1.48815
1.24074
1.45272
1.11846
1.5033
1.14427
1.16412
1.35576
1.1939
1.17796
1.11115
1.54546
1.3683
1.19264
1.29516
1.5487
0.553471
0.881589
0.790856
1.10346
1.22411
1.5462
1.30492
1.43129
1.34623
1.45217
1.40643
0.895611
1.01746
0.723459
1.1804
1.04848
1.48374
1.38405
1.01475
1.32768
1.20712
1.29536
1.48803
0.65378
1.2228
1.35072
1.49222
1.11992
1.08872
0.99422
0.973256
0.919362
0.728708
0.668294
1.3329
0.950542
0.471942
0.64651
1.48025
1.54096
0.586636
1.33946
1.15097
0.860359
1.19917
1.21353
1.42607
1.12246
1.00901
0.710089
1.12857
1.24441
1.41374
0.685876
1.0146
0.514881
1.29466
1.08437
0.991809
0.844746
1.24777
1.26476
0.865997
0.438333
1.36617
1.36525
1.47691
1.00731
0.917217
1.56604
1.3688
0.878579
1.33183
1.39766
1.15599
1.37991
0.783115
1.46298
1.21586
1.51993
1.54192
1.43984
1.15158
0.966288
0.77876
0.957648
1.46175
1.32674
1.52965
0.883326
1.34651
1.27691
1.11757
1.47415
0.927563
0.934059
1.22567
1.15071
1.26387
1.51461
1.10451
0.394101
0.868072
1.03468
0.943415
1.27883
0.696158
1.36932
1.38193
1.29221
1.15872
1.38317
1.15619
1.54772
1.31915
1.36703
0.775529
1.08223
1.23215
1.1341
0.779314
1.47971
0.907696
1.28964
1.18693
1.2539
1.51131
0.964987
1.27219
1.39775
1.52267
1.02406
0.740683
1.42327
1.09733
0.961275
1.4165
1.20065
1.2326
1.33197
1.2102
0.916299
1.08447
1.40695
1.52176
1.3405
0.911231
1.56567
1.55973
1.55279
1.28445
0.988747
1.33184
0.9284
1.21226
1.08868
1.15081
1.39222
1.41673
1.41965
0.807179
1.21395
1.54375
1.51082
1.29923
1.41361
0.671885
1.41415
0.804619
1.46611
1.17408
1.36996
1.44284
1.36456
0.730885
1.50587
0.714235
0.844507
1.56371
1.52229
1.53783
1.50119
1.20474
0.854413
1.13586
1.35601
0.632629
0.907297
1.201
1.33812
1.44556
1.49226
1.47305
0.97975
1.54369
1.05941
1.20764
1.14013
0.997586
1.41057
1.38193
0.896791
0.993923
1.19119
1.17733
1.50373
1.40311
0.369986
1.25021
1.37176
1.34696
1.18047
1.19087
1.29938
1.27742
0.523714
0.962327
1.56402
1.50214
1.10948
1.19009
1.27603
1.34394
1.26977
0.618054
1.45162
1.02643
1.39344
1.24416
1.52201
0.93057
1.16468
1.00122
1.34144
1.02614
1.33897
1.38566
1.32489
0.764898
0.822044
1.54241
1.45575
0.630725
1.29275
1.29377
1.4451
1.12421
0.718316
1.32471
1.08989
1.33028
1.0821
0.968968
0.94837
1.1726
0.699173
1.48978
1.44516
1.46489
1.30909
1.48429
1.36207
1.38137
1.06131
1.5096
1.01036
1.46021
0.777761
1.33541
1.33603
0.927357
1.56555
1.10402
0.894972
1.20053
1.54229
1.3874
1.52283
0.859757
1.0481
0.927765
1.4215
1.41997
1.07705
1.00723
0.633889
0.750354
1.13635
1.09244
1.40531
1.26115
1.26958
1.32941
1.54589
1.56747
1.11994
1.30273
1.32415
1.50899
1.54143
1.46507
1.35383
0.637431
1.24976
1.43907
1.43888
1.10176
1.36958
0.700096
1.39205
1.53107
1.34332
1.29421
0.916525
0.874701
0.819553
1.53117
1.39874
1.08155
1.03655
1.50887
1.57006
1.3882
1.36669
1.28983
1.38423
1.38224
1.18907
0.901654
1.40973
1.21767
1.31874
0.881008
1.44461
1.39639
1.26609
0.881034
1.00566
1.03438
1.55505
1.05973
1.3592
0.775091
1.33592
1.33309
1.17126
1.55062
1.11995
1.40296
1.1908
0.855746
0.987504
1.26995
1.49237
1.34578
1.1275
0.761681
1.41798
1.16588
1.55799
1.37687
1.20391
1.07913
1.53377
1.2771
1.20281
0.858409
1.13883
1.56327
1.19304
0.758411
1.19916
1.44424
1.55194
1.34513
0.939344
0.910216
1.35957
0.782786
0.951907
1.00411
0.989764
1.53119
1.2957
1.48056
1.5581
0.881949
1.54229
1.19638
0.708372
0.971174
0.98739
1.5418
1.30865
1.02784
1.2419
0.870999
1.34717
1.28748
0.935793
1.52476
0.818077
1.42696
1.35823
0.750806
1.36899
1.57031
1.08865
1.18782
1.525
1.14931
1.24031
0.756899
1.26356
1.51435
1.10624
1.22839
1.46308
0.64385
1.46584
1.23506
1.27146
0.972325
1.56805
1.34851
1.11343
1.3936
1.37882
1.23796
1.50755
1.38162
0.673539
1.24532
1.28719
0.797965
1.36101
1.3291
1.21005
1.43346
1.20804
0.766194
1.36419
1.09429
1.35514
1.15698
1.39825
1.34112
1.38485
1.55676
1.30093
1.56921
0.923713
1.02829
1.32331
1.22198
1.25631
1.44338
1.0503
1.50807
0.906753
0.868867
0.793382
0.941602
1.31039
0.812507
1.48687
0.74299
1.42432
1.05162
1.40726
1.10497
1.435
1.11699
1.2385
1.18186
1.08008
1.55435
1.5157
1.35895
1.05369
1.3246
0.789659
0.953328
1.37422
1.08389
0.989316
1.18863
1.06312
1.3963
1.03792
1.29589
0.776294
1.01709
1.43897
1.55157
1.485
1.24632
1.30868
1.02162
1.28462
0.791445
0.881743
1.18963
1.29234
0.861047
1.35512
1.48336
0.877312
1.48475
1.53096
1.31844
1.03914
1.00169
0.918227
1.54876
1.12744
1.30748
1.16393
1.04208
1.22761
1.38
1.18066
1.4178
1.07936
1.21356
1.53505
0.661682
1.14105
0.959083
1.4663
1.47194
1.4628
0.972538
0.662631
1.24882
1.01046
1.03062
1.35489
1.55985
1.18811
1.4211
1.43439
0.655135
1.05277
1.53682
1.05423
0.974131
0.667218
1.45302
0.909741
0.73647
0.873898
1.36394
1.46498
1.14626
1.10713
1.44461
1.09707
1.19416
1.00607
1.08299
1.45617
1.19185
1.12876
1.37341
1.30608
1.30342
1.43192
0.958454
1.56054
1.27647
0.791529
0.963798
0.994214
0.598687
1.50147
1.21859
1.34259
1.07628
0.734853
0.901883
1.3388
1.47752
1.53368
1.02508
0.966559
0.865075
1.35258
1.34403
1.34817
0.735812
1.34052
1.22343
0.461922
1.03104
0.86418
1.43553
1.17167
1.15385
1.47712
1.1773
1.50342
1.27146
1.25891
1.51807
0.884254
1.22177
0.748667
1.1699
1.23331
1.34826
1.2787
0.62131
1.03059
1.38131
1.54614
1.42378
1.49406
1.25149
1.44104
1.30004
1.19976
1.49057
1.14817
1.04431
0.966469
0.910811
1.34545
1.48506
1.22168
1.12164
0.775719
1.55204
0.502952
1.48244
1.51223
1.31461
1.39546
1.50862
1.49034
1.36718
1.52494
0.785613
1.16491
0.781788
0.932137
1.27053
1.15234
1.25875
1.30516
1.08644
1.15801
1.433
0.858664
1.08454
1.23746
1.43953
0.952576
1.35782
1.15229
1.41455
1.45451
1.38467
1.01381
1.40995
1.25439
1.38485
1.44045
1.46329
1.13303
1.41526
1.26424
1.41168
1.39034
1.48892
1.15439
1.05108
1.28259
1.22771
0.872359
0.902289
0.907686
1.2293
0.980166
1.27123
1.02378
0.989949
0.810519
1.15241
1.1212
1.49611
1.46605
1.47136
1.22762
0.761925
1.30514
1.01413
1.55143
1.39755
0.447002
1.29994
1.13286
0.893793
1.32904
1.50978
1.54418
1.32894
1.06584
1.51561
1.46439
1.5094
1.43172
1.1933
1.5045
1.33758
1.20921
1.53924
1.55914
1.22727
1.03507
0.792227
1.49287
1.30874
0.848131
1.51691
1.23996
1.21305
1.47544
1.37425
1.09541
1.3356
1.56127
1.53227
1.0557
1.55839
1.20151
1.10883
1.53875
1.24125
1.22645
1.27418
1.56024
1.37895
1.3213
1.43053
1.34012
0.855114
1.49357
0.622797
0.955558
1.16524
1.40141
0.996421
0.872951
1.39704
0.981262
1.26669
1.36995
1.33018
1.43143
0.964007
0.887207
1.55352
1.47456
1.37634
1.49017
1.44885
1.39621
1.10473
1.16253
0.964692
0.842028
1.49441
0.913478
1.44445
1.31704
1.27736
1.53401
0.866161
1.14664
0.855519
1.44817
1.35495
1.11002
1.25827
1.51895
0.841204
1.07524
1.38181
0.820942
0.936275
1.38355
1.4601
0.951124
0.991569
1.38021
1.52954
1.42175
1.16389
1.52204
1.09124
0.924308
1.5592
1.08063
1.29681
0.768229
1.15225
1.50422
1.12712
1.27577
0.894346
1.2457
1.45858
0.661037
1.53472
0.826201
1.45772
0.861454
1.55712
1.06584
1.56686
0.916604
0.703792
1.05293
1.3316
1.40128
1.27155
1.07547
1.25381
1.00168
0.888997
0.961751
1.44411
1.05402
0.750878
1.17091
1.44342
1.18353
1.50725
1.42906
0.996947
0.927954
1.50446
1.07692
1.50708
1.37868
1.30324
1.21123
1.56677
1.33996
1.38373
1.27911
1.346
0.977634
1.36354
1.39447
0.916087
1.1029
0.780661
0.926986
1.19423
1.50605
1.48604
1.343
1.25618
1.53545
0.666892
0.758966
1.21885
1.22667
1.15706
1.21101
1.44793
1.25811
0.610404
1.36762
1.54406
1.42946
1.40432
1.31572
1.31566
1.30994
1.51107
1.416
1.21723
1.21117
1.5534
1.36668
1.09308
1.08885
1.31159
1.05268
0.966578
1.06075
1.25026
1.06483
1.16709
0.748002
1.32316
1.05924
1.4864
1.55139
1.09799
0.837616
1.43315
1.525
1.13105
1.0777
1.07177
0.989618
1.25677
1.05247
1.17862
0.722623
1.26011
0.978954
1.41258
1.53733
1.07613
1.559
1.45586
0.803303
1.47139
0.822476
1.55383
1.50462
1.22528
1.51605
0.426649
1.46314
0.675329
1.23739
1.23021
1.00911
0.78817
0.866204
1.24487
0.984778
1.37615
1.40908
1.5414
1.41421
1.54339
1.31212
1.46231
0.850104
1.30226
1.32919
0.947049
0.324445
1.3726
0.769233
0.879614
1.06342
1.25772
1.01522
1.27456
1.15943
1.44085
1.55328
1.00299
0.857533
0.697125
1.51541
1.45543
1.44575
0.76504
1.25072
1.52219
0.954828
1.5559
1.25648
1.54058
0.620139
1.48861
1.25227
1.26122
1.51174
1.05634
1.39761
1.18126
1.44817
1.15462
1.08492
1.50495
1.12358
0.999551
1.46255
1.24589
1.43309
1.18867
1.36051
1.34068
1.42752
1.3082
0.690713
1.12527
1.19245
1.53579
1.24413
1.44064
1.42607
1.55383
1.11895
0.560842
0.92543
1.51642
1.20891
1.48461
0.918686
1.34463
1.39062
1.07254
1.43814
1.333
1.19689
1.26573
1.4494
0.650076
0.828805
1.50009
0.813117
1.40326
1.10347
1.29307
1.49611
1.28939
1.11189
1.28411
0.987333
1.38182
1.55712
1.47069
1.43208
1.36999
1.48445
0.940237
1.41454
1.04544
0.576331
1.42758
1.49008
1.50361
0.788133
1.15657
1.07795
1.36241
0.822003
1.04423
1.34883
0.618663
1.04702
0.953281
1.20686
1.53282
1.18811
0.774282
1.56536
1.22917
1.54174
1.27469
1.52939
1.34692
1.36603
1.1746
1.3309
1.39399
0.625413
1.34792
1.47418
0.814904
1.39682
1.22015
1.44979
0.947901
1.23047
1.50826
1.51779
0.810576
0.976186
1.46341
1.25333
1.10678
1.20546
1.00104
0.711496
0.917098
1.2011
1.38985
1.50648
0.976838
1.49639
0.677258
1.41554
1.32624
0.761215
1.27424
1.37826
0.968693
1.02051
1.41127
1.40512
1.15438
1.29383
1.48497
1.50342
1.51785
1.5272
1.32265
1.44454
1.39813
1.35439
1.08297
0.859148
1.44999
0.852286
1.50026
1.05072
0.585833
1.47531
1.16148
1.07321
0.593475
1.466
0.957174
1.22437
1.45868
0.733129
0.986621
1.48273
1.00574
1.29155
1.26522
0.90115
1.14221
1.48544
1.14387
0.885001
1.07843
1.23198
1.37572
1.42409
1.27904
1.32883
1.181
1.04625
1.19442
0.568021
1.42585
0.775265
1.3093
1.45586
0.990094
0.940922
0.938146
1.48515
1.07385
1.35857
0.578093
1.21917
1.14053
0.533573
0.797178
1.30346
1.17098
0.98808
1.08654
1.17319
1.13868
0.939775
1.41142
1.47715
1.40846
1.12665
1.4509
1.1106
0.920519
0.494901
0.930628
1.14718
1.03047
1.43066
0.980391
1.34604
1.11804
1.46942
0.843526
1.4944
0.822346
0.961164
1.22622
1.01378
1.0288
1.13656
1.28576
1.06582
1.14529
1.0871
1.31885
1.32227
1.0018
1.19614
1.47384
0.854432
0.854814
1.07468
1.46188
1.33069
1.2029
1.4351
1.40537
0.988396
1.27678
1.00839
1.46627
0.890328
1.21559
1.10545
1.47873
1.04903
0.979205
0.998301
0.873836
1.44678
1.33388
0.939949
1.42647
1.51688
1.21149
1.06769
1.53966
1.51064
1.20703
0.846212
1.31799
0.964127
0.754289
1.07086
1.19357
1.34881
1.07136
0.888884
1.00188
0.960193
1.16437
1.25239
1.56543
1.34875
1.32895
1.38516
1.45389
0.92028
1.30125
1.41282
1.42365
1.32972
1.54369
1.04706
0.816031
1.49296
1.08082
1.13549
1.52788
1.26298
1.40596
1.36195
0.903076
1.23316
1.34203
1.42387
0.835139
1.20222
1.29066
1.46857
0.946926
0.811785
1.50929
1.54852
1.41125
1.0678
1.30466
1.27979
1.55111
1.45272
1.52653
0.702038
1.09017
1.47734
0.931325
0.779592
1.16747
1.08392
1.54678
0.868715
1.15539
0.915828
1.41356
1.5206
1.2513
0.909714
1.34626
0.932084
1.0475
0.926031
1.4686
1.33999
0.898595
0.901811
1.32832
0.953998
1.46046
0.833229
1.44535
1.24938
1.53804
1.09161
1.21508
1.56066
1.2139
1.2122
1.50771
1.3192
1.36681
1.01364
1.099
0.832104
0.866729
1.55255
1.46538
1.32561
1.25368
1.40594
1.33409
0.850621
0.789924
1.47096
1.34376
1.30423
1.5407
1.04244
1.01949
1.4988
1.22396
1.55535
1.33865
1.51561
1.38187
1.35101
0.789954
1.04677
1.51623
0.852381
0.933516
0.653131
0.827573
1.45687
1.05381
1.557
1.4831
1.49681
1.02456
1.40364
0.961665
1.16272
1.13604
1.39527
1.2236
1.44658
1.52256
0.833982
1.42135
0.761908
0.917412
1.38299
1.43851
0.971245
0.993144
1.26407
1.10313
0.824738
1.26975
1.22949
0.786259
1.56203
1.5476
1.4135
1.07523
1.43528
1.07621
1.1124
1.52085
1.52836
1.54479
0.994801
1.48007
1.13717
1.23745
1.41817
1.53463
1.38265
1.1257
1.31212
1.52644
1.28462
1.13515
1.26311
1.25213
1.33271
0.82552
1.13484
0.883021
0.40897
1.54327
1.03967
1.3426
1.37198
1.29513
0.769221
0.919613
1.47905
1.36191
1.093
1.0477
1.05747
1.30011
1.13926
0.966602
1.39974
1.39645
0.867356
1.34265
0.781742
1.43791
1.37701
1.09388
1.38351
1.0224
0.758736
1.53569
1.34096
1.3697
1.41128
1.30093
1.49642
1.03448
1.37382
1.14351
1.32983
1.36029
1.44221
