1.56483
0.815966
1.42019
1.12482
0.740844
1.55316
1.37627
1.49183
1.46021
1.02155
1.44119
1.48944
1.5181
1.45509
1.33419
1.25544
1.16108
1.52122
1.05935
1.19731
1.497
1.42055
1.12159
0.88668
1.42656
0.928375
1.51486
1.50304
1.19757
1.56695
1.40814
0.865446
1.15084
1.34068
1.28628
0.944214
1.49854
1.19323
1.45159
1.52155
1.34806
1.39292
1.23189
1.36768
0.999587
1.53689
1.4959
1.43697
1.26644
1.15311
0.786416
1.51627
1.26912
1.54418
1.18257
1.23318
1.01245
1.13434
1.32355
1.43806
1.51941
1.26416
1.12115
1.3415
1.35158
1.53972
1.44513
1.21859
1.27142
1.14874
1.33016
1.27785
1.38263
1.19197
1.07981
0.930445
1.16837
1.43473
1.56811
0.9503
0.904559
1.3833
0.984327
1.5642
1.48959
1.32894
1.27005
1.56622
0.946565
1.24074
1.01561
1.29174
1.52345
1.40432
1.11023
0.924277
1.32957
1.16072
0.561048
1.34317
1.35526
1.07691
1.52067
0.761966
0.582515
1.48641
1.06466
0.797654
1.4294
1.27034
1.55805
1.50673
1.26176
1.24122
1.28813
1.0114
0.80772
1.16956
1.35483
1.11397
1.07731
1.29694
0.513363
1.54983
1.3253
1.3271
1.51745
1.18791
1.34493
0.927286
1.31383
0.71626
0.96561
1.49431
1.5371
1.56631
1.42968
0.841242
0.728942
1.31086
1.03999
1.25966
0.706446
1.32913
1.35551
1.20935
1.36525
1.20502
1.32907
1.12739
1.411
1.14811
1.40444
1.41505
0.855024
1.3607
1.38355
1.55554
1.37005
0.820126
1.46492
1.33661
1.29065
1.35233
1.08898
0.735752
1.38901
1.18
1.45758
1.32427
1.15658
1.3338
1.13993
1.10114
0.720135
1.35739
1.35842
1.04482
1.18716
1.1073
0.960758
1.1414
1.26375
0.901567
0.963456
1.18014
1.41519
0.878672
0.840758
1.39955
1.31723
1.15112
0.767163
1.17464
1.33309
1.39565
1.38069
1.23435
1.18988
1.48022
1.43195
1.47145
1.19199
0.546274
1.444
1.17548
1.56977
1.19074
0.830009
1.37403
1.20721
0.948821
1.36413
1.20418
0.94433
1.56915
0.717101
1.19711
1.41149
1.35871
1.44851
1.49296
1.22379
1.5373
1.30182
1.19337
1.30283
0.961402
0.908646
1.55016
0.533723
1.35798
1.36606
1.21931
1.43494
1.33474
1.19645
1.33858
1.17843
1.56503
1.22684
1.38156
0.81282
1.50801
1.49446
1.32196
1.07641
1.28893
1.50413
1.34197
1.36475
1.48003
0.882118
1.38952
1.51987
0.786331
1.30979
0.906494
0.898
0.898625
1.55071
1.20075
0.989178
1.39075
0.618802
1.11894
0.925567
1.24796
1.31681
1.52256
1.43765
1.44018
1.3081
1.20016
1.32687
1.5225
1.11716
1.25334
1.52732
1.34228
1.28748
1.20627
1.16048
1.49657
0.93162
1.20895
1.27921
1.56146
0.917725
1.36818
1.11335
1.03192
1.21755
1.47335
0.732715
0.95151
1.47942
1.19445
0.715555
1.05999
1.19659
1.32718
0.73072
1.48717
1.01029
0.714916
1.56643
1.42036
0.857782
1.1376
0.936064
0.947922
1.47837
1.04893
0.953868
0.891524
1.44541
1.28007
1.50618
1.4604
1.00827
0.869184
0.905875
1.24709
0.854791
0.851212
1.50156
1.48788
1.39453
0.61696
0.935762
0.520841
0.829604
0.839561
1.55282
1.54907
1.36213
1.12239
0.900506
0.990058
1.41285
1.29104
1.12306
1.08494
1.46046
1.4152
1.02535
0.837712
0.85892
1.54373
1.12841
1.3445
1.30939
1.09892
1.4852
1.07968
1.07491
1.4789
1.46439
1.23231
1.45506
1.56079
1.27405
1.44968
0.529316
1.57074
1.13831
1.32362
1.27953
1.05584
1.53472
0.789966
1.5113
1.53878
1.47617
1.38025
1.30523
0.935162
1.48641
1.54406
1.56269
1.54931
1.4479
1.54559
0.612186
1.29398
1.28577
1.525
1.26912
1.26272
1.44169
1.50368
1.47433
0.882039
1.41224
1.09195
1.29593
0.68827
1.0737
1.02023
1.34908
1.20107
0.959518
1.25277
1.4228
1.33924
1.06124
0.399056
0.925022
1.29586
1.36059
1.22827
1.31856
1.56225
1.2351
0.986265
1.46952
1.23014
0.953773
1.51064
1.28411
1.55221
1.04204
1.30843
1.4429
1.11404
1.04399
1.29424
1.35337
1.21865
1.22561
1.00705
1.36647
0.763308
1.45115
1.40153
1.53649
1.41854
1.45143
1.51792
1.18139
1.43501
1.33403
0.953701
1.12868
1.18555
1.48206
1.46237
1.40001
0.952236
1.42425
1.39478
1.53044
1.44104
0.742688
1.37238
1.45634
0.774531
0.964213
0.790049
1.21917
1.43562
1.26293
1.51241
1.55398
1.3329
1.48328
1.03103
0.874076
1.51645
1.43106
1.47844
1.36689
1.53307
1.53857
1.12658
1.06358
1.18758
1.2388
1.31042
1.5044
1.34807
0.940926
1.08837
1.25303
0.76331
1.23628
1.45777
0.830462
0.914399
1.30779
0.618423
1.17452
0.699401
1.47421
1.43494
0.978539
1.20339
0.975841
1.44933
1.30001
1.32077
1.17598
1.11594
1.12082
0.832104
1.35565
1.56154
1.56411
1.30116
1.169
1.25335
0.787037
0.94991
0.645139
1.26253
1.54055
1.08263
0.913955
1.29611
1.23984
1.30255
0.899842
1.29136
0.943359
1.01761
1.27212
1.41489
1.54522
0.9735
1.39591
1.29209
1.05262
1.36534
1.47087
1.31937
1.17409
1.34945
1.23554
1.30283
1.1916
1.40054
1.51299
0.728444
0.758213
0.947794
1.40538
1.49499
1.12476
1.21123
0.901902
0.931942
1.22898
0.975119
1.00546
1.08303
1.55432
1.3713
1.43784
0.96322
1.04227
1.43371
1.11063
1.40083
1.49663
0.924947
1.44627
0.939171
1.2864
1.17468
1.53258
1.20895
0.944472
1.40265
1.27239
1.14496
0.881101
1.46909
1.48249
1.19061
1.27321
1.21891
1.48316
1.40842
1.26035
1.35914
1.52586
1.32447
1.25949
1.2911
1.33215
1.56128
1.45435
1.34288
0.223527
1.17624
1.41434
1.24519
0.965985
1.12982
1.39379
1.28054
0.794144
0.654931
1.36759
1.11923
1.36243
1.02886
1.37518
0.935767
1.56372
1.28698
1.36157
1.01547
1.04409
1.5418
1.23571
1.50403
1.19436
1.19521
0.767423
0.948496
1.24554
1.45037
1.44301
1.26388
0.190464
0.74935
1.30656
0.968181
1.09059
1.08395
1.39437
1.1472
1.25214
1.20284
1.19312
1.36013
1.34751
0.9394
0.715412
1.19041
1.15672
1.53221
0.781431
1.01535
0.90311
1.54589
1.3318
1.3931
1.2676
1.07343
1.17407
1.24673
1.50873
1.21839
0.858679
1.262
1.47728
1.14606
1.44215
1.1337
1.48775
1.43659
1.06053
1.41745
1.12252
1.25278
1.2193
1.22437
1.48567
1.37506
0.973685
1.07065
1.32979
1.49333
1.19849
1.10938
1.1803
0.991946
1.37369
1.53893
1.4962
1.53908
1.25618
1.42166
1.16012
1.29922
0.91079
1.4951
0.655446
1.41847
1.18347
1.41625
0.776763
1.30264
1.45428
0.823643
0.834557
0.819137
1.32183
1.22937
1.2363
1.16959
0.938892
1.39707
1.06955
1.43325
1.46897
1.54159
1.34463
1.27113
1.44627
1.1933
1.27506
1.37997
1.24564
0.847397
1.30912
0.856853
1.469
1.55548
1.35695
1.36575
1.23496
0.903781
1.52863
1.2919
1.31105
0.567597
1.02382
0.929269
1.33874
1.30321
1.30748
1.421
1.36818
1.21605
1.35539
1.54171
1.01323
1.04034
1.37417
1.55035
1.09012
1.45002
1.5689
1.12312
1.14217
1.47918
1.55854
1.46022
0.763983
1.51663
1.24131
1.52213
0.939065
1.53756
1.14609
0.807814
1.56245
1.49582
1.29973
0.813239
1.41298
1.54122
0.795535
1.50803
1.4872
1.33058
1.159
0.834304
0.977774
1.56292
1.0268
1.54192
0.894903
1.44159
1.2787
1.28086
1.41662
1.08953
1.25327
1.47562
0.898617
1.27834
0.945506
1.51789
0.932799
0.82941
1.17434
1.39171
1.24435
0.80275
1.19136
1.2408
1.45948
1.31351
1.55091
1.3542
0.593616
0.785681
1.52601
1.43085
1.20897
1.45644
1.0568
1.11665
1.46886
1.32599
1.21312
1.54375
1.25342
1.44996
0.944414
1.30995
0.756086
0.801519
1.02124
1.1995
1.17537
0.997324
1.49057
1.51602
1.00482
1.32385
1.47412
1.43365
1.1156
1.19685
1.55743
1.40271
1.48984
1.1463
1.56088
1.36446
0.885138
1.5076
1.10812
1.53191
1.1103
1.53096
0.949421
0.822481
1.31729
1.04705
1.40224
1.57022
1.10063
1.23916
1.33905
1.21921
1.56378
1.07198
1.53673
0.89065
0.760994
1.04049
1.17563
1.37428
1.42421
1.51915
1.52928
0.750835
1.45161
1.53985
1.3655
0.898779
1.56028
1.53459
1.33014
1.46712
1.0903
1.05541
1.44288
1.26298
1.50576
1.45924
1.16822
1.46439
1.11255
1.0501
1.4542
1.16304
0.544431
1.42486
1.15025
1.38143
1.51205
1.25278
0.350259
1.40054
1.4639
1.36695
1.51461
1.55563
1.30245
1.46421
1.56481
1.39329
1.56152
1.5152
1.06431
0.986406
1.16985
0.938311
1.55343
1.38003
1.51539
1.55535
1.04571
1.24377
1.05036
1.10578
1.17699
1.13614
0.641475
1.04085
1.35252
1.2098
1.26611
1.29966
1.14173
1.34575
0.905644
1.37802
1.51516
1.09016
0.863543
0.842991
1.24873
1.17617
0.81726
0.989914
1.18854
1.06995
1.55773
1.2324
1.29724
1.13745
1.39735
1.47954
1.3373
1.4936
0.978793
1.40314
1.08248
1.32902
0.94479
1.22099
1.05486
1.33784
1.5205
1.08555
1.2897
1.32825
1.12638
1.02499
1.49864
1.46255
1.35351
1.47329
1.31358
1.10009
1.1726
1.56848
1.56378
0.985795
0.781803
1.10227
1.2681
0.816939
1.51605
1.40982
1.12916
1.56185
1.29364
0.461544
1.56988
1.44295
1.39335
1.28041
0.822926
1.39045
1.28181
1.17002
1.23059
1.35601
1.03789
1.11342
1.39893
0.893047
1.55987
1.04307
1.29897
1.45917
1.35226
1.49253
1.01417
0.53147
1.42102
0.409476
1.23679
1.24319
1.31736
0.60313
1.42521
1.46195
1.565
1.09628
0.782643
0.915841
0.85766
0.938564
1.15708
1.00198
1.43001
1.46476
1.48563
1.07093
1.22374
0.879228
1.48935
1.49838
1.48659
1.41171
1.45506
1.47211
1.40054
0.793531
0.688483
1.39602
0.56358
0.973725
1.46016
1.06138
0.541071
1.47311
0.993009
1.12944
0.78148
1.30476
0.925151
1.2414
1.42153
1.45469
1.46605
1.01354
1.24356
0.643116
1.2505
1.00238
1.27571
1.07273
0.873513
1.15452
1.35022
1.44424
1.45494
1.49874
1.27762
0.918491
1.01171
1.11125
0.97914
1.44528
0.65991
1.48592
1.32315
1.4655
1.5454
0.946787
1.44107
1.55181
0.93303
1.079
1.16914
1.47501
1.12951
1.51675
1.30264
1.43596
1.00973
1.02077
0.790857
0.698163
0.821446
1.55163
0.943289
0.919789
0.847972
1.42679
1.53896
1.51299
1.52696
1.00413
1.36026
1.21465
1.03442
1.05281
1.35417
1.53789
0.946347
1.55554
1.47675
1.0503
0.688925
1.46452
1.40777
1.26131
0.784716
1.22385
1.23428
1.52042
1.36036
1.47959
1.49718
1.25101
1.26337
1.4381
1.41223
1.56366
0.804306
0.349812
1.27869
0.546041
1.18943
0.451653
1.45801
1.57061
1.26637
1.0167
0.845726
1.41081
1.29193
1.01809
1.47127
1.22583
0.76194
1.46482
0.884383
1.44547
1.49131
1.17345
1.34344
1.39397
0.917002
1.41248
1.00491
1.27066
1.54125
1.1937
1.56136
1.43691
1.17094
1.12106
1.33295
1.49577
1.25413
0.715119
1.45589
1.03372
1.17276
1.41922
0.725786
1.52806
1.41526
1.55496
1.36082
1.12774
1.51651
1.35798
0.727684
1.55566
0.637665
1.44098
1.38516
1.25615
1.57068
1.3054
1.56639
1.51396
0.744523
1.54757
1.12813
0.776755
1.53164
1.52219
0.371017
1.22187
1.33679
0.558005
1.57055
0.898498
1.43111
1.19811
1.18777
0.771277
1.4709
1.30612
1.16028
1.43993
1.04323
1.25522
1.42363
1.17486
1.05468
1.35183
1.25368
0.669065
1.19662
1.29339
1.25481
1.19268
1.47158
0.499934
1.36035
1.47311
0.664266
0.985047
1.28524
1.10149
1.03738
1.41072
1.45795
1.03016
1.12367
1.03596
0.998351
1.34673
0.841323
1.36145
0.682162
1.29919
1.4173
0.691491
0.610927
1.43577
0.724574
0.9449
0.954219
1.29472
1.52928
1.40945
1.13203
1.34927
1.53499
1.0892
1.51724
0.907326
0.287554
1.0569
1.53154
1.00532
1.56201
1.11926
1.33353
0.96338
1.28386
1.03855
1.34785
0.693853
1.45135
0.929975
1.40274
1.38715
1.05222
0.893011
1.04917
1.17429
1.32938
1.37957
1.18863
1.20398
1.40961
1.41248
1.20476
1.26298
1.54601
1.29618
1.17675
0.887181
0.94665
1.30799
0.692901
0.782226
1.02135
0.418102
1.25544
1.37098
1.30312
1.01954
1.327
1.47673
1.49939
0.328407
1.46396
1.04783
0.911073
0.670888
0.7849
1.49718
0.999442
1.27091
1.12262
1.21915
1.51241
1.29713
1.43868
1.51284
0.827934
0.993281
1.1931
1.41344
1.25913
1.41744
1.48213
0.734764
0.96317
1.54595
1.16285
1.346
1.41983
1.45856
1.15451
1.42909
1.52314
1.03762
1.39397
1.22509
1.41557
1.00443
1.17451
1.25654
1.0616
1.44701
1.40158
1.16544
1.15839
1.40095
0.983922
1.46188
1.12766
1.2047
0.921089
1.50722
1.51849
1.08244
0.565291
1.54461
1.56648
1.05871
1.05886
1.35939
1.51828
1.54125
1.08002
1.37208
1.29024
1.50355
1.13791
1.55174
0.764222
1.01801
1.28595
1.46789
1.3107
0.89747
1.14522
1.42801
1.18244
1.15623
1.2171
1.54578
1.05588
1.488
1.30399
0.788015
0.438837
1.15313
1.20692
1.26944
1.46782
1.32355
1.27228
1.18983
1.19842
1.52389
1.28602
1.11743
0.966795
1.33761
1.26842
1.49131
1.48383
1.56991
1.4366
0.658104
1.47133
1.33359
1.51327
1.38675
0.711597
1.47464
1.55071
0.966806
1.17736
1.53073
1.1413
1.42828
1.41156
0.770982
1.54034
1.15218
1.52873
1.3638
1.3617
1.24122
1.22272
1.26541
1.29088
0.992129
1.5283
0.961007
1.27011
1.0022
1.19279
1.11513
1.36955
0.94113
1.05093
1.34275
0.515409
1.50463
0.409108
1.29935
1.29256
1.49369
0.644427
1.42738
1.44854
1.43679
1.46432
0.595042
1.54168
1.21582
1.32963
1.20456
0.990986
1.52604
1.21247
0.969321
1.28971
1.34516
1.51437
1.22245
0.772969
1.55541
1.1587
1.50859
1.455
1.46384
1.25117
1.30131
1.18054
1.30852
1.00129
1.10548
1.36332
1.34397
1.20445
1.49859
1.11577
1.04613
0.861424
0.743999
0.881114
0.774569
1.42205
1.23544
1.50483
1.45726
1.5588
1.05731
1.21475
0.853168
1.32859
1.34394
0.802798
1.39775
1.26463
1.45815
0.523754
1.13029
1.35395
1.53136
1.26618
1.4171
0.954881
1.42354
1.50356
0.989109
1.49005
1.04585
1.35313
1.00563
1.55999
1.42946
1.3429
0.639105
0.853674
1.53979
1.51064
0.834484
1.51021
1.40073
1.14749
1.08731
1.32196
1.21787
1.45002
1.27914
0.588898
1.18043
1.42668
1.5107
1.41114
1.45521
1.53331
1.05145
1.4071
1.33105
1.02388
1.27139
1.46053
1.42196
0.671184
1.11071
1.44516
0.892966
0.968646
0.740019
1.19072
1.29484
0.811683
1.43882
1.55097
1.40722
1.30564
1.39986
1.51957
1.38609
1.39503
1.27453
1.45819
1.52192
1.41311
0.731087
1.19585
1.25657
1.52375
1.47933
1.12133
1.50917
0.725762
1.55287
1.41625
1.37553
1.06536
1.15317
0.53866
0.831332
0.818012
1.5276
1.19015
1.22225
1.22884
1.34252
0.800024
1.30011
1.52432
1.38185
1.18766
1.0946
1.20412
0.883213
1.24325
1.14703
0.341764
1.53676
0.71273
0.738834
1.19501
0.901855
1.47335
1.22599
1.53597
1.42795
1.13584
0.920766
1.31237
1.27532
1.52485
1.08444
1.49964
1.30758
1.21602
1.29887
1.31291
1.11275
1.16244
1.29453
1.13016
1.3833
1.13462
1.5159
0.60504
1.26869
1.08734
1.53502
1.31877
1.20646
0.646184
1.49241
1.30906
0.959857
1.15399
1.13656
1.13293
1.37997
1.2608
1.50465
1.20113
1.01015
1.38955
1.37814
1.26307
1.54235
1.47954
1.3088
1.01841
1.30368
1.26679
1.26902
0.537846
0.97715
0.76806
1.4349
1.33039
1.08448
1.32751
1.3263
0.57423
0.899271
1.18218
1.2665
1.37646
1.45985
1.51125
1.3393
1.46894
0.869209
1.51055
1.19947
1.27972
1.36763
1.5158
1.51076
1.0527
1.18929
0.995477
1.50452
1.31743
1.44578
0.93061
0.663711
1.02809
1.25675
1.56298
1.21807
1.5474
0.468616
1.32488
1.04027
1.36244
1.49124
0.866109
1.07795
1.21292
1.30739
1.36893
1.09324
0.883325
0.70151
0.918479
1.48383
1.22553
1.4747
1.19133
1.55584
1.48193
1.56146
1.18531
1.45402
0.845277
1.18242
1.49669
1.17227
0.635374
1.19755
1.11873
0.979918
1.43935
1.09853
1.35954
1.30476
1.35105
1.12027
1.24006
0.869595
1.45813
1.32762
1.47623
1.23908
1.46936
0.79814
0.39488
1.49584
1.14153
1.10337
1.51541
1.34848
0.913686
1.47366
0.824125
1.30606
1.31774
1.43007
0.968133
1.13179
1.42693
0.931676
1.10292
1.54228
0.830316
1.55627
1.20802
1.43266
1.08057
1.06099
1.13865
1.51974
1.00632
1.35064
1.22515
1.46786
1.49196
1.17061
1.01052
1.06354
1.4591
1.25933
1.09737
1.56781
1.26979
1.45772
1.46053
0.723236
1.36656
1.33042
1.55401
1.39095
1.44977
0.831175
1.48601
1.22923
1.15013
1.30049
1.39043
0.912912
1.32505
1.05121
1.45592
1.40846
0.61717
1.16125
0.843983
1.09137
1.23666
1.39298
1.38398
0.834756
1.53885
1.52256
1.54382
1.40091
1.36693
0.587833
1.25005
1.25207
1.49673
1.25754
1.20156
0.911605
1.00416
0.98024
1.45839
1.08999
1.49409
1.40152
1.18467
0.617876
1.40577
0.901659
1.38084
1.11275
1.17859
0.767404
1.4158
0.865499
1.39769
1.53
1.35633
1.45911
1.43864
1.2256
0.868866
0.764559
1.56167
1.19583
1.33445
1.49675
1.53676
1.25536
1.0854
1.45349
1.24616
1.5647
1.55621
1.10251
1.37822
0.92994
1.55493
0.710673
0.813634
1.02264
1.4083
1.18746
0.864024
1.26343
1.08203
0.669278
0.633604
1.5606
0.795998
1.00653
0.707711
0.854093
1.3846
1.43842
0.935257
0.279825
0.673037
1.40487
1.21502
1.26465
1.09796
1.40639
0.631194
1.39149
1.17662
0.831729
1.52213
1.33623
1.45119
0.672486
1.37061
1.35811
1.28751
1.27627
1.08278
1.29827
1.51706
0.663442
1.09236
1.54723
1.5523
1.24673
1.0063
1.53081
1.18172
1.36737
1.43139
1.5272
1.1911
1.553
1.06655
1.37135
1.44252
1.51197
1.37026
1.56536
1.53224
1.48034
1.13178
1.35092
0.804177
1.26944
0.976501
1.31064
0.950799
0.738001
1.39422
1.54882
1.35733
1.20747
1.47498
0.969613
0.831006
1.27657
1.50642
1.30953
1.55405
0.630725
1.48518
1.22398
1.23072
1.51027
1.55792
0.944652
1.41242
1.17299
1.33645
0.88663
1.03439
1.54205
0.74841
1.40472
1.10665
1.01697
1.45515
1.49663
1.40951
1.48022
0.952486
0.763688
1.05956
1.42193
0.91687
1.4334
1.4918
1.27551
1.09932
1.49495
1.39552
1.47335
1.04923
1.29639
1.19921
1.46139
0.981273
0.402882
1.12503
1.52008
0.893429
1.32183
0.989898
1.55261
0.842188
1.3644
1.41423
1.53692
1.13552
1.5105
0.733508
1.11569
1.47246
1.54021
0.459292
0.937291
1.39391
1.3861
0.786195
1.33171
1.07551
1.54733
1.56558
0.765506
1.34024
1.23765
0.814648
1.31787
1.41532
0.701969
0.921814
1.2031
1.33121
0.563552
1.03514
1.11801
1.52264
1.50859
1.44479
1.33023
1.43753
1.19701
1.35119
1.35576
1.3853
1.30625
0.810995
1.4902
1.27337
1.13892
1.55786
1.54962
1.50208
1.44648
1.21852
1.49256
0.804023
1.49786
1.37241
1.26765
0.543326
1.49296
1.39837
0.959193
0.616035
1.5531
1.4566
0.604422
0.839934
1.45881
1.40618
1.13195
1.38485
1.29497
0.977226
0.817105
1.2808
0.447892
0.82471
1.00196
1.33303
1.30755
1.08264
1.36475
1.24068
1.27161
1.39459
0.927899
1.23977
1.26388
1.43069
1.34801
1.54952
1.31086
0.467834
1.17769
1.21002
1.54441
1.21074
1.56521
1.53685
0.97095
1.11617
1.03634
1.38466
1.32872
1.53258
1.16779
0.832968
1.28783
1.08286
1.54755
1.54882
1.09843
1.42181
1.03896
1.53481
1.30519
1.1841
1.2501
1.24219
0.727391
0.948834
1.51076
0.770139
1.20646
0.807222
0.829438
1.55944
1.28862
1.27787
0.740947
1.24706
1.33202
1.36643
1.25911
0.600562
1.48438
0.71728
1.19552
1.04265
1.01433
1.13858
0.846593
1.27754
0.845375
1.05667
1.23913
1.31016
1.26927
1.23592
0.841834
1.12354
1.4331
0.392886
1.43026
1.05325
0.975089
1.55651
1.44236
1.00978
1.35451
1.44455
1.1369
1.34989
1.53612
1.48267
1.56414
1.23313
0.95226
1.55917
1.40685
1.35155
1.02138
1.40181
1.51822
1.01292
1.32538
1.18301
1.12583
1.49896
1.46623
1.45254
1.55917
1.25377
1.23855
0.713622
1.4041
1.36382
1.41146
1.09367
1.5313
1.44959
1.0695
1.24074
1.39179
0.509567
1.07274
1.32665
1.48855
1.39298
1.44934
1.49484
1.30172
1.29031
0.670479
1.47945
1.23461
1.52509
0.813227
1.07993
1.14002
1.06362
1.06974
1.29085
0.970171
0.869021
1.54766
1.33829
1.06811
1.2673
0.925823
1.52073
1.40373
0.933441
1.56239
1.49554
1.2448
0.951701
1.12029
1.16995
1.25043
1.53176
1.4518
1.43968
1.2082
0.878455
1.27713
1.21914
1.43814
1.46912
1.25945
1.09981
1.36021
1.32891
1.06859
1.26809
1.4804
1.43038
1.35964
0.913642
1.22832
1.38949
0.938908
1.54754
1.24319
1.25204
1.22346
1.38274
1.3993
1.31545
1.40079
1.51828
1.48714
1.06727
0.598849
1.49619
1.26565
1.41532
0.810752
1.56552
0.832291
1.11724
0.838098
0.885053
1.41879
1.13996
1.45134
1.41585
1.32741
1.34996
1.15233
1.24215
1.3813
0.672686
1.26317
1.37838
1.43088
1.01234
1.54986
1.46452
1.49294
1.26912
1.28261
1.3557
1.25612
1.41044
1.4169
0.954069
1.38123
0.81662
1.49486
1.22359
1.25318
0.653241
1.01231
0.808384
1.40376
0.780679
1.32549
1.11837
1.28284
0.946343
1.23224
1.16899
0.983324
1.37994
1.36391
1.52195
1.289
1.43254
1.50376
0.560382
0.66777
1.45629
1.50306
1.26288
0.975766
1.1769
0.871663
1.30454
1.01281
1.28395
1.55089
0.912923
1.54131
1.46832
0.831353
1.43919
0.983469
1.01871
1.53331
0.887313
1.2996
1.28455
1.05673
1.37021
1.36472
1.47059
1.45907
1.56768
1.35627
1.08694
1.09036
1.28703
0.90586
1.51027
1.1994
1.14161
0.601709
1.46317
1.19363
1.30606
0.852805
1.04113
1.1767
1.36535
1.32689
1.07247
1.3046
1.20954
1.46943
1.12983
1.46175
1.51709
1.02141
1.32826
0.907541
1.27059
0.158648
1.18218
1.35873
1.54375
1.17054
0.78299
1.11227
1.42697
1.43134
1.51263
1.26765
1.11479
0.980375
1.26688
1.39937
1.2894
1.31361
1.56085
1.44473
0.614521
1.40478
0.322905
1.50703
1.33648
1.228
0.838562
1.26938
1.0951
1.30062
1.52439
1.54357
1.47973
1.5639
1.41075
1.54818
1.39676
1.56335
1.07774
1.37671
1.23635
1.16311
1.56378
1.55032
1.17631
1.45241
1.29916
1.07573
1.41505
1.46132
0.954995
1.35273
1.50355
1.42458
1.44067
1.46571
0.802877
1.02867
1.19337
1.54832
1.54931
0.548265
1.17034
1.3274
1.05395
1.52678
1.13804
1.49833
1.53432
1.43275
1.09305
0.852629
1.24351
0.76833
0.943397
1.53319
1.20666
1.26241
1.40008
1.52577
1.1993
1.37136
1.27838
0.668201
1.21254
1.25727
1.48218
1.13633
0.841629
1.35822
1.23315
1.54388
0.897553
1.48855
1.52763
1.47259
0.964461
1.4664
1.47225
1.55425
0.961952
1.39977
1.08102
1.46139
1.1211
1.30925
1.31711
0.896869
1.25348
0.922194
0.6709
1.47513
0.927603
1.55541
0.801575
1.28655
1.54223
1.51865
1.21703
0.880197
0.859417
0.671797
1.10457
1.49669
1.43537
1.47412
1.21827
1.40376
0.943934
1.03812
1.39314
1.36473
1.43729
1.56408
0.866094
1.4229
1.46034
1.43125
1.33629
1.45297
1.25098
1.54876
1.365
0.949046
1.29212
0.870642
1.3312
1.16285
1.44955
1.14147
0.952199
1.40334
1.36496
0.786393
1.50869
1.53307
0.995709
1.45277
0.859317
1.455
1.30925
1.12641
1.09775
1.5273
0.884561
0.867066
1.55429
1.45856
1.33855
1.03698
0.786984
0.932115
1.51015
1.30814
1.54296
1.09202
1.26464
0.797819
0.973758
1.52128
1.37929
1.22988
1.42739
1.18225
1.02655
0.990018
1.23904
1.257
1.35064
1.12974
1.14677
1.50972
1.19579
0.930146
1.06969
1.45242
0.969222
1.0872
1.06367
1.25172
1.49859
1.40246
1.25082
1.39453
0.949027
0.885565
1.24863
0.995303
1.35655
0.676433
1.26195
0.967688
1.17178
1.03496
1.20495
1.19232
0.842955
0.762191
1.56884
1.32045
1.39986
1.51956
0.851433
1.30251
1.22268
1.53319
0.443346
1.3076
1.14919
0.75073
0.695262
0.737538
0.870866
1.27761
1.56689
1.03197
1.53334
1.28767
1.43999
1.23162
0.906136
1.1811
1.10796
0.638075
1.24789
1.06383
1.29136
1.45736
1.45558
1.02067
1.25234
0.683776
1.52112
1.13208
0.798846
0.911349
1.24023
1.11446
0.997488
1.21575
1.50771
1.50749
1.19313
0.955135
0.914485
0.965531
1.31696
0.848316
1.03281
1.04343
0.836117
1.03062
1.17875
1.41545
1.2808
0.876819
1.39819
1.49682
1.35936
1.30787
1.02127
1.34156
1.10477
1.5077
0.999014
1.04693
0.554739
1.09398
1.47597
1.06249
1.14638
1.38463
1.17411
1.454
1.37525
0.920457
0.977147
1.27824
1.3228
1.48056
1.22058
1.39874
1.31846
1.48839
1.13751
1.28791
1.38836
1.43343
1.40301
1.18739
1.29706
1.09689
1.5007
1.31294
1.52042
1.51382
1.49664
0.724133
0.840789
1.51706
1.46139
1.35957
0.682879
1.39963
1.54247
1.16803
1.42098
1.01338
0.933347
1.01296
1.40257
1.29491
0.930586
1.42414
1.4951
1.20124
1.40234
1.46329
1.12273
0.906474
0.999032
1.55596
1.56671
1.55004
1.41159
1.34669
1.09211
0.995097
0.847179
1.37129
0.906011
1.39321
0.651517
1.09103
1.4883
0.967246
1.34027
1.39323
0.610839
1.23821
0.852202
1.34012
1.53185
1.46599
1.45588
1.31881
0.605289
1.4453
1.34932
1.44031
1.49908
1.50067
1.37204
0.895792
1.38938
1.24603
0.867246
1.39469
1.14282
1.50238
0.365431
1.48647
1.43768
1.1497
1.21892
1.14231
0.993258
1.36338
1.55407
0.926937
1.09208
0.865566
1.42465
1.55865
1.13029
1.50951
0.549049
1.37721
1.38281
1.57007
1.49001
0.655215
0.873674
1.38609
1.49253
0.775718
1.42045
0.853628
0.880991
1.07873
0.746034
1.09807
1.42847
1.38875
1.53838
1.1192
1.19931
1.30163
1.40856
1.2495
1.5129
0.98736
1.01368
1.45957
1.46304
1.14469
1.34842
1.56524
0.802303
1.39472
1.13865
1.37568
1.50624
1.40958
1.0988
1.53979
1.17053
1.55908
1.56335
0.655991
0.745261
1.12941
1.06305
1.28244
1.33519
1.26493
1.44152
1.07994
1.35283
0.902627
1.42918
0.754553
1.25548
1.06692
0.979575
1.4542
1.52418
0.628416
1.02609
1.09016
0.938339
1.46811
0.975972
1.48088
1.21179
1.29619
0.672359
1.39726
0.737443
0.754248
1.15601
1.42588
1.52683
0.82362
1.22027
1.39986
1.2899
1.0304
0.89145
1.24911
1.46274
0.687114
1.55181
0.859238
1.27436
1.4485
1.55143
1.42626
1.08728
1.09648
1.56462
1.42594
1.37156
1.44738
1.31666
0.964989
1.48974
1.5129
1.49544
1.32645
1.27589
1.54894
1.55801
0.49672
0.792621
0.996749
1.17157
1.53948
1.36382
1.25111
1.49935
1.51733
1.53811
1.34576
1.57039
1.43931
1.51431
1.48904
1.44138
1.1337
1.18096
1.20784
1.42236
0.835536
1.55694
1.11063
1.44161
0.654716
1.37329
1.35276
1.5265
1.48773
1.51804
1.25079
1.31972
1.47795
0.645401
1.53185
1.38181
1.09815
1.09402
1.31864
1.02145
1.25259
1.48938
0.832833
1.04145
1.33616
1.15454
1.31162
1.17426
1.38898
1.4002
0.512119
1.55386
1.07571
1.51785
0.903224
1.20304
1.52687
1.25466
1.42255
1.54971
0.642152
1.55917
1.18373
0.918745
1.50524
1.32919
1.2897
1.38187
1.35339
1.3928
1.03904
1.44765
1.1076
1.49767
1.37543
0.895043
0.720908
1.4848
1.31168
1.0655
1.36425
1.04827
0.790814
1.18534
1.0805
1.40286
1.30112
1.30182
1.20157
1.35658
1.02899
0.775736
1.12416
1.5048
0.937278
1.17154
1.04259
1.21826
1.40787
1.43063
1.34876
1.02594
1.39548
1.22295
1.49859
1.53661
1.27152
1.4248
0.830129
1.12117
1.2386
1.49034
1.03615
1.43203
1.10634
1.34568
1.23564
1.56823
1.17879
0.986017
1.18956
1.03877
1.10759
1.36346
1.43359
0.996387
0.696535
1.43885
0.624298
0.983767
1.35151
1.39099
1.23496
1.16926
1.50758
0.932491
0.806722
1.36091
1.53153
1.18199
1.1948
1.37609
1.42953
1.31598
1.24881
1.25817
1.04784
1.16776
0.876381
1.46565
0.476769
1.49014
1.23551
1.02332
0.75305
1.36871
1.48524
1.35969
1.05217
1.31796
0.852669
1.05301
1.35249
0.940439
1.4283
1.45136
1.2626
1.271
1.06075
0.938339
1.07558
0.852305
1.30972
1.4285
1.23286
0.894472
0.987964
1.07572
1.34052
1.37161
1.50605
0.922246
1.42653
1.56152
1.30397
1.20771
1.32737
1.20294
0.930485
0.830199
1.48144
1.39585
1.12257
1.482
1.09388
1.32466
1.42897
1.41835
1.35442
1.32209
1.06961
1.54067
1.39673
1.24319
1.29935
1.00125
0.749417
1.31648
1.17412
1.13239
1.02992
0.900976
1.34498
1.24657
1.33816
1.02529
1.30406
1.41199
1.30928
0.91492
1.43532
1.47274
0.838191
1.16481
1.31805
1.18525
1.45033
1.46961
1.33051
1.37039
0.76772
0.893883
1.33506
1.15684
1.42033
1.39583
1.42827
1.19353
1.29707
1.17893
1.17379
0.932872
1.15055
0.974438
0.936698
1.39074
1.19173
1.19102
1.09567
1.36837
1.48573
1.26711
0.766406
1.41983
1.38312
1.45383
1.55841
1.2815
1.5302
1.37814
1.01669
0.72904
1.47366
0.619064
1.46507
1.42354
1.36285
0.99386
1.13198
1.55786
0.686467
1.14965
0.827648
1.19974
1.22871
1.24016
1.27321
1.00276
1.32164
1.23738
0.842208
0.909801
1.52852
0.866771
1.31748
1.56884
1.41492
1.45629
1.00499
0.971337
1.25913
1.02962
1.28289
1.11227
1.49382
0.518784
1.3154
1.28714
1.54923
1.35014
0.62373
0.481943
1.00975
1.18621
0.741572
1.36838
0.911041
1.37033
1.44693
1.35583
0.80631
1.54218
1.32095
1.29991
1.48977
1.13672
1.15398
1.30644
1.2918
1.28538
1.24718
1.15469
1.499
1.52904
1.5689
0.225569
0.937234
1.33196
1.52598
1.54015
1.26273
0.849684
1.1332
1.01734
1.29587
0.995157
1.34895
1.23964
0.863793
1.55493
1.52705
1.44633
1.56012
1.26891
1.49749
1.5429
0.799148
1.28172
1.12219
1.05739
1.40629
1.0852
1.3764
1.2362
1.28859
0.96137
0.781431
1.42341
1.49287
0.902502
1.14934
0.843307
1.56268
1.5653
1.33725
1.45229
1.3557
1.02764
1.38153
1.45371
1.39549
0.837776
1.25869
1.00327
1.275
1.35295
1.01884
1.10354
1.13852
1.47035
1.5185
1.50373
1.40101
1.23493
1.26407
1.27755
1.36459
1.04311
1.33635
0.854314
1.1025
1.11718
1.33878
1.46556
0.151273
0.852487
1.2328
1.46703
1.45973
1.31165
0.933353
1.29167
1.28296
1.49179
1.35598
1.45515
1.10961
1.34231
1.42459
1.02032
1.20633
0.728478
1.27246
1.11297
0.8398
0.955032
1.56948
1.26957
1.08894
1.27779
0.491399
1.55688
1.37771
0.76934
1.3914
1.34748
0.997492
1.37803
0.961371
0.992902
1.40761
1.47513
1.19371
1.17365
1.26085
1.5542
1.5192
1.3297
1.40574
1.28507
0.693529
1.03921
1.26605
1.10155
1.50321
1.29699
1.29491
1.54153
1.52982
1.02407
1.24306
1.55792
1.55523
1.42958
1.10777
1.31493
1.37646
1.31997
1.27014
1.0407
1.54513
1.17108
1.56762
1.46476
0.961971
1.06179
0.652942
1.51565
1.39961
1.02403
1.09261
1.56329
1.43777
1.40655
1.55145
1.55175
0.779173
1.05602
1.47942
0.902448
1.1992
0.859936
1.21383
1.557
1.31553
1.06151
1.12773
1.50508
1.11796
0.899582
1.32086
1.13492
1.55981
1.06026
1.3058
1.15377
0.854408
1.1062
1.34582
1.29371
0.620682
1.4514
1.44514
1.37206
0.914416
1.10914
1.41637
0.712427
0.904188
1.1225
1.20999
1.52777
0.83498
1.43894
1.33089
1.51689
1.41949
0.569346
0.492817
1.50673
1.4301
1.45567
1.32373
1.04127
1.49304
0.769024
1.0104
1.11427
1.50771
1.20273
1.56359
1.2057
1.46169
1.39391
1.45457
1.44774
0.931819
0.585901
1.20212
1.38373
1.35351
0.754201
1.25426
1.41363
1.27889
1.33566
1.22587
1.37304
1.22914
1.41786
1.02808
0.98641
1.45678
1.18064
1.55001
1.36164
1.16557
1.5567
0.956578
0.604571
1.4612
1.41702
1.51474
1.03695
1.10888
1.44824
1.23821
0.920885
0.957554
1.18106
1.05564
1.45088
1.55747
1.43648
0.915952
1.14842
1.1539
1.14237
1.13144
1.22957
1.08884
1.44627
1.55148
1.55502
0.999727
1.47605
1.22151
1.23072
1.26215
1.3985
1.07998
0.764721
0.85832
1.02924
0.409447
0.633965
1.42764
1.47194
1.51917
1.28862
1.16364
0.593474
1.32246
1.52403
1.35252
1.54279
0.944332
1.22735
1.04541
1.49311
1.5074
1.29984
1.21965
1.20205
1.53975
1.10005
1.43913
1.22771
0.850566
1.27433
0.791403
0.876831
0.988828
0.779962
1.40054
1.5597
0.898804
1.49978
1.27353
1.22023
1.29129
1.55688
1.30134
1.24798
0.599049
1.26269
1.44711
1.15245
1.31736
0.978133
1.22059
1.41699
1.28711
1.42665
1.09549
1.3108
1.51027
1.00309
1.34826
0.896715
1.03567
0.921129
1.53386
1.2862
1.17689
1.0583
1.49825
1.16872
1.20975
1.06123
0.969427
1.28945
1.48788
1.05483
1.38734
1.30716
1.54595
0.54691
0.739532
0.66126
1.27879
0.785524
1.47774
1.34452
1.56457
1.31748
1.32895
1.40012
1.29811
1.36589
1.17061
1.43026
1.36266
1.28357
1.53154
0.967528
1.338
0.888255
1.41222
1.42637
1.43164
1.52696
1.16318
1.14844
1.43164
1.38211
1.34748
1.23661
1.21085
0.736536
1.56832
0.370901
0.820375
0.811456
1.01853
0.779529
0.75401
1.03031
0.764153
1.18126
1.34329
1.33158
0.878677
1.292
0.769503
0.981604
1.48555
1.52812
1.4302
1.41261
0.709295
0.757996
0.866484
1.2292
1.30309
0.631483
1.45063
1.26816
1.18804
0.796254
1.54485
1.14864
0.903694
1.12903
0.850334
1.03644
1.32819
1.20363
1.43161
1.34526
0.757401
1.50269
1.23893
1.01849
1.4019
1.09408
1.35414
0.638231
1.19198
1.5415
1.48359
1.33743
1.16
1.54998
1.03398
0.953001
1.47188
1.01159
1.26311
1.20006
1.54168
1.10107
1.42545
1.35033
1.52177
1.41687
1.50171
1.53172
0.945639
1.55255
1.35379
0.994141
1.52335
1.06312
1.23938
1.30985
1.19083
1.1275
1.17984
1.25886
1.16497
1.24277
1.44768
1.52751
1.50501
1.37835
1.00816
1.48555
1.24034
1.32633
1.32323
0.820557
1.22089
1.41106
1.26516
1.2197
1.06466
1.09755
1.15825
1.18245
1.50622
0.641046
1.52079
0.722031
1.22573
1.27461
1.5462
1.54098
0.657682
0.655558
1.33921
1.2269
1.21664
1.25498
1.32051
1.55372
0.581182
1.07322
1.22793
1.56942
1.15596
0.878454
1.25477
1.31506
1.28315
0.717532
1.32928
1.55255
1.44005
1.329
1.18548
1.4403
1.10846
1.53849
1.36082
1.56759
1.05019
1.53902
0.682927
0.876357
1.5617
1.53056
1.51486
1.3183
1.20393
1.54504
0.784386
1.56374
0.805146
1.32265
1.51461
1.36057
1.12692
1.03614
1.28131
1.31057
1.05886
1.24139
1.40996
1.00661
1.17035
0.836613
1.49541
1.41681
1.40304
1.13306
1.33438
1.35619
0.567314
1.45764
0.343889
0.978149
1.47965
1.10996
1.46393
1.44329
1.51743
1.34175
1.51816
1.48371
1.45316
1.47807
1.26809
1.40026
1.55331
1.46177
1.53979
1.3929
1.53551
1.40741
0.612162
1.02841
0.891566
0.879887
1.27244
1.22681
1.3246
1.51182
1.40046
1.40636
1.46869
1.52222
1.21123
0.929995
1.46393
0.951666
1.41211
1.46314
1.19338
1.0822
1.51909
1.52332
1.4694
1.30812
1.31765
1.01619
1.43265
0.987055
1.49914
1.5007
1.19142
1.44771
1.39967
0.878619
1.42804
1.46544
1.48978
1.51804
0.999389
1.37347
0.768185
1.37907
0.956535
0.807807
1.09306
1.00628
1.51224
1.34137
1.32271
1.38203
1.31736
1.09423
1.17468
0.925758
1.56201
0.672008
1.54766
0.7499
1.3176
0.910527
1.435
1.29884
1.50693
1.41229
0.836504
1.48824
0.788604
1.24345
1.46372
0.853569
1.51804
1.384
1.39554
1.15951
1.51779
1.22301
0.326744
1.01402
0.959559
1.45321
1.53093
1.56384
0.871116
1.04561
1.04073
1.426
1.4135
1.00611
1.04697
1.40438
0.493857
1.15379
0.879087
0.740259
0.85045
1.41752
1.5115
1.29881
1.49688
0.972417
1.51529
1.31473
1.25381
1.15999
1.01784
1.26125
1.3335
0.68277
1.55143
1.36824
1.49702
1.25178
1.27052
1.22287
1.19832
1.3487
1.40781
1.42384
1.42212
1.51003
1.16448
1.5115
1.03929
0.594817
0.798004
1.03982
1.35039
1.47792
1.14892
1.42679
0.754189
1.30058
1.5261
1.1862
1.27302
0.49495
0.871936
1.49602
1.39744
0.86748
1.14398
1.42091
1.26375
1.07301
1.27968
1.41758
1.4334
0.64304
1.18363
1.44543
1.34371
0.987864
1.01855
1.38463
1.30201
1.39471
1.12664
1.0255
0.627429
1.0673
0.533466
0.864432
1.34257
0.971481
1.43334
0.731438
0.881481
1.39788
1.36311
1.42594
1.39819
0.74023
0.845602
1.19954
1.4379
1.26073
1.50991
0.935636
0.915978
0.672998
1.48164
1.24855
1.26552
1.07078
0.840519
0.95335
1.19426
0.97542
1.37834
0.970671
0.8116
1.50934
1.38249
1.13889
1.11798
1.30046
1.17306
1.26066
0.893676
1.01211
1.09774
1.44516
1.33778
1.43131
1.23175
1.49235
1.48365
1.27589
1.40001
1.52971
1.35039
1.00719
0.646045
1.43556
1.10059
1.22204
1.53374
1.14758
1.06467
1.51251
1.29059
1.16603
0.960273
1.40444
1.43469
0.988153
1.28042
1.29285
1.41403
1.32249
1.52739
0.796009
1.36562
1.04401
1.34621
1.0799
0.482416
1.39905
1.16568
1.32473
1.18363
0.878022
1.23376
1.06674
1.28223
0.862106
1.04208
1.48285
1.20241
1.14685
1.0699
1.07044
1.0724
0.876675
1.48023
1.43858
1.15135
0.942658
0.838195
1.37397
0.994391
1.49752
1.25942
0.963478
1.31525
1.04835
1.36693
1.0294
0.802798
1.3597
1.31313
0.672609
1.15639
1.17465
1.26357
0.910448
1.36955
1.45813
1.33949
1.53078
1.05618
1.18969
1.36251
1.51231
0.808108
1.45945
1.07933
0.948112
1.50715
1.53893
1.30701
0.97295
1.30362
1.3572
1.48365
1.00639
1.46116
1.22745
1.52451
1.18555
1.27461
1.20435
1.3552
1.02221
1.39525
1.31206
1.22442
1.29764
1.49831
1.34889
1.48255
1.33224
1.23085
0.674493
1.39577
1.49216
1.47485
0.769136
1.44836
1.22588
1.24944
1.45485
1.23189
1.49082
1.10625
0.741985
0.850349
1.43145
1.40896
1.08933
0.873983
1.29717
1.16092
1.4747
1.13862
1.09484
0.913299
1.16071
1.47525
0.831451
1.1258
1.16616
1.04576
1.48331
1.15303
1.30543
1.04254
1.24216
1.44461
0.933777
1.38602
1.30321
0.64414
1.49106
1.46863
1.53649
1.45508
1.24171
1.09133
1.30125
1.13324
1.10185
0.993381
1.56317
1.54198
1.52054
1.48151
1.30636
0.913415
1.25626
0.811843
1.28608
1.24924
1.35445
0.610838
0.8248
1.12083
1.03741
1.39004
1.47121
1.48635
1.30359
1.56224
0.919057
1.37341
1.40233
1.31843
1.21553
0.74509
1.35476
1.17352
1.00266
0.517356
0.656573
0.774368
1.52189
1.33155
1.16448
1.1467
1.30509
0.890948
0.650496
1.3892
1.45198
0.875096
1.38734
1.53734
1.19352
1.19664
1.50009
1.52482
1.41115
1.23882
1.20516
1.47004
1.13393
1.4451
0.855434
1.06009
1.52998
0.705492
1.51393
1.42391
1.13393
1.53484
1.34732
1.52954
0.971913
1.23525
1.20199
1.39181
1.23039
1.4876
0.608937
1.31748
1.49027
1.10526
1.12004
1.4045
1.53673
1.33214
0.548845
1.24397
0.75912
0.93724
1.56182
0.993987
1.45666
1.22752
1.52757
0.740818
1.55285
0.807251
1.43972
1.19553
1.25548
1.21976
1.22464
1.53537
1.07877
1.0618
1.34043
1.38221
1.109
1.246
1.43747
0.989067
1.25954
1.19146
1.24886
1.03369
1.17988
1.56707
1.27375
1.48374
0.905684
1.02092
1.39949
1.48353
1.05086
1.00912
1.44436
0.838821
1.34087
1.32369
1.55719
1.36073
1.5501
0.741683
0.820989
1.36391
1.18191
1.5258
1.1151
0.734177
0.64395
0.356606
0.78039
0.694389
0.755417
1.18288
1.4037
1.09376
1.18529
1.32825
1.42154
1.29733
1.44679
1.33708
0.839768
0.883404
1.54969
1.39297
0.880332
1.4453
1.55548
1.03411
1.3658
0.693513
1.46151
1.23554
1.39226
1.31055
1.48878
0.942588
1.14792
0.940472
0.78251
1.01741
1.4422
0.897043
1.51105
1.05817
1.56626
1.28375
0.651712
1.38851
1.18663
0.77189
1.14603
1.53997
1.33643
1.12885
1.09196
1.514
1.41125
1.52474
1.43245
1.54812
1.5305
0.938097
1.00078
1.24447
1.46524
1.42616
0.638369
1.47646
1.00318
1.37086
0.985756
1.50532
1.19238
1.22038
1.30498
1.55667
1.04532
1.17217
1.56036
1.43753
1.26829
0.8431
1.34313
0.805946
1.04754
1.50957
1.43192
1.41149
1.49297
1.44344
0.833609
1.26714
1.44233
0.848663
0.96276
1.15685
1.06827
1.19134
1.20117
1.15596
1.47522
1.40147
1.43808
1.37371
1.13327
1.02235
0.982256
1.54579
1.29779
0.85572
0.86902
1.34948
1.28945
1.28221
1.20693
1.26431
1.15913
0.878587
1.39153
1.15145
1.38301
1.31761
1.5096
1.39261
1.16341
1.51755
1.29565
1.27168
1.41656
1.21954
1.16363
1.34876
1.53612
1.45595
1.36021
1.0414
1.20402
1.06734
1.05306
1.24222
1.36297
1.13663
0.640599
1.40252
1.13181
1.24196
1.10877
1.53759
1.24647
1.45766
1.48138
1.37142
0.875314
1.31279
1.46538
1.45414
1.51562
1.21108
0.905326
1.24937
1.13462
1.13104
0.943864
0.81409
0.995026
0.936734
1.50153
1.50067
1.08665
1.24525
0.68536
1.51452
1.19232
1.50702
1.36307
1.20591
