0.245175
0.508073
0.572229
0.858521
0.126827
0.562256
1.12941
0.343707
0.466723
1.19361
0.845343
0.817284
0.473041
0.502647
0.469054
1.02023
1.02828
1.44552
0.462266
0.508892
0.330739
0.469322
0.73407
0.707974
0.348535
0.801186
1.06102
0.60457
1.03397
0.632307
0.590772
0.241717
0.615697
0.999218
0.574022
0.319898
0.637112
0.493038
1.20048
1.07513
1.20375
0.949902
0.528632
0.43868
0.614604
1.22104
0.813801
0.827496
0.745835
0.824514
0.434058
0.678775
0.796238
0.599075
0.968719
0.813732
0.694723
0.564337
1.04924
0.736374
0.568699
0.672543
0.277803
0.72545
0.471999
0.594053
0.906633
0.865004
1.01324
0.715301
0.703976
0.978761
0.802713
0.464967
0.0942631
1.29167
0.716092
0.801287
0.547556
0.693342
1.07377
1.12214
0.999971
0.92515
0.842552
0.968239
0.893041
0.564527
0.316579
1.27799
1.22242
0.27634
0.282565
0.390304
0.578024
0.282223
0.804212
0.832792
0.450918
0.497715
0.457035
0.837964
0.851243
0.775966
0.346419
0.774952
0.768778
1.09884
0.642825
0.653917
1.11652
0.534459
1.1612
0.443267
0.810837
0.806389
0.471651
0.550898
0.974211
0.930477
1.13499
0.575362
0.956632
0.524014
0.582184
0.451008
0.897506
0.984838
1.30943
0.150528
0.745861
1.2887
0.744163
0.597103
0.837871
0.877571
0.912481
0.761126
0.938534
0.429058
0.730988
0.751642
0.690622
1.11439
0.795831
0.404477
1.19328
1.27053
0.908936
1.23682
0.429452
1.29908
0.397615
0.841291
0.721043
0.604319
0.441018
1.02279
0.958866
0.946121
0.456361
0.346327
0.418656
0.511545
0.673932
0.795095
1.18383
1.20229
0.685272
0.824708
0.676016
0.7482
0.758486
1.05434
0.424265
0.35478
1.06473
0.743533
0.866423
0.454642
0.81704
0.485947
0.761911
0.851712
0.932113
0.609763
0.273789
0.934602
0.417795
0.884042
1.22355
0.457709
0.877987
0.451927
1.32268
1.11857
0.541204
0.373902
0.378525
1.08768
0.627172
0.854242
0.87946
0.719264
0.575534
0.732407
0.735765
0.39023
0.785001
0.388077
0.884754
0.734448
1.11822
0.910812
0.452669
1.18794
0.529738
0.66462
0.773794
0.455832
0.531391
0.865261
0.730898
0.356796
0.971057
0.384122
1.08297
0.31313
0.539152
0.445197
1.15407
0.702688
1.05413
0.537382
0.927549
0.794652
0.797047
0.707308
1.07715
0.678217
0.371539
1.24332
0.566178
1.14143
0.425999
0.873074
0.73101
1.19691
0.282041
0.966805
0.733962
1.30664
0.255176
0.822492
0.663486
1.13115
0.24344
0.8556
0.640416
0.403698
0.729547
0.669547
0.898887
0.705068
0.553001
0.426392
0.42213
1.1677
1.04151
0.538566
0.456617
0.673626
0.603693
0.549608
0.671239
0.925995
0.709863
1.06842
1.06106
0.797051
0.51771
0.801123
0.619577
0.65584
0.752778
1.00826
0.94793
0.793667
0.315338
0.054788
0.962093
0.639294
0.641633
0.651
0.820883
0.575513
0.767317
0.858714
1.28161
0.145046
0.497227
1.25467
0.642271
1.09785
0.52192
0.482753
0.534359
0.741144
0.752946
0.526712
0.520419
0.289669
0.190477
0.950328
0.945392
0.681565
0.270055
0.559544
0.255433
0.929065
0.917847
0.71878
1.11613
0.940879
0.498643
0.433425
0.303486
0.485735
0.859385
0.350259
0.621978
1.00379
0.702555
0.481302
0.784907
0.786008
1.00772
1.15355
0.673351
0.824409
1.01581
1.18825
0.655654
0.993594
1.09607
0.771621
0.992299
0.993982
0.719747
0.63236
0.333781
1.23272
1.0206
0.975275
0.956938
0.433418
0.808105
0.597944
0.781937
0.806687
0.512584
1.31574
1.01832
1.04938
0.601817
0.470352
0.66903
0.323435
0.207741
0.361706
0.53574
0.312028
0.580418
0.54631
1.55316
0.779815
0.557091
0.56636
0.971824
0.363099
0.324698
0.857636
0.83209
0.731
0.709383
0.715128
0.448581
0.375563
0.661679
0.883242
0.664779
0.498061
0.563942
0.156968
0.744911
0.65648
0.95911
0.976728
0.552703
1.10799
0.664112
0.818195
0.591038
1.08834
0.425689
0.880101
0.560209
0.810072
0.673145
1.09651
0.581403
0.413991
1.21532
0.306092
1.21669
0.507135
0.925523
0.33065
1.37247
0.743755
1.15852
0.731573
0.771074
0.46085
1.06631
0.433304
0.777317
0.623496
0.85199
0.569253
0.725587
1.05488
0.993775
0.346908
0.457775
0.85424
0.60189
0.988554
0.465228
0.698873
0.618421
0.573629
0.320871
0.930889
1.02755
1.31627
0.92248
0.510415
0.614591
0.376711
0.829496
0.645065
0.862825
0.248787
0.59323
0.46515
0.42698
0.803015
1.09062
0.500409
0.86364
0.688518
0.21745
0.961418
0.712031
0.608342
1.22674
0.758762
0.763843
0.747024
0.788652
0.39882
0.715908
1.18236
0.922843
0.357755
0.82733
0.612979
0.436454
0.784622
1.01575
1.26391
1.16334
1.07124
0.970858
0.679165
1.24899
1.0951
0.51173
1.02483
1.07615
0.681982
0.675415
0.455346
0.743051
0.891489
0.311518
1.28279
0.0505472
1.09439
0.700753
0.575482
0.763323
0.529609
0.402503
0.546299
0.544328
0.735812
0.695431
0.364007
1.04557
0.411322
0.586181
0.655166
0.48181
0.720104
0.912436
0.773207
0.743369
0.898781
0.482551
1.03018
0.475572
0.395358
0.264331
0.908955
0.609167
0.884602
0.975114
0.619519
0.350613
0.784221
0.687208
0.645474
0.611199
0.966568
0.771812
0.670588
1.02357
0.594812
0.665259
0.878827
0.250943
0.314305
0.905592
0.818986
0.306066
0.762038
0.75962
0.488388
0.764799
0.703806
0.533164
0.272445
0.867091
1.03649
0.706405
0.446894
1.30147
0.789123
0.638614
1.05413
0.644404
0.581032
0.377369
0.581043
0.921182
0.757992
0.325155
0.813004
0.0750554
0.711919
0.981944
0.312075
0.74939
1.01493
0.643632
0.893407
0.387178
0.798652
1.00011
0.382832
0.123997
0.282068
0.212443
0.250141
0.728276
0.458874
1.12149
1.32432
0.531688
0.628074
0.570343
0.953999
0.845578
0.415056
0.515758
0.899937
0.30755
0.348656
0.731638
0.812889
0.921391
0.337589
0.759317
1.09826
1.0228
0.530392
1.17411
0.368007
0.753303
1.06099
0.752394
0.490613
0.647512
0.310709
0.276834
0.563623
0.787309
0.849768
0.834464
1.16617
0.615073
0.510856
1.09368
0.580934
0.747354
1.0508
0.715904
0.643666
0.955373
0.516396
0.520629
0.388822
0.714331
0.409766
0.702245
0.386879
0.68607
0.20212
0.8602
0.409623
0.624984
0.241912
0.734794
0.646389
0.663227
0.369717
0.958926
0.398934
0.275702
0.277569
0.448214
0.445791
0.397991
0.578047
0.835422
0.447635
0.565537
0.445752
0.858819
0.999136
0.624757
0.749613
1.02326
0.470453
0.843627
0.559091
0.771276
0.704289
0.59704
0.539366
0.991049
0.538049
0.705351
0.428715
0.762031
0.72157
0.719277
0.22738
0.8318
0.220284
0.858587
1.13923
0.902798
0.9171
0.729054
0.415962
0.984854
0.405688
0.858194
0.945915
1.02712
0.551763
0.831069
0.725355
1.05866
0.575236
0.791846
0.407433
0.739431
1.28961
0.25343
0.834782
1.074
1.17082
0.404017
0.386755
1.01734
0.610247
1.06653
0.687966
0.529784
0.785476
0.593194
0.656955
0.210378
0.658291
0.332262
0.302268
0.333529
1.13884
0.767185
0.530721
0.31596
0.401692
0.277018
0.659592
0.405075
0.403794
0.535099
0.427848
0.618605
0.54817
0.854072
0.84201
0.499089
0.929403
1.48004
1.43102
1.43251
0.604666
1.02268
0.538231
0.984869
0.749063
0.60397
0.48684
0.638141
0.399399
0.405311
0.844205
0.764378
0.733754
1.12624
0.709336
0.379126
0.452187
0.991887
0.587943
0.322333
0.329346
0.737248
1.068
1.02728
0.61759
0.858431
1.22662
0.495408
0.595436
0.732436
0.792909
0.694739
0.844415
0.94856
1.26071
0.769383
0.662921
1.05215
0.486588
0.702962
0.460484
0.648303
0.470836
0.924751
0.517726
1.29082
0.901904
1.18698
0.853517
0.513974
0.180883
0.491257
0.628971
0.357199
1.11673
0.441496
0.198137
1.0034
0.336709
0.713412
1.29358
0.645457
1.02902
0.685859
0.795514
0.659245
0.691749
0.615028
0.394202
0.950897
0.780969
0.904629
0.850571
0.486042
0.704775
0.928862
0.668991
0.640922
0.696243
0.408861
0.677141
0.594671
0.196734
0.308308
0.725196
0.752602
0.907485
0.282243
0.716819
0.362969
0.841928
0.778606
0.572713
0.628527
0.743928
0.912067
0.96914
0.975695
0.865534
0.8746
0.245563
1.13318
1.10375
1.07272
0.872424
0.722586
0.448478
0.413084
0.908374
0.670341
1.14135
0.891155
1.02158
0.710405
1.24577
0.860476
0.226152
0.171318
1.24623
0.67294
0.604885
1.23694
1.0048
0.332304
0.378109
0.812827
0.643139
0.526459
0.324549
1.31722
1.0847
0.502986
0.750167
0.442084
0.91615
0.950648
1.05557
0.357329
0.484607
0.912536
0.527093
0.849875
0.551085
0.127665
1.15775
0.610306
1.07321
0.991837
0.865117
0.833797
0.741467
1.10325
0.478081
0.807691
1.31777
1.17342
0.514682
0.414455
0.870413
0.487635
0.81576
0.830916
0.869902
0.788982
0.768555
1.10463
0.561795
1.11493
0.71697
0.880348
0.821415
0.324674
0.181642
0.671373
0.870348
0.776737
0.699366
0.995309
0.632996
1.04556
0.740765
0.187176
0.519318
0.752736
0.517099
0.476713
0.697105
0.844458
0.521992
0.562726
0.360744
0.657061
0.304936
1.04008
0.851461
0.867211
0.290487
1.18228
0.702146
0.952136
0.187812
0.480666
0.812371
0.51248
0.590105
0.124924
1.07665
0.8284
0.794423
0.741302
0.530743
0.249472
0.645892
0.980406
1.1198
1.26088
0.586881
1.2265
0.590854
0.631711
0.941075
0.311333
0.892623
0.211583
0.959984
0.940464
0.120324
0.960807
0.320307
0.318462
1.00898
0.805532
0.889066
1.24236
1.0594
0.481638
0.990696
0.627314
0.18628
0.642823
0.476325
1.19
1.02234
1.10774
0.383604
1.04385
1.22155
0.464922
0.455413
0.63657
0.852242
1.03441
0.600218
0.850595
0.844605
0.582641
0.539131
1.09701
0.633693
0.643862
0.990101
0.765721
0.509627
0.675469
0.643822
0.74639
0.638699
1.00945
0.530285
0.501061
0.287129
0.754968
0.247162
1.3129
1.09411
0.572014
0.583241
1.15911
0.863485
0.178722
0.98522
0.490555
1.27329
1.19442
0.776659
0.438398
0.780363
0.709105
0.399931
0.75376
0.742127
1.07758
0.514904
1.15078
0.931134
0.800783
0.41129
0.928636
0.508154
0.432406
0.415969
0.991412
0.627859
0.797384
0.873983
0.504097
0.883981
0.714576
0.493775
0.848225
0.889786
1.04261
1.01796
0.237497
0.614666
0.726737
0.27513
0.657597
0.566443
0.689018
0.884227
0.478018
0.842386
0.384073
0.834508
0.889088
0.783036
0.740844
0.880393
1.17634
0.894502
0.604878
0.589156
1.05271
0.833652
0.785731
0.387614
1.20725
0.629448
0.828851
0.259723
1.14382
0.897769
1.4345
0.69793
0.906457
1.04944
0.782607
0.708143
0.929405
0.424137
0.389432
0.599961
0.875559
0.761769
0.994442
1.10569
0.396099
0.257704
0.335087
1.12952
0.768747
0.873425
1.04376
0.537451
0.663517
0.874948
1.10607
1.12527
0.786566
0.454557
1.12226
0.434434
0.293034
0.209328
0.749323
0.738995
0.446968
1.09955
0.473062
0.199703
0.593836
0.744007
0.202817
0.484007
0.852409
1.18627
0.877135
0.430746
0.66835
0.602476
0.595582
0.74971
0.240535
0.825988
0.442367
0.938951
0.977293
0.813729
1.18044
0.998333
0.289131
0.589257
0.624066
0.989729
0.841876
0.490125
0.790236
0.999613
0.701606
0.964329
0.619708
1.19714
1.18165
0.701803
0.748347
0.951607
0.563827
0.631098
0.780581
1.02801
0.730775
0.35464
0.410359
0.247677
1.04084
0.879676
1.05839
0.658948
0.4131
0.943853
0.856631
0.887999
0.362825
0.643375
0.896902
0.282303
0.752889
0.55346
0.706864
0.457165
0.747582
0.633409
0.946673
0.889292
0.726151
0.585288
0.263551
0.368582
0.469937
0.931362
0.548881
0.735634
0.958067
0.703536
0.856855
0.435021
0.669309
0.718909
0.974531
0.915049
0.6519
0.471394
0.375763
1.15385
0.666999
0.511236
1.01984
0.340402
0.46798
0.733027
0.577373
0.565781
0.573967
0.607468
0.330601
0.918589
0.513009
0.904146
0.590063
0.357721
1.2801
1.04975
1.24035
0.549056
0.706257
1.16104
0.825413
0.296683
0.93806
0.401464
0.840335
1.19773
0.592956
0.743338
1.00012
1.19059
1.25311
1.13995
0.701448
1.36714
0.333847
1.08201
0.350326
0.76433
1.15394
0.625041
0.611353
0.440102
0.782315
0.752995
0.860926
0.531295
1.19221
0.575714
0.249818
0.61017
1.07082
0.383161
0.592538
0.951121
0.673538
0.5917
0.966708
0.427402
0.593467
0.396065
0.450641
0.477934
0.715709
0.935036
1.04322
0.455545
0.802684
0.470049
0.902218
0.804622
0.561181
0.79746
0.568022
0.625325
0.297372
0.649352
1.01747
0.516177
0.660476
0.576726
0.745324
0.88952
0.775825
0.847387
1.27383
0.694224
0.625802
0.923476
0.896408
0.797231
1.07288
0.341474
0.648037
0.367689
1.10486
0.543546
0.456868
0.690935
0.569472
0.430237
0.893732
0.639652
0.642326
1.0116
0.881687
0.333728
0.517999
0.953716
1.21569
0.427361
0.675497
1.29796
1.24834
0.671538
0.941124
0.959501
0.478505
0.436217
1.23939
0.687706
0.601601
0.92763
0.790196
0.46468
0.641361
0.647422
0.708788
0.785155
0.108135
0.65917
0.161755
0.869801
1.0327
0.849261
0.916332
0.511717
0.788694
0.554729
0.399955
1.12821
1.23382
0.447486
0.266924
0.762022
0.423597
0.59222
0.913746
0.476533
0.273292
0.614329
0.17784
0.478978
1.2023
0.376485
0.707332
0.632416
0.932499
0.597693
0.448842
0.674867
0.657066
0.958606
1.03217
0.447626
0.667542
0.716066
1.15713
0.939241
0.538637
0.639065
0.731337
0.983608
0.872143
0.456625
0.765042
0.632754
0.812206
0.835213
1.00553
0.715914
0.13368
1.13813
1.20571
0.677938
0.373286
1.1743
0.703899
0.4699
1.29307
0.598133
0.701347
0.920089
0.821327
0.741043
0.754617
0.562001
1.02988
1.27368
0.637525
1.00327
0.942639
0.503111
0.522205
0.779884
0.293779
0.732701
0.320108
0.766761
0.572877
1.05174
0.282389
0.507524
1.1391
0.796123
0.76173
0.456306
0.83881
0.256075
0.759068
0.33844
0.905283
0.632282
1.07803
0.883955
0.500378
0.400124
0.888699
0.414235
0.627134
0.377244
0.403018
0.594187
0.88961
0.690124
0.365235
0.368045
0.574451
0.636213
0.826296
1.02999
0.339226
0.956018
0.872639
0.183195
0.474873
0.262751
0.870152
0.757393
1.17134
0.993723
0.377119
0.440328
0.692624
0.674937
1.13941
0.621832
0.771523
0.299737
1.19162
0.877286
0.444441
0.76826
0.952514
1.1014
0.971233
0.367331
0.961823
0.39007
0.415688
0.554351
1.04504
0.208337
0.381432
0.904679
0.999986
1.02912
0.32323
0.197598
0.384557
0.492395
0.793961
0.549839
0.445093
0.318473
0.869709
0.422057
1.06834
0.755732
0.963427
0.344992
1.06884
1.00995
1.00025
0.325201
0.773381
0.672641
0.600194
0.645545
1.03583
1.00529
1.06398
0.331693
0.398739
0.285316
0.866414
0.169443
0.29022
0.908907
0.855654
0.334288
0.74218
0.868609
1.17773
0.505372
1.24121
0.979029
0.65674
0.381876
0.309285
0.459958
0.721351
0.718404
1.01504
0.648031
0.692649
0.721715
0.893466
0.487019
0.580696
0.774382
0.904995
0.629357
0.492141
0.488077
0.230645
0.467305
0.722726
0.879316
1.09094
0.350128
0.959876
1.20335
0.851014
1.20336
0.815807
0.800768
0.691483
0.399237
0.804508
0.643816
0.401636
0.277862
0.907876
1.15393
1.03182
0.93421
0.577344
0.841189
0.467065
0.504211
0.976172
0.507008
0.853999
1.09405
0.569475
0.515723
0.441414
0.783883
0.312343
0.342936
0.955751
0.835812
0.61247
0.780581
0.764287
1.10113
0.393516
0.661486
0.936525
0.396938
0.833208
0.175679
0.915051
0.750248
0.99768
1.08664
0.734124
0.920718
0.922235
0.760746
0.762943
0.623354
0.455161
0.670898
0.644712
1.09878
0.721574
0.274453
0.434871
0.355541
0.434106
0.850949
0.952155
0.21734
0.476704
0.515354
0.525092
0.722934
0.628053
0.630617
0.521726
0.706489
0.787526
0.613301
0.26831
0.507183
0.829432
0.799893
0.774242
0.676196
0.437365
0.308529
0.638841
0.757999
0.899536
0.645238
0.525205
0.500816
1.05274
0.360347
1.2706
1.26231
0.368885
0.551551
0.503168
0.701749
0.342092
0.708145
0.653306
0.131403
0.828787
0.426499
0.44922
0.289878
0.855081
0.847228
0.920425
0.865263
0.609188
0.568489
0.997663
0.259278
1.20512
0.63688
0.651449
1.19053
0.392672
0.566559
0.597517
0.658721
0.188521
0.441868
0.638857
0.595548
1.08797
0.798408
0.463531
0.561139
0.293639
0.258732
1.05657
0.462073
0.837729
0.703191
0.598792
0.819111
1.015
0.502535
0.662474
1.08577
0.978827
0.545472
0.716945
0.474473
0.983413
1.04594
0.829421
0.594332
0.860709
0.940471
0.378518
0.555541
0.970345
1.35032
0.600629
0.555818
0.529989
0.699082
0.40884
1.05565
1.03673
0.752006
0.629405
0.73228
0.409501
0.885527
0.763129
1.09451
1.0982
1.20998
0.72946
0.780271
0.736259
0.661794
0.56908
0.172367
0.656436
1.14645
1.15656
0.576575
1.11613
0.42752
0.453533
0.42301
0.657517
0.682955
1.18647
0.625246
0.270293
1.07973
0.585515
0.340113
1.0047
0.375749
0.56438
1.19133
0.755207
0.787114
0.839938
0.549698
0.684063
0.975105
0.875142
0.306179
0.514183
0.460988
0.36487
1.05693
1.12523
0.586684
0.775413
0.827889
0.806938
0.830724
0.754453
0.811176
0.969524
0.859281
0.451643
1.15976
1.1376
1.1814
0.658738
0.533057
0.620243
0.43661
0.7589
1.19604
0.856817
0.939892
1.11878
0.637043
0.692274
0.373313
1.06312
0.330776
0.835921
0.896682
1.20305
0.54228
0.444136
0.690428
0.576396
0.919428
0.519686
0.91701
0.492033
1.07579
0.588287
0.9271
0.710499
0.568782
0.561181
0.587331
0.593518
0.617937
0.504977
0.272419
0.539127
0.476469
1.04772
0.872982
0.953421
1.07885
0.501106
1.07886
0.70585
0.368257
0.863277
0.397737
0.524688
0.512424
0.507207
0.411535
0.994626
0.114444
0.540256
0.135272
0.52575
0.326756
0.592351
1.08073
0.666965
0.436032
0.961439
0.516069
0.257069
1.29501
0.754113
0.495311
0.882563
0.673985
1.08499
0.994614
0.592293
0.757778
0.566336
0.871145
0.752375
0.686599
0.588325
0.649389
1.17355
0.812958
0.670826
0.655222
0.572968
1.22242
0.177938
0.921836
0.325768
0.869472
0.624265
1.06798
0.923829
0.944674
1.02237
0.382734
0.690345
0.624281
0.573676
0.689563
0.379706
0.752971
0.823462
1.05567
0.178522
0.262185
0.944615
0.974697
1.26845
0.699086
1.29549
1.20464
1.17244
1.09012
0.336161
0.421741
0.795846
0.937871
0.405514
0.623482
0.610953
0.736734
0.434389
0.406556
0.624792
0.662739
0.473191
0.361156
0.954102
0.441369
0.778643
0.447715
0.128521
0.506086
0.941107
0.585582
0.610501
0.0977707
0.901629
1.01997
1.11637
0.484925
1.14738
0.432926
0.723382
0.400291
0.404808
1.3308
1.0976
0.840217
0.993752
1.11277
0.850944
0.861568
1.08242
0.272703
0.679419
0.677638
0.84078
0.596861
1.06856
0.985565
0.83671
0.725601
1.26202
0.73962
0.610047
1.19706
1.08016
0.599659
0.836721
0.674171
0.843596
1.03464
1.06619
0.900364
0.517757
0.39017
1.21082
1.17048
0.181707
0.188638
0.781713
1.14141
0.924988
0.656236
0.675286
0.933793
0.641145
0.519941
0.795598
1.23301
0.831159
1.10094
0.412456
0.338521
0.51761
0.980484
0.702664
0.765772
0.699843
0.191035
0.801034
0.767208
0.270173
0.638651
0.543282
0.986419
1.05985
0.507421
0.553616
0.607444
1.03865
0.740236
0.5055
0.676264
0.773149
0.687428
0.433595
0.580568
0.268802
0.666197
1.00118
0.374615
0.58674
0.687341
1.10992
0.64627
1.18223
0.869478
0.935795
0.957156
0.687015
0.876912
0.626574
0.427609
0.71523
0.764973
0.440674
0.578004
0.638155
0.925678
0.262608
0.465404
0.299881
0.557254
0.893003
0.598122
0.746632
0.450334
0.297743
0.910383
0.399415
0.464692
0.924032
0.868312
0.880334
0.295739
0.703619
0.194693
0.684662
0.918336
0.464438
0.486101
0.36827
0.89157
0.786173
0.775634
0.902921
0.458633
0.631733
0.871727
0.732956
0.527021
1.23488
0.376271
1.01344
0.900238
0.826295
0.609609
0.346141
0.569692
0.786245
0.606599
0.524569
0.372889
0.774386
0.800664
0.586072
0.50735
0.41422
0.501448
0.587064
0.651612
0.810169
0.919114
0.483423
0.531782
0.959796
0.67442
0.371237
0.684605
1.40237
0.667524
0.545683
0.459356
0.803118
0.712269
0.411305
0.692982
0.363086
0.412715
0.797404
0.398585
0.681584
0.511196
0.540309
0.92472
0.199561
0.712265
0.977692
1.0107
0.824932
1.03162
0.706475
0.863636
0.831586
0.982252
0.842994
1.06945
0.739983
0.385974
0.636564
0.520216
0.413935
0.635738
0.43558
0.253615
1.0343
0.574358
0.3864
0.584915
1.37428
0.650134
0.516078
1.28132
1.18225
0.819947
0.349036
1.16637
0.749678
0.51992
0.320715
0.790091
0.612158
0.586761
0.757679
1.13464
0.726895
0.94082
0.500949
1.18424
0.47525
0.441491
0.661695
0.234545
0.310012
0.580729
0.930439
0.309844
1.03709
0.577345
0.603459
0.557267
0.678111
0.771278
0.250023
1.35327
0.38135
1.08679
0.7724
0.966272
0.505888
0.388581
0.429674
0.302236
0.818862
0.701353
0.41438
1.35689
0.772994
0.390446
0.841625
0.706582
0.747356
0.650523
0.963386
0.608802
1.20074
1.17315
0.822532
0.132686
1.22978
1.10831
0.874929
0.772709
1.16589
1.21467
0.843304
0.68337
0.368737
1.09581
0.523717
0.654846
0.729267
0.321913
1.13245
0.88199
0.542114
1.00674
0.935208
0.824931
0.619791
0.844454
1.07132
0.385221
0.837607
0.180572
1.00776
0.457213
0.386054
0.924682
0.956702
0.696646
0.505549
0.422809
1.02916
0.527927
0.550145
0.709216
0.606012
0.361451
0.4332
0.978911
0.763727
0.976718
0.728789
0.531213
0.581866
0.764174
0.970078
0.484237
0.283433
0.855922
1.31074
0.328936
0.495299
0.763998
0.367886
0.764803
0.555446
1.17937
0.896763
0.295749
0.905406
1.09984
0.681779
0.675076
0.537573
0.497319
0.307869
1.229
0.701703
0.193906
0.4157
1.17402
0.530407
1.12974
0.100235
1.04711
0.754479
0.820767
0.801806
1.09693
0.807634
0.481096
0.227941
0.980473
0.783431
0.68688
0.564138
0.585252
0.351173
0.875067
0.650307
0.391747
0.733999
0.488425
0.481858
0.480212
1.12071
0.598828
0.902472
0.266184
1.06673
0.913499
1.23806
0.494245
0.540675
0.487342
1.24816
0.29212
0.419479
0.927597
0.415303
0.658657
0.324868
0.495194
0.7091
0.831546
0.938701
0.490826
0.631907
0.362377
0.80535
0.885449
0.436675
0.182163
0.691318
1.21756
0.682966
0.602467
0.419567
0.253584
0.405219
0.653647
0.342207
0.789372
0.38802
0.814076
1.02206
0.224508
0.232711
0.602925
0.419192
0.458962
0.393229
0.628098
0.989184
0.803189
0.971138
0.679678
0.86978
0.850564
0.320264
0.579088
0.725178
1.16499
0.848713
0.952897
0.758765
0.715447
0.631362
0.768943
0.499835
0.686091
0.499284
0.299537
1.13063
0.710574
0.705552
0.921073
1.15771
0.60036
0.703583
0.737164
1.32254
0.865845
0.666773
0.333069
1.06087
0.631684
1.2089
1.09381
0.576681
1.24102
1.29942
0.627007
0.824915
0.271473
0.770242
0.861306
0.489474
0.759427
1.16406
0.735843
1.27709
0.948729
0.964108
0.882479
0.857582
0.663014
0.557679
0.409308
0.483746
0.529817
0.41961
0.937868
0.990887
0.7018
1.04626
1.00077
1.0226
0.90858
1.22375
1.41502
0.851925
0.839296
0.735476
0.894028
1.09544
0.845704
0.752692
0.532115
0.541845
0.430241
0.620456
1.28777
0.357342
0.378694
1.10641
1.03592
0.392443
0.356259
0.209284
1.43693
0.767574
1.42181
0.894677
0.906148
1.34933
0.666426
0.7672
0.186776
0.970655
0.88364
0.258083
0.695843
0.97397
0.541755
0.572179
1.09884
0.539531
1.26791
1.11632
0.639115
0.732662
0.341024
0.479101
1.30304
0.426199
0.583291
0.928003
0.559711
0.710386
0.633957
0.481911
0.944396
0.862303
1.17498
1.29383
0.99402
0.557053
0.627905
0.593931
0.523944
0.22615
0.288106
0.852314
0.589742
0.346675
0.842875
0.442953
0.909235
0.81397
1.016
1.0167
0.927285
0.597266
0.945357
0.325363
0.80611
0.53306
0.28737
0.502051
0.437643
1.27497
0.541359
0.980784
0.665047
0.609981
0.868421
0.482223
1.10269
0.761893
0.667767
0.945229
0.866491
0.87841
1.01376
0.775116
0.802452
0.910113
0.575137
0.276408
0.455747
0.743813
1.03378
0.826285
0.837089
1.01616
1.20037
0.808126
1.0758
1.26445
0.198231
0.93391
0.857196
0.217264
0.779784
0.6331
0.559095
0.71185
0.781997
1.15914
0.738027
0.809286
0.513174
0.818309
1.05433
0.365857
0.705619
0.201118
0.528616
0.469234
0.984214
0.82142
0.674136
0.980159
0.380699
0.3364
0.387678
0.778065
0.499709
0.206155
0.415089
0.528596
1.29389
0.351651
0.901209
0.542176
1.12832
0.926183
0.402658
0.827452
0.228287
1.11475
0.0984472
0.716241
0.638798
0.918449
0.757636
0.943683
1.17491
0.699544
0.985487
0.571156
0.383073
0.644192
0.643668
1.11689
0.357886
0.163264
0.879497
0.664521
1.15459
0.828277
0.948364
0.997583
0.685957
0.232689
0.546264
0.556517
0.37529
0.886528
0.668152
1.07641
0.54757
0.668425
0.757559
0.662708
0.513818
0.810357
1.00537
0.785684
0.604681
0.721664
1.36612
0.894942
0.735304
0.774338
0.830645
0.465023
0.503159
0.766474
0.97789
0.961568
0.703465
0.327977
0.369606
0.316155
0.742609
1.10202
1.12687
1.09003
0.498206
0.102423
0.645239
0.800638
0.477251
1.05977
0.561581
0.668296
0.768419
1.09651
1.10299
0.740612
1.07323
0.663955
0.301404
0.84868
0.794465
0.711109
0.744063
0.53248
0.307352
0.865581
0.661164
0.451562
0.684942
0.378214
1.18115
0.52662
0.479752
0.883887
0.416482
0.756283
0.647773
0.576896
0.773701
0.433118
0.465161
0.341058
0.993202
0.762883
0.687527
0.940166
0.285075
1.03081
0.394287
0.618673
0.510591
0.874838
0.699197
0.292117
0.722882
0.67889
0.561233
0.443309
0.669857
0.527082
0.998131
0.744364
1.15805
0.91057
0.287107
0.683245
1.06671
0.441994
0.632548
0.827672
0.602389
0.655802
1.21208
0.535187
0.95048
1.33378
0.521706
0.125467
1.21527
0.683391
0.458633
0.168814
0.544191
1.32201
0.958717
0.4967
0.798163
0.73982
0.568915
0.750523
0.630842
1.07786
0.499757
0.460497
0.725955
0.577761
0.568234
1.10262
0.815519
0.270668
0.639277
0.505123
1.1903
1.2983
1.26364
0.762692
0.932677
0.329724
0.79727
0.383534
0.493499
0.732968
0.500247
0.699468
0.677516
0.607422
0.676638
0.229238
0.642922
0.679705
0.64918
1.28555
0.960107
0.483003
0.521073
0.572652
0.96606
0.319341
0.569904
1.14324
0.940832
0.53095
1.3699
0.78161
0.642253
0.761188
0.569578
1.09454
1.2156
0.699079
1.29305
0.68663
0.56724
0.470367
0.974899
1.25787
0.835251
0.318398
0.843422
1.04484
0.560372
0.945334
0.527997
0.956364
0.657849
0.788801
0.492469
0.25256
0.687933
0.355131
1.16248
0.991804
0.72267
0.741462
0.918032
0.698236
0.425346
0.265318
0.831949
0.683107
0.688023
0.994496
0.529877
0.331002
0.85949
0.701367
0.436015
0.649361
0.717315
0.336255
0.787922
0.536142
0.281925
1.03549
0.467627
0.910517
0.577337
0.768767
0.897653
0.28825
0.410245
0.403746
0.625753
0.579418
0.41077
0.382193
1.08187
0.692435
0.964582
0.872399
0.575817
0.674426
0.698157
0.985179
0.490241
0.3866
0.364904
0.684934
0.714126
0.646173
0.637727
0.415623
0.773802
1.10864
0.511307
0.494531
0.847403
0.841884
1.47419
0.960043
0.642393
0.997665
0.694196
0.896598
0.941581
0.822525
0.501217
0.941736
0.684156
0.7339
0.419925
0.940026
1.42562
0.814246
0.958833
0.685925
0.687589
1.20147
0.851752
0.319001
0.923902
0.738269
0.27377
0.896522
0.89207
1.01126
0.864816
0.924747
0.85151
0.7353
0.521058
0.445258
0.915393
0.563206
0.331023
0.626703
0.668018
1.00999
0.895569
1.22814
0.565713
0.872617
0.685031
0.613594
0.340599
0.683078
0.487101
1.11433
0.245698
0.731852
0.727042
0.978134
1.01758
0.427655
0.615571
0.711128
0.155999
1.17958
0.564414
0.448726
0.692308
0.690143
0.541548
0.851659
0.847775
0.876763
0.394163
0.958038
0.850419
0.398105
0.561821
0.433723
1.08429
0.642237
0.65444
0.63592
0.215286
0.904521
0.482463
0.612739
1.06542
0.625556
0.374359
0.356991
0.956
1.16742
0.633602
0.955317
0.983822
1.02246
0.919438
0.612117
0.346612
0.911852
0.890967
0.624263
0.594829
1.05471
0.889747
0.631225
0.42944
1.24502
0.724465
0.742212
0.844609
0.841415
0.52875
1.06315
0.568936
0.649924
0.827335
0.716741
0.875982
0.736765
0.63912
0.465533
0.797556
0.419865
0.245956
0.670228
0.731333
1.17017
0.47416
1.05601
0.352557
0.584422
0.791325
0.72369
0.967262
0.603041
0.6332
1.22785
1.00329
1.25622
0.475881
0.876495
1.04323
0.219532
0.600217
0.764425
0.889712
0.134202
0.345463
0.770194
0.564579
1.04185
0.760488
0.630656
0.961803
0.717526
0.984578
0.471488
0.814174
0.639432
1.17951
1.06592
1.05818
0.794686
0.462421
1.24103
0.985046
0.583998
0.95723
0.774434
0.586695
0.587612
0.775153
0.420216
0.508137
0.940266
1.522
0.74439
0.389964
0.483866
0.593874
0.518857
1.03511
0.825049
1.0213
0.79029
0.806164
0.954122
0.945081
0.0664594
0.471912
1.12
0.846844
0.993168
1.13816
1.29719
0.664404
1.11314
0.838658
0.898549
1.25428
0.929723
1.0339
0.855017
0.824892
0.821701
0.374666
0.821158
1.34598
0.557773
0.577178
0.884423
0.69604
0.481484
1.08181
0.824046
0.618878
1.14474
0.54562
0.221201
0.798909
0.385148
0.831187
0.973922
0.920223
0.410049
0.621182
0.307206
1.25723
0.657974
0.703046
0.948767
0.683414
1.05768
0.941891
0.414056
0.632018
0.446809
0.790717
0.836534
0.590212
0.388089
0.718667
1.18872
0.57845
0.879719
1.07406
0.731647
0.307325
1.01954
0.891428
0.509818
0.360947
1.00574
0.567755
0.933147
0.931554
0.326925
0.707652
0.563889
0.713176
0.694191
0.786012
0.807581
0.81567
1.26597
0.476664
0.445485
1.17577
0.545373
1.18223
0.105996
0.473464
0.878479
0.363599
0.738204
0.177796
0.96406
0.837692
0.740778
0.514824
0.625079
0.979151
0.718293
0.91896
0.745375
0.67607
0.603013
0.758037
0.56597
1.21471
0.757176
0.648422
0.27919
1.17229
0.747487
0.699126
0.510812
0.451095
0.496246
0.952762
0.733064
1.1741
0.395529
0.458914
0.54418
0.689898
0.720751
0.927379
0.55887
0.993028
0.342855
1.16189
0.559259
1.22742
0.862472
0.877809
1.15788
0.792203
0.739347
0.814143
0.430919
0.974929
0.790913
0.722504
0.148037
0.884042
1.22479
0.950569
0.980762
0.676907
0.924384
0.518348
0.27711
0.798596
0.453515
0.249337
0.847486
0.67999
0.842102
1.35728
0.526461
0.909291
0.63421
0.578184
1.1312
1.13408
0.775225
0.631683
1.16698
0.448015
1.03238
0.374666
1.24907
1.05739
1.27805
0.189493
1.16659
1.25229
0.503937
0.713675
0.370436
0.536207
0.902934
0.605043
0.787843
0.57607
0.460253
1.23969
0.455314
1.44054
0.546578
1.01066
0.516842
0.923582
0.631628
0.777038
0.738171
0.577909
0.512277
1.09235
0.663482
1.17271
0.636961
0.9271
1.02344
0.403669
0.40925
0.457298
0.463578
0.592617
1.09294
0.809245
0.939239
1.1947
1.01674
0.981795
0.99214
0.704379
0.965801
0.406869
0.937067
0.508357
0.457939
0.548691
0.658264
0.80153
0.473692
1.0602
0.444373
1.03965
0.575282
0.403607
0.969961
0.803305
0.244421
0.32918
0.533142
0.607362
0.988242
1.25862
0.681958
0.492316
0.821328
0.618189
0.870843
1.01049
0.484815
1.19167
0.586828
0.907804
0.57264
0.897103
0.459827
0.865512
0.990582
1.05788
0.624898
0.778272
1.14632
0.622669
0.542138
0.493946
0.431426
0.232955
0.291091
0.770562
0.84337
0.745668
0.497584
0.654458
0.142723
1.09358
0.580555
0.539196
0.868616
0.253863
0.836334
1.28676
0.643541
0.146726
0.149665
0.423022
0.495445
0.590428
0.849044
0.516106
0.588403
0.612609
1.0257
0.42124
0.986206
0.868281
0.969846
0.210159
0.890922
0.534691
0.51033
0.558949
0.524106
0.406977
0.493107
0.914954
0.891989
0.607835
0.518631
0.28249
1.15474
0.530595
1.10646
0.982891
1.22167
0.518618
1.17335
0.970585
0.593672
0.410837
0.822684
0.418843
0.49698
0.822565
0.564186
0.396899
1.1366
0.515307
0.89626
0.768862
0.955546
0.470286
0.628806
0.652479
0.761292
0.992569
0.55614
0.236328
0.812131
0.848583
0.55386
1.16336
0.776131
0.474696
0.662175
0.657639
0.295151
0.982903
0.532231
0.629073
0.526875
0.849793
0.876026
0.571773
0.690565
0.601607
1.19262
0.718882
1.08146
0.971708
0.513229
0.87506
0.894042
0.478715
0.905899
0.738343
0.634357
0.877122
0.687486
0.650755
0.449737
0.449417
0.572516
0.320857
0.305862
0.337489
0.405778
0.553815
0.879859
0.972463
0.66527
1.06543
0.63931
0.815776
0.240407
0.817631
0.420079
0.413168
0.495692
0.813104
1.0275
0.46052
0.742227
1.05784
1.01669
0.613095
0.939645
0.657846
0.628042
0.311452
0.130517
1.06714
0.698672
0.445827
0.355917
0.437106
0.834333
0.825927
0.820038
0.201582
0.978552
0.783807
0.715882
0.627458
0.739363
0.669287
0.903391
0.534534
0.226384
0.470465
0.585222
0.293912
0.663228
0.449962
0.811871
1.00393
0.156786
0.722519
1.00246
0.698511
0.917332
1.11889
0.531691
0.909704
0.831305
1.17015
0.804529
0.319519
0.414849
0.847308
0.899553
0.552394
0.304002
0.894163
0.551813
0.438276
0.956757
0.863545
0.474265
0.941386
1.02174
0.582425
1.12717
0.309817
0.270783
1.2222
1.07863
0.654158
0.490786
0.787044
0.734968
1.24777
1.07797
0.466145
0.535874
0.791096
0.927289
0.843861
0.175882
0.986946
0.799872
0.664347
0.833221
0.902022
0.665459
0.57046
0.489135
0.633342
0.528832
0.469636
0.397317
0.463296
0.93558
0.901673
0.798898
0.458199
1.05848
0.881785
0.472829
0.495666
1.02749
0.812357
0.714157
0.775836
1.02897
0.701621
0.539862
0.680276
0.846542
1.01617
1.15995
0.763857
0.935815
1.08722
0.509507
0.737067
1.02165
0.573415
0.77929
0.222501
1.03849
1.26273
0.433026
0.674523
1.15405
1.12944
0.549447
0.535626
0.645307
1.01692
0.972172
0.286756
0.927308
1.23033
0.762658
0.667104
0.267667
0.761914
0.401703
0.537934
0.599991
0.551545
0.610639
0.755532
0.692351
0.343999
0.458547
0.328373
0.396173
1.29107
0.971769
0.535432
0.286843
0.578288
0.780067
0.631967
0.846947
0.54987
0.877563
0.506654
0.708273
0.685009
0.833309
1.09087
0.494076
0.70231
0.603151
0.497413
0.871081
0.550111
0.70614
0.782487
0.721038
0.50819
0.760871
0.613696
0.970198
0.709078
1.13509
0.86609
0.501771
1.09592
0.826025
0.523863
0.468588
1.12709
0.509936
0.840234
0.91511
0.454899
0.859981
0.612769
0.379895
0.750504
0.74532
0.904215
1.1219
0.419599
0.533485
0.40164
0.57662
1.29332
0.44771
0.992432
0.786573
0.7578
0.76192
1.01462
0.718057
0.727225
0.488126
0.420135
0.299163
0.504359
0.738693
0.581259
1.02119
0.861802
0.996579
1.12447
0.626602
0.855992
0.701521
0.428397
1.01283
0.261481
0.437912
0.977376
0.854398
0.282155
0.894651
0.579758
0.294343
0.56081
0.416224
0.348887
0.463953
0.522371
0.736698
0.82934
1.00933
0.836694
1.09517
0.583672
0.648142
0.579112
1.23353
1.28426
0.988326
0.870787
0.320497
0.369479
0.369786
0.240341
0.825865
0.554667
0.398047
0.928216
0.299232
0.318518
1.09043
0.432252
0.494115
0.56311
0.874798
0.70609
0.515305
0.728118
0.816023
0.576607
1.19911
0.908369
0.703283
1.12456
0.772435
1.11284
0.70641
1.19012
1.11677
0.75847
0.969714
0.66569
0.472618
0.555371
0.785457
0.717706
0.743584
0.566764
0.74372
0.686167
0.636707
0.607229
0.951445
0.681929
0.630122
0.561974
0.467631
0.830247
0.486089
0.853097
0.758863
0.618366
1.07571
0.847869
0.877356
0.788846
1.01104
0.711702
1.35972
1.15731
0.448021
0.451535
0.770682
0.515989
0.984548
0.9724
0.165642
0.657867
0.787465
0.413486
0.669302
0.757257
0.408976
1.25166
0.607766
1.23801
0.735552
0.947326
0.620832
0.63229
0.814318
0.425383
1.05446
1.501
1.00517
0.719868
0.416712
0.238317
0.731968
0.734781
1.20227
0.609669
0.991658
0.751443
0.824051
0.243203
0.730628
0.34387
0.780425
1.01588
0.431182
1.07564
0.737618
0.620375
1.02456
0.66594
0.34427
0.30699
1.07287
0.862307
0.756245
0.433635
0.668816
0.498894
0.901079
0.677618
0.518992
0.769171
0.914971
0.431389
0.247002
0.642236
0.361572
0.778245
0.490593
0.505546
1.17178
0.710606
1.10149
0.535893
0.979312
1.26603
0.516974
1.42185
0.547801
0.790078
0.220642
0.833737
0.607041
0.773326
0.976218
0.697346
0.636909
0.571292
0.60303
0.366162
0.520625
0.472471
0.565496
0.612745
1.0641
0.668838
0.246316
0.842933
0.880177
0.850427
0.574094
1.02178
0.481976
1.03916
0.255598
0.913403
0.683411
0.668745
0.810582
0.868934
0.805662
1.29089
0.463175
0.879726
0.959929
0.848056
0.870553
0.526781
0.838125
0.502609
0.446059
1.04022
0.437688
1.12161
0.641262
0.619743
0.926177
0.496978
0.123382
0.985213
1.48391
1.00641
0.468994
0.807291
0.701904
0.880674
1.3314
0.688515
0.471684
0.657553
0.785292
0.409825
0.496578
0.673259
0.785608
0.847252
0.912271
0.7487
1.05758
0.630502
0.579227
0.310065
1.00217
0.295096
0.707293
0.423893
0.636674
0.813915
1.01554
0.247288
0.706015
0.862376
1.02009
0.4833
1.14393
0.552591
1.12368
0.518591
0.691666
0.879857
1.12398
0.834311
0.768012
0.414175
0.792421
1.12153
0.549738
0.469066
0.590692
1.04832
1.18635
0.502467
0.528886
0.404792
0.99075
0.977928
0.488795
0.525677
0.477386
0.757774
0.957654
0.6556
0.899262
0.905718
0.566285
0.463668
0.889248
0.979483
0.769369
0.337232
0.543928
0.450778
0.646411
0.518519
0.762255
0.823858
0.208922
0.508793
0.659491
0.575039
0.467352
0.421415
0.835394
0.723876
0.677129
0.500926
0.626922
1.026
1.0901
0.54898
0.967544
0.773055
0.345194
0.469616
0.468936
0.917961
0.351398
0.795167
0.776745
0.480644
0.589835
0.447533
1.15059
0.834178
0.936982
0.605642
0.246746
0.533709
0.341214
0.462228
0.508397
0.987422
0.517925
1.43082
0.5051
0.30377
0.795146
0.483226
0.392665
0.987
0.827911
0.97364
1.20561
0.488106
0.542438
0.206342
0.814542
0.599427
0.766133
1.07678
0.461087
0.402247
0.726371
0.371161
0.270398
0.861243
0.775369
0.910507
0.518082
0.5225
0.53525
0.486922
0.785152
0.771579
0.567142
1.15775
0.493681
0.232377
0.477219
0.86431
0.622639
0.525692
0.619169
0.0989978
0.9592
0.800934
1.03651
1.09766
0.623893
0.950401
0.888596
0.797277
0.222051
0.722522
0.798596
0.449227
0.21507
0.213028
0.909681
0.321905
0.871423
0.694343
0.602519
0.306824
0.521885
0.682041
0.745259
0.754181
0.795742
0.577563
0.978912
0.579152
0.526397
0.718623
1.04763
0.926265
1.44325
0.717638
0.905979
0.840209
0.712473
0.634093
0.685684
0.63944
0.788743
0.715461
0.712154
0.985385
0.327917
0.630609
0.335713
0.683585
0.810763
0.677997
0.811774
0.776973
0.774467
0.835959
0.633941
0.330616
0.33014
0.636544
0.507803
0.568756
0.757197
0.577539
0.963537
0.788302
0.265987
0.353609
0.429747
0.104571
0.773289
0.631914
0.418338
0.8846
0.777777
0.948072
0.732337
0.711528
0.666523
0.341588
0.756284
1.03904
0.783484
0.214926
0.605555
1.22092
0.187685
0.602249
1.03315
0.539177
0.316705
0.531299
0.926379
1.02321
1.46364
0.769484
0.771372
1.15895
1.28121
0.664616
0.593401
0.537891
0.606928
0.517492
0.943309
0.738137
0.712139
0.864068
1.03272
0.311885
0.84162
0.853374
0.694099
1.06418
0.937705
0.484672
0.468127
0.871664
0.590263
1.04449
0.903158
0.298932
0.535292
0.899074
0.604438
0.483514
0.505638
0.652198
0.715327
1.16982
0.28352
1.02801
1.1519
0.610568
1.10537
0.506181
0.568185
0.48604
0.981079
0.239063
1.06629
0.99695
1.01208
0.902584
0.367604
0.89604
0.968403
0.431366
0.614763
0.486677
0.27142
0.374407
0.713861
0.667597
1.05445
1.095
0.567423
0.269912
0.942172
0.439699
0.933428
0.737872
0.593832
0.942948
0.739124
0.551784
0.74459
0.979889
1.20562
0.768808
0.70711
0.597318
1.00928
1.21176
0.666217
0.692454
0.774149
0.469864
0.653083
1.28795
0.737409
0.499699
0.629166
0.780326
0.703487
0.913414
0.525772
1.08868
0.566451
0.709293
0.493938
0.805849
0.660666
0.849193
0.817826
0.641551
0.807488
0.697246
1.32978
0.57539
0.780516
0.360766
0.564352
0.89365
0.859486
0.839688
0.542344
0.97572
0.917834
0.541152
1.03442
0.408347
0.77742
0.476137
0.162394
0.704571
0.957079
0.966964
0.725865
0.855217
0.69687
1.11893
1.09451
0.82093
0.417337
0.939021
0.224663
0.443438
0.441212
0.749137
0.744682
0.763885
0.596769
0.515414
1.26055
0.825456
1.23461
0.444116
1.10867
0.723733
1.00324
0.680477
0.878392
0.744677
0.852379
0.314092
0.774673
0.703217
0.645175
0.499606
0.567076
0.712562
0.846624
1.05461
0.269033
0.437556
0.91667
0.713391
0.684893
0.970489
0.881704
0.732193
0.371755
1.09197
1.23472
0.648491
0.646787
0.738188
0.45692
1.34779
0.817212
0.681286
0.92754
0.633036
1.10681
0.574465
0.390962
0.411678
0.938224
0.703514
0.411212
0.716849
0.824868
0.431916
0.352583
1.06913
0.75977
0.373617
1.34595
0.632393
0.420723
0.444918
0.609835
0.220461
0.708772
0.781099
0.551433
0.649323
0.101967
0.409072
1.16413
0.938197
1.13173
0.989014
1.2103
0.749067
0.904573
0.465455
0.851236
0.727139
0.426421
0.610615
0.96016
0.452028
1.0417
0.565496
1.28973
0.573217
0.558583
1.25087
0.916417
0.74192
0.789776
1.16892
0.780544
0.644117
0.562839
0.89069
0.526362
0.353619
1.0284
0.63872
0.745843
0.596721
0.666891
0.953697
0.394191
0.758951
1.14005
0.778806
0.700869
0.282216
0.771247
0.620643
0.0811561
0.55628
0.545785
0.642872
0.656283
0.539735
0.846316
0.336129
0.791968
0.514211
1.10842
0.862871
0.72419
0.772909
0.699046
0.613137
0.865981
0.569267
0.999398
0.684091
0.435706
0.98807
0.379375
0.800827
0.738496
1.13568
1.0254
0.862147
0.75671
0.562544
0.458334
0.469439
0.719894
0.66651
1.0357
0.983305
1.1176
0.653579
0.745291
0.435725
0.665175
0.842009
0.836507
0.40245
0.636726
0.466219
1.28827
0.815176
1.08406
1.29558
0.280236
0.98319
0.768589
0.784073
1.07387
1.15447
0.457138
1.33498
0.888114
0.731447
1.08992
0.502068
0.620121
0.865651
0.896774
0.522705
1.10562
0.629481
0.62626
0.464631
1.21885
0.506446
0.883939
0.943082
0.949909
0.932368
0.333666
0.679088
0.964073
0.838112
0.589231
0.654268
0.932144
0.284242
1.02194
0.404593
1.09311
1.07088
0.738152
0.70959
0.631262
0.622827
0.802567
0.679075
0.681501
0.783541
0.979303
0.831672
0.485074
0.81535
0.954026
0.273647
0.767138
0.91016
0.717485
0.542705
0.335861
0.996176
0.886685
0.760545
1.21868
0.674685
0.822211
1.12749
1.22026
1.01748
1.20527
0.634502
0.996256
0.882339
0.641027
0.597041
0.640946
0.81734
0.36447
0.160603
0.330497
0.631688
1.05289
0.459897
1.03532
0.585192
0.899282
0.703506
0.468693
0.389144
0.262043
1.35574
0.786097
1.01097
0.444467
0.837865
0.755968
0.528712
1.24045
0.46888
0.900132
1.2865
1.25219
1.11187
1.01073
0.864261
0.798239
0.414255
0.560086
0.464556
0.391633
0.800658
0.435106
0.323585
0.542913
0.197286
0.533063
0.350579
0.491152
0.566826
0.861331
0.769954
0.569747
0.733558
0.46948
