0.681644
0.476592
0.489043
0.703534
0.403003
0.702043
0.609062
1.009
0.363882
0.24106
0.948818
0.58119
0.474008
0.544996
0.824946
0.824102
0.89026
0.481027
0.477477
0.316965
0.833331
0.2593
0.617008
0.849532
0.963921
0.682138
0.627486
0.390726
0.551624
1.39504
0.540365
1.10578
0.391884
1.25327
0.41238
0.68639
0.719389
1.21058
0.670551
0.79005
0.808286
0.732231
0.17372
1.13875
0.897391
1.07787
0.793913
0.831339
0.538328
0.917565
0.672574
0.266488
0.441244
0.767678
0.676365
0.626715
0.784546
0.356343
0.623364
0.982921
0.311675
0.389262
0.835986
0.792568
0.941142
0.409363
0.956758
0.703917
0.206392
0.882991
0.53018
1.18864
0.687958
0.591358
0.993746
0.270303
0.338793
0.35553
0.882993
0.457027
0.63882
0.572687
0.476353
0.786232
0.565811
0.467907
0.950162
0.554701
0.430145
0.63626
0.433338
0.703352
0.253027
0.333211
0.398618
1.1946
1.113
0.82888
0.672104
1.06194
1.03009
0.987489
0.801928
0.538709
0.658397
0.553207
0.951425
0.304587
0.965294
0.847269
0.458536
0.649283
0.640185
0.959843
0.788201
0.586771
0.967677
0.476283
0.647629
0.944262
0.864413
0.658329
1.16724
0.442875
0.635654
0.946712
0.645302
0.57278
0.586795
0.217213
1.33759
0.553964
0.440767
1.25345
0.685709
0.65769
0.436292
0.516313
0.698939
0.984682
1.22537
0.568003
0.473804
0.504181
0.549693
0.608624
0.812529
1.20134
0.416242
0.334466
0.722158
0.636167
0.455009
0.619615
0.665088
0.1932
0.388575
0.451764
0.780196
0.422935
0.55159
0.799215
0.508821
0.59765
1.11667
0.564762
0.596513
0.0845624
0.361553
0.646889
0.751518
1.01011
0.396624
0.42429
0.38123
0.77075
0.564443
0.177147
1.07209
0.452272
0.569512
0.320358
0.682542
0.744724
1.3175
0.704298
0.392477
0.83274
0.907123
0.845262
0.85238
1.01515
0.427156
0.708495
0.883016
0.558841
0.667132
0.481343
0.405502
0.725428
0.435619
1.05439
1.09416
0.596426
0.723368
1.01695
0.865528
0.932659
0.923003
0.145259
0.752648
1.01859
0.633858
0.953981
0.433675
1.30001
0.699226
0.524218
0.676383
0.850378
0.29952
0.502292
0.862216
0.625697
0.48125
0.75307
0.612872
0.513035
0.454842
0.699356
0.569558
0.622254
0.448161
0.913779
0.755337
0.585399
0.642514
0.690181
1.01056
1.09585
0.469277
0.617394
0.616081
0.875821
0.607285
0.324103
0.491076
0.522757
0.858037
0.303821
1.1753
0.456556
0.97109
0.766828
0.803367
0.67251
1.28808
0.537939
0.395866
0.40606
0.986453
1.23206
0.658267
1.04275
0.639469
0.931102
0.513781
0.626366
0.681989
0.504177
0.637536
1.08386
1.05481
0.807419
1.05083
0.717785
1.23792
1.05237
0.928168
0.420492
0.676495
0.525229
1.0533
1.1297
0.443923
0.894847
0.827366
1.02395
0.558038
0.681123
0.819181
0.639662
0.656028
0.920291
0.698021
0.488677
0.438311
1.0158
0.995526
1.29513
0.48271
1.18303
0.350537
0.658979
0.513044
0.734199
1.07649
0.684745
0.470634
0.507978
0.697991
0.733845
0.856995
0.86935
1.01282
1.05703
0.421217
0.78643
0.737039
1.06011
0.32327
1.05717
0.296493
0.382039
0.667435
0.611861
0.687502
0.867399
1.25175
0.655776
0.222769
0.421627
1.14671
0.242441
1.25659
0.949703
0.805987
0.763988
0.572876
0.470786
0.79829
0.72076
0.983203
0.853015
0.92113
1.16357
0.628503
0.40222
0.964089
0.269859
1.14899
0.234673
0.804163
0.40273
0.876686
0.515549
0.834723
0.431832
1.37054
0.783791
1.01711
1.22371
0.674457
0.943066
0.948974
0.704147
0.768066
0.718693
0.499024
0.638481
0.704566
0.988108
0.409431
0.617836
0.859436
0.792427
1.08458
0.761998
0.948883
0.634831
0.664921
1.11003
0.737799
1.18915
0.718432
1.3032
0.888984
0.355029
1.07785
1.45374
0.579003
0.733374
0.572867
0.448787
0.992129
0.664439
0.489473
0.691396
0.337651
0.223478
0.155747
0.926912
0.20121
0.8319
0.431684
0.988179
0.685598
1.03358
0.581084
0.482737
0.220307
0.694857
0.583937
0.852629
0.642753
0.825417
0.820593
0.893142
0.128457
0.890599
0.940838
0.228762
0.78371
0.318541
0.51846
1.05445
0.94799
0.765109
0.819711
0.914699
1.07714
1.35062
0.33758
0.886819
0.893392
0.591535
0.541664
0.784448
0.888803
1.05399
0.695382
0.880593
0.819027
0.621037
0.373762
0.803094
0.751648
0.791472
1.22905
1.02843
1.0201
0.755238
0.638403
0.424941
0.65755
0.563279
0.369704
0.315029
0.720115
0.741191
0.228962
0.690856
0.9156
0.514549
0.656174
0.826187
0.160762
0.632123
0.963188
0.780436
0.908869
0.435501
0.312848
0.7232
1.00386
0.861064
0.95307
1.35169
0.891222
0.378018
1.07962
0.554935
1.05381
0.991729
0.724867
0.770972
0.161198
0.72957
0.861513
0.647301
0.523456
0.361267
0.559618
0.966731
0.740039
0.253557
0.63794
0.449125
0.992505
0.455563
1.05445
1.04777
0.764042
0.712767
0.789218
1.07962
0.597857
0.647172
1.11692
0.901461
0.9855
0.551078
0.418524
0.358672
0.688125
0.562855
0.321128
0.459274
0.497509
0.460353
0.462685
1.11499
0.739602
0.660471
0.509651
0.382092
0.357395
0.674307
1.22281
0.513678
0.972254
1.12746
0.541042
0.539449
0.935753
0.947838
1.15587
0.842438
0.45565
0.923511
0.271015
1.31472
0.541808
0.929335
1.02074
0.542098
0.923999
0.463457
0.311446
0.580906
0.201142
0.761704
0.113015
1.08983
0.346283
0.840653
0.2351
0.877988
0.837315
0.639506
0.613632
0.399261
0.925897
0.677792
1.05319
0.86421
0.491392
0.533481
1.07208
0.454794
0.557434
0.570281
0.622732
0.404016
0.353892
0.560953
0.281313
0.449467
0.745059
0.919397
0.745328
1.017
0.684998
0.209536
1.15281
1.06381
0.146846
0.606103
0.941535
1.22202
0.4988
0.674943
1.14633
0.529638
0.564805
0.455088
0.386923
0.56188
0.647885
0.675161
0.883566
0.947634
0.516272
0.930011
0.41414
1.16839
0.659219
1.06433
0.939202
0.705324
1.22616
0.58903
0.880625
0.42438
1.02347
0.786001
0.916055
0.534355
0.368247
0.758111
0.567274
0.735846
0.714804
0.805613
1.31815
0.784425
0.712056
0.269471
0.762871
0.431409
0.844567
0.374778
0.550379
0.907607
0.415105
0.689778
1.04891
0.481817
0.797017
1.1047
0.191224
0.653289
0.726627
0.76648
0.657641
0.589069
0.665284
1.04548
0.187973
1.1471
0.875767
0.619487
0.639782
0.855529
0.392228
0.593147
0.492139
0.665202
0.652368
0.671764
0.466106
0.587939
0.578799
0.604758
0.555124
0.796967
0.704818
0.879136
1.0389
1.21129
0.503386
1.03333
0.858436
1.01507
0.113186
0.589385
0.412889
0.304277
0.683537
0.623095
1.36049
0.536317
0.446034
1.17714
0.673348
1.29065
0.426232
0.43627
0.355399
0.558927
0.992136
0.627458
1.02526
0.425122
0.724031
0.650855
0.478775
0.299526
0.728116
0.529431
0.563192
0.264623
0.601917
0.6352
0.654348
0.771147
1.156
0.3426
0.86582
1.05936
0.677841
0.614623
1.27339
0.776992
0.609912
0.95481
0.877096
1.33336
0.238207
0.550725
0.837904
0.694282
0.408019
0.507511
1.08727
1.07402
0.979623
0.287594
0.382229
0.498585
0.482503
0.364126
0.820208
1.14561
0.643718
0.161166
0.31765
1.03944
0.400199
0.446819
0.943721
0.927862
0.490088
0.362528
0.268796
1.02483
0.713929
0.585482
0.535388
0.170811
0.845722
0.843263
1.19699
0.414236
0.623618
0.672022
0.570554
0.487106
0.679982
0.773283
1.21406
0.479512
0.723174
0.703204
0.381475
0.296332
0.935476
1.31006
1.07556
0.50108
0.291277
0.32055
1.15731
0.588357
0.524564
0.481267
0.416875
0.831906
0.567455
0.91184
1.09365
0.296201
1.24305
0.356583
0.556379
0.300879
0.802486
0.551161
0.874159
0.380112
0.455582
0.908646
0.64217
1.06424
0.858028
1.25349
1.05375
0.645603
0.793884
1.06205
0.618454
0.546802
0.378718
0.315787
0.617674
0.345847
0.785623
0.355421
0.615523
0.431976
0.60443
0.208482
0.913334
0.761726
0.923123
1.29507
0.581381
0.456326
0.192156
0.854047
0.902188
0.623997
0.937926
0.75099
0.357488
0.941236
0.571235
1.14469
0.706767
0.42057
1.24099
1.08643
0.995893
1.15877
0.65129
1.27764
1.22295
0.364333
0.670432
0.736584
0.64982
1.07978
0.649983
0.681168
0.930722
0.589024
0.420524
0.897874
1.07015
0.90273
0.895876
0.512587
0.552282
0.534758
0.7387
1.25554
1.17137
1.20557
1.04579
0.669335
0.537142
1.07778
0.320421
0.645885
0.969931
0.355894
0.480517
0.785184
0.837611
0.434403
0.844358
1.139
0.87616
0.554357
0.369683
1.07061
0.770102
0.296057
1.0417
0.517801
0.527692
0.90567
1.00284
1.36561
0.470282
0.705265
0.877191
0.7299
0.257928
0.512151
0.302629
0.685935
0.788165
1.14424
0.51483
1.20878
0.757747
0.342622
1.02992
1.03161
0.530476
0.469918
0.854011
1.31036
0.683224
0.167895
0.618574
0.804457
0.818097
0.584867
0.571517
0.550671
0.177394
1.21593
0.769194
1.26858
0.481801
1.16075
0.82848
0.850669
1.34274
0.486211
0.658931
0.293636
0.812204
0.487434
0.624611
0.464887
0.398414
0.646542
0.660567
0.942129
0.797034
0.635363
0.538089
0.364986
0.754878
0.506658
0.989687
0.607196
0.915348
0.488554
0.79665
0.612102
0.378225
0.376552
0.715781
1.075
0.862142
0.828313
0.389266
0.266171
0.434639
0.873616
0.363326
0.550638
1.08219
0.942971
0.430784
1.0495
0.774624
0.520241
0.85116
0.804582
1.24114
0.450201
0.744012
0.652108
0.832025
0.91088
0.559864
0.699633
0.509617
0.465197
0.441501
0.941722
1.22992
0.403139
0.406142
0.639992
0.835191
0.329155
1.02647
0.53346
0.470446
1.36402
0.640047
0.900673
0.143392
1.05745
0.430508
0.423388
0.566232
0.912464
0.564928
0.376023
0.426429
0.706602
0.544462
1.19197
0.80273
0.665645
0.615265
1.07308
0.288647
0.861808
1.19928
0.27545
0.96378
1.01257
0.398331
0.711224
0.497763
0.887379
0.861924
1.06162
0.471437
1.14647
0.622744
1.2844
0.7931
0.864872
0.746099
0.885338
0.303802
0.877016
0.702827
0.614049
0.607832
0.297295
0.811553
0.820293
0.665357
0.503908
1.31121
1.24995
0.315876
0.487066
0.514568
0.399861
0.322255
0.546027
1.01343
0.738689
0.326375
0.725704
0.575511
0.586846
0.480251
0.893731
0.714842
0.593811
0.644916
1.12229
0.676131
0.335713
0.638681
0.941274
0.96889
0.431975
0.997614
0.747922
0.219996
0.613761
1.14548
0.341726
0.611942
1.13662
1.06304
1.28947
0.926573
0.522442
0.658198
1.12648
0.736768
0.901606
1.13682
1.02217
0.448581
0.31993
0.669318
0.526557
0.0507091
0.566804
1.20007
0.940001
0.275711
0.387839
0.969306
0.378402
0.558052
1.0215
0.356145
0.770845
1.24679
0.740625
0.963779
0.566768
0.610645
0.471782
0.760961
0.340153
0.647204
0.917985
0.919988
0.320837
0.774862
1.18514
1.04113
0.619641
0.35885
0.330657
1.34634
0.512161
0.312708
1.02299
1.26399
0.81485
0.81303
0.453977
0.231948
0.410452
1.43582
1.26185
1.33532
0.673571
0.522752
0.636631
0.381422
0.32861
0.309985
1.13729
0.965542
1.0681
0.781465
0.739424
0.983526
0.528468
0.535555
0.533707
0.687695
0.927642
0.298464
1.11988
1.13478
0.991667
0.727634
0.607399
0.805981
0.823248
0.491234
0.571348
0.395036
0.826483
0.683641
0.727784
0.793072
0.228431
1.07156
0.893261
0.827645
0.515698
1.00246
0.202433
0.504458
0.36242
0.850544
0.282334
0.433889
0.979443
0.692651
0.913697
0.890162
0.912257
0.783
0.682819
0.500597
0.712862
0.50295
1.03562
0.703186
0.769429
0.715925
0.468335
0.538919
0.710923
0.283117
0.58994
0.230352
0.634614
1.01028
0.492147
0.296779
0.368783
0.896096
0.851426
0.476934
0.740436
0.360464
0.733524
0.833487
0.302488
0.996449
0.768205
0.814782
1.02495
0.403595
0.651635
0.766791
0.753926
0.606123
1.07181
0.791827
0.403729
0.830442
0.834011
0.217921
0.452862
0.824093
0.359684
0.507688
0.741796
0.638224
0.772676
0.613589
0.853486
0.365213
0.649293
1.09757
0.87465
0.411003
1.01051
0.694596
0.491678
0.924205
0.787223
0.879446
1.19005
0.201391
0.547749
0.751132
0.936077
0.962369
0.999864
0.733635
1.18617
1.24701
0.466634
0.738558
0.492133
0.485624
1.02137
0.964409
1.15296
0.609132
0.790916
0.711103
1.09115
0.644044
1.15377
0.362482
0.982678
0.881837
0.727358
0.170835
0.48425
1.24846
0.803475
0.888832
0.944226
1.28774
0.39959
1.12358
0.496161
0.519023
0.917923
0.700369
1.1366
0.807399
0.907936
0.754831
0.384071
0.58509
0.730489
0.340983
0.747699
0.774664
0.633824
0.676856
0.842669
1.12407
0.213024
0.452198
0.585896
0.341072
0.846114
0.64291
1.17994
0.742187
0.628349
0.511095
0.633699
0.932274
0.897379
0.684019
1.26887
1.41174
0.589879
1.42642
1.28257
0.762907
0.492989
0.570601
1.27485
0.690584
0.931037
1.26151
0.970048
0.399003
1.2519
0.612594
0.407778
0.858063
0.764578
0.91305
0.377152
0.69094
1.15144
1.05821
0.846676
0.569426
1.00188
0.937856
0.38371
1.0201
0.620078
0.478253
0.319778
0.527758
0.26667
1.00593
0.996606
0.454016
1.24583
0.663177
0.253025
0.71205
0.580874
1.40316
0.810114
0.454868
1.2232
0.311488
0.628904
0.692985
1.03884
0.776938
0.976509
0.42573
0.746918
0.429312
1.03314
0.280773
0.728132
0.615664
1.17649
0.693589
0.921407
0.710101
0.749578
0.693255
1.05843
0.227745
0.338611
0.491673
0.237678
0.450519
0.187167
0.535306
0.92286
0.278975
0.852891
0.94861
0.341158
1.15826
0.575075
0.794999
1.25584
0.205508
0.784841
0.487519
0.327662
0.875373
0.61276
0.87214
0.966868
0.51739
0.766948
0.63605
0.771692
1.30135
0.544167
0.543683
0.791086
0.524974
0.821234
0.543172
1.27826
0.271382
0.13207
0.57795
0.789441
1.32814
0.895997
0.396271
0.491314
0.411465
0.604166
0.747565
0.311091
1.07026
0.485532
0.535537
0.599299
0.363703
0.740404
0.487853
1.0964
0.528026
1.09357
0.676187
1.1707
0.402406
1.09836
1.01282
0.52324
1.34665
0.475442
0.521994
1.44062
0.575108
0.473302
0.694762
0.989948
0.553207
0.372269
0.534773
0.836647
0.873536
0.728264
0.47211
0.245916
0.268851
0.352392
0.682455
0.560421
1.07314
0.474859
0.330374
0.373635
0.605054
0.687186
0.609607
0.379897
0.383153
0.552541
0.652225
0.882502
0.436828
0.497317
0.67812
0.41595
1.05851
0.875935
0.953408
0.541062
0.737945
1.19297
0.774537
0.298228
0.649469
0.654664
1.12728
0.639794
0.774402
0.630953
0.518732
0.498996
0.502753
0.999432
0.762613
0.345679
0.911382
0.635142
0.915517
1.11463
0.840935
1.18243
1.01098
0.663314
0.666865
0.937512
0.653276
0.693723
0.565984
0.255496
1.21005
0.497252
1.22548
1.16962
1.22643
0.739828
0.228879
0.917303
0.701545
0.37189
1.02337
0.381314
0.763229
0.585663
0.802493
0.775615
0.806592
0.446287
1.11797
0.625251
0.838214
0.546509
0.38576
1.00929
0.881209
0.308161
0.680526
0.554148
0.761585
0.799965
0.777527
0.579239
0.561945
1.08226
0.624019
1.12098
0.768595
0.273122
0.796201
0.512176
0.868254
0.752425
0.985783
0.288008
0.804902
0.905919
1.19459
1.10798
0.839308
0.861816
0.859477
0.509842
0.48684
0.23366
1.03536
0.828101
0.857892
0.974856
0.909993
0.415607
0.984212
0.591494
0.997735
0.422177
0.48411
0.870643
0.586568
0.266586
0.522883
0.891643
0.777864
0.730596
0.681225
0.699822
0.422207
0.515371
0.721791
0.477519
1.19991
0.675661
0.699143
0.543534
0.867373
0.867099
0.63252
0.253932
0.861492
0.904389
1.14442
0.939544
0.341701
1.13395
0.574826
0.861858
1.03687
0.779385
0.773212
0.216411
0.601129
0.968014
0.421518
1.16822
0.621301
1.04806
1.17076
1.23067
1.12171
1.09234
1.11489
0.582409
0.449164
1.07909
0.50524
0.504012
0.148223
0.923058
0.541119
0.827755
0.462473
0.218829
0.883962
0.870414
0.804113
0.505196
0.820005
0.849805
0.83911
0.582151
0.650493
0.695657
0.298043
0.33175
0.340081
1.16473
0.55663
0.921367
0.644976
0.608133
0.432947
0.711417
0.354422
0.444569
1.05769
0.745468
0.82314
0.961629
0.935454
0.729664
1.05393
0.733214
0.36287
1.05298
0.621826
1.03946
0.412813
0.631189
0.414491
0.211461
0.65557
0.223744
0.282775
0.730387
0.442842
0.542713
0.519477
1.00428
0.686421
0.852205
0.301994
0.653759
0.804797
0.493213
0.275547
1.09733
0.640301
0.179982
0.55545
0.533557
0.787852
0.451605
0.985238
0.807744
0.821472
1.01515
1.06607
0.347503
0.575507
0.569347
1.04974
0.402358
0.427405
1.05028
0.559571
0.707754
0.646303
0.605301
0.761213
0.952359
0.542947
0.920959
0.923106
0.304166
0.763376
0.941554
0.289572
0.417859
0.978206
1.11273
0.115159
0.993229
0.507145
0.962917
0.463977
0.869146
0.568832
0.890563
0.780545
0.454681
0.904536
1.15298
1.07469
0.800579
0.851936
1.02823
0.567465
0.267665
0.850065
0.381143
0.55179
0.641563
0.886693
1.12005
0.608693
0.508716
1.32893
0.284974
0.368012
0.485513
0.382374
0.341987
1.13667
0.610757
1.0857
0.732092
0.501812
0.331036
1.08651
0.337959
0.314575
0.538922
0.691116
0.502531
0.537294
0.811441
0.510167
0.673248
0.647957
0.237075
0.897547
0.404175
0.635894
0.837916
0.677643
0.41058
0.86953
1.24232
0.851836
0.882453
0.81717
1.08851
0.543479
0.494248
0.323619
0.972608
0.878031
0.39582
0.763857
0.919923
0.842475
0.414417
0.33231
0.631607
0.70405
0.685904
0.984474
0.658346
1.02561
0.156209
0.750108
0.339673
1.08318
0.644228
0.900886
0.684633
0.787
0.225111
1.00699
0.858829
0.761425
0.630016
0.578565
0.459423
1.14431
0.531056
0.572465
0.815531
0.596758
0.690487
1.01281
0.417865
0.478306
0.857419
0.322628
1.2041
0.692891
0.440668
1.03354
0.340221
0.529403
0.786564
0.80961
0.800947
0.328743
0.19142
0.822691
0.410457
1.07797
1.01756
0.460852
1.33629
0.504081
0.250252
0.76247
0.664558
0.869722
1.46628
0.476517
1.27221
0.424531
0.800675
0.738014
0.78505
0.900844
1.09423
0.211264
1.09355
0.68929
0.446835
0.529256
0.801845
1.12842
0.962685
1.14788
0.421953
0.76997
0.738046
0.653866
0.684916
0.737529
0.42185
0.808214
0.39972
0.524161
0.270932
1.17362
0.594518
0.989772
0.446666
0.584058
0.835766
0.550965
0.500579
0.423348
0.923299
0.817499
0.914184
0.326391
1.04189
0.907158
0.664807
0.62081
0.879974
0.807205
0.418802
0.700517
0.429285
0.324898
1.28984
1.09465
1.01762
1.01281
0.55423
0.531636
0.495015
0.678098
0.356279
0.925953
0.381861
1.08946
0.726108
1.00602
0.591751
0.358256
0.243025
0.861001
0.942337
0.441098
0.978733
0.981828
0.464601
1.09487
0.265035
0.810714
0.41885
0.35879
0.551202
0.257606
0.828923
0.389252
0.681619
1.00976
0.769888
0.420264
1.03386
0.5289
0.947305
0.884065
0.453372
0.695629
0.363041
0.807066
1.35253
0.854458
0.455798
0.557271
0.319129
0.272687
0.258089
0.36616
0.318716
0.696559
0.908592
0.395273
0.518313
0.42369
0.447742
0.284633
0.895433
0.72821
0.536952
0.916405
0.380682
0.702002
0.433839
1.26548
1.13148
0.570923
0.513026
1.00455
0.902283
0.35156
0.64223
0.366599
0.627676
0.727736
0.647113
0.689906
0.849106
0.426634
1.0856
0.285675
0.721407
0.369918
1.04673
0.898529
0.508622
0.422864
0.618168
0.894171
0.833754
0.781527
0.99887
0.452136
0.835957
0.860157
0.875095
0.547015
0.524262
0.338454
0.502049
0.423305
0.853286
0.537749
0.910019
0.299238
0.887184
1.04608
0.794054
1.06619
0.361547
1.03791
0.550999
0.670662
0.274252
0.264219
0.37746
0.723133
0.925421
0.462766
0.470414
1.09421
0.925386
0.870101
0.514667
0.788685
0.328569
0.513466
1.00155
0.263365
0.556967
0.554273
0.335228
0.832009
0.768657
1.24251
0.812969
0.552023
1.10353
0.914586
0.705705
0.884513
0.169825
0.959421
0.417386
0.1924
1.14589
0.588455
0.5545
0.991478
0.753354
0.160885
0.934202
0.369369
0.477137
0.647831
0.994197
0.657829
0.458937
1.0292
1.10037
0.555736
0.81789
0.424795
1.0907
1.05814
1.12661
0.617531
0.313241
0.713845
0.877479
0.856291
0.577124
0.0768189
0.520333
0.789086
0.577285
0.929251
0.754889
0.298172
0.682172
0.272645
0.781278
1.43497
0.350937
0.39196
0.323975
0.750978
0.747887
0.577343
0.519555
0.858915
0.485393
0.354294
0.928678
0.810462
0.652118
0.983064
0.714872
0.400562
0.448307
0.672911
1.01602
0.977759
0.874382
0.796866
0.545051
0.864913
0.932285
1.08632
0.740474
1.33128
0.573122
0.70861
0.578211
0.739621
0.866759
0.726645
1.03222
0.427407
0.608806
0.813157
0.803761
0.738178
1.2639
0.884301
0.651344
0.632107
0.177769
0.525801
0.683706
0.825085
0.664792
0.872159
0.486848
1.44411
0.665949
0.618446
0.629648
0.921381
0.352769
1.22101
1.02661
0.41752
0.97371
1.22883
0.479999
0.530132
0.532816
0.649481
0.479345
0.885593
0.818928
0.726793
0.999025
0.635379
0.51071
0.522201
1.07007
0.672945
0.945349
0.822642
0.456434
0.910332
0.455249
0.894984
1.29941
0.285976
0.975142
0.552053
0.251771
0.706733
1.03917
0.689416
0.67121
0.560231
0.303041
0.985305
0.384234
0.6225
0.637827
0.409348
0.499939
0.512549
0.367378
0.924081
1.06525
0.642855
0.729189
0.40511
0.717548
0.567386
0.56203
0.565058
0.965009
0.533387
1.29699
0.400665
0.15504
0.758408
0.123419
0.680101
0.319812
0.548216
1.12229
0.400365
0.193588
1.07933
0.733425
0.832902
0.504235
1.11628
0.688461
0.722432
1.1164
0.270484
1.00657
1.36261
0.649443
0.579963
0.108642
0.881438
0.803425
0.250661
0.667304
1.1021
0.451019
0.815549
0.451874
0.711794
0.656867
1.09859
0.366995
0.86399
0.662516
1.02059
0.477485
0.561513
0.775468
0.838077
0.569652
0.397555
0.363735
0.837734
0.701441
0.807926
0.976099
0.840703
0.253312
0.782925
0.378027
0.754487
0.686966
0.902641
0.761003
1.11435
1.01356
0.365173
0.838112
1.1978
0.593443
0.877478
0.246755
0.914439
0.909033
0.599221
0.561727
0.612333
0.947007
0.543129
0.484797
0.569374
0.507284
0.725584
0.58899
0.847828
0.739105
0.574284
0.922614
0.307184
1.14971
0.608381
0.751719
0.278069
0.758956
1.32347
0.663475
0.701729
0.953098
0.890644
0.750272
0.488517
0.269566
1.02901
0.691542
0.469892
0.847158
0.660308
1.01798
0.598932
0.85733
0.591947
0.857601
0.253519
0.867984
0.248747
1.121
0.41291
0.662707
0.713102
1.12995
0.61681
1.17804
0.824243
0.755206
0.513837
0.391001
0.656224
0.563269
0.430291
0.480759
0.872388
0.505887
0.61937
0.638025
0.735298
0.33771
0.890061
0.687992
0.851952
0.704719
0.841165
0.588255
0.420048
0.435628
1.01614
0.65254
1.18661
0.272698
0.258059
0.480579
0.971366
0.554254
0.388239
0.428783
0.529639
1.14101
0.963654
0.605835
0.413723
0.48623
0.584463
0.428922
0.27604
0.29856
0.658557
0.46578
0.785312
1.03834
0.547881
1.04963
0.440705
0.465957
0.203544
0.588333
0.964931
0.54444
1.06545
1.19217
0.858436
0.577825
0.440766
0.399171
0.965765
0.514695
0.640208
1.28174
0.393557
0.434272
0.847549
0.595526
0.975757
0.52894
0.57477
0.854969
1.11622
0.816994
0.760342
0.525841
0.300442
0.581209
0.553839
0.646162
1.23128
0.890368
0.807731
0.782598
0.682079
0.638829
0.960609
0.737167
0.216325
1.01443
0.854852
1.06088
0.485572
0.364746
1.12756
0.982427
0.790253
0.875568
0.749393
0.75074
0.563451
0.343347
0.518922
1.11321
0.535963
0.959417
0.562326
1.2006
0.861249
0.544722
0.811057
0.374487
1.41247
0.749484
0.32192
0.142703
0.666126
0.858071
0.318904
0.710727
0.710788
0.436601
0.903087
0.472509
0.286505
0.10907
1.03158
0.334854
1.33676
0.48386
0.498345
0.523303
1.25604
0.459745
0.73576
1.26226
0.952269
0.934708
0.854999
0.862842
1.0814
0.379936
0.580153
1.18163
0.584333
0.676069
0.552674
0.558486
0.441116
0.921557
1.07076
1.28202
0.947736
0.963304
0.811919
0.552314
0.381709
0.455589
0.920014
0.88577
0.796394
0.585771
0.410323
1.44416
0.297858
0.335227
0.601396
0.666465
0.759298
0.362737
1.1862
0.617884
1.12481
0.582032
0.419465
0.650564
0.594288
0.300248
0.443767
0.809996
0.239199
0.880804
0.74806
0.746253
0.982717
0.987486
0.907714
0.799939
0.884919
0.553261
0.772866
0.42357
1.34399
1.30473
0.928001
0.795384
0.372599
0.922617
0.493341
0.549078
1.0741
0.289377
1.12852
0.831246
0.906906
1.02997
0.744526
0.65396
0.875212
0.516974
0.574664
0.765135
0.448172
1.02913
1.29352
0.193064
0.570321
0.294737
0.56296
1.06598
0.606092
0.340794
0.340737
0.781551
0.499981
0.885315
0.984502
1.02039
0.963036
0.460505
1.03724
0.818909
0.733498
0.657193
0.826113
0.20162
0.575371
0.559108
0.556329
0.441741
0.923907
1.05833
0.829527
0.98883
0.365847
0.469246
0.652557
1.12182
0.687533
0.79532
1.0139
0.134322
0.663224
0.524453
0.717292
0.576162
0.851049
0.196419
1.08595
1.06286
0.675671
0.644901
0.867134
0.594825
0.718644
0.738221
0.914314
0.914879
0.382263
0.428564
0.920565
0.940632
0.767681
0.645039
0.36991
0.935229
1.12472
1.42406
0.770502
0.207187
0.374658
1.2961
0.391605
1.11778
0.723168
1.16353
0.468692
0.703849
0.549933
0.677275
0.740489
0.636586
0.982654
0.773854
0.615609
1.32228
0.16456
0.990149
0.880558
0.29595
0.278523
0.739046
0.665772
0.379091
0.636873
0.403577
0.800669
0.463139
0.377099
0.53105
0.904673
0.917427
0.441216
0.828264
0.837169
0.757088
1.26394
0.344853
0.228797
0.3413
0.0696737
1.29651
1.00941
1.02775
1.10927
0.980676
0.271398
0.362202
0.897924
0.552063
0.408022
0.248293
0.613327
0.600996
0.513437
0.633691
0.7558
0.921779
0.372448
0.915308
0.69858
0.89806
1.13492
0.668172
0.464458
1.17628
0.631106
0.515681
0.600151
0.692348
0.478966
0.823429
0.725548
0.393431
0.450418
0.640208
1.09252
1.34929
0.447668
0.481031
0.369068
1.006
0.515887
0.600153
0.720733
0.859085
1.11079
0.988167
0.612159
0.532337
0.240912
0.71113
0.305742
0.800589
0.263753
0.341169
0.954949
1.05728
0.388112
0.432867
0.759993
0.662211
0.70655
0.582471
0.657508
0.739152
0.75743
0.512938
0.725595
0.981063
1.32805
0.693013
0.847898
0.890123
0.792213
0.611701
0.425185
0.872559
0.670452
0.869703
0.927766
0.752919
0.490165
1.12925
0.856747
0.385268
0.233811
1.06394
0.446556
0.699698
0.461502
0.589339
0.434942
0.593455
1.30948
0.973575
0.689776
0.110195
0.18186
0.834595
0.568718
0.39168
0.750683
0.355936
0.729909
0.793457
0.203747
0.88663
0.785858
0.436694
0.792659
0.637892
0.522589
0.695879
0.676783
0.253111
0.8957
0.675767
1.08774
0.650277
0.807041
0.585299
0.390535
0.750458
0.376796
0.350341
0.655766
0.469857
0.489534
1.08761
1.21081
0.616603
0.490129
0.580779
0.365314
0.330933
0.725068
0.345698
0.83451
0.760424
1.3462
0.239233
1.08822
0.595099
0.412715
0.109649
0.621909
1.10813
0.745831
0.719725
0.754997
0.905359
0.39164
0.560793
0.990818
1.06479
0.753528
0.849532
0.730142
0.98298
0.689623
0.550269
1.05361
1.29032
1.05854
0.446716
0.185286
0.765523
0.224813
0.769221
0.173293
0.447651
0.458011
0.407917
0.867029
0.512686
0.696071
0.233041
0.722027
0.645048
0.160577
0.604253
0.470016
0.252873
0.253605
0.817414
0.380248
0.876844
0.401756
0.280487
0.482192
0.880132
0.601914
1.02872
0.363812
1.00583
0.49137
0.420484
0.643315
1.22338
0.795958
1.28317
0.62361
1.13224
0.657155
0.805089
0.643162
0.495492
0.805028
0.210015
1.19202
0.721526
1.35171
0.432377
0.352238
0.182814
0.168462
0.582621
0.236016
1.17625
0.560373
0.698654
0.7624
0.156059
0.556316
0.783832
0.985936
0.781399
0.829256
0.812253
0.542559
0.739289
0.463356
0.970097
0.425886
0.541643
0.76609
1.31183
0.313981
1.24279
1.04792
0.195847
0.775104
0.383749
0.564985
0.73754
0.774029
0.607959
1.01009
0.792509
0.580013
0.317624
0.602066
0.558025
0.189951
0.669369
0.408784
0.706343
0.153689
0.941348
0.490783
0.836651
0.562567
1.09877
0.962037
0.660576
1.17242
0.820959
0.943252
0.354762
0.271191
1.22454
0.514811
0.379314
0.372891
1.03793
0.41582
0.333797
1.37484
0.910786
0.822623
1.22668
1.17349
0.407785
0.844953
0.217731
0.371464
0.171833
0.924443
0.518375
0.282028
0.509966
0.529622
0.830558
0.577053
0.545078
0.480926
0.0795518
0.36754
0.546182
0.807633
0.65021
0.576664
0.525814
1.03998
0.738847
0.433976
0.466841
0.398819
1.07857
0.451897
0.989405
0.805337
0.720594
0.481926
0.500597
0.847201
0.840032
0.5675
1.18274
0.739286
1.35911
0.90319
1.05132
0.897965
0.92607
0.397359
0.485358
0.438379
0.619869
0.549416
1.00251
0.448688
0.519127
0.920593
0.609568
0.373566
0.43256
0.491943
0.612846
0.825931
0.991751
0.527046
0.827438
0.503465
0.443226
0.644759
0.734206
0.799953
0.478572
1.04811
0.506714
0.146066
0.481191
1.23807
0.689168
0.697887
1.09628
0.418852
0.485248
1.04485
0.302589
0.730371
0.77782
0.432524
0.542058
0.648567
0.986107
0.886325
1.1157
0.909039
0.589909
0.710545
0.91074
0.358883
0.676513
0.377897
1.14165
1.17331
0.201388
0.873203
0.555255
0.897013
0.529667
0.682444
0.487492
1.06318
0.544022
0.741474
0.687174
0.331148
1.29971
0.805472
0.631513
0.812871
0.863951
0.871936
1.02131
0.90978
0.383281
0.912697
1.17909
0.693543
0.889733
0.82697
0.799482
0.783148
1.11358
0.21389
0.456947
0.417739
0.961905
0.792176
0.300415
0.725798
0.38079
0.515142
0.361141
0.616481
0.294001
1.27026
1.14843
0.367941
1.11519
0.563313
0.82221
0.644393
0.876898
0.572591
1.08179
1.01319
0.782786
0.987736
0.690863
1.15021
1.02554
0.729995
0.654084
0.687176
0.778521
0.675903
0.753592
0.957948
0.385183
1.28259
0.568417
0.916425
0.47462
0.57095
0.758665
0.418208
0.564186
0.579902
0.953321
1.0157
0.961106
1.16805
0.400234
0.81627
0.84931
1.17155
0.855967
1.2463
1.04022
0.566499
0.628984
1.30362
0.130288
0.780247
0.819799
0.290675
0.690185
1.20798
0.833654
0.523184
0.85361
0.763289
0.335524
0.880274
0.446275
0.784855
0.482587
0.77574
0.593544
0.664829
1.09764
1.13289
1.16057
0.700809
0.591635
0.805293
0.887971
0.493256
0.356843
0.396493
0.195508
0.706471
0.693384
0.499143
0.948909
0.881923
0.771529
0.35311
0.822225
0.363369
0.940046
0.699349
0.808265
0.306963
1.26054
0.507779
1.07526
0.965594
0.554295
1.27865
0.311112
1.38917
1.0026
0.459397
0.995755
0.797751
0.547336
0.378064
0.653683
1.24997
0.701411
1.10988
0.680802
0.396376
0.485329
0.954921
0.324926
0.478085
0.515265
0.699113
1.01818
0.393079
0.718871
0.954418
0.455281
1.05006
1.09426
0.985264
0.572619
0.118095
0.817282
0.975913
0.738254
0.574794
0.218427
0.586304
0.309999
0.847979
0.811806
1.17202
0.595181
0.994472
0.366871
1.17915
0.600673
1.12003
0.577841
1.17092
1.10899
1.007
0.549115
0.903902
0.288631
0.440149
1.01358
0.726678
0.959499
1.13604
0.755872
0.883859
0.547293
0.683357
0.579691
0.564776
0.966197
0.770264
1.28037
0.414841
0.996044
1.12999
0.679481
0.712025
0.400583
0.841442
0.858678
0.540509
0.840471
0.468663
0.725927
0.728406
0.653671
1.16078
0.823311
0.188697
0.796493
0.654566
0.509486
0.358562
0.419969
0.139558
0.941608
0.768069
0.861678
0.362313
0.315856
0.581829
0.659054
0.914182
0.442975
0.455005
0.505278
0.34516
0.698139
0.381927
0.31283
0.627091
0.43394
0.39545
0.521779
0.205185
0.47687
0.80148
0.479822
0.249904
0.72976
1.22138
0.322736
0.843882
0.997699
0.717791
0.746831
1.03314
0.638155
0.622165
0.719284
1.09994
0.896679
0.292538
1.11877
0.281972
0.996165
0.483927
0.649335
0.304093
0.948609
0.187627
0.695947
0.858567
0.651565
0.712395
0.916953
0.643974
1.34114
0.639927
0.590721
0.517803
0.339351
0.544967
0.958846
0.678641
1.03928
0.307166
1.10299
0.477536
0.682552
0.905684
0.331048
0.897529
0.768128
0.287972
0.629559
0.394833
0.684779
0.406954
0.479465
1.19099
1.22473
0.728081
0.759049
1.15337
0.814293
0.325865
0.753439
1.06826
1.04686
1.14788
0.47983
0.615039
0.414218
0.651628
1.16291
0.236488
0.512753
1.10373
0.362115
0.734031
1.21097
1.05082
0.981758
0.546925
0.5943
1.01991
0.618762
0.772039
0.497387
0.648007
1.17492
1.17487
0.521201
0.270048
1.02463
0.601413
0.656894
0.454136
0.531004
0.385672
0.685321
0.487324
0.360052
0.686765
1.36344
0.776823
0.902536
0.712456
0.653869
0.849059
0.441011
1.058
0.925976
0.272212
0.322878
0.901416
0.738482
0.391595
0.94904
0.811279
0.692647
0.214659
0.539882
0.738688
1.15401
0.996772
0.756043
1.07097
0.907505
1.11574
0.900307
0.442225
0.738464
0.346538
0.693617
0.545347
0.397321
1.0291
0.561479
1.10125
1.16504
0.492915
0.864818
1.20041
0.448381
1.31966
0.464032
1.19648
0.592293
1.38905
0.259063
0.865915
0.866701
1.07611
0.947637
0.593414
0.629029
0.27239
0.732131
0.848365
0.500796
0.738766
0.684805
1.01953
0.486281
1.21276
0.410169
0.322598
0.867472
0.849818
0.715334
0.802716
0.554707
0.554249
0.547623
0.514711
0.733259
0.672907
0.291691
0.560034
0.410394
0.741103
0.752712
0.481634
0.78121
0.920164
0.436487
0.86361
0.613453
0.796004
1.0031
0.462886
0.521092
0.706219
0.675027
0.138658
0.635316
0.898505
0.720459
0.605958
0.245177
0.30883
1.08296
0.469657
0.370943
0.662893
1.24549
1.05058
0.90968
0.910444
0.465821
0.903479
1.12212
0.788617
0.388217
0.535114
0.395156
0.720253
1.23214
1.1622
0.610099
1.15052
0.901268
1.1514
0.689601
1.03475
0.621194
0.507166
0.991269
0.138321
0.419138
0.331741
0.552491
0.472716
0.566462
0.963953
0.683392
0.468809
0.418405
0.639599
0.517445
0.900529
0.390783
0.548595
0.912382
0.893844
0.699118
0.892351
1.36255
1.12389
0.128022
0.755311
0.112006
0.634649
0.683463
0.214413
0.430124
1.01185
0.760806
0.563024
0.900113
0.543367
0.692204
1.1215
0.704434
0.865453
0.787034
1.04464
1.038
0.77622
0.284923
0.667238
0.803178
0.352728
1.07076
0.630759
0.853109
1.08646
0.821927
0.716419
0.734585
0.927012
0.545957
0.339993
0.537066
0.686378
1.04226
0.271704
0.562015
0.713639
0.707272
0.535742
0.868639
1.41284
0.516841
0.608633
0.373611
0.758674
0.916461
0.941365
0.799516
0.389599
0.936536
0.749437
1.24135
0.571005
0.56587
0.798816
0.534281
1.0297
1.02028
0.740786
0.712718
0.715359
0.322721
0.794412
0.54853
0.11402
0.841321
0.828464
0.259115
0.606178
0.926917
0.672294
1.0153
1.03561
0.661371
0.377726
1.35357
0.789536
0.215105
1.25739
0.60005
0.770397
0.969267
1.21038
0.837494
1.02281
1.02277
0.518861
1.18126
0.952163
0.795725
0.775147
0.557172
0.316582
0.482746
0.884844
0.618109
0.770499
0.288665
0.619339
0.644321
0.603598
0.507521
0.933781
0.185397
0.490822
0.984801
0.944412
1.33363
0.445234
0.503342
0.0562328
0.92769
0.930645
0.798787
0.458972
0.882161
0.705428
1.30695
0.496008
1.20503
0.42757
0.653389
0.887514
1.07751
0.610169
0.308167
0.351197
0.791745
0.361068
0.5315
0.553044
0.86169
0.712507
0.733609
0.740007
0.64106
0.520919
0.5672
0.86715
0.506185
0.350067
0.534502
0.343118
0.756621
0.610205
0.594563
0.888561
1.23711
0.682239
0.585261
0.784769
0.397409
0.865213
0.3447
0.437076
0.266265
0.610958
0.754474
0.652078
0.243593
0.966333
0.817618
0.439182
0.233067
0.419707
0.408431
0.867964
0.419502
0.753093
0.637149
0.970116
0.53624
0.59639
0.791054
0.472625
0.370484
0.34494
0.899411
0.199914
0.947648
0.602004
0.362708
0.478145
0.962446
0.456578
0.242205
0.582114
0.448527
0.439331
0.944649
0.682226
1.22578
0.327253
0.796212
0.389542
0.463094
0.940884
0.658046
0.618069
1.06899
1.05756
0.951648
0.362652
0.906032
0.678396
0.234526
0.206016
0.803281
0.487623
0.468387
0.438383
1.00751
0.683516
0.575443
0.790032
1.01284
1.00118
1.17802
1.03248
0.765903
0.62474
0.288411
1.25538
0.959192
0.457746
0.488751
1.34842
1.10781
1.17199
0.512618
0.344422
1.2537
0.701932
0.532722
0.559279
0.780481
1.10886
0.610739
1.15737
1.08739
0.251248
0.882377
0.277213
0.679607
0.6901
0.831062
0.253589
1.00044
0.163767
0.999519
0.466529
0.896735
0.407635
0.654841
0.527972
0.203935
0.261894
1.22404
0.786266
0.552482
0.839558
0.957761
0.761905
0.444078
0.913876
0.845903
0.500176
1.22836
0.783864
0.942173
1.10118
0.553006
0.981843
0.417518
1.06599
0.943172
0.470541
1.06312
0.337551
0.718521
0.579778
0.361837
0.638029
0.348927
0.5322
0.682212
0.484555
0.888507
0.288406
0.911772
0.704233
0.907033
0.815484
0.387831
0.635182
1.11893
0.953545
0.81767
1.04257
0.447114
0.610635
0.694887
0.518437
0.662074
0.927661
1.11466
1.06851
0.419923
0.863394
0.86215
0.858152
0.944745
0.635852
0.663604
0.34059
0.509369
0.365356
0.93967
0.390217
0.723886
0.474324
0.377291
1.00483
0.673206
0.311493
1.19707
0.997499
1.1888
0.72803
0.451925
0.725266
1.32781
0.804743
0.436611
0.788926
0.420423
1.06865
0.179738
0.707852
0.122729
1.06446
1.14811
0.814872
0.236553
0.717137
0.521252
0.402246
0.272298
0.291695
0.857108
0.706762
0.804215
0.829092
1.16777
0.50798
0.911447
0.609832
0.967221
0.438318
0.716698
1.30937
0.209871
0.778644
0.543502
0.530672
0.317149
0.399632
0.261502
0.0845904
0.912706
0.629587
1.14861
0.958545
0.94696
0.818914
1.14685
0.993379
0.380018
1.02583
0.505844
0.500245
1.08391
1.08829
0.775652
0.938652
1.14078
0.359148
0.357592
0.936173
0.426378
0.574894
0.501683
0.293136
0.512209
0.817548
0.98052
0.368321
0.66451
1.05767
0.433735
0.777727
0.861974
0.862477
0.490798
0.680145
0.562694
0.579736
0.171941
0.355229
0.242945
0.877016
0.610808
1.12457
0.680997
0.525271
0.626396
0.957844
0.52086
1.19518
0.376349
0.622824
0.742603
0.517435
0.263724
0.468397
0.510596
0.508812
0.687982
0.964489
0.951451
0.584075
0.956334
1.00529
1.09645
1.3507
0.708067
1.06507
0.620108
0.343471
0.566191
0.880789
0.86681
0.997114
0.762489
0.842926
0.959961
0.736158
0.401105
1.09173
0.531338
0.790266
0.624192
1.09381
1.21208
0.544237
0.820568
0.999069
0.828793
0.292545
0.0564835
0.408226
0.901215
0.680101
0.576224
0.45225
0.724675
0.283643
1.05631
0.430436
0.31293
0.744078
1.09802
0.944057
0.391522
0.738517
0.528227
0.434971
0.536217
0.773525
0.728633
0.502934
0.515982
1.07717
0.855496
1.15256
0.591834
0.676801
0.561036
0.854025
0.708971
0.36633
0.214053
0.671782
0.699561
0.533322
0.468049
0.767268
0.33482
0.346122
0.796294
1.12855
1.04509
0.912929
0.224478
0.426762
0.952859
0.841592
0.800768
0.539465
0.761201
0.505103
0.663069
0.870472
0.363357
1.04384
0.407059
0.532374
0.853343
