0.348523
0.508252
0.572678
0.126827
0.88555
0.561968
0.344765
0.466943
0.845331
0.617875
0.816405
0.471969
0.311158
0.469059
1.03012
0.460824
0.510613
0.330662
0.469651
0.706584
0.350508
0.60442
0.632447
0.241717
0.999529
0.574031
0.319817
0.637038
0.492911
0.528629
0.512843
0.827989
0.745793
0.432927
0.968296
0.807012
0.695897
0.734996
0.567188
0.662235
0.879292
0.277831
0.481004
0.594003
0.907245
0.864184
1.01328
0.717124
0.700375
0.465431
0.0942296
1.29069
0.716379
0.8016
0.552995
0.6934
1.07376
1.12157
0.842182
0.89317
0.27212
0.283955
0.390366
0.578104
0.284117
0.571523
0.584725
0.454232
0.458506
0.837773
0.849633
0.776053
0.346746
0.770072
0.641582
0.654513
1.16122
0.391998
0.443669
0.810246
0.806901
0.471794
0.550883
0.574799
0.525986
0.582648
0.450622
0.900208
0.150413
0.746736
0.744511
0.597115
0.839545
0.878286
0.429957
0.648993
0.740519
0.404395
0.42968
0.397684
0.721084
0.60393
0.441048
1.02323
0.958303
0.920451
0.450678
0.346504
0.419753
0.511367
0.794607
0.678053
0.749243
0.506103
0.759055
0.416758
0.354725
0.866585
0.454534
0.487389
0.759245
0.611727
0.271937
0.934704
0.416234
0.458376
0.878667
0.451126
0.537638
0.373546
0.377965
1.08776
0.854158
0.717936
0.574837
0.732515
0.362172
0.786131
0.388372
0.884927
1.1205
0.452119
0.529783
0.455851
0.531473
0.729595
0.356477
0.492223
0.383953
0.381249
1.08292
0.31299
0.540214
0.444657
1.15381
0.702219
1.05177
0.539175
0.677917
0.371539
0.568175
0.426704
0.283214
0.255231
0.851927
0.966941
1.13101
0.244823
0.856128
0.642187
0.402589
0.729531
0.705331
0.55968
0.42847
0.421546
1.04146
0.538043
0.464482
0.457758
0.603973
0.671475
0.699003
0.796749
0.517489
0.619791
0.656113
0.752778
0.315748
0.304484
0.0449926
0.639204
0.641236
0.575653
0.767954
0.858751
0.144906
0.498331
0.151638
1.25512
1.09564
0.546582
0.534217
0.749807
0.526781
0.517757
0.379313
0.402826
0.28999
0.680624
0.270311
0.255386
0.918948
0.93873
0.505856
0.432978
0.304188
0.485615
0.350458
0.626323
0.702596
0.480145
0.78413
0.670702
1.19042
0.655501
0.990955
0.72215
0.675255
0.33499
1.02068
0.976641
0.433991
0.810389
0.598642
0.780914
0.512584
1.01833
1.07622
0.470373
0.67034
0.321138
0.206591
0.360103
0.53574
0.312615
0.583874
0.546871
1.54459
0.779893
0.529157
1.43836
0.362928
0.325254
0.857636
0.447827
0.375405
0.664634
0.662983
0.499802
0.563435
0.157023
0.22885
0.745699
0.656719
1.16557
0.228512
0.979525
0.553238
1.10042
1.19497
0.591703
0.417374
0.600543
0.673157
0.583951
0.386938
0.306092
0.508013
0.904346
0.349443
1.3725
0.743327
0.682138
0.771547
0.460937
0.433962
0.777341
0.854213
0.569444
0.861882
0.726287
0.345076
0.457611
1.01503
0.465131
0.607096
0.573523
0.318077
1.0286
0.932378
0.510891
0.614591
0.371017
0.863217
0.257046
0.593302
0.46473
0.42698
0.500251
0.684455
0.217488
0.961747
0.705328
0.711551
0.60876
0.76377
0.7469
0.787923
0.399322
0.718784
0.922099
0.337144
0.612965
0.437478
1.26407
0.970757
0.677429
1.06924
0.6824
1.02396
0.675415
0.458313
0.311185
0.700781
0.572867
0.395762
0.54632
0.544023
0.736418
0.669784
0.363772
1.04576
0.408957
0.58786
0.473336
0.717168
0.745504
0.486138
1.03293
0.475572
0.396093
0.263691
0.609179
0.884605
0.619999
0.350541
0.645474
0.553274
0.66324
1.02353
0.594705
0.665021
0.251509
0.31454
0.303016
0.761844
0.760928
0.488648
0.764799
0.702764
1.06202
0.272416
0.446891
0.675806
1.30183
0.639821
0.644401
0.377537
0.476709
0.58086
0.755995
0.323474
0.0490784
0.712683
0.311239
0.749481
0.298757
0.389435
1.00011
0.384253
0.111675
0.282119
0.212717
0.25014
0.709769
0.459359
0.531688
0.628094
0.570842
0.413368
0.307318
0.348553
0.448063
0.814333
0.337668
0.759295
1.02249
0.529367
0.367687
1.06122
0.75336
0.490755
0.647634
0.310942
0.279471
0.561983
0.512408
0.579547
0.716396
0.955388
0.522654
0.528116
0.382182
0.71627
0.410067
0.388647
0.202649
0.409793
0.625687
0.237863
0.734143
0.646718
0.661864
0.369725
0.958571
0.398345
0.276009
0.278299
0.448806
0.440884
0.397443
0.547811
0.578402
0.83472
0.448657
0.445545
0.86222
0.995863
0.623693
0.748329
1.0231
0.476721
0.843562
0.559079
0.823377
0.53989
0.538194
0.713731
0.429252
0.763264
0.631185
0.720617
0.227272
0.831569
0.220132
1.13923
0.614534
0.729025
0.408623
0.40663
1.02883
0.550857
0.816152
0.575346
0.792656
0.406677
1.1701
0.404078
0.386766
0.61034
0.688208
0.442748
0.530488
0.785172
0.596189
0.657106
0.894178
0.209831
0.660439
0.986651
0.331743
0.303106
0.332673
0.767167
0.530792
0.31596
0.401692
0.277005
0.662318
0.403566
0.72125
0.409292
0.536412
0.425658
0.619004
0.548475
0.854936
0.499089
0.929555
0.605693
0.603973
0.488222
0.638431
0.403205
0.40758
0.763709
0.734312
1.12814
0.378695
0.455702
0.587872
0.325079
0.330311
1.0269
0.61741
0.495408
0.594815
0.734415
0.995738
0.844374
0.769258
0.662974
0.485851
0.460458
0.649842
0.92675
0.579496
0.971692
0.180251
0.491257
0.359192
0.441467
0.19821
0.336375
0.645475
0.689563
0.795543
0.659306
0.618029
0.394701
0.780792
0.904491
0.472734
0.48779
0.702317
0.669049
0.642367
0.691335
0.4089
0.594773
0.199017
0.308086
0.282632
0.359776
0.572755
0.912344
0.865698
0.245545
1.07358
0.448123
0.413159
0.669776
1.14246
1.02257
0.709901
0.229658
0.195757
1.24178
0.671409
0.586455
0.727985
0.33233
0.381253
0.814819
0.781855
0.643508
0.526535
0.319076
0.503487
0.442019
0.375274
0.916259
0.950788
0.357647
0.483824
0.527562
0.849796
0.55319
0.128469
0.612949
1.07316
0.479089
1.17342
0.514682
0.413749
0.476659
0.627254
0.768479
0.563756
1.11488
0.716011
0.82249
0.324625
0.675356
0.181629
0.672055
0.782952
0.684665
0.995255
0.74183
0.608145
0.186378
0.519851
0.516493
0.47739
0.844635
0.524014
0.562726
0.359174
0.656939
0.304936
1.04309
0.290522
0.189102
0.48111
0.511439
0.12165
1.07656
0.8284
0.795532
0.341922
0.741279
0.530813
0.544005
0.246937
0.646144
0.97872
0.586816
1.22646
0.181014
0.591554
0.631673
0.311333
0.21211
0.959933
0.120324
0.962122
0.320363
0.318824
1.00914
0.481638
0.9907
0.182679
0.642742
0.49249
1.191
1.02372
1.10752
0.478291
0.464922
0.455943
0.645018
0.852017
1.03707
0.599612
0.543168
0.299653
0.844625
0.581166
0.538908
0.989979
0.512836
0.672465
0.643871
0.594573
0.746333
0.638588
1.01022
0.530412
0.501438
0.286226
0.759874
0.246504
1.30564
1.09482
0.5715
0.582899
0.177077
0.985311
0.490401
0.369788
0.776815
0.43741
0.417806
0.754024
0.742105
0.514931
0.801287
0.411015
0.928021
0.507909
0.432374
0.895371
0.41593
0.628102
0.797737
0.883981
0.493769
0.889776
1.02409
0.23864
0.615423
0.726207
0.275356
0.659754
0.566538
0.688055
0.882875
0.478253
0.842446
0.385898
0.834318
0.89036
0.729225
1.17734
0.895339
0.604902
0.589602
0.476802
0.584978
0.388266
1.20713
0.831336
0.259637
0.699392
0.780729
0.708093
0.424241
0.39253
0.600402
0.763428
0.99499
0.396174
0.25659
0.335367
1.13142
0.774762
0.538109
0.663492
0.786717
0.455528
0.434757
0.285158
0.210971
0.446968
0.473062
0.200555
0.591839
0.202114
0.47913
0.789745
1.18632
0.43072
0.603359
0.240375
0.442367
0.939163
0.977266
0.997482
0.289655
0.624066
0.490125
0.791754
0.618355
0.699267
0.415429
0.364598
0.951491
0.563827
0.631651
1.03025
0.730922
0.354924
0.409985
0.246686
0.542203
1.04222
0.879872
1.05835
0.656944
0.309755
0.414459
0.856447
0.888418
0.36437
0.643431
1.08061
0.908773
0.227933
0.753101
0.552813
0.707923
0.446885
0.748154
0.633419
0.584347
0.264031
0.368444
0.469937
0.932002
0.734642
0.403496
0.430122
0.914346
0.653258
0.471008
0.369786
0.668392
0.511829
0.340155
0.582565
0.56156
0.573967
0.607518
0.331211
0.514134
0.366372
1.24165
0.550091
0.706108
0.296567
0.401408
0.59427
1.18554
0.333847
0.350232
1.14961
0.625158
0.439383
0.754943
0.530623
0.575826
0.249805
0.748698
0.610139
0.387143
0.592536
0.950757
0.67417
0.395823
0.450595
0.47742
0.715537
0.935226
0.456105
0.802512
0.469283
0.804802
0.797385
0.567694
0.625241
0.298472
0.650088
0.660478
0.577165
0.744916
0.774344
0.850188
1.27383
0.696067
0.584519
0.625181
1.07433
0.339123
0.651001
0.367748
1.10501
0.49415
0.545017
0.459591
0.429317
0.637497
0.642428
0.333728
0.518072
0.427102
0.675067
1.24845
0.667423
0.563539
0.436217
0.687285
0.46563
0.640628
0.647216
0.108135
0.174256
0.888534
0.849251
0.509975
0.558744
0.402195
0.584677
0.967323
0.447694
0.270771
0.422783
0.913597
0.475447
0.273349
0.616158
0.17784
0.829271
0.479118
0.827865
0.375596
0.597836
0.448789
0.658843
0.959163
1.03201
0.447934
0.93925
0.539493
0.639214
0.731337
0.872207
0.456708
0.766221
0.632717
0.810286
0.720349
0.132423
1.13821
0.678214
0.374686
0.471663
0.596098
0.69891
0.741043
1.03279
0.573262
1.03002
0.638183
0.501822
0.522247
0.293685
0.732861
0.319291
0.767052
0.574254
0.277175
0.507788
0.795772
0.456046
0.253887
0.758932
0.340703
0.523703
0.399822
0.751606
0.88802
0.415071
0.627429
0.377731
0.40418
0.594381
0.689384
0.375698
0.367625
0.574438
1.03074
0.635318
0.339226
0.9568
0.87253
0.214206
0.476379
0.272668
0.756061
0.993073
0.375659
0.440328
0.69801
0.674962
1.13969
0.394875
0.297882
1.19162
0.444436
0.768205
0.952515
0.986923
0.972028
0.367335
0.961684
0.415295
0.554034
0.208371
0.379003
1.02935
0.322828
0.197143
0.384912
0.487615
0.55202
0.318461
0.871964
0.422057
1.06834
0.755732
0.344923
0.32313
0.771596
0.672458
0.600194
0.646404
0.331578
0.405446
0.285033
0.783712
0.468673
0.334476
0.867969
0.762703
0.505941
0.979029
0.382163
0.309374
1.03088
0.459677
0.721108
0.719189
0.690558
0.893862
0.48752
0.772789
0.907252
0.6293
0.497188
0.487353
0.230631
0.467048
0.724662
0.878879
0.82215
0.350233
0.849765
0.691559
0.401648
0.804651
0.639637
0.409273
0.277407
0.281186
0.403987
0.907894
0.934552
0.538197
0.836291
0.46438
0.505955
0.513678
0.569447
0.515489
0.442699
0.313469
0.343838
0.66459
0.61266
0.782124
1.10092
0.391553
0.662445
0.394017
0.833222
0.170411
1.00858
1.08733
0.732596
0.920162
0.926595
0.623145
0.455025
0.644954
0.274416
0.435215
0.355539
0.429176
0.850945
0.217696
0.479618
0.524817
0.721131
0.594741
0.521921
0.743896
0.613397
0.265297
0.507855
0.828579
0.799752
0.775623
0.437759
0.308705
0.326063
0.525223
0.50172
0.360347
0.367041
0.556434
0.503549
0.701682
0.345437
0.709237
0.653408
0.131808
0.426228
0.450346
0.288931
0.856445
0.919933
0.865184
0.608357
0.257924
0.651542
0.396852
0.566559
0.663748
0.185211
0.441222
0.672619
0.597057
1.08905
0.798541
0.137736
0.467993
0.561091
0.297279
0.259053
0.462885
0.599017
0.820076
0.502535
0.525499
0.663844
0.978742
0.467849
1.04597
1.04594
0.592536
0.940641
0.378456
0.55704
0.970667
0.6021
0.556117
0.529296
0.40866
0.85688
0.317376
0.629405
0.731799
0.41025
0.885565
1.09776
0.734072
0.661656
0.568828
0.172413
0.654659
0.519702
1.14694
0.577192
1.11581
0.428834
0.452921
0.426547
0.656442
0.684722
0.624834
0.270293
1.07973
0.583188
0.34005
1.00469
0.375749
0.564743
0.834171
0.550411
0.68191
0.975187
0.321461
0.514014
0.461845
0.933392
0.587394
0.834044
0.754403
0.685375
0.859889
0.451824
1.1801
0.666218
0.658597
0.614509
0.437394
0.7589
1.19619
0.856912
1.11878
0.69251
0.375009
0.330114
0.896681
0.542248
0.444727
0.574856
0.920693
0.521583
0.917913
0.588161
0.927056
0.71095
0.568854
0.619387
0.504271
0.270026
0.541464
1.0477
1.07871
0.50086
0.70651
0.368407
0.398592
0.524688
0.507468
0.411532
0.112421
0.540469
0.135489
0.52567
0.324883
0.592295
1.08073
0.667699
0.438977
0.515791
0.257675
0.752286
0.495444
0.909148
1.07632
0.604068
0.592416
0.566347
0.871881
0.649159
1.17263
0.655131
0.570069
0.141128
0.922402
0.329059
0.623978
0.92379
1.02242
0.382586
0.690048
0.623761
0.573676
0.689835
0.379492
0.753033
0.82314
0.200035
0.261505
0.974846
0.699128
1.07816
0.339423
0.420727
0.410786
0.624815
0.610952
0.737578
0.434405
0.407502
0.62397
0.663476
0.473191
0.360702
0.440977
0.449656
0.130519
0.506086
0.941154
0.586563
0.611548
0.0987544
1.11641
0.484798
1.14754
0.862313
0.43302
0.39922
0.405109
0.840251
0.850904
0.050749
0.272746
0.679221
0.597411
1.06758
0.920072
0.718527
1.27546
0.740822
1.08039
0.601636
0.830496
0.674115
0.840499
0.518348
0.393346
1.21082
0.179935
0.290071
0.189383
0.924986
0.643457
0.519935
0.795316
0.83384
0.41243
0.339379
0.518076
0.701966
0.766277
0.704192
0.189964
0.269702
0.638419
0.543592
0.508515
0.5566
1.0389
0.542789
0.326184
0.676392
0.688418
0.522376
0.434952
0.578886
0.267843
1.00131
0.377599
0.585748
0.682819
0.646674
0.868493
0.93737
0.957156
0.877398
0.626854
0.42461
0.764561
0.441496
0.577837
0.639241
0.247758
0.47121
0.306216
0.557613
0.6004
0.450459
0.29791
0.910492
0.399386
0.464615
0.880407
0.296096
0.712845
0.194513
0.687584
0.917904
0.464438
0.367825
0.891221
0.786137
0.903675
0.458633
0.632432
0.872193
0.53164
0.376206
0.346539
0.56986
0.607917
0.524131
0.37331
0.774132
0.585185
0.937597
0.505594
0.414207
0.501321
0.652492
0.808116
0.919176
0.483629
0.532602
0.742298
0.67442
0.370664
0.686737
0.642397
0.992569
0.667409
0.545179
0.457742
0.411221
0.694044
0.362955
0.412294
0.401187
0.682213
0.510129
0.529899
0.540441
1.0316
0.806942
0.8432
0.739662
0.386772
0.525511
0.416257
0.635036
0.430986
0.253359
0.573635
0.386178
0.585158
0.262665
0.607683
0.649898
0.517545
1.28091
0.356497
0.749678
0.520658
0.320206
0.40792
0.758175
1.14133
0.501377
0.474705
0.459135
0.236378
0.3096
0.580481
0.309118
0.303981
0.575278
0.603567
0.557997
0.770587
0.248616
1.35344
0.380544
0.502214
0.38677
0.302085
0.701816
0.414502
0.772994
0.390384
0.843793
0.74726
0.650966
1.20258
0.822506
0.133232
0.77279
0.843966
0.36874
0.523666
0.655018
0.322549
0.542114
1.01086
0.619913
1.07135
0.38522
0.181762
1.00859
0.454907
0.386259
0.921653
0.505526
1.02763
0.526777
0.552203
0.711042
0.605909
0.361451
0.432995
0.978577
1.13396
0.704928
0.976432
0.768134
0.53119
0.581876
0.764067
0.485472
0.3289
0.49589
0.763998
0.368959
0.555446
0.856472
0.29485
0.905342
0.681955
0.537106
0.497292
0.308146
0.195672
0.416236
0.529599
1.12948
0.102238
1.04934
0.754871
0.80277
0.481144
0.227623
0.784185
0.688518
0.564134
0.265154
0.584878
0.351445
0.876528
0.649695
0.394186
0.491978
0.483906
0.479014
0.598566
0.690323
0.267472
0.913444
1.23632
0.49622
0.543731
0.487342
0.292233
0.419814
0.895436
0.415001
0.325152
0.495683
0.709319
0.831546
0.489989
0.631353
0.364581
0.804761
0.436975
0.182063
0.691312
0.602452
0.416695
0.252221
0.404127
0.654791
0.342122
0.387632
0.812985
0.224582
0.231879
0.602925
0.419222
0.458401
0.395345
0.629646
0.29103
0.438588
0.679916
0.869904
0.850564
0.32074
0.577933
0.716195
0.630853
0.251182
0.769006
0.499285
0.685203
0.49952
0.584548
0.294907
1.12928
1.1579
0.601333
0.737273
0.865908
0.332945
0.629487
0.758597
1.0934
1.23749
1.29945
0.625736
0.831692
0.271473
0.493733
0.758207
1.15885
0.946678
0.964838
0.664873
0.557526
0.412047
0.484011
0.529817
0.419316
0.937847
0.362828
0.69981
1.00109
0.851925
0.757255
0.736822
0.846592
0.541613
0.539144
0.431889
0.359629
0.378587
0.391679
0.356857
0.226799
0.895944
0.667517
0.187931
0.256732
0.654799
0.973753
0.542473
0.541803
0.539721
0.341854
0.5303
0.426146
0.587053
0.558023
0.638883
0.481884
0.944463
0.864493
0.339795
0.556361
0.627932
0.593937
0.523663
0.22778
0.29001
0.852318
0.589713
0.346713
0.44303
0.59584
0.324095
0.815891
0.536617
0.288196
0.50244
0.437911
0.404104
0.370734
0.887685
0.815198
0.542053
0.981331
0.868684
0.493699
0.668526
0.775528
0.910115
0.57537
0.557659
0.166282
0.172047
0.277548
0.455528
0.425011
0.744378
0.825701
0.808126
0.124819
0.857126
0.215679
0.642693
0.559001
0.945371
0.693132
0.782246
1.15953
0.738283
0.512874
0.817574
1.05432
0.366842
0.203183
0.201118
0.528439
0.466662
0.983946
0.669517
0.380831
0.335541
0.388088
0.498395
0.206155
1.22022
0.529701
0.35433
0.901483
0.541798
0.402681
0.82838
0.226659
0.0980003
0.896294
0.638745
0.757974
0.985843
0.570387
0.383805
0.642139
0.360429
0.163659
0.66449
0.693366
0.233004
0.547982
0.556452
0.1813
0.375978
0.668378
0.574023
0.543072
0.610473
0.776845
0.723457
0.892764
0.735216
0.75478
0.774528
0.463638
0.507419
0.766887
0.961106
0.508115
0.692191
0.327185
0.369462
0.318503
0.500037
0.101115
0.648727
0.477251
1.06012
0.56258
0.768565
1.09565
1.10335
0.741505
0.290552
0.299905
0.791999
0.740341
0.53093
0.307585
0.586329
0.454085
0.684951
0.378214
0.71048
0.526849
0.480392
0.881408
0.417153
0.756733
0.647119
0.57764
0.432207
0.465911
0.351719
0.762868
0.687551
0.292121
1.02701
0.394325
0.623461
0.509944
0.29562
0.678411
0.561418
0.444306
0.526224
0.287035
0.442163
0.828345
0.602274
0.655391
1.21155
0.535187
0.941579
0.521816
0.12605
0.458624
0.168757
0.544205
0.497014
0.742125
0.567627
0.750455
0.631532
1.0788
0.51581
0.460378
0.726849
0.577689
0.791839
1.10044
0.734525
0.272101
0.643001
0.505139
1.26728
0.769353
0.329772
0.383479
0.495154
0.500247
0.726742
0.677576
0.606897
1.16441
0.679701
0.541979
0.229719
0.554848
0.486709
0.520528
0.571841
0.319301
0.569937
1.37116
0.781575
0.642253
0.546375
1.08885
0.700979
0.567231
0.472074
0.502483
0.313432
0.52829
0.656382
0.954293
0.492694
0.252765
0.688825
0.354369
1.13279
0.918032
0.426362
0.264843
0.684207
0.689
0.476231
0.897025
0.482329
0.529853
0.331337
0.701367
0.435951
0.717542
0.336255
0.78791
0.394478
0.536122
0.281872
0.467537
0.577155
0.76909
0.290404
0.410286
0.403565
0.625127
0.411325
0.382963
0.688176
0.968158
0.575569
0.490481
0.389049
0.364883
0.963239
0.488783
0.637832
0.415948
0.511633
0.494583
0.848661
1.46839
0.960043
0.644668
0.938992
0.843176
0.502654
0.684293
0.735938
0.418126
1.42585
0.814223
0.407978
0.685937
0.688199
0.849289
0.318965
0.286412
0.891864
0.881397
0.924749
0.851394
0.522537
0.626847
0.45027
0.563206
0.331059
1.00978
1.22784
0.565784
0.343211
0.485692
0.245189
0.731659
1.07561
0.427856
0.617321
0.711231
0.15674
0.600027
1.18036
0.564758
0.448539
0.691957
0.689566
0.541589
0.851722
0.847775
0.876844
0.396196
0.452776
0.399226
0.559903
0.433807
0.641991
0.655114
0.635955
0.414506
0.215565
0.904972
0.482756
1.0664
0.625565
0.374652
0.356991
0.956
0.323061
0.954254
0.248096
1.02139
0.612127
0.346612
0.591038
0.635731
0.433345
0.725655
0.534247
0.568999
0.651139
0.736793
0.638187
0.466727
0.420195
0.245948
0.669373
0.473609
0.357273
0.58452
0.790813
0.6332
0.475411
0.875181
0.221185
0.600472
0.765033
0.143212
0.344173
0.767857
0.563359
0.760104
0.717452
0.470651
0.812261
0.639407
1.1793
0.794805
0.462954
0.584125
0.587979
0.588209
0.775624
0.420392
0.50745
1.32373
0.74439
0.390342
0.484741
0.594392
0.52008
1.03759
1.0201
0.770554
0.806843
0.0655706
0.478439
0.846999
0.993217
1.29728
0.664386
0.898144
1.25442
0.929471
0.268548
1.03149
0.856373
0.387372
0.821118
0.57766
0.48191
0.824228
0.545319
0.222674
0.385608
0.531107
0.977391
0.40603
0.621805
0.307272
0.702817
0.683493
0.413891
0.445402
0.792149
0.836261
0.585057
0.418723
0.717938
1.15357
0.578975
0.752185
0.731102
0.314715
1.15989
0.509147
0.360776
1.00344
0.567524
0.936329
0.337088
0.707447
0.564204
0.713939
0.702828
0.787655
0.476914
0.443183
0.546186
1.18012
1.10575
0.108568
0.473159
0.367835
0.555569
0.177233
0.961235
0.738991
0.514571
0.624674
0.718491
0.917998
0.676098
0.56601
0.308282
0.649281
0.27919
0.748211
0.511017
0.451973
1.17256
0.394681
0.459297
0.544136
0.689866
0.921245
0.993028
0.344837
0.57936
0.863467
0.814305
0.430904
0.97629
0.726439
0.14882
0.677468
0.51815
0.799196
0.45353
0.275565
0.842102
0.528689
0.633624
0.579128
0.636538
0.448191
0.189188
0.503705
0.71446
0.361937
0.535885
0.605099
0.788107
0.576187
0.462019
1.23997
0.455223
0.545951
0.515811
0.631596
0.579095
0.512277
1.09235
0.665058
1.17276
0.638994
0.403759
0.409275
0.456104
0.463141
1.19486
0.991327
0.704528
0.965801
0.409966
0.309283
0.509597
0.457894
0.550324
0.801568
0.473692
1.05828
0.444231
0.575519
0.401999
0.250935
0.327486
0.533597
0.683479
0.49126
0.57098
0.618444
0.603528
0.870843
1.01028
1.19136
0.586545
0.433534
0.572677
0.459845
0.625051
0.772999
0.621185
0.542231
0.489351
0.410969
0.292184
0.770228
0.74575
0.497584
0.654507
0.145899
0.580377
0.539922
0.868463
0.255122
0.836377
0.643179
0.142571
0.145838
0.422264
0.495445
0.591779
0.847647
0.523711
1.03794
0.414989
0.987031
0.86935
0.969456
0.210177
0.534622
0.512144
0.407256
0.493584
0.607839
0.628339
0.519189
0.284684
0.476874
1.15443
0.532011
0.518532
0.593895
0.409638
0.879082
0.44322
0.496133
0.56447
0.404938
0.515324
0.896298
0.951929
0.467878
0.653724
0.762845
0.55713
0.238108
0.81235
0.661686
0.656503
0.295551
0.98282
0.531874
0.628795
0.527671
0.571608
0.602174
0.7167
0.512626
0.893834
0.514798
0.906699
0.650918
0.451053
0.516815
0.578092
0.322072
0.305835
0.814494
0.337169
0.987739
0.40961
0.554959
0.880461
0.963525
0.665275
0.640016
0.816007
0.240822
0.420629
0.413082
0.495679
0.461014
1.01235
0.613239
0.658463
0.628042
0.736673
0.313984
0.130828
0.698672
0.444759
0.355616
0.437779
0.83438
0.826299
0.202836
0.783338
0.627027
0.669287
0.535773
0.226776
0.470622
0.584553
0.294598
0.662032
0.447503
0.810151
1.00469
0.153926
0.722905
0.831259
0.278064
0.807188
0.318922
0.414915
0.552388
0.304647
0.551813
0.44155
0.865884
0.461768
0.582425
0.317986
0.271764
0.654921
0.490786
1.2473
0.467135
0.538
0.791186
0.925236
0.175882
0.987094
0.801304
0.66504
0.83221
0.901913
0.665747
0.563303
0.489162
0.471765
0.397761
0.463759
0.996709
1.12933
0.459952
0.881854
0.473459
0.496162
1.02747
0.701289
0.538914
0.70754
0.681748
0.84663
0.937224
0.510178
0.857747
0.736635
1.02163
0.583531
0.222601
0.430699
0.682349
0.5491
0.645305
0.972983
0.285826
1.23102
0.762658
0.668031
0.269156
0.762042
0.400882
0.538534
0.328291
0.599677
0.541653
0.610633
0.344228
0.458462
0.328438
0.394652
0.536396
0.286957
0.780105
0.632505
0.534487
0.505384
0.672113
0.685094
0.833175
0.495694
0.602964
0.498203
0.871586
0.550111
0.782338
0.505814
0.760997
0.709327
0.8667
0.500524
0.825412
0.525385
0.468758
0.510967
0.842813
0.455062
0.618762
0.38146
1.12148
0.419599
0.533848
0.400881
0.590833
0.448911
0.992456
0.787626
0.720562
0.488073
0.421754
0.298152
0.506202
0.739443
0.579361
1.02003
0.625944
0.856048
0.429182
1.01462
0.261481
0.43734
0.281684
0.577981
0.295105
0.559835
0.415441
0.347472
0.47115
0.523975
0.736965
0.829826
1.00933
0.83726
0.585393
0.649088
0.578675
0.988615
0.867965
0.320497
0.371648
0.369992
0.242459
0.825865
0.399049
0.318142
0.431725
0.494083
0.563366
0.874312
0.706341
0.516619
0.922674
0.576988
0.910655
0.70346
1.09881
0.709055
1.11681
0.948738
0.664639
0.472445
0.555857
0.716927
0.56659
0.636706
0.607327
0.951475
0.670034
0.435967
0.63009
0.56108
0.468244
0.485639
0.618208
0.84628
0.276244
0.786424
0.711796
1.15757
0.446932
0.451756
0.512092
0.975024
0.167164
0.659467
0.447894
0.413854
0.669302
0.757991
0.408832
0.620922
0.425233
1.00518
0.416643
0.23805
0.730429
0.335628
0.60954
0.753569
0.751515
0.824051
0.242987
0.730628
0.34387
1.01591
0.43175
0.737177
1.01668
0.620374
0.664151
0.344129
0.306363
0.863332
0.665697
0.678069
0.521884
0.949372
0.663849
0.769146
0.431387
0.883192
0.642264
0.361198
0.779224
1.17166
0.710802
0.537212
0.980435
0.51939
0.547871
0.790116
0.644803
0.220823
0.835277
0.606087
0.975639
0.695357
0.636594
0.571235
0.603245
0.355915
0.519338
0.472458
0.668706
0.247891
0.689794
0.574081
0.482311
0.259941
0.913406
0.81248
0.806253
0.469916
0.884358
0.527195
0.837328
0.502445
0.446136
0.438927
0.929184
0.496767
0.123382
0.313623
1.00641
0.468655
0.937082
0.812288
0.703009
0.689432
0.655852
0.410172
0.496629
0.673424
0.785542
0.789427
0.425623
0.630635
0.316243
0.580618
0.311621
0.293709
0.707391
0.42316
0.636784
0.246054
0.705466
0.483233
0.543689
1.12387
0.518291
0.64409
0.880149
0.415009
0.792841
0.549486
0.469084
0.527637
0.404817
0.488817
0.524843
0.475777
0.897534
0.56597
0.463611
0.769409
0.337869
0.53932
0.45036
0.646671
0.516876
0.849747
0.209964
0.510475
0.659651
0.668983
0.573632
0.468072
0.422077
0.837351
0.882486
0.723876
0.67775
0.500926
0.624979
0.550146
0.772968
0.338642
0.345859
0.469423
0.471097
0.920318
0.352015
0.794746
0.776346
0.481635
0.590198
0.4471
1.15146
0.605466
0.245926
0.53269
0.339794
0.465874
0.531321
0.988305
0.517775
0.506414
0.304127
0.794817
0.486828
0.393812
0.639295
0.488449
0.543017
0.206875
0.601054
0.461375
0.402286
0.37071
0.266899
0.518404
0.522975
0.535315
0.487133
0.787815
0.771767
0.566661
0.492211
0.233864
0.477211
0.225225
0.864203
0.609797
0.622438
0.525767
0.619781
0.77206
0.0993543
0.619393
0.950911
0.886673
0.782458
0.221648
0.455251
0.214688
0.213658
0.909072
0.351538
0.306945
0.521249
0.682103
0.754142
0.795742
0.577694
0.978953
0.578882
0.526516
0.719005
1.04773
0.905979
0.712827
0.684205
0.685558
0.487195
0.790728
0.778489
0.711114
0.9922
0.32836
0.629607
0.335696
0.810364
0.678006
0.443277
0.776386
0.774613
0.835283
0.635553
0.331293
0.330914
0.636421
0.507624
0.577297
0.963176
0.788202
0.26677
0.35353
0.432023
0.104647
0.418095
0.884796
0.948342
0.732299
0.715413
0.666533
0.340394
0.758096
1.03902
0.785221
0.21607
0.607337
0.187997
0.601987
1.03348
0.540484
0.315532
0.54455
1.02314
1.33037
0.771713
0.593452
0.540965
0.606581
0.519853
1.03322
0.314862
0.85907
0.69388
0.486475
0.467817
0.589702
1.04584
0.297607
0.535335
0.899596
0.605321
0.745146
0.483541
0.507104
0.66178
0.282686
0.608366
1.09843
0.511367
0.486037
0.239276
0.994347
0.902635
0.371737
0.896151
0.968819
0.43101
0.620418
0.495811
0.271343
0.374771
0.713274
0.667411
0.568792
0.262894
0.440362
0.935251
0.734603
0.593832
0.740682
0.545267
0.551803
0.744865
0.595809
0.665607
0.69156
0.774617
0.468885
0.655547
0.738241
0.504355
0.629736
0.702843
0.525704
0.56093
0.50315
0.662891
0.849193
0.817364
0.643503
0.803285
0.595195
0.356856
0.568536
0.89353
0.840245
0.543454
0.408404
1.19953
0.476095
0.15911
0.704993
0.966972
0.820852
0.417337
0.939239
0.226103
0.441407
0.737109
0.743035
0.76264
0.59652
0.518107
1.25871
0.825262
0.443959
0.723263
0.676864
0.878841
0.745178
0.85211
0.313933
0.704157
0.645203
0.499875
0.565203
0.712248
1.05417
0.268934
0.437094
0.713929
0.684893
0.882096
0.732089
0.372131
1.23472
0.648876
0.45841
0.457001
0.817212
0.633036
0.57449
0.391196
0.719134
0.411155
0.431112
0.352583
0.761409
0.371422
0.631593
0.420303
0.444021
0.611851
0.219856
0.709363
0.563826
0.648697
0.101948
0.41105
0.938193
1.20126
0.989033
1.19453
0.747955
0.90519
0.465431
0.873698
0.727353
0.425265
0.606797
0.456595
1.04285
0.56592
1.28975
0.5724
0.742533
0.791135
1.16803
0.643965
0.562427
0.526803
0.354525
0.638896
0.747821
0.598435
0.66685
0.953654
0.394191
0.758951
0.700865
0.28936
0.771123
0.622062
0.0827534
0.556371
0.544739
0.643861
0.655326
0.54082
0.845919
0.334795
0.514172
1.09885
0.848021
0.691361
0.862558
0.569341
0.436304
0.379369
0.802297
0.738095
1.02513
0.756993
0.56333
0.457449
0.468871
0.719649
0.985941
0.652441
0.744375
0.436039
0.659563
0.403486
0.464247
0.278443
0.76937
0.46384
0.562666
1.08997
0.409129
0.502276
0.620232
0.522144
1.10571
1.06955
0.629485
0.62675
0.464536
0.884297
0.932365
0.259861
0.679521
0.964068
0.838148
0.588431
0.654581
0.284601
0.403016
1.09527
0.738183
0.632975
0.62405
0.803223
0.783063
0.831885
0.485266
0.81513
0.471031
0.954032
0.273144
0.765556
0.71725
0.542281
0.337163
0.995671
0.745165
0.760385
0.672159
0.232876
1.12732
0.634586
0.882105
0.640074
0.597041
0.640709
0.355889
0.158389
0.329575
0.630505
0.459897
0.585124
0.703636
0.468208
0.390827
0.263807
0.444467
0.755844
0.529152
0.465702
0.899994
0.406719
0.414289
0.559328
0.465705
0.392083
0.801217
0.434715
0.324665
0.542904
0.19766
0.350537
0.490528
0.770479
0.569779
0.735335
0.470879
