0.62135
1.0864
1.20799
0.758385
0.501638
0.565396
0.337039
0.483155
1.27949
0.534055
0.773067
0.364783
0.849615
0.625275
0.568582
0.537649
0.984742
0.56021
0.351977
0.277039
0.287993
0.487432
0.646562
0.226872
0.469533
0.645087
0.848156
0.308022
0.778908
0.65129
0.774442
0.403544
0.68618
0.893734
0.641302
0.719247
0.570518
0.797594
0.551293
0.445102
0.340596
0.829251
0.280895
0.805164
0.889618
0.502561
0.644192
0.41488
0.804226
0.568788
0.634557
0.90265
0.724703
0.335
0.767613
0.788799
0.359321
0.1564
0.77858
0.0580358
1.06899
1.06737
0.817501
0.725956
1.11337
0.781935
0.734869
1.09575
0.608507
0.543084
0.565216
0.51298
0.534218
1.19994
0.567852
0.594292
0.964038
0.614273
0.862637
0.908605
0.694694
0.573191
0.507242
0.429083
0.526334
0.578095
0.478792
0.490752
0.495887
0.224602
0.467996
0.301185
0.836124
1.03126
0.387393
0.529558
0.478798
1.43551
0.620385
0.534602
0.669144
0.637314
0.453181
0.821336
0.557562
0.568423
0.739833
0.479222
0.502102
0.417293
0.759862
0.51911
0.353935
0.472715
0.880743
0.710696
0.304845
0.471866
0.787341
1.18862
0.213738
1.12686
0.576054
0.735269
0.787596
0.366749
0.807681
0.575886
1.22171
0.434477
0.456607
1.03562
0.630718
0.28556
0.282781
0.37766
0.384871
0.866941
0.810277
1.00917
0.302438
0.54583
0.587177
0.722282
0.361286
0.604747
0.798952
0.63224
0.338556
0.618358
0.63501
0.583035
1.13741
0.607317
0.668165
0.555888
0.653615
0.721941
0.229866
0.514629
0.725858
0.199602
0.507753
0.739721
0.297935
0.530605
0.407839
0.465503
0.441962
0.429352
0.387433
0.905057
0.20231
0.580328
0.808135
0.810977
1.14586
0.436716
0.791269
0.701324
0.950451
0.524461
0.313525
0.536287
0.509183
0.619741
0.924127
0.592881
0.370142
0.767975
0.88793
0.712673
0.67683
0.967302
1.00796
0.633688
0.566704
0.927918
0.310377
0.79131
0.29202
0.544417
0.700596
0.910848
0.821777
1.31293
0.725885
0.426766
0.562048
0.649022
0.539327
0.40813
0.365411
0.575857
0.669892
0.603566
0.659807
0.458647
0.55747
0.614285
0.575254
0.884571
0.734572
0.42762
0.564821
0.463433
0.702789
0.596465
0.486838
0.480997
0.268038
0.547623
0.561255
0.424131
0.894079
0.399486
0.453594
0.636184
1.15057
0.537303
0.340868
0.346451
0.784888
1.09973
0.531793
0.657767
0.631207
0.387376
0.887603
0.591527
1.07608
0.893286
0.786379
1.14116
0.64054
0.483062
0.348983
0.463163
0.728029
0.821075
0.999856
0.500428
0.538915
0.684796
0.489805
0.454795
0.397301
0.562579
0.931208
0.531362
0.396652
0.488855
0.313201
0.311221
0.505771
1.03465
1.00944
0.445636
0.453417
0.370949
0.897696
0.487295
0.416975
0.984513
0.361488
0.433159
0.498785
1.02558
0.724773
0.581195
0.841989
0.581144
0.610649
0.939265
0.135451
0.719184
0.812434
0.484973
0.496401
0.790015
0.705139
0.6589
0.719083
0.386972
0.582515
0.36851
0.440934
0.394253
1.06148
0.360223
0.236516
0.599633
0.250675
1.03946
1.0075
0.73344
0.776664
0.681729
0.646544
0.639133
0.42094
0.479239
0.453956
0.557677
0.684093
0.310515
1.28465
0.242699
0.743929
0.365093
0.616827
0.434297
0.961967
1.22438
0.449819
0.548307
0.849409
0.249722
0.67182
0.771607
0.815929
0.438976
0.793031
1.24652
0.721139
0.675456
0.436982
0.881832
0.50623
0.848167
0.249772
0.838361
0.629866
0.430722
1.01444
1.21836
0.419556
0.651903
0.59961
0.526695
0.611842
0.478694
0.977925
0.291062
0.684114
0.642347
0.470294
0.811447
1.05279
0.464526
0.468473
0.471655
0.987388
0.363444
0.178182
0.24619
0.656125
0.324592
0.805797
0.812329
0.523133
0.759717
0.68287
0.585408
1.09448
0.546414
0.523729
0.49398
0.597113
0.466786
0.260674
0.427889
0.552023
0.468846
0.225277
0.35988
0.200715
0.31061
0.772314
0.775921
0.545008
0.744431
0.533382
0.5616
0.82765
0.555622
0.427673
0.521214
0.582437
0.831694
1.03838
0.654639
0.313162
0.422675
0.141002
0.593248
0.587698
0.431221
0.672184
0.749958
0.57011
0.517563
0.381878
0.637562
0.505839
0.94968
0.694094
0.457859
0.347844
0.134912
0.499838
0.332674
0.344924
0.947369
0.361218
1.19291
0.373956
0.59429
0.33582
0.902002
0.392038
0.393887
0.889746
0.757707
0.771243
0.451297
0.749325
0.567283
0.407616
0.266629
0.711495
0.698273
0.475225
0.557722
1.21748
0.589888
0.439581
1.28194
0.693495
0.374772
0.270207
0.347291
0.0959296
0.557154
0.33167
0.422664
0.388434
0.52174
0.739442
0.413223
0.259351
1.31828
0.645476
0.799931
0.545398
0.421346
0.565028
0.477195
0.490041
0.967494
0.533969
0.280711
0.602257
0.498267
0.633125
0.600024
0.449442
0.496541
0.484938
0.670253
0.611784
0.664665
0.550341
0.602718
0.210359
0.695007
0.769012
0.82548
0.618177
0.737067
0.661374
0.199801
0.81789
0.246138
0.515968
0.414492
0.325232
0.610704
0.467639
0.729831
0.684765
0.380812
0.757909
0.662449
0.815606
0.534354
0.278543
0.766322
0.297084
0.754127
0.384993
0.813336
0.576041
0.673395
0.817371
1.20704
0.585677
0.803126
0.475549
0.65549
0.723823
0.712456
0.499876
0.67169
0.320534
0.745376
1.03942
0.915064
0.325705
0.801192
0.41309
0.223133
0.579464
0.88807
0.687009
0.454159
0.260463
0.516444
1.11877
0.545241
0.507021
0.407291
0.604151
0.876235
0.603811
0.75107
0.826653
0.201991
0.410088
0.837473
0.806859
0.76
1.02707
0.649109
0.54604
0.763357
0.459401
1.10337
1.0269
0.345039
0.546326
0.678272
0.299154
0.514833
0.858642
0.536708
0.621575
0.235199
0.404389
0.183528
0.566773
0.59826
0.238669
0.545522
0.223231
0.495012
0.491714
0.318793
0.345862
0.392782
0.574476
0.575719
0.67517
0.53202
0.273232
0.292503
0.731726
0.835492
0.511553
0.706022
0.67717
0.577236
0.814089
0.629831
0.643177
0.477854
1.09797
0.743763
0.526293
1.24232
0.698692
0.521763
0.429715
0.409292
0.968893
0.822736
1.1155
1.02737
0.802557
0.224747
0.591531
1.04012
0.871658
0.355956
0.872467
0.668911
0.810465
0.859703
0.597502
0.505302
0.806407
0.342793
0.249409
1.12159
0.744683
0.276039
0.228852
0.446703
0.590414
0.546306
0.388487
0.354746
0.927017
0.835302
1.04696
0.931235
0.691427
0.568723
0.819112
0.471017
0.251388
0.431289
0.442261
0.700139
0.737175
0.37539
0.249274
0.725753
0.714718
0.426243
0.9659
1.08573
0.922311
0.459767
0.279704
0.705706
1.04039
0.34351
0.438328
0.404526
0.476562
0.597697
0.80582
0.429961
0.806584
0.467563
0.580292
1.06878
0.712184
0.536807
0.471657
0.934132
0.498929
0.582189
1.03495
0.717989
0.439628
0.42862
1.04915
0.378466
0.792672
0.223167
0.463183
0.422973
0.651121
0.351032
0.648842
0.363751
0.428765
0.559742
0.63615
0.650563
0.967171
0.939205
0.402013
0.359893
0.621272
0.282425
0.97356
0.799431
0.827925
0.97673
0.43393
0.649559
0.47133
0.563299
0.78321
1.07652
0.38611
1.20252
0.770695
0.652906
0.550162
0.500616
0.471543
0.180674
0.459196
0.85886
0.288547
0.451733
0.672187
0.324844
0.697933
0.692124
0.7641
0.588739
0.285768
0.849104
0.657894
0.528178
0.330587
1.09437
0.380484
0.853719
0.548954
0.203784
0.791283
0.183107
0.729644
0.452857
0.925682
0.802214
0.441633
0.166
0.446208
0.92639
0.888501
0.568929
0.488694
0.116498
0.847067
0.769319
0.481881
0.46152
0.581151
0.447586
0.658401
0.603881
0.60634
0.765043
0.450277
0.594106
0.891064
0.377947
1.01852
0.564553
0.31434
0.605613
0.800246
0.528
0.45355
0.468907
0.171251
0.530926
0.399795
0.492497
0.398925
0.644528
0.493581
1.15882
0.523046
0.321251
1.17103
0.997381
0.677768
0.712299
0.540121
1.205
0.698485
0.605682
0.628228
0.754319
1.30717
0.401919
0.423994
0.598456
0.931681
0.476016
0.696636
1.2612
0.826679
0.592906
0.901078
0.631362
0.631234
0.584338
0.403607
0.940995
1.08542
0.758594
0.678983
0.644363
0.914
0.722432
0.56154
0.536205
0.439613
0.737799
1.02614
0.327647
0.402696
0.517133
0.457314
0.644202
0.567651
0.37881
0.394219
0.516544
1.25395
0.396071
0.410061
0.590456
0.49038
0.779569
0.234222
0.798928
0.674927
0.541296
0.450351
0.440384
0.439461
0.762487
0.440061
0.520594
0.462642
0.437402
0.768628
0.830184
0.383018
0.683738
0.448452
0.959101
0.16642
0.318941
1.23317
1.23638
0.846271
0.289895
0.647123
0.659494
0.822696
0.397356
0.826821
0.378645
1.39546
0.463889
0.705828
0.619366
0.414948
0.733511
0.959701
0.360157
0.658443
0.659339
1.17192
0.819463
0.810116
0.679927
0.696388
1.14759
0.397711
0.618431
0.65798
0.616993
1.26167
0.848088
0.583019
0.529383
0.482937
0.744859
0.407579
0.370166
0.601173
0.910306
0.616769
0.669733
0.28591
0.550003
0.514411
0.696001
0.550339
0.624409
0.45854
1.22615
0.883673
0.419295
0.437912
0.471114
0.539688
0.526716
0.536292
1.26202
0.566852
0.374387
0.54219
0.699683
0.086158
0.876146
0.676162
0.883065
0.482649
0.599812
0.483174
0.758867
0.561808
0.864097
0.400679
0.736287
0.80245
1.27311
0.604468
0.529621
0.340383
0.690501
0.488207
0.317005
0.542901
0.696863
0.301083
0.550644
0.37443
0.433897
0.693743
0.445888
0.223403
1.33475
0.82542
0.729757
0.773295
0.684771
0.357299
0.601516
0.916661
0.507017
0.830007
0.648517
0.473647
0.714343
0.50011
0.591619
1.12318
0.367898
0.461091
0.385958
0.5106
1.12152
0.469503
0.524752
0.491373
0.664971
0.200725
0.413509
0.248921
0.616329
0.842414
0.481503
0.343993
0.547144
0.614265
0.539184
0.548934
0.598189
0.202472
1.00233
0.564451
0.788602
0.328322
0.513538
0.989308
0.609035
0.654633
0.48032
0.394798
0.165208
0.419476
0.312903
0.851743
0.510129
0.486743
0.572716
0.116459
0.610281
0.288373
0.590546
1.23061
1.00645
0.333552
0.69033
0.983541
0.393343
0.474205
0.630056
1.00289
0.301002
0.644366
0.634349
0.618877
0.599465
0.360084
0.54083
0.505959
0.491779
0.749677
0.679193
0.639385
0.233392
0.644263
0.9287
0.272594
0.847771
0.947699
0.629261
0.313258
0.476142
1.24881
0.592684
0.424461
0.824177
0.679325
0.545442
0.4277
0.626084
0.786795
0.542066
0.596933
0.839997
0.682232
0.811534
0.516864
0.41168
0.668999
0.212772
0.718579
0.881577
0.638793
0.695386
0.404134
0.59499
0.498614
1.4684
0.526586
0.572308
0.826996
1.18957
0.566448
0.390917
0.958527
0.663839
0.800268
0.42081
0.538666
0.662066
0.966133
0.630973
0.270678
0.33944
0.710055
0.76096
0.475166
0.288388
0.345032
0.549599
0.951946
0.345043
0.778139
0.404029
0.202663
0.644914
0.509363
0.398581
0.217264
0.864116
0.688918
0.230073
0.849286
0.528605
0.769859
0.309593
0.669345
0.338151
0.410442
0.557597
0.616775
0.594948
0.545058
0.541771
0.536339
0.5978
0.550276
0.352769
0.398619
0.971009
0.487699
0.383986
1.05045
0.948358
0.186377
0.600243
0.868818
0.179166
0.875718
0.627467
0.628245
0.695288
0.283088
0.590176
0.202934
1.03818
0.863593
1.21543
0.22607
0.362411
0.443297
0.264721
0.41119
0.489933
0.571131
0.900969
0.444031
0.608252
0.517166
0.729459
0.7048
0.783598
0.281625
0.201334
0.971221
0.595392
0.660232
0.593202
0.474089
0.3311
0.638247
0.432388
0.641241
0.678358
0.452268
0.51042
0.661369
0.810953
0.442749
0.71967
0.448482
0.841476
0.50107
0.198377
1.03212
0.527865
0.565378
0.338367
0.947274
0.832736
0.287931
0.561104
0.833222
0.608375
0.81688
0.448252
0.606689
0.836779
0.495862
0.498116
0.407397
0.529182
0.480938
0.831258
0.618656
1.20717
0.557597
0.676839
0.445974
0.781831
0.577027
0.410354
0.378915
0.369287
0.922247
0.484592
0.548007
0.414765
0.354618
0.771695
0.619335
0.788848
0.553327
0.585839
0.803061
0.22798
0.757157
0.827439
0.267977
0.238389
1.27703
1.14253
0.600293
0.557947
0.299274
0.720278
0.736269
0.393525
0.40831
0.699998
0.178565
0.889532
0.789909
1.01709
0.332558
0.505885
0.710773
0.640703
0.366117
0.816828
0.634471
0.33281
1.11173
0.758041
0.950976
0.539598
1.17398
0.533855
0.761117
0.553611
0.470852
0.494704
0.852963
1.01838
0.233787
0.401049
0.294029
0.787568
0.917164
0.594501
0.66551
0.793875
0.784047
0.494163
0.481041
0.240237
0.331215
0.494347
0.906815
0.558737
0.475236
0.501358
0.454841
0.537645
1.10293
0.63707
1.22582
0.508481
0.165136
1.0213
0.713643
0.702364
0.570239
0.53527
0.679884
0.522889
0.599984
0.545388
0.596947
0.390916
0.405043
0.202112
0.964303
0.607042
0.317498
0.803516
0.747688
0.575879
0.381075
0.516869
0.817253
0.286349
0.417663
0.593068
1.20138
0.327619
0.908391
0.658031
0.494333
0.945677
0.167683
0.73809
0.478038
0.511064
0.766847
0.446767
0.554139
0.516589
0.215817
0.348447
0.332182
0.420268
0.843538
0.434743
0.760899
1.06195
0.475697
0.51934
0.489391
0.445361
0.714084
0.90037
1.20893
0.791855
0.461345
0.277027
0.336427
1.15211
0.499446
0.58958
0.310094
0.83226
0.480537
1.00477
0.94004
0.395037
0.378664
0.315492
0.569906
0.659445
0.388066
0.37744
0.850825
0.826222
0.963886
0.123448
0.767184
0.397665
0.723523
0.384403
0.574757
1.1823
0.528911
0.52807
0.381262
0.671443
0.277455
0.826606
0.767945
0.655313
1.11097
0.784182
0.45987
0.900995
0.159557
0.567502
0.395468
0.75645
0.526602
0.416016
0.395125
0.346938
0.491122
0.226366
0.50801
0.91188
0.795011
0.506933
0.909429
0.285984
0.742568
0.795163
0.627353
0.285697
0.885372
0.925081
0.965759
1.13562
0.912397
0.722051
0.695501
0.536328
0.750536
0.422157
0.261918
0.605851
1.11218
0.38517
0.493176
0.508259
0.251777
0.991354
0.409428
0.898618
0.344709
1.02291
0.338048
0.40623
0.952447
0.745316
0.518358
0.346561
0.589073
0.580032
0.985395
0.439622
1.07371
0.0560995
0.377669
0.40064
1.38431
0.703245
0.279971
0.564155
0.642485
0.232392
0.82934
0.653604
0.137689
0.519628
1.01148
0.308093
0.504634
0.329947
0.856827
0.588069
0.986398
0.886592
0.367469
0.96513
0.410829
0.908446
0.870482
0.953914
0.309901
0.390012
0.337221
0.75673
0.842724
0.935216
0.68961
0.706672
0.361182
0.252557
0.56645
0.447591
0.580726
0.505956
1.04192
0.664146
0.450685
1.1792
1.11495
0.552587
0.541385
0.640491
0.61078
0.790119
0.951592
1.00048
0.578359
0.789709
0.806273
0.225675
0.470926
0.48528
0.68763
0.644692
1.14054
0.59654
0.955407
0.67039
0.343411
0.873685
0.884252
0.428373
0.464612
1.06034
0.547338
0.676566
0.439303
0.680039
0.782633
0.78736
0.25386
0.956347
0.60338
0.925311
0.519595
0.388635
0.83583
0.383987
0.894149
0.671972
0.838684
0.464366
0.532466
0.338741
0.54635
1.1955
0.673941
0.608483
0.473798
0.884311
0.360857
0.955223
0.510296
0.850112
0.692714
0.941233
0.774182
0.481857
0.447009
0.271003
0.644445
0.40504
0.362937
0.886587
0.67878
0.744799
0.685637
0.405226
0.48887
0.348109
0.334305
0.752039
0.399989
0.29716
0.388314
0.595763
0.950752
0.920234
1.01197
1.07196
0.885267
0.632012
0.198426
0.467526
0.721267
0.984955
0.640152
0.680489
0.50714
0.447137
0.567316
0.654489
0.716555
0.47176
0.887145
0.738391
0.452959
1.15125
0.490219
0.133312
1.09082
0.706438
0.585485
0.406579
1.27766
0.830124
0.385223
0.434702
0.585364
0.391737
0.724998
0.41895
0.512026
0.777383
1.01784
0.66781
0.734585
0.22664
0.561524
0.614025
0.589919
0.340296
0.671445
1.24628
0.281575
0.180511
0.76057
0.995266
0.655771
0.847541
0.502823
0.331512
0.235448
0.429527
0.437525
0.463121
0.421551
0.707847
0.833782
0.660846
0.457303
1.05899
0.541275
0.226132
0.403246
0.681482
0.723846
0.642692
0.381989
0.735767
0.889203
0.941082
0.33262
0.437296
0.89622
0.644084
0.931332
0.390942
0.477617
0.600119
0.48613
0.851167
0.656279
0.931673
0.811184
0.380088
0.915008
0.448317
0.614895
0.266098
0.371922
0.550919
0.402834
0.531309
0.580426
0.391384
0.978059
0.87961
0.828961
0.715169
0.614147
0.491645
0.881889
0.494725
0.59336
0.571141
0.692269
0.935835
0.669535
0.518625
0.466314
0.523607
1.05558
0.77372
0.655351
0.851015
0.234377
0.593118
0.333397
0.650005
0.389967
0.956286
0.447697
0.658532
0.188412
0.420962
0.938044
0.773611
0.167095
0.630381
0.321402
0.664386
0.467936
0.606287
0.159052
0.528194
0.495284
0.407901
0.511874
0.602456
0.797902
0.506587
0.455502
0.468943
0.96941
0.182824
0.427487
0.725813
0.577644
0.287482
0.67851
0.749131
0.917807
0.4095
0.596416
0.479035
0.355694
0.426712
0.310759
0.526012
0.627663
0.443318
0.740751
0.567855
0.429866
0.846416
0.515391
0.379173
0.354638
0.64414
0.603598
0.646483
0.877794
0.512373
0.422311
0.481649
1.1823
0.625353
0.625356
0.859801
0.465763
0.209071
0.558258
0.774144
0.284038
0.309123
0.515863
0.689773
0.452271
0.424557
0.535539
0.5354
0.652072
0.762846
1.00889
0.651565
0.621093
0.882259
0.202257
0.616553
0.571788
0.0962147
0.353415
0.484318
0.201937
1.23243
0.719111
0.5284
0.557924
0.356991
0.852169
0.614475
0.544183
0.522722
0.420279
0.862417
0.558555
0.772394
0.560292
0.711998
0.56791
0.242465
0.637049
0.613868
0.663672
0.400293
0.365447
0.384661
0.732074
0.517406
0.960886
0.449483
0.340759
0.291803
0.386827
0.593058
0.568085
0.774681
0.324261
0.282163
0.736283
0.323127
0.107385
0.807886
0.338652
0.416936
0.733878
0.374875
0.723193
0.608605
0.564896
0.378121
1.21636
0.935574
0.814002
0.596057
0.681656
0.579283
0.510025
0.434137
0.696471
0.953655
0.100446
0.491229
0.291126
0.389974
0.497652
0.193642
0.386357
0.528575
0.622744
0.574051
1.20975
0.960257
0.298708
0.626273
0.721737
0.941644
0.40455
0.500268
0.440942
0.629854
0.403777
0.61195
0.725092
0.598239
0.546738
0.307921
0.950682
0.535886
0.152014
0.409083
0.446041
0.432065
0.574148
0.328853
0.66831
0.729787
0.794197
0.42735
0.266233
0.520278
0.695654
0.461624
0.853599
0.78733
0.281476
0.76701
0.394412
0.743906
0.840152
0.753786
0.875507
0.481463
1.00849
0.254234
0.617454
0.886574
0.542605
0.507226
0.101786
0.628367
0.482865
0.633831
0.550488
0.807564
0.639306
0.655445
0.937743
0.281264
0.324239
0.780586
0.273133
0.419949
0.466734
1.05046
1.26396
0.542573
0.524985
0.951662
0.355436
1.21666
0.422501
0.293991
1.0085
0.708729
0.656511
0.877367
0.676494
0.641054
0.763144
0.831202
0.515567
0.424546
0.654018
0.668483
0.628041
0.60738
0.382487
0.779142
0.757274
0.313773
0.327437
0.627818
0.451484
0.922021
0.831446
0.543283
0.249326
0.346082
0.873968
0.84619
0.940657
0.380426
0.498101
0.975513
0.845846
0.472666
0.245567
0.380389
0.502113
0.452725
0.569671
0.687946
0.750936
1.20703
0.427078
0.74957
0.392837
0.725808
0.65877
0.653126
1.16931
0.421085
0.842137
0.628477
0.255746
0.912648
0.835669
0.611085
0.49334
0.564696
0.532992
0.722671
0.4449
0.528535
0.550281
0.67676
0.440723
0.465604
0.362435
0.775827
0.846453
0.576316
0.718665
0.136165
0.815999
0.290636
0.900648
0.399273
0.314815
1.0049
0.664985
0.426513
0.316358
0.441809
0.61454
0.482356
0.780309
0.406768
0.303924
0.863146
0.403285
0.633567
0.753341
0.596624
0.631785
1.05932
0.781369
0.756927
0.621316
0.635456
0.425849
0.434466
0.787579
0.615533
0.65428
0.818555
0.494337
0.534082
0.485777
0.76304
0.393593
0.674392
0.651482
0.508474
0.340611
0.449581
0.559329
0.404436
0.890021
0.65953
0.416785
1.05542
0.639265
0.434812
0.84977
0.681938
0.473902
0.401612
0.0933934
0.403854
0.311684
0.58943
0.384563
0.509076
0.864308
0.308561
0.610811
0.588284
0.602494
0.866974
0.472371
0.482149
0.89429
0.52588
0.331294
0.505558
0.635814
0.968419
0.352603
0.482002
0.361173
0.738499
0.533709
0.366686
0.30005
0.408748
0.397643
0.520076
1.04948
0.492282
1.06151
1.25719
0.771624
1.02514
0.694754
0.449347
0.223979
0.520217
0.646356
0.563759
0.633537
0.749547
0.37002
0.472348
0.432115
0.581879
0.58671
0.178137
0.678303
0.857059
0.599993
0.577851
1.02012
0.305042
0.603816
0.637405
0.540043
0.493844
0.800551
0.352788
0.845169
0.560611
0.705154
0.657854
0.432434
0.495927
0.408406
0.272073
0.905324
0.577977
0.613114
0.433731
0.819894
1.0282
0.856156
0.755966
0.577119
0.893313
0.658844
0.433872
0.581107
0.752429
0.380181
0.677459
0.741525
0.751195
0.962881
0.910543
0.28231
0.470271
1.20713
0.377839
0.496898
0.782928
0.387862
0.827715
0.687206
0.397052
0.789355
0.767479
0.757136
0.249975
0.28833
0.655049
0.612831
0.459193
0.553581
0.488029
0.71026
0.427821
0.32309
0.626601
0.691017
0.737345
0.754641
0.881795
0.464006
0.921467
0.869731
0.502492
0.752662
0.645583
0.821815
0.825307
0.784575
0.631633
0.780382
0.590934
0.769998
0.433979
0.4816
0.660035
0.726306
0.254762
0.577823
0.555201
0.848718
0.656122
0.668506
0.660547
0.599165
0.753774
0.869911
0.776349
0.439901
1.00713
0.99303
0.697355
0.239056
0.67997
0.549953
0.200312
0.587142
0.651188
0.482837
0.415681
0.8175
0.407873
0.549297
1.11983
0.672866
0.762332
0.255508
0.422544
0.717835
0.635564
0.646564
1.03699
0.451852
0.609566
0.790627
0.397777
0.618605
0.426653
0.732712
0.341681
1.17354
0.201554
0.19991
0.880396
0.251776
0.773564
0.362698
1.00637
0.350038
0.315975
0.862074
0.532546
0.308768
0.768924
0.80614
0.447755
0.596707
0.819049
0.852868
0.864422
0.552229
0.361867
0.484563
0.46331
0.52811
0.96406
0.759392
0.477876
0.323242
0.329348
0.385075
0.77938
0.707297
0.371542
1.09282
0.135913
0.782616
0.393827
0.693806
0.604752
0.484554
0.465257
0.518725
0.977279
0.626836
0.620129
0.547356
0.500326
0.299003
0.937091
0.697404
0.484851
0.587089
0.170667
0.317006
0.827669
0.538658
0.711877
0.526366
0.746668
0.613596
1.14713
0.625073
0.435845
0.698691
1.17924
0.549482
0.222568
0.516134
0.366238
0.828365
1.1401
0.805677
0.37713
0.982356
0.709378
0.826196
0.661259
0.722591
1.1319
1.06998
0.690342
0.470723
0.434618
0.556864
0.368915
0.672152
0.558448
0.559197
0.524014
1.042
0.21523
0.413319
0.938838
0.652513
0.977609
0.415464
1.02972
0.56714
0.230563
0.361181
0.209658
0.539209
0.903462
0.460496
0.285474
0.722728
0.434053
0.735673
0.244435
1.03264
0.556005
1.21628
0.184148
0.710745
0.490812
1.05354
0.947556
0.370019
0.764309
0.0818884
0.735974
0.140999
0.487024
1.03971
0.561051
0.642129
0.649973
0.61219
1.02162
0.181925
0.294161
0.696569
0.564587
0.537843
0.72085
0.791428
0.373474
0.228572
0.337539
0.70515
0.733539
0.835389
0.912928
0.649612
0.496931
0.288478
0.595094
0.618704
1.00691
0.124688
0.478645
0.802117
0.193507
0.451177
1.07112
0.51435
0.94039
0.477808
1.25484
0.536702
0.852865
0.583083
0.689673
0.732097
0.308851
0.461972
0.752135
0.739746
0.671986
0.550713
0.397909
0.459619
0.544652
0.929668
0.455383
1.17129
0.515202
1.2215
1.03914
0.467089
0.739493
0.397858
0.114494
0.598872
0.546358
0.483325
1.07913
0.983998
0.948695
0.510156
0.892963
0.738204
0.629707
0.289297
0.297021
0.384223
0.401946
0.533329
0.479597
0.645808
0.301459
0.721071
0.446797
1.0624
0.330228
0.210521
0.728108
0.879208
0.415134
0.389059
0.505092
0.883832
0.379152
0.136954
0.811297
0.863313
0.739318
0.519712
0.344294
0.539238
0.542448
0.167202
0.255435
0.499114
0.437925
0.56603
0.910902
0.331313
0.289923
0.55098
0.635739
0.8153
0.704304
0.260881
0.410532
0.393773
0.983024
0.483827
1.20366
0.817332
0.662234
0.917497
0.801961
0.621196
0.572166
0.453639
0.208511
0.540797
0.38592
0.511811
0.338824
0.782458
0.515968
0.400919
0.481355
0.210471
0.489116
0.573762
0.886168
0.576341
0.250094
0.366183
0.463002
0.113436
0.218692
0.949802
0.376455
0.841466
0.570193
0.536694
0.572229
0.386827
0.68641
0.944184
0.573129
0.421423
0.54671
1.07714
0.57433
0.356835
0.85621
0.529898
0.666819
0.57643
0.479426
0.600163
0.834739
0.597032
0.387043
0.215629
0.604416
0.59832
0.403166
0.451176
0.516338
0.38689
0.553907
0.472136
0.626689
0.641031
0.718471
0.342201
0.682255
1.07251
1.0714
0.83885
0.271413
0.163074
0.276111
0.608725
0.25249
0.631513
0.800561
0.407426
0.33069
0.505666
0.606354
0.82134
0.607022
0.458812
0.387598
0.805601
0.783337
0.768692
0.904919
1.00306
0.418726
0.36234
0.825343
0.760814
0.293456
0.757021
0.334202
0.649641
0.586437
0.835217
0.503237
0.774622
0.632485
0.465358
0.104293
0.49965
0.335097
0.526485
1.07661
0.536441
0.564474
0.548317
0.439768
0.491256
1.02444
0.265015
0.446014
1.07935
0.616297
0.491958
0.792702
0.193669
0.618018
0.708971
0.718206
0.779575
0.504668
0.71815
0.396755
0.340071
0.49904
0.581747
0.550197
0.608826
0.42706
0.603356
0.295711
0.490305
0.366399
0.566309
0.437393
0.572671
0.34194
0.913376
1.12368
0.193461
1.25653
0.50067
0.878592
0.552325
0.770618
0.305628
0.530319
0.491324
1.06364
0.487554
0.69401
0.575762
0.787669
0.377335
0.506473
0.194049
0.404018
0.552272
0.40974
0.341488
0.53471
0.777203
0.547576
0.248816
0.415264
0.838528
0.860087
0.737303
0.514102
0.659323
0.923693
0.402499
0.281042
0.612992
0.587193
0.816794
0.284468
0.972409
0.363674
0.79541
0.928676
0.388232
0.145759
0.856218
0.221543
0.657515
0.629551
0.646136
0.79036
0.435373
0.671559
0.686125
0.428187
0.622863
0.803153
0.377667
0.71021
0.632747
0.611732
0.680042
0.327117
0.269935
0.5835
0.783849
0.471459
1.0434
0.964482
0.452932
0.633966
0.327848
0.712498
0.494652
0.643421
0.637914
0.846305
0.439726
1.11832
0.44269
0.479286
0.90894
0.569604
1.09877
0.319977
0.634451
0.555894
0.580931
0.444121
0.649238
0.965952
0.564541
0.245211
0.898661
0.734994
0.884584
0.762984
0.693637
0.820626
0.912516
0.653501
0.59773
0.992543
0.751267
0.381038
0.385511
0.848925
0.90269
0.591514
0.893962
0.687133
0.568729
0.616226
0.808741
0.626769
0.569747
0.702946
0.707936
0.71886
0.386267
1.11863
0.854805
1.22046
0.375152
0.610802
0.717241
0.62028
0.683117
0.539055
0.34626
0.588687
0.576951
0.465067
0.934831
0.908226
0.650834
0.758085
0.733375
0.513565
0.966849
0.440993
0.320473
0.870927
0.207523
0.800454
0.58757
0.535698
0.260564
0.593786
0.873904
0.731552
0.437742
0.414159
0.648773
0.482481
0.562967
0.525521
0.767882
0.48974
0.559272
0.608484
0.411694
0.954643
1.03499
0.836939
0.354865
0.770463
1.06264
0.797067
0.488734
0.665503
0.557628
1.14331
0.527774
0.309959
0.953223
0.274176
0.359141
0.242193
0.502809
1.03933
0.827567
0.239537
0.867763
0.338694
0.755464
0.908054
0.929138
0.636585
1.16858
0.544139
0.217072
0.245549
0.542097
1.00744
0.421295
0.809535
0.65845
0.436788
0.458781
0.233849
0.836899
0.766012
0.531174
0.456209
0.469068
0.853749
0.536634
0.574664
0.494501
0.451669
0.641765
0.770987
0.810039
0.861377
1.04651
0.208599
0.137167
0.794961
1.05199
0.467677
1.06923
0.865415
0.551138
0.838625
0.496281
0.873787
0.527549
0.144507
0.422437
0.45494
0.685373
0.329179
0.512219
0.197294
0.335536
0.652887
1.18265
0.294879
0.361439
0.254977
0.753949
0.69131
0.803667
1.15878
0.680751
0.917884
0.752348
0.488558
0.287799
0.422447
0.562729
0.586707
0.54116
0.912279
0.863906
0.771445
0.724639
0.31767
0.172028
0.484449
0.816449
0.493616
0.863312
0.364686
0.35326
0.434066
1.08307
1.04126
0.738447
0.434617
0.429671
1.02997
0.692801
0.453676
0.609143
0.686784
0.745574
0.550824
0.916047
0.678362
0.817934
0.428375
0.627504
0.783842
0.617826
0.34179
0.520249
0.610655
0.758354
0.345989
0.777604
0.455398
0.486237
0.853885
0.59774
0.928801
0.489138
0.81309
0.52344
0.433681
0.978874
0.415311
0.351696
0.282952
0.447398
0.886578
0.445708
1.30274
1.02869
0.8297
0.541535
0.507932
1.32656
0.439269
0.963642
0.837889
1.06341
0.535695
0.362146
0.567479
0.724097
0.388271
0.349879
0.34778
0.264401
0.752608
0.749095
