0.700693
0.316386
0.986232
0.832554
0.148359
0.301299
0.305481
0.86938
0.604188
0.238061
0.611619
0.263371
0.328038
0.595177
0.158956
0.61224
0.917156
0.724616
0.898652
0.486923
0.67401
0.936475
0.656558
1.25666
0.369059
0.89114
0.746016
1.22259
0.354053
0.828272
0.400926
0.0825465
0.30082
0.380252
0.226413
0.502294
0.520247
0.597422
0.846726
0.78112
0.524392
0.54109
0.639173
0.663261
0.60268
0.338492
0.313176
0.468918
0.551961
0.326554
0.380642
0.566183
0.490968
0.445416
0.871538
0.484448
0.529765
0.627978
0.736532
0.401872
0.554979
0.916421
0.567974
0.313927
0.669658
0.360444
0.645848
0.421331
0.749316
0.843431
0.553556
1.10157
0.604595
0.975754
0.888955
1.36737
0.581116
1.04089
0.24379
0.789615
0.485164
0.396681
0.525444
0.624626
0.880797
0.539384
0.641402
0.788813
1.09143
0.113875
0.534059
0.892454
0.450555
0.871769
0.699533
0.452356
0.667682
0.14261
0.325433
0.737691
0.915381
0.461763
0.371941
1.01139
0.418126
0.392067
0.660871
0.37937
0.55352
0.645366
0.221858
0.19817
0.90624
0.374455
0.323358
0.866748
0.572461
0.272071
0.794817
0.872866
0.793576
0.49648
0.51803
1.19876
0.577255
0.244692
0.674164
0.669685
0.748963
0.902395
0.604831
0.432804
0.483563
0.761515
0.74034
0.597345
0.704194
0.848574
0.565623
0.879071
0.455026
0.408925
0.815342
0.851739
0.491376
0.601555
0.446118
0.389726
0.646574
0.745902
0.504212
0.529502
0.864661
0.648765
0.460418
0.823434
0.457052
0.915707
0.730452
0.937802
0.394148
0.978483
0.392298
0.486233
0.426357
0.34901
0.540066
0.513814
0.866138
1.07335
0.340264
0.334927
0.894636
0.453633
0.417021
0.983198
0.542204
0.477131
0.314808
0.818007
0.491755
0.668052
0.19336
0.486478
0.285529
0.340768
0.942156
1.28388
0.766013
0.584024
0.505188
0.18449
0.528942
0.762325
0.493947
0.430479
0.594413
0.925834
0.428646
1.25477
0.555819
0.395402
0.96484
0.848987
0.440298
0.264708
0.783749
0.633232
0.70742
0.896799
0.149525
0.434236
0.872502
1.01735
0.575032
0.4783
0.661726
0.985186
0.868891
0.787096
1.03196
0.699082
0.721608
0.490085
0.705919
0.702302
0.43498
0.55457
0.299171
0.942759
0.760191
0.742551
0.507094
0.765555
0.735756
0.483468
0.959018
0.737234
1.23392
0.891066
0.875539
0.421389
0.676801
0.468792
0.832247
0.564441
0.511755
0.70946
0.332888
0.604883
0.785596
0.729656
0.511098
0.50474
0.908849
0.398773
0.5118
0.560768
0.554254
0.159275
0.508462
0.966894
0.629953
1.07976
0.687814
0.393281
0.529685
0.730936
0.658842
0.957546
0.409803
1.05114
0.708408
0.53731
0.317918
0.315393
0.718824
0.586128
0.42076
0.704786
0.383805
0.393375
0.671478
0.55698
0.672457
1.23036
1.13971
0.621288
0.38855
1.06656
0.655092
0.693227
0.689704
0.544177
0.706579
0.619474
0.63416
0.623209
0.590513
0.567717
0.425442
1.00252
1.0041
0.542252
0.187409
0.852105
0.255931
0.433721
0.485143
0.375865
1.27159
0.632593
0.588343
0.393105
0.473447
0.988292
0.498243
0.932836
0.774881
0.936189
0.366251
0.417647
0.376863
0.242578
0.706894
0.583507
0.579245
0.248736
0.192184
0.669423
0.328587
0.308709
0.725126
0.619493
0.640495
0.342104
0.859367
0.392138
0.879703
0.286988
0.677078
0.906316
0.735929
0.485883
0.712863
0.459229
0.30278
0.811353
0.725338
1.32055
0.5993
1.20704
0.671389
1.04366
0.513335
0.762431
0.78873
0.647997
0.621125
0.724175
0.595122
0.693595
0.369649
0.410329
0.478294
0.418222
0.937278
0.62606
0.601221
0.480823
0.559284
0.391932
0.853446
0.839146
0.755676
0.842269
0.316336
0.523245
0.465343
0.827609
0.698498
0.63396
0.814653
0.533192
0.561697
0.416274
1.1938
0.678014
1.24458
0.514151
1.04474
0.511178
1.21979
0.922028
0.351746
0.219444
1.01518
0.731889
0.484303
0.426394
0.727272
0.303376
0.226907
0.585457
0.733768
0.704827
0.603801
0.216294
0.479149
0.364692
0.411705
0.487785
0.825265
0.903954
0.799104
0.122334
0.303042
1.35133
0.980725
0.879128
0.654145
0.867891
0.95463
0.223068
0.581597
0.634536
0.464731
0.286053
0.410049
0.444418
0.630903
0.589045
0.769491
1.06279
0.753046
0.580578
0.507918
0.44168
0.295242
0.945647
0.51205
1.38612
0.92784
0.609862
0.51939
0.545
0.504894
0.338334
0.584213
0.546711
0.574925
0.701015
0.978529
1.00423
0.418947
0.357258
1.04557
0.468465
0.581573
0.768186
0.380288
1.00465
0.788101
0.792749
0.642325
1.05868
0.775922
0.706458
0.466981
0.839625
0.540501
0.538741
0.716421
0.264449
0.742394
0.707042
0.349048
0.210335
0.739034
0.621963
0.428174
0.965965
0.699822
0.330746
1.13536
0.836832
0.906683
0.524801
0.665715
0.448051
0.460765
1.02549
0.392429
0.138594
0.439914
0.1941
0.542552
0.346352
0.85995
0.734963
0.225844
0.350263
0.24259
0.581282
0.475673
0.70692
0.502399
0.582377
0.723655
0.553932
0.869473
1.18198
0.665314
0.299319
0.664605
0.565523
0.73797
0.488094
0.567677
0.429066
1.03446
0.562429
0.358876
0.481572
1.07243
0.463461
0.776562
0.294999
0.38435
0.569609
0.966264
0.756575
0.28152
0.644228
0.435867
0.7417
0.373475
0.742769
0.44744
0.442339
0.763516
0.337207
0.378459
0.737836
0.437525
0.652632
0.304907
0.602636
0.466297
0.687183
0.398578
1.12963
0.676148
1.01851
0.795465
0.383473
0.560111
0.362979
0.547403
0.829543
0.750171
0.53661
0.470328
0.553231
0.347339
0.239413
0.89511
0.952545
1.0102
0.83073
0.435055
0.458171
0.391514
0.245705
0.669789
0.426563
0.393433
0.506917
0.368128
0.32085
1.08203
0.840713
0.400776
0.426149
0.968598
0.299049
0.594326
0.839812
0.793991
0.394891
0.545179
0.26629
0.7388
0.472235
0.497233
0.757417
0.169861
0.751902
0.534426
0.91325
0.836529
0.568789
0.709833
0.575269
0.301607
0.885504
0.546998
0.436636
0.498254
0.237441
0.905281
0.80364
0.369521
0.671849
0.766419
0.299073
0.410274
0.500107
1.07064
1.23729
0.324787
1.32812
1.09736
0.517949
0.247523
0.687227
0.486391
0.923976
0.545866
0.334535
0.655861
1.2439
0.85385
0.620216
0.765092
0.709316
0.481403
0.479031
0.506144
0.474013
0.809001
0.688971
0.582685
0.753139
0.934473
0.324258
0.416002
0.471268
0.359105
0.897878
1.20966
0.898868
0.804386
0.606366
0.417381
0.926176
0.590593
0.494823
0.38397
0.878079
0.580124
0.687854
0.459457
0.668548
0.468208
0.686256
0.502579
0.820189
0.356911
0.469506
0.708541
0.364844
0.691325
0.493039
0.607424
0.914328
0.439443
0.347359
0.463826
0.468988
0.478195
0.611997
0.559328
0.318602
0.861228
0.504149
0.950014
0.814209
0.281115
0.795611
0.499051
1.16409
0.668678
1.21303
0.444204
0.866576
0.429155
0.328501
0.633826
0.808247
0.52975
0.684776
0.562861
0.295662
0.864749
0.389586
0.647378
0.704741
0.62653
1.17137
0.44004
1.21555
0.471919
0.270741
0.98777
0.920429
0.950601
0.786401
0.480979
0.786932
0.804771
0.420605
0.555417
0.779679
0.445501
0.255765
0.684279
0.65252
0.259436
0.503365
0.786851
1.1269
0.59012
0.392078
0.556563
1.12143
0.711278
0.819868
0.401287
0.701864
0.722016
1.00216
1.01711
0.545859
0.745399
0.501971
0.402288
0.513511
0.757976
0.800335
0.606996
0.315956
0.992399
0.416177
0.826327
0.31099
0.630375
0.925798
0.989602
0.539799
0.643776
0.591809
0.664333
0.292682
0.993819
0.888546
0.829854
0.761469
1.28081
0.281809
0.496985
0.41062
0.77258
0.49299
0.616003
0.506715
0.803095
0.32625
0.503948
0.78866
0.397659
0.470382
0.313178
0.167342
0.675244
0.536042
0.783384
0.975632
1.225
1.12208
0.589337
1.13581
0.518623
0.753784
0.588705
0.696163
0.634047
0.73856
0.568088
0.571471
0.892587
0.344986
0.240872
0.660561
0.482425
0.310181
0.842327
0.841595
0.735379
0.349141
0.556312
0.743313
0.0548614
0.593507
0.667793
0.552961
0.548921
0.859134
0.595529
0.728592
0.55278
1.01826
0.251846
0.0760683
0.733029
0.17519
0.606496
0.475832
0.988619
0.674824
0.869859
0.440538
0.838138
0.53247
0.252611
0.956686
0.421248
0.827327
0.778295
0.485869
1.2038
0.853068
0.423109
0.80449
0.23849
0.567051
0.271434
0.466723
0.565789
0.513237
0.50711
0.470186
0.948011
0.527325
0.666866
0.522305
1.12129
0.259036
0.930906
0.904107
0.602018
0.645231
0.421147
0.18791
0.805205
0.724724
0.502728
0.451455
0.988522
0.583089
1.09473
0.908517
1.02399
0.51437
0.962068
0.712013
0.335305
0.535385
0.61634
0.42816
0.519662
0.621213
1.37035
0.800814
0.365568
0.606117
0.651679
0.246503
0.930802
0.823699
0.879792
0.853452
0.205353
0.542822
0.395187
0.413575
0.610718
0.545773
0.365812
0.767757
1.14225
0.334878
0.827424
1.20254
0.540369
0.607419
1.2832
0.899913
0.991493
0.464789
0.629944
0.631701
0.543434
0.430796
0.636992
1.1204
0.784522
0.508227
0.217262
0.761517
1.20114
0.752095
0.255695
0.564553
0.284332
0.340324
0.539382
0.459828
0.493777
0.664573
0.699593
0.532762
0.563316
0.881875
1.0622
0.600192
0.445575
0.541485
0.445508
0.533099
0.554746
0.390925
0.78173
0.826246
1.02668
0.480532
0.600807
0.395607
0.505973
0.60061
0.524054
0.832414
0.331895
0.581056
0.917177
0.669139
0.425414
0.500715
0.510128
0.433909
0.853641
0.416986
0.784502
1.0967
0.85771
0.641097
0.352517
0.436764
0.200224
0.515116
0.851848
0.422037
0.316082
0.585405
0.921596
0.448899
0.158878
0.14272
0.772462
1.21594
0.855036
0.664632
0.358542
0.523365
0.62301
0.36156
0.933429
0.734484
0.580047
0.519337
0.836216
0.363004
0.468072
0.474552
0.470953
0.370077
0.712199
0.813693
0.462432
0.386371
1.11543
0.591573
0.522531
0.468678
1.21034
0.229199
0.447044
0.494556
0.609297
1.20184
0.246139
0.581098
0.465076
1.15442
0.557226
1.00297
0.847441
0.133731
0.89879
1.00092
0.550864
0.844037
0.645487
0.282908
0.564457
0.44097
0.817595
0.86543
0.714634
0.442078
0.548265
0.756394
0.416133
0.297088
0.56416
0.531698
0.737212
0.940888
0.719707
0.840564
0.389951
0.375785
0.383523
0.0966011
0.742255
0.648973
0.8776
0.866274
0.66107
0.588154
0.180538
1.08575
0.498886
0.515338
0.438396
0.236948
0.690642
0.610136
0.676151
0.679774
0.320698
0.589106
0.787824
0.778623
0.416384
0.61053
0.34656
0.437323
1.2263
0.985689
0.464397
0.446161
0.203131
0.509454
0.824755
0.446447
0.911221
0.199437
0.703888
0.702738
0.559097
0.378554
0.76296
0.548526
0.627129
0.741171
0.387344
0.682551
0.413197
0.32781
0.413083
0.19015
0.599838
0.376701
0.508354
0.150894
0.482206
1.02843
1.19341
0.685039
0.69193
0.698626
1.14351
1.11669
0.821832
0.678742
0.4835
0.322814
0.775838
0.46574
0.608166
0.565573
0.788869
0.661367
1.15759
1.2672
0.285465
1.08751
1.06735
0.477784
0.360144
0.891131
0.405057
0.54329
0.572506
0.788275
0.39012
0.558182
0.390718
0.952779
0.580666
0.80124
0.548358
0.49715
0.844315
0.403961
0.555037
0.559637
1.05575
0.315026
1.09081
0.634338
0.641029
0.73285
0.521164
0.20986
0.73443
0.48782
1.03784
0.348502
0.501068
0.49415
0.704294
0.2357
1.06502
0.870526
0.829954
0.676453
0.531079
0.883008
0.237051
0.447966
0.275429
0.684612
0.386472
0.904005
0.38553
0.407724
0.24322
0.670773
0.450656
0.500635
0.61838
0.72183
1.04
0.35987
0.411508
1.27955
0.234131
0.811895
0.82759
0.808777
0.731967
1.01402
0.738345
0.481841
0.393485
1.0022
0.48713
0.28227
0.5346
0.42528
0.815172
0.843842
1.23847
0.565988
0.89033
0.751312
1.07738
0.328271
0.787349
0.971346
0.228412
0.544447
0.443966
0.375581
1.20496
0.609761
0.850556
0.671063
0.692367
0.105841
0.752303
0.532387
0.652355
0.180196
0.877518
0.587019
0.607061
0.488735
0.618892
0.528784
0.428601
0.54744
0.41072
0.499844
0.208925
0.999892
0.977224
0.85667
0.71798
0.885311
0.486128
0.644487
0.612337
0.350015
0.66993
0.886932
0.289354
0.281588
0.146773
0.737748
0.749018
0.578398
0.401242
0.748981
0.373015
0.487381
0.84528
0.769523
0.228441
1.0024
0.421577
0.901737
0.5043
0.33803
0.843727
0.346795
0.971043
1.07793
0.560047
0.65036
0.432194
0.163866
0.359798
0.506236
0.742872
0.606356
0.287657
0.644669
0.427981
1.13495
0.548827
0.459726
0.863838
0.430751
0.219988
0.229185
0.452521
0.433438
0.601385
1.15293
0.493963
0.407456
0.520164
0.500531
0.709842
0.657874
0.863761
0.580786
0.293614
0.237435
0.758956
0.705697
1.19057
0.931584
0.717788
0.4742
0.819167
0.221025
1.36606
0.862066
0.879504
0.806099
0.327652
0.34613
1.37919
0.50014
0.396736
0.490525
0.954301
0.42339
0.290802
0.604957
0.403552
0.593582
0.373503
0.344478
0.318157
0.512892
0.804642
0.548935
0.923711
0.601177
0.151838
0.941649
0.81603
0.385192
0.341122
0.3108
0.426523
0.39573
0.91486
0.310636
0.896665
0.344653
0.454928
0.856558
0.593065
1.03304
0.649356
0.743666
0.625452
0.725182
1.07724
0.189553
0.311545
0.445522
0.798118
0.378163
0.744261
0.684397
0.38054
0.962142
0.538385
0.562499
0.754494
0.322757
0.63588
0.697654
0.270868
0.989671
0.336186
0.71273
0.354209
0.163054
0.616078
0.740797
0.588014
0.606915
0.894484
0.357288
0.591664
0.363013
0.634858
0.563065
0.472454
0.15957
1.18793
0.259489
0.535422
0.580529
0.545058
0.417491
0.37057
0.85231
0.275754
0.417611
0.839544
0.48481
1.20573
0.883533
0.515726
0.775957
1.05942
0.452946
0.780707
0.839875
1.25125
0.869117
0.708067
1.08543
0.359196
0.654164
0.433609
0.21483
0.562895
0.585628
0.536828
0.239873
0.848311
0.409527
1.06761
0.463029
0.551613
0.961902
0.637256
0.470226
0.49151
0.346074
0.808843
0.769479
1.13021
0.370002
0.314008
0.958862
0.322081
0.981475
0.792787
0.780139
0.484372
0.649777
0.684423
0.654757
0.720197
0.85842
0.644218
0.78213
1.15919
0.804468
0.977826
0.948334
0.552562
0.538039
0.419842
0.709625
0.682496
0.692466
1.1201
0.527848
0.188681
0.672329
0.498759
0.242014
0.83414
0.605317
0.573783
0.2517
0.534745
0.23725
0.813953
0.723829
0.382954
0.454634
0.586516
0.384647
0.106436
0.727744
0.652068
0.864225
0.629581
0.507929
0.895145
0.594103
0.845541
0.827101
0.9422
0.46525
0.406776
0.584531
0.443675
0.681282
1.00552
0.694732
0.200393
0.274042
0.97454
0.702124
0.776979
0.598623
0.933189
0.4207
0.561934
1.18272
0.421528
0.191424
0.510036
0.401251
0.624227
0.86503
0.663653
0.573161
0.665714
0.408281
0.418386
0.389969
0.587286
0.617995
0.209516
0.630794
0.574613
0.62104
1.0216
0.32339
0.806417
0.740426
0.631643
0.308216
0.529237
0.653562
0.559706
0.319356
0.314912
0.945765
0.928088
0.558096
0.443652
0.50068
0.924703
0.613874
0.621807
0.564927
0.821685
0.894795
0.720722
0.860801
0.0718233
0.565353
0.233627
1.00878
0.400769
0.642888
0.729019
0.578418
0.446135
0.362195
0.164474
0.590339
0.731404
0.704361
0.177704
0.442036
0.771023
0.543149
0.632757
0.372833
0.541
0.400506
0.271168
0.471256
1.01616
0.846111
0.495336
0.677029
0.372827
0.499719
0.682832
0.481116
0.503141
0.225842
0.357374
0.416329
1.02884
0.48037
1.10954
0.792032
0.783081
0.711339
0.643614
0.744349
1.03043
0.462313
0.168053
0.523221
0.371287
0.454367
0.621065
0.521657
0.148161
1.13679
0.722303
0.410173
0.381798
0.622657
0.563059
0.661969
0.652944
0.873448
0.449251
0.451732
0.475052
0.964681
0.919682
0.597807
0.871032
0.375205
0.612976
0.349181
0.686577
0.96315
0.328521
1.01582
0.91998
0.362212
0.890536
0.735868
0.600916
0.72801
0.640346
0.670609
0.45714
0.748493
0.621724
0.418506
1.07148
0.599547
0.890121
0.638043
0.274263
0.528141
0.628414
0.693626
0.751916
0.551439
0.939284
0.269631
0.241857
0.480656
0.926993
0.699274
0.413445
0.379578
0.507123
0.994957
0.551428
0.517498
0.635949
0.374467
0.643458
0.588481
0.742004
0.702915
1.4261
1.08438
0.374217
0.878189
0.990604
0.559154
0.187728
0.562425
0.53522
0.95414
0.93866
0.780098
0.409634
0.467574
0.159987
1.0086
1.3693
0.615308
0.424446
0.796001
0.705723
0.373591
0.201241
0.229909
0.382314
0.751225
0.209474
0.544057
0.529842
0.412614
0.568232
0.674128
0.654199
0.390643
0.814831
0.329414
0.803536
0.778049
0.406473
0.353801
0.598274
0.588201
0.793048
0.975733
0.340266
1.06605
0.542969
0.572266
0.515478
0.947389
0.455082
0.58422
0.252094
0.252895
0.869202
1.07707
0.586895
0.474041
0.403209
0.569936
0.535393
0.720881
0.408202
0.601982
0.362014
0.900625
0.472014
0.358444
0.103469
0.718034
0.479714
0.386405
0.622007
0.224693
0.684346
0.336297
0.443398
0.564493
0.383194
0.565231
0.945589
0.48311
0.751438
0.932373
1.29855
0.911428
0.412617
0.903746
0.333727
0.817704
0.391301
0.81947
0.759237
0.872717
0.968654
0.701823
0.747939
0.385992
0.747927
0.237726
1.07301
0.320692
0.19467
0.553727
0.714654
0.56182
0.445561
0.464699
0.597791
0.378188
0.386197
0.709835
0.342133
0.753617
1.02918
0.438872
0.334221
0.58778
0.991469
1.06696
0.857802
0.217688
0.572673
0.64374
0.0694318
0.519327
1.04626
1.00248
0.502837
0.36662
1.06639
0.661679
0.851684
0.637988
0.347324
0.662441
0.783222
0.634286
0.546719
0.529347
0.53647
0.350346
0.526004
0.716322
0.607325
1.00841
0.743985
0.345103
0.544935
0.522556
0.42901
0.735323
0.502878
0.539919
0.463361
0.857192
0.898128
0.343954
0.678221
0.635932
0.64878
0.508377
1.15632
0.477196
0.69458
0.858929
0.436546
0.337494
0.652583
0.199516
0.500291
0.446779
0.442921
1.17078
0.629968
0.530817
0.944005
0.586954
0.587523
0.635845
0.790211
0.466333
0.893755
0.759715
0.548431
0.915487
0.617734
0.486725
0.694264
0.657058
0.792182
0.677726
0.997991
0.797228
0.811431
0.713893
0.499577
0.425147
0.792926
0.495882
0.0957602
0.54644
0.36766
0.649492
0.354217
0.563409
0.310493
0.64374
0.838642
0.551353
0.667205
0.607438
0.690658
0.671531
0.810583
0.647091
0.367458
0.385998
0.260585
0.3837
0.727046
0.4601
0.340899
0.331038
0.719811
0.407988
0.536877
0.58633
0.517611
1.01704
0.945432
0.35302
0.96043
0.955405
0.570448
0.609852
0.675535
0.603313
0.548607
0.670861
0.227679
0.821098
0.435251
0.607202
0.8146
0.61959
0.246767
0.0691615
0.25934
0.38865
0.281654
0.792486
0.91836
0.569924
0.990365
0.514483
0.731839
0.697978
0.781004
0.416942
0.172383
0.96616
0.313856
0.455451
0.963738
0.747488
0.507264
1.29249
0.54025
0.540528
0.556065
1.06281
0.405198
0.905198
0.761379
0.953581
0.446078
0.548678
1.14998
0.246945
0.348739
0.388395
0.243093
0.56427
0.561564
0.929509
0.929854
0.75222
0.645045
0.84341
0.505343
0.808326
0.668579
0.280343
0.335301
1.03361
0.586903
0.602019
0.381651
0.449159
0.923111
0.491338
0.901675
0.222963
0.528747
0.743799
0.550221
1.14983
0.499406
0.580445
0.473912
0.415535
0.579282
0.883337
0.631464
0.879213
0.494418
0.639923
0.510488
1.11115
0.703769
0.979244
0.815647
0.346948
0.612407
0.314869
0.710003
0.951123
0.220432
1.06562
0.371623
0.716408
0.968392
0.580659
0.360321
0.373127
0.566821
0.850321
0.648455
0.909493
1.04864
1.00131
0.77021
0.662507
1.07461
0.276581
0.32828
1.31248
0.586567
0.0555078
1.1482
0.6658
0.473986
1.23021
0.568679
0.415785
0.189926
0.218049
0.536754
0.584443
0.394314
0.872544
0.208599
1.01011
0.427665
0.536082
0.463158
0.321218
0.165606
0.950327
0.203716
0.552714
1.16895
0.965496
0.438946
0.419955
0.250806
0.622973
0.516334
0.617917
0.653406
0.299147
0.317651
0.55274
0.920393
0.518205
0.433908
0.517675
0.311043
0.469894
1.04362
0.740945
0.386597
0.901067
0.413632
1.04887
0.251239
0.484484
0.683808
1.01318
0.380831
0.395362
0.577566
0.420737
0.601025
0.773026
0.549894
0.788637
0.402324
0.333572
0.545564
0.870381
0.417775
0.669538
0.432869
0.796555
0.364951
0.479118
0.318276
0.956594
0.721494
0.543587
0.661067
0.672843
1.04404
0.692153
0.21642
0.562162
0.540542
0.261079
1.13218
0.769772
0.521164
0.192331
0.548605
0.780094
0.642028
0.495452
0.260314
0.914907
0.650477
0.979974
0.391661
0.600415
0.661902
0.677854
0.774487
1.2358
0.921127
0.600515
0.671733
0.773384
0.502768
1.09704
0.674904
0.869548
0.265499
0.395171
0.588396
0.609626
0.814768
0.628232
0.657035
0.511889
0.501516
0.327513
1.21605
0.723352
0.753193
0.334734
0.489274
0.936776
0.667016
0.443482
0.682491
0.546039
0.61252
0.810717
0.656594
0.772841
0.571595
0.451793
0.139196
0.59105
0.776531
0.405068
0.414638
0.481764
0.797804
0.894061
0.302726
0.938079
0.75231
0.752903
0.337011
0.444583
0.272758
0.25515
0.632106
0.798614
0.540944
0.752905
0.620676
0.36228
0.507121
0.83583
0.483425
0.58739
0.327327
0.921249
0.770019
0.46621
0.339247
0.557688
0.87986
0.466609
0.694144
1.01335
0.75693
0.517285
0.738944
0.764361
0.621077
0.551661
0.676471
0.849952
0.480888
0.804706
0.617763
0.542054
0.608671
0.133741
0.62283
0.60365
0.862884
1.11338
0.995393
0.47834
0.600407
0.960515
0.65359
0.814724
0.385104
0.424573
0.912443
0.599974
0.532662
0.522998
0.559522
0.736039
0.678686
1.06708
0.797987
0.413009
0.639945
0.1937
0.720166
0.738129
0.430656
0.340948
0.69541
0.899774
1.22425
0.414153
0.463238
1.16564
0.614717
0.459887
0.82201
0.935943
0.318046
0.428894
0.403409
0.816243
0.495527
0.810871
0.609286
0.457774
0.836575
0.487974
0.611811
0.603612
0.218104
1.36717
0.530625
1.10533
0.684022
0.767278
0.329997
0.721629
0.603728
0.803311
0.569258
0.369239
0.235019
0.245821
1.01078
0.510499
0.543106
0.37622
0.668234
0.498286
0.835718
0.380819
0.616669
0.932608
0.258334
0.725554
0.426671
0.401758
0.634444
0.127394
0.263786
0.593242
0.357976
0.246799
0.973605
0.879341
0.752321
0.551773
0.458859
0.537763
0.888028
1.12519
0.755901
0.584549
1.03752
0.638972
0.90284
0.72788
0.470407
0.555448
1.48961
0.791719
0.446587
0.343778
0.314457
0.364934
0.71528
0.488416
0.396868
0.198454
0.579665
0.438093
0.868185
0.82964
1.02507
0.523396
0.862399
0.296788
1.22465
0.314168
0.271162
0.317379
0.882235
0.267806
0.635678
0.325608
0.554704
0.545409
0.518166
0.720388
1.00952
0.488111
0.410238
0.937885
0.414207
0.562341
0.350092
0.13359
0.449887
0.649152
0.462157
0.282449
0.530971
1.12317
1.16938
0.716148
0.858603
0.950745
0.96402
0.707927
0.622173
0.660955
0.698546
0.847434
1.04365
0.204365
1.04257
1.13898
0.374792
0.312666
0.837113
0.409824
0.52028
0.367481
0.74949
0.393847
0.485446
0.760615
1.07846
0.33493
0.314253
1.02544
0.460987
0.415425
1.02612
0.50486
0.230149
0.941967
0.861511
0.6292
0.270033
0.364061
1.12495
1.22548
0.286941
0.143039
0.426287
0.848542
0.535222
0.684881
0.733166
0.652227
0.324965
0.215815
0.78416
0.357429
0.262833
0.481373
0.483846
0.894999
0.599106
0.256656
1.2842
0.484377
0.303904
0.447859
0.215452
0.41761
0.171258
0.616685
0.961709
0.214526
0.244734
0.702116
0.391334
0.643125
1.0009
0.374237
0.8384
0.690862
1.20242
0.609302
0.26352
0.696426
0.854827
0.59578
0.355868
0.699454
0.636017
0.677563
0.456142
0.458924
0.639442
0.833427
0.847139
0.155204
0.435645
0.66875
0.839482
0.838099
0.575607
1.35037
1.04182
0.186951
0.502434
0.474051
0.604023
1.03503
0.384265
0.563424
0.494186
0.341734
0.45086
0.526876
0.0867684
0.480185
0.559437
1.07656
0.487444
0.730225
0.29901
0.888617
0.707039
0.60766
0.810303
0.178845
0.515078
0.250532
0.588678
0.434379
0.454548
0.992056
0.397757
0.451489
0.44518
0.492885
0.740882
0.380722
0.554829
0.560229
0.692808
0.517645
1.24143
0.747906
0.966126
0.718832
0.61758
0.575982
0.613789
0.69816
0.658803
0.672663
0.580951
0.627658
1.02997
0.999385
0.846877
0.321991
0.468055
0.484779
0.259757
0.656066
0.352454
0.235931
0.425336
0.443724
0.468866
0.784346
0.456272
0.424172
0.691429
0.461266
0.900746
0.663145
1.00785
0.884189
1.26683
0.612893
1.00758
0.604653
0.711264
0.566208
0.666205
0.539278
0.301649
0.891943
0.871621
0.491558
0.30502
0.650236
0.802237
0.861216
0.770331
0.72199
1.03477
0.477562
0.344015
0.859449
0.456268
0.754326
0.568499
1.09196
1.05699
0.518404
0.854995
0.306239
0.401873
0.633885
0.682007
0.752361
0.520024
0.40122
0.559922
0.331275
0.513086
0.74325
0.260394
1.00708
0.185859
0.482976
0.923529
0.632429
0.716198
0.525841
0.630003
0.472172
0.0913909
1.05534
1.06208
0.521762
0.432308
0.469671
0.707218
0.767512
0.756482
1.26944
0.893805
0.355783
1.28609
0.754494
0.730424
0.516285
0.516259
0.194901
1.12403
0.302594
0.853569
0.500642
0.697704
0.0962317
1.0315
1.02619
0.723635
0.589297
0.564068
0.526518
0.574891
0.289659
1.28738
0.747056
0.574365
0.383827
0.712351
0.345823
0.445823
0.254673
0.732595
0.569637
0.52861
0.490655
0.470997
0.882271
0.692396
0.478482
0.927343
0.716759
0.515048
0.610178
0.473203
0.275034
0.432844
0.50189
0.851053
0.220206
0.559412
0.516995
0.545737
0.66658
0.451584
1.10038
0.516762
1.56474
0.130217
0.248073
0.532537
0.503929
0.641814
1.01553
1.22721
0.95044
0.183211
0.973255
0.436857
0.693374
1.30474
0.407263
0.164513
0.498326
0.515651
0.737743
0.409836
0.441834
0.188201
0.263415
0.522445
0.681221
0.875702
0.816948
0.425864
0.667262
0.763906
0.239017
0.388887
0.485534
0.838707
0.70347
0.765906
0.291358
1.01752
0.754582
0.75982
0.572606
0.591837
0.711036
0.377701
0.57827
0.511178
0.457406
0.540974
0.337167
0.388369
0.703042
0.644727
1.15319
0.308586
0.711574
0.778029
0.714521
0.827064
0.508169
0.160616
0.591969
0.47239
0.296356
0.997026
0.379145
0.481791
0.907676
0.280678
0.809101
0.586451
0.967795
0.416822
1.24819
0.687884
1.08998
0.421749
0.533336
0.824242
0.864177
0.673024
0.27734
0.387526
0.909789
0.572499
1.17282
0.572145
0.933768
0.801698
0.885765
0.427373
0.649122
1.14777
0.422535
0.82549
0.578058
1.35183
0.577812
0.975214
0.406786
0.356131
0.658635
1.06899
0.282052
0.327289
0.417074
0.353894
0.462782
0.203255
0.776974
0.814118
0.459815
0.66871
0.534011
0.849274
0.730754
0.560878
1.07951
0.846081
0.733411
0.561211
0.495083
0.849944
0.182606
0.542493
0.959456
0.455549
0.277315
0.616402
1.14572
1.1625
0.954315
0.831657
1.08071
0.958981
0.321403
0.735869
0.356338
0.860285
0.428639
0.784092
0.394217
1.09864
0.453756
0.349858
0.922769
0.147962
0.667823
0.930169
0.351307
0.787839
0.878016
0.666643
0.708109
0.661418
0.546458
0.659468
0.585325
0.309976
0.739058
0.449674
0.759119
0.706233
0.737412
0.58108
0.624122
0.534628
0.306328
0.450993
0.274457
0.45656
0.58811
1.26441
1.02491
0.992641
0.590217
0.794846
0.10642
0.637139
0.646213
0.617786
0.7769
0.575377
0.205554
1.1875
0.947873
0.398596
0.758582
0.743291
1.15463
0.568714
0.553402
0.778343
0.514926
0.79058
0.555088
0.641452
0.503705
1.0515
0.161681
0.678295
0.849516
0.741956
0.234468
0.924362
0.595892
0.586822
0.91503
0.693761
0.5749
0.960616
0.679
0.415223
0.794994
0.596176
1.1018
0.40654
1.06656
0.7538
0.858438
0.651707
0.655222
0.501036
1.24282
0.94935
0.434432
0.682138
0.899938
0.586803
0.605483
0.304355
0.472829
0.740455
0.632383
0.273955
0.479972
0.406032
0.744584
0.501859
0.245354
0.514487
0.343462
0.986312
0.251091
0.460787
0.990249
0.422876
0.383057
0.949362
0.739436
1.18221
0.78001
0.945446
0.765989
0.764973
0.827561
0.436919
0.51764
0.605858
0.737503
0.664692
0.536068
0.567831
0.212188
0.701632
0.414803
0.759094
0.641532
0.622506
1.04811
0.456429
0.319247
0.666438
0.822912
0.572507
0.343262
0.367681
0.31075
0.531529
0.539338
0.581517
0.797002
0.884303
0.888911
0.801698
1.06735
0.744547
0.231496
0.466229
0.525901
0.824284
0.736169
0.551631
0.479213
0.450698
0.928398
0.425584
0.66546
0.633353
0.923187
0.385814
0.842877
0.206083
0.476414
0.468307
0.587399
0.919237
0.739002
0.360135
0.781278
0.799944
0.421714
0.470181
0.562189
0.746624
0.683663
0.384176
0.288094
0.635474
0.543868
0.435848
0.34812
0.495626
0.634335
0.446298
0.52337
0.335232
0.504853
0.37168
0.321635
1.1098
0.32445
0.477437
0.538552
1.0434
0.951225
0.344868
0.616844
0.502401
0.932088
0.832201
0.445597
0.832599
0.326338
0.432051
0.546232
0.696369
0.794952
0.610341
0.462839
0.493541
0.541017
0.82542
0.570779
0.43118
0.717178
0.46328
0.592442
0.647517
0.188143
0.225294
0.757332
0.69736
0.380929
0.710631
0.775848
0.4621
0.552593
0.503606
0.946735
0.510645
0.532334
0.20848
0.644316
1.04479
0.886622
0.599708
0.25487
0.581065
0.432601
0.625348
0.757178
0.873824
0.315356
0.427074
0.741473
0.75539
0.307874
0.555367
0.671855
0.573554
1.02954
0.57966
0.507507
0.407094
0.721872
0.988741
0.846074
0.807756
0.328671
0.658824
0.527431
0.847943
0.370666
0.486935
0.437566
0.544256
0.575424
0.298264
0.573799
0.483486
0.27928
0.817389
1.01875
0.376599
0.308975
0.970564
0.616677
0.718104
0.416959
0.691651
0.72713
0.531812
0.398475
0.239893
0.632804
0.446365
0.206114
0.516417
0.476056
0.686458
1.03186
0.886756
0.245472
0.518086
1.01416
0.689842
0.593536
0.527184
0.775107
0.252299
0.638927
0.435785
0.651482
0.563153
0.81482
0.434907
0.374412
0.566474
0.412874
0.667618
0.397719
0.495028
0.379303
0.472067
0.40742
0.407858
0.574294
0.440953
0.439513
0.559025
0.91653
0.486255
0.949764
0.497239
0.59626
0.373016
0.602482
0.14161
0.363031
0.279222
0.353839
0.749873
0.500495
0.348624
0.441395
0.391429
0.71408
0.920053
0.590424
0.777566
0.780309
0.238022
0.954235
0.901058
0.556361
0.644678
