0.315803
0.98629
0.731914
0.956707
0.845017
0.149641
0.302691
0.305361
0.86919
0.60413
0.70748
0.239517
0.612015
0.258852
0.869392
0.327104
0.593931
0.159025
0.607458
0.917127
0.721633
0.940558
1.03315
0.897444
0.485897
0.674145
0.864182
0.65716
1.25719
0.368866
0.698807
0.891016
0.746054
0.354736
0.826883
0.828388
0.397085
0.726518
0.583128
0.0807956
0.803422
0.300964
0.37742
0.734333
0.836472
0.230573
0.499804
0.519995
0.597431
0.884128
0.847691
0.770513
0.524503
0.685174
0.539693
0.639158
0.663261
0.602688
0.337771
0.60069
0.600996
0.474386
0.551323
1.07069
1.13259
0.326463
0.770828
0.380356
1.08355
0.565727
1.05949
0.44655
0.723222
0.850255
0.871715
0.941432
0.484632
0.52836
0.88364
0.631318
0.736066
0.398177
0.798345
0.555052
0.835452
0.913881
0.567833
0.312451
0.674228
0.36065
0.645598
0.422692
1.0315
0.870071
0.884848
0.844706
0.616741
0.553662
1.1015
0.604674
1.02025
0.975733
0.734047
0.888955
1.36741
0.699361
0.580796
1.04098
0.243278
0.789447
0.829563
0.485902
0.527385
0.657878
0.687142
0.624695
1.05146
0.959217
1.00803
0.855765
0.880836
0.641557
0.789573
1.09118
0.102225
1.42556
0.534028
0.75125
1.24851
0.836959
0.893302
0.450606
0.87199
0.699501
0.463204
0.141712
0.324483
0.713476
0.738437
0.926656
0.457581
1.29324
0.367177
1.01147
0.417668
0.392134
0.66109
0.795712
0.37614
0.553021
0.818281
0.595519
0.644894
0.225286
0.198069
0.904068
0.80608
0.37453
0.323743
0.61083
0.867114
0.605262
0.978887
0.571981
0.272066
0.795225
0.872281
0.858845
1.01385
0.791889
0.884769
0.496254
0.743242
1.20483
0.577946
0.981764
0.244609
0.608882
0.749903
0.432439
0.51097
0.76145
0.740564
0.598817
0.703997
0.848785
0.568558
0.603829
0.87867
1.26925
0.451165
0.409897
0.937443
0.79171
0.492223
0.600345
0.44592
0.401712
1.11213
0.647409
0.745902
0.66201
0.502565
0.532394
1.1474
0.975128
0.864549
0.646544
0.459607
0.823359
0.45799
0.926394
0.730553
0.937857
1.00619
1.04578
0.394757
0.97876
0.995618
0.392744
0.484258
0.698829
0.724688
0.426176
0.348907
0.540152
0.515899
0.818284
1.29211
0.866111
0.662235
1.0734
0.337846
0.334927
0.889702
1.1304
0.457017
0.806666
0.417806
0.983012
0.539897
0.475443
0.315509
0.819005
0.492368
0.202235
0.973381
0.951959
0.711257
0.486441
0.285699
0.340415
0.801956
0.940747
0.963343
0.904778
1.28405
0.76497
0.766052
1.04558
1.10902
0.584428
0.505208
0.893292
0.187029
1.22395
0.528572
0.761086
0.4931
0.773852
0.867775
0.70658
0.69844
0.808202
1.1655
0.430745
0.584698
0.594488
0.427428
0.554605
0.398467
0.963998
1.15797
0.686458
0.91802
0.848695
0.907313
0.43877
0.264911
0.790502
0.632928
1.01583
0.706182
0.635238
0.746332
0.896963
0.850487
0.159335
0.435811
0.873697
1.01749
0.572892
0.478445
1.22651
1.09848
0.662011
0.981486
0.722946
0.86846
0.786275
1.0319
0.698413
0.721768
0.489807
0.903224
0.705684
0.701817
0.435222
0.553989
0.299171
0.942408
0.910209
0.759708
0.743585
0.506275
0.766463
0.735589
0.796715
0.593393
0.484281
0.959412
0.737681
1.23388
0.890961
0.875752
0.89294
0.93424
0.676878
0.468036
0.832549
0.958543
0.565644
0.511517
0.709727
1.28298
0.332341
0.60199
1.04319
0.970951
0.785119
0.74487
0.712147
0.72734
0.511098
0.500095
0.908354
0.398762
0.507853
0.560371
0.532032
0.1569
0.508335
1.02334
0.628227
0.82342
0.636527
1.07976
0.681907
1.00716
0.392213
0.529762
0.730833
0.658703
0.957417
0.686728
0.762339
0.601645
0.409916
1.05061
0.707468
0.536958
1.1001
0.317896
0.656994
0.964445
0.553361
1.32757
1.02211
0.713667
0.585908
0.834006
0.652977
0.421536
1.1981
0.796028
0.703303
0.383339
1.03822
0.394191
1.05825
0.799899
0.563676
0.842309
1.06663
0.672517
0.817569
0.608472
0.781551
1.08689
1.23054
1.1397
0.621003
0.659185
0.390172
1.06658
1.09398
0.655649
1.07735
0.693286
0.554333
0.751616
0.719807
0.66121
0.541932
0.772944
0.620785
1.00038
0.634217
0.614505
0.590578
0.997723
0.567211
0.425533
0.632855
1.20741
1.0128
0.95431
0.534516
0.184359
1.32072
0.851793
0.256063
0.59487
0.433772
0.876245
0.485143
1.00426
0.823589
0.960808
0.675202
0.768193
0.765908
0.660259
0.960591
0.588343
0.582736
0.390762
0.473683
0.988292
0.498902
0.8946
0.933468
0.775991
0.936198
0.366094
0.417647
0.376841
0.718424
0.707504
0.243157
0.966535
0.712032
0.718876
1.35196
0.583946
0.580307
0.479935
0.244835
0.1912
1.29661
0.899335
1.16382
0.975543
0.668475
0.328547
0.781079
0.31032
0.724241
0.618894
0.640243
1.00265
0.337913
0.886547
0.863239
0.980575
0.392138
1.28833
0.829305
0.881081
0.287043
0.677078
1.11063
0.906427
0.737807
0.852261
0.857484
0.483877
0.9434
0.709046
0.898582
1.12883
0.459173
0.624086
0.302747
0.735679
1.05962
0.87418
0.811805
0.723894
1.32093
0.798014
0.972149
0.598577
0.671643
0.632657
1.04501
0.504691
0.760937
0.78899
0.64525
0.621728
0.791749
0.724143
0.592325
0.693209
0.369164
0.410643
0.805981
0.478122
0.420426
0.925989
0.62637
1.20727
0.809532
0.60336
0.527962
0.493028
0.831307
0.559329
0.772266
0.853446
0.688419
0.839202
0.755102
0.842605
0.313496
0.525353
0.465653
0.82698
0.699022
0.801574
0.952339
0.96781
0.628367
0.532852
0.568958
0.417015
1.19214
1.04787
0.67778
1.23467
0.514162
0.511381
1.2194
0.8191
0.921504
0.355443
0.909156
0.214138
1.01666
0.732749
0.512277
0.689267
0.424624
0.725368
0.307208
0.224814
0.585503
0.733664
0.703234
0.216294
0.754461
0.482649
0.364139
0.612554
0.410642
0.487785
1.0064
0.824802
0.902598
0.798865
0.129325
0.303555
1.35137
0.981854
0.671867
0.877208
0.654363
0.913752
0.619966
0.875372
0.867895
0.953797
0.223478
0.581044
0.766303
1.12819
0.464731
0.924427
0.888059
0.287048
0.411446
0.805251
0.821467
0.447233
0.631421
0.790619
0.588273
0.76961
1.04031
1.06265
0.758003
0.581238
0.520537
0.296005
0.511124
1.20367
0.92784
0.851653
0.607784
0.52303
0.545013
0.504894
1.28481
0.340315
0.585192
0.547837
0.664698
0.581983
1.07229
0.979844
1.00423
0.420154
0.357547
0.938934
0.943341
0.91567
1.02935
0.468153
0.931412
0.593275
0.783746
0.700714
0.63683
1.26351
0.581337
0.768349
0.379195
0.822395
1.0046
0.677671
0.788621
0.786985
0.834024
0.951254
0.558986
0.792311
0.665896
0.640182
1.05928
0.682457
0.778561
0.706297
1.14705
0.466197
0.839936
0.545484
0.538906
0.816591
0.819933
0.715423
0.264939
0.738297
0.706479
0.334643
0.207826
0.738712
0.619959
0.994121
0.423748
0.966104
0.699683
0.699071
0.320998
1.13537
0.556515
0.619976
0.835903
0.907097
0.91244
0.524386
0.66643
0.414635
0.447833
0.457995
1.02408
0.392429
1.37532
0.137552
0.892232
0.795301
0.8321
0.436073
0.194073
1.27045
0.549399
0.782688
0.34586
0.860283
0.754462
0.734215
0.2278
0.34583
0.23671
0.580552
0.475673
0.706741
1.25666
0.639186
0.500505
1.16233
0.580225
0.723729
0.553319
0.870304
0.571157
1.07685
0.7528
1.01989
1.18198
0.836992
0.664641
0.942404
0.731842
0.300477
0.66414
0.563249
0.753878
0.738453
0.85042
0.948867
0.487859
0.567902
0.310489
0.429063
1.03146
0.561015
0.358231
1.0782
1.23557
0.480377
0.461316
0.776555
0.294858
0.384185
0.56962
0.96675
0.755219
0.544171
0.964636
0.282111
0.771158
0.64573
0.437054
0.980025
0.742815
0.373425
1.27645
0.536427
0.742951
0.44742
0.9483
0.762934
0.341811
1.04531
0.378253
0.737287
0.736858
0.436648
0.839836
0.701035
0.543141
0.915369
0.603373
0.791948
0.465788
1.09318
1.00705
0.684973
0.398472
1.12969
0.676327
0.951409
1.01842
0.797713
0.383411
0.817706
0.560145
0.36397
0.989588
0.548085
0.74965
0.736455
0.535414
0.552689
0.347954
0.237091
0.905176
0.672954
0.953245
1.01405
0.830488
0.434794
1.07065
0.764265
0.391307
0.245954
0.669121
0.426908
0.805633
0.39132
1.16674
0.50661
0.207308
0.445072
0.517573
0.32085
0.841008
0.399987
0.425855
0.968801
0.29937
0.591413
0.584286
0.96504
0.592335
1.22477
0.621631
0.792434
0.395945
0.545175
0.627549
0.858325
0.975025
0.263619
0.739349
0.471885
0.496083
0.756563
0.153146
0.751341
0.534427
0.913319
0.83678
0.5698
0.711618
0.573527
0.64863
0.301857
0.626087
0.885194
0.669975
0.546423
0.736663
1.10895
0.436616
0.922786
0.499237
0.236941
0.913193
0.918891
0.804613
0.746934
0.402342
0.635708
0.715937
0.684794
0.664661
0.766716
0.287759
0.411977
1.23422
1.07128
0.730633
1.24036
0.325281
0.818894
1.32912
0.658942
1.08167
0.517949
0.247211
0.685847
0.486391
0.650417
0.763739
0.821303
0.545798
0.337422
0.655894
1.24412
0.661996
0.70876
1.22364
0.481403
0.479103
0.502648
1.02933
0.473282
0.809523
0.689103
0.804822
0.582684
0.752784
0.932194
0.764121
1.43351
0.821022
0.414382
0.471268
0.922263
0.358897
0.897732
0.799509
1.22468
1.32358
0.898888
0.802817
0.678673
0.919433
1.37475
0.606403
0.793571
0.92603
0.590559
0.495037
0.385253
0.581124
0.751137
0.9113
0.687912
0.458332
0.668768
0.468151
0.684766
0.502579
0.889338
0.413741
0.820325
0.919157
0.708618
0.363953
0.691155
0.492862
0.607358
0.77174
0.9141
0.439255
0.63485
0.349425
0.589076
0.469047
0.478162
0.611876
0.945806
0.318761
0.93674
0.860178
0.792491
0.502582
0.950081
0.814458
0.281715
0.793352
0.499045
0.689538
1.16467
0.627812
0.66728
0.86327
0.444231
0.866387
0.428296
0.328473
0.633692
0.80844
0.531444
0.685563
0.561551
0.925363
0.295359
0.865204
0.387944
0.646238
0.524262
0.571632
0.704165
1.22703
0.626895
1.17141
0.439255
1.25448
1.07046
0.472319
0.270364
0.98777
0.49925
0.954441
0.870885
0.919938
0.937475
0.786299
0.941466
0.912667
0.480694
0.787004
0.84602
0.944413
0.420642
0.55195
1.03398
0.779795
0.445568
0.253713
0.783836
0.68324
0.652406
0.256568
0.470182
0.784431
1.36999
0.575209
1.12688
0.874953
0.59012
0.556715
1.12156
0.676709
1.2901
0.718877
1.15602
0.731832
0.818571
0.736065
0.681216
0.401386
0.701305
1.09107
0.722809
1.00214
0.690149
1.01617
0.657533
0.551352
0.744456
0.502038
0.696067
0.401785
0.511935
0.757936
0.803786
0.800412
0.369412
0.775917
0.875867
0.61082
0.315233
0.992631
0.895575
0.826284
0.311004
0.565547
0.63212
0.85136
0.925729
0.989118
0.540283
1.06495
0.664826
0.630645
0.591781
0.292934
1.18773
0.830152
1.06305
0.994055
0.91553
0.82973
0.760502
1.17609
1.11402
1.28456
0.283883
0.495652
0.415061
0.659099
0.759519
1.04141
0.49516
0.615791
1.24426
0.689092
0.508705
0.803028
0.326414
1.16537
1.33599
1.00458
1.15283
0.58629
1.30066
1.12191
0.786657
0.974834
0.392907
0.968867
0.496327
0.312689
0.143276
0.675027
0.535673
0.533702
0.782271
1.132
0.975642
1.16977
1.16512
1.12173
0.587469
1.13583
0.516689
0.754033
0.589241
0.701764
1.0488
0.633216
0.930483
0.737712
0.57023
0.572721
0.892655
0.32455
1.13615
0.834752
0.237308
0.662224
0.482431
0.310807
0.842101
0.841765
0.734624
0.351616
0.556291
0.740607
0.0564887
0.524308
0.592038
0.667713
0.798368
0.562431
0.549702
0.857685
0.595556
0.724721
0.552023
1.00323
1.01831
0.938044
0.250003
0.0807833
0.909485
0.737472
0.179768
0.604812
1.17571
0.739896
0.988591
0.675212
0.863975
0.434875
0.838581
0.531172
0.255323
0.68945
0.956121
0.420024
1.20844
0.828739
0.777184
0.485926
1.23066
0.786345
0.853272
1.12606
0.421572
0.804006
0.227054
0.682633
0.565047
1.01326
0.943319
0.800972
0.279929
0.465332
0.566114
0.815417
0.513183
0.732521
1.35582
0.508288
0.716418
0.738082
0.470148
0.948358
0.649257
0.627913
0.5283
0.665303
0.521726
1.12266
0.260369
0.985067
0.927328
0.903789
0.602533
0.844547
0.645429
0.421255
0.18769
0.805975
0.933082
1.06409
0.855822
0.502728
1.06787
0.764209
0.986983
0.58956
0.874766
0.90873
1.02422
0.514047
0.962137
1.01719
0.712013
0.607945
0.515724
0.614546
0.944332
0.425322
0.519358
0.621174
1.15635
0.89299
1.36904
0.802493
0.367764
0.606121
0.8561
0.96525
0.569574
1.21282
0.790678
0.84626
0.650535
1.01881
0.244576
0.931046
0.843048
0.674979
1.05584
0.880143
1.05711
0.852848
0.887377
0.205428
0.545095
0.400247
0.891045
0.413788
0.567891
0.611304
0.54342
0.365861
1.12755
0.78077
0.78387
0.33238
1.07873
1.33856
0.827612
1.20249
0.702407
0.784822
0.540799
0.174685
0.609781
0.708723
1.13086
0.565749
1.28365
0.836196
0.893562
0.903779
0.899943
0.962046
0.46476
0.630289
0.630561
0.548686
0.430984
0.77283
0.560113
0.637037
1.11953
0.784297
1.02258
0.50824
0.221231
0.761686
0.90024
0.892593
1.20143
0.752461
0.25553
0.563979
0.285978
0.916204
0.718113
0.539749
0.459839
0.491884
0.662696
0.699385
0.532059
0.563296
0.881859
1.06225
0.854712
0.601698
0.445108
0.541127
0.801711
0.440625
0.532749
0.955513
0.757027
0.559888
0.390849
0.781471
0.911654
0.758987
0.828736
0.826522
1.02625
0.478054
0.799722
0.612553
1.00264
0.394999
0.507704
0.599757
0.765212
0.845673
0.524054
0.752004
0.713773
0.506577
0.832388
0.860892
0.332204
0.777008
0.576556
0.969069
0.917255
0.669116
0.426198
0.500953
0.599564
0.509941
0.432936
0.853692
0.416245
0.784344
1.09807
1.33637
0.857574
0.62378
0.963064
0.660411
0.640989
0.774648
0.352443
1.16981
0.440976
0.200723
0.68271
0.51251
0.851688
0.420305
0.345006
0.161282
0.140382
1.03649
0.772545
1.05474
0.681255
1.2157
0.664131
0.355626
1.30869
0.523507
0.3616
1.08241
0.734445
0.934161
0.579453
0.542251
0.775024
0.524094
0.837838
0.358286
0.467333
0.703401
0.473418
0.471826
0.365347
0.720374
0.71324
0.838986
0.813322
0.667219
1.25483
0.46158
0.999482
0.386933
0.827588
0.689602
1.03909
1.35778
0.751356
1.11532
0.813619
1.44937
0.591257
0.522294
0.468931
1.21023
0.229253
0.79914
0.445514
0.494943
1.20101
0.246274
0.580902
0.465076
1.15444
1.16882
0.985447
0.557597
0.846435
0.847975
1.36518
0.131719
0.893607
1.0003
0.55123
0.646885
0.257917
0.564102
0.441521
0.819751
0.714867
0.442068
0.548062
0.756899
0.990696
0.41585
0.296766
0.53431
0.577495
1.17038
0.996921
0.737122
0.940217
0.719404
0.840545
0.389928
0.373339
0.384229
0.950802
0.0968955
0.740928
0.647069
0.877605
0.865999
0.803086
1.22743
0.662505
0.588252
0.180667
1.08656
0.498808
0.515431
1.20556
0.437705
0.588044
0.959546
0.236166
0.621737
0.690642
0.733268
0.615101
0.67671
0.679774
1.16275
0.828571
0.322002
1.08408
0.787192
0.694704
0.733985
0.778649
0.416477
0.610637
1.01753
0.810729
0.346719
0.438779
1.00765
1.2264
0.985689
0.463029
0.818961
0.443525
0.203131
0.605583
1.15146
0.889329
0.510125
0.910506
0.822272
0.446038
0.797996
0.749594
0.909531
0.677241
0.195875
0.701947
0.723048
1.13829
0.559428
0.378708
0.760625
0.548572
0.625272
0.741214
0.73161
0.409416
0.325583
0.41193
0.190919
0.599097
0.372234
1.02304
0.7632
1.08774
0.509001
0.674817
0.150802
0.82711
1.00877
0.482759
1.02924
0.779118
1.1935
0.684756
0.696122
0.698537
1.14347
1.11653
0.82119
0.727305
0.678655
0.668543
0.74694
0.319787
0.77453
0.465889
0.735601
0.967797
0.609248
0.792729
0.558463
0.760917
0.661244
1.15827
1.26727
0.285165
1.08813
0.986526
0.718297
1.06736
0.477786
0.395252
0.591387
0.824609
1.05385
0.891082
0.404035
0.572525
0.788275
1.13998
1.16487
0.389176
0.562234
0.391089
0.572824
0.780362
0.800993
0.548179
0.49792
0.403848
0.545772
0.769026
1.06487
0.902172
0.961224
0.73742
0.315578
0.772667
1.09069
0.634337
0.634166
0.644279
0.770995
0.652492
0.517667
0.210168
1.4305
0.772921
0.855492
0.734102
0.487525
1.03817
0.348877
0.502033
0.862161
0.492648
0.970773
0.7064
0.791715
0.776637
1.06942
0.870306
0.828396
0.900057
1.28512
0.679202
0.620027
0.53106
1.23545
0.883334
1.00341
0.857514
0.238068
0.448146
0.274511
0.684601
0.387632
0.904755
0.383391
1.15944
0.407759
0.243087
0.669096
0.450669
1.0643
1.13609
1.0082
0.940315
0.500376
0.617586
0.721185
0.997776
0.845383
0.859787
0.359459
1.18399
0.411676
1.2812
0.734205
0.880923
0.234942
0.929353
0.812143
0.791778
0.827895
0.720105
0.721968
0.772379
1.16915
1.0141
0.738233
0.68469
0.393774
1.002
0.487632
0.284987
0.530536
0.426489
0.811716
0.860717
1.15614
0.890836
0.80166
0.969921
1.23968
0.986654
0.565986
0.751329
0.892375
0.752246
1.07748
0.579742
0.32832
0.786956
0.971412
1.04319
0.227365
1.17783
0.54426
0.443486
0.376096
1.3083
1.20497
0.609761
0.695815
0.952605
0.697297
0.576692
0.671636
0.176995
0.752087
0.532191
0.652291
0.183152
0.879947
0.586997
0.606595
0.884817
0.481978
0.618086
0.997858
0.428637
0.547227
0.410663
0.977806
0.8467
0.50168
0.999932
0.856743
0.399676
0.714568
0.784761
1.02221
0.579939
0.486128
0.777073
0.72124
1.24417
0.64441
0.800073
0.610804
0.349991
0.669825
1.12977
0.887919
0.288986
0.281263
0.147166
1.1269
1.18665
0.737774
0.75528
0.742321
0.408047
0.752285
0.373493
0.487402
0.836187
0.600565
0.76965
0.967621
0.226912
1.0024
0.421083
0.903318
0.779097
0.504262
0.338312
0.628222
0.842803
0.346795
0.820323
0.666689
0.840101
0.971043
1.07793
0.560613
0.650386
0.163707
0.359517
0.505553
0.973857
0.742334
0.605519
0.287744
0.645164
0.786718
0.428146
0.702132
1.13495
0.985981
0.950214
0.702238
0.548327
0.459912
0.863858
0.431332
1.20624
0.220599
0.230056
0.452645
0.435352
0.924697
0.596917
1.15093
0.971037
0.493679
0.998591
0.407564
0.517259
0.585428
0.709442
1.11362
0.658004
0.5834
0.293683
0.239895
0.75945
0.959337
0.707259
1.19063
0.931565
0.994496
0.718278
0.476139
0.71873
0.818502
1.21087
1.15074
1.07105
1.09788
0.221128
0.27503
1.36628
0.86326
0.881388
0.806025
0.327334
0.346108
1.00835
1.37923
1.23142
0.499284
0.80511
0.396654
1.36573
0.490073
0.954524
0.656543
0.423335
0.878062
0.292461
0.605237
0.403348
1.09178
0.596977
0.373572
0.343963
0.311479
0.511862
0.804007
0.549083
0.923603
1.01521
1.12709
0.601135
0.942722
0.988859
0.152083
0.941361
0.383952
0.310622
0.836752
0.426852
0.396676
0.912294
0.311489
0.73237
0.894966
0.345365
0.599316
0.734949
0.737678
1.00207
0.455086
0.856207
0.593518
1.03352
0.694385
0.723502
0.952751
1.13131
0.191604
0.312462
0.445522
0.798162
0.378305
0.744082
0.920427
0.684397
0.53889
0.372015
1.19195
0.994776
1.0045
0.533817
0.562566
0.556788
0.772271
0.75435
0.322443
0.841374
0.635993
0.697326
0.791952
0.270682
0.98965
0.335033
0.794026
0.712659
0.353208
1.27519
0.681974
0.162976
1.21471
1.05539
0.902089
0.615878
0.74211
0.589015
0.606982
0.70171
0.894715
0.729205
0.357288
1.1351
0.592118
0.633271
0.990868
0.563969
0.472633
0.160196
0.908425
1.18813
1.06671
0.535591
0.832389
0.545112
0.920154
0.416508
0.969645
0.370696
0.852674
0.275754
0.828007
0.416994
0.840416
0.492022
0.921422
0.645767
1.20971
0.961085
0.874799
0.281145
0.515688
1.04197
0.929941
0.776264
0.975874
0.795899
1.05798
0.453001
0.781282
0.839767
1.32277
1.2159
0.869413
0.707854
1.08538
0.357205
1.28198
0.6775
1.15639
0.435107
0.21483
0.562672
0.585856
1.00475
0.536416
0.242647
1.05961
0.848279
0.409527
1.06765
0.466341
0.552329
0.765922
0.963066
0.745962
0.648173
0.470295
0.490623
0.340627
0.808267
0.910306
0.769609
0.86407
1.13074
0.369988
0.522661
0.937332
0.959587
0.780159
0.322081
0.981475
0.77995
0.483284
0.517392
0.636518
0.684362
0.714226
0.656186
0.7177
0.858611
0.644589
1.15927
0.967921
1.19898
0.97608
0.948323
0.836261
0.552562
0.812997
0.538261
0.420582
0.785774
0.710164
0.804004
0.453383
0.539438
0.682522
0.887208
0.702406
1.12043
0.527848
0.624834
0.186255
0.672426
0.498581
0.241903
0.834547
0.606133
0.815765
0.252628
0.53443
0.237752
1.12187
0.813774
0.623522
0.723525
0.909646
0.382667
0.739671
0.812816
1.08471
0.845363
0.700734
0.586671
0.728485
0.651489
0.866487
0.60976
0.507202
0.89508
0.594159
0.825992
0.948267
0.464732
0.406933
0.585026
1.21411
0.650968
0.568458
0.44356
0.807762
0.682202
1.00679
0.694981
1.28163
0.773598
1.0489
0.497588
0.976047
0.698332
1.09247
0.83033
0.777572
0.598404
0.930131
0.421088
0.762357
0.896008
1.0326
0.593983
0.810635
1.15569
0.421631
1.0357
1.19367
0.891129
0.191388
1.29048
0.544016
0.49463
0.503794
0.401312
0.624097
0.905062
0.864347
0.805242
0.663386
0.863582
0.704166
0.57087
0.657808
0.408368
0.418636
1.01299
0.389747
0.790022
0.617844
1.13434
0.630193
0.70084
0.802716
0.574532
0.621455
0.973264
0.67675
1.02139
0.322822
0.714231
0.805497
1.24554
0.644074
0.608451
0.740278
0.63237
0.529347
1.19971
0.653472
0.560145
0.825784
0.326246
0.732952
0.315131
0.566231
0.582418
0.931747
0.558348
0.443652
0.499252
0.924525
0.666162
0.619787
1.03862
0.565088
0.822232
0.944866
0.89172
0.0718204
0.770567
0.565019
0.808647
1.00286
0.814688
0.249945
0.905548
0.73556
0.399662
0.933496
0.642038
0.73118
0.578406
0.447117
0.363096
0.679587
0.164314
1.03852
0.682285
0.742893
0.733273
0.704403
0.177704
0.442597
0.771022
0.385978
0.545448
0.639818
0.371123
0.541004
0.400499
0.271234
0.471089
1.01616
0.844474
0.496261
0.485188
0.67875
0.652074
0.37393
0.681736
0.503486
0.226171
1.02875
0.357384
0.923545
0.415798
0.706707
1.0288
1.03618
0.932901
0.480313
0.941139
1.10977
0.790983
0.783126
0.711339
1.11522
0.743666
1.03027
0.460674
0.939756
0.167953
0.523215
0.782954
0.98958
0.370951
0.453333
1.28664
0.552251
0.745893
0.521736
0.807141
0.790863
0.148655
0.646775
1.13736
0.722569
0.408825
0.382098
0.62269
0.563032
0.661701
0.652767
0.870881
0.449244
0.45196
0.476291
0.964642
0.920264
1.07983
0.597929
0.871958
0.375275
0.629135
0.349332
0.686478
1.08409
1.08422
0.87943
1.07525
0.86034
0.962768
0.802999
0.624874
0.328549
1.00581
0.920102
0.361619
0.884476
0.734827
0.599704
1.02227
0.87625
0.640683
0.67075
0.724937
0.457291
0.748447
0.621267
0.418514
1.07124
0.598822
0.890186
0.637625
0.274311
1.21193
0.531368
0.679018
0.659523
0.693193
0.753999
0.549548
1.01945
0.268698
0.245459
0.783573
0.926993
1.33126
0.699081
0.413912
0.379576
0.502216
0.994903
0.838113
0.551452
0.755986
0.979321
0.911767
0.515658
0.973038
0.53966
1.17547
0.741691
0.99913
0.615284
0.638117
0.373707
0.643408
0.588511
0.685693
0.742004
0.70314
1.10155
1.46945
1.08479
0.374042
0.907006
0.878189
0.997097
0.558189
0.188088
0.562348
0.535251
0.95413
0.656838
1.00702
0.939508
0.891698
0.781428
0.409534
0.467171
0.156704
1.00748
0.820877
1.3693
0.738287
0.615336
0.424446
0.79395
0.768658
0.704354
0.374026
0.200939
1.20735
0.231009
0.381804
0.750696
0.209583
0.797823
0.544035
0.529897
0.826159
0.854027
0.412499
0.558677
0.67371
0.524849
0.632955
0.390056
0.803263
0.964255
1.04737
0.593917
1.42237
0.803502
0.406162
0.353955
0.597115
0.588315
0.800466
0.985769
0.975649
0.340296
0.602794
1.06712
0.543026
0.515441
0.97435
0.847133
0.584201
0.251975
0.881529
0.252859
0.869441
1.36003
1.17212
0.985041
1.07707
0.586903
0.474237
1.39787
0.487441
0.569174
0.533332
0.718164
0.404807
1.30174
0.830934
0.601781
0.357155
0.897733
0.930491
0.46907
0.713084
0.357757
0.102115
0.757693
0.384526
0.62209
0.22651
0.909044
0.684459
0.33765
0.443446
0.564905
1.13996
0.383061
0.79266
0.809245
0.565795
0.946074
0.560213
1.04857
0.482748
0.751527
0.935423
0.678052
0.912323
0.412568
0.90572
0.332453
0.817589
0.536362
0.391948
0.819478
0.872584
0.968065
0.700752
0.966682
0.747037
0.385151
0.746904
0.240862
1.07284
0.888788
1.07556
0.324627
0.195192
0.554515
0.716377
0.445682
0.72722
0.52879
0.597759
0.600742
0.379323
0.386147
0.551016
0.709835
0.341787
0.753609
1.0203
0.438872
0.332872
0.587125
1.05097
0.596864
0.689778
1.1006
0.974467
0.854397
0.870829
0.217234
0.864637
0.572602
0.52832
0.644169
0.944246
0.624253
1.16685
1.42911
0.0667547
0.514093
1.04704
0.811908
1.00229
1.01572
0.502757
0.366552
0.674295
1.01432
0.901521
1.06669
0.867395
1.02885
0.661649
0.851684
0.350438
0.662425
0.782707
0.637801
0.546317
0.528847
0.536305
0.604063
0.620942
0.492168
0.673306
0.527632
0.714822
0.607771
0.450006
1.00876
1.33015
0.815935
0.743756
0.868729
0.345084
0.736143
0.690196
0.98589
0.993349
0.54499
0.83805
0.522556
1.28856
0.429957
0.738593
0.505933
0.49472
0.46329
0.787286
0.857089
0.898128
1.0254
0.343882
0.699438
0.635927
1.37162
0.596236
0.64859
0.505541
1.15626
0.47757
0.694377
0.858491
1.29737
1.28347
1.31266
0.435371
0.33822
0.6523
0.197444
0.503623
0.446687
0.44272
1.17083
0.629423
0.529386
0.943475
0.587297
1.11239
0.951475
0.836792
0.600572
0.588134
0.633331
1.02435
0.790329
0.471575
0.893914
0.759672
0.803285
0.942684
0.547111
0.616991
0.486707
0.742016
0.70842
0.694216
0.657035
0.791153
1.10376
0.677637
1.35523
0.998049
0.797316
0.807323
0.713955
1.11057
0.500875
0.424995
0.790946
0.495785
0.089846
0.546689
0.369303
0.647901
0.354994
0.567548
0.310318
0.647198
0.838642
1.40697
0.551322
0.985949
0.672318
0.607158
0.578966
0.690672
0.812747
0.671478
0.810852
0.647977
0.366974
0.670724
0.700225
0.69609
0.260585
0.382465
0.733057
0.726853
0.456841
0.613986
0.340092
0.331554
0.833578
0.674595
0.719842
0.794496
0.407578
0.536877
0.585749
0.517602
1.01756
0.94553
0.691869
0.356714
0.703481
0.960409
0.953115
0.514896
0.582194
0.691506
0.612667
0.67378
0.601996
0.890629
0.547048
0.670131
0.229704
0.8608
0.821098
0.434913
0.60651
1.00699
0.814654
0.618969
0.247269
0.0700379
0.259017
1.19668
0.388927
0.283644
0.879376
1.04311
0.793255
0.608891
0.916817
0.568627
0.990243
0.518369
0.572654
0.731929
0.579019
0.697862
1.20793
0.758326
0.780312
0.416176
0.172383
1.10337
0.911497
0.850259
0.9701
0.700645
0.299545
0.769128
0.76581
0.785144
0.777587
0.455177
0.947682
0.918969
1.22489
0.750333
0.828819
0.506444
0.813602
1.32566
0.779542
0.54087
0.542026
0.555356
0.90052
0.956673
1.05921
0.405002
0.905095
0.760659
0.953227
0.776434
0.446015
0.553397
0.937122
1.14959
0.248022
0.243011
0.563925
0.560935
0.930469
1.35579
0.711963
0.814051
0.929843
0.777272
0.75222
1.38392
0.645566
0.843063
0.893817
1.20264
0.505477
0.806479
0.668589
0.809208
0.284804
1.14257
0.335097
1.03359
0.613029
1.00454
0.724308
0.519153
0.606077
0.381108
0.449159
0.923517
0.491338
0.901344
0.565053
0.71739
0.491715
0.762054
0.222765
0.530219
0.743853
0.549342
1.1482
1.25945
0.500165
0.580173
0.473318
0.415535
0.576138
0.873946
0.883242
0.631088
1.05903
0.977463
0.878993
0.494691
0.920872
0.63943
0.510621
1.00325
1.07934
0.703769
0.979381
0.815796
0.341357
0.616074
0.319116
0.70925
1.23728
0.951657
0.221818
1.09805
0.966758
0.996606
0.369415
0.922271
0.984754
0.58135
0.362022
0.364366
0.566185
0.849835
0.648653
0.671348
0.90662
0.68966
1.04864
0.964147
0.690681
0.644047
0.8477
1.00124
0.825328
0.767006
0.765949
0.803045
0.661736
1.08636
1.07469
0.276737
0.328964
1.06375
0.561416
0.808426
0.580763
0.0584439
1.14809
1.18759
0.665571
0.475367
0.566396
1.13328
1.28705
1.28194
1.0942
0.94122
0.41684
0.868417
0.97567
0.19076
0.216666
0.803937
0.536787
0.704161
0.584632
0.823505
0.872347
0.933137
0.890159
0.208305
1.00632
1.04374
0.713098
0.603533
0.427359
0.535415
0.460939
0.321513
0.161885
0.950325
1.00082
0.20139
0.552479
0.96552
0.439282
0.794928
0.420726
1.01251
1.14549
0.824481
0.252109
0.622973
0.516522
0.618174
0.651816
0.298037
1.15333
0.316873
1.06528
0.552365
0.91855
0.517837
0.433006
0.51875
0.313173
0.469813
1.04375
0.92024
0.728953
0.740478
0.795309
0.386688
0.927955
0.901817
0.414087
0.715032
1.28788
0.250827
1.17881
0.941719
0.484484
0.681496
1.01279
0.380569
0.395795
0.903802
0.581734
0.420213
0.851788
1.19305
0.603638
0.773066
0.549894
0.788754
0.403713
0.868313
0.334635
0.567225
1.01124
0.870305
0.417157
0.668489
0.419504
0.797622
0.365247
0.479797
0.325754
0.776586
0.809347
0.927402
1.00651
0.71892
0.543414
0.661283
0.67453
1.04403
0.695458
0.850874
0.216654
0.565603
0.543111
0.766327
0.524045
0.805642
0.934927
0.672823
0.778397
0.959737
0.642431
0.496268
0.258323
1.15403
0.787311
0.915662
0.843014
1.20802
1.33089
0.651122
0.97911
0.395417
0.603348
0.661746
0.774509
1.23513
0.770399
0.921114
1.09204
1.12903
0.671803
0.675667
0.571948
1.05916
0.77425
0.720921
0.668186
0.773774
0.502868
1.06354
0.980575
0.673432
1.21054
0.86907
0.265431
1.05061
0.390084
0.588352
0.608598
0.814525
0.628349
1.06054
0.657746
0.513503
0.501461
0.326873
0.808462
1.21627
0.722841
0.984251
0.753238
0.334567
0.763195
0.489042
0.82048
0.867924
1.12125
0.641158
1.09531
0.940138
0.666581
0.755516
0.442655
0.68254
0.546039
0.612866
0.809473
0.668143
1.18543
0.77175
0.639582
0.572081
0.13863
0.59105
0.919786
0.404517
1.14356
0.895304
0.932753
0.849318
0.412558
0.900026
0.481764
1.21929
0.797629
0.894705
0.303195
0.671644
0.936976
0.744552
0.752385
1.03682
0.753181
0.337009
0.894301
0.445191
0.255066
0.631494
0.797792
0.699353
0.540387
0.747308
0.620584
0.362806
0.50717
0.835872
0.484543
0.587034
0.326824
0.921228
0.769078
0.466575
0.697442
0.886126
0.336679
0.557613
0.765883
0.879669
0.466501
0.694239
1.01092
0.75551
0.516878
0.738944
0.763796
0.973416
0.621098
0.552076
0.675248
0.84991
0.661541
0.481199
0.796867
0.615595
0.51173
0.607724
0.134032
0.554688
0.761729
0.619731
0.603661
0.862825
1.10463
0.995377
0.47792
0.600778
0.81712
1.15963
0.877008
0.93718
0.961435
0.655258
0.814701
0.385266
0.638731
0.423478
0.912255
0.600679
0.532338
0.209876
0.525682
0.737044
0.678688
0.929195
0.796366
0.41313
0.639106
0.764506
0.824642
0.722367
0.738072
0.430656
0.972383
0.340693
0.694873
0.899774
1.22297
0.676091
0.413303
1.01097
0.463238
1.1384
1.1773
0.988773
0.689481
1.19763
0.61431
0.821707
0.659627
0.820332
0.403371
0.816243
0.495562
0.902842
0.950735
0.44353
0.810466
1.01186
0.609007
0.457788
0.944633
0.891575
0.488057
0.610497
0.603248
0.998806
0.218056
1.3723
1.00134
0.673386
0.818448
0.827687
0.528823
1.10595
0.683862
0.769963
0.32891
0.721237
0.627857
0.604117
0.803465
0.569258
0.369418
0.235019
0.246573
0.752577
0.54861
1.01069
0.969725
0.510407
0.542463
0.854136
0.378506
0.667336
0.498634
0.881189
0.380815
0.616054
0.932414
0.263153
0.726182
0.984943
0.427372
0.995225
0.401418
1.02547
0.633686
0.131904
0.261426
0.592944
0.353728
0.245425
0.75191
0.972861
0.671693
0.752624
0.459969
0.537808
0.88674
1.12543
0.756112
0.824198
0.584549
0.603074
0.538511
1.03744
0.775154
0.743356
0.638244
0.977537
1.20687
0.902494
0.736105
0.484624
0.55525
0.885687
0.510192
0.792068
0.849705
0.4467
0.343533
0.786984
0.877929
0.308544
0.364768
0.488858
1.06808
0.40039
0.976876
0.933368
1.16315
0.579665
0.43837
0.868028
0.682758
0.981118
0.829762
1.02501
0.583642
0.521326
0.862346
0.297909
1.22525
0.313088
0.270455
0.915796
0.322131
0.712076
0.882235
0.268399
0.635678
0.877995
0.325549
0.705608
0.702453
1.13345
0.70247
0.82883
0.554288
0.545348
0.518185
0.720651
1.00969
0.886165
0.725955
0.487936
0.410927
0.938716
0.415995
0.563362
0.350259
0.944336
0.621421
0.133327
0.451374
0.607602
0.83454
0.46159
0.282581
0.892521
0.530798
1.14869
1.12121
1.1694
0.819731
0.988913
0.717756
0.858603
0.950748
0.648989
0.816116
0.964029
0.708291
0.741014
1.1242
0.870337
0.660955
0.698686
0.847815
1.04496
0.204965
1.04258
0.683241
1.13853
1.12548
1.29217
0.37477
0.313084
0.836511
1.04869
0.409337
0.916729
1.00625
0.519998
0.993156
0.364632
0.749851
0.393106
0.485954
0.757625
1.08116
0.489228
0.335645
0.310346
1.02557
0.464116
0.62383
0.415559
1.02473
0.507282
0.232871
0.941967
0.977588
0.861167
0.62816
0.661981
1.01564
0.271138
0.989664
0.364471
0.654688
1.12741
1.21836
0.287205
0.14304
0.426489
0.845069
0.863464
0.53292
1.35397
0.733915
0.652883
0.324965
0.794477
0.215941
0.785866
0.358043
0.27268
0.48168
0.483852
0.893787
1.11364
0.59844
0.845962
0.255305
1.28354
0.871163
0.754517
0.300411
0.898488
0.445884
0.21774
0.415375
0.172231
0.613515
0.961742
0.647084
0.745822
0.218459
0.240729
0.70165
0.403158
0.643861
1.01308
0.374302
1.14198
0.842957
0.689422
0.612584
0.265739
0.721944
0.893204
0.696931
0.854052
0.599325
0.807026
0.356097
0.891198
0.700211
0.635903
0.675388
0.456075
0.461724
0.732509
0.75663
0.628717
0.832163
0.735667
0.846654
0.162205
0.977457
1.19435
0.435699
0.541802
0.668127
0.839685
0.837832
0.570525
1.35229
1.04192
0.188898
0.614145
0.502112
0.474039
0.603468
1.03506
0.38409
1.16257
0.563263
0.493342
0.866491
0.451883
0.496974
0.731201
0.52708
0.0946321
0.480185
0.557954
1.07633
0.594276
0.787786
0.777382
0.489757
0.730373
0.298712
0.96336
0.706919
0.607476
0.810232
0.187332
0.514944
0.868801
0.250284
0.588505
0.671804
0.775966
0.648331
0.43467
0.45451
0.991547
0.396635
0.443705
0.493438
1.21782
1.148
1.03355
0.738601
0.380722
0.553965
0.560221
1.13929
0.94028
0.693664
0.517678
1.25995
0.74797
0.96747
0.710737
0.717876
0.626882
0.915792
1.00119
0.617297
0.574752
0.611268
0.696616
0.657452
0.705735
0.551554
0.739103
0.625134
0.715942
1.0328
1.02746
0.999372
0.872869
0.847123
0.321542
0.468043
0.485752
0.513877
0.750473
1.0523
0.352459
0.23583
0.424353
0.443287
1.02888
0.688199
0.630758
0.950853
0.467141
0.783708
0.978474
0.896048
0.45443
0.424172
0.690362
1.04859
0.71908
0.46053
0.69318
0.906024
0.662654
1.00739
0.88387
1.2789
1.00004
0.990126
0.607995
1.00744
1.2488
0.604904
1.27547
0.977363
0.860496
0.867863
0.709754
0.566189
1.22136
0.666247
0.899023
0.539434
0.603663
0.301601
0.891878
0.871205
1.19111
0.492125
0.304424
1.16104
0.551441
0.649967
0.807425
0.985106
0.860759
0.793373
0.768998
0.913032
0.72199
1.03447
0.595407
1.14249
1.23343
0.477717
0.355015
0.864819
0.738693
0.455994
0.753345
1.13145
0.864449
0.568124
0.835444
1.05856
0.517471
1.15552
0.306007
0.401864
0.840892
0.633393
1.09852
0.933006
0.682084
0.888653
0.651352
1.05333
0.75236
0.520476
0.537238
1.0178
0.401248
0.559232
0.326714
0.512489
0.743537
0.51341
0.256064
0.609298
0.186027
0.898668
0.482684
0.724328
0.900633
0.923545
0.632486
0.718284
0.523183
0.630868
0.472065
0.0871849
0.869553
1.05421
1.05006
0.522733
0.433123
0.613764
0.470138
0.767541
0.619395
0.948288
1.26948
0.358997
0.754466
0.729595
0.516563
0.516496
0.191905
1.12362
0.303299
0.857517
0.502486
0.697001
0.0968862
0.674553
1.03142
1.02581
0.841818
0.589615
0.563697
0.526545
0.575077
0.290094
1.2892
0.782152
0.573166
0.383957
0.89064
0.708023
0.345193
0.44627
0.564185
1.06767
0.618075
0.254205
0.732597
0.926851
0.570998
0.59011
0.526579
0.488852
0.46603
0.8824
0.687154
0.430715
0.927779
0.715371
0.515439
0.889036
0.612023
0.471798
0.717042
0.273086
1.05614
0.501938
0.850999
1.01942
0.793351
0.220059
0.762184
0.564971
0.517161
0.547158
0.661199
0.451615
0.866688
1.09892
0.518077
1.56932
0.130304
0.962371
0.248376
0.529696
0.503923
0.641928
1.01553
0.784771
1.22805
0.912685
0.182229
0.973783
0.587167
0.772452
0.436454
0.692819
1.30514
0.867337
0.407194
0.163608
0.861708
0.499865
0.516288
0.735807
0.411252
0.44275
0.189829
0.263792
0.521925
1.04125
0.680747
0.831225
0.874778
0.816979
0.425947
0.666293
1.13381
0.762995
0.238903
0.38884
0.982796
0.485703
0.702605
0.809369
0.765688
0.2904
0.669044
1.05878
0.754839
0.790836
0.50241
0.62669
0.760007
0.572732
0.093159
0.592086
0.711036
0.725688
0.987851
0.975786
0.368382
0.579313
0.509299
0.829999
0.457167
0.945551
0.850887
0.541135
0.337435
0.599883
0.831019
0.575932
1.23478
0.391646
0.698829
0.994697
0.646237
1.00495
0.535565
1.16763
1.2171
0.808588
0.308741
0.711245
0.735236
0.777573
0.714521
1.02173
0.871479
0.830983
0.50823
1.31114
0.164044
0.538376
1.05925
0.471595
1.00674
0.295894
0.997074
0.379162
0.481576
0.907603
1.14461
0.280844
0.809448
0.590585
0.967791
0.416953
1.2625
0.688222
0.891574
1.08986
0.421775
0.533575
0.824627
0.86404
0.674692
0.277261
0.38756
0.909999
0.572741
0.525151
1.1859
0.571938
0.801582
1.01666
0.913764
0.767914
0.88468
0.778902
0.427933
0.651142
1.14867
0.422604
0.825495
0.579099
1.18111
1.35167
0.832345
0.530794
1.10519
0.555841
0.971264
0.406979
0.356236
0.640118
0.658738
1.0702
0.279424
0.744579
0.326787
0.417722
0.353262
0.463601
0.205499
0.777019
1.16927
0.813223
0.721437
0.459979
0.676331
0.69292
0.534668
0.849274
0.686167
0.730769
0.561988
1.08452
1.07951
0.844163
0.599789
0.518566
0.733793
0.559775
0.773045
0.495062
0.765036
0.700939
0.182606
0.542769
0.959572
1.24379
0.456502
0.569418
0.845494
0.833001
0.614572
0.950058
1.14612
1.16264
0.953303
0.953565
0.83213
1.09305
0.957943
0.321252
0.73624
0.357699
0.864564
0.782772
0.754138
0.600774
0.39155
1.02955
1.09884
0.874154
0.454628
0.349729
0.923205
0.144643
1.29663
0.676093
0.929697
0.73033
0.354776
0.787733
0.779834
0.879711
0.663249
0.707043
0.663512
0.540901
0.659628
1.04676
0.585991
0.307826
0.738966
1.29529
0.451376
0.932729
0.759119
0.705015
0.737444
0.579538
0.624061
0.53434
0.303145
0.45057
0.761441
0.277594
0.458254
0.58811
1.25377
1.02481
0.992081
1.02929
0.585688
0.795054
0.710031
0.10642
0.637138
0.646303
0.739893
0.897253
0.976016
1.0977
0.768263
0.61767
0.7769
0.680407
0.575731
0.205573
1.18852
0.622054
0.947244
0.650387
0.986653
0.827715
0.742134
1.15477
0.568643
0.553402
0.777586
1.11954
1.06201
1.13655
0.514926
0.911567
1.07284
0.787601
0.804063
0.917851
0.554884
0.745147
0.930115
0.639531
1.02455
0.503076
0.161681
1.18675
0.678269
0.847404
0.745622
0.752635
0.988272
0.236229
0.708228
0.925649
1.16968
0.594512
0.771526
0.586822
0.915018
0.693719
0.571747
0.960797
0.679179
0.993918
0.415858
0.829769
0.595277
1.10187
0.827189
0.406611
0.823627
1.06663
1.03109
0.970112
0.753859
1.04049
0.858438
0.669179
0.656225
0.99234
0.988005
1.24211
0.949351
1.03502
0.433655
0.683939
0.899267
0.589652
0.605566
0.63985
0.473149
0.741053
0.631895
0.53837
0.958033
0.273608
0.733881
0.47987
0.40616
0.744471
0.501772
0.240281
0.514487
0.342945
0.986271
0.251282
0.969533
0.460037
0.990233
1.09712
0.422644
0.385691
0.475846
1.1683
0.949263
0.739432
1.18171
0.779883
0.954068
0.765247
0.768315
0.827503
0.704336
0.766636
0.436644
0.514244
0.605882
0.738131
0.664443
1.06681
0.910551
0.530712
0.898939
0.568453
0.211565
0.701438
0.414107
0.759094
0.638045
0.807592
0.962128
0.732821
0.656548
1.04513
0.953075
0.753757
0.456426
0.319213
0.81563
0.665572
1.1957
0.952947
1.25849
0.819572
0.568518
0.341175
0.369877
0.308524
0.876183
0.777947
0.541315
1.05647
0.581183
0.796496
0.884421
1.30511
0.888672
0.801726
0.890609
0.744273
0.231372
0.463446
0.961556
0.525774
0.736149
0.551812
0.762844
0.479272
0.450204
0.928312
0.423819
0.755566
0.665452
1.33319
0.938096
0.842877
0.206097
0.476384
0.470649
0.588333
0.706776
0.919379
1.03716
0.739072
0.358663
0.781382
0.997069
0.798433
0.827604
0.421638
0.713132
0.972691
0.47934
0.824344
0.645864
1.10788
0.562189
0.758601
0.74629
0.623289
0.872457
1.06892
0.38371
0.635429
0.543419
0.434438
0.350813
0.495626
0.634335
0.510114
0.446298
0.519311
0.335649
0.506805
0.370917
1.11077
0.32445
0.471677
0.53847
0.895086
0.827676
0.956235
0.614628
1.0426
0.804524
0.951611
1.08159
0.344868
0.616844
0.502369
0.932103
0.977187
0.834758
0.445517
0.832247
0.325347
0.432051
0.546272
0.794974
0.610456
0.459899
0.491901
0.544944
1.04268
0.852093
0.816278
0.571995
0.429152
0.717143
0.792953
0.463289
0.824911
0.657731
0.72215
0.188997
1.03885
0.225113
0.758018
0.694217
0.767198
0.380654
0.709737
0.799113
0.672417
0.776658
0.462005
0.775847
0.590151
0.608923
0.501002
0.946565
1.03074
0.50968
0.517784
0.208231
0.64734
1.33016
1.04479
1.47996
0.886706
1.19525
0.928109
0.600605
0.254908
0.65129
0.568706
0.432821
0.625388
0.757042
0.315151
0.427036
0.926494
0.741473
0.786239
0.520083
0.752601
0.31073
0.555797
0.674323
0.573905
1.02947
0.57899
0.75251
0.507436
0.727602
0.407438
0.722276
0.703111
0.988328
1.04332
0.845936
0.826516
1.12207
0.807072
0.328893
0.658769
0.526647
0.848138
0.997607
0.358176
0.487633
1.28809
0.439926
0.768985
0.810791
0.521735
0.576211
0.298538
0.943958
0.573987
0.484175
0.795354
0.279589
0.817343
1.01802
0.376981
0.309235
0.932275
0.97076
0.978293
0.6156
0.648597
0.718661
0.892847
0.764242
0.921623
0.417451
0.797648
0.69137
1.03922
0.725792
0.529734
0.398484
1.40179
0.239461
1.16942
0.632804
0.206996
0.515762
0.633601
0.705875
0.795874
1.36368
0.476035
0.750502
0.975369
0.686346
1.13409
1.03101
0.809544
0.925649
0.752565
0.247161
0.518066
0.900594
1.01209
0.962405
0.690645
0.593544
0.52719
0.902324
0.77494
0.894293
0.248914
0.669462
0.639269
0.435675
0.654083
0.560811
0.81511
0.638237
1.08854
0.43468
0.372862
0.566474
0.828756
0.41216
0.666553
0.920016
0.396937
0.495183
0.3802
0.777032
0.441206
0.770594
0.438486
0.687925
0.920965
0.773913
1.04002
0.558709
0.915895
0.486533
1.22784
0.633125
0.949562
0.497472
0.59632
0.373016
0.602314
0.1175
0.361602
0.54402
0.279515
0.361666
0.767829
0.500739
0.348624
0.442308
0.534143
0.391822
0.73478
0.71335
0.645837
0.920211
0.590907
0.777598
0.971846
0.926894
0.7803
0.62821
0.238022
1.02628
0.759424
0.954154
0.645527
0.901592
0.555801
0.644869
0.977672
