0.591665
0.422483
0.806735
0.260877
0.289382
0.79399
0.500268
0.609879
0.720497
0.312422
0.491319
0.487692
0.883148
0.681139
0.379531
0.51506
0.288305
0.667476
0.49205
0.401661
0.862312
0.451371
0.28981
0.426164
0.279847
0.592989
1.02286
0.524608
0.589303
0.806433
0.821152
0.80307
0.712764
0.740459
0.95469
0.816131
0.895414
0.343788
0.977695
0.379725
0.310194
0.316061
0.176649
0.812876
0.498795
0.593887
0.30206
0.473434
0.272021
0.413597
0.341437
0.757215
0.540737
0.43768
0.733229
0.513283
0.543017
0.2631
0.532486
0.52108
0.408102
0.7524
0.706082
0.259636
0.407817
1.02851
0.739685
0.855231
0.416622
0.650961
0.289584
0.636844
0.689312
0.254332
0.393741
0.389101
1.12173
0.22024
0.461384
0.476003
0.317858
0.540426
0.519112
0.341817
0.239446
0.882103
0.686362
0.754111
0.610387
0.514296
0.471489
0.775293
1.21539
0.35993
0.591846
0.500601
0.456495
0.345997
0.258725
0.626626
0.318414
0.757482
0.315929
0.287233
0.461054
1.08758
0.516169
0.483483
0.735873
0.334012
0.794557
0.656541
0.816979
0.174153
0.682954
0.773094
0.342741
0.572989
0.446289
1.00267
0.317088
0.467127
0.403331
0.683124
0.544561
0.310082
0.534381
0.359914
0.354137
0.785936
0.372328
0.113561
0.451759
0.218044
0.529673
0.451211
0.245814
0.863885
0.337822
0.665702
0.624463
0.735606
0.542991
0.392726
0.453395
0.541817
0.515209
0.511472
0.716974
0.915087
0.477819
0.588198
0.70333
0.334498
0.194323
0.432605
0.283172
0.606195
0.627667
0.403661
0.666668
0.799431
0.579405
0.578628
0.588665
1.09518
0.99239
0.594957
0.651958
0.786261
0.722871
0.59989
0.422277
0.427493
0.408314
0.44724
0.917611
0.212386
0.454672
0.954106
0.360242
0.290922
0.44122
0.294382
0.194819
0.325473
0.933733
0.751416
0.843835
0.736014
0.824125
0.423685
0.774122
0.78106
1.151
0.522951
0.90482
0.864242
0.658674
0.256403
0.736067
0.728462
0.253288
0.883881
0.382008
0.408857
0.246384
0.931531
0.534143
0.760416
0.619269
0.735502
0.809719
0.643307
0.442267
1.11401
0.314077
0.681846
0.623725
1.1546
0.365232
0.591009
0.315999
0.394599
0.968274
0.377729
0.77546
0.726504
0.906514
0.656084
0.639823
1.05239
0.483323
0.414389
0.516316
0.632722
0.794299
0.354159
0.436285
0.288261
0.721281
1.15131
0.348392
0.528689
0.609645
0.554217
0.42923
0.598166
0.941952
0.316851
0.34874
0.154956
0.358035
0.915003
0.541598
0.598812
0.440805
1.1535
0.854136
0.532958
0.119503
0.415135
1.0009
0.86776
0.305268
0.746223
0.925255
0.905676
0.612674
0.447327
0.809089
1.22305
1.29793
0.49502
0.225263
0.630944
0.714161
0.578467
0.628466
0.903258
0.492724
0.429086
0.611184
0.831701
0.799058
0.752179
0.632312
0.504812
0.556713
0.586753
0.126364
0.738337
0.632082
0.666143
0.492346
0.53704
0.49383
0.652764
0.723706
0.471861
0.73008
0.73095
0.958115
0.319151
0.209553
0.340533
0.88764
0.380492
0.447892
0.946102
0.985772
1.04199
0.753231
0.395947
0.484082
0.352641
0.562171
0.257464
0.762284
0.597891
0.492453
0.219486
0.727726
0.787857
0.792274
0.407967
0.615535
0.439015
0.549229
0.632356
0.355224
0.582375
0.228776
0.479047
1.10601
0.636082
0.388241
0.55974
0.989592
0.251785
0.946416
0.998582
0.278119
0.331267
0.334712
0.540114
0.0856147
0.185393
0.79844
0.298904
0.834782
0.669177
1.16705
0.463262
0.196033
1.09023
0.371323
0.480508
0.683285
0.538627
0.661487
0.550837
0.517844
0.227367
1.01753
0.603293
0.874673
0.4786
0.767242
0.587028
0.925124
1.21276
1.07518
0.355546
0.291197
0.297772
0.471221
0.334147
0.381886
0.690889
0.576909
0.497423
1.02981
0.351386
0.475673
0.873618
0.395371
0.871439
0.440329
0.540753
0.496743
0.256736
0.578299
0.768841
0.740566
0.82041
0.755402
0.609257
0.800757
0.483992
0.571407
0.728887
0.435913
0.348144
0.909075
0.153883
0.524889
0.97566
0.298933
0.521587
0.486052
0.931939
0.701161
0.30523
0.298919
0.827978
0.744575
0.636135
0.449911
0.805619
0.62418
0.588374
0.747189
0.401746
0.665632
0.262971
0.39683
0.793567
0.657602
0.547249
0.37281
0.901798
0.225154
0.482055
0.428575
0.644804
0.647039
0.705214
0.466767
0.876594
0.300795
0.104699
1.05009
0.943015
0.931338
0.532057
0.416548
0.897445
0.83546
0.440004
0.220921
0.579123
0.596973
0.716013
0.932227
0.781634
0.846764
0.521432
0.463751
0.871192
1.17423
0.567302
0.570468
0.640332
0.597144
0.603238
1.01932
0.360259
0.361798
0.648613
1.04743
0.552898
0.29122
0.498965
0.990981
0.787276
0.387067
0.238418
0.659831
0.579263
0.327886
0.938831
0.548933
0.386317
0.219564
0.282891
0.560786
0.356231
0.454752
0.879748
0.945253
0.73976
0.926977
0.585277
0.603342
0.452734
1.08856
0.43753
0.606047
0.424215
0.853713
0.843943
0.888196
0.419144
0.81937
0.277647
0.875496
0.502133
0.0503744
0.7784
0.646173
0.378664
0.673404
0.311098
0.47879
0.659965
0.684597
0.666096
0.431871
0.647789
0.396949
0.407732
0.757939
0.40568
0.632325
1.10374
0.632682
0.605322
0.457084
0.600047
0.598914
0.393031
0.575564
0.608759
0.180973
0.958136
0.531379
0.5639
0.487482
0.334705
0.939005
0.24871
0.649642
0.848899
0.783855
0.458046
0.79082
0.439547
1.00169
0.605157
0.690954
0.216428
0.899338
1.12331
1.07527
0.208524
0.710119
0.299791
0.486508
0.421312
0.342132
0.895996
0.957251
0.944598
0.939662
0.257086
1.01713
0.581171
0.886964
0.77705
0.248586
0.550286
0.692192
0.52742
0.535673
0.579581
0.81236
0.564107
0.955297
0.627713
0.671149
0.818666
0.496036
0.267435
0.416611
0.973687
1.06769
0.461344
0.53323
0.25845
0.812668
0.732533
1.10798
0.855273
0.524251
0.358046
0.412639
0.331171
0.555793
0.604446
0.756829
0.619325
0.444976
0.627757
0.575893
0.223198
0.436914
0.894468
0.484988
0.839364
0.442488
0.296357
0.488833
0.815753
0.740164
0.758553
0.644432
0.88918
0.47271
0.451609
0.509919
1.16892
0.732956
0.647404
0.469828
0.941625
0.662673
0.660595
0.933831
0.334292
0.765879
0.367612
0.753367
0.583827
0.628617
0.452953
0.5022
0.262163
0.457211
0.307005
0.268077
0.669522
0.572595
0.661474
0.755285
1.11841
0.706786
0.659609
0.879999
0.419211
0.304498
0.430504
0.424628
0.419295
0.370985
0.411636
0.882462
0.637219
0.875802
0.77734
0.646395
0.873865
0.898358
0.579561
0.595764
0.342344
0.461944
0.386224
0.344895
0.359974
0.3904
0.418831
0.565387
0.874749
0.507228
1.18862
0.785984
0.700138
0.797032
0.303324
0.790741
0.412538
0.419387
0.790082
0.809092
0.404697
0.998273
0.702124
0.898438
0.396218
0.485429
1.00771
0.426735
0.648107
0.101607
0.229948
0.516286
0.632912
0.559095
1.27761
0.450287
0.900492
0.331939
0.709751
0.69939
0.348971
0.737131
0.225581
0.404563
0.58991
0.669221
0.234897
1.08749
0.657389
0.255063
0.837637
0.958379
0.969489
0.354462
0.929044
0.442981
1.06673
0.456492
0.296521
0.644204
0.428972
0.939949
0.470981
0.512961
0.700478
0.286441
0.757341
0.732718
1.15515
1.19516
0.940361
0.547699
0.540301
0.630703
0.849548
0.5932
0.349694
0.662956
0.922144
0.455052
0.191498
0.608564
0.148863
0.650854
0.101469
1.02928
0.43656
0.47886
0.663504
0.421482
0.706073
0.606936
0.817849
0.343077
0.547814
0.387303
0.726772
0.22468
0.646506
0.765797
0.643387
0.424273
0.388262
0.46363
0.572374
0.299675
0.342229
0.0967129
0.362417
0.234737
1.11827
0.544829
0.341538
1.18497
0.563812
0.401013
0.509779
0.899387
0.656577
0.817421
0.487464
0.826493
0.458169
0.507403
0.646507
0.585021
0.56402
0.363979
0.759517
0.663122
0.342555
0.573991
0.700391
0.545109
0.619743
0.418217
0.621943
0.360609
0.6502
0.835146
0.741065
0.599378
0.912733
0.861744
0.528047
0.191814
0.416728
0.84731
0.937086
0.772906
0.593379
0.640336
0.303889
0.386439
0.427447
0.230314
1.31549
0.739615
0.37976
0.810388
0.695027
0.640695
0.846794
0.961771
0.269311
0.129216
0.868073
0.905588
0.6303
0.322497
0.741445
0.870284
0.814439
0.289493
0.51346
0.417513
0.820064
0.507453
0.585135
0.909364
0.412136
0.484636
1.16951
0.70636
0.966908
0.400194
0.834643
0.575927
0.660884
0.263484
0.395732
1.31465
0.348769
0.924531
0.383947
0.817279
0.614998
0.927
0.487545
0.561527
0.603728
0.971863
0.705377
0.553401
0.344671
0.773592
0.689822
0.514624
0.956585
0.903317
0.644788
0.412088
0.667674
0.688575
0.836703
0.445908
0.464913
0.512195
0.84595
0.747525
0.336682
0.413163
0.288339
0.360292
0.363587
0.356199
1.27614
0.758489
0.554577
0.576777
1.24166
0.311123
0.749228
0.154802
0.508908
0.455406
0.852837
0.68752
0.196925
0.556155
0.696328
0.380881
0.420468
0.732777
0.7634
0.118936
0.471146
0.351943
0.699741
1.14282
0.508463
0.901153
1.04813
0.431133
0.676376
0.829715
0.643564
0.330695
0.678524
0.373388
0.903996
0.714474
0.567941
0.31269
1.0014
0.447792
0.91429
0.355836
0.754304
0.296222
0.169143
0.466136
0.294075
0.511548
1.0189
0.736804
0.276795
0.772006
0.342738
0.496629
0.910369
0.696146
0.338935
0.679421
0.200562
0.557464
0.774257
0.636557
0.573688
0.150915
0.579016
0.610764
0.700568
0.387881
0.566155
0.723212
0.425147
0.819038
0.609972
0.289728
0.379952
0.189995
0.473827
0.340039
0.546171
1.05256
0.348526
0.441161
0.916941
0.639065
0.526815
0.433798
0.542935
0.550599
0.583883
1.12677
0.389876
0.635567
1.05582
0.830335
0.319136
0.803423
0.68771
0.451107
0.856442
0.700459
0.532724
0.659622
0.645273
0.616329
0.498452
0.414988
0.80453
0.428964
0.268232
0.356405
0.833805
0.552416
0.297262
0.262945
0.704916
0.132921
0.757244
0.539103
0.33145
0.755545
0.670114
0.730844
0.910894
0.365431
0.71683
1.1105
0.347235
0.819404
0.799606
0.408712
0.464709
0.134525
0.635922
0.53613
1.05892
0.661611
0.376703
0.428148
1.00115
0.757329
0.694016
0.616371
0.239475
0.6079
0.511742
0.174272
0.553086
0.337384
0.635041
0.354492
0.968363
0.458216
0.460143
0.481849
0.913433
0.737361
0.422854
0.538104
0.884699
0.786251
0.462444
0.33626
0.909107
0.861772
0.328745
0.300039
0.71504
0.45489
0.608608
0.625902
0.259568
0.396166
0.480607
0.53289
0.471973
0.867671
0.270252
0.379539
0.733618
0.528339
0.438894
0.250443
0.986311
0.395814
0.294331
0.399788
0.590914
0.799796
0.466267
0.745216
0.426505
0.546921
0.543295
0.432999
0.298272
0.893727
0.749486
0.68116
0.56807
0.106158
0.397431
0.380153
0.310494
1.11691
0.2876
0.360814
0.619779
0.322753
0.401125
0.767476
0.48268
0.480969
0.310104
0.431721
0.665117
0.312551
0.818161
0.545991
0.412546
1.2191
0.81547
0.794573
0.743244
1.18503
0.717626
0.596341
0.336114
0.564707
0.711214
0.515308
0.52034
0.221426
1.11194
0.691478
0.538633
0.541599
0.580192
0.593249
0.539767
0.404899
0.693926
0.268546
0.941011
0.300015
0.845456
0.570867
1.23818
0.371123
0.744547
0.59154
0.47462
0.865354
0.221842
0.217686
0.405917
1.39705
0.887883
0.973687
0.507292
0.771375
0.387816
1.11148
0.690362
0.536973
0.49786
0.588859
0.479294
0.35014
1.50803
0.742534
0.465326
0.859256
0.271951
0.843921
0.522471
0.601355
0.547246
0.498791
1.06952
0.11999
0.802362
0.491826
0.335659
0.55781
0.609747
0.537788
0.61549
0.937588
0.58079
0.964593
0.335478
0.821835
0.792838
1.01776
0.30445
0.60634
0.60583
0.653774
0.568663
0.345716
0.788932
0.885447
0.421076
0.558876
0.349552
0.265354
0.736249
1.00816
0.788327
0.328593
0.420446
0.55699
0.502065
0.618855
0.510645
0.959351
0.564812
0.842787
0.341954
0.347441
0.7194
0.67058
0.748039
0.52058
0.449085
0.619949
0.950944
0.431505
1.13428
0.690011
0.534013
0.564858
0.328645
0.725287
0.44703
0.96374
0.349455
0.419011
0.411808
0.956247
0.74383
0.475072
0.640345
0.672328
0.504135
0.481869
0.243656
0.310599
0.30616
0.833833
0.626734
0.325283
0.174791
0.406406
0.593113
0.570706
0.727268
1.11234
0.346661
0.606239
0.611316
0.579127
0.491867
0.504449
0.28809
0.479473
0.587488
0.457877
0.330698
0.972913
0.751666
0.764341
0.370621
0.200707
0.599215
1.12751
1.03222
0.783665
1.09384
0.919418
0.390257
0.438188
0.266769
0.383402
0.92255
0.716122
0.937723
0.362316
0.62883
0.748993
0.666358
0.584866
0.452271
0.946232
0.561943
0.69077
0.268996
0.434106
0.394929
0.387521
0.256737
1.39314
1.14571
0.505951
0.56363
0.197628
0.92847
0.27119
0.47934
0.636833
0.346429
0.338179
0.605763
0.554423
0.689272
0.50266
0.515136
0.62706
0.589827
0.473829
0.714869
0.683179
0.64208
0.571367
0.439255
0.770635
0.835102
1.06252
0.609552
0.814802
0.483278
1.13582
0.906077
0.645909
0.424367
0.461261
0.559645
0.266726
0.720008
1.09776
0.412732
0.99206
0.876874
0.473389
0.277732
0.963689
0.964671
0.907757
0.462874
0.73151
0.492862
0.371133
0.739142
1.10377
0.585112
0.634412
0.568317
0.781325
1.03868
0.56178
0.941844
0.255939
0.562848
0.314813
0.361568
0.248799
0.679828
0.346474
0.429216
0.214631
0.87959
0.604627
0.544374
0.440973
0.617414
0.419554
0.846946
0.384288
0.686477
0.724096
0.347711
0.517546
0.393171
1.1454
0.54309
0.506809
0.744865
0.796049
0.472366
0.225132
0.232185
0.760028
1.00704
0.913654
1.0392
0.917047
0.57781
0.54551
0.815344
0.698698
0.289485
0.259535
0.434256
0.399321
1.12646
0.540275
0.723681
1.06432
0.712863
0.377249
0.657115
0.12962
0.383701
0.333513
0.349062
0.412392
0.908848
0.621135
0.176035
0.345859
0.272049
0.253588
0.991719
0.796835
0.739903
0.598
0.861622
0.196784
0.206724
0.779212
0.421587
0.452713
0.644166
0.768238
0.530331
0.527845
0.981869
0.770405
0.674318
0.548491
0.939174
0.800261
0.80282
0.380972
0.375634
0.432266
0.295064
0.386331
0.530698
1.12338
0.19909
0.794882
0.456583
0.456066
0.555065
0.491204
0.713428
0.704455
0.5139
0.58364
1.09308
0.778591
0.414302
0.468728
0.499021
0.546496
0.262682
1.02984
0.549996
0.308108
0.558206
0.504054
0.796772
0.398807
0.520965
0.795457
0.914487
0.858063
0.776398
0.447183
0.857465
0.437796
0.195017
0.699194
0.740521
0.789376
0.45234
0.940668
0.304689
0.728833
0.532797
0.601629
0.415942
0.565847
0.754936
0.883132
1.08579
0.942251
0.188049
0.493685
0.508831
1.18378
0.372741
0.551558
0.419826
0.521423
0.392532
0.835421
0.905709
0.176234
0.446085
0.917583
0.897705
0.433715
0.547687
1.36224
0.605091
0.667801
0.723731
0.447621
0.88494
0.381414
0.689486
0.355759
0.527938
0.71833
0.586344
0.430001
0.627768
0.694095
0.483962
0.844084
0.495143
0.764045
1.11728
0.731829
0.460535
0.729749
0.806599
0.629062
0.759801
0.690771
0.365826
0.0712303
0.398856
0.957939
0.620351
0.414167
0.546511
0.264727
1.07975
0.12873
0.835268
0.806629
0.523823
0.731982
0.36796
0.964638
0.956614
0.787834
0.400364
0.568091
0.558735
0.850605
0.660231
0.39192
0.438461
0.881039
0.244578
0.591221
0.457339
0.286222
0.592733
0.826987
0.208339
0.471431
0.341088
0.416332
0.634895
0.278633
0.205325
0.205852
0.505041
0.559542
0.137789
0.49338
0.888289
0.38706
0.272057
0.803319
0.625348
0.63536
0.563006
0.407438
0.271468
0.653627
0.646374
0.612447
0.56758
0.574542
0.518658
1.06033
0.669981
0.384786
0.428244
0.66944
0.689299
0.723474
0.548552
0.89595
0.335084
0.393487
0.712585
0.833586
0.280963
1.06596
0.900742
0.861638
0.257179
0.952109
0.56406
0.501458
0.462187
0.467304
0.626044
1.0411
0.39334
1.24955
0.666829
0.407962
1.02031
0.401319
0.619542
0.289
0.463052
0.562778
0.553076
0.656573
0.470488
0.943281
0.657748
0.25464
1.04947
0.442325
0.501843
0.407505
0.47888
1.45753
0.8937
0.603263
0.887888
0.823849
0.264187
0.158468
0.20679
0.330764
1.03333
0.337799
0.520087
0.539699
1.27506
0.601491
0.978579
0.836583
1.06201
1.1054
0.946461
0.417532
1.29938
0.503818
0.631071
0.914193
0.274788
0.786457
0.52201
0.402123
0.248351
0.290175
0.716379
0.460864
0.677689
0.336403
0.343783
0.351662
0.215138
0.446385
1.07433
0.340363
0.750987
0.373662
0.154064
0.596546
0.303692
0.978503
0.944568
0.430944
0.54298
0.467959
0.306993
0.854024
0.668503
0.801557
0.885783
0.917293
0.526664
0.673985
0.329855
0.747579
0.5327
0.916905
0.77466
0.414934
0.711805
0.632348
0.659904
0.168748
0.643901
0.513473
0.211545
0.834099
0.399874
0.315824
0.474421
0.47156
1.13195
0.601666
0.822284
0.551892
0.37484
0.696267
0.642267
0.788304
0.538186
0.485965
0.277313
0.414688
0.721067
0.672156
0.549252
0.267229
1.03767
1.15338
0.497849
0.720709
0.331109
0.549715
0.536942
0.900445
0.87562
0.64704
0.771734
0.630675
0.831701
0.397757
0.677183
0.608276
0.879374
0.753175
0.937068
0.585517
0.645865
0.630543
0.57147
0.531133
0.837015
0.916368
0.718516
0.399496
0.286133
0.321878
0.971375
0.253883
0.691995
0.238789
0.209155
0.357146
0.510275
0.387367
0.597811
1.16251
0.737892
0.432464
0.487171
0.601701
0.17406
0.971694
0.647496
0.500297
0.437695
0.414988
0.829602
0.668934
0.225056
0.646321
0.771994
0.498599
0.50812
0.599306
0.514491
0.848182
0.467644
0.506791
0.665831
1.02674
0.965905
0.505027
0.272546
0.181584
0.465157
0.859258
0.361691
0.589999
0.384555
0.629833
0.38907
0.702713
0.316271
1.13559
0.524545
0.305408
0.959244
0.413632
0.212165
0.332367
1.02432
0.315998
0.583928
0.958073
0.454656
0.957755
0.789909
0.517251
0.46166
0.495865
0.549968
0.674149
0.340686
0.504298
0.437904
0.454862
0.324899
0.658305
0.780356
0.641005
0.466763
0.509189
0.393065
0.343627
0.760238
0.695417
0.527866
0.530721
0.149426
0.914765
0.816357
0.926491
0.190172
0.598987
0.69907
0.732332
0.438049
0.753745
0.387198
0.337782
0.228319
0.566302
0.441329
0.551328
0.554808
0.519753
0.520116
0.781594
0.584728
0.730308
0.375207
0.572412
0.472922
0.394336
0.413057
0.58727
0.560146
0.736409
0.583692
0.428142
0.66973
0.970546
0.402041
0.542768
0.512577
0.359637
0.27367
0.557893
0.934078
0.87948
1.27545
0.434423
0.436774
0.524745
0.459269
0.43156
0.290088
0.921844
0.49072
0.521572
1.17207
0.39049
0.618519
1.12855
1.05003
0.821601
0.196009
0.924324
1.23032
0.229638
0.878556
0.433584
0.661522
0.657068
0.88383
0.518399
0.347208
0.365206
0.586224
0.867957
0.70421
0.940831
0.725879
0.772896
0.613333
0.439374
0.255762
0.713521
0.0573805
0.617183
0.604454
0.356868
0.296356
0.576773
1.20311
0.232222
0.980465
0.535704
0.949007
0.953498
0.841823
0.485373
0.965754
0.429434
0.59747
0.568502
0.290642
0.268718
1.12138
0.583745
0.377409
0.658109
0.517063
0.427411
0.395018
0.61273
1.32062
0.454762
0.520046
0.476333
0.244705
0.508543
0.78661
0.734754
0.0595007
0.976186
1.17181
0.588826
1.03759
0.526935
0.493893
1.19967
0.442045
1.32058
0.890506
0.55745
0.393665
1.02229
0.465243
0.749596
0.0302175
0.428827
0.796997
0.760195
0.318342
0.629854
0.328475
0.540574
0.540488
0.75391
0.768912
0.420464
0.425161
0.606499
0.527188
0.372513
0.571449
0.24717
0.930024
0.497728
0.590166
0.502821
0.899457
0.871693
0.827999
0.516633
0.673043
0.79444
0.652773
0.448874
0.589019
0.442951
0.221837
0.625374
0.481809
0.367813
0.727936
0.909723
0.37181
0.415578
1.10865
0.433658
0.625883
0.527797
0.0389719
1.00605
0.568828
0.718282
0.426705
0.339501
0.596711
0.561307
0.354893
0.760538
0.83799
1.09413
0.919891
0.50894
0.363117
0.646835
0.940004
0.273518
0.714768
0.262623
0.493216
0.541492
0.530565
0.679948
0.919157
0.217798
0.25779
0.766493
0.918911
0.218331
0.764767
1.13109
1.39518
0.45223
0.987564
0.499638
1.0047
0.851042
0.658227
0.429597
0.547745
0.266386
0.395534
0.803054
0.4795
0.496361
0.624609
0.592287
0.394558
0.443635
0.452684
0.588759
0.943217
0.675242
0.38604
0.260646
1.28674
0.897487
0.93594
0.42104
0.710461
0.496986
0.64379
0.761214
0.49805
1.20001
0.483689
0.687846
0.539817
0.4855
0.475053
0.935769
0.598106
0.212394
0.701116
0.897284
0.5854
0.4501
0.449056
0.760882
0.470692
0.591364
0.610653
0.218012
0.27292
0.32197
0.30605
0.717924
0.513644
0.705847
0.377626
0.451291
1.05335
0.679031
1.22096
0.804883
0.741743
0.920097
0.850909
0.614328
0.667312
0.148448
0.653733
0.499145
0.133301
0.927751
0.354612
0.593411
0.16058
0.36859
0.653881
0.524323
0.329363
0.320921
0.664798
0.755234
0.607312
0.726159
0.413558
0.375195
0.706282
0.75693
0.336318
0.133141
0.551021
0.749407
0.77605
0.669984
0.441916
0.786847
0.869192
0.908454
0.416024
0.608489
0.494319
0.851678
0.750704
0.772879
0.495186
0.71929
0.927403
0.715928
0.841844
0.621883
0.749727
0.880666
1.01442
0.484268
0.721596
0.572458
0.828211
0.583621
0.173717
0.239735
0.516403
1.05769
0.48797
0.430484
0.955504
0.389392
0.865665
0.286256
0.832755
0.381736
0.42672
0.892573
0.73922
0.552495
0.845542
0.413097
0.584832
0.439155
0.816322
0.264371
0.6439
0.446959
0.619286
0.2991
0.544133
0.514361
1.25244
0.642324
0.414088
0.691276
0.826584
0.321172
0.756338
0.958513
0.597467
0.532456
0.385604
0.661608
0.545297
0.739864
0.491823
0.861924
0.766521
0.384456
0.508609
0.407187
0.214129
0.400724
0.407518
0.432883
1.15021
0.806218
0.192123
0.699406
0.96691
0.615343
0.787511
0.912071
0.677518
0.559852
0.922951
0.541237
0.711666
0.699209
0.582954
0.429149
0.634256
0.658497
0.377981
0.31035
0.563719
0.29156
0.419287
0.439511
1.02756
0.755905
1.02456
0.930199
0.411564
1.1311
0.608009
0.588361
0.704198
0.802127
1.01645
0.343426
0.720967
0.616735
0.514121
0.809917
0.714818
0.420863
0.597192
1.21753
0.514805
1.19862
0.454021
0.534697
0.520432
0.405472
0.35868
0.628225
0.638767
0.408985
0.59719
0.553562
0.690445
0.289858
0.685074
0.445191
0.303912
0.280026
0.65406
0.440831
0.430671
0.62242
0.48319
1.00422
0.70793
0.544262
0.472638
0.138208
0.420408
0.801175
0.969547
0.486265
0.415834
0.461876
0.39344
0.503823
0.655282
0.861659
0.922976
0.425462
0.198613
0.247745
0.624643
1.09285
1.13434
0.57253
0.813567
0.983347
0.512044
0.816592
0.383296
0.466101
0.474398
0.714321
1.01031
0.477876
0.941468
0.301182
0.290986
0.129171
0.81475
0.432115
0.882578
0.43357
1.05542
1.28721
0.354561
0.692104
0.335352
0.891437
0.814391
0.263055
0.476596
1.07965
0.79047
1.38013
0.449962
0.625618
0.610259
0.910099
0.332639
0.617353
0.793221
0.699171
0.192973
0.676583
0.857507
0.545645
0.385854
0.900824
0.88328
0.307564
0.61995
0.479318
1.25245
0.257324
0.618358
0.49388
0.269128
0.389049
0.479374
0.398754
0.202023
0.443261
0.508823
1.16909
0.128035
0.249609
1.04255
0.863682
0.75297
0.57973
0.393903
0.438762
0.33357
0.56724
0.570393
0.344237
0.386945
0.950728
0.768766
0.951568
0.612992
0.38644
0.574044
0.699907
0.570309
0.582337
0.253723
0.969192
0.4802
0.225249
0.391522
0.418107
0.489716
0.779809
0.193901
0.348348
0.481371
0.423577
0.469983
0.701002
0.366302
0.334716
0.457101
0.665822
1.22147
0.497017
0.676681
1.00592
0.182369
0.801756
0.583655
0.601517
0.33013
0.544434
0.502867
0.742076
0.590282
0.067077
0.324849
0.198448
0.835793
1.41781
1.08014
0.472409
0.922241
0.35067
0.591969
0.631034
0.47013
0.581817
0.47714
0.730959
0.0937616
0.400136
0.609735
0.482434
0.479307
0.324942
1.12395
0.620925
0.300261
0.40306
0.829243
0.380295
1.16662
0.459859
0.784704
0.89205
0.105162
0.38111
0.417178
0.270067
0.300363
0.542742
0.529665
0.31664
0.789293
0.617833
0.550883
0.354016
0.48306
0.642499
0.323443
0.433605
0.959892
0.357489
0.253796
0.495695
0.908953
0.199284
0.636836
0.584344
0.462184
0.621677
0.647029
0.500134
0.707062
0.217279
1.02682
0.959675
0.955413
0.821294
0.521969
0.965689
0.591237
0.509325
0.533987
0.428916
0.449418
0.506683
0.321064
0.415458
0.67665
0.755364
0.563388
0.311957
0.251197
0.357898
0.378255
0.149868
0.661695
0.791659
0.249587
0.532707
0.539161
0.322525
0.777087
0.387023
0.552545
0.21716
0.418804
1.01623
0.371665
0.531459
0.463243
0.534388
0.89036
0.67245
0.568672
0.288313
0.937475
0.931427
0.575594
0.651733
0.392095
0.509804
0.882518
1.0424
0.421292
0.410762
0.366233
0.633199
0.766543
0.809463
1.02276
0.666917
0.931323
0.872356
0.36945
0.778854
0.671178
0.595883
0.585065
0.471123
0.412678
0.795513
1.00493
0.544387
0.22031
0.700511
0.245652
0.964544
0.748031
0.557725
0.305877
0.80903
1.09655
0.761693
0.231387
0.963963
0.192321
0.514502
0.446248
1.04195
0.466863
0.906681
0.559687
0.939737
0.171196
0.619148
0.502044
0.907536
0.470137
0.489154
0.750785
0.256527
0.307215
0.4595
0.318855
0.456555
0.418267
0.577949
0.376364
0.391419
0.562044
0.300031
0.382813
0.767673
0.65565
0.258309
0.384682
0.678701
0.504152
0.722772
0.677181
0.696054
0.775333
0.405795
0.865683
0.505023
0.39381
0.232803
0.796407
0.416443
0.487605
0.933547
0.493871
0.504676
0.569182
0.488325
0.462393
0.299289
0.492032
0.552793
0.436261
0.800758
0.402309
0.381957
0.836488
0.745285
0.895326
0.461046
1.16367
0.844759
1.15338
0.365164
0.882552
0.303722
0.429043
0.698962
0.98421
0.418097
0.631344
0.409004
0.885163
0.477148
0.957968
0.503304
0.801868
0.469549
0.337962
0.673915
0.890722
0.533893
0.541784
0.195294
0.606356
0.122313
0.165236
0.758457
0.344392
0.671287
1.03089
0.679149
0.340746
0.707755
0.941332
0.60099
0.428104
0.973336
1.01329
0.410261
0.248233
0.721483
0.465561
0.612661
0.551023
0.565158
0.448852
0.803839
0.556372
0.479083
1.34191
0.792893
0.475814
0.307674
0.968425
0.335425
0.205913
0.0956414
0.520371
0.593351
0.602873
0.188257
0.443473
0.437668
0.520242
0.130493
0.546122
0.572703
0.530091
0.542667
0.928089
1.3122
0.559987
0.221165
0.415411
0.464107
0.743035
0.662481
0.427912
0.401858
0.76303
0.412462
0.127712
0.593804
0.684085
0.799637
0.988634
0.524521
0.435395
1.23932
0.676649
0.490305
0.511021
1.09525
0.534949
0.251563
0.255335
0.234421
0.771014
0.249036
0.216694
0.320492
0.616176
0.939533
0.700485
0.659292
0.357133
0.727799
0.379317
0.581488
0.476199
0.71184
0.750645
1.08244
0.644174
0.902322
0.734185
0.319668
0.402741
0.322294
1.02771
0.985842
0.985768
0.417997
0.567903
0.554161
0.556361
0.21107
1.09787
0.543774
1.10817
0.854439
0.931533
0.471794
0.871707
0.43455
0.588761
0.702825
0.366171
0.283453
0.495013
0.522379
0.404318
1.18458
0.300512
0.45897
0.778116
0.422537
0.501747
0.573943
0.528511
0.126301
0.173838
0.319702
0.80007
1.03719
0.548626
0.583514
0.319445
0.665042
0.620533
0.668121
0.409157
0.513158
0.36288
0.472242
0.604519
0.665888
0.583705
0.758154
0.210443
0.767894
0.751191
0.76624
0.261989
0.62777
0.529104
0.520418
0.499044
0.600542
0.297137
0.461982
1.0335
0.571588
0.559146
0.497392
0.339548
0.331991
0.471321
0.697787
0.601901
0.481339
0.606577
0.468823
0.814487
0.212298
0.62022
0.354988
0.860254
0.656825
0.640332
0.245277
0.445372
1.02426
0.606896
0.459339
0.95832
1.05877
0.62918
0.808361
0.888109
0.842434
0.397903
0.669643
0.894656
0.392772
0.27427
0.606088
0.519766
0.206624
0.182953
0.503539
0.419648
0.88603
0.728581
0.799831
0.428758
0.569236
0.257007
0.777939
0.458948
0.429129
0.956368
0.547044
0.739563
0.929799
0.56108
0.248891
0.507597
0.995399
1.08517
0.761142
