0.463987
0.88342
0.338171
1.13769
0.438579
0.769205
0.77632
0.329668
0.558144
0.294464
0.894343
0.666696
0.728152
0.358164
0.404828
0.46806
0.462871
0.443972
0.72118
0.62844
0.663115
1.23514
0.278215
0.276742
0.339444
0.284966
0.41133
0.743286
0.687836
0.575268
0.665521
0.368985
0.925856
0.569425
0.999152
0.436688
0.726884
0.749499
0.488948
0.419522
0.19839
0.788515
0.506962
0.524205
0.996082
0.297737
0.694269
0.142921
0.723159
0.822971
0.769217
0.340871
0.596879
0.711249
1.17945
0.310626
0.590446
0.225412
0.162414
0.237412
0.257764
0.723893
0.131647
0.929436
1.21368
0.595009
0.304905
0.270865
0.359657
0.839888
0.629168
0.486733
0.324993
0.242037
0.38083
1.04515
1.08009
0.422195
0.273176
0.3532
0.504317
0.373721
0.695969
0.710311
0.318606
0.621222
0.881355
0.39399
0.863142
0.291608
0.705666
0.835554
1.10148
1.2239
0.935235
0.29395
0.533177
0.6995
0.818182
0.627573
0.668987
0.398641
0.476739
0.840736
1.02199
0.339722
0.526538
0.281627
0.515708
1.23849
0.466294
0.652662
0.337719
0.499683
0.633737
0.353081
0.704229
0.815204
0.801227
0.913822
0.520289
0.36406
0.834132
0.44538
0.78864
0.556145
0.407449
0.33041
1.07805
0.991187
0.641861
0.623612
0.545289
0.783934
0.332359
0.156247
0.605916
0.699787
0.478647
0.370148
1.03727
1.05163
0.347773
0.382554
0.593335
0.348054
0.755155
0.29131
0.760207
0.805366
0.442417
0.767261
0.474731
0.404955
0.530175
0.432017
0.536673
0.342404
0.30792
0.934136
0.602277
0.423634
0.893886
0.368625
0.327954
0.901673
0.570872
1.12251
0.636685
0.629074
0.726182
0.804959
0.655129
0.36114
0.527502
0.421875
0.516749
0.203317
0.750408
0.782935
0.473525
0.793281
0.415402
0.757425
0.741508
0.806872
0.554764
0.622951
0.838685
0.439927
0.449939
0.598948
0.491614
1.09793
0.839276
0.521221
0.892852
0.813804
0.843714
0.343932
0.791101
0.44952
0.383151
0.636564
0.8575
0.553289
0.318019
0.803974
0.751831
0.528954
0.69086
0.279974
0.817637
0.675568
0.324683
0.818561
0.553003
0.868453
0.766948
0.626462
0.610066
0.386787
0.546824
0.682532
0.293499
0.412295
0.382609
0.305582
0.463765
0.682685
0.922989
0.684562
0.504613
0.542725
0.269945
0.509321
1.29616
0.268819
0.451825
0.712933
0.729725
0.477709
0.540215
0.402142
0.385382
0.88972
0.671094
0.580502
0.444991
0.425173
1.39478
0.866146
0.675295
0.746015
0.470397
0.321225
0.408481
0.130626
0.467669
0.831529
0.256716
0.518774
1.16459
1.03121
0.52097
0.492935
0.645983
0.354187
0.983416
0.479507
1.21833
1.05899
0.255109
0.432958
0.762693
0.0968944
0.521634
0.68815
0.662372
0.481995
1.01374
0.672918
1.14191
0.517342
0.427133
0.455901
0.974629
0.52925
0.0876532
0.483111
0.432539
0.657424
0.502213
0.444131
0.213396
0.382913
0.597282
0.615709
0.58953
0.57854
0.664586
0.783943
0.504779
0.432927
0.896142
0.257286
0.112217
0.338258
0.326599
0.772109
1.32276
0.209406
0.875584
0.903688
0.487684
0.746613
1.12459
0.991376
0.73888
0.537757
1.23906
0.199794
0.0881632
0.461896
0.483586
0.769168
0.980569
0.430678
0.828632
0.988588
0.319306
0.583648
0.192876
0.915941
0.534218
0.599405
0.838289
0.219423
0.603542
0.535117
0.91298
0.623975
1.09695
0.501894
0.442889
0.499942
0.44721
0.413885
0.425153
0.517828
0.433124
0.192288
0.786386
0.514821
1.1366
0.753806
0.599099
0.683696
0.613542
0.694121
0.880061
0.5623
0.259869
0.738858
0.738229
0.781017
1.18086
0.932842
0.432793
0.533686
0.816753
0.336095
0.579356
0.362888
0.820136
0.594395
0.670032
0.256018
0.425016
0.624712
0.330567
0.4377
0.493014
0.677963
0.663624
0.680466
0.416615
0.323275
0.68948
0.368865
0.750542
0.883806
0.839855
0.160228
1.04957
0.575512
0.42165
0.450316
0.889773
0.881617
0.595543
0.844791
0.969988
0.592675
0.543186
0.200697
0.647025
0.673117
0.745028
0.376394
0.465038
0.845857
0.501145
0.79975
0.677761
0.367187
0.381899
0.426546
0.209565
0.696487
1.01187
1.01571
0.322126
0.256992
0.643478
0.543361
0.263004
0.725888
0.441739
0.825337
0.869354
0.42388
0.329423
0.1427
0.783443
0.856856
0.593779
0.707689
0.927098
0.69933
1.30917
1.04419
0.996014
0.551161
0.423992
0.609902
0.486745
0.644164
0.561707
0.402857
0.837412
0.237007
0.631448
0.853461
0.663598
0.313328
0.870288
0.537347
0.431418
0.355775
0.591532
0.341542
0.564274
0.366735
0.792477
0.317982
1.00044
0.616976
0.504699
0.787071
0.647865
0.317578
0.902175
0.720967
0.911993
0.779204
0.253048
0.432807
0.440065
0.609117
0.899705
0.213135
0.151036
0.403675
0.317188
0.74197
0.681493
0.230348
0.624837
0.173904
0.67082
0.700864
0.586529
0.881194
0.394485
0.204569
0.904855
1.13561
1.03863
0.762614
0.291624
0.846877
0.950887
0.695842
0.685658
0.636457
0.655272
0.55491
0.818349
0.272053
0.328121
0.63271
0.32726
0.992663
0.661266
0.513497
0.391216
0.903206
0.433176
0.78354
0.785231
0.467762
0.685532
0.710664
0.486843
0.926989
0.551481
0.667143
0.526716
0.700981
0.39713
0.658178
0.55598
0.619907
0.223828
0.58054
0.253176
0.464908
0.647747
0.332005
0.202677
0.306689
1.05765
1.12258
0.539047
0.138428
0.710408
1.00745
0.821009
0.927791
0.740474
1.009
0.374364
0.543244
0.564238
0.726904
0.68759
0.791587
0.815315
0.496504
0.747651
0.523884
0.788345
0.618147
0.418033
0.386943
0.642112
0.127569
0.618448
0.830983
0.293022
0.243023
0.258303
0.861707
0.587096
0.344861
0.533782
0.121747
0.708548
0.957792
1.0825
0.751869
0.987181
0.475486
0.645377
0.75536
0.715368
0.890489
0.86716
0.508856
0.399149
0.942642
0.392862
0.82468
0.583964
0.494393
0.528667
0.693765
0.569095
0.740339
0.67619
0.160238
0.351761
0.64039
0.619927
0.862016
0.648182
0.437468
0.852946
0.191044
0.205371
0.583843
0.68275
0.863105
0.428571
0.533492
0.480763
0.615907
0.242839
1.24602
0.445785
1.21607
0.184346
0.517673
0.31415
0.752547
0.426511
0.290826
0.277524
0.803101
0.778529
0.910167
0.373172
0.785953
0.116268
0.250246
0.567728
0.673494
0.435655
0.542753
0.317221
0.908733
0.659068
0.413318
0.529773
0.917302
0.66776
0.53036
0.819519
0.358658
0.82659
0.229098
0.702646
0.692048
1.17182
0.403148
0.61137
0.66545
0.429144
0.52555
0.677439
0.619743
0.189731
0.18912
0.315781
0.902898
0.516156
0.459793
1.0186
0.640873
0.355858
0.703451
0.679714
0.28586
0.84298
0.668896
0.844043
0.652956
0.413544
0.678234
0.647653
0.668929
0.616992
0.412572
0.529816
0.45092
0.387265
0.339011
0.359324
0.577504
1.01597
0.620233
0.392214
0.469697
0.659114
0.915204
0.665223
0.65523
0.518682
0.449371
1.10879
0.810411
0.501094
0.845661
0.58167
0.763099
0.370863
0.682997
0.519086
0.897196
0.83795
0.662096
0.714557
0.86228
0.816216
0.39638
0.82926
0.782129
0.734004
0.760972
0.967775
0.862401
0.639687
0.958994
0.390748
0.535842
0.843253
0.68781
1.22476
0.629851
0.686566
0.421338
0.683288
0.823159
0.911581
0.442018
0.696361
0.729106
0.503686
0.755555
0.390796
0.849774
0.709065
0.917152
0.587266
0.647031
0.652701
0.470522
0.38344
0.807023
0.629092
0.482231
0.632521
0.257943
0.385222
0.81402
0.520806
0.605314
0.588635
0.840139
0.34775
0.732288
0.653685
0.861516
0.225713
0.329204
0.59632
0.52396
0.152269
0.773277
0.885095
0.582576
0.580538
0.565194
0.410121
0.585417
0.45086
0.228023
0.513368
0.351585
0.696522
0.736722
0.735703
0.976312
0.287847
0.479212
0.499742
1.17343
0.857304
0.573195
0.24623
0.650889
0.644871
0.431292
0.354914
0.851568
0.413613
0.921941
0.516826
0.344346
0.231355
0.804324
0.753526
0.456362
0.858716
0.509615
0.428559
0.59041
0.598176
0.415974
0.606567
0.83658
0.583492
0.686402
0.0873255
1.02471
0.291822
0.680294
0.662996
0.624995
0.379464
0.909281
0.376653
0.35605
0.597814
0.574381
0.0929259
0.570582
0.716321
0.787309
0.567888
0.312432
0.792947
0.480468
0.62831
0.8178
1.00394
0.343519
0.795467
0.832322
0.406298
0.697575
0.896898
0.936478
0.881094
0.298909
0.275631
0.571476
0.695982
0.59752
0.626407
0.31271
0.512562
0.62658
0.472853
0.723279
0.579178
0.319852
0.403638
1.38022
0.712095
0.573658
0.557191
0.300629
0.958106
0.353821
1.0469
0.819883
0.543611
0.466151
0.470178
0.571101
0.703687
1.24801
0.554599
0.421044
0.283092
0.722102
0.546194
0.577078
0.512836
0.292276
0.970278
0.594539
0.416767
0.775077
0.660773
0.462231
1.0281
0.987992
0.976903
0.820005
0.255795
0.649793
0.211062
0.346333
0.23599
0.670633
0.639139
0.558431
0.210623
1.21344
0.901229
0.342205
0.347042
1.11785
0.724831
0.752662
0.595997
0.544749
0.643418
0.600632
0.835799
0.743219
1.27566
0.64279
0.836769
1.19791
0.172226
0.473813
0.71405
0.732838
0.713744
0.722816
0.819223
0.391979
0.806895
0.556768
0.944014
0.626433
0.218386
0.600833
0.498367
0.481016
1.32363
0.344717
0.493108
1.30131
0.914123
0.846253
1.30242
0.480309
0.412754
0.58102
0.601096
1.0145
0.617345
0.704463
0.63322
0.682329
0.910975
0.251408
0.729145
0.523833
0.725074
0.387931
0.886676
0.987901
1.11053
0.433659
0.816013
0.488906
0.563294
0.344627
0.943978
1.09596
0.848606
0.722184
0.930398
1.0619
0.467655
0.438394
0.371515
0.471125
0.302789
0.413265
1.41313
0.959467
0.714345
0.110883
1.14004
0.574789
0.379957
0.43248
0.61591
0.494959
0.89177
0.417935
1.13339
0.402875
1.28592
0.309915
0.487711
0.0377147
0.924008
0.306523
0.377712
0.444914
1.33289
0.417328
0.22574
0.621291
1.25818
0.829981
1.16429
0.725596
0.788605
0.669948
0.601244
1.05859
0.933889
0.363539
0.886788
0.557315
0.320658
0.718353
0.284491
0.57108
0.576354
0.325456
0.555247
0.762048
0.977489
0.392996
0.333564
1.2544
0.527326
0.420481
0.767511
0.454374
0.5407
0.537801
0.541564
0.575755
0.568703
0.699863
0.835179
0.251668
0.679199
0.173489
0.999196
0.138301
0.44872
0.53789
0.216778
0.293865
0.849984
0.709071
0.664306
0.524825
0.390155
0.397645
0.45943
0.940865
0.582965
0.634382
0.638132
0.425055
0.546308
0.790383
0.0393874
0.836128
0.385062
0.570723
0.5172
0.37204
0.415579
0.47861
0.363567
0.718374
0.694351
0.642271
0.391271
1.23654
0.885919
0.308357
0.970593
0.608164
0.416464
0.450684
0.846934
0.683966
0.4393
0.684028
0.859524
0.476774
0.210886
0.471376
0.699899
0.785266
0.44482
0.277201
0.451452
0.785137
0.655079
0.129695
0.500358
0.913428
0.557613
0.284489
0.690461
0.937907
0.785609
1.24727
0.899094
0.559253
0.514783
0.792638
0.73946
0.306435
0.471816
0.277365
1.0925
0.64027
0.471999
0.508403
0.431436
0.196722
0.760295
0.720761
0.782435
0.451655
0.5639
0.116104
0.475461
0.588074
0.503717
0.343582
1.34178
0.360566
0.396635
0.30811
0.77087
0.730042
0.660837
0.669293
0.861573
0.436209
0.344632
0.637907
0.498256
0.572801
0.492477
0.451591
0.500818
0.614395
0.908536
1.04157
0.05186
0.803697
1.04564
0.551022
0.713548
0.340597
0.280989
0.762543
0.622971
0.55456
0.514368
0.829115
0.673013
0.849384
0.87586
0.425319
0.655515
0.576531
0.940551
0.308851
0.594737
0.814186
0.281423
0.351465
0.653878
0.628554
0.483116
0.565313
0.7331
1.01594
0.663326
0.39676
0.695311
0.360401
0.551227
0.285651
0.635038
0.419899
0.691984
0.521421
0.526363
0.577715
0.693465
0.715537
0.551268
0.745366
1.07165
0.728752
0.495934
0.495869
0.359853
0.478742
0.583971
1.09746
0.959984
0.602683
0.387784
0.178628
0.279174
0.861836
0.357247
0.766046
0.48203
0.579743
0.542996
0.514998
0.948489
0.471705
0.423798
0.40603
0.135073
0.758209
0.586274
1.33501
0.73531
0.609586
0.726104
0.801958
1.01106
1.17289
0.575472
0.696974
0.451033
0.517519
0.639385
1.09996
0.577867
0.587157
0.780621
0.658362
0.378048
0.712275
0.499192
0.775311
0.15398
0.603895
0.679608
0.310242
0.849317
0.600679
0.345361
0.622506
1.21455
0.694906
0.853897
0.560499
0.330668
0.697261
0.561531
0.774586
0.911668
0.610847
0.380534
0.710188
0.353646
0.440177
0.660764
0.354972
0.54836
0.358244
0.101982
0.414402
0.524926
0.567635
0.504884
0.465233
0.407409
0.345115
0.38862
0.32267
0.869387
0.60345
0.449323
0.721523
0.489193
0.544798
0.64016
0.789677
0.610503
0.470198
0.831724
0.262931
0.572211
0.547719
0.157916
0.572065
0.442919
0.719941
1.16418
0.911663
0.610406
0.539734
0.535391
0.394632
0.430299
0.16914
1.08908
0.390097
0.456258
0.87226
1.06737
0.421262
0.1135
0.38184
0.752821
0.583797
0.66654
0.980465
0.512999
0.573171
0.765395
0.803887
0.583707
0.597431
0.70708
0.515655
0.238402
0.681285
0.498462
0.270724
0.412179
0.74561
0.483453
0.109534
0.573797
0.994569
0.375781
0.46725
0.417747
0.70018
0.609726
0.407896
0.548985
0.427619
0.608852
0.555618
0.620224
0.457864
0.710839
0.596165
0.949702
0.619349
0.540782
0.648876
0.329778
0.731529
0.833636
0.31986
0.436857
0.725157
0.651262
0.995997
0.459524
0.580318
0.400015
0.755162
0.465213
0.434943
0.592726
0.125272
0.471159
0.691209
0.560064
0.428643
0.348697
0.449155
0.490655
0.634931
0.36405
0.685895
0.784671
1.13977
0.951827
0.421388
0.494313
0.85762
0.394053
1.15275
1.00017
0.348415
0.580776
0.392472
0.269234
0.102835
0.764446
0.391284
0.781511
0.560646
1.09489
0.580268
0.761277
0.237157
0.623906
1.03752
0.813908
0.925778
0.673311
0.912755
0.769934
0.749244
0.328876
0.195171
0.567732
0.883053
0.526729
0.621959
0.404511
0.327204
0.375902
0.35865
0.647207
0.49813
0.230319
0.623306
0.450869
0.454273
0.848478
0.927471
0.56586
0.386728
0.3195
0.685928
0.7846
0.827423
0.612432
0.749094
0.226825
0.881276
0.2777
0.630838
1.09964
0.50187
0.396797
0.636442
0.779656
0.130693
0.679384
0.935775
0.48832
0.719631
0.345144
0.439744
0.362294
0.716909
0.731991
0.253673
0.500665
0.966876
0.691169
0.477673
0.575354
0.869848
0.383397
0.71246
0.440002
0.385633
0.670964
0.557255
0.582661
0.772922
0.439052
0.766049
0.736157
0.589555
0.617924
0.40507
0.323889
0.524466
0.650671
0.518191
0.81911
0.690926
0.570151
0.683268
0.483515
0.386556
0.491964
0.699393
0.906483
0.645856
0.476327
0.387392
0.816564
0.435303
0.721193
0.827674
0.765678
0.934005
0.687258
0.541577
0.793755
0.46581
0.575533
0.258596
0.781136
0.72089
0.496789
0.81302
0.5795
0.279297
0.525121
0.43217
1.06119
0.770302
0.909615
0.543332
0.589323
0.408815
0.838348
1.02637
0.490569
0.661512
0.648974
0.615739
0.491372
0.633311
0.573651
0.529927
0.485558
0.510926
0.492552
0.580333
1.03441
0.0749748
0.839368
0.520871
0.648206
0.223872
0.4212
0.520254
0.164798
0.706952
0.36017
1.10361
0.696514
0.219116
0.801286
0.740848
0.659809
0.599694
0.739996
1.04328
0.93759
0.726386
0.329111
0.604314
0.601885
0.480232
0.588544
0.463228
0.250764
0.523065
0.340095
0.708967
0.609233
0.685205
0.967773
0.498956
1.00923
0.707719
0.369266
1.06924
0.799462
0.586554
0.391238
0.787838
0.64865
0.754199
0.939291
0.471038
0.496341
0.843099
1.27206
0.597747
0.626537
0.777685
0.499911
0.703193
0.27642
0.389514
0.166313
0.193127
0.96242
0.719938
0.390775
0.844724
0.299889
0.509497
0.650748
1.30114
0.486487
1.10804
0.388704
0.953378
0.421608
0.908643
0.524419
0.772827
0.741113
0.311307
0.316032
0.244232
0.225489
0.485895
0.468401
0.665776
0.802936
0.494653
0.397331
0.614397
0.672279
0.562876
0.563369
0.530402
0.487662
0.253293
0.367685
0.0758124
0.594811
0.459177
0.493379
0.48704
0.437824
0.593511
1.15317
0.53178
0.72536
0.455922
0.850202
0.495555
0.701316
0.915352
0.254259
0.341508
0.863122
0.301696
1.05371
0.402076
0.26476
0.680542
0.619033
0.475475
0.552021
0.68628
0.839503
0.380474
0.710571
0.453576
0.644747
0.491078
0.434428
0.588745
0.679219
0.645521
1.14366
0.716647
0.185687
1.04091
0.395952
0.797554
0.529256
0.0931465
0.65991
0.424239
0.714848
0.708612
0.383503
0.241028
0.412249
0.303422
0.579409
0.709833
0.877811
0.358903
1.01169
0.356422
0.729
0.357301
0.39288
0.376979
0.503225
0.531151
1.14443
0.891893
0.216658
1.24036
0.655403
0.809946
0.441023
0.285298
0.757537
0.655893
0.324585
0.397666
0.433999
0.508137
0.447448
0.490196
0.408051
0.446392
0.198219
0.357826
0.85686
0.938453
1.14415
0.504398
0.917008
1.07029
0.404976
0.160227
0.564625
0.415665
0.397743
0.396063
0.409866
0.908595
0.32464
0.577101
1.14731
0.489665
0.148393
0.691405
0.936223
0.447506
0.572331
0.356205
0.479071
0.513232
0.726638
0.389161
0.985782
0.449513
0.920396
0.156781
1.05313
0.600553
0.734431
0.255067
0.418781
0.31822
0.364733
0.555876
0.196753
1.00307
0.537237
0.664069
0.726005
0.348338
1.06294
0.356107
0.230244
0.598381
0.759708
1.06721
0.737925
0.964671
0.912468
0.272222
0.93
0.987677
0.592043
0.747145
0.808522
0.472877
1.13325
0.610302
0.77601
1.11956
0.689168
0.548381
0.24336
0.667641
0.738278
0.608869
0.41115
0.426273
0.286962
1.0234
1.22124
0.441518
0.588574
0.44853
0.672428
0.934001
0.703682
0.744934
0.763051
0.617681
0.535993
0.653525
0.72298
0.460325
0.509219
0.546334
0.598606
0.340271
0.321484
1.06279
0.47288
0.193864
0.762845
0.373654
1.10171
0.151815
0.222193
0.231705
0.488797
0.514873
0.814718
0.64048
0.505042
0.590561
0.572077
0.647867
0.550388
0.744491
0.519746
0.295154
0.566884
0.0983425
0.598169
0.751047
0.37037
0.436146
0.545744
0.461244
0.771813
0.740033
0.739959
0.536949
0.788115
0.532716
0.374387
0.393852
1.14775
0.839031
1.22449
0.30967
0.82787
0.591212
0.778796
0.556926
1.14761
0.325658
0.18196
0.72074
0.626164
0.890122
1.24113
1.04142
0.375504
0.494908
0.660526
1.16737
0.712075
0.607425
0.557215
1.32331
0.443601
1.11066
0.553787
0.805651
0.630391
0.591735
0.877442
0.293308
0.759109
1.05439
0.795674
0.365047
0.748538
0.589656
0.56597
0.273884
0.873928
0.745058
0.522197
0.428057
0.616684
1.1446
0.222144
0.818304
0.83739
0.330645
0.832796
1.11951
0.932636
1.09612
0.83318
0.258523
0.682073
0.794364
0.843102
0.452442
0.48833
0.311114
0.699849
0.545524
0.463506
0.345003
1.02894
0.349378
0.652124
0.454958
0.243309
0.85761
0.96868
0.76769
0.349364
0.461145
0.68642
0.266808
0.732541
0.49558
0.484184
0.533152
0.362072
0.426727
0.349923
0.826125
0.462218
0.88262
0.751145
0.444353
0.338174
0.717925
0.722078
0.496145
0.687422
0.690694
0.391114
0.314205
0.874322
0.644503
0.529037
0.469363
0.420081
0.517881
0.435809
0.336514
0.423661
0.800369
0.724689
0.532578
0.812258
0.400968
0.304029
0.783231
0.630335
0.511898
0.486137
0.768752
0.889609
0.556796
1.07228
0.309101
0.961653
0.515486
0.338334
0.616403
0.251135
0.700204
0.485842
1.00677
0.547176
0.217729
0.724873
0.723502
0.884565
0.308047
1.03535
0.537558
0.390366
0.547072
0.560544
1.27046
0.70771
0.429712
0.408412
0.554471
0.670983
0.690538
0.467083
0.939704
0.626547
0.818046
0.353536
0.508104
0.598288
0.636872
1.13856
0.62193
1.13871
0.773286
0.520066
0.378712
0.971342
0.779899
0.391314
0.529477
0.570914
0.214188
0.651333
0.209792
0.797952
0.511541
0.39813
0.335809
0.773338
0.563001
0.778488
1.48388
0.543305
0.397543
0.467952
0.283134
1.02331
1.00493
0.64806
0.313315
0.798633
1.03069
0.231813
1.27281
0.793143
0.390315
0.555161
0.934395
0.699747
0.872221
0.268014
0.442551
0.689923
0.910539
0.425757
0.404549
0.212094
0.286615
0.783343
0.303953
0.592169
1.07822
0.749437
0.635211
0.656645
0.610884
0.653487
0.88887
0.55925
0.757331
0.484484
0.854466
0.386864
0.441901
0.323463
0.641887
0.86963
0.116765
0.337661
0.882575
0.472693
1.14098
0.248986
0.508308
0.498363
1.02845
0.630618
0.456896
0.165643
1.00896
0.27577
0.220045
0.342399
0.608608
0.370401
0.2333
0.500914
0.558295
0.754889
1.11397
0.578071
0.757476
0.73892
0.497557
0.375448
0.530935
0.191948
0.570266
0.542653
1.14169
0.850249
0.678359
0.546081
0.964903
0.491818
0.46156
0.56892
0.884043
0.806004
0.989357
0.616484
0.358522
0.258758
0.293182
0.892038
0.400482
0.935483
0.599157
0.689155
0.914276
0.375948
0.667363
0.68821
0.568707
1.03596
0.528801
0.627353
0.57589
0.734754
0.933898
0.644472
1.13269
1.25054
0.557681
0.449012
0.273072
0.486187
0.849049
1.0547
0.450603
0.392787
0.290926
0.718747
1.08871
0.505178
0.721552
0.734487
0.326189
0.373189
0.775559
0.924544
1.19055
0.737518
0.27894
0.48017
0.753863
0.22282
0.923843
0.373455
0.507905
0.824994
0.575968
0.764997
0.741792
0.741272
1.04976
0.901348
0.927817
0.302082
0.722107
0.680693
0.683046
0.526145
0.659804
0.624669
0.43235
0.654346
1.18569
1.23831
0.83339
0.745133
0.392464
0.939345
0.469811
0.944327
0.455356
0.39444
0.527633
0.910169
0.711765
0.815244
0.462196
0.980388
0.77518
0.593922
0.464592
0.827554
0.736479
0.515633
0.455273
0.912667
0.840525
0.736863
0.621667
1.00464
0.825314
0.960503
0.213727
0.548524
1.1933
0.317712
0.264871
0.527554
0.965326
0.29208
0.709886
0.625877
0.509666
0.597047
0.28762
0.607208
0.481899
0.773125
0.482369
0.458021
0.378342
0.838042
0.942303
0.591211
0.941205
0.275066
0.547706
0.519765
0.399695
0.87647
0.49354
0.37197
0.940771
0.777515
0.415831
1.05458
0.710225
0.398993
0.181543
0.922046
0.66662
0.717293
0.744494
0.342358
1.16369
0.595636
0.0979502
0.685756
0.564616
0.418508
0.454197
0.722897
0.385015
0.332786
0.727633
1.10725
0.686735
0.419096
1.00354
0.468768
0.253917
0.810125
0.330295
1.07265
0.280662
0.461783
0.569881
0.778622
0.579241
0.542177
0.474259
0.371798
1.11763
0.495268
0.346207
0.389231
0.935929
0.282974
0.72168
0.806702
0.824789
0.666025
0.749134
0.406041
0.538832
0.726685
0.840025
0.243574
0.680025
0.798006
0.823307
0.373011
0.655903
0.745529
0.659118
0.721998
0.323648
1.00924
0.548839
0.736022
1.18385
0.979594
0.902993
0.584138
1.10352
0.315562
0.542054
0.691134
0.392853
0.135903
0.746276
0.843145
0.643972
0.368942
0.665178
0.279304
1.01154
0.537483
0.313567
0.776699
0.437719
0.576336
0.331009
0.464761
0.768302
0.215133
0.4895
1.31035
0.652765
0.323795
0.586446
0.383732
0.759255
0.909614
0.859018
0.612
0.21038
0.82258
0.822563
0.607284
0.633337
0.190541
0.931198
0.790174
0.597485
0.560567
0.659111
0.699837
0.428352
0.557442
0.600616
0.481261
0.936161
0.817117
0.82349
0.806324
0.242449
0.835347
0.61635
0.383878
0.809811
0.349021
0.563823
0.797441
0.737139
0.138235
0.679909
0.687312
0.864662
0.403365
0.879366
0.320489
0.389372
0.362389
0.602064
0.455648
0.890176
0.407853
0.367744
0.491242
0.812735
0.384293
0.333058
1.48615
0.481242
0.659767
0.627568
0.45634
0.395814
0.959178
0.386626
0.488185
0.655748
0.201178
0.541615
0.340611
0.317846
1.10969
0.550946
0.799254
0.598061
0.6457
0.618494
0.374199
0.794131
0.837852
0.482055
0.854045
0.216428
0.99941
0.633865
0.424823
0.26094
0.622061
0.74809
0.649401
0.972746
0.514388
0.444284
0.481617
0.760444
0.886329
0.645875
0.527223
1.15894
0.720921
0.487146
0.703002
0.728066
0.812005
0.581349
0.642319
0.209299
0.456019
0.760502
0.521433
0.956658
0.804472
0.419717
0.754163
0.740379
0.314528
0.809865
0.832472
0.432412
0.536733
0.55805
0.565963
0.687919
0.879521
0.70454
0.546081
0.80194
0.542682
0.415329
0.452409
0.594252
1.18354
0.975382
0.493495
0.661092
0.362744
0.218208
0.978666
0.633238
0.897075
0.526682
0.381308
0.715985
0.993839
0.688254
0.320976
0.481194
0.845239
0.69078
0.478148
0.670286
0.533954
1.28137
0.803745
0.439616
0.536979
1.05811
0.805271
0.508247
0.498032
0.849547
1.00247
0.0847647
0.816619
0.733397
0.551902
1.03546
0.350599
0.506617
1.06267
0.776127
0.439088
0.259026
0.772324
0.852433
0.783614
0.770229
0.315093
0.491717
0.53871
0.414497
0.424446
0.515081
1.18566
0.939519
0.535752
0.355779
0.530432
0.442823
1.01414
0.362008
0.477715
0.731939
0.472897
0.372487
0.848544
0.381839
0.427735
0.656693
0.813548
0.474694
0.342513
0.672893
0.483276
0.158133
1.11968
0.351361
0.381872
0.361468
0.432236
0.959673
0.824939
0.402035
0.402816
0.366155
0.404069
0.0798777
0.913154
0.786774
0.200141
0.563628
0.286031
0.521972
0.577389
0.557015
0.447953
0.238345
0.540602
0.224961
0.189496
0.857828
1.10385
0.717836
0.542873
0.868534
0.799492
0.775557
0.538514
1.06616
0.446315
1.03669
0.718822
0.592357
0.453462
0.555992
0.52522
0.616702
0.872264
0.463039
1.15936
0.379444
0.503606
0.617645
0.645699
0.657979
0.530456
0.354223
0.357093
0.500953
0.289069
0.158068
0.740821
0.823501
0.723964
0.528688
0.301041
0.27988
0.782795
0.470151
0.758241
0.477698
0.710352
0.469053
0.601774
0.381197
0.291833
0.213123
0.164813
0.262957
0.539498
0.827913
0.334497
0.948025
0.627138
0.233622
0.523909
0.297476
0.649405
1.34383
0.926706
0.199203
0.9673
0.264729
0.690609
0.487996
0.639387
0.623495
0.619266
0.456417
0.594933
0.50549
0.76393
0.690706
0.487293
0.798687
0.29664
0.211157
0.984371
0.37438
0.0629456
1.19603
0.848655
0.49963
0.689611
0.592442
1.02183
0.34928
0.334111
1.0795
0.522295
0.350663
0.491798
0.435741
0.539726
0.763466
0.902472
0.765694
0.292873
0.34694
0.659288
0.787671
1.09127
0.453355
0.621732
0.875868
0.232108
0.343304
0.731941
0.700889
0.933353
0.350825
0.667931
0.654277
0.541116
0.554936
0.702132
0.30932
0.722764
0.657106
0.745652
0.506845
0.712157
0.831106
0.735141
0.25383
0.432919
0.667453
1.07555
0.871766
1.09825
0.67751
0.436719
0.504733
0.32514
0.981839
0.276108
0.497773
0.630117
0.478904
0.713217
0.564505
0.645454
0.504556
0.373551
0.777701
0.52677
0.895863
0.548203
0.704822
0.156201
0.301316
0.546081
0.587762
0.541385
0.745555
0.607195
0.795269
0.625571
0.898041
0.848104
0.481262
0.381919
0.998233
0.480093
0.835403
0.508125
0.736335
1.16554
1.42772
0.554907
0.651807
0.904434
0.521055
0.60769
1.05543
0.280521
0.542149
1.03676
0.407206
0.462971
1.22127
0.81337
0.556493
0.796577
0.581189
0.630118
0.681747
1.19144
0.553818
0.809389
0.751882
0.557067
0.533998
0.714726
0.63899
0.421901
0.202513
0.773166
0.953425
0.9428
0.918322
0.58089
0.869912
0.280594
0.899866
0.418077
0.69679
0.550553
1.17571
0.511021
0.708515
0.771622
0.439269
0.183754
0.419877
0.647498
0.362319
0.705945
0.388635
0.547103
0.619054
0.410602
0.450606
0.886996
0.290425
0.723
0.314106
0.200111
0.723296
0.737576
0.40702
0.206522
0.631112
0.42427
0.796052
0.517049
0.438645
0.975291
0.107092
0.920793
0.782652
0.53383
0.433343
0.700444
0.274142
0.137534
0.468822
0.169486
0.304533
0.19084
0.543426
1.01975
0.42
0.388607
0.984868
0.661072
0.866344
0.755122
0.280901
0.982834
0.768562
0.633085
0.805794
0.54027
0.354291
0.624659
0.830743
0.467526
0.607183
0.312512
0.260848
0.637387
0.362197
0.787112
0.365444
0.121901
0.665471
0.704747
0.607582
0.882931
0.457918
0.612685
0.501926
0.594366
0.914925
0.685205
0.589842
0.292622
0.647886
0.643389
0.812746
0.533828
0.674468
0.612453
0.469984
0.432422
0.433746
0.313246
0.163486
0.171967
0.992468
0.975891
0.879515
1.01554
0.746663
0.642134
1.1204
0.818194
0.723731
0.537237
0.309317
0.91163
0.671746
1.07468
0.452774
0.775314
0.72223
0.569438
0.122163
0.811669
0.347748
0.647784
0.840586
0.437072
0.613893
0.905459
0.569926
1.00136
0.502173
0.8396
0.455686
0.532248
0.772965
0.202172
1.04709
0.503673
0.873749
0.57917
0.61238
0.632758
0.46752
0.388663
0.185479
0.580783
0.695197
0.809385
0.535039
0.420022
0.672203
0.577641
0.842366
0.855706
0.589944
0.632849
0.467239
0.439182
0.657371
0.554145
1.32806
0.457062
0.739545
0.868894
0.488779
0.839657
0.391311
0.55482
0.246918
0.756613
0.773241
0.469276
0.772502
0.647165
0.451191
0.638348
0.858347
0.539103
0.547587
0.662605
0.256835
0.546729
0.622585
0.777104
0.872697
1.09954
0.660267
0.608192
0.61471
0.691541
0.458807
0.680652
0.579085
0.273282
0.266888
0.767534
0.565494
0.393414
0.57948
0.570301
0.880107
0.785404
0.452484
0.520272
0.345977
0.81868
0.477894
0.614324
0.212688
0.866587
0.497345
0.641565
0.605235
0.643001
1.02938
0.183171
0.5165
0.87112
0.647892
0.870143
1.0912
0.768966
0.621269
0.73031
0.33556
0.603775
0.673315
0.400959
0.560116
0.670915
0.701212
0.708371
0.386526
0.999094
0.865559
0.568924
0.627371
0.396796
1.20368
0.641891
0.532218
0.512198
0.413879
0.485181
0.391555
0.503884
0.301578
0.255779
1.10532
0.18346
0.366827
0.58405
0.918421
0.457776
0.646158
0.520569
0.615513
0.350431
0.520885
0.140821
0.293756
0.346268
1.36223
0.6851
0.489593
0.747948
0.529426
0.292336
0.652046
0.517869
0.564791
0.628898
0.481544
0.233323
0.52861
0.227457
0.975115
0.823546
0.739075
0.739517
0.117543
1.01323
0.603457
0.700933
0.643638
0.53437
0.385999
1.06135
1.05317
0.698382
0.314694
1.04835
0.338194
0.956481
0.566522
1.00265
0.219979
0.815051
1.05768
0.351663
0.719341
0.411177
0.650379
0.597158
0.664777
0.612767
0.783185
0.82154
0.454081
1.02095
0.681089
0.75489
0.713838
0.472773
0.917478
1.16802
0.537139
0.559715
0.878332
0.870147
0.770961
0.566422
0.244528
0.675492
0.498945
0.734576
0.32637
0.530966
0.788645
0.563826
0.382708
0.73453
1.02515
0.423693
0.627524
0.496838
0.177724
0.670645
0.536916
0.504361
0.478755
