0.464039
1.28741
0.883321
0.338919
1.12592
0.807935
0.438454
0.769136
0.776821
0.325024
0.556476
0.294038
0.918228
1.43043
0.668068
0.359182
0.947468
0.468852
1.44256
0.462881
0.89773
0.444155
0.721681
1.15111
0.628857
0.842694
0.663215
1.23521
0.278045
0.895486
0.33972
0.285077
0.411426
1.34363
1.44902
0.688009
0.564239
0.665521
0.374868
1.00889
0.91578
0.78191
0.648494
0.999169
0.435627
0.726217
0.750071
0.490347
0.846959
1.28008
0.418881
1.2009
0.683105
0.200165
0.786269
0.506962
0.706732
0.819544
0.523133
0.995463
0.30477
0.695296
0.140848
0.851856
0.72183
0.823579
0.7698
0.341202
0.770675
0.595329
0.709549
1.18038
0.308218
0.589659
0.226345
0.237575
0.195084
0.72245
0.131617
0.790551
1.21367
0.596233
0.306243
0.715216
0.2698
0.890864
0.361642
1.30781
0.879141
0.851558
0.689049
0.625738
0.486709
0.324844
0.242037
1.05537
1.41844
1.08164
0.422059
0.85419
0.275304
0.352751
0.504437
0.375555
0.695186
0.600693
0.297142
0.708977
0.318203
1.03384
0.618816
0.916309
0.395578
0.863142
1.01244
0.597467
0.308435
0.709592
0.836426
0.673654
1.17523
1.10133
1.2239
0.934835
0.82614
0.292926
0.531924
1.21496
1.00568
0.819579
1.01662
0.817431
0.629841
1.08284
0.669478
0.396445
1.03105
0.478479
0.799618
0.840403
1.02203
0.829685
0.780213
1.31408
0.339622
0.526538
1.10416
0.280389
0.519686
1.23866
0.577212
0.89909
1.08627
0.908628
0.642223
0.722568
0.465328
0.85512
0.652559
1.23482
0.340224
0.499952
0.633083
0.353147
0.703538
0.815204
0.799784
0.914396
0.520651
0.363997
0.83356
0.444857
0.789006
0.573097
0.408898
0.327857
1.32908
0.778691
1.07786
0.99113
0.641999
0.623612
0.963982
0.954283
0.546816
0.783697
0.682354
0.331661
0.14695
0.606358
0.939123
0.471177
0.932508
0.370673
1.03839
1.05143
0.348384
0.381183
0.868087
0.592537
0.754425
0.290482
0.761556
0.995536
0.805674
0.442505
1.19055
0.634159
0.768408
0.474912
0.400625
0.530283
0.435577
0.537756
0.617898
0.342247
0.310026
0.933586
0.60174
0.421847
0.893765
1.14902
0.368337
0.327777
0.818883
0.572824
0.89993
1.12168
0.80886
0.634917
0.629494
0.956061
0.729505
0.803812
0.654756
0.360991
0.523515
0.826139
0.423286
0.534512
1.43403
0.516347
0.202522
0.750076
0.782935
0.471917
1.04296
0.793781
0.416327
0.756976
0.798487
0.927309
0.703384
0.741434
0.807179
0.929641
0.554501
0.622951
0.645836
0.831713
0.439341
1.01889
0.454196
0.845848
0.59909
1.1074
0.839099
0.523488
1.12975
1.16965
0.901452
0.998356
0.893058
0.970638
0.813808
0.844078
0.987821
0.863022
0.343663
0.792381
1.14966
0.88614
0.443652
0.667772
0.383658
1.28104
0.636036
0.864133
0.552715
0.318595
0.750717
0.530329
0.938593
0.690801
0.279953
0.817303
0.914008
1.01513
0.676989
0.325243
0.817962
0.552924
0.868295
0.777537
0.871375
0.766948
0.625098
0.610039
1.33567
0.387454
0.546826
0.682462
1.35065
0.29241
0.401748
0.381609
0.308187
1.05262
0.463517
1.0737
0.68546
1.01326
0.92297
0.580496
0.725637
0.833036
0.684465
0.504442
1.19274
0.758413
0.542664
0.894154
1.0031
0.275595
0.906953
0.509313
1.30109
0.7193
0.268205
0.450811
0.732052
1.10637
0.729604
1.17007
0.477712
1.13713
0.401619
1.00889
0.385143
0.889919
0.937644
0.670651
0.580169
0.797912
0.444097
1.07862
0.425322
0.928878
0.866146
1.02847
1.14456
0.675458
0.74636
0.470397
0.618402
0.411852
0.131166
0.770483
0.464742
0.825639
0.25647
1.01466
0.513179
1.16466
0.407822
0.975232
1.02944
0.521218
0.885722
0.492702
0.780215
0.68187
0.601299
0.347137
0.978612
0.983416
1.21713
0.982691
1.05914
0.234844
0.433235
0.754901
0.796126
0.118529
0.816414
0.518653
0.572257
0.659979
1.48816
0.991033
0.481995
1.02375
0.672106
1.14186
0.515853
0.427244
0.989351
0.563932
0.542114
0.456479
0.976299
0.597873
0.761411
0.529373
0.684766
0.0884653
0.948038
0.486104
0.432786
0.658244
0.502184
0.913556
0.675239
0.213206
0.44112
0.901824
0.598338
0.605275
0.587636
1.11491
0.826599
1.09531
0.578571
0.664894
0.936773
0.799446
0.506374
0.433418
0.896764
0.257277
0.110481
0.336976
1.06691
0.326253
0.86104
0.77178
1.02859
0.872928
0.671719
1.32467
0.22441
0.87519
0.903688
0.487684
0.88517
0.74657
1.01175
0.756866
1.12756
1.21896
1.16979
1.03629
0.991922
0.965832
0.903567
0.738426
0.537757
0.955567
1.23976
0.199807
0.0926525
0.461236
0.4759
0.769168
1.03374
0.982921
0.430678
0.827705
0.97771
0.626776
1.06429
0.988665
0.299463
0.84019
0.807184
0.583134
0.192772
0.915941
0.627728
0.534257
0.861697
0.599229
0.838046
0.977919
0.218749
0.603514
0.535627
0.790927
0.914661
1.09695
0.881907
1.01758
0.501136
0.803512
0.442506
0.499981
0.413907
0.424583
0.806997
0.831684
0.517828
0.433083
0.192254
0.763704
0.606922
0.884781
0.511433
0.514541
1.13663
0.754579
0.597216
0.683986
1.24964
0.634784
0.693661
0.841011
0.880208
0.55943
0.259804
0.973604
0.738895
0.976837
0.738229
0.934426
0.752482
0.782112
1.27143
1.18091
0.727066
1.08517
0.932842
1.02541
0.432827
0.533027
0.81663
0.33523
0.580884
0.907414
0.819979
0.59966
1.30076
0.704964
0.257182
0.423476
1.02138
0.624641
0.326707
0.801211
0.44438
0.493014
0.678218
0.626971
0.67968
0.416658
0.3225
0.689996
0.643111
1.21401
1.15209
0.369221
0.746807
0.847156
0.884237
0.903443
0.159567
1.04949
0.575512
0.42183
0.451219
0.703745
0.888808
0.881608
0.775038
1.09664
0.592904
1.14025
0.844787
0.918307
0.592833
0.621397
0.674851
0.533368
0.743757
1.19655
0.646543
0.836728
0.745127
0.376681
0.46487
1.00696
0.847039
0.501223
0.799673
0.675805
0.381629
0.425853
0.208121
1.31838
0.696487
1.01295
1.02221
0.320567
0.779479
0.256842
0.952646
0.643631
0.841507
1.05914
0.751777
1.14423
0.887032
0.262417
0.989306
0.722725
0.444747
0.725363
1.42283
0.820712
0.83591
0.821172
0.82534
0.537803
0.888196
0.42247
0.33053
0.165167
0.301727
0.783426
0.896813
0.856916
0.927975
1.00097
1.26869
0.594074
0.708745
1.04868
0.6897
0.932395
0.699428
1.31002
1.02467
0.996894
0.551081
0.894234
0.423992
0.610207
0.486452
0.992432
0.686076
0.757273
1.20574
0.644046
0.561016
0.908298
1.11266
1.36037
0.403801
0.711179
0.755739
0.838258
0.737839
0.569682
0.917575
0.236339
0.964443
0.631771
0.852355
0.826371
1.41591
0.585303
0.664192
0.313354
0.870288
0.905503
0.538081
0.948862
0.431599
0.982238
0.353451
0.591539
0.341665
0.564376
0.366719
0.791393
0.316399
0.650778
0.999912
0.617001
0.76188
0.504873
0.736604
0.918678
0.787019
0.313327
0.585714
0.720962
0.870886
0.898389
0.777813
0.252454
0.431507
0.440099
0.609117
0.900907
0.213135
0.12374
0.410482
0.316684
0.742316
0.681253
0.729596
0.225103
0.625134
0.173893
0.572517
0.674181
0.95782
0.937309
1.09691
0.700864
0.586623
0.585212
0.854815
1.08922
0.395603
0.204558
0.848398
0.879795
1.13692
1.05089
0.764208
0.773887
0.293687
1.11024
0.786083
0.950736
0.695856
0.959561
0.687908
0.6385
0.993305
0.654436
0.569629
0.554486
0.838405
0.714297
0.270148
0.328121
0.875568
0.63698
0.326875
0.800079
0.991714
0.66003
0.512475
0.389984
0.932192
0.433269
0.80479
0.780052
0.706521
0.784426
0.467907
0.538158
1.32262
0.687714
0.710741
0.483533
0.927026
0.551618
0.666251
0.526731
0.700968
0.397352
0.908698
0.669846
0.530735
0.619883
0.806365
0.223793
0.582223
0.252618
0.463699
0.644556
0.331736
0.203433
0.304844
1.12432
1.20968
1.05431
1.14488
0.536114
0.148842
0.968793
0.71047
1.00743
0.821023
0.927411
0.740442
1.0089
0.970995
0.375118
1.23042
0.813207
0.85473
1.03518
0.542958
0.562166
1.14312
0.726962
0.685087
0.782481
0.627578
0.815311
1.35433
0.74743
0.521395
0.729101
0.788291
0.615133
0.418916
0.385748
0.642309
0.810771
0.119574
0.619357
0.831193
0.291935
1.1396
1.14515
0.243023
0.258407
0.968069
0.862571
0.587096
0.344919
0.946451
0.533818
0.122252
0.708367
0.957167
1.05836
1.07981
0.638889
0.752821
0.475486
0.645415
0.717151
0.762053
0.620022
0.814275
1.00424
0.889895
0.867206
0.509234
0.75748
0.398327
0.703932
1.17575
0.943371
0.391807
0.821122
0.58418
0.493342
0.952388
1.06317
0.52858
0.691754
0.56889
0.740075
0.675427
0.350827
0.642682
0.618912
0.863475
0.676175
0.437587
0.851866
1.21676
0.617636
0.948656
1.33383
0.205371
0.585599
0.68275
0.896632
1.15616
0.863048
1.24371
0.428728
0.78947
0.533324
0.480664
1.16318
0.615729
0.250916
1.31926
0.445813
0.186337
0.517412
0.942555
0.598225
0.314008
0.752618
0.426511
0.29116
0.277007
0.778529
0.907175
0.372294
0.702497
0.760831
0.115602
0.250246
0.671458
0.436008
0.543851
0.884699
0.316056
1.10697
0.908733
0.659176
0.409059
0.529779
0.917444
0.666169
0.530711
1.19161
0.819489
1.18738
0.825872
0.360329
0.816362
0.806592
0.694889
0.826217
0.984357
0.23009
0.966826
0.705343
1.00695
0.691853
1.0473
0.856688
1.17143
0.403644
0.55208
1.02468
0.862039
0.611412
0.715725
0.844129
0.698508
0.66545
0.429976
0.525402
0.619812
0.19025
0.187329
0.313763
0.876205
0.515993
0.459505
1.06222
0.64036
1.16502
0.354059
0.850907
0.703662
0.679141
0.291035
1.07009
1.07697
0.842362
0.927648
0.668892
0.829807
0.844128
0.654162
0.413214
0.677691
1.06323
0.64748
0.668926
1.24554
0.784562
0.61669
0.520779
0.334419
0.520629
0.450595
1.28809
0.864883
0.38714
0.335409
0.359365
1.04971
0.731542
0.577134
1.01277
0.620382
0.394967
1.06052
0.657742
0.789296
0.636569
0.665078
0.753931
0.656745
0.517401
0.8543
0.449338
0.765807
1.10833
1.09742
0.810543
0.500851
1.05029
0.843585
0.891397
0.751415
0.575395
0.902534
0.760698
0.529892
0.707679
0.366005
0.682997
1.02101
0.518808
0.89722
0.84227
0.662096
0.714026
0.861862
0.671907
0.59169
0.396794
0.792
0.73442
0.951369
0.760869
0.837718
0.999461
0.86233
0.672774
0.640967
0.676025
1.18698
0.958972
0.390196
0.5344
0.843253
0.686721
1.2248
0.851595
0.900651
0.633221
0.686477
0.736845
0.42152
0.68385
0.822546
0.911635
0.448885
0.695768
0.730309
1.06456
0.501006
1.17453
1.10202
0.785615
0.390667
1.05261
0.852619
0.708633
0.917992
0.585002
0.981055
0.647031
0.871135
0.652701
0.920134
1.25589
0.983144
0.473309
0.383374
0.799009
0.884165
0.49746
0.923695
0.484783
0.837638
0.632112
0.258946
0.390868
0.992496
0.748179
0.814064
0.519317
0.606901
0.589384
1.21948
0.338051
1.13609
0.732288
0.862449
0.861516
0.778995
0.226012
0.324257
0.577614
0.595233
0.523053
0.147581
0.773273
0.951643
0.573241
1.33696
1.18795
0.580832
0.717204
0.574779
0.40949
0.53983
0.584463
0.450164
0.227927
0.858263
0.51342
0.350894
0.848745
0.731641
0.73841
0.734266
0.97608
0.289773
0.684064
0.479212
0.499897
1.17347
0.862609
0.856786
0.574822
0.246168
1.08872
0.650889
0.667249
0.431422
1.1604
0.356411
0.851656
0.726454
0.424481
1.16436
0.516811
0.343586
0.871915
0.753628
0.552869
0.456617
0.856971
0.509645
0.426848
0.566282
0.595034
0.415552
0.606243
0.836143
1.02486
0.585182
0.686444
0.824458
0.819007
1.02517
1.05226
0.64061
1.01382
0.684232
1.04805
0.663257
0.870382
0.992154
0.624995
0.378618
0.909277
1.13645
0.358385
1.24217
0.4629
0.597
0.574182
0.0928998
1.08652
0.570768
1.08052
0.715774
0.785699
0.564198
0.311678
0.792499
0.481018
0.628111
0.818093
0.909705
1.0033
0.34216
0.867699
0.795551
0.832536
0.402525
0.697879
0.89676
0.936822
1.02887
0.881094
1.20543
0.298302
1.09646
0.274121
0.570859
0.696242
0.59833
0.651193
0.62649
0.512595
0.625906
0.471823
0.723279
0.579323
0.319852
0.401745
0.805217
0.627995
0.927296
1.39188
0.571967
0.556471
0.301449
0.957899
0.353639
1.04688
0.821019
0.651203
0.464758
0.470244
0.747197
0.571368
0.702897
0.654559
0.737958
0.813831
0.698679
1.2481
0.555267
0.42073
0.283449
0.720748
0.976491
0.546093
0.577256
0.511029
0.29226
0.970728
0.963178
1.00918
0.814447
1.12941
0.911328
1.03254
0.594437
1.14766
0.71348
0.409605
0.775163
0.462346
1.0281
0.771025
0.857966
0.976903
0.820446
0.365972
0.651088
0.211388
0.346303
0.668013
0.638185
0.556653
0.210816
1.31424
0.757121
0.784919
1.21384
1.20371
0.773374
1.00169
0.834375
0.34129
0.348586
1.11715
1.16295
0.724265
0.752238
0.596424
0.544848
0.64318
0.600632
0.836553
1.05969
0.743838
0.598526
1.27436
0.643121
0.837354
0.741954
1.03699
1.19785
0.850039
0.475808
0.713616
0.73271
0.712769
0.722878
1.06828
0.819223
0.391652
0.587448
0.8329
0.807223
0.557908
0.828177
0.62733
0.218503
1.05137
0.600703
0.495057
0.482407
1.32305
0.763147
0.343641
0.496194
1.30039
0.914309
0.845887
0.850304
0.833817
1.30237
0.480426
0.924768
0.412754
0.792101
0.771585
1.26542
1.11828
1.23858
0.606124
0.966863
1.01473
0.617345
0.703704
0.880278
0.633025
0.682324
0.911338
0.251829
0.729293
0.724347
1.06558
0.387241
1.23624
0.887415
0.987896
1.11307
0.432571
0.815752
0.488914
0.563413
0.344627
0.943207
1.09528
0.85004
0.722361
0.885228
0.930398
1.05304
0.459562
0.468879
0.43745
0.47433
0.302091
0.413751
1.1087
1.41356
0.959634
0.71439
0.111996
1.15741
1.05986
1.13983
0.574434
0.380042
0.909583
0.436175
0.953997
0.683255
1.20324
1.18991
1.17691
0.615248
0.494746
0.891388
0.422341
0.40296
1.28078
1.22291
0.307006
0.487745
0.924224
0.306363
0.372828
0.444843
1.33306
0.417782
0.229209
0.769664
0.621151
1.25905
0.829929
0.767406
1.3604
1.13471
0.723515
0.786907
0.670925
1.18108
0.601212
1.06115
1.02557
0.848457
0.937669
0.366205
0.887378
0.557196
0.32142
0.276391
0.57108
0.544361
0.324741
0.972804
0.75584
0.977748
0.392085
0.325117
1.25441
1.03128
0.526939
0.419036
0.767895
0.454159
0.919589
0.540744
0.640873
0.537409
0.541659
1.08198
0.93522
0.575734
0.56626
1.34851
0.69536
1.10794
0.833455
0.24894
0.679093
0.170733
0.138272
0.44872
0.535342
0.843451
0.97658
0.214004
0.60806
0.64957
0.300908
0.850107
0.989455
0.771209
0.665017
0.663488
0.884217
0.832788
0.524926
0.993279
0.610391
0.84524
0.389578
0.39089
1.07672
1.04107
0.462861
0.819272
0.942708
0.581078
0.634109
1.13588
1.00909
0.638094
0.425033
0.840202
0.544784
0.791297
0.0368242
0.836278
0.38227
0.570048
0.516777
0.368473
0.415579
0.98526
0.47861
0.961811
0.843515
0.362444
0.718458
0.691518
0.642042
0.570922
0.727541
0.391384
1.23617
0.885912
0.308275
0.633863
0.963567
0.970593
0.605363
0.416497
0.771418
0.449833
0.973874
0.847232
0.683557
0.440467
0.683781
0.859632
0.475955
0.21161
0.890782
0.469021
0.95095
1.15619
0.918118
1.02416
0.696188
1.05647
0.937393
0.273228
0.449261
0.781376
0.665342
0.862374
1.14429
0.127769
0.496479
0.218068
0.914189
0.799577
0.55801
0.283602
0.691743
0.93842
0.784534
1.24776
0.899168
0.559061
1.01629
0.514719
0.890073
0.792194
0.737479
0.307041
0.800989
0.471686
0.277557
1.03216
1.09157
0.640358
0.472114
0.505991
0.431013
0.994572
0.196813
0.7606
0.723559
0.782323
0.451666
0.564264
0.973708
0.962952
0.116104
0.475621
1.09631
0.669517
0.688095
0.587821
0.503131
0.339416
0.926631
1.33646
0.35867
0.923746
0.829564
0.393548
0.644173
0.770172
0.925578
0.660837
0.669289
0.861693
0.435152
1.10039
0.344599
0.637125
0.49691
0.570531
0.572815
0.492689
0.451874
0.501505
0.608519
1.39498
0.909319
1.04819
1.00107
0.861026
1.02759
0.0517033
0.804141
1.12342
1.31102
1.04567
0.553211
0.755067
0.712932
1.00968
0.340243
0.78891
1.09818
0.134993
0.279669
0.762568
0.623641
1.12273
1.02681
0.55167
0.515331
0.827636
0.673013
0.84943
0.880107
0.425638
0.651723
0.581076
0.940518
0.308376
0.59459
0.782725
0.919809
0.730677
0.814023
1.06297
0.282268
0.352596
1.06842
0.655212
0.627788
0.483261
0.977274
0.565352
0.745366
0.93285
0.66409
0.401667
0.692575
0.357203
0.962442
0.550165
0.988122
0.269508
0.634801
0.419923
1.09541
0.648774
0.823406
0.5287
0.527547
0.577113
0.692755
0.715645
0.550487
0.744776
0.595273
1.07168
0.969641
0.495934
0.818027
0.874376
0.618511
0.495811
0.361607
0.478826
0.583287
1.09666
0.896916
0.602718
0.383545
0.17757
0.944601
0.276548
0.862002
0.35697
0.766641
0.697797
0.482012
1.037
0.578981
0.54041
1.04875
1.11627
0.948489
0.471364
0.885055
1.01312
0.716782
0.423065
0.700407
1.03533
0.412279
0.135073
0.862417
0.79259
0.756913
1.15506
0.734756
0.968507
0.735246
0.58609
0.608254
1.18712
0.875085
1.46576
0.756607
0.72456
0.804383
1.1485
0.955622
0.927225
0.623143
1.0118
0.833185
0.87307
1.13328
0.994328
0.843839
1.17329
0.575765
0.885576
0.822748
1.28085
1.04276
0.698113
0.451067
1.42116
1.04793
0.499953
0.639369
1.10037
0.870318
0.570696
0.98125
0.587157
1.13202
0.922566
0.550792
0.658731
0.378393
0.713455
0.500722
0.774795
0.916031
0.603922
0.829791
0.681695
0.311728
0.849239
0.932902
0.600864
0.716484
0.623573
1.21452
0.563524
0.697924
0.82805
0.561577
0.960816
0.330353
0.532298
0.693298
0.561004
0.774586
0.911696
0.611126
0.380882
0.708585
0.353095
0.440071
0.354972
0.357997
1.31869
0.1016
0.830593
0.413607
0.52488
0.647958
1.15238
1.04384
0.567897
0.504942
0.466515
0.40135
1.14826
0.34556
1.15054
0.321271
0.850767
0.873833
0.602268
0.907045
0.449392
1.09726
0.721423
0.489235
0.54495
0.639878
1.16609
0.847532
0.789677
0.610477
0.470662
0.995441
0.745659
0.263421
0.571107
0.547719
0.626313
0.796598
0.158359
0.443014
0.930552
0.718594
0.866321
1.16335
1.30402
0.910468
0.605886
0.619262
0.53962
1.13394
0.535234
1.01857
0.804785
0.38828
0.430488
0.540555
0.168988
1.08792
0.388433
0.460265
0.878989
1.06744
0.935395
0.674644
0.92758
1.16692
0.418936
0.581761
0.112095
0.377566
1.02267
0.804142
0.752992
0.587971
0.667976
0.980732
0.512738
0.575092
0.764648
0.778257
0.805031
0.62708
0.700553
0.583474
0.597245
0.57384
0.902161
0.70708
0.515464
0.23843
0.681303
0.498241
0.270428
0.411732
1.03309
0.744652
0.854232
0.557633
0.482794
0.575328
0.761482
0.994569
0.372462
0.466797
0.416109
0.701063
0.60971
0.407947
0.548629
0.698443
0.803022
0.575544
0.429216
1.13762
1.15647
0.555652
0.620636
0.0717459
0.457919
0.936134
0.711028
0.593511
0.949702
0.614495
0.540581
0.755014
0.697754
0.327789
0.73031
0.833628
0.31986
0.43151
0.725111
0.649735
0.995244
0.456937
1.01152
0.58117
0.400265
0.750849
0.465053
0.432643
0.592671
0.118787
0.472091
0.664708
0.689789
0.56007
0.42898
0.348615
0.490849
1.16683
0.670145
0.977804
1.18866
0.63408
0.36293
0.685859
0.782532
0.563776
0.883199
1.16453
0.494351
0.856977
0.394638
1.15306
0.349078
0.577287
0.391104
1.08287
0.868351
0.617678
0.839364
1.10718
0.26904
0.766633
0.391575
1.10482
0.780426
0.560632
1.27337
1.09381
0.581718
0.760781
0.236953
0.9943
1.01169
0.7485
1.04212
0.828332
0.896245
0.92579
0.673555
1.28891
0.895338
0.76998
0.666184
0.593351
1.20369
1.1319
0.861531
0.749292
0.319289
0.194812
0.94019
0.926907
0.567746
0.883054
0.500909
0.526636
0.618399
0.404511
0.855214
0.327652
0.375657
0.820427
1.04612
0.357575
0.646935
0.863453
0.888931
0.623306
0.871149
0.450608
0.749813
0.455382
1.21017
0.815774
0.928057
1.07629
1.03492
0.387108
0.319505
0.686408
0.784589
0.762347
0.827795
0.611752
0.653388
0.773643
0.802341
0.747945
0.22876
0.882328
1.10836
0.277081
1.18495
1.09839
0.630542
0.792557
1.11208
1.19402
0.760391
0.979434
0.396854
1.02711
1.07973
1.17328
0.636737
0.639658
0.130711
0.676902
0.75958
1.01435
0.935564
1.10395
0.494342
0.719574
0.345161
0.562663
0.438882
0.36298
0.717112
0.731991
0.944556
0.256122
0.498358
0.966322
0.691205
0.476739
0.769633
0.576594
0.87268
0.382402
0.683995
0.438624
0.382618
0.670818
0.549603
0.770496
0.5816
1.03084
0.772988
0.43573
1.07455
0.608237
0.765535
0.662739
1.17554
0.735923
0.590056
1.0301
0.617729
0.404856
0.524149
0.65153
0.474573
0.819149
0.696087
0.570594
0.681815
0.483615
0.385119
1.31291
0.759452
0.840516
0.491022
0.669552
1.29719
0.892129
0.699408
0.906401
0.644428
0.475976
0.973196
1.36665
0.388486
1.21102
0.908053
0.816394
0.435532
0.958889
0.721109
0.827525
0.766367
0.933705
0.687255
0.541553
0.46601
1.19213
0.575638
0.259298
0.963201
0.766045
0.880017
0.721095
0.708999
0.495315
0.579523
0.276822
0.782747
0.524164
0.432533
1.06627
0.770431
1.19175
1.26278
0.666577
1.02416
0.408815
0.837457
1.02693
0.491534
0.665998
1.08045
1.00202
0.769042
1.11701
0.64975
1.07982
0.717571
0.616213
0.907595
0.491188
0.584712
0.817619
0.632596
0.811014
0.573846
0.554549
0.485451
0.511673
0.489129
0.752618
0.580303
0.908502
1.03442
0.759126
0.0792763
0.839335
0.966753
0.521444
0.641478
0.769388
0.852879
0.93345
0.235976
0.398023
0.864382
0.520084
1.13086
0.164721
0.707192
0.359278
0.829207
0.786743
1.10329
0.696711
0.220878
0.800179
1.151
0.740492
0.632638
0.659806
0.600551
0.739215
1.04336
0.936672
1.00511
0.724654
0.328823
1.0912
0.882679
0.604195
0.601885
0.85763
0.480733
0.588156
1.1205
0.462975
0.233776
0.920704
0.792037
0.524274
0.88154
0.340095
0.857335
0.708734
0.727955
0.609226
0.685554
0.967794
0.78567
1.09685
0.499908
1.09927
0.707848
1.01782
0.590361
0.643759
1.06938
1.02339
0.585074
0.390924
1.23704
0.640619
0.749867
0.786608
1.3103
0.648666
0.939446
0.469217
0.496761
0.597747
0.664824
0.625711
1.13258
0.77572
0.499429
0.70128
0.275337
0.39595
0.191025
0.890383
0.250838
0.960521
0.720399
0.854143
0.390599
0.84439
0.297618
0.766889
0.510606
0.647962
0.652932
0.875534
1.3019
0.486357
1.10804
0.388855
0.85968
0.951971
0.421881
0.908035
0.523896
0.772856
0.741092
0.311236
0.315394
0.226802
0.486845
0.444592
0.651248
0.802892
0.495214
0.397384
1.22956
0.614352
0.76283
0.672273
0.559291
1.36267
0.56584
0.552951
0.724112
0.530325
0.864201
0.487262
0.253277
0.366492
0.744983
0.593608
0.459505
0.493777
1.12163
0.486784
1.05498
0.697505
0.849612
0.434478
1.04685
0.93419
1.23972
1.15282
0.915316
0.527518
0.776388
0.725255
1.11925
0.45481
0.867821
1.02386
0.848588
0.736887
0.50364
0.937232
0.916065
0.254243
0.341612
0.863196
0.296716
1.05344
0.938534
0.401881
0.265246
0.830944
1.24369
0.680702
0.831486
0.72896
0.886692
0.617797
1.03531
0.974983
0.475475
0.551916
1.13182
0.686275
1.29375
0.840343
0.836611
0.380402
1.14716
0.710977
0.430005
0.645436
0.483728
0.433704
0.588703
0.632304
0.766243
0.646497
1.13666
0.72742
0.902112
0.187274
1.04112
0.395636
0.792354
0.919596
0.528963
0.0923478
0.659959
0.868454
0.424572
0.812213
0.708608
0.382228
0.238493
0.412193
0.3038
0.595164
0.580269
1.01865
0.609113
0.709666
0.877777
1.00244
0.358748
1.01136
0.352028
0.730358
0.356404
0.392772
0.377121
0.503588
0.530983
1.14472
0.892938
0.618139
0.217791
1.24036
0.716649
0.758934
1.05399
0.809876
0.442959
0.788499
0.281631
0.757586
0.868013
0.655686
1.07745
1.04464
0.324479
1.11239
0.399023
0.43314
0.879327
0.643686
0.446031
0.491871
0.972816
0.445666
0.200701
0.357361
0.855692
0.88274
1.07498
0.604229
0.741039
0.938689
1.14407
1.14264
0.81454
1.23526
0.804593
0.504339
0.780267
0.916418
1.06982
0.403284
0.162043
0.564912
0.416587
0.397817
1.09203
0.39566
0.41013
0.908625
0.323479
0.57714
1.13134
1.14686
1.26258
0.942306
0.147897
0.687188
0.936564
0.114394
0.852985
0.446569
1.21125
0.570113
0.748612
0.865152
0.356205
0.511807
1.26044
0.727439
0.389161
0.959525
0.982607
1.41697
0.815141
0.497896
0.920085
1.08975
1.03755
1.4666
0.154743
1.05312
0.598306
1.17457
0.890601
1.15837
0.7341
0.254769
0.418734
0.318127
0.364482
0.556767
1.20401
0.196671
1.0056
0.957475
0.534496
0.747641
0.671404
0.348213
1.06306
0.230585
0.600322
0.762249
1.06659
0.511739
0.649701
0.96432
0.979284
0.755924
0.270666
0.982627
0.591974
0.747145
0.822664
0.808424
0.472877
1.13249
0.610355
0.878627
0.775485
1.11923
0.689092
0.5476
1.09384
0.235798
0.66767
0.738252
1.04808
0.611362
0.941783
1.03705
0.705089
0.410596
0.426529
0.286702
1.22152
0.440826
0.971488
0.588644
0.447699
0.672373
0.932768
0.705617
0.855923
0.712243
0.74546
0.763089
0.750268
0.788578
0.618337
0.536012
0.653525
0.738942
0.720665
1.1426
0.459281
0.508748
0.929788
0.545851
0.960221
1.0069
1.13207
1.16838
1.22758
0.33941
0.316754
1.06517
0.474985
0.194282
0.731256
0.713382
0.770294
0.374412
1.10196
0.423647
0.156079
0.222348
1.28891
0.236096
0.5886
0.894286
0.888058
0.488774
1.1221
0.952744
0.514825
0.81427
0.639271
0.483746
1.03926
0.504789
0.592377
0.57181
0.550377
0.745657
0.520829
0.292732
0.209644
0.5676
0.666605
0.95252
0.0977377
0.554775
0.904568
0.749991
0.369461
0.436359
0.545252
0.489355
0.771864
0.753598
0.592065
0.969154
0.736395
1.15584
1.34703
0.787939
0.529666
0.375298
0.699693
0.392774
1.14797
0.839012
0.875678
0.929186
0.414755
1.22451
0.309355
0.831239
0.731428
0.828443
0.776117
0.556926
1.16657
0.326746
0.76135
0.72036
0.628097
0.890113
1.35907
1.24139
1.03852
0.375193
0.494963
0.930714
0.756164
0.660501
1.16638
0.851481
0.613632
0.714254
0.607464
0.556972
1.32327
0.973791
0.446021
1.06865
1.11641
0.719565
0.553787
0.805818
0.629706
0.591055
0.877442
0.293114
0.751756
1.07851
0.794553
0.754988
0.841018
0.366415
0.748538
0.589934
0.565565
0.273841
0.873928
1.08064
0.745058
0.523833
0.630678
0.428039
0.971731
1.1603
0.619294
0.619106
1.00868
1.30935
0.709605
1.14461
0.824588
0.220269
0.979231
0.818152
0.837392
0.328315
0.832666
1.15594
0.517733
0.854691
1.11828
0.932507
1.10721
1.09612
0.83318
0.258667
0.967392
0.843102
0.677245
0.452415
0.488937
1.14338
0.311882
1.01857
0.700591
0.754892
0.542809
0.647423
0.602001
0.80162
0.724975
0.461665
0.576565
1.23419
0.649507
0.774147
0.587298
1.24118
0.343639
1.02977
0.843481
0.350747
0.652702
0.454987
0.243598
0.856426
0.954969
0.967614
0.76863
0.461808
0.696462
0.267214
0.441461
0.680897
0.49884
0.483928
0.860203
0.533144
1.31794
0.362199
0.990847
0.719402
0.496863
0.425388
0.577591
0.922101
0.349831
1.24
0.82592
0.461922
0.420035
0.817226
0.882239
0.721543
0.751849
0.44482
0.338174
0.716961
0.722709
0.496544
0.732502
0.778101
0.697784
0.783638
0.68686
0.690694
0.611837
0.953715
0.39368
0.884762
0.647077
0.768398
0.314901
1.03071
0.874112
1.25869
0.818326
0.955706
1.15229
0.761489
0.753415
0.644474
0.42577
0.5295
0.678868
0.469024
0.4201
0.518104
0.434151
0.335888
0.423623
0.831251
0.730435
0.76177
0.798458
0.724593
0.927193
0.926923
0.532161
0.812688
0.401624
0.302324
0.303006
0.764961
0.630299
0.515286
0.485939
0.768947
0.889621
0.562069
1.07969
1.12932
0.961609
0.516754
0.338458
0.614474
0.250826
0.844455
0.665079
0.708199
0.485334
0.986172
1.00676
0.547094
0.61499
1.00994
0.721249
1.02894
1.11953
0.216805
0.678019
0.724974
1.09184
0.724688
0.308101
1.03532
0.537753
0.390554
0.545871
1.00016
0.616715
0.878874
1.27067
1.09443
0.707805
0.654329
1.07239
0.430083
0.409637
0.553831
0.784859
0.672572
0.907318
0.649858
0.854569
0.689628
0.467114
0.608721
0.939612
1.12324
0.564628
0.817331
0.354649
0.50898
0.598126
1.07583
0.636857
1.1385
0.775065
1.0461
0.519972
0.730151
0.378852
1.01189
1.05908
0.778797
0.391124
0.437519
1.03142
0.529517
0.570859
0.209886
0.600083
0.815273
0.651254
0.208823
0.797432
0.514018
0.398192
0.33601
0.773109
0.563001
1.36955
1.05145
0.891751
0.783324
0.838507
1.48391
0.687844
0.543443
0.397418
0.468396
0.282622
1.02284
1.00582
0.647172
0.31355
0.808235
1.02969
0.230647
1.17942
0.793047
0.390315
0.71229
0.543723
0.812451
0.990049
0.864272
0.934589
0.891344
0.697252
0.815848
1.11425
0.872582
0.260851
0.443439
1.00349
0.689129
0.91312
0.425892
0.402628
0.62535
0.212089
0.286689
0.783912
0.304298
0.591628
1.07822
0.749437
0.635351
0.65924
1.03751
0.803368
1.34248
0.609192
0.890314
0.556715
0.757188
0.48427
0.854427
0.38701
0.434948
0.325146
0.584207
0.841521
0.642048
1.18995
0.869585
0.785889
0.902155
0.116874
0.340703
0.62309
0.882997
1.05666
0.770018
0.734309
0.866071
0.471887
0.976946
1.14075
0.248428
0.508308
0.49844
1.02866
0.632786
0.466442
0.16556
1.00826
0.281022
0.206025
0.696274
0.687519
0.338517
0.978529
0.367852
0.234953
1.11087
0.546462
1.00559
0.648753
0.75526
1.11321
0.960171
0.578246
0.663841
0.757971
0.741112
0.485494
0.700826
0.374988
0.52903
0.195156
0.542679
1.09632
0.678262
0.545107
0.809785
0.964653
0.491913
0.715904
0.459759
0.568294
1.1847
0.884077
1.17905
0.806887
0.992255
0.876578
0.616484
0.358993
0.257893
0.930712
0.293306
1.27982
0.865646
0.892662
0.402584
0.936165
0.576504
0.6889
0.914577
0.375286
0.667365
0.688706
1.20875
1.03564
0.528676
0.900734
0.657813
0.62654
0.575597
0.734745
1.0091
0.791106
1.21262
0.933641
0.727712
0.64456
1.13399
1.25669
0.716958
1.28479
1.30459
0.811102
0.557938
0.84158
0.447275
0.966053
0.27396
0.486338
0.848924
1.0547
0.445667
0.390049
0.29093
1.36818
0.7187
1.19019
0.506945
0.741588
0.720899
0.732662
0.326322
0.379048
0.922566
1.19449
0.275608
0.4862
0.931975
0.978825
0.753902
0.22282
0.692687
0.956217
0.373449
0.508297
0.818531
0.575647
1.0513
0.87603
0.765109
1.09779
0.645002
0.241481
0.744067
0.739005
0.901412
0.927734
0.932173
0.565834
0.971138
1.04861
1.16102
0.722473
0.754467
0.788066
0.680919
0.679209
0.526258
0.674662
0.624669
0.432378
0.654044
1.24361
1.23814
0.834011
0.744416
0.392029
1.1055
0.941518
0.760331
0.783841
0.470864
0.944706
0.694833
0.455477
0.39444
0.520047
0.910243
0.712252
0.814738
0.467174
1.14976
0.981913
0.775096
0.745804
1.14415
0.463618
0.735938
0.909109
0.514118
0.455378
0.756127
0.91299
0.842234
0.864639
0.7371
0.912819
0.991315
0.621212
1.00553
0.825889
0.62031
1.14986
0.964382
0.96047
0.213274
0.548524
1.19347
0.312954
0.26532
0.413688
0.53185
0.965916
0.292079
0.709941
0.626206
0.520527
0.954527
0.596478
0.92616
0.288559
1.12115
0.672641
0.601076
0.833257
0.607076
0.46682
1.16992
0.858769
0.771552
0.482336
0.45719
0.90387
0.380045
0.837851
0.941688
0.591979
0.949796
1.09413
0.276586
0.547633
0.519622
0.399739
1.15399
0.87685
0.488821
0.37289
0.941414
0.77756
0.41256
0.905444
0.812643
0.874031
1.05205
0.71019
0.398776
0.771691
0.792697
0.911045
0.672517
0.609592
0.784204
0.717989
0.744748
1.17182
0.595578
0.0984857
0.645399
1.41612
0.564438
0.418569
0.685422
0.454871
0.722897
0.384782
0.331944
1.09726
0.686228
0.418991
0.860121
1.00354
0.47122
0.656875
0.27161
0.331205
1.07086
0.28127
0.916038
0.992809
0.461728
0.569713
0.777526
0.814577
0.840698
0.569414
0.779725
0.541714
0.473979
0.371798
1.07043
1.11744
0.750566
1.2092
1.47127
0.494538
0.351636
0.392622
0.832148
0.935317
0.696626
0.86149
0.835819
0.706131
1.16046
1.09658
0.806192
0.997204
1.15637
0.656913
0.938686
0.666866
0.515436
0.749134
0.405961
0.536902
0.800796
0.726631
1.12641
0.83926
0.241415
1.03363
0.802493
0.459806
0.797032
0.823238
0.373011
0.656028
0.785078
0.990101
0.74618
0.65897
0.730305
0.321515
1.01116
0.549743
0.735983
1.18484
0.980978
0.902761
0.584864
1.10171
0.315197
0.830453
0.542208
0.69122
0.863586
1.03468
0.948486
0.900678
0.391376
0.137238
0.746577
0.842756
1.11172
0.645114
0.368858
0.729843
0.665377
0.279255
1.01566
0.874258
0.848316
0.536702
0.314186
0.866738
0.896981
0.776756
0.634718
0.437333
0.576364
0.973677
0.898016
0.967715
0.329486
0.462072
0.840217
0.768173
0.216618
0.4895
1.02435
0.918229
0.653077
0.876466
1.2691
0.589537
0.788253
0.383574
0.757446
0.951279
0.899576
0.881147
0.966371
0.604519
0.856795
0.611743
0.634168
0.642464
0.210321
0.837579
0.920271
0.822496
0.822839
0.609224
0.63267
0.18663
1.09174
0.93089
0.698031
0.596813
0.649129
0.7755
0.560448
0.659178
0.69853
0.4279
0.64596
0.554366
0.893794
0.988762
0.481391
0.936975
0.823914
1.13857
0.956091
0.756125
0.823656
0.806279
0.24148
0.835271
0.631926
0.900204
1.23009
0.384617
0.888246
0.475026
0.811803
0.349021
0.561784
1.21931
0.79794
0.736961
0.139472
0.822198
0.862255
0.680268
0.909835
0.689797
0.781505
0.868028
0.401172
0.879345
0.320057
0.389389
1.08854
0.362185
0.794691
0.996182
0.602095
0.890898
1.00899
0.455648
0.889892
0.884344
0.895666
0.905928
1.27105
1.18935
1.45201
0.577729
0.824352
0.408043
1.15541
0.494028
0.838292
0.811258
0.811059
0.873083
0.670387
0.383494
0.335769
1.48633
0.47994
0.659186
1.0622
0.627728
0.777462
0.456152
0.392244
0.891916
0.959153
0.387317
0.877126
0.487905
0.645803
0.201232
0.542018
0.858673
0.340577
0.598882
0.317626
1.10701
1.03856
0.963306
0.551795
0.799002
0.598283
0.621287
0.374314
0.815239
0.949613
0.837822
1.16237
0.482171
0.854045
0.216453
1.00218
0.907503
0.633554
0.41761
0.982193
0.622051
0.748149
0.696919
0.649401
0.971807
0.513406
0.444516
0.481099
0.759615
0.848024
0.887477
0.645087
0.527271
1.15981
0.952667
0.720841
0.759806
0.487114
0.702938
0.738965
0.812209
1.48007
0.642282
0.938512
0.198881
0.528362
0.442346
0.759494
0.520673
0.956221
0.803266
0.419273
0.750957
1.15889
0.740231
0.312322
0.810068
0.833227
0.426229
0.536718
0.568343
0.687828
0.879521
0.704121
0.549354
0.883644
0.801816
0.927241
0.542546
1.05282
0.415329
0.452539
0.593971
1.18346
0.548974
0.975161
0.491512
0.657023
0.356039
0.90657
0.216845
1.31164
0.977519
0.721723
0.631458
0.896313
0.96578
0.87931
0.526888
0.379982
0.715832
0.989853
0.688391
0.321202
0.90982
1.11287
1.11076
0.481448
0.89764
0.846697
1.17342
0.691068
0.478097
0.991807
0.860167
0.670286
0.533629
1.28157
0.99368
0.804369
0.439509
0.536979
1.0027
1.05802
0.924397
0.805137
0.721623
1.00249
1.11136
0.496715
0.849547
1.05451
1.12982
1.00223
0.084825
0.767073
0.732836
0.549717
0.979855
1.03533
0.350805
0.795614
0.505263
1.06281
0.776006
0.799448
0.438369
0.259962
0.772375
0.852385
0.777919
0.899749
1.26755
0.78348
0.770257
0.318612
0.788953
0.492814
0.537991
0.414497
1.14661
0.424543
0.521654
1.18557
1.07357
0.830943
0.939469
0.536438
0.355757
0.530244
0.439733
1.02014
0.800267
1.36581
0.362264
0.602127
0.84934
0.732466
0.638453
0.372232
0.383339
0.424959
0.801384
1.22657
0.656747
0.813245
0.466899
0.343149
0.672855
0.481715
1.20836
0.15928
1.11961
0.640728
1.0354
0.351913
0.384555
1.05381
0.36098
1.00594
0.432384
0.960132
0.789833
0.8217
1.34864
0.402175
0.919459
0.402667
0.366134
0.677714
0.794707
0.403943
0.913036
0.69149
0.808046
0.201027
1.02448
0.783844
0.76698
0.563398
0.286954
1.01518
0.788887
0.52141
0.577311
0.55717
0.448146
0.235196
0.971614
0.691698
0.540304
0.225222
0.188301
0.877382
1.20681
1.1035
0.715554
0.543023
0.868581
0.799492
0.775574
0.536531
1.06548
0.445785
1.0362
0.718956
1.17497
0.590608
0.430524
0.551531
0.526052
0.933895
0.817056
0.872264
0.464694
0.883198
1.21906
0.808176
1.15965
0.388184
0.501354
0.741051
0.617619
0.67986
0.646691
1.04079
0.857272
0.65788
1.09006
1.02682
1.12706
0.531792
0.351751
0.359567
0.500173
0.289183
0.156891
0.761491
0.740659
0.823493
1.08617
0.902184
0.723311
0.843454
0.739575
0.527981
0.298053
0.277686
0.778788
0.723692
0.468995
0.596711
0.757554
0.668544
0.478864
1.04723
0.710765
0.469936
0.603096
0.380618
0.291223
0.215461
0.758581
0.263043
0.539498
0.827869
0.32994
0.947745
0.839942
0.628158
0.233329
0.937973
0.884002
0.523909
1.29879
0.705722
0.645184
0.979729
0.819609
1.34385
0.953191
0.926762
0.806924
0.611907
0.199
0.264023
0.690169
0.489347
0.630131
1.01502
1.13025
0.620189
1.23868
0.821934
0.611651
0.619244
0.577267
1.10837
0.456326
0.89306
0.59539
0.765466
0.785354
0.506256
0.553468
0.774652
0.69222
0.487385
0.799137
1.03588
0.296654
0.218047
1.1104
0.960377
0.372681
0.0490854
0.499922
1.0447
0.790726
0.688818
1.01721
0.735135
0.592963
1.02185
1.17633
1.21517
0.348054
1.1208
0.334117
1.0788
0.522295
1.10619
1.05167
0.340981
1.06748
0.492451
0.857463
0.435587
0.828212
0.53722
0.763319
0.90247
0.767008
0.303817
0.835813
0.346538
0.659049
0.779701
1.04389
1.05757
1.09095
0.453214
0.622413
0.875777
1.09783
0.343362
1.07192
0.731934
0.747833
0.700875
0.935678
0.350825
0.950441
0.667896
0.653798
1.09596
0.745099
0.538615
1.04591
0.554243
0.702569
0.309408
0.72006
0.743156
0.506845
0.712157
0.990276
0.831956
0.734743
0.743852
0.573872
0.258517
0.433801
0.668454
0.899084
1.07555
0.871931
1.09941
0.676334
0.437021
0.504786
0.324861
0.584734
0.981064
0.276108
0.480534
0.529762
0.49831
0.630743
0.575684
0.474025
0.80719
0.712664
0.564695
0.645562
0.702915
0.50593
0.908193
0.930946
0.372718
0.852372
0.791431
0.777372
0.526835
0.924614
0.866028
0.895643
1.01981
0.548345
0.704481
0.167969
0.66364
0.997244
0.301316
0.545868
0.587505
0.532023
0.752518
0.962148
0.608494
0.798404
0.623531
0.89804
0.74951
0.846566
0.792995
0.480501
0.967216
0.381591
0.762303
0.998337
0.479883
0.859747
0.736104
1.03657
1.16553
0.666702
1.42718
0.553919
1.00931
0.602821
0.667661
1.0315
0.900728
1.01944
0.521755
0.60769
0.28027
0.928275
1.03669
0.405573
0.706429
0.459536
1.2203
0.813222
0.548438
0.582627
0.683163
0.988921
0.553818
0.809389
0.751777
0.556968
0.534906
0.67324
0.638959
0.424423
0.835221
0.20291
0.772852
0.955261
0.943407
0.581145
0.58987
0.280144
0.900087
0.417064
1.13819
0.697042
0.548999
0.645298
0.576163
1.17565
1.00097
0.771612
0.439269
0.166687
0.872217
0.881072
0.420405
0.806451
0.983927
1.16629
0.362579
0.688973
0.705946
0.391514
0.546477
1.01653
0.61991
0.410529
0.593111
0.450568
0.544638
0.868028
0.781191
0.94859
0.278828
0.723572
0.314106
0.694087
0.206139
0.722711
1.18099
0.737678
0.406863
0.893384
0.202993
0.877103
0.858672
0.692518
0.630971
0.424372
0.795538
0.518586
1.17059
0.438272
1.1596
0.975878
0.0890624
0.921667
0.888258
0.786698
0.613556
0.823443
0.533822
1.06245
0.433624
0.699353
0.274125
0.12157
0.468407
0.169515
0.303781
0.187142
0.942933
1.1324
0.544138
1.021
0.413362
0.388493
1.05466
0.98456
0.663084
0.714511
0.622458
0.866344
0.75886
0.28104
0.982861
0.768739
0.880604
0.753609
0.805071
0.541055
1.20513
0.354117
0.835204
0.606321
0.468085
1.01753
0.735077
0.607086
0.697076
0.312981
0.261027
1.22109
0.63803
0.364644
0.78617
0.838201
1.02961
0.361181
0.66938
0.703021
0.605939
0.457885
1.06341
0.612675
0.640046
0.501229
0.594359
0.713581
0.961686
0.914862
0.685699
0.589819
1.33369
0.292309
0.647573
0.642141
1.19328
0.945312
0.999851
0.816199
0.784984
0.532794
0.676227
0.616105
0.471019
0.430061
0.434227
1.23335
0.313188
0.161806
0.808132
0.171996
0.993381
0.85566
1.07969
0.975324
1.09899
0.879515
0.96312
0.887062
0.813848
1.04411
1.01543
0.4652
0.745624
0.64182
1.12014
0.815315
0.723739
0.536908
0.308654
0.910074
0.671573
0.833444
1.07488
0.885032
0.452029
0.773109
1.07065
0.719325
0.844534
0.81257
1.22976
0.647441
0.522013
0.840586
0.437055
0.627237
0.613893
0.569853
0.659735
1.00239
0.503865
0.843173
0.456547
0.532127
0.881631
0.914704
0.77255
0.200857
1.07274
0.725014
1.04756
0.503673
0.760701
1.13293
0.873269
1.00124
0.57917
0.61238
0.633445
1.3687
1.08518
0.874007
0.452929
0.388837
0.188175
0.58049
0.92956
0.79571
1.02849
1.16884
0.692642
1.11937
0.80926
0.536504
1.32193
0.42004
0.678218
0.761754
0.881905
0.576789
0.842868
0.853969
0.590675
0.633701
0.847293
0.464029
0.439071
1.38745
0.657762
0.553864
0.457125
0.743036
0.867951
0.489576
0.644964
0.839733
0.99015
0.831659
0.391026
0.757817
0.553804
0.743694
0.756827
0.772569
0.469276
0.939123
0.875939
0.773074
1.42617
0.644523
0.45123
0.859048
0.639045
0.855027
1.26577
0.539439
0.547337
0.66243
0.745411
0.256817
0.55559
0.622829
0.699137
0.953084
0.777316
1.14899
0.702796
0.872855
1.09941
0.658555
0.60759
0.614954
1.10859
1.16618
1.05088
0.693797
0.458994
0.679225
0.855311
1.0142
0.576857
0.266924
0.827106
0.74237
0.735178
0.565566
0.390855
0.572596
0.561423
0.570217
0.880177
0.78504
0.994862
0.451364
0.688323
0.816611
0.521123
0.931643
0.979795
0.879835
0.346353
0.810527
0.818672
0.476765
0.613285
0.212334
0.844392
0.863579
0.497412
0.642323
0.605235
0.643239
0.633019
0.81401
0.187655
0.523415
0.757324
0.871798
0.647892
0.466366
0.870172
1.06892
1.08956
0.727502
0.783905
0.768085
0.619551
0.728876
0.753844
0.336159
0.602755
0.671014
0.398351
0.670748
0.701317
0.708462
0.388702
0.999101
0.86568
0.964764
0.568749
0.627226
0.396517
1.22949
1.20374
0.536852
0.692789
1.33136
0.512249
0.413237
0.483865
0.392435
0.510363
0.299844
0.256912
0.875
1.10577
0.824203
1.0591
0.18233
0.36662
1.17108
0.583903
0.747238
0.852015
0.91865
1.02074
0.455438
0.757603
0.627563
0.5199
0.83699
0.616942
0.3506
0.520939
0.141116
0.293902
0.346596
0.935033
1.35522
1.00631
1.05132
0.681605
0.928427
0.74825
1.34383
0.891005
0.817031
0.526823
0.290768
0.649139
0.515922
0.562809
0.598747
0.627063
1.13328
0.481241
0.233414
0.800577
0.528817
0.228002
0.929579
0.80385
0.974802
0.824068
0.738897
0.141274
1.01713
0.603231
0.92537
0.700933
1.30436
0.533607
0.374148
1.05308
0.788818
0.696695
0.320309
1.04982
0.338007
0.956811
0.567186
1.0021
0.219965
0.70283
0.814765
0.352078
0.716884
1.11789
0.681806
0.994666
0.411029
0.641444
0.597604
0.664757
0.609018
0.784101
0.821806
0.456523
0.680371
0.756711
0.472821
0.917837
1.16785
0.714172
0.923411
0.537139
0.559816
0.878705
0.868371
0.771096
0.566074
0.245262
0.670881
0.976039
0.770751
0.727242
0.499206
0.734312
0.330323
0.530211
0.789367
1.38096
0.919791
0.561636
0.382708
0.734534
0.607526
0.756487
1.02523
0.613387
0.423678
0.534254
0.79564
0.496966
0.178091
0.670182
1.04985
0.903465
0.553128
0.50405
0.479241
