1.23527
1.02149
0.585185
0.777405
0.400884
0.805182
0.648403
0.672592
0.789251
0.279091
1.07046
0.479789
0.738801
0.468214
0.418541
0.538296
0.907806
0.58243
0.510739
0.777789
0.952208
0.652758
0.816628
0.23459
1.10009
0.207082
0.576315
0.552297
0.799614
0.526536
1.28922
0.406133
0.324677
0.577444
0.591944
0.425979
0.378203
0.796778
0.470552
0.403875
0.997682
0.512934
0.481278
0.245116
1.07786
0.795801
0.986488
0.348959
0.931718
0.570137
1.23074
0.501191
0.560617
0.360189
0.745184
0.882392
0.400975
0.508945
0.652823
0.823436
0.658124
0.725725
0.219836
0.559989
0.823675
1.0381
0.641669
0.67299
0.892751
0.950789
0.914689
1.10055
0.835802
0.668003
0.454967
0.858688
0.511815
0.622932
0.610453
0.866367
0.674108
0.432936
0.522715
0.49801
0.563976
0.824365
0.212123
0.418855
0.709829
0.594191
0.385369
0.771911
0.42461
0.44072
0.667133
0.399891
0.837672
0.653516
0.510429
0.603725
0.866608
1.03614
0.602808
0.678124
0.704895
0.555029
0.323015
0.548739
0.455708
0.533767
0.557811
0.469693
0.362024
0.374948
1.03932
0.736713
0.457871
0.804017
1.09157
0.399081
0.996072
0.653159
0.791329
0.302276
0.551885
0.392011
0.780753
0.238278
0.84811
0.617546
0.355993
0.380076
0.539932
0.687154
0.901927
0.351776
0.624102
0.768624
1.04664
0.584583
0.776972
0.201134
0.41244
0.485735
0.614798
0.129559
0.832069
0.967214
0.663486
0.324987
0.627366
0.463015
0.491134
0.277672
0.434319
0.474229
0.176391
0.252304
0.314676
0.581019
0.206351
0.438209
0.276842
0.206028
0.475814
0.419466
0.929323
0.699424
0.514811
0.224578
0.496591
1.04209
0.479773
0.80841
0.783966
0.621702
0.378082
0.82818
0.270604
0.751607
0.49389
0.68316
0.405236
0.930955
0.276385
0.30823
0.665555
0.680245
0.127836
0.950001
0.748476
0.799335
0.814102
1.27998
0.49702
0.234066
0.70808
0.664461
1.00845
0.899938
0.601271
0.77378
0.777475
0.23674
0.594036
0.506935
0.357647
0.418325
1.15443
0.176042
0.401729
1.02381
0.378822
0.606872
0.81795
1.02275
0.420129
0.350564
0.639877
1.14895
0.995122
1.10029
0.318505
0.358483
0.618504
0.237329
1.03185
0.561364
0.343322
1.11042
0.779159
0.19141
0.427321
0.316802
0.25641
0.322921
0.19016
0.318623
0.364344
1.06102
0.359953
0.530787
0.514914
0.33817
0.51813
0.455323
0.484425
0.488521
0.560967
1.04733
0.621799
0.513471
0.707837
0.879939
0.369527
0.649048
0.513223
0.911849
0.458366
0.386373
0.549288
0.724125
0.428193
0.496096
0.636388
0.499871
0.346753
0.568382
1.12564
1.08524
0.424961
1.19195
0.893885
0.352319
0.376691
0.876099
0.530808
0.697103
0.838187
0.639837
0.838193
0.732583
0.346258
0.635446
0.610346
0.201849
0.483621
0.517559
0.487316
0.747609
0.534516
0.762399
0.558828
1.12083
0.220684
0.204116
0.279572
0.520956
0.933787
0.343218
0.581683
0.70054
0.633125
0.9943
1.16247
0.3517
0.43861
0.406182
0.6832
0.356418
0.206856
0.517377
0.830474
0.70348
0.430252
0.990274
0.517723
0.436345
1.26954
0.638365
0.513195
1.04086
0.173079
0.882638
0.199228
0.525146
0.634754
0.529477
0.375135
0.979478
0.756265
1.21494
0.322685
0.488635
0.582853
0.618173
0.845599
0.435069
0.478811
0.343612
0.985459
0.428165
0.656641
0.482196
0.55334
0.221812
0.585545
0.799776
0.516346
0.792466
0.188271
0.653138
0.34529
0.708564
0.399958
0.799836
0.631217
0.278427
0.401169
0.547795
0.772575
0.838547
0.484345
0.935744
0.499821
0.592836
0.351324
0.15628
0.383297
0.488938
0.808975
0.296196
1.03034
0.432518
0.727163
0.345437
0.326623
0.639365
0.726928
0.48868
0.779556
0.71052
0.961103
0.789511
0.583206
0.777845
0.729549
0.769089
0.444521
0.439361
0.391509
0.329655
0.841536
0.595036
0.778807
0.682869
0.654094
0.908229
0.317571
0.26619
1.09867
0.39194
0.465065
0.526485
0.679069
0.639189
0.516259
0.670665
0.188737
0.389096
0.365538
0.628215
0.509628
0.231696
0.415808
0.447219
0.714537
0.552338
0.373429
0.631438
0.813454
0.377136
1.04258
1.02132
0.636685
0.285005
0.465678
0.958632
0.580897
0.138908
0.319446
0.515189
0.859337
0.550261
0.502822
0.548997
0.452425
0.552381
0.372138
0.70748
0.361307
0.507243
0.475182
0.354864
0.33087
0.804435
0.324993
0.339117
0.401212
0.483044
0.410539
0.989488
0.327281
0.461358
0.716175
1.00415
0.742789
0.455821
0.635811
0.701467
0.487697
0.580677
0.895156
0.538082
0.352377
0.844137
0.565095
0.764148
0.658358
0.319352
0.535502
0.867886
0.512331
0.688618
0.197635
0.79838
0.495391
0.588906
0.496826
1.02006
0.866343
1.09986
0.734726
0.551005
0.622959
0.506652
0.83121
0.583596
0.962836
0.837473
0.530983
0.365681
0.347199
0.297521
0.59794
0.376217
0.71071
0.607035
0.783197
0.689516
0.794763
0.849644
0.338793
0.792812
1.08486
0.38197
0.116119
0.391381
0.658505
0.489125
0.570705
0.601044
0.778319
0.631396
0.681885
0.479539
0.567707
0.338419
0.866808
1.14833
1.27451
0.515131
0.481167
0.879513
0.618507
0.553205
0.727086
0.6004
0.870776
0.439648
0.158149
0.443895
0.547792
1.1564
0.540921
1.16356
0.749891
0.325204
0.34238
0.335971
0.990169
0.502914
0.461759
0.435213
1.17797
1.22774
0.618278
0.704636
1.26533
0.372932
0.380252
0.400583
0.324496
0.22792
0.786368
0.980736
0.59338
0.950146
0.946462
0.487071
0.941278
0.59833
0.538116
0.590671
0.588581
0.316826
0.582897
0.519732
0.271086
0.703885
0.736045
0.36164
0.917698
0.699607
0.118791
0.497879
0.767758
0.230343
0.814795
0.610906
0.324126
0.861531
0.297558
0.662177
0.436376
0.881289
0.654657
0.544961
0.375891
0.200844
0.848341
1.1267
0.307238
1.13509
0.968385
0.324354
0.874962
0.463572
0.708778
0.646967
0.253975
0.230396
0.386414
0.704947
0.782286
0.302587
0.596556
0.660427
0.872036
0.974875
0.586895
0.973258
0.864534
0.983089
0.267768
0.445426
0.224733
0.831724
0.536226
0.382064
0.379756
0.702876
0.551203
0.591487
0.982691
0.339872
0.622827
0.866248
0.357005
0.540568
0.584974
0.555706
0.16393
0.709785
0.443902
0.416245
0.602816
1.04248
0.61362
0.8525
0.745578
0.525709
0.351504
0.669502
0.320627
0.428895
0.530203
0.572172
0.531704
1.16547
0.527645
0.257433
0.814872
0.296106
0.619214
0.3025
0.373504
0.298804
0.466497
1.1745
0.370269
1.02733
0.476895
0.85223
0.784623
0.225247
0.456406
0.677093
0.712849
0.661959
0.400874
0.29879
0.699661
0.448822
0.654081
0.548331
0.441864
0.660284
0.598105
0.70889
0.763836
0.448692
0.381093
0.860765
0.505162
0.741667
0.677221
0.423844
0.0876581
0.790829
0.26445
0.909761
0.350024
0.744635
0.768155
0.866823
0.598207
0.54452
0.375271
0.72248
0.618331
0.531846
0.822183
0.433201
1.18593
0.722838
0.931937
0.137195
0.53873
1.01003
0.794978
0.77968
1.00709
0.886508
0.946
0.422911
0.708489
0.718622
0.49903
0.737235
0.773453
0.564893
0.336075
0.693118
0.517021
0.56352
0.0683633
0.549678
0.719163
0.886276
0.153619
0.272397
0.664777
0.717311
0.516817
0.785621
0.246908
0.704197
0.863166
0.611115
0.577847
0.372259
1.04915
0.684178
0.13268
0.41319
0.567167
0.976839
0.668341
0.404879
0.894251
0.80352
0.57144
0.824528
0.727568
0.54855
0.427001
0.477613
0.663601
0.259634
0.408418
0.592137
0.408917
0.808806
0.655433
0.571466
0.716896
0.910991
0.75545
0.827112
0.989027
0.910885
0.684162
0.585986
0.768961
0.415245
0.294941
1.08243
0.299992
0.170193
0.51543
1.03233
0.268274
0.359489
0.24221
0.43045
1.06602
0.671617
0.385058
0.683013
0.20431
0.413851
0.588796
0.158629
0.621405
0.568986
0.314502
0.599552
0.274583
0.686977
0.385446
0.556305
0.290475
0.543621
1.01404
0.294836
0.582732
0.516429
0.724716
0.903969
0.417439
0.554493
0.423079
1.04623
0.358176
0.622869
0.755032
0.469682
0.581229
1.12334
0.614006
0.407651
0.591549
0.770933
0.553217
1.15564
0.766256
0.458521
0.432491
1.04458
0.0689654
0.62675
0.639876
0.924488
0.699657
0.426599
0.236999
0.260217
0.825383
0.461041
1.02359
0.65403
0.421636
0.547167
0.546431
0.418965
0.678316
0.161538
0.843152
0.572027
0.245779
1.06835
0.384662
0.865115
0.897061
0.858681
0.401969
1.23275
0.864105
0.281143
0.269147
0.627718
0.32082
0.648195
0.706684
0.556966
0.760558
0.777355
0.431843
0.719782
0.812642
0.811772
0.302236
0.911774
0.0326429
0.308741
0.750267
0.579989
0.572407
0.82838
0.492357
0.799964
0.923728
0.556981
0.504549
0.811593
0.925447
0.655632
0.797107
0.557999
0.735831
0.362525
0.850794
0.21554
0.757498
0.816305
0.958833
0.321776
1.14655
0.791333
0.202614
0.8403
0.364341
1.20921
1.2616
0.601289
0.434511
0.450645
0.913837
0.421418
0.202708
0.766509
0.450833
0.371422
0.818961
0.782515
0.308825
0.840733
0.59354
0.568789
0.600486
0.277152
0.712541
0.834349
0.443792
1.14335
0.52503
0.351227
0.344767
1.05337
0.490946
0.520617
1.09712
0.551216
0.320776
0.972245
0.551918
0.981391
0.245592
0.927428
0.451109
0.370959
0.328253
0.340135
0.45881
0.734427
0.717154
0.615774
0.579685
0.351359
0.452433
0.254795
0.235809
0.274874
0.803824
0.357683
0.538817
0.227971
0.504082
0.433943
0.773426
1.12864
0.275686
0.684023
0.323807
0.170817
0.628191
0.284324
0.698925
0.502558
0.717304
0.278843
0.603302
0.495546
0.536175
0.223561
0.54845
0.769739
0.773684
0.805947
0.750648
0.717715
0.769933
0.648129
0.134506
1.014
0.787227
1.25114
0.313171
0.475861
0.177933
0.3505
0.977441
0.308882
0.625659
0.599906
0.610694
0.788292
0.65716
0.489713
0.80035
0.627605
0.523631
0.921795
0.977775
0.987277
0.517675
1.05487
0.928161
1.10302
0.712741
1.10301
0.0928611
0.348478
0.780674
0.395053
0.925532
0.83945
0.305503
0.850689
0.695387
0.639908
0.540492
0.684193
1.08364
1.3469
0.451846
1.09259
0.518169
0.874952
1.0766
0.60226
0.902516
0.592702
0.518739
1.26696
0.233656
0.704267
0.479862
0.546367
0.436579
0.639856
0.624561
1.0983
0.481131
0.666107
0.356956
0.549729
0.475786
0.388427
0.442238
0.822192
0.916776
0.321096
0.378558
0.327166
0.928118
1.04453
0.72402
0.171512
0.564802
0.684121
0.436901
0.248079
0.545871
0.488794
0.700432
0.985099
0.727617
0.504127
0.35588
0.584137
0.273141
0.217865
0.229499
0.512379
0.594206
0.262504
0.364109
0.925744
0.665611
0.278252
0.173059
0.84016
0.992402
0.504376
0.774708
0.27067
0.79036
0.604244
0.738849
0.776891
1.33223
0.692888
0.2746
0.887354
0.534298
0.430929
0.568909
0.242561
0.472851
0.793367
0.341496
0.966529
0.567884
0.675082
0.192141
0.193943
0.476857
0.522133
0.563843
0.569381
0.886476
0.273419
0.435563
0.586409
0.851328
0.238657
1.09333
0.701067
0.911112
1.42551
0.621359
0.578277
0.259375
0.560105
0.502484
1.08626
0.277803
0.45471
1.09864
0.852793
0.794613
0.0874126
0.480167
0.4912
0.959837
0.875284
0.595661
0.392467
0.21339
0.726563
0.510042
0.724903
0.574786
0.620832
0.527017
0.44397
0.814558
0.837446
0.506544
0.625509
0.354278
0.286901
0.583721
0.599381
0.484826
0.412941
0.478304
0.696197
0.729213
0.477951
0.372114
0.941791
0.923559
0.786396
0.791161
0.918279
0.525423
0.383853
0.573063
0.0820799
0.586214
0.909151
0.232879
0.170521
0.419762
0.904537
1.04046
0.810113
0.34268
0.893149
0.566375
0.425139
0.510037
0.874044
0.356983
0.347651
0.177656
0.615325
1.02278
0.645103
0.34715
0.694315
0.648053
0.953227
0.969422
0.842759
0.274921
0.509981
0.790053
0.795255
0.454653
0.941643
0.341657
0.621322
0.684132
1.15671
1.02762
0.963728
0.94136
0.453841
0.662269
0.911196
0.550194
0.447281
0.97078
0.853519
0.578874
0.404508
0.501433
1.01191
0.409862
0.409438
0.226691
0.319766
0.561656
0.951371
0.111642
0.827753
0.404061
1.05133
0.454802
0.793281
0.538135
0.743254
0.818135
0.535484
0.507039
0.51824
0.655797
0.990129
0.180567
0.748679
1.02814
0.676422
0.514072
0.604207
0.293799
0.748879
0.518683
0.483526
0.934961
0.355834
0.308591
0.400941
0.383964
0.313237
0.618793
0.71501
0.881192
0.863803
0.401668
0.575561
0.457733
0.533004
0.704819
0.637832
0.485584
0.431413
0.528174
0.605888
0.538861
0.1136
0.263851
0.257223
0.386562
0.392338
0.31676
0.306761
0.448621
0.967832
0.271925
0.468752
0.16928
0.877373
0.591882
0.329815
0.526214
1.02516
0.738894
0.683572
0.815118
0.341476
0.542515
0.356971
0.652883
0.533953
1.2416
0.584014
0.465644
0.734259
0.387402
0.623104
0.536478
0.392581
0.69814
0.600714
0.276526
0.640106
0.461396
0.450828
0.765353
0.665051
0.390768
0.506362
0.471585
0.623384
1.09878
0.455035
0.615845
0.834461
0.611322
0.475282
0.654264
0.51399
0.696525
0.775401
0.564465
0.430907
0.464708
0.26867
0.341007
0.277543
0.378264
0.565684
0.402905
0.503463
0.127818
0.298997
0.224932
0.603526
0.430675
1.02254
0.836228
0.303563
0.323837
0.895331
0.361742
0.248918
0.531634
0.559947
0.749616
1.00558
0.476771
0.388005
0.393879
0.694084
0.8373
0.74414
0.312829
0.269484
0.430841
0.734384
0.502766
0.571856
0.325758
0.596905
0.399763
0.622911
0.31938
0.619515
0.610462
0.411275
0.575365
0.767251
1.08663
0.606695
0.555029
0.498807
0.525373
0.306369
0.312728
0.790669
0.544042
0.746002
1.08494
0.739636
0.973986
0.574517
0.465294
0.551298
0.355405
0.979705
0.584597
0.410612
0.5823
0.273104
0.625793
0.603703
0.748264
0.639255
0.420209
0.357973
0.35918
0.819187
1.14456
0.278465
0.817138
0.358909
0.437231
0.694341
0.232024
0.821926
0.393626
0.868492
0.709169
0.979805
0.769654
0.540442
0.496582
0.384709
0.585248
0.669539
0.513142
1.00998
0.469136
0.901001
0.975598
0.683682
0.983208
0.561524
0.973226
0.410726
0.396462
0.823407
0.241164
0.535035
0.780759
0.810946
0.689449
0.847802
0.420568
0.601164
0.159492
0.559188
0.625196
0.942013
0.738866
0.872071
0.616835
0.328249
0.520239
0.142841
0.630016
0.7328
0.707563
0.606795
0.231102
0.438356
0.802843
0.759794
0.760096
0.697939
0.683966
0.283088
0.416361
0.435324
0.363251
0.332817
1.09647
0.610966
0.373551
0.690627
0.414588
0.696783
1.23117
1.00109
0.83952
1.18487
0.768887
0.890316
1.1023
0.301685
0.647335
0.505536
0.593115
0.710431
0.334284
0.784279
0.43117
0.575668
0.271005
0.513448
1.04036
0.589003
0.655163
0.614297
0.350919
0.864484
0.913669
0.843381
0.320341
0.916194
0.312238
0.671224
0.40515
0.87177
0.483385
0.399682
0.262935
0.543732
0.131753
0.525166
0.159562
0.962203
0.631427
0.18545
0.600606
0.778719
0.67034
0.592521
0.436438
0.801879
0.77659
0.794418
0.456395
0.398471
0.949005
0.509153
0.730609
0.321781
1.23344
0.535987
0.5315
0.480017
0.642076
0.659842
1.27401
0.440517
0.703055
0.605266
1.03761
0.448491
0.906226
0.331289
0.661426
0.601463
0.391476
0.700191
0.558149
0.799897
0.433915
0.963825
0.570248
0.528344
0.852571
0.221741
0.899293
0.233977
0.597738
0.503271
0.627521
0.408908
0.487405
0.782125
0.561948
0.615439
0.766479
0.273916
0.302842
0.369534
0.304405
0.409537
0.970578
0.774512
0.477119
0.651003
1.38796
1.12428
0.291664
0.616052
1.3165
0.599343
0.480646
0.773392
0.495439
0.867623
0.601853
0.357934
0.507743
0.36257
0.567628
0.645565
1.21528
0.336227
0.639411
0.894096
0.453955
1.29184
0.172763
0.485639
0.374196
0.402736
0.419625
0.161903
0.402933
1.1637
0.553927
0.739662
0.498202
0.382807
0.907929
0.798899
0.467269
0.475428
0.411023
0.185818
0.280295
0.997101
0.775639
0.312728
0.326321
0.473245
0.404271
0.583431
0.82124
0.836872
0.293588
0.827118
1.0489
0.569396
0.911785
0.78489
0.483552
0.350351
0.390515
0.884379
0.709567
0.633521
0.504697
0.462947
0.160985
0.904237
0.639852
0.50372
0.452358
1.14981
0.581689
0.271595
0.299863
0.681669
0.278511
0.708592
0.684451
0.729079
0.530458
0.81622
0.435142
0.812597
0.607077
0.714552
0.613741
0.452843
0.524588
0.696356
0.15563
0.667258
0.91505
0.478865
0.362545
0.504679
0.594372
0.532248
0.471251
0.723679
0.471671
0.542848
0.334218
0.499591
0.533803
0.68892
0.234999
0.50912
0.643253
0.475081
1.12972
0.618694
0.695607
0.335587
0.144654
0.316406
0.404116
0.404643
0.478252
0.577601
0.651269
0.724449
1.10559
0.432499
0.451299
0.361964
0.968405
0.501127
0.308722
0.583116
0.484001
0.827871
0.696436
0.837649
0.258997
0.797939
0.564275
0.252981
0.949304
0.512964
0.956549
0.174911
0.849271
0.723757
0.349277
0.55816
0.904098
0.189982
1.04189
0.821511
0.373658
0.675715
0.837279
0.505526
0.52806
0.335499
0.897939
0.698525
0.710168
0.373516
0.386338
0.712148
0.331423
0.375221
0.708492
0.694815
0.909711
0.54396
0.977765
0.565832
0.67939
0.375987
0.729951
0.670344
0.512677
0.727406
0.846118
0.591574
0.436385
1.19247
0.397858
0.619307
0.436471
0.739849
0.407515
0.448195
0.180183
0.232748
0.427785
1.27083
0.615443
1.10725
0.318688
0.507256
1.07042
0.188585
1.0921
0.619628
0.857974
0.146267
0.748467
0.710834
0.502873
0.141041
1.06151
0.459431
0.536639
0.685468
0.592334
0.730899
0.662909
0.699301
0.649919
1.15625
0.418442
1.36614
0.659301
1.12088
0.964054
0.719326
0.753499
0.54838
0.624169
0.627793
0.647077
0.668328
0.934737
0.860602
0.57635
0.313195
0.807635
1.11148
0.585527
0.395823
0.479285
0.371875
0.833175
1.03607
0.846554
0.278551
0.747742
0.677164
0.654816
0.535508
0.257534
0.621231
0.305225
0.431261
0.814766
0.679698
0.173575
0.900926
0.680196
0.431941
0.412739
0.538107
0.48972
0.671564
0.358668
0.601304
0.36599
0.331687
0.473612
0.702248
1.20403
0.471572
0.651507
0.739363
0.675432
0.979702
0.434894
0.764996
0.336671
0.0998571
0.283526
0.359574
0.345828
0.450742
0.253318
0.946033
0.672848
0.735165
0.683473
0.655453
0.342891
0.436894
0.459025
0.394455
0.923539
0.800585
0.292004
0.441769
1.13312
0.932823
0.479307
0.374476
0.566582
0.440849
0.819653
0.765342
0.643003
0.901503
0.822031
0.439099
0.309117
1.34744
0.803412
1.30886
0.65224
0.372445
0.561203
0.638597
0.805881
0.460865
0.517448
0.256233
0.286653
1.03727
0.894277
0.396954
0.777476
0.359252
0.648309
0.902116
0.573063
0.939498
0.29749
0.779377
0.250857
0.31772
0.58366
0.894586
0.784361
1.23776
1.06242
0.516722
0.553833
0.764972
0.776902
0.428046
0.367544
1.30252
0.838764
0.911824
0.811873
0.65602
0.505399
0.465344
0.513255
0.39973
0.399549
0.973945
0.69771
0.652101
0.355847
0.489211
0.429446
0.530238
1.08461
0.992496
0.983517
0.552691
0.46334
0.856295
0.40884
0.721697
0.692927
0.665465
0.184132
0.802597
0.723404
0.329238
0.380782
0.876458
0.6163
1.08171
0.60071
0.701354
0.8098
0.137925
0.65057
1.09719
0.845727
0.46822
0.428296
0.87964
0.177384
0.227251
0.189676
0.541806
0.291023
0.176063
0.549511
0.490165
0.489646
0.212212
0.345613
0.864125
0.564486
0.510876
0.777605
0.583955
0.121709
0.590226
0.919347
0.586496
0.478309
0.895845
0.940214
0.616271
0.748325
0.640514
0.0842206
0.320212
1.2994
0.551263
0.472036
1.03335
0.564261
0.550636
0.588642
0.885905
0.34615
0.31324
0.635247
0.839415
0.55603
0.490851
0.554715
0.605327
0.374238
0.631136
0.415292
1.1646
0.147754
0.436153
0.452384
0.49751
0.653532
0.673342
0.940804
0.546303
0.264807
0.156963
0.828043
0.722684
0.976623
0.390534
0.43388
0.416033
0.687014
0.342554
0.359223
0.751318
1.23729
0.52092
0.660327
0.636828
0.980768
0.699539
1.11914
0.757232
0.682703
0.605885
0.654287
0.698445
0.421187
1.14868
0.848031
0.470661
0.484601
0.438178
0.674532
0.67897
0.360701
0.31738
0.514343
0.921096
0.96136
0.802238
0.710983
0.741064
0.98911
0.606055
0.459098
0.614267
0.563219
0.488147
0.377554
0.270885
0.69481
0.534125
0.0555085
0.846909
0.326645
1.18196
0.626438
0.357191
0.365085
0.800477
0.914822
0.737941
0.28334
0.494798
0.697447
0.715989
0.737515
0.654725
0.705456
0.676217
0.934088
0.69104
0.738007
0.509135
0.694197
0.388151
0.555491
0.893014
0.173871
0.222824
0.527396
0.55102
0.480257
0.451279
0.549553
0.374174
0.539301
0.415402
1.11467
0.965563
0.839626
0.471071
0.91925
0.857887
0.896418
0.696262
0.181156
0.57857
0.913499
0.942025
0.615407
0.625959
0.40889
1.00188
0.830364
0.530066
0.702138
0.776965
0.262281
0.481435
0.330076
0.536638
0.712173
0.597126
0.525665
0.350893
0.907553
0.814245
0.157228
0.491135
1.00092
0.331259
0.509799
0.883475
0.217929
0.748184
0.915975
0.33355
0.273843
0.563622
0.593983
0.193942
0.53137
0.903735
0.394821
0.976872
0.278863
0.355655
0.828974
0.263629
0.19213
0.608376
0.236736
0.891946
0.65438
0.723623
0.876562
0.732771
0.365936
0.927207
0.968786
0.797695
0.674281
0.593085
0.341759
0.552315
0.456989
0.155095
0.491124
0.997931
0.565688
0.795965
1.00603
0.418158
0.904377
0.517285
0.941579
0.509501
0.81785
0.486557
0.337239
0.589825
0.580135
0.508349
0.842396
0.386605
0.398505
0.71269
0.405089
0.338502
0.860468
0.292987
0.130836
0.539081
0.415083
0.41773
0.544114
0.42842
0.453146
0.369511
0.628343
0.916917
0.622274
0.432308
0.650194
0.554694
0.588807
0.502365
1.32411
0.622142
0.742409
0.184821
0.855188
0.642508
0.499371
0.797207
0.768026
0.600137
0.605497
0.427363
0.487365
0.511194
0.535047
0.608061
0.412344
1.1605
0.686726
0.342895
0.580859
0.307927
0.581735
0.242057
0.335457
0.205503
0.755893
0.736268
0.130766
0.879472
0.503389
0.639334
0.53766
0.747438
0.414709
0.208428
0.654056
0.555701
0.745189
0.689076
0.671433
0.860939
0.288674
1.30094
0.430756
0.94309
0.455238
0.315417
0.384302
0.772881
0.809685
0.37338
0.40279
0.603344
0.831179
0.597403
0.691149
1.18435
0.88702
0.630772
0.46421
0.342821
0.23128
0.864681
0.726731
0.343644
0.608797
0.566808
0.66307
0.862919
1.06649
1.14284
0.273601
0.918247
0.400979
0.334724
0.625604
0.992234
0.386306
0.480593
0.416323
0.498594
0.360611
0.501672
0.885005
0.719163
0.51994
0.708434
0.90001
0.574328
0.647195
0.547742
0.0814529
0.818053
0.994602
0.439152
0.635097
0.337984
0.647929
0.54347
0.57721
0.384386
0.538803
0.516151
0.53643
0.580903
0.558607
0.655287
0.58788
0.687128
0.228279
0.413494
0.53388
0.7263
0.734916
0.460654
0.744172
0.478766
0.623085
1.00808
0.288675
0.779104
0.647344
0.402106
0.77905
0.77333
0.753551
0.380038
1.36269
0.78865
0.333147
0.225863
0.433373
0.894319
0.570795
0.327063
0.338185
0.3012
0.362516
0.2224
1.35326
0.126494
0.863694
0.459318
1.19117
0.481348
0.581809
0.559732
0.180707
0.800154
0.852575
0.272894
0.672362
0.724073
1.00313
0.566673
1.10449
0.71264
0.485859
0.80822
1.04626
0.451734
0.673046
0.56082
0.721185
0.207745
0.197287
0.812587
0.509787
0.241207
0.770358
0.670889
0.346317
0.76893
0.376702
0.727806
1.14862
0.592992
0.491214
1.22021
0.862897
0.663281
0.346864
0.45134
0.764395
0.879086
0.196745
0.474033
0.519695
0.149111
0.680968
0.459631
0.825236
0.630793
0.784598
0.44416
0.597004
0.690946
0.741463
0.443019
0.622364
0.526866
0.576158
0.590428
0.729355
0.374158
0.623266
0.738493
0.483314
0.635886
0.781014
1.26038
0.672282
0.505609
0.596967
0.408822
0.540483
0.387636
0.294752
1.05072
0.646055
0.411568
0.56275
0.787733
0.499362
0.68889
1.03351
0.612496
0.318262
0.257954
0.392408
0.620896
0.430764
0.182028
0.636958
0.327097
0.428418
0.591895
0.484394
0.565436
0.616144
0.9066
0.515251
0.520713
0.96866
0.324832
0.357646
0.908195
0.422386
0.325549
0.252721
0.598843
0.951174
1.06358
0.49454
0.736556
0.472506
1.01868
0.435601
0.476296
0.498862
0.321376
0.657218
1.09498
0.953543
0.760198
0.470224
0.444624
0.697924
1.01123
0.622875
0.612335
0.370744
0.495479
0.409836
0.357227
0.253613
0.757395
1.0591
0.438788
1.24871
0.953613
0.8085
0.348632
0.625733
0.621822
0.612434
0.548844
0.631834
1.00431
0.688067
0.569617
0.620886
0.341555
0.768336
0.671615
0.255154
0.781871
0.688149
0.41081
0.804377
1.01976
0.50189
1.29745
0.773003
0.218864
0.516186
0.706648
0.966718
1.41916
0.819482
0.286051
0.490194
0.403895
0.354665
0.392173
0.523134
0.273399
0.557709
1.23466
0.447464
0.549185
0.468592
0.65486
0.290242
0.441047
0.745826
1.24668
0.42589
0.525859
1.06802
0.566225
0.0798709
0.887568
0.432923
0.207197
0.54746
0.57579
0.338761
0.805499
0.397068
0.553426
1.02981
0.964817
0.854429
0.33999
0.6004
0.603595
0.485745
0.458035
0.710124
0.369078
0.473386
0.485637
0.578216
0.168981
0.721432
0.189084
0.9017
0.680379
0.40572
0.406755
1.14484
1.01242
0.771605
0.514211
0.729285
0.467868
0.901243
0.465466
1.05734
0.379166
0.158624
0.642606
0.809408
0.615772
0.417266
1.04778
0.749577
0.833235
0.427726
0.397028
0.708515
0.426569
0.382207
0.789712
0.61631
0.516256
0.786501
0.529359
0.45321
0.45127
0.188715
1.02419
0.731537
0.470648
0.747334
0.731828
0.481757
0.316785
0.361735
0.583668
0.599095
0.420919
0.817762
0.64577
0.229609
0.528556
0.666659
0.497731
0.853176
1.19338
0.447523
0.971118
0.536505
0.242799
0.3901
0.509194
0.304396
0.244679
0.504465
0.320209
0.63805
0.28538
0.903855
0.613964
0.656078
0.372775
0.644635
0.396268
0.401794
0.574886
0.734244
0.803011
0.515412
0.572645
0.392355
0.983581
0.951395
0.638891
0.407134
0.553889
0.841152
0.577045
0.672511
0.638564
0.501301
1.20639
0.621497
0.24594
0.282181
0.87094
0.616262
0.551683
0.832286
0.774309
0.0799985
0.834577
0.506875
0.441243
0.81133
0.486939
0.577778
0.636504
0.785741
1.10654
0.535875
0.743979
0.798282
0.374363
0.741619
0.397867
0.863105
0.554094
0.550029
0.108471
0.962007
1.02889
0.500367
1.09361
0.654247
0.660132
1.02397
0.194206
0.844461
0.788962
0.457034
0.256889
0.540762
0.268481
0.357296
0.642572
0.787976
0.364626
0.477428
0.35332
0.761105
0.407246
0.381983
0.763159
0.530692
0.660986
0.439542
0.833675
0.23488
0.705725
0.178289
0.483431
0.638676
0.878533
0.387808
0.495587
0.901527
0.537135
0.412065
0.365264
1.10024
0.487927
0.552828
0.697456
1.19378
0.587961
1.10238
0.634779
0.554795
0.249164
0.871131
0.289177
0.262503
0.828628
0.917833
0.95748
0.784797
0.43038
0.454943
0.503456
0.59221
0.377241
0.789877
0.908249
0.933238
0.538322
0.621699
0.448212
0.522364
0.613035
0.847643
0.63288
0.920857
0.518093
0.681574
0.371081
0.397858
0.740654
1.08563
0.76268
0.763938
0.891888
0.371674
0.528021
0.599717
0.300257
0.419927
0.661764
0.142339
0.699352
1.2275
0.596913
0.439517
0.233106
0.814854
0.829225
0.645244
0.756302
0.56412
0.878908
0.264971
0.896041
0.459134
0.77658
0.782629
0.632415
0.253298
0.348362
0.469631
0.846623
0.493337
0.411585
1.00174
0.670411
0.156764
0.42509
0.446253
0.0860069
0.565035
0.536538
0.930857
0.213365
1.09222
0.874628
0.340916
0.160367
0.846745
0.593616
1.07969
0.492704
0.517333
0.986714
0.688524
0.283802
0.634171
0.553158
1.18035
0.434724
0.454881
0.466432
0.181847
0.800311
0.381763
0.854254
0.526746
0.255717
0.455051
0.543619
0.249872
0.473007
0.976694
0.44403
0.834343
0.935882
0.809317
0.372809
0.479625
0.639488
0.558401
0.812412
0.842154
0.23331
0.907803
0.697442
0.413125
0.986471
1.13391
0.608324
0.625819
0.417988
0.775043
0.841387
0.989204
0.815391
0.755122
0.572511
0.90586
0.764906
0.795318
0.482665
0.681701
1.094
0.659184
0.353771
1.13489
0.323
0.387866
0.386323
0.425417
0.928511
0.472608
0.87718
0.758185
0.731749
0.287783
0.750439
0.636855
0.645961
0.490711
0.304143
0.902065
0.446219
0.521909
