0.465561
1.28697
0.883383
0.336826
1.13769
0.808904
0.438505
0.768739
0.77632
0.322566
0.556213
0.294254
0.910873
1.43024
0.667759
0.305733
0.360106
0.947286
0.467599
1.44272
0.462861
0.897854
0.442581
0.719695
1.1598
0.628602
0.842061
0.663673
1.23552
0.278176
0.903706
0.33972
0.284947
0.411339
1.34527
1.44851
0.684218
0.568984
0.658064
0.334461
1.01
0.916165
0.787613
0.648597
0.999152
0.436685
0.726067
0.750607
0.490095
0.846929
1.28046
0.419535
1.20112
0.682909
0.200249
0.786269
0.506087
0.707005
0.818589
0.523758
0.995513
0.297915
0.688645
0.1422
0.857135
0.723005
0.823553
0.776247
0.340699
0.770446
0.596071
0.710875
1.17981
0.31218
0.590176
0.225818
0.237412
0.25118
0.721705
0.131216
0.790551
1.21401
0.591577
0.307308
0.715425
0.27008
0.891397
0.360735
1.30732
0.879179
0.851846
0.688238
0.621675
0.486668
0.324999
0.242037
1.05519
1.41691
1.05702
0.421829
0.853651
0.273819
0.354299
0.504254
0.374273
0.692818
0.601154
0.308891
0.709219
0.319255
1.03682
0.619155
0.878376
0.393978
0.863135
1.0125
0.59773
0.282289
0.707573
0.835063
0.676813
1.17427
1.10133
1.22394
0.934528
0.824906
0.293416
0.533072
1.21503
1.0048
0.819869
1.01658
0.817523
0.62684
1.08313
0.655756
0.396436
1.03101
0.472995
0.796379
0.838781
1.02194
0.846293
0.810932
1.31374
0.339288
0.527484
1.10421
0.280832
0.515909
1.23872
0.577429
0.899042
1.08022
0.908887
0.642358
0.723049
0.466172
1.01603
0.855459
0.652619
1.23494
0.340209
0.499969
0.633691
0.815617
0.35351
0.704017
0.815374
0.80147
0.91249
0.520943
0.364978
0.83356
0.445491
0.788796
0.558898
0.40644
0.330014
1.32896
0.77884
1.07786
0.99137
0.640863
0.623678
0.963758
0.954128
0.545975
0.783784
0.682248
0.332359
0.14657
0.606174
0.939018
0.474629
0.932508
0.371028
1.03674
1.05107
0.348199
0.382292
0.869207
0.59343
0.754484
0.290497
0.760111
0.995525
0.806234
0.442404
1.19055
0.635654
0.76769
0.474785
0.403883
0.530034
0.434832
0.53666
0.617912
0.342199
0.30792
0.934099
0.60255
0.421988
0.89369
1.15305
0.366995
0.327712
0.90027
0.572516
0.900411
1.12104
0.808528
0.636437
0.627319
0.956247
0.730006
0.804198
0.654941
0.361265
0.523515
0.826444
0.422468
0.534382
1.4343
0.516671
0.202052
0.74933
0.782935
0.471564
1.04273
0.791587
0.416231
0.756922
0.800807
0.927384
0.705306
0.741508
0.811288
0.931486
0.555489
0.623223
0.646965
0.840167
0.439732
1.01845
0.451355
0.846282
0.597774
1.10731
0.839562
0.521361
1.12972
1.19276
0.899309
0.998198
0.892345
0.970939
0.813777
0.841912
0.988449
0.863383
0.343891
0.787134
1.15001
0.886141
0.444264
0.672019
0.383562
1.28102
0.636585
0.863984
0.546642
0.318595
0.75179
0.532734
0.938546
0.690926
0.280379
0.817283
0.914528
1.01457
0.676167
0.324798
0.817337
0.552986
0.868854
0.777282
0.869965
0.766948
0.625964
0.61006
1.33551
0.387088
0.546075
0.682682
1.34878
0.293476
0.41046
0.379016
0.306456
1.0526
0.463724
1.07384
0.681708
1.01324
0.922377
0.581912
0.724575
0.833106
0.682152
0.50624
1.19281
0.758652
0.542536
0.893965
1.00312
0.274325
0.907332
0.507292
1.23231
0.719824
0.267203
0.450811
0.865323
1.10152
0.728601
1.17006
0.476119
1.13725
0.402531
1.00811
0.385177
0.889591
0.937434
0.67098
0.580194
0.79805
0.443972
1.07869
0.425737
0.929116
0.865655
1.02448
1.10439
0.674033
0.745945
0.470397
0.616594
0.409414
0.130459
0.769723
0.465709
0.828626
0.256386
1.01473
0.511489
1.16441
0.408706
0.977035
1.03121
0.518622
0.88689
0.492702
0.78032
0.681727
0.530088
0.34713
0.978087
0.982412
1.21742
0.982697
1.05812
0.235203
0.432958
0.760289
0.790528
0.117689
0.816275
0.521532
0.698701
0.662729
1.49074
0.991092
0.482183
0.994913
0.672229
1.14191
0.516122
0.427411
0.989397
0.573116
0.519464
0.455153
0.975182
0.597685
0.761578
0.528291
0.684999
0.0879099
0.948168
0.486091
0.432539
0.658103
0.502535
0.913565
0.675118
0.212188
0.382913
0.901441
0.590989
0.615579
0.589572
1.11516
0.827569
1.0952
0.576918
0.664894
0.93668
0.783943
0.506408
0.433791
0.896871
0.257703
0.110587
0.333854
1.06636
0.326729
0.86104
0.771869
1.02846
0.872679
0.668948
1.32489
0.225176
0.875519
0.904896
0.487684
0.885175
0.746696
1.01172
0.757301
1.12481
1.21896
1.16889
1.03742
0.991263
0.969323
0.903862
0.73844
0.54048
0.954161
1.23995
0.20193
0.092774
0.460947
0.47487
0.769242
1.02824
0.982716
0.430678
0.828796
0.977602
0.626816
1.04594
0.988558
0.299195
0.84093
0.807367
0.584139
0.192313
0.915941
0.627592
0.538054
0.861511
0.598887
0.83839
0.977975
0.218749
0.605293
0.535658
0.788458
0.914382
1.09695
0.881714
1.01759
0.501744
0.803371
0.440235
0.499823
0.4134
0.424641
0.807892
0.826058
0.51768
0.433554
0.192242
0.786964
0.635255
0.885465
0.510599
0.515934
1.13639
0.754709
0.600693
0.69464
1.24959
0.686168
0.694417
0.841023
0.879818
0.562284
0.259828
0.973369
0.738998
0.976911
0.73891
0.934303
0.75284
0.78241
1.27021
1.17993
0.790084
1.08493
0.932842
1.02581
0.432865
0.531087
0.815907
0.335183
0.579775
0.907382
0.820518
0.595568
1.30085
0.70578
0.254958
0.423705
1.02087
0.624941
0.32666
0.801632
0.446955
0.492641
0.677889
0.626995
0.680407
0.416636
0.322876
0.689402
0.643175
1.21278
1.15276
0.368865
0.751229
0.847156
0.883826
0.836919
0.15926
1.04941
0.575282
0.421875
0.451166
0.703503
0.888711
0.881652
0.774812
1.09649
0.595968
1.1401
0.845264
0.919695
0.593581
0.620773
0.673062
0.541556
0.745687
1.1988
0.646871
0.836728
0.74521
0.374589
0.465087
1.01031
0.846009
0.501103
0.799741
0.677395
0.382163
0.425249
0.210827
1.31838
0.697616
1.01308
1.0093
0.314013
0.779568
0.256076
0.948904
0.714554
0.842502
1.05903
0.542451
1.14121
0.88699
0.264153
0.892478
0.725475
0.453648
0.725742
1.4224
0.820621
0.835621
0.823677
0.825301
0.537803
0.889086
0.422571
0.329853
0.16631
0.302014
0.783575
0.896653
0.856908
0.927708
1.00476
1.26869
0.593488
0.707191
1.04877
0.690166
0.934404
0.707371
1.31026
1.02414
0.995546
0.554731
0.894957
0.423992
0.614041
0.486713
0.992494
0.685751
0.757217
1.20575
0.644147
0.561486
0.909085
1.11215
1.36026
0.402529
0.70933
0.755739
0.837451
0.737371
0.56978
0.917501
0.237107
0.964443
0.63143
0.912678
0.825561
1.41625
0.585392
0.664156
0.314912
0.870407
0.905599
0.54143
0.949789
0.43182
0.982238
0.353921
0.591799
0.340577
0.564753
0.366881
0.79095
0.317028
0.650778
1.00013
0.619677
0.76143
0.504484
0.736097
0.918253
0.795359
0.310908
0.585978
0.720962
0.954595
0.898158
0.777139
0.25486
0.432958
0.439968
0.609845
0.899642
0.213135
0.124577
0.399203
0.316988
0.742147
0.681554
0.734082
0.229554
0.624893
0.173556
0.578181
0.670036
0.964486
0.937469
1.0969
0.700044
0.587178
0.584953
0.854805
1.0878
0.395251
0.2048
0.848244
0.879973
1.13562
1.03863
0.7614
0.774385
0.293687
1.11317
0.786016
0.950887
0.695794
0.958281
0.685903
0.648928
0.99363
0.64338
0.570028
0.554328
0.839225
0.713924
0.272468
0.32748
0.875782
0.632808
0.327352
0.800356
0.993431
0.657654
0.511987
0.389867
0.927758
0.433221
0.804565
0.78392
0.706488
0.785281
0.469739
0.535843
1.32267
0.685107
0.713152
0.485436
0.92686
0.551481
0.661361
0.526754
0.7022
0.397821
0.907897
0.665435
0.530735
0.62125
0.806408
0.106197
0.580633
0.252642
0.462343
0.643015
0.331912
0.202091
0.307805
1.12649
1.20968
1.05925
1.14488
0.538351
0.148753
0.970081
0.710736
1.00745
0.818682
0.927748
0.740297
1.00836
0.971152
0.374209
1.2304
0.819498
0.854719
1.03534
0.542704
0.559272
1.1432
0.728665
0.690015
0.782803
0.627305
0.815392
1.35448
0.747803
0.522079
0.731234
0.788229
0.612499
0.417685
0.387079
0.642147
0.810913
0.120122
0.619254
0.831222
0.293564
1.13964
1.1455
0.243023
0.258303
0.968149
0.862646
0.587096
0.345289
0.947512
0.533782
0.122242
0.70828
0.956528
1.05834
1.07841
0.638656
0.748993
0.475486
0.645421
0.715378
0.761303
0.620538
0.813734
1.00424
0.891612
0.867091
0.508519
0.757421
0.39757
0.70433
1.17605
0.944039
0.388833
0.825607
0.588476
0.494342
1.04622
1.0632
0.528667
0.693156
0.569343
0.740339
0.682016
0.351621
0.64268
0.618948
0.862985
0.672651
0.437994
0.853036
1.21686
0.616456
0.94867
1.33312
0.209414
0.584237
0.683366
0.896612
1.15614
0.86307
1.2436
0.426279
0.789728
0.533743
0.4803
1.16266
0.618526
0.247313
1.32119
0.445916
0.18511
0.51738
0.942517
0.608937
0.31376
0.753147
0.426511
0.292926
0.277276
0.778529
0.90742
0.373184
0.703362
0.76208
0.116614
0.25019
0.673502
0.435206
0.540521
0.884284
0.316737
1.10658
0.908733
0.65872
0.409059
0.529759
0.917298
0.665809
0.530381
1.19106
0.819136
1.18714
0.825892
0.359067
0.816266
0.806648
0.694992
0.826698
0.984718
0.230377
0.964578
0.702718
1.00696
0.69247
1.04782
0.849463
1.1711
0.404402
0.544857
1.00619
0.863445
0.611609
0.715595
0.844025
0.698543
0.665934
0.430193
0.52674
0.620366
0.190771
0.185281
0.313528
0.903257
0.516245
0.459538
1.05909
0.641775
1.16577
0.354783
0.850907
0.702777
0.679553
0.285278
1.20532
1.07696
0.842907
0.927685
0.66798
0.830349
0.844762
0.887391
0.653613
0.411505
0.678369
1.06343
0.647889
0.668962
1.24591
0.779816
0.62163
0.520779
0.334764
0.529006
0.451433
1.28809
0.865323
0.386361
0.338227
0.359104
1.04971
0.732391
0.575943
1.01308
0.620316
0.394898
1.06052
0.655648
0.789034
0.636578
0.665425
0.753622
0.655185
0.518699
0.85414
0.449438
0.76567
1.10687
1.0975
0.810516
0.501054
1.05123
0.84347
0.891298
0.751415
0.55021
0.902461
0.762208
0.530676
0.709239
0.3672
0.682997
1.02134
0.519046
0.932863
0.837614
0.663369
0.714557
0.861994
0.672322
0.590509
0.396457
0.790902
0.735088
0.951294
0.761018
0.837512
0.999775
0.862492
0.651175
0.641175
0.675992
1.187
0.958054
0.38936
0.532784
0.843144
0.686173
1.22475
0.851629
0.901
0.629693
0.686569
0.736856
0.422305
0.683508
0.821411
0.911799
0.442517
0.696299
0.729106
1.06586
0.500624
1.17479
1.10202
0.784052
0.39062
1.05254
0.848517
0.708226
0.91828
0.586188
0.981117
0.647031
0.871493
0.652701
0.919966
1.25546
0.983615
0.47402
0.383647
0.809261
0.88467
0.500109
0.917239
0.483368
0.838548
0.62925
0.259331
0.390562
0.99252
0.748008
0.814086
0.519632
0.606755
0.58941
1.22151
0.352978
1.13581
0.732288
0.862035
0.861374
0.780547
0.226406
0.324326
0.579249
0.600762
0.523174
0.14868
0.773277
0.953551
0.579783
1.33695
1.18442
0.580191
0.71754
0.565485
0.409859
0.534217
0.584106
0.448914
0.228194
0.858069
0.51342
0.35166
0.848745
0.734852
0.736338
0.735188
0.975429
0.291306
0.683521
0.479639
0.499435
1.17363
0.862783
0.858193
0.573142
0.246669
1.0879
0.650889
0.644462
0.431433
1.16067
0.35648
0.851476
0.726761
0.412718
1.16436
0.51677
0.343052
0.87195
0.753937
0.552864
0.45633
0.854528
0.509708
0.428694
0.595411
0.595111
0.416737
0.606579
0.836521
1.0244
0.583649
0.685309
0.824351
0.819104
1.02492
1.0531
0.644333
1.01353
0.681317
1.04811
0.662889
0.870312
0.992556
0.62266
0.379436
0.909181
1.1377
0.358938
1.24181
0.462937
0.597863
0.574731
0.0918421
1.08567
0.570709
1.08137
0.715942
0.786051
0.56322
0.311722
0.792131
0.480822
0.627441
0.82267
0.909705
1.00376
0.342445
0.867661
0.795278
0.83192
0.409137
0.691233
0.896799
0.937468
1.03079
0.881094
1.02988
0.297981
1.10266
0.274952
0.570773
0.69566
0.597511
0.65072
0.626894
0.513421
0.626028
0.472662
0.723279
0.579323
0.319852
0.401944
0.804268
0.627961
0.927222
1.39118
0.573623
0.556591
0.299458
0.958035
0.352795
1.04732
0.823761
0.54539
0.467024
0.470184
0.746845
0.572008
0.703502
0.656582
0.737609
0.813981
0.698682
1.24827
0.553393
0.420188
0.283411
0.719568
0.977513
0.546116
0.578577
0.514815
0.290186
0.970251
0.96336
1.00928
0.814414
1.12821
0.911746
1.03261
0.59409
1.14915
0.713578
0.420159
0.774866
0.462054
1.02811
0.77012
0.857717
0.97698
0.81965
0.373145
0.649654
0.211062
0.346323
0.67018
0.639114
0.552113
0.210681
1.31377
0.758769
0.783374
1.21344
1.20339
0.772637
0.998922
0.83638
0.34139
0.346962
1.11702
1.16269
0.724111
0.751459
0.596235
0.544642
0.643262
0.600632
0.834511
1.06017
0.744284
0.601861
1.27528
0.639336
0.833883
0.74195
1.03675
1.19794
0.850191
0.473274
0.71333
0.731754
0.707643
0.722145
1.06841
0.819223
0.392421
0.588287
0.832986
0.806975
0.557746
0.828946
0.626447
0.218597
1.05155
0.599908
0.500082
0.482625
1.32286
0.762876
0.344689
0.492643
1.30131
0.913348
0.845966
0.850033
0.833817
1.30235
0.480425
0.92641
0.412754
0.791538
0.771814
1.26541
1.11825
1.23861
0.588314
0.966391
1.01473
0.617345
0.703549
0.880207
0.634321
0.669967
0.911364
0.252097
0.729065
0.723802
1.06558
0.387043
1.23641
0.887917
0.988009
1.11315
0.433717
0.816258
0.489391
0.563413
0.344648
0.943571
1.09529
0.851064
0.723812
0.885269
0.930552
1.0606
0.459601
0.468774
0.440677
0.470695
0.301828
0.413435
1.10858
1.41245
0.959833
0.713997
0.113051
1.15656
1.06026
1.13991
0.574827
0.379957
0.910688
0.433246
0.953997
0.683257
1.20314
1.18996
1.17803
0.615217
0.496048
0.891356
0.414251
0.40296
1.28818
1.22301
0.310113
0.488145
0.923817
0.273776
0.374677
0.446246
1.33236
0.417534
0.228248
0.768617
0.621204
1.25914
0.82963
0.767527
1.36042
1.13337
0.724929
0.788675
0.671246
1.18075
0.642593
1.05918
1.02571
0.848156
0.934166
0.363768
0.887363
0.557577
0.314011
0.277057
0.571176
0.576404
0.325704
0.971756
0.756218
0.97767
0.392865
0.325173
1.25458
1.03175
0.526816
0.420114
0.767373
0.454374
0.91932
0.540744
0.643399
0.537473
0.538043
1.08191
0.935173
0.575675
0.569112
1.34855
0.699765
1.10776
0.833253
0.249501
0.681518
0.173627
0.137185
0.448897
0.535534
0.833463
0.976018
0.214436
0.607919
0.649547
0.300781
0.849984
0.995356
0.771328
0.718135
0.663488
0.885066
0.832788
0.524865
0.998677
0.610872
0.846507
0.389082
0.395416
1.07652
1.04107
0.459725
0.817077
0.942687
0.581078
0.637625
1.13585
1.00909
0.638409
0.425055
0.838356
0.544784
0.792628
0.0378783
0.836584
0.380821
0.570028
0.516744
0.371857
0.415579
0.985827
0.479179
0.961828
0.839636
0.363225
0.718611
0.694351
0.642394
0.570725
0.727059
0.391509
1.23616
0.885956
0.308035
0.63469
0.963324
0.970593
0.60797
0.416517
0.771449
0.449852
0.973814
0.846794
0.682794
0.439755
0.682111
0.859476
0.476304
0.210962
0.8908
0.47173
0.945678
1.15617
0.918118
1.02425
0.696643
1.05632
0.936694
0.273078
0.450737
0.785137
0.655079
0.895909
1.14429
0.130374
0.487297
0.217538
0.913473
0.799577
0.558776
0.282667
0.690461
0.938308
0.784205
1.24866
0.89804
0.559927
0.605853
1.01177
0.515247
0.88999
0.792291
0.735853
0.306996
0.800855
0.472286
0.276802
1.03229
1.09014
0.639669
0.469366
0.505362
0.431013
0.994191
0.19666
0.760979
0.71799
0.782327
0.450632
0.571483
0.97367
0.96267
0.116104
0.476713
1.09141
0.667836
0.687488
0.58758
0.503711
0.337957
0.916131
1.33616
0.3634
0.923186
0.829909
0.393463
0.642637
0.769907
0.925549
0.660837
0.669323
0.861932
0.43493
1.09941
0.344389
0.637052
0.496302
0.571309
0.572979
0.492467
0.451962
0.501472
0.61123
1.39498
0.909371
1.06436
1.00112
0.863879
1.02777
0.050505
0.803392
1.12214
1.31156
1.04353
0.551287
0.755088
0.712313
1.01048
0.340058
0.78834
1.09818
0.0922295
0.275632
0.763897
0.622949
1.12273
1.02681
0.587398
0.514368
0.827253
0.688492
0.849887
0.880005
0.425171
0.653011
0.576403
0.940532
0.31386
0.592471
0.782838
0.917518
0.730018
0.813082
1.06278
0.281854
0.352855
1.06845
0.656917
0.627622
0.484494
0.977162
0.565729
0.656692
0.93289
0.663007
0.406407
0.690578
0.357067
0.963036
0.549654
0.988131
0.283317
0.634715
0.419952
1.09546
0.647866
0.823309
0.530966
0.525938
0.574119
0.693754
0.715836
0.549928
0.743726
0.594469
1.07182
0.969713
0.495614
0.831289
0.879754
0.617889
0.496287
0.360177
0.480461
0.584035
1.09714
0.901323
0.602595
0.385671
0.1784
0.944299
0.277454
0.860809
0.357298
0.766421
0.699471
0.481988
1.03708
0.578816
0.541092
1.05109
1.11627
0.947611
0.471868
0.884206
1.01396
0.716663
0.423512
0.700365
1.0352
0.408469
0.136695
0.8626
0.792942
0.753327
1.15474
0.733711
0.968588
0.734919
0.586136
0.609109
1.18713
0.875085
1.46576
0.759118
0.725822
0.802059
1.1485
0.955921
0.928935
0.622357
1.01074
0.834481
0.872751
1.13328
0.994447
0.843848
1.17285
0.575705
0.885576
0.818142
1.28145
1.05214
0.697432
0.45112
1.4212
1.04807
0.500612
0.640235
1.10096
0.870298
0.571725
0.978382
0.58719
1.13232
0.779339
0.550792
0.659368
0.377176
0.709695
0.500542
0.77523
0.916405
0.603338
0.831248
0.681695
0.310674
0.849244
0.932948
0.600043
0.716827
0.622506
1.21452
0.563143
0.70069
0.826639
0.559899
0.960744
0.330769
0.532298
0.692941
0.561333
0.732126
0.910986
0.610879
0.380727
0.710191
0.3532
0.440294
0.354972
0.357341
1.31858
0.10491
0.829134
0.414077
0.523365
0.647958
1.15238
1.0427
0.570036
0.504986
0.464028
0.40834
1.14815
0.344752
1.14823
0.322364
0.847883
0.869242
0.602187
0.90929
0.450905
1.09835
0.721179
0.489147
0.547204
0.637491
1.16643
0.847532
0.789677
0.610335
0.470021
0.98798
0.742657
0.264002
0.571851
0.548937
0.626467
0.796705
0.158102
0.443179
0.956277
0.720301
0.867206
1.16275
1.30333
0.910267
0.611327
0.619217
0.539734
1.14066
0.5351
1.0184
0.804202
0.38836
0.428463
0.540752
0.168988
1.08908
0.390169
0.455548
0.878989
1.06706
0.935452
0.674584
0.927759
1.16692
0.421815
0.581646
0.113335
0.377292
1.02217
0.804703
0.752635
0.587704
0.666497
0.980338
0.513004
0.574876
0.764253
0.778244
0.803973
0.628812
0.699206
0.583445
0.597684
0.574199
0.913155
0.707517
0.515208
0.238165
0.680533
0.498275
0.269122
0.412179
1.03315
0.744511
0.853379
0.557817
0.482438
0.576568
0.763415
0.994113
0.372462
0.466797
0.417321
0.744056
0.609748
0.4094
0.548953
0.701224
0.802285
0.577063
0.427494
1.14607
1.15679
0.555838
0.62163
0.0714413
0.457405
0.936078
0.710995
0.595546
0.949702
0.619161
0.541402
0.754653
0.648876
0.329104
0.73031
0.833399
0.31986
0.428405
0.725157
0.653244
0.993717
0.45786
1.01096
0.580983
0.399577
0.754927
0.466052
0.43201
0.592405
0.118844
0.472512
0.66466
0.690998
0.557823
0.427085
0.348684
0.490556
1.16696
0.670548
0.977737
1.18756
0.634284
0.363505
0.68392
0.782106
0.563809
0.886007
1.16496
0.494313
0.856997
0.394564
1.15343
0.346988
0.58155
0.39252
1.0827
0.868357
0.616822
0.838947
1.10718
0.26895
0.764446
0.39122
1.1044
0.781167
0.560602
1.27373
1.09474
0.583666
0.761305
0.237029
0.9943
1.01169
0.748436
1.03552
0.829008
0.895807
0.926639
0.673941
1.28934
0.908003
0.771095
0.665442
0.593276
1.20366
1.1318
0.860153
0.749263
0.328843
0.195071
0.940218
0.92794
0.567922
0.883289
0.498426
0.528354
0.626905
0.404511
0.855002
0.327106
0.375663
0.824463
1.0461
0.358624
0.647643
0.863268
0.889268
0.623306
0.872587
0.448549
0.74926
0.454676
1.20926
0.815021
0.927471
1.07629
1.03694
0.386613
0.319352
0.687087
0.783291
0.761801
0.827897
0.61169
0.653392
0.773788
0.804194
0.749594
0.229647
0.879276
1.10841
0.277969
1.18492
1.0984
0.630405
0.792557
1.11233
1.19392
0.761767
0.979434
0.396988
1.02838
1.0799
1.17328
0.637711
0.638765
0.131395
0.679075
0.759317
1.01231
0.934804
1.10379
0.493681
0.719721
0.345502
0.56186
0.43875
0.360969
0.718663
0.731991
0.943869
0.255433
0.499762
0.966599
0.691199
0.477811
0.770195
0.575356
0.870149
0.383464
0.684312
0.440295
0.382747
0.670068
0.552165
0.770886
0.58629
1.03082
0.773023
0.433449
1.07454
0.608237
0.765535
0.662273
1.18017
0.734432
0.591356
1.03017
0.617562
0.404814
0.524458
0.650926
0.518191
0.819235
0.692169
0.569638
0.686546
0.483315
0.385477
1.31291
0.759279
0.841789
0.491481
0.670112
1.29739
0.891546
0.699356
0.906452
0.64542
0.475739
0.973196
1.36662
0.390143
1.21103
0.912199
0.816597
0.435477
0.958941
0.721689
0.827789
0.766401
0.932833
0.687256
0.557156
0.46314
1.19206
0.575674
0.258036
0.918596
0.766041
0.881056
0.720968
0.70937
0.49679
0.579179
0.2751
0.782747
0.525466
0.530768
0.432562
1.06888
0.770739
1.19729
1.2625
0.666098
1.02436
0.408827
0.838348
1.02706
0.502793
0.664766
1.08029
1.00172
0.768723
1.11731
0.652041
1.0796
0.717598
0.615919
0.907402
0.490789
0.584738
0.817729
0.6328
0.811908
0.57317
0.541918
0.485236
0.51089
0.491886
0.753375
0.580282
0.908527
1.03446
0.759126
0.0785837
0.839335
0.967172
0.520962
0.634393
0.769402
0.852519
0.93515
0.238315
0.394999
0.864591
0.518045
1.13064
0.141853
0.70545
0.359339
0.82923
0.787043
1.10215
0.696355
0.221232
0.80342
1.18987
1.151
0.740507
0.63239
0.659779
0.599385
0.739941
1.04325
0.936406
1.00465
0.725945
0.329141
1.09128
0.883186
0.605329
0.600622
0.857792
0.479961
0.600725
1.12051
0.463247
0.2203
0.921067
0.792713
0.523013
0.880539
0.340095
0.858302
0.708157
0.72605
0.609339
0.685205
0.967761
0.78517
1.09565
0.50155
1.09884
0.707755
1.01746
0.590402
0.644658
1.06909
1.02366
0.585106
0.39137
1.23701
0.641421
0.734124
0.788915
1.31089
0.648661
0.939639
0.470702
0.496521
0.598033
0.665133
0.626266
1.13285
0.775065
0.499649
0.702611
0.275867
0.388951
0.188577
0.890353
0.250777
0.961066
0.72005
0.854143
0.391152
0.844424
0.299384
0.766997
0.510713
0.646851
0.652932
0.87553
1.29965
0.486349
1.10804
0.388704
0.858955
0.954717
0.420675
0.908837
0.520239
0.774288
0.790641
0.31118
0.316025
0.226809
0.488408
0.469269
0.643691
0.802917
0.494567
0.397258
1.23006
0.614433
0.762827
0.670054
0.539525
1.36268
0.565095
0.552272
0.725646
0.530269
0.864201
0.488426
0.2533
0.366539
0.745199
0.59455
0.459532
0.493379
1.12159
0.48704
1.05436
0.698215
0.849686
0.43444
1.04703
0.933495
1.23982
1.15093
0.914984
0.532291
0.776043
0.725698
1.11949
0.454828
0.867816
1.02393
0.851113
0.736887
0.492881
0.930306
0.916211
0.256478
0.341508
0.863205
0.301875
1.05371
0.938127
0.402325
0.265121
0.829098
1.24146
0.677631
0.833546
0.729157
0.880816
0.618091
1.03493
0.975208
0.47363
0.550927
1.13178
0.68757
1.29375
0.840362
0.836135
0.380543
1.14621
0.711583
0.430025
0.64515
0.588415
0.434428
0.588745
0.632834
0.765694
0.646804
1.14366
0.60695
0.901977
0.18744
1.04112
0.396242
0.794965
0.927894
0.529195
0.0887596
0.660123
0.8664
0.424604
0.811452
0.708696
0.381692
0.240406
0.412669
0.304848
0.594511
0.569952
1.01983
0.609606
0.709593
0.877512
1.00244
0.358903
1.01121
0.354454
0.729224
0.355673
0.394514
0.377485
0.504321
0.531175
1.14365
0.892054
0.618051
0.218814
1.24036
0.716544
0.758923
1.05484
0.809898
0.442682
0.788509
0.281925
0.757881
0.868013
0.655113
1.05365
1.04564
0.324585
1.11239
0.398234
0.433151
0.88266
0.642564
0.443274
0.490408
0.973072
0.446067
0.200691
0.357347
0.599378
0.881027
1.07498
0.60536
0.741039
0.938776
1.14415
1.14264
0.814533
1.23486
0.804593
0.494344
0.780283
0.916178
1.07021
0.403057
0.161459
0.564912
0.41834
0.399885
1.09183
0.394778
0.409497
0.908552
0.327378
0.575309
1.13088
1.14926
1.26236
0.940701
0.147694
0.692225
0.93628
0.114381
0.851498
0.447655
1.20916
0.57185
0.748602
0.863598
0.356205
0.512269
1.26048
0.726827
0.38858
0.958
0.986459
1.41699
0.813967
0.445551
0.919959
1.08969
1.03746
1.4669
0.154794
1.05312
0.59858
1.17455
0.890883
1.15824
0.735449
0.255728
0.418559
0.31873
0.361786
0.55685
1.20377
0.795952
0.661521
0.197068
1.00866
0.957282
0.534475
0.747351
0.758833
0.348213
1.06318
0.230748
0.595397
0.745751
1.06667
0.512645
0.650503
0.964389
0.784089
0.75597
0.272754
0.982699
0.591965
0.747744
0.822108
0.808664
0.471224
1.13264
0.610642
0.877475
0.776058
1.11945
0.689168
0.548372
1.09487
0.241821
0.66767
0.738232
1.03211
0.608869
0.941557
1.03706
0.705067
0.408176
0.426278
0.286653
1.21941
0.440885
0.97168
0.588644
0.448399
0.668589
0.932768
0.705434
0.855758
0.711962
0.745248
0.762427
0.746254
0.788655
0.618715
0.535993
0.653797
0.739287
0.723004
1.14253
0.459294
0.5083
0.92669
0.546705
0.960221
1.00702
1.12672
1.16833
1.2266
0.340113
0.320053
1.06554
0.474991
0.194664
0.731109
0.713398
0.769691
0.372768
1.10197
0.424865
0.15548
0.222543
1.29196
0.233103
0.588503
0.894263
0.888007
0.488956
1.12225
0.952649
0.514974
0.813996
0.640011
0.483518
1.03912
0.50469
0.589913
0.54398
0.550406
0.745724
0.519394
0.293202
0.209488
0.567063
0.666665
0.952532
0.0978258
0.593295
0.902983
0.754946
0.368683
0.433376
0.545004
0.458604
0.771813
0.726291
0.582219
0.970546
0.735423
1.1558
1.34703
0.787799
0.532275
0.37488
0.698579
0.392774
1.14835
0.838935
0.875154
0.92362
0.416183
1.22452
0.309071
0.831239
0.73263
0.827904
0.779545
0.558379
1.16685
0.327209
0.761495
0.719753
0.62847
0.890294
1.35871
1.24077
1.03861
0.37524
0.495479
0.930481
0.814296
0.660513
1.16659
0.852219
0.615219
0.720823
0.606696
0.557257
1.31856
0.97403
0.445735
1.06865
1.11107
0.725519
0.553787
0.804758
0.630274
0.591784
0.877442
0.293308
0.759086
1.07939
0.795525
0.755384
0.841131
0.364037
0.748538
0.589656
0.565266
0.273761
0.87396
1.08022
0.75059
0.521992
0.633145
0.428057
0.972506
1.1602
0.618431
0.619353
1.00868
1.30932
0.709637
1.1446
0.824366
0.220269
0.978863
0.81828
0.837887
0.330723
0.83152
1.15601
0.517733
0.854937
1.11912
0.932507
1.10701
1.0965
0.833115
0.257403
0.967723
0.8431
0.678354
0.453643
0.48895
1.14318
0.310176
1.01787
0.703155
0.754892
0.528541
0.648618
0.602427
0.802433
0.723643
0.464531
0.577472
1.23418
0.650182
0.775291
0.587289
1.2413
0.344678
1.02984
0.840085
0.351377
0.651849
0.454802
0.24298
0.857414
0.955001
0.967257
0.76769
0.459201
0.696382
0.267296
0.441517
0.681227
0.499008
0.482813
0.860223
0.53309
1.31804
0.361412
0.990289
0.718702
0.496241
0.424863
0.577842
0.922415
0.349883
1.24001
0.82517
0.461699
0.420155
0.817183
0.8822
0.721502
0.751145
0.444373
0.338174
0.717459
0.721702
0.494913
0.732598
0.778554
0.697738
0.784922
0.687631
0.690662
0.611958
0.953704
0.393656
0.884117
0.646784
0.768696
0.311729
1.03059
0.8744
1.26066
0.818754
0.955834
1.15229
0.760916
0.753535
0.644381
0.42577
0.538711
0.678859
0.470443
0.420045
0.516571
0.434154
0.336894
0.423623
0.831193
0.73189
0.762016
0.800232
0.725702
0.927507
0.927758
0.531909
0.81917
0.401658
0.302296
0.303838
1.036
0.784229
0.630335
0.510922
0.485915
0.766712
0.889597
0.556594
1.07228
1.12932
0.961679
0.517165
0.338334
0.614549
0.251595
0.826619
0.701655
0.707959
0.485639
0.986113
1.00634
0.547676
0.614458
1.01003
0.721293
1.02378
1.11953
0.217729
0.678226
0.725041
1.09195
0.725096
0.30752
1.0353
0.537665
0.39023
0.545673
1.00027
0.560315
0.878994
1.27083
1.0944
0.706342
0.654071
1.07239
0.430056
0.408443
0.553339
0.782428
0.668504
0.907049
0.65219
0.857834
0.689104
0.467083
0.608906
0.939646
1.12282
0.564661
0.817972
0.354747
0.509143
0.598979
1.07617
0.636443
1.13849
0.773235
1.04658
0.52
0.730177
0.379085
1.01005
1.05903
0.77836
0.391597
0.437689
1.0316
0.528623
0.571033
0.213247
0.601008
0.815064
0.651472
0.208823
0.80157
0.512686
0.399638
0.337046
0.773313
0.56302
1.36951
1.0513
0.891153
0.77859
0.838974
1.4831
0.687878
0.545146
0.39656
0.465301
0.286411
1.02305
1.00525
0.647028
0.313122
0.798073
1.0299
0.231193
1.17955
0.793196
0.390315
0.711156
0.554949
0.812742
0.989895
0.865764
0.93536
0.890329
0.698928
0.815581
1.11371
0.872988
0.261096
0.443855
1.0022
0.687438
0.91318
0.424902
0.401472
0.624964
0.210973
0.286678
0.783772
0.304251
0.592174
1.07802
0.749437
0.635279
0.66251
1.0359
0.803364
1.34245
0.60962
0.888053
0.557128
0.757324
0.483096
0.854035
0.386914
0.440168
0.322085
0.583135
0.841064
0.641988
1.18995
0.869552
0.778933
0.90214
0.117086
0.339731
0.625526
0.881465
1.05745
0.769369
0.73334
0.865247
0.472406
0.976946
1.14083
0.248299
0.508308
0.498273
1.02845
0.621251
0.453256
0.165595
1.00784
0.276054
0.217814
0.696084
0.687564
0.337897
0.978591
0.366202
0.235082
1.11087
0.560779
1.00462
0.657028
0.754389
1.11414
0.960205
0.577537
0.664944
0.756769
0.741064
0.495153
0.701029
0.37474
0.530926
0.194994
0.541958
1.13201
0.791143
0.678596
0.546163
0.810582
0.964903
0.491768
0.714877
0.461521
0.567862
1.18355
0.883466
1.17905
0.80705
0.98886
0.87657
0.61574
0.35716
0.258996
0.930884
0.293438
1.27914
0.865546
0.891132
0.400403
0.935993
0.57671
0.689529
0.91451
0.37617
0.668066
0.688815
1.20743
1.0367
0.528389
0.900796
0.658887
0.627395
0.576909
0.741358
1.00824
0.788622
1.21258
0.936366
0.727712
0.642545
1.13389
1.25821
0.716958
1.28459
1.30383
0.808938
0.557525
0.840969
0.444867
0.947379
0.273049
0.484431
0.842819
1.0547
0.445744
0.385477
0.290918
1.36677
0.718644
1.19013
0.506894
0.741607
0.721864
0.733723
0.328034
0.37428
0.919041
1.19837
0.288296
0.482677
0.931975
0.978379
0.754019
0.222807
0.693995
0.956234
0.373449
0.508285
0.818789
0.575395
1.0514
0.87603
0.765509
1.09709
0.644542
0.241489
0.743804
0.743442
0.898114
0.927929
0.936622
0.281377
0.971047
1.04861
1.16234
0.720807
0.753657
0.790902
0.681021
0.680992
0.525933
0.659804
0.624669
0.432412
0.654356
1.17973
1.2371
0.83354
0.746427
0.391307
1.1055
0.939298
0.760331
0.785299
0.469811
0.945704
0.696597
0.455598
0.39444
0.526987
0.910066
0.712196
0.814678
0.463342
1.14983
0.981913
0.775084
0.743453
1.14445
0.464374
0.735377
0.909119
0.513969
0.456285
0.755655
0.913314
0.843881
0.864368
0.737991
0.912977
0.9927
0.622971
1.00565
0.826413
0.620221
1.14978
0.964251
0.960137
0.213698
0.548524
1.19336
0.316502
0.265879
0.413688
0.532802
0.965311
0.292087
0.709978
0.625744
0.508282
0.954775
0.597059
0.925981
0.287655
1.12026
0.67272
0.604162
0.828785
0.607179
0.467289
1.19022
0.858659
0.771396
0.482031
0.457347
0.902454
0.379496
0.837099
0.941951
0.592409
0.94148
1.0941
0.275682
0.547664
0.521589
0.399693
1.15399
0.876855
0.493756
0.373023
0.94135
0.77766
0.413018
0.905549
0.812617
0.873791
1.0537
0.710488
0.398858
0.771521
0.792394
0.921853
0.672482
0.610967
0.78418
0.717912
0.744575
1.16022
0.59673
0.0972534
0.645121
1.41606
0.56418
0.418826
0.684041
0.453501
0.721422
0.383869
0.332741
1.09499
0.687507
0.41913
0.859775
1.00354
0.470411
0.656249
0.274455
0.331579
1.07086
0.281327
0.914457
0.992147
0.461457
0.569707
0.778475
0.81478
0.839841
0.579903
0.780476
0.542004
0.474121
0.371798
1.07029
1.11722
0.750478
1.20869
1.47137
0.492992
0.338731
0.394097
0.832347
0.935668
0.694464
0.862627
0.832562
0.721699
1.16061
1.09658
0.807771
0.998623
1.15519
0.657032
0.940725
0.666925
0.515247
0.74894
0.406358
0.539908
0.800834
0.726514
1.12593
0.83974
0.241518
1.03334
0.677355
0.459656
0.796923
0.82316
0.373011
0.657056
0.785078
0.989106
0.745529
0.659087
0.72642
0.322096
1.01028
0.549743
0.735954
1.18594
0.980164
0.903069
0.583005
1.10199
0.314498
0.830304
0.542054
0.691101
0.863385
1.03471
0.94871
0.900813
0.392375
0.137074
0.744662
0.842962
1.11192
0.638111
0.386071
0.729688
0.66534
0.279362
1.01531
0.874713
0.848823
0.537062
0.313567
0.866539
0.897492
0.776827
0.636143
0.437285
0.576856
0.973607
0.897153
0.967977
0.330852
0.462893
0.840224
0.76445
0.212687
0.489281
1.02414
0.918229
0.653592
0.874127
1.26919
0.589458
0.787767
0.383664
0.758909
0.951336
0.899574
0.881147
0.9663
0.604396
0.859175
0.611928
0.634137
0.64289
0.210366
0.837287
0.920319
0.822556
0.822522
0.607599
0.632094
0.187041
1.10207
0.930947
0.819607
0.596155
0.649712
0.775479
0.559998
0.657617
0.700038
0.4242
0.646041
0.55689
0.892316
0.988695
0.481309
0.936463
0.826334
1.13857
0.954765
0.756221
0.229248
0.823438
0.806324
0.242449
0.835874
0.632782
0.899928
1.23009
0.825924
0.384642
0.888309
0.475488
0.797414
0.349021
0.563902
1.21941
0.797282
0.737065
0.140006
0.823026
0.862525
0.67968
0.909714
0.686142
0.780789
0.865023
0.404048
0.87945
0.320782
0.389981
1.08867
0.361839
0.794044
0.996038
0.598647
0.889887
1.01256
0.456541
0.88992
0.884344
0.895512
0.907841
1.27106
1.18672
1.45207
0.577729
0.824689
0.403124
1.15541
0.491998
0.837824
0.812038
0.812448
0.869803
0.672827
0.384125
0.336298
1.48703
0.483168
0.661437
1.0622
0.627471
0.776002
0.456308
0.394914
0.889605
0.959217
0.38789
0.877582
0.48819
0.645803
0.201131
0.541521
0.859263
0.341231
0.598163
0.317894
1.1046
1.03478
0.96225
0.550548
0.799491
0.598465
0.618584
0.374661
0.814199
0.950218
0.838058
1.15349
0.48253
0.846711
0.216577
1.00232
0.907414
0.644748
0.4173
0.982715
0.622038
0.747935
0.695192
0.648579
0.96911
0.513671
0.444052
0.47994
0.760311
0.84774
0.888998
0.645745
0.526833
1.16326
0.952955
0.722012
0.759146
0.487048
0.703172
0.727401
0.811539
1.47954
0.642155
0.939326
0.20665
0.467533
0.441595
0.762349
0.519152
0.957022
0.803082
0.419273
0.748672
1.15888
0.740408
0.311203
0.810295
0.832332
0.41644
0.536733
0.53169
0.688034
0.88091
0.704465
0.546312
0.883644
0.815661
0.927275
0.542532
1.05305
0.407292
0.450525
0.859805
1.17913
0.549527
0.975255
0.493595
0.643797
0.357548
0.893334
0.217861
1.31142
0.977825
0.721531
0.631781
0.896535
0.965756
0.879851
0.526768
0.382097
0.713585
0.992336
0.686811
0.321231
0.906022
1.11287
1.11074
0.481244
0.897367
0.847865
1.17358
0.693486
0.479541
0.99189
0.860153
0.671058
0.534126
1.2817
0.993645
0.804182
0.440044
0.536648
1.00236
1.05798
0.925588
0.805515
0.721623
1.00247
1.11213
0.498658
0.849547
1.05465
1.12974
1.00254
0.0800444
0.767041
0.733397
0.54843
0.979764
1.03548
0.350583
0.795688
0.506994
1.06276
0.776879
0.800443
0.43678
0.260648
0.773828
0.852632
0.777779
0.899747
1.26767
0.781417
0.770413
0.315409
0.788953
0.491505
0.538992
0.424635
1.1466
0.424466
0.519174
1.18566
1.0729
0.834077
0.93941
0.53636
0.354666
0.530432
0.438687
1.01555
0.800203
1.36698
0.362245
0.602223
0.849486
0.732599
0.638453
0.372626
0.381738
0.426881
0.800919
1.22666
0.658124
0.813628
0.47444
0.342653
0.672862
0.487132
1.20828
0.156973
1.11963
0.640729
1.0356
0.350714
0.381872
1.05436
0.360672
1.00522
0.432033
0.960209
0.790174
0.823564
1.34867
0.402045
0.917539
0.404415
0.366944
0.677605
0.794859
0.403985
0.913205
0.691502
0.786717
0.203375
1.02519
0.783773
0.76698
0.562747
0.286523
1.0163
0.789032
0.524607
0.577111
0.556883
0.448336
0.234993
0.971589
0.691815
0.539737
0.224022
0.188599
0.847816
1.20764
1.10482
0.715549
0.542739
0.867548
0.799492
0.775484
0.538514
1.06513
0.447155
1.03595
0.71916
1.17443
0.592323
0.454026
0.54831
0.526344
0.933847
0.817798
0.872264
0.462743
0.884221
1.21906
0.808255
1.15966
0.395106
0.504025
0.741056
0.617624
0.679195
0.645699
1.04127
0.856966
0.65788
1.08946
1.00501
1.12603
0.536215
0.35362
0.35741
0.49923
0.288326
0.157487
0.751386
0.741007
0.823493
1.08598
0.90116
0.72493
0.842964
0.731566
0.53421
0.297607
0.279829
0.782232
0.724844
0.467368
0.596238
0.75738
0.671248
0.477707
1.04817
0.709612
0.469051
0.601876
0.379047
0.291251
0.213569
0.758581
0.251302
0.539498
0.829117
0.32994
0.948
0.840134
0.626453
0.233329
0.938184
0.883934
0.521465
1.29877
0.585474
0.644617
0.979887
0.819678
1.34382
0.952622
0.926971
0.806987
0.61196
0.199557
0.26141
0.690027
0.488018
0.636393
1.01599
1.13033
0.620217
1.23869
0.822054
0.612032
0.61933
0.577231
1.10891
0.456785
0.892999
0.595834
0.765455
0.786091
0.505556
0.553468
0.775114
0.69004
0.487602
0.799031
1.04041
0.29667
0.215636
1.1104
0.9879
0.374787
0.0443846
0.495254
1.04685
0.790552
0.65987
1.01723
0.734001
0.591715
1.02184
1.17633
1.21517
0.349503
1.11841
0.334843
1.07869
0.522264
1.10572
1.05139
0.340755
1.06817
0.492001
0.855688
0.435591
0.828119
0.539472
0.762831
0.902601
0.76743
0.304246
0.835925
0.347353
0.659105
0.780853
1.04408
1.05854
1.09114
0.453227
0.628011
0.875789
1.09782
0.342976
1.07225
0.73195
0.746851
0.701753
0.9355
0.350825
0.95111
0.668238
0.653837
1.09602
0.743421
0.54082
1.04588
0.555093
0.70169
0.309369
0.722812
0.741941
0.506012
0.712648
0.991439
0.832142
0.734769
0.745207
0.573832
0.257966
0.432061
0.668495
0.899044
1.07555
0.87198
1.09672
0.677384
0.438027
0.506954
0.325512
0.584884
0.980983
0.276108
0.480493
0.528984
0.498047
0.630894
0.575697
0.491249
0.807215
0.711748
0.563973
0.644878
0.702528
0.505701
0.908592
0.931492
0.373178
0.852971
0.791587
0.777344
0.52677
0.92786
0.865699
0.896296
1.02137
0.548307
0.703845
0.166968
0.665602
0.990962
0.301316
0.545601
0.586716
0.53581
0.746966
0.96215
0.598076
0.794938
0.625037
0.898354
0.777165
0.855707
0.793112
0.479073
0.883324
0.381604
0.762433
0.99861
0.480033
0.837283
0.736319
1.03734
1.16573
0.666702
1.4272
0.543681
1.00942
0.602821
0.668204
1.03148
0.900926
1.01974
0.521184
0.598033
0.280015
0.929023
1.03669
0.406392
0.706163
0.459605
1.21981
0.813459
0.548572
0.581822
0.683163
1.25611
0.553818
0.809389
0.749689
0.556988
0.533042
0.685971
0.63928
0.422323
0.83524
0.202741
0.772846
0.95603
0.942803
0.58089
0.590054
0.277651
0.899083
0.417022
1.1393
0.69704
0.550302
0.64496
0.576342
1.1757
1.00097
0.771123
0.439269
0.184342
0.871689
0.880636
0.418534
0.806387
0.984435
1.16619
0.362305
0.688946
0.707649
0.391949
0.54658
1.01652
0.617471
0.410171
0.59267
0.450242
0.54627
0.882611
0.780919
0.949412
0.277711
0.723699
0.31332
0.693218
0.206575
0.722807
1.17837
0.737256
0.407544
0.893415
0.203046
0.877104
0.858703
0.690718
0.631634
0.424674
0.7954
0.517481
1.17011
0.438475
1.15916
0.975572
0.0913103
0.921794
0.887954
0.782652
0.613556
0.823466
0.53278
1.06282
0.43079
0.701201
0.274191
0.121432
0.468725
0.169889
0.30394
0.187142
0.943068
1.13233
0.551982
1.02254
0.410751
0.389753
1.05466
0.98529
0.661072
0.716845
0.62268
0.868829
0.756224
0.280617
0.982348
0.768526
0.881954
0.753693
0.805641
0.545647
1.20555
0.35413
0.828529
0.60608
0.468922
1.017
0.734345
0.607087
0.699345
0.312512
0.261295
1.22105
0.638046
0.364552
0.777997
0.837768
1.02935
0.361334
0.666213
0.702935
0.607086
0.457757
1.0629
0.612888
0.639988
0.501345
0.595628
0.713581
0.962336
0.914907
0.683192
0.589869
1.31957
0.293997
0.647809
0.643622
1.19334
0.944818
0.999649
0.813281
0.782632
0.533136
0.662032
0.611684
0.471855
0.432149
0.430447
1.23341
0.313209
0.163172
0.808687
0.172194
0.993143
0.855477
1.08008
0.97561
1.09873
0.879464
0.96312
0.886857
0.814478
1.04362
1.01545
0.464715
0.746437
0.640638
1.1198
0.812081
0.723933
0.535828
0.308654
0.910492
0.676014
0.833873
1.07487
0.88439
0.452641
0.774985
1.07164
0.719823
0.844534
0.812647
1.22972
0.647844
0.522842
0.841536
0.437072
0.627417
0.613893
0.569374
0.659725
1.00767
0.502491
0.843513
0.456154
0.532127
0.881307
0.914598
0.772965
0.201303
1.07289
0.724865
1.04707
0.499736
0.762603
1.13298
0.873219
1.00123
0.596219
0.613809
0.632328
1.3687
1.08599
0.873714
0.453281
0.388682
0.185242
0.577387
0.929608
0.79696
1.02849
1.16857
0.696379
1.11949
0.806957
0.535561
1.32193
0.420064
0.676357
0.761743
0.882152
0.578096
0.843239
0.858085
0.594417
0.635622
0.847268
0.461867
0.439229
1.38385
0.677998
0.554145
0.457177
0.737427
0.868508
0.487905
0.644998
0.839751
0.991547
0.831134
0.390774
0.764122
0.55463
0.742834
0.755902
0.7743
0.469276
0.938321
0.876495
0.774799
1.42618
0.646846
0.451091
0.858986
0.639021
0.710456
1.26577
0.538397
0.547873
0.657579
0.745454
0.256829
0.553304
0.611602
0.69751
0.953285
0.777309
1.14909
0.70315
0.872154
1.0994
0.660773
0.603863
0.615427
1.10866
1.16646
1.05087
0.691426
0.462419
0.678674
0.855748
1.01333
0.577962
0.267594
0.82685
0.767378
0.734638
0.566343
0.393766
0.572213
0.561112
0.570389
0.880404
0.78456
0.995461
0.453013
0.688323
0.816688
0.520558
0.935397
0.979564
0.866332
0.349454
0.791472
0.819781
0.477797
0.613674
0.212649
0.844651
0.864642
0.497066
0.641492
0.605235
0.643175
0.638618
0.813593
0.187301
0.523382
0.757001
0.871195
0.647892
0.466332
0.870306
1.06918
1.08931
0.727337
0.772602
0.766554
0.621438
0.730971
0.753723
0.336023
0.602755
0.669186
0.400725
0.670919
0.701306
0.709044
0.385898
0.99906
0.865403
0.964821
0.570251
0.626294
0.39649
1.22349
1.20376
0.529374
0.692777
1.33133
0.512597
0.413531
0.485061
0.392446
0.501372
0.301578
0.254397
0.874942
1.10602
0.824545
1.0591
0.182178
0.366978
1.17078
0.584117
0.747047
0.852899
0.919001
1.02069
0.457013
0.762198
0.627563
0.519719
0.837227
0.61554
0.350825
0.521352
0.140352
0.292961
0.346777
0.935489
1.36071
1.00724
1.05126
0.681648
0.92892
0.747558
1.34396
0.890927
0.816748
0.531645
0.288613
0.648141
0.516335
0.564791
0.600418
0.628206
1.13308
0.483775
0.233069
0.800577
0.526159
0.226177
0.930036
0.802205
0.974791
0.823401
0.739413
0.138478
1.01813
0.61033
0.924581
0.700933
1.3043
0.534586
0.386961
1.05308
0.788609
0.694854
0.316324
1.04975
0.338582
0.95744
0.566763
1.00283
0.220414
0.702064
0.814952
0.352031
0.719094
1.12978
0.682094
0.994824
0.411622
0.651587
0.597604
0.664777
0.608645
0.782621
0.820708
0.456487
0.679701
0.760378
0.472773
0.918435
1.1671
0.714332
0.922932
0.537868
0.559742
0.879159
0.869898
0.769253
0.56507
0.24481
0.675934
0.976082
0.769548
0.72666
0.49982
0.734447
0.330535
0.531528
0.789442
1.38054
0.919685
0.560881
0.384934
0.734534
0.610666
0.757176
1.02514
0.61321
0.423734
0.533952
0.791562
0.496995
0.178559
0.670666
1.0504
0.903636
0.608189
0.504038
0.478707
