0.581676
0.423437
0.805915
0.835805
0.261403
0.28984
0.751391
0.793969
0.610729
0.721403
0.312742
0.490564
0.488965
0.883148
0.670423
0.67983
0.733018
0.37944
1.26324
0.514105
0.288486
0.667484
0.491593
0.842415
1.03763
0.823362
0.400726
0.661735
0.849646
0.451812
0.284452
0.428733
0.563087
1.06089
0.279333
0.600859
1.02279
0.523783
0.587963
0.821613
0.80228
0.711205
0.74049
0.955268
1.25726
0.815347
0.896475
0.351367
0.9472
0.384008
0.858572
0.310206
0.315836
0.176649
0.815886
0.498921
0.594208
0.90229
0.891906
0.302177
0.470657
0.270769
0.932161
0.413542
0.341539
0.756234
0.540471
0.437401
0.827291
0.729203
0.512239
0.657754
0.533036
0.734727
0.939502
0.521032
0.832309
0.965477
0.696837
0.406676
0.752297
0.706268
0.793375
0.249439
1.01887
0.40869
1.02849
0.740057
0.611861
0.855235
0.416982
0.962534
0.864126
0.648749
0.289911
0.961577
0.636933
0.689904
0.255097
0.756216
0.393818
0.387857
0.75544
1.12177
0.21867
0.458502
0.47539
1.07626
0.317579
0.540375
0.519082
0.881546
0.34309
0.237983
0.835154
0.827918
0.685535
0.754176
0.610582
1.05966
0.486424
0.967201
0.846839
0.772395
1.21532
0.359821
0.826492
0.592235
1.33388
0.500601
0.45646
0.821971
0.346803
0.785625
0.258699
0.627635
0.317233
0.757413
0.335377
0.879596
0.294235
0.706348
0.457479
1.08763
0.516271
0.483164
1.05896
0.977149
0.64469
0.736872
0.793817
1.317
0.633538
0.771268
0.656409
1.23085
0.816837
0.206333
0.684555
0.773052
0.342669
0.573246
0.44234
0.903135
0.315837
0.658844
0.809688
1.05793
0.467127
0.403305
0.684556
0.544719
0.85674
0.307655
0.530998
0.853144
0.359914
0.627532
0.355172
0.799281
0.372237
0.559908
0.114528
0.453986
1.07868
0.218168
0.531751
0.451912
0.245897
0.71138
0.862532
0.337018
0.661267
0.61669
0.624221
0.981083
0.736081
0.542769
0.39355
0.541166
0.70606
0.514656
0.512383
0.717053
0.915186
0.473434
0.852255
0.586398
0.703313
0.712745
0.33696
0.194365
0.432782
0.275697
1.21833
0.606077
0.627707
0.408655
0.666516
0.799474
0.579538
0.578067
0.965365
0.588188
1.09484
1.00448
0.651301
0.788024
0.723148
0.59989
0.417154
1.10094
0.426731
0.448866
0.928072
0.214092
0.454572
1.38439
0.953561
0.850217
0.360272
0.79951
0.927974
1.07329
1.28039
0.289967
1.00301
0.441492
0.294223
0.194993
0.324453
0.940213
0.752344
0.843845
0.647665
0.735318
1.14574
0.826365
0.423592
0.94059
0.773735
1.20892
0.780123
0.942281
1.23272
1.15148
0.523998
1.08917
0.905473
1.31678
0.863715
0.657849
0.999642
0.946471
0.256962
0.735585
0.729251
0.771939
0.252068
0.882242
0.776576
0.382693
1.11751
1.14883
0.945444
0.409142
0.818572
0.242004
0.928322
0.805563
1.14226
0.916045
1.08809
0.607286
1.04942
1.0169
0.931531
0.825867
0.80877
0.824727
0.534143
1.13492
0.774938
0.585639
1.09981
0.735283
0.915049
0.80969
0.643348
0.958264
0.745213
1.20928
1.14823
0.806057
0.674028
0.44224
1.11401
0.314135
1.01573
0.681168
0.612414
0.626919
1.15394
0.36552
0.585363
0.312363
0.734539
0.393284
0.873692
0.379505
0.775467
0.739353
0.906597
0.654824
1.02754
1.2253
0.639757
1.05431
0.442315
0.414389
0.508869
0.632286
0.794048
1.17844
0.351897
0.431675
0.902036
1.00294
0.772616
0.28809
0.720683
0.825791
1.00539
1.16846
0.61484
1.07386
0.839909
0.349883
0.527918
0.611623
0.429103
1.01812
1.13463
0.597007
0.945358
0.817831
0.960532
0.696347
0.318068
0.348726
1.00066
0.357978
0.941554
0.915003
0.541325
0.86366
0.701182
1.04619
0.44013
1.14493
0.854278
0.785022
0.533135
0.11945
0.414463
1.00069
0.999468
0.86845
0.305969
0.717942
0.847472
0.571932
1.02091
0.744375
0.925162
0.905676
0.612692
0.446557
0.807844
1.29788
0.494938
0.225433
0.6279
0.802366
0.714384
0.578601
0.628396
0.903352
0.816794
1.02843
0.493582
0.428149
0.612279
0.79691
0.831393
0.803865
0.828092
0.529054
1.07381
0.629818
0.501614
0.556412
0.586919
0.129634
0.736021
0.632082
0.66513
0.492053
0.538097
1.0501
0.880442
0.493034
0.723627
0.519961
0.71551
0.729929
0.958115
1.2028
1.30214
0.317711
0.20905
0.340578
0.886345
0.837518
0.380373
1.13687
0.980356
0.446396
0.948921
0.984495
1.04199
0.855365
0.599259
0.752232
0.992796
0.392735
0.484062
0.352895
0.561016
0.251787
0.762148
0.597604
0.492244
0.686883
0.755801
1.1691
0.220601
0.727728
1.34882
0.787554
1.40306
0.793176
1.19128
0.407967
0.615535
0.439028
0.54873
0.916945
0.632524
0.792555
0.354355
0.581249
0.247311
0.585377
0.478563
0.710145
1.1069
0.950847
0.63533
0.387675
1.21917
0.562366
0.985377
0.714211
1.10307
0.245705
0.698503
0.981975
0.998509
0.277995
0.331411
0.335384
0.764495
0.540114
0.0790818
0.181894
0.797829
0.299132
0.83375
1.07881
0.66923
1.16698
0.463155
0.183421
1.08978
0.371798
0.480533
0.683318
0.538501
0.661684
1.15487
0.550391
0.517774
0.227327
0.596021
0.964224
1.0195
0.602532
1.21768
0.869
0.478599
0.587214
1.16082
0.918968
1.21242
1.08542
0.290257
0.296806
0.472688
0.335036
0.381382
1.15722
0.577321
0.499695
0.791742
1.03217
0.350737
0.475673
0.900861
0.871557
0.868205
0.440791
0.540838
0.537551
0.497242
1.32604
0.256528
1.09739
0.970673
0.57793
0.504685
0.768293
0.744014
0.818016
0.686706
0.609215
0.801119
0.481741
0.692002
0.824917
0.570298
0.729145
0.438719
0.348144
0.908082
0.882187
1.05373
0.231397
0.524324
0.978186
0.298635
0.975639
0.521626
1.10198
0.484569
0.932163
0.69973
0.30487
1.11825
1.10571
0.874724
0.298155
0.803654
0.829853
0.634417
0.456127
0.624159
0.99112
1.08799
1.29385
1.12684
0.661568
0.840891
0.588374
0.747221
0.401746
0.762784
0.671488
0.986343
0.263313
0.384373
0.793648
1.22805
0.547357
0.22524
1.14135
0.905295
0.481945
0.427619
1.04203
1.01442
0.887528
0.646929
0.789355
0.696228
0.466601
0.876665
0.300795
0.663457
0.104704
0.815264
1.00823
0.960737
0.691476
1.05032
0.944005
0.659441
0.931019
0.668564
0.531955
0.947384
0.414963
0.819594
0.898152
0.835269
0.771403
1.23827
1.27031
0.936068
0.440004
0.229784
0.760435
0.601423
0.578387
0.593468
1.12154
0.930117
1.02966
0.778336
0.942974
0.846762
0.52163
0.464342
1.18109
0.566194
0.570711
0.597476
0.963857
1.05404
0.6023
0.601408
1.01941
0.354505
0.794633
0.363289
0.648596
1.35708
0.809
0.51326
0.553204
0.295341
0.49514
0.952654
0.991509
1.36232
0.776365
0.788543
0.387196
0.238333
0.659648
0.565058
0.327071
0.549121
0.382565
0.219687
1.03207
0.282317
1.26199
1.4217
0.560786
0.948042
0.359959
1.24835
0.454725
0.879614
1.11664
0.997072
0.740103
0.926419
0.72622
0.58572
0.604029
0.452582
0.971054
1.09099
0.471564
1.03151
0.681455
0.423698
0.853694
0.844672
1.06365
1.00095
0.887746
0.41883
0.747935
0.820371
0.277647
0.875903
0.501952
1.00318
0.0560139
0.779684
0.805618
0.973167
0.646173
0.378417
0.6701
0.311
0.479468
0.66008
0.683081
1.00104
0.873845
0.698533
0.668479
0.429043
0.650961
0.39707
0.407701
0.757961
0.404575
1.14775
0.705939
0.632151
0.633198
0.606982
0.456657
0.751033
1.09592
0.728439
0.596813
0.59942
0.792059
0.389982
0.574731
0.17883
0.956617
1.14697
0.530908
0.90175
0.564908
0.487406
0.333953
0.818502
0.248686
0.652013
0.854721
0.558938
1.31175
0.819153
0.45793
0.787698
0.732003
0.439593
1.00167
0.604911
0.209101
1.03365
0.897648
1.12178
1.07523
0.207622
0.57153
0.711506
1.14967
0.300421
0.484553
0.421453
0.342172
1.18069
0.897026
0.956611
0.941888
0.942479
1.01691
0.579978
0.988054
1.13479
0.886772
0.777128
0.248586
0.55
0.722932
0.692413
1.17978
0.526972
0.536435
1.38319
0.54765
0.819241
0.480155
0.564074
0.953811
0.628093
0.341483
0.772107
0.671073
0.755797
0.791591
0.965267
0.838017
0.495971
0.269896
1.13897
1.0662
0.93087
1.35994
0.416517
0.973687
0.754276
0.459875
0.532504
0.25845
0.865078
0.884169
0.795581
0.813068
0.747083
0.788543
1.10648
0.855498
1.44217
0.52445
0.357879
0.324557
0.555921
0.603166
0.756848
0.619787
0.445901
0.626484
0.574125
0.604911
0.866238
0.222976
0.442811
0.895447
0.482949
0.83899
0.73207
0.990971
1.06669
0.443125
0.483394
0.830028
0.739675
0.758256
0.880886
1.00662
0.644773
0.889786
0.472373
0.821007
0.450452
0.532406
0.508944
1.16832
0.895252
0.586331
1.1587
0.733439
0.651099
0.471292
0.889928
0.942597
0.663199
0.660852
0.816235
0.642971
0.933621
1.0593
0.334292
0.765898
0.350249
0.827138
0.363929
0.752715
0.581113
0.628476
0.453054
0.261993
0.455587
0.302083
0.268077
0.606727
0.668249
1.18726
0.689001
0.764455
0.826998
0.754427
1.11759
0.680444
0.706784
0.82605
0.659912
1.01068
0.422008
0.303701
0.378427
1.22942
0.436773
0.419352
0.370233
0.882419
0.638246
0.875483
0.776964
0.670223
0.646568
0.913057
0.869871
0.840309
0.900054
0.58196
0.595672
0.340467
0.461945
0.384759
0.959515
0.344862
0.953741
0.39048
1.18747
0.398254
0.56582
0.922408
0.507416
0.982954
0.948169
1.19041
1.28445
0.700116
0.795811
0.30326
0.790734
0.929917
0.412861
1.11366
1.06835
0.820391
0.820024
0.419568
0.636955
0.78949
0.64433
0.798821
0.404837
0.998416
1.33146
0.703332
0.901235
0.647356
0.397369
0.485289
1.00771
0.648177
0.102685
0.23023
0.587218
0.632903
0.55858
0.525851
0.989899
1.27758
0.901087
0.450257
0.902275
0.330661
0.710798
0.701462
0.346399
0.957961
0.675184
0.737311
1.17698
0.404586
0.9018
0.589764
0.670771
0.235457
0.937439
1.08754
0.661652
0.894313
0.657569
0.875385
0.702291
0.728845
0.258466
0.838937
0.936512
0.969674
0.356318
0.930376
0.441487
1.06674
1.00368
1.29727
0.720436
0.456436
0.285777
0.906781
0.252051
0.948463
0.939186
0.47089
1.18323
0.513112
0.640962
1.08722
0.69949
1.00351
0.286535
0.757281
0.731768
1.15562
1.19633
0.800551
0.939681
0.547699
0.63186
0.640541
0.849379
0.59372
0.348081
0.663507
0.794849
0.922156
0.45345
0.191338
0.608435
0.651231
0.101384
1.02725
0.437173
1.02176
0.47866
0.665179
0.421513
1.07898
0.565376
0.705554
1.04506
0.606706
0.811373
0.343087
0.968118
0.54797
0.387149
1.2395
0.227139
0.646522
1.30802
0.958753
0.825861
0.424304
0.388157
0.464997
0.57235
0.87282
0.342138
0.0965459
0.361598
0.234717
0.962871
0.607783
0.339963
1.01335
1.18359
0.563192
1.36494
0.396271
0.509599
0.899571
0.657069
1.07144
0.8169
0.486864
0.825782
0.456252
0.507403
0.646557
0.594122
0.563768
1.30179
0.759122
0.669159
0.342356
0.915274
1.09906
0.57399
0.700924
0.549655
1.32317
0.7653
0.619672
0.420131
0.621354
0.359875
0.650035
0.834743
0.897539
0.741091
0.599378
0.912554
0.827854
0.861091
0.52836
0.191679
0.416441
0.861938
0.754178
0.955715
0.846295
0.938008
0.772914
0.593361
0.640075
0.302115
0.38308
1.09719
0.428398
0.230352
0.831841
0.84127
0.884698
0.978509
0.739615
0.379869
0.810246
0.694791
0.640704
0.864758
0.960016
0.688822
0.534481
0.271297
0.128929
1.22842
0.863019
0.868462
0.902841
0.628514
0.853134
1.05528
0.322831
0.497632
0.742244
0.870229
1.01587
0.712966
0.814436
1.12854
0.962407
0.493811
0.513473
0.417848
1.09051
0.801033
1.10754
0.912487
0.819864
0.505006
0.921545
0.677543
0.882906
1.21245
0.583861
0.906316
0.409607
0.79739
0.484969
1.04946
1.16893
0.705628
0.546815
0.967101
0.400194
0.833978
0.575817
0.660717
0.263159
1.17698
1.18435
0.395571
1.3146
0.348875
0.92812
0.818141
0.934795
0.776365
0.381909
0.817215
0.615186
0.756643
0.930866
0.740638
0.487511
0.562147
0.774123
0.60256
0.707466
0.709978
0.723127
0.770105
1.21378
1.06785
0.953781
0.68675
0.553401
0.344758
0.773532
0.501343
0.912229
0.957624
0.903373
0.644882
0.925776
0.411339
0.668921
0.7945
1.36825
1.08118
0.687492
0.837432
1.12716
1.12847
1.04293
0.446065
1.23214
0.550023
0.466712
0.498945
0.847938
0.747525
0.335695
0.405175
0.288488
0.870663
0.328401
0.816552
0.816599
0.360399
0.366818
0.356162
0.670889
1.29356
0.558729
0.575099
1.24228
0.310613
0.747443
0.155904
0.508208
1.01925
0.455105
0.846095
0.688091
0.194777
0.556191
0.696361
0.380914
0.420404
0.601318
0.732068
0.960559
0.763357
0.119828
0.703147
0.471146
0.352231
0.700403
0.790586
0.796704
1.14526
0.997387
0.92745
0.511411
1.10082
0.643139
0.901302
0.827631
1.04952
0.428171
0.676301
1.21633
0.687531
0.829134
0.827869
0.644755
0.329586
0.85263
0.459865
0.67781
0.371393
1.09678
0.908886
0.558933
0.735938
0.713965
0.565981
1.01168
0.945892
0.59904
0.310257
0.88768
0.447504
0.912471
0.754289
0.986066
0.672166
0.16622
1.12646
1.24208
0.597422
0.466287
0.293867
0.511442
0.678236
0.993126
0.866431
0.71367
0.275758
0.978474
1.09497
0.768865
0.849448
0.497152
0.91184
0.786779
0.66614
0.337661
1.09966
0.677184
0.767817
0.770054
0.196317
0.719102
0.557489
0.772851
0.634504
0.572852
1.18048
0.89478
1.0939
0.150275
1.23012
0.774591
0.579545
0.613981
0.687711
0.392023
1.07998
0.565565
0.837315
1.10437
1.00587
0.791057
0.72093
0.425144
0.819263
0.61018
0.940243
0.290055
1.00825
0.379118
0.469638
0.339588
0.547409
1.05207
0.350441
0.441609
0.917014
0.523052
0.434594
0.542341
0.971028
0.550289
0.582638
1.12777
1.07367
0.388872
0.636116
1.05668
1.20324
0.827511
0.321455
0.815172
1.21922
0.776488
0.996445
0.320454
0.861705
0.803423
0.688831
0.451522
0.856448
0.284683
0.699783
0.660813
0.647328
0.616395
0.748246
0.498249
0.867802
0.414458
0.80455
0.428769
1.09746
0.834329
0.552851
0.67393
1.02808
0.297839
0.262978
0.129463
1.31049
0.757092
0.91377
1.41335
0.539003
0.331214
0.935065
0.703857
0.755545
0.670114
0.732325
0.91047
0.365431
0.717162
1.11074
0.358244
0.818955
0.799612
0.408712
0.464584
1.00189
0.11313
0.633917
0.53612
0.677789
0.661309
0.378445
0.997068
0.752035
0.723112
1.18501
0.616488
0.256935
0.607741
0.511729
0.175216
0.553086
0.336159
0.631123
1.04293
0.354492
0.966955
0.457734
0.460212
0.487727
1.13396
0.729011
0.972395
1.09534
0.912957
0.737361
0.420223
0.534954
0.848359
0.866716
0.462652
0.643845
0.335968
0.906399
0.861758
0.325642
0.853722
0.299983
0.783042
0.716932
0.566784
0.57614
0.450063
0.609158
0.625993
0.257412
0.396166
0.703348
0.75521
0.477985
1.02138
0.934667
0.532349
0.471375
0.867865
0.270421
0.379204
0.734421
0.52816
0.438835
0.250443
0.601279
0.98614
0.396439
0.587669
0.290557
0.399765
1.15312
0.591261
0.799379
0.98769
0.944607
0.799909
0.466219
0.733789
0.923549
0.760029
0.423041
0.942202
0.647718
0.543327
0.506659
0.631118
0.431401
0.29366
0.893934
0.758781
0.681311
0.719752
0.616265
0.710624
0.668345
0.601381
0.105089
1.06199
0.39676
0.310454
1.2978
0.287996
0.40662
0.360945
1.07651
0.619813
0.322696
0.396278
0.882054
0.788383
0.485543
0.480642
0.309745
1.01396
0.423646
1.04131
0.66357
0.312397
0.814477
0.545988
0.411818
1.22039
0.81543
0.743359
1.18435
1.02171
0.717943
0.83696
0.735339
0.596448
0.564753
1.17783
1.11698
0.711065
0.515577
0.520386
0.221824
1.11156
0.688462
0.534917
0.541599
0.580258
0.592515
0.530798
1.19901
0.405115
0.694566
0.268608
0.942251
0.2994
0.845456
0.571144
1.23805
1.03772
1.34475
0.493255
0.74445
0.591375
0.473993
0.865354
0.840891
0.221828
0.964352
0.219541
0.404102
0.71812
0.71403
0.88799
0.888747
0.973523
0.923919
0.507068
0.771376
0.387953
1.1117
0.974423
0.830603
0.690018
0.536981
0.496083
0.587654
0.747146
0.489541
0.350176
1.11394
0.755404
0.742198
0.465339
1.36338
0.861884
0.271943
0.843921
0.523726
0.601917
0.546855
0.686996
1.01994
0.931626
0.498506
1.0012
1.06809
0.120025
0.667936
0.80201
1.17242
0.489024
0.336553
0.910298
0.866932
0.557877
0.682102
0.662728
0.611544
0.541264
1.06149
0.382245
0.950703
0.615182
0.937588
1.11699
0.580802
0.964517
0.689145
0.785647
1.07522
1.14507
0.550817
1.09147
0.329053
0.982479
0.821419
1.02324
1.03859
0.792838
1.0177
0.304216
0.605832
0.454318
0.997681
0.654816
0.568892
0.587743
0.343918
0.790776
0.857716
0.998851
0.420513
1.00949
0.560947
0.349641
0.263951
0.722574
0.742892
1.00982
0.328435
0.419566
0.891903
0.5548
0.671599
1.04454
0.441418
0.83053
0.699836
0.619597
0.298275
1.13618
1.26015
0.509804
1.15274
0.776429
0.959426
0.563788
1.21059
0.842676
0.342402
0.348622
1.05299
0.719773
0.670772
0.748575
0.520267
0.446616
0.619631
0.950081
0.429591
0.827682
1.13488
0.654143
0.534009
0.564616
0.327321
0.727053
0.447778
0.984425
1.11598
0.88773
0.975089
1.32133
0.349394
0.418925
0.411338
0.933665
0.743718
0.475646
0.64013
0.577387
0.928424
0.681928
1.21013
0.48184
0.895152
0.237899
0.307774
0.305329
0.833519
0.627166
0.32536
0.174141
1.12945
0.412424
0.592536
0.97676
0.576584
0.966997
0.727189
1.12557
0.878758
0.346655
0.606999
0.609762
0.57905
0.491101
0.503076
0.875144
0.289517
0.479529
0.590102
0.457621
0.330771
0.975628
0.751479
1.12832
0.735037
1.07415
0.3703
0.198129
0.599932
0.957924
1.12884
0.975031
1.03151
0.783665
1.10184
1.09114
0.975826
0.920919
0.390257
1.03622
0.438139
0.264717
0.378707
0.386089
0.940758
1.0056
0.715832
0.938051
0.36226
0.62883
0.749075
0.883504
0.666179
0.584768
0.452288
0.945916
0.561896
0.690677
0.98853
0.268614
0.43457
0.86757
0.39361
0.387521
0.253719
1.39525
1.14727
0.505951
0.563714
0.625057
0.882725
0.92845
0.27002
0.478045
1.0079
0.63626
0.346429
0.417445
0.765185
0.338047
0.606354
0.550628
0.888797
0.687929
0.500651
1.10061
0.51525
0.622083
0.665966
0.587896
0.473951
0.687952
0.687248
0.712626
1.24288
0.689143
1.18555
0.641623
0.57108
0.772106
0.833217
1.35653
0.612841
0.815535
0.653585
0.482604
1.11712
1.13567
0.905743
0.941266
0.645847
1.25964
0.879291
0.421173
1.06387
0.460452
0.553174
0.266696
0.719117
1.09882
0.412674
0.948666
1.02308
0.876833
0.473442
0.277732
0.964823
0.844892
0.907698
0.542202
0.460799
0.919902
0.733128
0.492923
0.846719
0.37111
0.73917
1.10215
0.583875
0.986231
0.632708
0.568196
0.781594
1.16734
0.645909
0.845595
0.560927
0.894159
0.86841
0.94052
1.07298
0.866951
0.869071
0.255974
1.20613
0.562198
0.831647
0.967608
0.314757
0.957718
0.854726
0.249812
0.680411
0.342397
0.429151
0.214631
0.879385
0.605426
0.543524
0.945674
0.441001
0.616982
0.420989
0.772498
0.846954
1.03684
0.685802
0.724962
0.517285
0.393171
1.1455
0.54293
1.23675
0.506515
1.0888
0.975886
0.794508
0.874809
0.457345
0.494169
1.04304
0.225132
0.23235
0.760369
1.00683
0.913671
1.04039
1.18082
0.889651
1.206
0.879547
0.798943
0.579763
0.544644
0.848842
0.697897
0.287109
1.07183
0.260813
0.434366
0.794315
0.399097
1.1274
1.07194
0.722377
1.06562
0.712891
0.367388
0.656993
0.989
0.130394
0.38365
0.332612
0.798812
0.349824
0.414051
1.03837
0.909283
0.623201
0.174172
0.345845
0.273658
0.248905
1.0814
0.991896
0.797229
0.740497
0.862366
0.203983
1.16663
0.755391
0.757851
1.39003
0.421725
0.452299
0.645797
0.768517
1.11956
0.530239
0.527398
0.981999
0.770343
0.675749
0.548427
0.940848
0.80017
0.803881
0.641355
1.24491
0.38084
1.16419
0.375868
0.43186
0.784301
0.294777
1.08181
0.38813
0.530836
0.691889
0.996519
1.12556
0.19909
0.79473
0.417147
0.459046
0.555845
0.491833
0.713768
1.29421
0.708688
1.2243
1.15296
0.480899
1.16361
1.09308
0.779184
0.466018
0.499013
0.545716
0.262296
1.21488
0.995788
0.550237
0.308181
0.499133
0.800317
0.39868
0.589057
1.02961
0.910477
0.547212
0.800524
0.922826
0.878171
0.945622
1.2233
1.0694
0.849606
0.77686
0.447189
0.856896
0.437785
0.734971
0.197221
0.698006
0.740819
0.787417
0.449838
0.531377
0.934839
1.07915
1.10015
0.863922
0.89398
0.599945
0.415875
0.565587
0.755419
0.883132
1.08591
1.15311
0.940672
0.580062
0.188223
0.494525
0.508819
1.18388
0.371554
0.551296
0.419763
0.779206
0.521523
0.519754
0.783172
0.393927
1.00104
0.835294
0.904229
0.458853
0.176181
0.447606
1.01955
0.47738
0.917589
0.898934
0.825629
0.546541
1.36145
0.605373
1.34789
0.667745
0.716431
0.447443
0.954907
1.00728
0.778086
0.877044
1.1178
0.381253
0.692485
0.69014
0.750089
0.936811
1.27975
0.354769
0.523597
0.716328
0.586011
0.429093
0.627709
0.694064
0.964681
0.483922
0.845242
0.90344
1.01512
1.05187
1.08879
0.494995
0.764056
0.869955
0.81963
1.04098
1.11768
0.536714
0.731773
0.460582
0.729251
1.34654
0.806669
0.833093
0.628977
0.756443
0.691859
0.0712303
1.40223
0.398808
0.957901
0.62031
0.414177
0.547984
0.264718
1.0801
0.132974
0.834913
0.806597
0.762258
0.524594
0.724108
0.365877
0.965344
0.956627
0.787827
0.409027
0.568052
0.971657
0.558805
1.03859
0.849811
0.6604
0.391264
0.436777
1.29039
0.784634
0.885364
0.244578
0.606126
0.457433
0.285553
0.622865
0.872016
0.210557
0.471006
0.342525
0.634946
0.280902
0.203217
0.504979
0.559005
0.137789
0.493219
0.887893
0.387133
0.271679
0.762848
0.803162
0.624742
0.634853
0.562488
0.733433
0.768259
0.269395
0.653571
1.02346
1.03664
0.646373
0.918724
0.612343
0.586385
0.574532
0.698154
1.00123
0.728305
0.973066
0.519237
0.616725
0.656468
1.05991
0.763387
0.901023
0.67
0.38394
0.430554
0.669017
0.911571
0.735905
0.705928
0.698321
0.689094
0.820617
0.723474
0.548444
0.89442
0.334945
0.393498
0.651202
0.753755
0.833923
0.848998
0.877526
0.280963
0.947642
1.06612
0.899813
0.861613
1.40867
0.257224
0.95542
0.564324
0.500346
0.464983
0.467473
0.793526
1.03699
0.392416
1.24931
0.79153
0.408674
1.02031
0.812532
0.404603
0.619721
1.21713
0.464862
0.562854
0.552796
0.656071
0.470651
0.942547
0.711518
0.660211
0.254299
1.04937
0.805913
0.500582
0.405607
0.482527
0.846542
0.751689
1.46361
0.774279
0.893539
0.605488
1.07964
0.889555
0.8246
1.36959
1.28589
0.156549
0.206737
0.330764
0.705891
1.03306
0.338039
0.519996
0.539967
1.27444
1.30949
0.599418
1.05887
1.04237
0.930893
0.903704
0.836286
0.94587
1.06159
1.10534
0.946478
0.41744
1.30386
0.504743
0.631289
0.913852
0.273711
0.786708
0.522155
0.403111
1.36712
0.248318
0.288215
0.71648
0.46079
0.864616
0.677297
1.21874
0.337255
0.902649
0.795868
1.26123
0.341954
0.351662
0.942548
0.214689
1.07433
0.338669
0.814683
0.890411
0.748393
0.373873
0.154092
1.4001
1.09986
0.591871
0.303699
1.09049
0.976356
0.944162
1.14952
1.08666
0.836962
0.430654
0.69316
0.467841
0.306936
0.853931
0.989893
0.669055
0.801602
0.885346
0.91722
0.527265
0.674872
0.323281
0.748556
0.612749
0.645874
0.532399
0.916785
0.774636
0.414934
0.711853
0.633222
0.659932
0.168688
0.831215
1.28372
0.643933
0.512849
0.217682
0.399818
0.315824
0.803114
0.609299
0.474288
0.468883
1.13094
0.602294
0.822365
0.553248
0.830951
0.374528
0.69391
0.732574
0.642462
1.19154
0.78942
0.945563
0.539964
0.954056
0.486862
0.276683
0.414469
0.695993
0.681348
0.900967
0.548235
0.260037
0.909218
1.03777
1.15363
0.819411
0.498128
0.721167
0.330571
0.917754
0.549513
0.536641
0.900932
0.875567
0.646954
0.771671
0.630772
0.831627
0.393507
0.887782
0.677168
0.60887
0.880033
0.898914
0.921138
0.753175
1.36063
0.936883
0.907472
1.38717
0.512487
1.29063
0.586083
0.645869
0.633077
0.571367
0.531133
0.835749
0.916684
0.717719
0.399304
0.756369
0.599475
1.10748
0.969673
0.97498
0.843264
1.26839
0.32198
1.04495
0.971522
0.253496
0.802909
0.692552
0.823017
0.240076
0.671079
0.646919
0.210345
0.359203
0.496221
0.801118
0.39284
0.598743
1.16254
0.427185
0.985911
0.877328
1.21091
1.23793
0.487184
0.60029
0.174232
0.970051
0.647496
0.5003
0.719272
0.978004
0.439784
0.829486
0.669206
0.230587
0.644097
0.693055
0.790546
0.496689
0.50812
1.05129
0.596814
0.514697
0.848929
0.506258
0.885561
0.665387
1.02825
0.967009
0.504518
0.97408
0.273465
0.177604
0.858925
0.36008
0.589455
0.349121
0.631369
0.387045
0.702934
0.742015
0.316271
0.788571
0.524545
0.304648
1.17961
0.410595
0.212388
0.329727
0.315947
0.945608
0.658256
0.454722
0.789452
0.570133
0.51659
0.882429
0.460943
1.07349
0.496321
0.549719
0.674057
0.340686
0.829723
0.504326
0.876735
0.437847
0.41931
0.323033
0.656359
0.780032
0.726702
0.466867
1.01878
0.509189
1.12871
0.392959
0.338614
0.759634
0.878032
0.697216
0.781224
0.727761
0.526596
0.149921
0.913256
0.814441
0.757719
0.680281
0.486859
0.190467
0.600322
1.04894
0.691226
0.730315
0.438193
0.753642
0.340515
0.22693
0.564595
0.548451
0.553024
0.706717
0.525186
0.534856
0.520116
0.781667
0.583462
1.13439
0.907372
0.375207
0.573056
0.471836
0.392397
0.246762
0.415727
0.919888
0.58727
0.560924
0.583969
0.995042
0.557702
0.970737
0.402011
0.541939
0.86823
1.10764
0.512665
1.1828
0.35984
0.275224
0.557128
0.754227
0.599294
0.934114
0.87948
1.28829
0.43408
0.654121
0.434852
0.525788
0.458983
0.431287
0.290084
0.921891
0.534559
0.520899
1.17203
1.11992
0.391411
0.616457
1.04798
0.821708
1.02475
0.196023
0.924361
1.23481
1.041
0.771956
0.22445
0.800694
0.878536
0.433689
0.662257
0.656976
0.883251
0.517434
0.347226
0.364769
0.778841
0.586263
0.867991
0.703189
0.941147
1.07929
0.72626
0.772854
0.612629
0.439575
0.703304
0.249797
0.712773
0.0570025
0.863534
0.616794
0.605452
0.353334
0.297246
0.576822
0.797965
1.07988
0.665842
1.23455
0.244864
0.993784
0.530357
0.960627
0.95394
0.842047
0.484737
0.885683
0.966094
0.429389
0.643391
0.597404
0.927773
0.689642
0.569262
0.296284
0.269192
1.02302
1.12141
0.583201
0.377409
0.658572
1.12238
0.515635
0.426588
0.955408
0.783872
0.393739
0.612475
1.33738
0.452088
0.52103
0.927556
0.476691
0.811789
0.909927
0.251444
0.786462
0.73588
0.0692774
0.976287
0.961037
0.705389
1.08452
1.17183
1.03569
0.526969
0.494242
0.725597
1.20012
1.31989
0.899433
0.557128
0.798464
0.802195
0.393665
1.02229
1.08739
0.465136
1.13749
0.748782
0.193436
0.427998
0.796681
0.318342
0.629854
0.496981
0.328475
0.902609
0.539749
1.16293
0.994034
0.754157
0.767438
0.420166
0.417213
0.608027
0.526471
0.366581
1.09663
0.55447
0.247673
0.92684
0.497463
0.590166
1.20553
0.684648
0.495768
0.898712
1.08296
0.871183
0.658783
0.258859
0.967371
0.827493
0.516449
0.673907
0.79413
0.652915
0.45097
0.589004
0.438782
0.221134
0.638894
0.481547
0.36616
0.728144
0.910136
0.372025
0.681047
0.415572
1.10724
0.433594
0.625548
0.527812
0.777263
1.00606
0.570513
0.718159
0.412299
0.339779
1.25154
0.596731
0.56174
0.353718
0.760653
0.837865
1.32695
0.509963
1.20731
0.363117
1.24775
0.647195
0.786084
0.939855
0.902315
0.273518
0.714833
0.258442
0.49308
1.19117
1.00611
0.829578
0.541509
0.650102
0.530611
0.679247
1.0632
0.821101
0.215254
0.258587
0.766348
0.913671
0.216843
1.04412
0.765043
0.951111
1.13106
1.39517
0.453092
0.987755
0.499819
0.66768
1.00518
0.851069
0.661683
0.426003
0.712245
0.545593
0.396237
0.4795
0.792116
0.963681
0.496156
1.09639
0.624681
0.680548
0.587756
0.621796
0.393716
0.726376
0.452684
0.589563
0.943476
0.678182
0.384874
0.259269
0.897487
0.93599
0.421474
0.710814
0.496452
0.644002
0.761244
0.498001
1.19907
1.22716
0.483391
0.6878
0.907544
0.53575
0.467471
0.597772
0.214671
0.698043
0.585367
0.4501
0.449077
0.760971
0.470057
0.590965
0.610338
0.218012
0.677111
0.273137
0.322226
0.308492
0.895343
0.77881
0.782752
0.71366
0.51325
0.705823
0.377626
0.450102
1.05235
0.678501
0.707031
0.804847
1.12272
0.741602
0.863871
0.606352
0.667114
0.14995
0.499145
0.634185
0.132937
0.927744
0.758271
0.354664
0.593226
1.34061
0.663753
0.158834
0.369769
0.987459
0.653836
0.524013
1.12842
0.329541
0.676147
0.774379
0.662363
0.755234
0.609197
0.728207
0.4145
0.375161
0.706263
0.75693
0.335005
0.900853
0.133031
0.554166
0.750287
0.864719
1.2075
0.775995
0.670088
0.441916
0.780608
0.907854
0.675984
1.2761
0.608773
0.494553
0.859196
0.75077
0.768644
0.495659
0.869191
0.717379
0.927501
0.951189
0.716664
1.19707
0.622358
0.749756
0.879352
0.657193
1.01448
0.483788
0.71937
0.577284
0.827526
0.50609
0.583673
0.173278
0.238881
0.517036
1.05759
0.487904
0.430636
0.952793
1.09879
0.913945
1.00831
0.389536
1.1794
0.865238
0.286053
0.832699
0.381736
0.423283
0.891503
0.739235
0.553577
0.845535
0.413115
0.524991
0.629978
0.584529
0.444256
1.14633
1.15352
1.16896
0.814654
0.264617
1.08026
0.642863
0.44708
0.551917
0.61922
0.292521
0.90396
0.6916
0.543851
0.514797
1.16012
1.25244
0.642933
1.00066
0.415565
0.688412
0.827796
0.320925
0.756955
0.958513
0.597515
0.532534
0.389029
0.540109
0.739846
0.849621
0.492071
0.863091
0.764254
0.833346
0.872519
0.387799
0.40729
0.214129
0.400749
0.405879
0.422189
1.14998
0.605824
0.699776
0.810886
0.192204
1.01949
0.970689
0.61573
1.02647
0.912038
0.677518
0.560175
0.920008
0.536429
0.699115
0.584304
1.10372
0.915576
0.429155
0.610066
0.655923
0.308865
0.562611
0.292342
0.415207
1.00214
0.44015
1.026
1.21646
1.02376
0.930588
1.1312
1.26974
0.608166
0.588311
0.703537
0.939645
0.802063
1.01658
0.920568
0.337106
1.15633
0.616944
0.784262
1.01889
0.514121
0.87882
0.809483
0.713637
0.420192
1.22
0.513878
1.19694
0.887082
0.534676
0.72931
0.764574
0.521085
0.40382
0.354131
0.630665
0.857281
0.83635
1.16847
0.638393
0.407834
0.884269
0.597154
0.592863
0.690445
1.17158
0.849028
0.291441
0.983178
0.598587
0.685699
0.446111
0.303089
0.71823
0.279343
0.653787
0.439551
0.430868
0.638035
0.622137
0.485169
1.00587
0.707303
0.677858
0.980339
0.54703
0.472263
0.143222
0.17978
0.420009
0.801024
0.971361
0.487182
0.415616
0.704951
0.461819
0.396014
0.512112
0.882873
0.652659
0.86907
0.922982
0.924979
1.2285
1.10063
0.423572
0.248168
0.62463
1.09269
1.13588
0.572474
0.813567
0.983348
0.686557
0.510877
0.816744
0.893273
0.383367
0.466747
0.471414
0.714377
0.965773
1.01454
1.01305
1.24369
0.881438
0.301639
0.289032
0.128247
0.858337
0.816756
0.540994
0.431671
1.05295
1.03498
0.882399
0.435746
1.29222
0.354669
0.689308
0.3373
0.891469
0.814877
0.265452
0.476946
1.09367
0.864683
0.78985
0.449863
0.859633
0.625822
1.09173
0.610016
0.972387
0.91013
0.611954
0.910671
0.332296
0.615804
0.699338
0.193061
0.675347
0.963438
0.857633
0.545636
0.385655
0.900666
0.673838
0.883255
0.30933
0.618819
0.810638
0.474821
1.25401
0.832868
0.25965
0.765093
0.617213
0.493885
0.270477
0.389049
0.544767
1.185
0.403821
0.203121
1.29261
0.442765
0.50904
1.17303
0.621653
0.247246
1.04264
0.863577
0.753147
0.590514
0.393603
0.64769
0.436581
0.323943
0.567743
0.344093
0.857378
0.385044
0.920132
1.14821
0.967676
0.768595
0.951123
0.612992
0.38443
0.573998
1.1373
0.716386
0.570124
0.859695
0.745533
0.582142
0.238485
0.969814
0.249
0.479676
0.225242
0.724405
0.388343
0.418107
0.674997
0.483402
1.28193
1.26671
0.343768
1.12807
0.423589
0.469983
0.701327
0.921182
0.326376
0.351911
0.666768
1.22138
0.497913
0.676711
0.181503
1.08293
0.801578
0.58362
0.60177
1.05844
0.326283
0.571245
0.684276
0.502645
0.623012
1.09645
0.742387
0.590593
0.066966
0.324098
0.748032
0.681998
0.198187
0.669978
0.836924
1.08136
1.42376
1.07972
0.47012
0.921523
0.350645
0.592109
0.639216
0.631049
0.697246
0.730733
0.0914165
1.08958
0.399701
0.609583
1.04392
0.687002
0.480268
0.480139
0.324894
0.842615
0.999422
1.12437
0.621572
0.852024
1.07644
0.828974
0.403117
0.817597
0.829318
0.806646
0.382273
1.1666
0.460104
0.787036
0.894442
0.883009
0.107559
0.819
0.417377
1.1877
0.878052
0.269635
0.300627
0.866316
0.751575
0.543202
0.539793
0.692682
0.31664
0.789505
0.617833
0.64893
0.547308
0.354016
0.93467
0.482463
0.642539
0.32315
0.81404
0.435318
1.2188
1.13758
0.357509
0.893652
1.14422
0.199057
0.63675
0.584701
0.890336
0.462466
0.620241
0.643874
1.24265
0.500183
0.783332
0.709292
0.217745
1.02858
0.959675
0.957784
0.518486
0.784468
0.821256
0.521921
0.940149
0.965654
0.591275
0.509394
0.755426
0.532927
0.428901
0.449293
0.505967
0.321458
0.415476
0.675914
0.755235
1.20651
0.564963
0.311972
0.249698
0.369481
1.10007
0.797007
0.379797
1.04615
0.150894
0.661695
1.06075
0.830651
0.531353
1.22995
0.53919
1.01232
0.323728
0.77763
1.35087
0.387071
0.553315
0.217028
0.424589
1.01522
0.370279
0.463748
0.534333
0.890507
0.67524
0.759495
0.676097
0.568587
0.288251
1.26778
0.722747
0.937285
0.931458
0.574188
0.651742
1.06995
1.04721
0.391856
0.509892
0.384674
1.2062
0.879282
1.04214
0.423363
0.410656
0.367149
0.764826
0.809465
0.793535
1.02339
0.893955
0.666358
0.92695
0.777563
0.872343
0.96424
0.370637
1.28198
0.789302
0.59607
0.470725
0.944133
0.41287
0.783502
1.0049
1.04663
0.544964
0.220454
0.961612
0.700511
0.25001
0.964485
0.742907
0.557452
0.305976
1.06965
0.762188
0.192017
0.51256
0.44641
1.04251
0.46709
0.906667
0.703677
0.560246
0.75076
0.934745
0.971077
0.520329
0.163374
0.61875
0.501244
0.90753
0.470204
0.919709
0.759213
1.08203
0.481172
0.776706
0.74646
0.750324
0.254584
1.07585
0.307515
0.464973
0.31819
0.457157
0.418509
0.565093
0.376202
0.391535
1.22325
0.560899
0.285303
0.382813
0.764969
0.657807
0.261118
0.351036
0.384766
0.829106
0.678105
0.507059
0.5041
0.723372
1.25073
0.677305
1.3541
0.695936
0.673545
0.405961
0.895308
0.747094
0.864942
0.505358
0.380514
0.782447
0.613214
0.232803
0.679917
0.796172
0.668949
0.416224
0.481467
0.933547
0.494157
1.00005
0.628605
0.504299
0.569182
0.489649
0.46385
0.299289
0.489757
0.549641
0.436294
0.967585
0.801716
0.401796
0.382057
1.13259
0.836758
1.07291
0.895439
0.461753
1.10027
1.16367
1.21367
1.08159
0.845032
0.876898
0.36513
0.69498
0.303722
0.423707
0.699718
0.984173
1.00254
0.41829
0.936219
0.631219
0.407892
0.884918
0.480036
0.957523
0.503304
0.801868
0.470316
0.795295
0.970123
1.11908
0.336774
1.15243
0.673959
0.910973
0.678182
0.493062
0.889943
0.763147
0.971661
0.581767
0.537063
0.505939
0.945682
0.541687
0.556604
0.914601
1.22129
0.81848
0.124936
1.19696
1.08939
0.165346
0.758347
0.701651
0.344113
0.543614
0.651097
0.670901
0.707571
1.00494
0.679251
0.794764
0.657512
0.822664
0.764945
0.340708
0.707598
0.94081
0.60092
0.422598
0.97359
1.01254
0.411304
0.247462
0.721356
0.681721
0.467495
0.61267
0.626348
0.535776
0.622957
0.565115
0.669749
0.451436
0.805519
0.555229
0.663823
1.01162
1.02229
0.478802
1.34188
0.793402
0.477322
0.306516
0.967027
0.331918
0.214789
0.0956414
0.518465
0.594313
0.601268
0.19003
0.686915
0.443746
0.437732
0.520159
0.131575
0.546026
0.573935
0.527202
0.542242
1.16252
0.854692
0.928485
1.31085
0.559908
0.220487
0.415883
0.791081
0.464218
0.621705
0.743284
0.664896
0.427535
0.863709
0.397929
0.759634
0.412168
0.122212
0.593807
0.683681
0.799609
0.813471
0.93539
0.526787
0.663149
1.11318
0.676617
1.19213
0.486483
0.965207
0.856939
0.511021
1.14198
0.622165
0.941466
1.13771
0.530737
0.256018
1.22935
0.234962
0.770478
0.250254
0.90486
0.214952
0.320683
0.613703
0.938969
0.701467
0.659965
0.942654
0.353493
0.727799
0.376536
0.804751
0.581672
0.475991
0.711822
0.750685
1.0825
0.64278
0.757096
0.903504
0.734185
0.319735
1.22333
0.855046
1.00599
0.402318
0.528852
0.322445
1.02605
0.986422
0.985573
0.979696
0.417953
0.56765
0.555335
0.556374
0.211083
1.09492
0.543515
1.10846
0.825351
0.854351
0.904528
0.932328
0.47176
0.871707
0.433939
0.588857
0.597601
0.641049
0.702819
0.364537
0.823879
0.940347
0.278516
0.495036
0.522596
0.908048
0.815782
0.403257
1.18428
1.14481
1.2215
0.881801
0.301621
0.458884
0.778137
0.422575
1.03116
0.501457
0.577159
0.527725
1.09633
0.126368
0.722323
0.165132
0.318625
0.800243
1.33392
1.03783
0.548626
0.578636
1.37977
0.320288
1.13035
0.664855
0.625464
0.667902
0.408771
0.508439
0.362725
0.471734
0.60623
0.669364
0.587469
0.72038
0.75818
0.212112
0.981843
0.90363
0.627441
0.76685
0.757184
0.696638
0.775223
1.07224
0.26185
0.627765
0.529257
0.498523
0.60052
0.297474
0.462084
1.0332
0.57173
0.879355
0.56041
0.497149
0.339107
0.294911
0.470581
0.697359
0.605466
0.804446
0.484461
0.602397
0.46867
0.8142
0.872653
0.212245
0.620209
0.347615
0.708809
0.858394
0.656825
0.640332
0.245215
0.446318
1.02421
0.606903
0.459867
1.06513
0.882922
1.05976
1.05816
0.629283
0.807792
0.887662
0.902744
0.683731
0.841653
0.643007
0.394262
0.671391
1.04442
0.894353
0.392427
0.273383
1.2328
0.605925
0.99165
0.519766
0.205882
0.182774
0.503505
0.419314
0.886023
0.730757
0.799831
1.0247
0.42869
0.569624
0.269965
0.846441
1.01155
0.821117
0.776059
0.45909
0.431895
0.956966
0.546543
0.739406
0.931219
0.560325
0.246233
0.510675
0.995481
1.08565
1.08865
0.760966
0.278857
0.669802
