0.682756
0.476494
0.488573
0.70608
0.403599
0.70184
0.610572
1.00904
0.363158
0.24106
0.94873
0.581163
0.473943
0.543989
0.823792
0.823605
0.889747
0.485219
0.477409
0.316493
0.833307
0.257553
0.617158
0.849854
0.96632
0.682538
0.625003
0.391213
0.550681
1.39507
0.53975
1.10463
0.385858
1.25347
0.411997
0.684395
0.721134
1.21039
0.670384
0.790022
0.808438
0.732253
0.174092
1.14149
0.896969
1.07785
0.793913
0.830961
0.538848
0.91318
0.671609
0.264927
0.440986
0.767682
0.678693
0.626712
0.784075
0.356723
0.621835
0.983096
0.311083
0.389724
0.836219
0.769052
0.939691
0.409258
0.955736
0.712108
0.206127
0.882028
0.530515
1.18824
0.689598
0.589556
0.994365
0.268814
0.335586
0.356094
0.882993
0.45601
0.638337
0.587075
0.463303
0.788758
0.565811
0.467907
0.949938
0.5547
0.430087
0.636567
0.435941
0.702482
0.253679
0.33428
0.395721
1.19455
1.11339
0.830021
0.672102
1.06205
1.03043
0.988209
0.801936
0.538725
0.658575
0.554131
0.950975
0.304587
0.96469
0.848361
0.457996
0.645386
0.640917
0.960732
0.785845
0.586257
0.966929
0.476179
0.647079
0.942487
0.86443
0.658212
1.1675
0.44313
0.634669
0.946218
0.647956
0.572753
0.588609
0.221473
1.33397
0.554213
0.440531
1.25324
0.686389
0.657907
0.312698
0.516608
0.697975
0.964876
1.22721
0.569374
0.473927
0.504706
0.549693
0.609817
0.812529
1.20128
0.416221
0.33431
0.726367
0.63618
0.455187
0.620562
0.661892
0.194081
0.388377
0.452686
0.78091
0.422008
0.551373
0.798703
0.5088
0.598541
1.11667
0.566204
0.596856
0.0851601
0.361087
0.646515
0.752645
1.00968
0.396416
0.424119
0.421548
0.772023
0.56218
0.178237
1.07218
0.451919
0.569778
0.316162
0.682503
0.743891
1.32593
0.70408
0.394818
0.83274
0.907046
0.844708
0.852254
1.01557
0.428434
0.711117
0.880928
0.558521
0.667142
0.481549
0.405611
0.725692
0.435491
1.05438
1.09383
0.596253
0.726069
1.01676
0.864677
0.931811
0.92261
0.145161
0.749926
1.01858
0.633663
0.953969
0.435486
1.29968
0.699381
0.524545
0.664027
0.848322
0.299666
0.498917
0.862758
0.625697
0.480105
0.753959
0.612876
0.512046
0.457135
0.699995
0.565651
0.634109
0.447497
0.912877
0.755362
0.583513
0.64299
0.690343
1.01056
1.09581
0.470055
0.617388
0.617714
0.876669
0.60736
0.326633
0.492446
0.523955
0.855625
0.305604
1.17566
0.459339
0.971199
0.767674
0.804767
0.673878
1.28804
0.542683
0.395648
0.407626
0.986078
1.23206
0.65915
1.04309
0.640453
0.931089
0.513543
0.62621
0.681884
0.504421
0.635244
1.08386
1.05329
0.80626
1.05095
0.7179
1.23796
1.05186
0.928304
0.419288
0.677067
0.525068
1.05323
1.12962
0.443612
0.893781
0.827271
1.02398
0.558645
0.682283
0.820272
0.63909
0.657583
0.919714
0.698021
0.488618
0.438377
1.0126
0.995784
1.29578
0.482691
1.17801
0.347299
0.658982
0.513365
0.733225
1.07819
0.685198
0.471328
0.507266
0.697435
0.735982
0.85805
0.868289
1.01293
1.05699
0.405136
0.78643
0.737013
1.0601
0.323271
1.05717
0.296424
0.382085
0.667172
0.611925
0.689074
0.866924
1.25226
0.661498
0.22266
0.419618
1.12784
0.245131
1.25685
0.952324
0.805224
0.763069
0.570642
0.474126
0.798617
0.72136
0.983177
0.853172
0.920859
1.16287
0.628545
0.39531
0.964416
0.274517
1.14904
0.234612
0.804373
0.403873
0.876898
0.515563
0.834838
0.431168
1.3703
0.779989
1.01711
1.22704
0.67384
0.946923
0.949193
0.70418
0.769915
0.721414
0.498883
0.637357
0.702711
0.988108
0.409825
0.61759
0.859637
0.799659
1.08439
0.757916
0.948961
0.635215
0.665872
1.11003
0.739246
1.18915
0.715965
1.3032
0.889026
0.354628
1.07821
1.4537
0.608569
0.732884
0.571344
0.448751
0.992087
0.665694
0.490265
0.692624
0.33692
0.223478
0.15684
0.927113
0.20121
0.831405
0.431587
0.988193
0.700319
1.03542
0.595032
0.482636
0.220969
0.697628
0.583937
0.853674
0.641597
0.82572
0.82369
0.893112
0.129273
0.89143
0.940976
0.227795
0.788187
0.314775
0.518527
1.05428
0.948027
0.77387
0.819287
0.914862
1.0761
1.3663
0.339038
0.887047
0.89455
0.590684
0.519231
0.783169
0.888941
1.05384
0.694918
0.880109
0.81051
0.619475
0.374625
0.803055
0.751285
0.791414
1.22903
1.02776
1.01973
0.742503
0.638527
0.424966
0.657651
0.582219
0.369905
0.315767
0.71991
0.741433
0.228166
0.69147
0.914865
0.514549
0.655587
0.824951
0.160989
0.630046
0.966323
0.780375
0.908876
0.435516
0.314243
0.72286
1.0038
0.860984
0.95322
1.35169
0.890846
0.37756
1.0801
0.555421
1.05717
0.992186
0.72487
0.771197
0.161992
0.724709
0.861823
0.64783
0.524464
0.361784
0.557909
0.966731
0.740928
0.251941
0.636002
0.449367
0.992759
0.453834
1.05443
1.04783
0.764059
0.713695
0.789091
1.07896
0.599042
0.646901
1.11062
0.901466
0.985399
0.551228
0.419791
0.361784
0.688969
0.5619
0.320333
0.46542
0.496327
0.461048
0.463037
1.11297
0.739726
0.659701
0.510638
0.370021
0.35927
0.676661
1.22284
0.515492
0.972177
1.12737
0.541042
0.542066
0.932408
0.947923
1.15618
0.841669
0.452055
0.92315
0.27149
1.31508
0.554532
0.929896
1.02062
0.553412
0.921937
0.463084
0.279627
0.579259
0.201114
0.761718
0.113428
1.08983
0.347039
0.840539
0.235216
0.878035
0.841547
0.651193
0.613743
0.399267
0.926136
0.679773
1.05324
0.863696
0.497142
0.533035
1.07556
0.44906
0.559092
0.569015
0.623237
0.404009
0.351381
0.560915
0.293544
0.45047
0.745963
0.919206
0.745295
1.0174
0.685193
0.211341
1.15142
1.06381
0.146846
0.604397
0.941904
1.22211
0.4988
0.675917
1.14672
0.525931
0.573826
0.454277
0.386923
0.564537
0.657693
0.676874
0.883657
0.94826
0.517966
0.929032
0.41447
1.16839
0.65995
1.06437
0.939449
0.705205
1.22616
0.589191
0.88063
0.423295
1.01399
0.787904
0.916002
0.534598
0.368096
0.756333
0.569244
0.735227
0.714807
0.804908
1.31884
0.784677
0.711945
0.275838
0.762986
0.433946
0.844578
0.377813
0.549673
0.90852
0.417734
0.689802
1.04909
0.48154
0.797059
1.10459
0.190871
0.650517
0.725494
0.768446
0.659583
0.588899
0.665625
1.04577
0.193917
1.1468
0.824024
0.620388
0.640452
0.856161
0.392779
0.593209
0.491739
0.66643
0.652341
0.672336
0.466465
0.587919
0.578048
0.607149
0.625446
0.795702
0.704099
0.882262
1.03883
1.21131
0.503963
1.0337
0.859808
1.01452
0.112863
0.591399
0.41245
0.304368
0.683355
0.612811
1.36037
0.53638
0.443618
1.17135
0.674044
1.29038
0.4263
0.435038
0.354242
0.56024
0.99242
0.625438
1.00663
0.424818
0.723328
0.650796
0.479274
0.299515
0.727696
0.529638
0.555638
0.264592
0.601873
0.641441
0.655834
0.770485
1.15586
0.349727
0.865887
1.05936
0.720225
0.613143
1.27339
0.774587
0.609675
0.955692
0.878045
1.33317
0.237433
0.552142
0.837827
0.691589
0.4079
0.510776
1.08732
1.0735
0.979623
0.287767
0.38399
0.502156
0.480692
0.363892
0.81594
1.14578
0.642533
0.160891
0.318065
1.03944
0.400345
0.447411
0.993352
0.930556
0.489861
0.185195
0.272859
1.04085
0.71528
0.585607
0.534323
0.176149
0.8654
0.843298
1.19696
0.414236
0.622306
0.672023
0.568187
0.486652
0.678257
0.774471
1.21428
0.479855
0.723336
0.703373
0.380142
0.297394
0.935461
1.3105
1.07597
0.502721
0.291625
0.320668
1.15732
0.588576
0.523723
0.483714
0.407131
0.830711
0.567818
0.913133
1.0936
0.294868
1.24306
0.355196
0.585056
0.301097
0.803727
0.552349
0.873196
0.380112
0.456347
0.908989
0.642311
1.06447
0.857774
1.25426
1.0542
0.665008
0.793202
1.06174
0.615837
0.547531
0.380229
0.315814
0.617599
0.345807
0.787812
0.356768
0.615494
0.430864
0.603758
0.210124
0.913071
0.762761
0.922696
1.29767
0.578832
0.470578
0.207016
0.854047
0.901868
0.622798
0.937778
0.747285
0.358306
0.941189
0.571524
1.14449
0.710087
0.420889
1.24099
1.08643
0.995831
1.1588
0.651843
1.27764
1.2229
0.365256
0.670456
0.735858
0.649261
1.07994
0.650339
0.681486
0.931763
0.589042
0.42018
0.897591
1.06913
0.903235
0.895817
0.512592
0.552185
0.534695
0.7401
1.25553
1.191
1.20565
1.04574
0.665082
0.537108
1.09096
0.319561
0.641842
0.96896
0.35511
0.480023
0.78527
0.837638
0.435377
0.84396
1.139
0.875024
0.556872
0.37581
1.07063
0.77177
0.297176
1.04081
0.518487
0.520521
0.905469
1.00261
1.36579
0.470866
0.704609
0.884026
0.730085
0.257869
0.511864
0.30332
0.68677
0.788878
1.13858
0.513775
1.20604
0.759
0.342533
1.02946
1.03132
0.531042
0.469818
0.8538
1.31027
0.680637
0.167696
0.618566
0.808503
0.819178
0.584572
0.57039
0.549983
0.165786
1.21731
0.728157
1.26884
0.48192
1.15977
0.828446
0.850579
1.34278
0.483224
0.659468
0.29535
0.812228
0.484468
0.624508
0.465712
0.443955
0.648027
0.656042
0.951457
0.796197
0.63699
0.537703
0.364824
0.754832
0.506211
0.989435
0.609964
0.916427
0.555936
0.796605
0.610303
0.376563
0.376606
0.726045
1.06977
0.861778
0.829218
0.389817
0.265452
0.433439
0.873352
0.362559
0.550817
1.0809
0.942999
0.429499
1.04904
0.779106
0.518733
0.851034
0.805164
1.24114
0.449183
0.744094
0.651703
0.832019
0.910955
0.559916
0.69807
0.510057
0.466324
0.441529
0.947733
1.22996
0.407051
0.411362
0.641278
0.833986
0.32812
1.02586
0.533425
0.470749
1.36451
0.639956
0.900828
0.143708
1.05741
0.430045
0.426716
0.568304
0.913002
0.564853
0.378038
0.427149
0.707979
0.545092
1.18618
0.803339
0.665848
0.615006
1.07286
0.288517
0.860202
1.19898
0.275782
0.96378
1.01273
0.39763
0.711224
0.497763
0.887451
0.861924
1.06163
0.471137
1.1459
0.623109
1.28436
0.791684
0.862367
0.751877
0.903478
0.300327
0.875078
0.709351
0.612692
0.601158
0.297295
0.810948
0.821369
0.665401
0.504637
1.31114
1.24806
0.315572
0.486656
0.517611
0.399927
0.315636
0.546061
1.01338
0.738507
0.326645
0.724761
0.576931
0.590769
0.480343
0.893711
0.719369
0.594079
0.644916
1.12191
0.674823
0.335666
0.638618
0.941289
0.968518
0.910303
0.431533
0.99776
0.747565
0.219996
0.613815
1.1532
0.342155
0.611071
1.13719
1.06336
1.28913
0.927027
0.522911
0.660064
1.11818
0.737411
0.902081
1.13698
1.02238
0.447221
0.319605
0.669547
0.52633
0.051579
0.565535
1.19999
0.939527
0.275541
0.386274
0.968454
0.377057
0.55791
1.0221
0.356184
0.77124
1.24939
0.741107
0.962242
0.564266
0.608786
0.471743
0.760949
0.340378
0.647145
0.917985
0.919358
0.31923
0.774808
1.18524
1.04113
0.623238
0.360392
0.330681
1.34602
0.53088
0.314131
1.02442
1.26403
0.814271
0.81303
0.460378
0.230083
0.398977
1.43573
1.26181
1.335
0.673626
0.522217
0.6364
0.384355
0.32861
0.308775
1.13749
0.964488
1.06811
0.781299
0.739424
0.983655
0.531356
0.53621
0.534126
0.68735
0.927157
0.298393
1.11968
1.13469
0.992221
0.72978
0.606624
0.80556
0.824175
0.489292
0.570949
0.377561
0.82785
0.682106
0.727984
0.793896
0.228638
1.07147
0.894057
0.828123
0.517435
1.00245
0.201211
0.504463
0.366325
0.850575
0.283901
0.432054
0.979482
0.690623
0.914226
0.890117
0.95825
0.782948
0.692084
0.500359
0.716147
0.502711
1.03635
0.705704
0.768922
0.717143
0.468238
0.541276
0.709419
0.283243
0.58994
0.230708
0.635657
1.01021
0.492061
0.296764
0.375997
0.896229
0.851047
0.476925
0.739656
0.359774
0.712538
0.812337
0.299476
0.99675
0.768114
0.814698
1.0248
0.402774
0.65412
0.753274
0.754245
0.608114
1.0717
0.790978
0.404717
0.830533
0.836266
0.221151
0.452211
0.833817
0.362174
0.506896
0.741957
0.640246
0.773819
0.611942
0.854854
0.367404
0.648941
1.09752
0.874591
0.410242
1.01056
0.693194
0.495189
0.924057
0.782691
0.880132
1.19005
0.201553
0.54729
0.751132
0.935818
0.961622
0.999734
0.739178
1.18693
1.24743
0.469893
0.738492
0.492573
0.481233
1.022
0.964501
1.15169
0.609123
0.79147
0.710541
1.09152
0.64241
1.15411
0.359304
0.982678
0.881934
0.726549
0.172279
0.484868
1.24839
0.798127
0.9
0.944159
1.28738
0.398253
1.12362
0.494986
0.5188
0.917916
0.702432
1.13676
0.807683
0.908219
0.754132
0.383981
0.585101
0.730707
0.341099
0.747074
0.773521
0.634402
0.676856
0.837211
1.12456
0.213872
0.532105
0.453002
0.58417
0.34224
0.84623
0.641788
1.17994
0.741323
0.628259
0.511095
0.633628
0.932011
0.884209
0.683449
1.2694
1.39882
0.591505
1.42642
1.28257
0.761947
0.492787
0.569402
1.27491
0.694455
0.930999
1.26182
0.969977
0.398938
1.25194
0.612594
0.410186
0.859681
0.764662
0.9129
0.378317
0.691014
1.15147
1.05761
0.846163
0.569651
1.00239
0.933738
0.383043
1.02101
0.620132
0.477749
0.312198
0.528489
0.263199
1.0058
0.997672
0.454331
1.24498
0.662037
0.254293
0.712712
0.580856
1.29287
0.810797
0.454882
1.2232
0.310819
0.647572
0.691706
1.03867
0.777258
0.977272
0.425448
0.779227
0.430754
1.03318
0.281317
0.726774
0.615538
1.17637
0.694008
0.921522
0.710684
0.749548
0.693449
1.05847
0.222751
0.338669
0.494281
0.236332
0.450486
0.179697
0.534879
0.922782
0.275672
0.853824
0.948482
0.341134
1.15781
0.574491
0.795953
1.2558
0.208341
0.784363
0.487635
0.32778
0.875763
0.594469
0.871976
0.967113
0.51728
0.766635
0.660712
0.772204
1.30115
0.558675
0.554953
0.791242
0.524753
0.822389
0.543172
1.27829
0.273026
0.133255
0.57971
0.788935
1.32814
0.895966
0.396334
0.490625
0.410626
0.604365
0.747565
0.311326
1.07102
0.485846
0.535519
0.597773
0.363694
0.739051
0.487173
1.09631
0.529327
1.0936
0.678618
1.1707
0.401941
1.09829
1.01278
0.521648
1.34657
0.476556
0.523999
1.43871
0.576761
0.472996
0.695718
0.990076
0.568218
0.377098
0.537718
0.840161
0.873177
0.729605
0.472379
0.246591
0.269271
0.348321
0.688516
0.560551
1.07385
0.474909
0.328362
0.370465
0.604883
0.687753
0.609771
0.379782
0.383516
0.552837
0.650676
0.883376
0.438301
0.497276
0.67812
0.413259
1.05896
0.875658
0.950675
0.540751
0.736762
1.19258
0.773592
0.298105
0.649665
0.653485
1.1305
0.640603
0.774006
0.631772
0.518706
0.498932
0.501952
1.00243
0.762613
0.344641
0.911444
0.637265
0.913833
1.11633
0.841119
1.28229
1.01109
0.664924
0.667261
0.937476
0.653397
0.689202
0.567886
0.254903
1.21005
0.497018
1.22504
1.1805
1.22623
0.738437
0.229579
0.917376
0.702244
0.37189
1.02331
0.381423
0.765883
0.586044
0.802914
0.776133
0.806214
0.450603
1.12411
0.625341
0.837701
0.547809
0.381112
1.00915
0.84672
0.308242
0.678282
0.553711
0.76066
0.795662
0.778374
0.578764
0.562733
1.08226
0.624579
1.12098
0.768518
0.273122
0.82373
0.512776
0.690178
0.868394
0.75148
0.985789
0.287867
0.804902
0.90635
1.19342
1.10801
0.839106
0.861741
0.859354
0.509021
0.487648
0.232513
1.03522
0.828101
0.858779
0.975776
0.909799
0.416437
0.986128
0.590466
0.997735
0.422129
0.484108
0.871242
0.588775
0.266722
0.522923
0.891801
0.777538
0.730285
0.681228
0.701047
0.420318
0.513026
0.723701
0.477535
1.19989
0.676175
0.695489
0.54272
0.867373
0.867101
0.632106
0.253844
0.860694
0.903607
1.14464
0.939592
0.398287
1.13345
0.574073
0.861145
1.03692
0.779385
0.773457
0.216411
0.600783
0.968253
0.477189
1.16824
0.572814
1.04806
1.17034
1.22948
1.1233
1.0917
1.11471
0.579868
0.450128
1.08001
0.507823
0.505039
0.148223
0.923622
0.541119
0.827755
0.462747
0.220196
0.883769
0.870467
0.802573
0.505087
0.820892
0.849807
0.837618
0.580063
0.649351
0.694093
0.297932
0.331819
0.341562
1.16778
0.556326
0.923422
0.636652
0.605691
0.432156
0.711781
0.353804
0.444633
1.05749
0.744639
0.802878
0.960802
0.696607
0.741762
1.05436
0.733032
0.36314
1.05226
0.622355
1.04062
0.411814
0.63253
0.414573
0.21171
0.655407
0.224049
0.283058
0.730375
0.449622
0.542673
0.519477
1.00541
0.686409
0.851858
0.301753
0.654033
0.808645
0.493161
0.276644
1.09725
0.641844
0.181872
0.55856
0.52941
0.788
0.451646
0.983446
0.807826
0.821944
1.00617
1.06621
0.347476
0.57531
0.560076
1.07067
0.404101
0.427385
1.05028
0.551874
0.707775
0.645236
0.604568
0.762114
0.952848
0.543289
0.92051
0.923151
0.300863
0.763488
0.941554
0.276329
0.417984
0.978227
1.1127
0.115038
0.991485
0.507337
0.962024
0.462413
0.86877
0.570795
0.891001
0.787588
0.454681
0.904858
1.15504
1.07488
0.79958
0.844058
1.01801
0.570026
0.266654
0.850253
0.381136
0.550208
0.638105
0.885582
1.11938
0.607552
0.508675
1.32848
0.285713
0.367593
0.486961
0.380857
0.34171
1.13652
0.610676
1.08632
0.732269
0.502674
0.327034
1.08944
0.337959
0.313801
0.539002
0.691309
0.50331
0.537362
0.813744
0.51
0.672507
0.647626
0.236506
0.897234
0.406182
0.63833
0.838065
0.678051
0.412437
0.870041
1.24313
0.851673
0.884739
0.866012
1.0884
0.543508
0.495855
0.325456
0.973325
0.877951
0.395581
0.763897
0.918797
0.842421
0.414904
0.331883
0.629112
0.705704
0.686621
0.987262
0.659942
1.02254
0.156179
0.749828
0.339315
1.08308
0.648532
0.900886
0.686558
0.771463
0.225914
1.00686
0.86077
0.761409
0.629886
0.578844
0.445197
1.14397
0.532056
0.571544
0.815124
0.592531
0.691686
1.0063
0.418504
0.478197
0.857481
0.322614
1.20415
0.691959
0.442734
1.03387
0.339734
0.528754
0.811522
0.80947
0.794854
0.327872
0.18976
0.82219
0.409517
1.07799
1.0168
0.463741
1.33523
0.504274
0.250267
0.762946
0.664425
0.870812
1.46633
0.475642
1.27258
0.426892
0.801172
0.738014
0.786085
0.887799
1.09427
0.212964
1.09302
0.688478
0.446838
0.529153
0.801808
1.13133
0.962658
1.14815
0.422715
0.770197
0.738464
0.654958
0.685154
0.740846
0.425236
0.80836
0.399696
0.524652
0.270727
1.17364
0.594518
0.989701
0.44624
0.586428
0.835721
0.551512
0.499588
0.423461
0.922952
0.819526
0.914363
0.326497
1.04171
0.906272
0.66841
0.622563
0.86091
0.806134
0.420063
0.700718
0.430205
0.324656
1.28755
1.0709
1.01741
1.01309
0.554418
0.534518
0.49296
0.676457
0.357958
0.92591
0.38297
1.09002
0.726916
1.00607
0.59334
0.358232
0.243516
0.86416
0.941536
0.441098
0.979447
0.981253
0.464946
1.0945
0.268374
0.810461
0.417846
0.360385
0.549619
0.256896
0.829114
0.389926
0.68166
1.00972
0.771436
0.419503
1.04599
0.528866
0.94375
0.884179
0.453386
0.694633
0.35108
0.8071
1.35239
0.854458
0.455659
0.557272
0.31721
0.272736
0.259299
0.366141
0.318574
0.696708
0.914702
0.396035
0.516582
0.422686
0.447673
0.285044
0.894546
0.738182
0.536309
0.916955
0.380231
0.702002
0.434002
1.26532
1.13164
0.569959
0.51342
1.00466
0.90275
0.351528
0.642382
0.359933
0.616839
0.727361
0.647514
0.690023
0.84974
0.426634
1.09144
0.287197
0.721318
0.371434
1.04666
0.89868
0.508436
0.423039
0.618528
0.894347
0.833723
0.781516
0.999004
0.454695
0.834798
0.859179
0.875095
0.547404
0.524668
0.338378
0.502227
0.42476
0.857947
0.539324
0.910017
0.299589
0.88645
1.04627
0.795298
1.06619
0.361476
1.03827
0.53741
0.670597
0.27248
0.267369
0.377646
0.722681
0.925348
0.462611
0.470409
1.09589
0.538327
0.927424
0.870369
0.514672
0.787976
0.329989
0.512187
0.983531
0.263504
0.556458
0.554251
0.347687
0.831492
0.768216
1.24253
0.812446
0.548364
1.1038
0.91527
0.712276
0.884271
0.170248
0.958905
0.416957
0.193224
1.14589
0.588455
0.55495
0.994181
0.753474
0.163023
0.933474
0.369369
0.47677
0.649101
0.99761
0.657681
0.459712
1.02842
1.10052
0.557271
0.83214
0.428153
1.09058
1.05757
1.12661
0.606691
0.313923
0.713906
0.877479
0.868575
0.578533
0.0768189
0.519216
0.802947
0.577447
0.929052
0.746904
0.297887
0.680348
0.273081
0.780532
1.43704
0.350983
0.389758
0.31294
0.752082
0.750403
0.577455
0.514634
0.860622
0.484192
0.354281
0.928806
0.817321
0.650334
0.983263
0.71531
0.401052
0.445699
0.672911
1.01593
0.977898
0.873969
0.796982
0.487308
0.864585
0.945572
1.08626
0.740476
1.32726
0.573588
0.713746
0.578189
0.73979
0.866759
0.722467
1.03325
0.434239
0.359246
0.610496
0.812935
0.802064
0.739257
1.26398
0.884711
0.64945
0.629839
0.177869
0.524988
0.682723
0.810857
0.718519
0.872388
0.484014
1.44387
0.661078
0.619218
0.630149
0.922458
0.348391
1.23281
1.02671
0.417499
0.973794
1.22852
0.479889
0.529263
0.533224
0.649468
0.481637
0.884457
0.818663
0.726742
0.998915
0.633901
0.513113
0.523492
1.07026
0.672754
0.945018
0.82292
0.456234
0.909349
0.455103
0.895148
1.29949
0.287834
0.972941
0.552053
0.255657
0.70743
1.03917
0.689784
0.671306
0.562349
0.302053
0.985287
0.380945
0.622959
0.636582
0.408964
0.499819
0.511179
0.367725
0.925423
1.06031
0.64285
0.728905
0.402475
0.717424
0.566135
0.562838
0.569363
0.967883
0.533139
1.29623
0.3995
0.155835
0.758408
0.123196
0.68177
0.319883
0.548216
1.12197
0.400051
0.19327
1.07876
0.734195
0.83368
0.504235
1.11632
0.688222
0.731181
1.11738
0.271539
1.00665
1.36563
0.648298
0.581692
0.110232
0.879133
0.7637
0.803438
0.250562
0.667608
1.10245
0.450952
0.814828
0.456073
0.713259
0.660694
1.09857
0.366995
0.864293
0.66414
1.02061
0.477409
0.561507
0.775012
0.837854
0.565112
0.378012
0.363594
0.839215
0.702704
0.80744
0.975853
0.840627
0.253312
0.783428
0.378567
0.755507
0.686654
0.903237
0.759447
1.1138
1.01356
0.366164
0.838112
1.19783
0.594258
0.877181
0.239456
0.912787
0.90905
0.603115
0.561727
0.612308
0.947632
0.543707
0.484877
0.570076
0.507875
0.725393
0.586423
0.847828
0.739207
0.574962
0.922489
0.306136
1.14969
0.608401
0.75177
0.28151
0.755875
1.3235
0.676072
0.701992
0.952963
0.890644
0.748107
0.485877
0.270091
1.02901
0.691437
0.470225
0.846726
0.661816
1.01805
0.598763
0.857393
0.609417
0.857289
0.252028
0.868286
0.249461
1.12198
0.41291
0.662162
0.713499
1.12778
0.620613
1.1456
0.824243
0.755387
0.513837
0.390894
0.655772
0.562976
0.428152
0.481972
0.872374
0.533626
0.620401
0.637754
0.7354
0.33763
0.890796
0.687992
0.847039
0.703981
0.841165
0.587598
0.421087
0.435813
1.01615
0.651803
1.18426
0.272755
0.258053
0.480537
0.971309
0.554348
0.388137
0.427611
0.538741
0.633919
1.14098
0.96366
0.604545
0.41279
0.48643
0.58447
0.425682
0.276026
0.307676
0.658255
0.466131
0.785434
0.599043
1.03857
0.540563
1.04928
0.440705
0.465295
0.207776
0.588249
0.964925
0.544043
1.06552
1.18113
0.874769
0.57901
0.440512
0.398765
0.966138
0.519188
0.63922
1.28176
0.396275
0.433649
0.847521
0.594746
0.975602
0.528906
0.576864
0.860337
0.563593
1.1162
0.818246
0.760884
0.525841
0.303078
0.58117
0.552445
0.645396
1.23282
0.890394
0.807934
0.78306
0.678506
0.638671
0.960116
0.736897
0.215897
1.01484
0.85585
1.06051
0.483584
0.365718
1.12648
0.982618
0.789498
0.875635
0.748144
0.751792
0.562367
0.343306
0.520316
1.11372
0.544513
0.958419
0.562656
1.20027
0.861495
0.544764
0.81085
0.374279
1.41246
0.747383
0.321602
0.141722
0.666823
0.85696
0.319477
0.710371
0.710765
0.43616
0.902911
0.472185
0.290133
0.108913
1.03158
0.334501
1.33674
0.47773
0.498276
0.523258
1.25569
0.462252
0.735985
1.28137
0.951048
0.934447
0.854962
0.863234
1.08146
0.378101
0.579548
1.18163
0.583374
0.677124
0.552222
0.558486
0.440055
0.921538
1.07076
1.28189
0.949259
0.963252
0.811962
0.551953
0.382854
0.456713
0.920098
0.885853
0.793686
0.587977
0.411176
1.45123
0.297829
0.335391
0.611467
0.665769
0.759587
0.36267
1.1848
0.617907
1.12494
0.583956
0.407429
0.653423
0.594471
0.301451
0.444163
0.808835
0.236688
0.880779
0.746164
0.744794
0.98349
0.987479
0.907301
0.798119
0.884786
0.553373
0.771816
0.42357
1.34401
1.30473
0.928076
0.794679
0.373354
0.921361
0.493337
0.547561
1.0741
0.289487
1.12882
0.831246
0.906906
1.03014
0.744653
0.610944
0.876456
0.516754
0.502162
0.765135
0.446591
1.02912
1.29353
0.193444
0.569989
0.294092
0.562614
1.06598
0.605767
0.337667
0.34217
0.778166
0.500059
0.885532
0.984351
1.02055
0.963085
0.460197
1.03734
0.819451
0.73324
0.659696
0.826113
0.201434
0.479487
0.558968
0.556909
0.44164
0.923908
1.05833
0.829598
0.989271
0.367364
0.46984
0.652479
1.12085
0.687355
0.795379
1.01331
0.134006
0.663224
0.47836
0.717381
0.576128
0.851189
0.196163
1.08594
1.08672
0.648971
0.644159
0.86705
0.595499
0.717059
0.737951
0.911647
0.914557
0.3794
0.432372
0.917773
0.939674
0.767844
0.645432
0.369846
0.935347
1.12442
1.4241
0.770396
0.207187
0.373799
1.29705
0.391286
1.11935
0.72335
1.16353
0.469028
0.697218
0.531201
0.676037
0.739629
0.634147
0.98271
0.777568
0.61155
1.32222
0.165659
0.990149
0.881061
0.295967
0.278537
0.737913
0.669163
0.379398
0.636346
0.403639
0.803316
0.464422
0.378398
0.526352
0.904673
0.925741
0.441236
0.828569
0.83789
0.757088
1.26401
0.346604
0.228797
0.343406
0.0696737
1.29503
1.01337
1.02797
1.10927
0.98066
0.271587
0.362438
0.897932
0.54871
0.407671
0.249884
0.614212
0.603138
0.51549
0.62981
0.755852
0.92115
0.371783
0.915296
0.694877
0.898341
1.13508
0.668172
0.461764
1.17617
0.632436
0.540829
0.599133
0.692401
0.479226
0.823229
0.726018
0.393449
0.449556
0.636967
1.0925
1.34932
0.448547
0.481148
0.367701
1.00615
0.515976
0.599911
0.720692
0.859085
1.11068
0.988158
0.60239
0.532263
0.238566
0.711131
0.305776
0.801477
0.263206
0.338783
0.954946
1.05718
0.388331
0.432953
0.759042
0.661588
0.70758
0.582709
0.656865
0.737572
0.757572
0.51541
0.725595
0.981063
1.3285
0.754276
0.852368
0.890166
0.792542
0.612462
0.425195
0.872892
0.670204
0.87302
0.930463
0.751865
0.488497
1.12927
0.856827
0.384633
0.22541
1.06411
0.446293
0.700124
0.461236
0.589394
0.432408
0.592556
1.30763
0.973447
0.689902
0.110225
0.175118
0.84088
0.567708
0.389919
0.748534
0.352431
0.729967
0.792961
0.204397
0.884807
0.783997
0.45254
0.793363
0.63719
0.522467
0.695249
0.676783
0.252266
0.891532
0.676746
1.08794
0.650382
0.806857
0.590533
0.390174
0.750241
0.377054
0.350341
0.656398
0.469561
0.489583
1.08785
1.2111
0.617254
0.489302
0.585554
0.366154
0.33092
0.725067
0.347121
0.830447
0.760424
1.3462
0.237257
1.08823
0.596148
0.412667
0.111129
0.621954
1.10805
0.745909
0.71987
0.756803
0.905226
0.391689
0.561681
0.991341
1.06485
0.753199
0.849341
0.71562
0.983889
0.689008
0.551083
1.05429
1.29059
1.05867
0.446678
0.185874
0.765287
0.22578
0.769379
0.166354
0.448239
0.459096
0.407903
0.86913
0.512622
0.696952
0.233521
0.722644
0.64635
0.157809
0.605225
0.469938
0.253779
0.253609
0.82456
0.380434
0.877631
0.400627
0.276996
0.484399
0.879044
0.601895
1.02881
0.366034
1.00584
0.490959
0.419708
0.644329
1.1088
0.795964
1.28244
0.623829
1.13222
0.657981
0.805089
0.64267
0.49571
0.804606
0.210205
1.20466
0.723768
1.3517
0.432809
0.351869
0.182946
0.169231
0.57387
0.239979
1.17625
0.560394
0.50836
0.757739
0.159537
0.556316
0.772129
0.985879
0.781179
0.828975
0.812581
0.542339
0.738982
0.463276
0.970434
0.429616
0.540931
0.763929
1.31232
0.312887
1.24262
1.04644
0.195719
0.774063
0.383465
0.564896
0.739046
0.774015
0.608891
1.00964
0.792297
0.579968
0.317624
0.583903
0.555745
0.188466
0.665282
0.404013
0.703818
0.154692
0.941486
0.332358
0.836494
0.563479
1.09855
0.962323
0.655292
1.17249
0.820966
0.943615
0.354566
0.27125
1.22434
0.517581
0.379756
0.373092
1.03747
0.41456
0.333159
1.37462
0.911094
0.822654
1.22465
1.17347
0.407785
0.842225
0.216508
0.374293
0.168431
0.923828
0.524907
0.282027
0.509907
0.532893
0.829315
0.577322
0.545205
0.481386
0.0798194
0.36759
0.536256
0.808251
0.65021
0.57591
0.525941
1.0399
0.737356
0.433119
0.46579
0.398975
1.07846
0.451479
0.989072
0.806688
0.719312
0.481602
0.500887
0.846524
0.840098
0.644041
1.18098
0.738959
1.36035
0.903131
1.05262
0.898298
0.92516
0.396768
0.485209
0.43754
0.621853
0.549654
1.00113
0.447488
0.517906
0.924507
0.610667
0.374054
0.43256
0.486721
0.614873
0.825306
0.992455
0.527801
0.826949
0.50359
0.443453
0.644953
0.734484
0.800981
0.478634
1.04781
0.505829
0.148885
0.489807
1.23867
0.658414
0.698405
1.09504
0.418676
0.485206
1.047
0.304965
0.73014
0.777777
0.432858
0.54286
0.650446
0.982758
0.881669
1.1147
0.908906
0.590136
0.710611
0.909337
0.359329
0.677287
0.378321
1.14177
1.17594
0.201015
0.873288
0.556456
0.896572
0.527467
0.682485
0.486991
1.04878
0.546047
0.740567
0.679406
0.329649
1.29965
0.805742
0.631656
0.812693
0.848958
0.864275
0.871936
1.02144
0.909792
0.383241
0.912629
1.17971
0.527058
0.890911
0.826975
0.799445
0.778698
1.11357
0.216492
0.456954
0.417342
0.961904
0.792241
0.304473
0.726016
0.3848
0.514562
0.365683
0.614542
0.29409
1.27058
1.1488
0.365533
1.11202
0.560853
0.821896
0.64431
0.876754
0.568825
1.07505
1.01326
0.782789
0.987938
0.691391
1.1506
1.02525
0.730298
0.653907
0.687021
0.778276
0.67745
0.753915
0.957288
0.381478
1.28264
0.570058
0.9125
0.472417
0.36232
0.718227
0.430623
0.578938
0.580565
0.953872
1.01656
0.961243
1.16805
0.400107
0.817244
0.849319
1.1712
0.855931
1.24564
1.03973
0.56717
0.62926
1.30439
0.125472
0.781278
0.819136
0.289653
0.688903
1.20823
0.833282
0.523097
0.853569
0.765089
0.336036
0.880376
0.44575
0.81546
0.481926
0.775245
0.59247
0.662003
1.09809
1.13274
1.16057
0.701714
0.592296
0.805311
0.887983
0.492666
0.35847
0.396683
0.178847
0.707162
0.692701
0.499501
0.948713
0.881655
0.774012
0.351189
0.822915
0.362978
0.940058
0.699554
0.809624
0.307654
1.25924
0.507779
0.907353
0.963619
0.552265
1.27866
0.311082
1.38964
1.00277
0.459076
0.997176
0.796455
0.54716
0.379983
0.653683
1.24997
0.701954
1.1119
0.680365
0.395044
0.485673
0.512669
0.325296
0.471867
0.514337
0.69922
1.01898
0.392503
0.718254
0.9511
0.455153
1.04929
1.09435
0.985025
0.571777
0.118095
0.815811
0.972154
0.740487
0.574434
0.218368
0.586492
0.311405
0.847944
0.804089
1.17186
0.592557
0.99433
0.367457
1.17949
0.600709
1.12069
0.577014
1.17206
1.06215
1.00705
0.549067
0.903908
0.295075
0.44003
1.0146
0.726343
0.959499
1.14324
0.756103
0.883659
0.547437
0.681941
0.579427
0.564686
0.962849
0.757459
1.28033
0.413804
0.996313
1.12998
0.679554
0.721699
0.403777
0.862362
0.858678
0.541253
0.840554
0.468254
0.725962
0.758504
0.65404
1.1601
0.823311
0.188635
0.795162
0.6547
0.509864
0.35758
0.420112
0.132393
0.941488
0.774079
0.861861
0.361776
0.315755
0.580589
0.659886
0.913809
0.443073
0.455651
0.49945
0.34516
0.698338
0.381318
0.312017
0.629733
0.43574
0.395127
0.521843
0.204693
0.477911
0.798957
0.479763
0.250432
0.72976
1.2208
0.324893
0.84034
0.996345
0.717809
0.745615
1.0609
0.637227
0.622075
0.718545
1.0993
0.897676
0.295077
1.11883
0.282319
0.996043
0.483351
0.648914
0.304573
0.949643
0.192466
0.697788
0.857867
0.651675
0.709811
0.916953
0.643746
1.34111
0.639267
0.590778
0.518216
0.461084
0.544789
0.958603
0.680199
1.04018
0.306707
1.10303
0.476661
0.68354
0.905153
0.330632
0.900307
0.767955
0.288272
0.630428
0.396275
0.684779
0.405993
0.47609
1.19453
1.22475
0.728081
0.758836
1.15337
0.814119
0.323316
0.7532
1.06778
1.04554
1.14851
0.479785
0.615107
0.414325
0.651628
1.16285
0.236488
0.517299
1.10419
0.362144
0.733791
1.21218
1.05157
0.982552
0.548069
0.595128
1.0182
0.618736
0.771664
0.497455
0.647669
1.1748
1.17605
0.5251
0.270065
1.01937
0.59985
0.656857
0.446755
0.530797
0.385165
0.666093
0.487894
0.360448
0.685932
1.3651
0.793842
0.902291
0.988499
0.737544
0.652851
0.849296
0.441036
1.05867
0.92576
0.268394
0.319576
0.899024
0.738418
0.392409
0.9493
0.811174
0.692779
0.207594
0.539628
0.738755
1.154
0.996826
0.755129
1.07088
0.907759
1.11407
0.900439
0.440866
0.739527
0.346476
0.693741
0.548392
0.40048
1.02906
0.561701
1.11
1.16428
0.492915
0.865681
1.20328
0.449281
1.31993
0.469588
1.19618
0.590804
1.38909
0.259009
0.866512
0.866393
1.07612
0.947637
0.635212
0.629145
0.274012
0.732627
0.848306
0.500436
0.740533
0.64944
1.01953
0.488427
1.21292
0.410656
0.318968
0.868349
0.84946
0.715642
0.802537
0.554021
0.554626
0.548306
0.512667
0.733259
0.672971
0.292079
0.558531
0.410572
0.741221
0.75271
0.480984
0.782237
0.920107
0.434056
0.863636
0.614566
0.795831
1.00324
0.463779
0.520011
0.706037
0.67398
0.162567
0.63581
0.897868
0.719586
0.607166
0.245168
0.310442
1.08276
0.470332
0.371073
0.662821
0.48378
1.23806
1.05385
0.908582
0.910259
0.465063
0.903103
1.12242
0.788284
0.388217
0.536439
0.394771
0.719681
1.23197
1.17687
0.610111
1.1519
0.900373
1.15131
0.686512
1.03475
0.620626
0.506692
0.991271
0.13968
0.418528
0.331917
0.552681
0.472695
0.566462
0.963821
0.687202
0.468809
0.418392
0.609774
0.517619
0.901188
0.384088
0.549884
0.912346
0.894358
0.699287
0.890274
1.3626
1.12416
0.128351
0.758409
0.111515
0.634542
0.683463
0.213729
0.430426
1.01104
0.759051
0.572687
0.901047
0.544203
0.668091
1.1215
0.704518
0.859709
0.789133
1.04503
1.0377
0.79467
0.286154
0.689935
0.802303
0.322939
1.07082
0.617872
0.85604
1.08521
0.821946
0.724731
0.732355
0.930061
0.543405
0.339993
0.537503
0.686756
1.045
0.272419
0.561051
0.713753
0.70724
0.53386
0.868639
1.41299
0.517155
0.605918
0.37487
0.756898
0.917151
0.940933
0.800074
0.389235
0.938031
0.748651
1.24155
0.567466
0.562977
0.797423
0.582286
1.0274
1.01528
0.743319
0.712201
0.697556
0.322162
0.793379
0.549189
0.11363
0.836919
0.827393
0.259064
0.605273
0.917039
0.669539
1.01696
1.02722
0.661161
0.37776
1.35696
0.789584
0.217282
1.25663
0.588409
0.770481
0.969267
1.21054
0.837483
1.02267
1.02277
0.519899
1.18122
0.951961
0.79574
0.775147
0.565815
0.317205
0.48522
0.884719
0.618522
0.770251
0.288665
0.619366
0.642266
0.602823
0.50842
0.932039
0.184195
0.525972
0.98477
0.948192
1.33363
0.445266
0.504867
0.0559981
0.928277
0.930555
0.798824
0.46399
0.880313
0.70588
1.30952
0.51746
1.20503
0.427837
0.653612
0.887472
1.07757
0.610178
0.3046
0.351926
0.791674
0.361503
0.534058
0.553616
0.861613
0.712505
0.733684
0.739593
0.64106
0.522883
0.567646
0.865551
0.506305
0.349931
0.53388
0.347612
0.757002
0.613805
0.594565
0.886962
1.23699
0.682682
0.582189
0.786076
0.395986
0.865186
0.344417
0.440772
0.263747
0.606395
0.754289
0.651195
0.244679
0.967804
0.817771
0.438957
0.245353
0.419513
0.408529
0.849336
0.420308
0.753094
0.640808
0.970217
0.534075
0.596389
0.792864
0.477109
0.370484
0.344716
0.867478
0.198578
0.951313
0.602504
0.362731
0.47811
0.951711
0.456959
0.242442
0.582907
0.448564
0.439331
0.94287
0.681933
1.2288
0.327273
0.796072
0.388552
0.463063
0.941068
0.657842
0.617992
1.0692
1.05761
0.988857
0.362834
0.905227
0.679501
0.23479
0.205038
0.803281
0.492655
0.468759
0.438331
1.00702
0.68351
0.577118
0.790619
1.02416
1.00102
1.17827
1.02534
0.769972
0.624843
0.289988
1.25557
0.959322
0.476247
0.488751
1.34766
1.10781
1.17232
0.513233
0.345129
1.25363
0.712559
0.534903
0.564473
0.779098
1.10899
0.60876
1.15733
1.0857
0.250631
0.882456
0.277894
0.681107
0.692594
0.83078
0.246875
1.00039
0.162531
0.999808
0.466538
0.896835
0.407749
0.654531
0.529173
0.157101
0.26173
1.22361
0.785568
0.552053
0.839751
0.957745
0.762068
0.440424
0.91225
0.845903
0.500024
1.22818
0.783693
0.942982
1.10103
0.553132
0.981926
0.42183
1.06593
0.94297
0.470208
1.06324
0.338135
0.718323
0.580174
0.360222
0.638098
0.348991
0.532477
0.681412
0.484142
0.887892
0.288384
0.911721
0.702525
0.907033
0.818743
0.387831
0.634641
1.12001
0.953565
0.812107
1.04214
0.446966
0.614611
0.700617
0.510704
0.660345
0.927187
1.13632
1.06841
0.420014
0.863394
0.86216
0.858152
0.944532
0.638233
0.663763
0.339934
0.503922
0.365662
0.939883
0.389438
0.723436
0.475619
0.37735
1.00225
0.671472
0.31758
1.19631
0.998189
1.18818
0.732982
0.451828
0.726777
1.32634
0.802813
0.43579
0.789136
0.402206
1.0689
0.177818
0.707852
0.122099
1.06446
1.14864
0.814612
0.234652
0.717042
0.523334
0.402246
0.272128
0.291635
0.857108
0.706498
0.805536
0.829052
1.16825
0.509954
0.911577
0.609621
0.967515
0.44652
0.715139
1.3376
0.209689
0.778525
0.54374
0.530488
0.317844
0.399705
0.258492
0.0612655
0.912802
0.630997
1.14856
0.95939
0.946905
0.819336
1.1465
0.993379
0.37892
1.02499
0.505661
0.500017
1.08388
1.07908
0.775779
0.938943
1.14035
0.35897
0.357521
0.936325
0.426404
0.566131
0.501683
0.298245
0.512019
0.822202
0.980663
0.368809
0.664545
1.05766
0.433814
0.779248
0.861876
0.862921
0.490553
0.6827
0.576052
0.579449
0.172029
0.355712
0.242665
0.877254
0.610734
1.13034
0.674415
0.501286
0.623261
0.960472
0.586253
1.19499
0.377944
0.621349
0.751981
0.515377
0.263708
0.468232
0.513613
0.508175
0.686964
0.968754
0.951565
0.584883
0.956705
1.00526
1.09671
1.35035
0.709656
1.06499
0.620253
0.34659
0.566158
0.880921
0.866718
0.99735
0.762371
0.84259
0.959812
0.737105
0.402941
1.12826
0.527588
0.790014
0.620235
1.09371
1.21199
0.541057
0.820458
0.999002
0.828804
0.293868
0.0553943
0.408571
0.899075
0.679292
0.577649
0.450592
0.715788
0.283643
1.05626
0.430498
0.31209
0.744103
1.09805
0.953855
0.388893
0.738707
0.52829
0.437398
0.541867
0.773633
0.727552
0.504348
0.514428
1.07693
0.854249
1.15352
0.591548
0.677994
0.564922
0.855947
0.708772
0.368729
0.21403
0.672034
0.702056
0.52161
0.467701
0.767648
0.334726
0.349576
0.796242
1.12851
1.04504
0.912843
0.22576
0.426725
0.953375
0.83839
0.801276
0.53935
0.761286
0.50377
0.664115
0.869687
0.364591
1.04377
0.406603
0.52876
0.853343
