0.257504
0.558382
1.08918
0.518044
0.71993
1.14543
0.552354
0.417482
0.835246
0.703992
0.649538
0.258582
0.880039
0.460655
0.947981
0.292366
0.854776
0.316493
0.201231
0.330947
0.488188
0.894928
0.463351
0.51111
0.988595
0.762335
0.843643
0.393981
0.56036
0.324029
0.410461
0.956161
0.991241
0.594807
0.713115
0.455126
0.542144
0.457073
0.402342
0.321364
0.5404
0.33815
0.429572
0.496308
1.14584
0.820817
0.40395
0.771139
0.815924
0.555026
0.373547
0.291293
0.603
0.256104
0.619849
0.622598
0.49936
0.307731
0.341507
0.855526
0.689883
0.656302
0.436288
0.564527
0.156342
0.951819
1.12104
0.149742
0.565264
0.839123
0.631165
0.822021
1.20213
1.02814
0.845027
0.496615
0.53523
0.530571
0.713187
0.974238
0.650696
0.59955
0.587617
0.644777
0.580824
0.323126
0.758192
0.786518
0.328197
0.969086
0.492665
0.853517
0.301394
0.88641
0.686245
0.628312
0.541767
0.791225
0.524249
0.893381
0.607596
0.495006
0.376782
0.433738
0.825124
0.644495
0.511252
0.684027
0.52596
0.385334
0.303541
0.413503
0.942052
0.648393
1.17564
0.382695
0.162279
0.889317
0.748179
0.497152
0.232564
0.064357
0.916243
0.821956
0.493033
0.84735
0.995651
0.824883
0.309585
0.165962
0.960005
0.535631
0.626184
0.543956
0.794438
0.651689
0.857031
0.601414
0.980313
0.749102
0.689033
0.567463
0.705001
0.71321
0.725477
0.524933
0.289448
1.07438
0.967448
0.670222
0.515312
1.0918
0.224139
0.411072
0.368892
0.678777
0.864563
0.270561
0.246445
0.579179
0.686108
0.268612
0.44275
0.517391
0.846795
0.415456
0.191489
0.418445
0.730784
0.804689
0.951379
0.372441
0.378746
1.19678
0.593871
1.14964
0.891021
0.915751
0.611948
0.982611
0.738088
0.538311
0.249836
0.796329
0.65909
0.806025
0.463425
0.777247
0.24832
0.799829
1.35517
0.238773
0.483998
0.520255
0.715129
0.246444
0.484475
0.404334
0.638947
0.823864
0.958252
0.911709
0.437949
0.49944
0.964564
0.862565
0.795516
0.32937
0.996105
0.822695
0.91157
0.535325
0.700126
0.0816386
0.257856
0.716081
0.541763
1.07695
0.954489
0.833788
0.757932
0.740995
0.569521
0.907363
0.398144
1.25866
0.44167
0.241917
0.568203
0.29632
0.394578
0.490027
0.52301
0.688243
0.342877
0.604828
0.611124
0.462086
0.482872
0.68333
0.349391
0.991438
0.468658
0.50667
0.685708
0.275139
0.184227
0.685419
0.990593
0.435992
0.212339
0.681009
0.656
0.90085
0.762146
0.711151
0.697795
0.696186
0.649129
0.683788
0.708753
0.460436
0.259539
0.605453
0.502032
0.478756
0.559416
0.346421
0.916615
0.4702
0.904744
0.692976
0.950536
0.42661
0.487185
0.880703
0.540811
0.746991
0.70026
0.173696
0.689563
0.704518
0.653518
0.642975
0.935697
0.616338
0.523425
0.638033
0.400439
0.318067
1.09018
0.49161
0.549862
0.237638
0.214677
0.597124
0.234843
0.793141
0.408147
0.429543
0.986631
0.316005
0.699941
0.600235
0.39485
0.773008
0.524733
0.733856
0.450892
0.744587
0.892427
0.962247
0.887265
0.755502
0.565967
0.468227
0.929523
0.767003
0.192624
0.189466
0.351563
1.00256
0.326489
0.615057
0.420497
0.752002
0.630653
0.632885
0.23091
0.596419
0.924028
0.641597
0.483562
0.619387
0.40167
0.243091
0.425051
1.2674
0.37526
0.776957
0.580327
0.489733
0.414637
0.917338
0.410392
0.565055
0.378955
0.817802
0.383418
0.899955
0.710925
0.441886
0.745885
0.80953
0.517009
0.452496
0.514604
0.129391
0.283549
0.704245
0.490474
0.349553
0.454186
0.524556
0.269248
0.978435
0.767661
0.751721
0.131059
1.05114
0.934696
0.606842
0.443679
0.795982
0.847632
0.91402
1.10605
0.264519
1.15234
0.160488
0.388436
0.660868
1.10731
0.889274
0.523254
0.301056
1.0016
0.677288
0.981533
0.786228
0.628879
0.720638
0.710142
0.170288
0.527977
0.4929
0.390148
0.426883
0.511486
0.279436
0.30008
0.291014
0.764724
0.373767
0.837775
0.464156
0.556414
0.977324
0.398519
0.512332
0.447084
0.462649
0.32205
0.596688
0.651966
0.727792
0.494076
0.266157
0.537552
0.986253
0.559218
1.02104
0.671577
0.392509
0.245105
0.763793
0.285372
0.237174
0.59018
0.774464
0.814895
0.734972
0.360223
0.33174
0.81677
0.404976
0.511189
1.2839
0.988377
0.658068
0.582046
0.188943
0.277383
0.621058
0.647309
0.580869
0.19353
0.626154
0.850745
0.436093
0.73687
0.839598
0.394145
0.821793
0.531721
0.432901
0.693915
0.678462
0.53746
0.747998
0.530432
0.53936
0.456719
0.834474
0.587074
0.509391
0.196878
0.872383
0.531995
0.567115
0.460717
0.197376
0.85604
0.465902
0.438609
0.15548
0.502284
0.710741
0.754261
0.587847
0.99431
1.44764
0.631733
0.388879
0.461059
0.691511
0.48562
0.893271
0.51343
0.457233
0.439795
0.434392
0.562234
0.686797
0.960268
0.397972
0.734149
0.52783
0.619926
0.589514
0.326309
0.728189
0.6197
0.595416
0.667376
0.797512
0.243
0.976144
0.373076
0.176635
0.415097
0.39472
0.328911
0.461218
0.654643
0.87944
1.0688
0.664433
0.34416
0.92394
0.694197
0.570056
0.448688
0.634308
0.326218
0.0842543
0.661675
0.79595
0.33983
0.206404
0.451395
0.398149
0.35858
0.561747
0.83108
0.729215
0.547293
0.307261
0.596296
0.645209
0.332685
0.531388
0.68759
0.667432
0.991686
1.21347
0.650783
0.400997
0.475766
0.328143
0.599031
0.643056
0.708615
0.517253
0.602647
0.608858
0.737908
0.325086
1.12509
0.833303
1.05752
0.20793
0.445853
0.507425
0.673593
0.598382
1.36812
0.505363
0.508505
0.326434
1.00908
0.73707
0.992592
0.257831
0.690815
0.693818
0.490908
0.718333
1.11611
0.541111
0.560492
0.42724
0.4003
0.573281
0.817499
0.566235
0.826176
0.734879
1.00937
0.612132
0.865609
0.830306
0.863208
0.943835
0.532908
1.17682
0.627129
0.844648
0.767569
0.737258
0.94087
0.521562
0.583179
0.356809
0.518098
0.929755
0.894091
0.729972
0.542112
0.386357
0.778746
0.464114
0.338039
0.409188
0.500898
0.540322
0.906448
0.1937
0.347035
0.631306
0.532377
0.757647
0.152827
0.661724
0.558439
0.336906
0.762701
0.836603
0.903883
0.604814
0.742466
0.589409
0.374196
0.275298
0.80109
0.961606
0.197308
0.490746
1.03572
0.445735
0.511225
0.938155
0.355859
0.245447
0.804141
0.520555
0.623203
0.44515
0.836186
0.285494
0.477813
0.664973
0.532839
0.487721
0.632405
0.566017
0.734869
0.551744
0.777071
0.702177
0.771495
0.66259
0.792719
0.221455
0.547475
0.414025
0.631903
0.931609
0.634071
0.444464
0.695646
0.402939
0.389342
0.492401
0.317863
0.646045
0.925907
0.875232
0.952443
0.253636
0.425193
0.441966
0.486941
0.697491
0.883548
0.59149
1.17752
0.699211
0.631881
0.769534
0.464074
0.476923
0.746957
0.388267
1.09004
0.864728
0.853991
0.237126
0.530177
0.585315
0.390199
0.370269
0.781827
0.722267
0.325157
0.563555
0.737939
1.15136
0.419949
1.2904
0.800631
0.718933
0.901242
0.575444
0.509555
0.434405
0.365072
0.473148
0.302021
0.418546
0.671039
0.498467
0.136365
0.349307
1.27267
0.471909
0.306574
0.341234
0.904554
0.45971
0.782174
1.06821
0.783705
0.273184
0.748618
0.182163
0.515178
0.690505
0.394955
1.14833
0.76565
0.781411
0.224713
0.820302
0.66668
0.927248
0.540198
0.700172
0.657319
0.513763
1.03757
0.705105
0.485798
0.636397
0.956889
0.471743
0.610375
0.484096
0.438284
0.721174
0.51757
0.457936
1.06408
0.770329
0.495301
1.12367
0.192013
0.434053
0.264242
0.402718
0.426811
0.284911
0.566368
0.486597
0.607645
0.784383
0.759981
0.799279
0.347528
0.652878
0.387772
0.497335
1.37168
0.997989
0.309222
1.26179
0.755693
0.82585
0.79653
0.564023
0.45461
0.406365
0.832564
0.943837
0.327022
0.233257
0.641564
1.4453
0.9854
0.853773
0.957273
0.452138
0.720255
0.661599
0.450642
0.208456
0.805348
0.856718
0.612977
0.851241
0.526095
0.582934
0.536703
0.734004
0.522126
1.26333
0.12196
0.731961
0.752767
0.460097
0.628713
0.684387
0.965358
0.554752
0.668885
0.474189
0.316306
0.680099
0.803342
0.427369
0.432664
0.653857
0.266288
0.896013
0.835096
0.598691
0.912053
0.4817
0.883175
0.665727
0.363218
0.36461
0.810008
0.586124
0.746716
0.906844
0.305461
0.56028
0.450277
0.531409
0.787476
0.365045
0.714063
0.661988
0.831045
0.576679
0.715638
0.971389
0.931489
0.71192
0.741903
1.13258
0.701703
0.296453
1.1785
0.797601
0.460479
0.697697
0.537135
0.408304
0.3392
0.507261
0.87611
1.03228
1.00074
0.646037
0.300697
0.508845
1.00049
0.729458
0.875851
0.626408
0.325772
0.61756
0.354874
0.505731
0.610819
0.965652
0.311504
0.544481
0.288906
0.861832
0.379203
0.788439
0.470573
1.15528
0.674435
0.625255
0.493937
0.566234
0.418631
0.576959
0.611077
0.472029
0.637115
0.543556
0.944256
0.566043
0.593225
0.735244
0.582273
0.773057
0.714429
0.583051
0.443349
0.275139
0.561445
0.722736
0.286848
0.25218
0.714406
0.591507
0.394959
0.693264
0.265069
0.629562
0.445273
0.176232
0.0780228
0.410231
0.265237
0.507921
0.572507
0.779988
0.353174
0.701013
0.214152
0.661886
0.396611
0.925933
0.225012
0.839406
0.765832
0.384032
0.434017
0.592943
0.642731
0.282533
0.764933
0.678635
0.869204
0.319024
0.75034
0.772138
0.687035
0.218904
0.376262
0.572978
0.602966
1.06027
0.377377
0.816836
0.361927
0.717859
0.210722
0.34426
0.357487
0.718978
0.249172
0.668755
0.671554
0.429101
0.463476
0.845545
0.66844
0.487997
0.720231
0.500416
1.06765
0.803788
0.418636
0.955397
0.722674
0.80431
1.15999
0.38009
1.03498
0.464796
0.527265
0.520028
0.728807
0.749685
0.291466
0.633188
0.592561
0.580229
0.468434
0.490437
0.388402
0.274823
0.858103
0.691539
0.384918
1.22377
0.749615
0.688291
0.85976
0.857899
0.236607
0.397169
0.352311
0.25099
0.808439
0.976466
0.383412
0.546791
0.348017
0.492376
0.575484
0.674918
0.92098
0.337843
0.938185
0.156289
0.92776
0.665758
0.58684
0.62881
0.480848
0.564841
0.867218
0.397209
0.350469
0.501949
0.902352
0.613998
0.694724
1.08203
0.437477
0.500019
0.864666
0.576269
0.359217
0.416938
0.306496
0.589491
0.943363
0.794313
0.435955
0.716445
0.52561
0.330674
0.578924
0.413919
0.739404
0.705337
0.645498
0.597176
0.845805
0.662595
0.342936
0.238536
0.569971
0.0344478
0.672674
0.334931
0.853954
0.526182
0.724282
0.890378
0.338598
0.387125
0.340297
1.41062
0.706907
0.539666
0.620607
0.331477
0.214312
0.925886
0.923944
0.822873
0.547863
0.680592
0.860638
0.449328
0.398502
0.746953
0.101566
0.470134
0.645069
0.789619
0.555062
0.920975
0.710047
0.783001
1.15125
0.691219
0.905838
0.523806
0.176091
0.361677
1.01097
0.450804
0.334487
0.785534
0.332215
0.57525
0.480967
0.557317
0.296399
0.929941
0.925272
0.747743
0.559184
0.216572
0.772238
0.409167
0.679291
0.748018
0.520954
0.61399
0.815192
0.734163
0.367733
0.539394
0.513482
0.562896
0.796762
0.573941
0.896147
0.650997
0.276208
0.884159
0.559767
1.1663
0.295586
1.01437
0.636373
0.885219
0.851963
0.330537
0.724835
0.204462
0.974672
0.515885
0.20358
1.03689
0.572374
0.626864
0.248533
0.406024
0.622723
0.760238
0.692878
0.81884
0.878302
0.462668
0.500802
0.358262
0.779555
0.579148
0.63054
0.3556
0.321198
0.478543
0.653726
0.647623
0.300583
0.424026
0.768675
0.838882
0.753026
0.681641
1.18227
0.0967303
0.778252
0.793145
0.669055
0.488455
0.766826
0.919295
1.04475
0.829383
0.15813
0.868071
0.884769
0.620984
0.808655
0.909649
0.889254
0.545046
0.457204
0.503859
0.97655
0.598909
0.811909
0.701668
0.906588
0.999659
0.73878
0.62247
0.564741
0.619555
0.350014
0.714004
0.986199
1.23653
0.928938
1.02709
0.532446
1.26796
0.346317
1.01124
0.415065
0.594101
0.67442
0.713311
0.558523
0.538358
0.497453
0.630762
0.522466
0.628142
0.505003
1.08293
0.457052
0.583183
0.483984
1.24831
0.525009
0.452383
0.328919
0.840916
0.77893
0.769669
0.600767
0.675026
0.732769
0.431956
0.252356
0.286262
0.544782
0.647755
0.434081
0.428572
0.808145
0.859807
0.384832
0.736447
0.598979
0.672272
0.540488
0.28324
0.829942
0.316416
0.52605
0.453694
0.592379
0.443951
0.559446
0.424058
0.473722
0.887779
0.723898
0.706088
0.674954
0.906285
0.929879
0.499193
0.507676
0.143467
0.349041
0.443489
0.914241
0.467574
0.328222
0.63045
1.00283
0.479885
0.467562
0.582017
0.540361
0.64368
0.703158
0.644525
0.74487
0.38916
0.640571
0.785059
0.588503
1.41637
0.60703
0.557882
0.616886
0.603566
0.409847
1.15829
0.666623
0.460037
0.744031
0.670768
0.766556
0.386827
0.845449
0.487171
0.479305
0.487999
0.780083
0.427102
0.434203
1.0298
1.14704
0.575967
0.557801
0.171742
0.624443
0.323333
0.622508
0.476469
0.686467
0.384953
0.59192
0.511588
1.00606
0.827162
0.394659
0.85117
0.345703
0.350287
0.594088
0.62778
0.451271
0.982508
0.830641
0.471634
0.476018
0.736028
0.215226
0.447538
0.286049
0.724179
0.492681
0.358011
0.41879
0.914163
0.375947
0.614099
0.840179
0.633337
1.06965
0.730715
0.634543
0.939058
0.39943
0.66836
0.816825
0.201947
0.82803
0.577246
1.05654
0.637555
1.30342
0.561872
1.35041
0.265998
1.05225
0.219913
0.965687
1.08833
0.570195
1.24138
0.505163
0.395297
0.575109
0.388767
0.906122
0.509358
0.802703
0.0887125
0.172455
0.530399
0.653579
0.303992
0.539449
0.953223
0.622061
0.610288
0.409088
0.694389
0.678289
0.216092
0.348266
0.529537
1.046
1.06233
0.822292
0.281252
1.06078
0.240699
0.937401
0.859367
0.850298
0.271626
0.426405
0.458833
0.663394
0.372865
0.418232
0.654126
0.66653
0.734294
0.446112
0.793555
0.961303
0.695313
0.803302
0.781808
0.909083
0.521099
1.21595
0.0914642
0.320093
0.350642
0.285432
0.555353
0.19224
0.453423
0.598101
0.602722
0.429925
0.709502
0.213884
0.371306
0.935941
0.491779
0.937966
0.632102
0.802807
0.397214
0.501959
0.61033
0.722215
0.52627
0.783187
0.551011
0.599567
0.76436
0.813736
0.800299
0.846088
0.55266
0.849843
0.626956
0.830274
0.554022
0.638803
0.452455
0.400669
0.135508
0.437648
0.361579
0.70127
0.797047
0.553232
0.245859
0.511934
0.503426
0.414372
0.366352
0.524461
0.330089
0.350409
0.301067
0.910731
0.544467
0.415066
0.620226
0.339909
0.693557
0.4009
0.341592
0.549108
0.461597
0.664529
0.739671
0.786304
1.08251
0.460497
1.00181
0.510276
0.164318
1.10084
0.401966
0.492583
0.374991
0.549673
0.507712
0.437752
0.619379
0.180733
0.217918
0.924025
0.444129
0.635296
0.337663
0.810252
0.536409
0.718487
0.508985
0.643673
0.750001
1.18491
0.279222
0.531493
0.680167
0.489706
0.627303
0.574536
0.480514
0.457592
0.688659
1.14649
0.400268
0.39757
0.56568
0.742744
0.652653
0.830599
0.710346
0.511346
0.423788
0.644271
0.806798
0.382253
0.604579
0.379995
0.554115
0.537802
0.474262
0.686924
0.482906
0.318203
0.716532
1.36177
0.784279
0.61537
0.487691
0.980354
0.723987
0.30869
0.631771
0.616343
0.871356
0.338215
0.974677
0.605554
0.19025
0.179511
0.92582
0.421062
0.90063
1.06809
0.177532
0.80474
0.271584
0.86179
0.766991
0.561009
0.662047
0.532383
0.273447
0.996553
0.867186
0.439433
0.618134
0.59489
0.795816
0.505279
0.383683
0.203839
0.564446
1.16485
0.332758
0.460957
0.40015
0.570018
0.927452
0.492983
0.373955
0.368431
0.324309
1.03676
0.480779
0.947905
0.811424
0.565845
0.559804
0.468874
0.892616
0.549861
0.252938
1.20616
0.861901
0.444091
0.301892
0.837735
0.744588
1.26712
0.581601
0.369752
0.779115
0.42976
0.790175
0.546458
0.806015
0.773159
0.713585
0.563125
0.59582
0.902303
0.707472
0.679191
0.586634
0.107055
0.591967
0.416473
0.429848
0.871206
0.319828
1.24168
0.780225
0.174436
0.278871
0.961055
1.00842
0.925372
0.550932
0.530827
0.490824
0.594492
1.15544
0.275923
0.305332
0.841592
0.786061
0.660291
0.913653
0.83181
0.41846
0.12889
0.799161
1.13308
0.372373
0.906864
1.36311
1.37388
0.189443
0.488805
0.378422
0.692847
1.27935
0.80763
0.518033
0.467696
0.719601
0.757196
0.714173
0.443684
0.470924
0.739239
0.64683
0.567294
0.468609
0.856587
0.349119
0.526233
0.539524
0.432045
0.834904
0.818579
0.203513
1.11839
0.720111
1.03383
0.995375
0.69666
0.794391
0.442149
0.954381
0.740999
0.460652
0.187695
0.637293
0.468572
0.632998
0.924164
0.386257
0.725453
0.528738
0.843179
0.6437
0.186939
0.495091
0.444583
0.724302
0.374448
0.317814
1.29403
0.4915
0.700091
0.888758
0.43094
0.504667
0.39338
0.447183
1.181
0.806412
0.504295
0.22465
0.46413
1.01385
1.0286
0.586389
0.220126
0.547257
0.624531
0.202456
0.444967
0.25106
0.459039
0.817211
1.07186
0.687171
0.546306
0.612454
0.548024
0.268905
0.377042
0.730491
0.574918
0.369765
0.412588
0.333445
0.425169
0.394457
0.815493
0.739519
0.283087
0.828049
0.547485
0.814827
1.11632
0.409532
0.719033
0.285719
0.935696
0.794922
0.369115
0.96677
0.479258
0.484774
0.88654
0.639883
1.13578
0.563638
1.19339
0.580541
0.60856
0.905744
0.565512
0.195178
0.808118
0.250455
0.650386
0.485592
0.766681
0.387753
1.0021
0.60233
0.529876
0.319065
0.368643
0.563754
0.601905
0.329422
0.832161
0.48852
0.825575
0.45492
0.268971
1.08786
0.562951
0.546103
0.657988
0.509354
0.280022
0.403797
0.31259
0.666444
0.563203
0.873495
0.734152
1.1489
0.611266
0.503161
0.362745
0.976889
1.17788
0.535481
0.644202
0.706862
0.68425
0.578574
0.549411
0.589124
1.05547
0.856185
0.382786
0.700898
0.343857
0.328602
0.698354
1.11712
0.626129
0.271049
0.208356
0.668432
1.10504
0.919055
0.271561
0.302712
0.2162
0.997638
0.447151
0.902462
0.262699
0.55054
0.392226
0.290834
0.267436
0.379186
0.873056
0.80314
0.340069
0.641281
0.808353
0.444203
0.516042
0.418672
0.489221
0.304729
0.99947
0.465254
0.633947
0.895808
0.0594988
0.265847
0.57603
0.533796
0.527688
0.788727
0.347774
0.63086
0.314237
0.994703
0.620419
0.596238
0.430562
0.499689
0.904243
0.457268
0.193277
0.545303
0.179537
0.989241
0.48993
0.591671
0.650639
0.611198
0.221741
0.297607
0.608743
0.448082
1.12806
0.885038
0.977176
0.858778
0.373681
0.270453
0.822388
0.853174
0.475485
0.793132
0.841973
0.495329
0.475606
0.508037
0.324441
0.657111
0.416592
0.661557
0.337474
0.556202
0.23157
0.437698
0.667827
0.351963
0.646728
0.646581
0.362843
0.875405
0.516038
0.481143
0.391395
0.677731
0.355995
0.712817
0.559121
0.929574
0.469072
0.500527
0.834096
0.626503
0.595637
1.28254
0.319524
0.51309
0.631895
0.33839
0.377633
0.537128
0.362507
0.78783
0.48032
0.564921
1.06033
0.535471
0.42249
0.587254
0.346931
1.0019
0.365352
0.87477
1.06765
0.171626
0.51102
0.516186
0.551254
0.533148
0.809367
1.08317
0.460894
0.645595
0.505127
0.554828
0.503229
0.404725
0.565039
0.488739
0.814938
0.454044
0.579581
1.07565
0.414706
0.425201
0.275481
0.301626
0.418184
0.718851
0.593269
0.270035
0.476278
0.313406
1.24607
0.922475
0.352594
0.588903
0.748792
0.489446
0.811269
0.751683
1.03687
0.561576
0.325607
0.175841
0.243207
1.00032
0.738858
0.874744
0.492744
0.396723
0.213154
0.855688
0.701163
0.262722
0.403515
0.887678
0.568757
0.401861
0.825606
0.916832
0.527638
0.627728
0.177492
0.682301
1.16491
0.544776
0.682419
0.389168
0.567587
0.540988
1.00672
0.512908
0.260225
1.0592
1.26764
0.851919
0.423145
0.333373
0.716445
0.890834
0.690599
0.587449
0.679912
0.804143
0.479463
0.861746
0.825234
0.851304
0.492672
0.379524
0.47796
0.271145
1.13557
0.16844
0.437582
0.418773
0.519107
0.888218
0.243851
0.889386
0.4956
0.473868
0.547555
0.796592
0.672463
0.421253
0.884478
0.918479
0.680728
0.30218
0.461271
0.396036
0.462458
0.576651
0.1337
1.05625
0.42636
0.457394
0.475377
0.774828
0.484554
1.053
0.161392
0.780728
0.52332
0.614887
0.853353
0.381741
0.985199
1.06343
0.278005
0.477379
0.733538
0.320244
0.317845
0.676401
1.11689
0.491682
0.483702
0.829407
0.453438
0.636112
0.496095
0.65473
0.7038
0.431681
0.557637
0.668417
0.308039
0.813991
0.950654
0.724762
0.872364
0.769643
0.242875
1.06759
0.571149
0.456544
0.234098
0.462793
0.901014
0.172623
0.490815
0.401812
0.510754
0.509842
0.627401
0.774387
0.805807
0.282324
0.928327
0.490166
0.68496
0.500583
0.55641
0.818066
0.489353
1.2157
0.148717
0.870731
0.794013
0.300102
0.648092
0.340702
0.323548
0.485786
0.792372
0.68415
0.458694
0.677052
0.670691
0.407027
0.56314
0.432129
0.376722
0.267461
0.80132
0.987441
0.947644
0.23401
0.698284
0.479853
0.567133
0.664702
0.580124
0.124591
0.639673
0.873931
0.530596
0.722121
0.463207
0.476335
1.10352
0.335134
0.319528
0.451032
0.237549
0.576142
0.525418
0.853436
0.240628
0.62213
0.742457
1.3141
0.538934
0.80666
0.665757
0.664751
0.641803
0.975983
0.661461
0.503424
0.877991
0.328164
0.763435
0.588142
0.444575
0.679388
0.56262
0.472481
0.467811
0.3349
0.825087
0.973759
0.753368
0.681293
0.288217
0.292083
0.790368
0.560743
0.284189
1.11384
0.842893
0.791031
0.51532
0.609202
1.12768
0.243077
0.633482
0.209662
0.552355
0.745258
0.328461
0.447316
0.837948
0.47707
0.460794
0.909281
0.456577
0.608745
0.446567
1.0892
1.15218
0.679609
0.645663
0.929385
0.973185
0.402529
0.309016
0.34085
1.22842
0.888449
0.620205
0.800269
0.680613
0.775001
0.336567
0.764187
0.854414
0.238966
0.377353
0.313924
0.882231
0.524792
0.696693
0.906326
1.04676
0.859107
0.538953
0.219653
0.359179
0.48972
0.195947
0.508055
0.674761
0.6614
0.414336
0.30794
0.655295
0.339399
0.443239
0.613766
0.0790228
1.05845
1.06257
0.472673
0.422093
0.393853
0.681185
0.913563
0.771432
0.324139
0.11591
0.60884
0.400153
0.547496
0.177623
0.908565
0.409832
0.747162
0.686162
0.520935
0.357764
0.66867
0.477626
0.532232
0.110407
0.769336
0.579224
1.17626
0.606808
0.344985
0.525851
0.217062
0.705582
0.507523
0.325461
0.751199
0.452854
0.57042
0.315166
0.270607
0.810006
0.454693
0.814628
0.8264
0.382188
0.677167
0.632075
0.486837
0.655182
0.356132
0.430276
1.0368
0.23037
0.612048
0.119429
0.545059
0.161376
0.337186
0.510032
0.561709
0.335842
0.559479
0.50285
0.728984
0.626235
0.581764
0.553134
0.289371
0.99813
0.600828
0.489466
0.510756
0.704584
0.429091
0.692648
0.68748
0.423045
0.150988
0.252407
0.770924
0.968019
0.852107
1.10699
0.897687
1.20926
0.597053
0.750335
0.842606
0.748746
0.841268
0.32487
0.619399
0.479503
0.405229
0.345674
0.713602
0.606996
0.395543
0.60977
0.603831
0.328612
0.532114
0.708992
0.710951
0.444372
0.762684
0.818546
0.774527
0.245865
0.876413
0.437759
0.326133
0.679374
0.251561
0.400218
0.448425
0.267886
0.834082
0.477163
1.2385
0.394652
0.273904
0.524486
0.971147
0.360596
0.299892
0.307776
0.54758
0.449094
0.481123
0.183329
0.441537
0.691175
0.587386
0.485463
1.13824
0.464159
0.937801
0.389932
0.323175
0.380742
0.343384
0.56339
0.678497
0.848299
0.995029
0.600871
0.667588
0.75386
0.689972
1.07383
0.877883
0.678318
0.932009
0.605653
0.65199
0.71124
1.01149
0.384602
0.690133
0.428828
0.470498
0.872596
0.46511
0.911646
0.715945
0.685301
0.683602
0.504054
0.187147
0.404439
0.334517
0.180921
0.752692
0.646846
0.50985
1.2236
0.74264
0.452406
0.771751
0.910829
0.1195
0.650452
0.701252
0.568681
0.121368
0.891798
0.652646
0.721098
0.816115
0.446493
0.318024
0.794364
0.751806
0.699922
0.466064
0.432923
0.633132
0.906941
1.05997
0.41641
0.46602
0.460756
0.922363
0.836952
0.634008
0.211487
0.534712
0.13177
0.348158
0.408739
0.852254
0.38976
0.80554
0.37303
0.865843
0.413085
0.447672
0.806062
0.778402
0.747451
0.478764
0.691234
0.596911
1.28321
0.524985
0.669475
0.544996
0.426166
0.636406
0.893342
0.752249
0.752237
0.518206
0.603375
0.88891
0.589599
0.543745
0.860577
0.778404
0.798852
0.937956
0.926932
0.827523
0.453369
0.62543
0.827768
0.696225
0.52649
0.732606
0.886849
0.775007
0.677968
0.619785
0.305344
0.303477
0.486688
0.777776
0.447447
0.597842
0.846284
0.792653
0.294731
0.483677
0.264732
0.310632
0.373216
0.3855
0.450321
0.667356
0.199
0.526004
0.474064
1.09308
0.496965
0.341163
0.549682
0.316759
0.779218
0.239964
0.450504
0.816959
0.653096
1.02627
0.561351
0.625779
0.959073
0.580272
0.215187
0.720989
0.165189
0.626165
0.818454
0.677154
0.996369
0.605987
0.760335
0.520613
0.430031
0.505218
0.716418
0.527833
0.47893
0.727489
0.235849
0.596367
0.447826
0.556726
0.943603
0.337842
0.562951
0.631382
0.451714
0.79017
0.456136
0.837493
0.614667
0.641103
0.645936
0.29241
0.472833
0.64013
0.692758
0.607126
0.544814
0.480013
0.175833
0.490884
0.425475
0.240631
0.547153
0.605878
0.873915
0.386606
0.949214
0.539505
0.438435
0.441664
0.329362
0.365319
0.56823
0.959582
0.644034
0.818737
0.439572
0.230694
1.22342
0.871755
0.604353
0.468381
0.486967
0.643755
0.650041
1.1208
0.355193
0.965398
0.597466
0.662458
0.424859
0.364158
0.801288
0.286078
1.02218
0.547762
0.257066
0.52845
0.668939
0.687998
0.487674
0.41655
0.926338
0.58283
0.493283
1.03392
0.576386
0.678902
0.450484
0.499894
0.328999
0.329527
0.701162
0.596615
0.506427
0.470644
0.826773
0.312442
0.755583
0.686673
0.156486
0.365443
0.335251
0.0501542
0.712674
1.00337
0.263679
0.980899
0.848254
0.428681
0.34896
0.391464
1.00633
0.458615
0.87115
1.09119
0.414473
0.756823
0.457546
0.507616
0.440664
0.450548
0.693721
0.654936
0.372165
1.02689
0.387559
0.55908
0.487638
0.782331
0.862228
0.538132
0.285764
0.396291
0.543216
0.408928
0.138891
0.739879
0.594613
0.514967
0.47397
0.715168
1.1146
0.860236
0.8061
1.07496
0.29385
0.477737
0.327387
0.51191
0.607494
0.420563
1.18437
0.919324
0.321409
0.477739
0.404984
0.564145
0.617281
0.528539
0.878393
0.84344
0.277399
0.419391
0.959519
0.374855
0.495987
0.973703
0.627234
0.341806
0.977784
0.485973
0.850924
0.509473
0.24422
0.570447
0.962356
0.38579
0.404839
1.06205
0.626553
0.37169
0.547848
0.473208
0.357377
0.945319
0.851797
0.89492
0.350613
0.537701
0.736168
0.717969
0.757682
0.562935
0.404666
0.674733
0.789532
0.625945
0.18818
1.38179
0.577658
0.581167
0.655554
0.669244
0.524485
0.572383
0.893744
1.27196
0.533056
0.419845
0.771307
0.93108
0.56719
0.534619
0.503795
0.685517
0.661228
0.499849
0.519691
0.596705
0.671543
0.183629
0.556586
0.620281
0.799741
0.641458
0.42348
0.383723
0.480134
1.15754
0.697364
0.819759
0.642028
0.352473
0.409179
0.686858
0.798067
0.819126
0.615637
0.67154
0.534625
0.444364
0.507249
0.231075
1.06524
0.643488
0.486542
0.563862
0.743069
0.46808
0.599973
0.426021
0.828203
0.893741
1.05781
1.14732
0.622957
0.37017
0.479783
0.587551
0.673089
0.35876
0.364268
0.478964
0.321314
0.999867
0.694222
0.591
0.671876
0.153046
0.418885
0.489866
0.61227
0.87137
0.912325
0.842779
0.558139
1.00556
0.689852
0.269404
0.56161
0.462183
0.362541
0.944611
0.910097
0.341908
1.27436
1.07202
1.00038
0.857293
0.933746
0.672339
0.839332
0.95528
0.676127
1.08522
0.193519
0.151084
0.487506
0.498048
0.512353
0.993746
1.19241
0.76232
0.756566
1.49062
0.966477
0.195367
0.721581
0.63424
0.268666
1.13371
0.686909
0.502836
0.666736
0.787837
0.778856
0.421491
0.509818
0.807901
0.685777
0.639256
0.809688
1.20003
0.892955
0.283947
0.863986
0.997953
1.04934
0.503377
1.30968
0.559351
0.943524
0.71527
0.583415
0.820964
1.07674
0.482653
0.706698
0.300822
0.64965
0.561546
0.551709
0.807993
0.312926
0.814157
0.845259
0.667866
0.295842
0.581715
1.07216
0.565838
0.642695
0.419092
0.531117
0.535534
0.486758
0.537514
0.725089
0.624078
0.914509
0.442462
0.620214
0.418627
0.567404
0.890983
0.536792
0.58224
0.0705176
0.362593
0.818446
0.48148
0.331904
0.657753
0.18114
0.940628
1.15699
0.888564
1.14312
0.987521
0.933996
0.579873
0.870919
0.68965
0.572469
0.769914
0.296153
0.560207
0.601436
0.413575
1.01126
1.01215
0.614184
0.774868
0.675815
0.677769
1.26214
0.959537
0.26557
0.423342
0.708599
0.437635
0.343816
0.360649
0.549431
1.02552
0.548596
0.51013
0.859768
0.683886
0.699847
0.544555
0.303567
0.916805
0.461037
0.433663
0.939172
0.516521
0.683377
0.55007
0.448557
0.539775
0.420061
0.576151
0.56965
0.676469
0.533667
0.230111
0.846124
0.544412
0.632603
0.45067
0.295414
0.334177
0.718092
0.901262
0.292743
0.597994
0.56273
0.602466
0.736999
0.522187
0.516819
0.65517
0.923951
0.61051
0.346911
1.0527
0.447589
0.434278
0.458384
0.713214
0.48077
0.702986
0.249583
0.310084
0.607545
0.653939
0.467857
0.700691
0.217868
0.522194
0.333641
0.976595
0.865758
0.605568
0.382082
0.667497
0.554902
0.477391
0.624292
0.487342
0.225756
0.70664
0.546803
0.491821
0.229554
0.700567
0.333041
0.843146
0.490568
0.186173
0.642162
0.185694
0.618797
0.667916
1.1502
1.11069
0.710687
0.553793
0.637375
0.738694
0.123294
0.335568
0.846194
0.795829
0.507013
0.525888
0.794322
0.348817
0.945987
0.321972
0.67682
0.48211
0.493011
0.628871
0.544706
0.905839
1.05787
0.477641
0.684459
0.987443
0.471268
0.823695
0.267464
0.715068
0.463664
1.06023
0.488248
0.735597
0.825099
0.423203
0.845774
0.28468
0.845504
0.428022
0.679633
0.223667
0.419639
0.566144
0.436939
0.894675
0.244978
0.428644
0.580981
1.10798
0.50471
0.459251
0.637695
0.891292
1.17001
0.621672
0.192609
0.599737
0.995531
0.479573
0.872682
0.624724
0.544849
0.515654
0.782192
0.893372
0.805088
0.37964
0.921379
0.251102
0.152052
0.329555
0.381999
0.37484
0.789767
1.22944
0.24134
0.634545
1.01165
0.481281
0.744162
0.611493
1.06447
0.680522
0.63422
1.16544
0.866093
0.643664
0.457222
0.644149
0.502723
0.363234
0.369256
1.05178
0.399674
0.618816
0.316849
1.12815
0.676995
0.669372
0.651144
0.48486
0.805902
0.76916
0.35853
0.531885
0.451575
0.460759
0.426415
0.91934
0.731292
0.528297
0.123893
1.10623
0.318492
0.363442
0.458663
0.36475
1.07414
1.00398
1.01449
0.444198
0.197057
0.295458
0.69663
0.592527
0.27341
0.285591
0.904835
0.749154
0.424479
0.231507
0.547626
0.486182
0.530824
0.415327
0.810007
0.470181
1.03561
0.38523
0.6463
0.193087
0.554798
0.803918
0.507253
0.575688
0.90504
0.899692
0.709694
0.177056
0.804882
0.448349
0.267319
0.730631
0.743769
1.48013
0.640771
0.708598
0.560865
0.60331
0.92862
0.739215
0.272849
0.219371
0.740246
0.693659
0.383756
0.443649
0.50364
0.43517
0.488182
1.25406
0.910344
0.455851
0.533412
0.539566
0.536386
0.451843
0.61124
0.384324
0.203719
0.572274
0.406004
0.750262
0.91475
1.00413
0.669461
0.461191
0.380471
0.699704
0.496199
