1.23012
1.02345
0.585166
0.777742
0.400729
0.5219
0.806037
0.649234
0.672599
0.78765
0.278985
1.07118
0.479736
0.463407
0.738508
0.469027
0.423137
0.53705
0.907806
0.581694
0.510828
0.778126
0.969879
0.653654
0.816877
0.23443
1.09763
0.207082
0.571318
0.549793
1.07645
0.800367
0.52575
1.28896
0.406263
0.555386
0.323388
0.577509
0.5919
0.420719
0.378065
0.79658
0.471426
0.406188
0.995495
0.515453
0.481217
0.245885
1.07832
0.791218
0.986545
0.349035
0.931763
0.567017
1.23104
0.501379
0.560617
0.359429
0.744817
0.889762
0.398789
0.509105
0.652914
0.8233
0.65624
0.725761
0.219836
0.559909
0.835069
1.03781
0.641668
0.67299
0.89227
0.951272
0.915935
1.10078
0.835968
0.668071
0.455145
0.858267
0.512062
0.621844
0.624823
0.866392
0.674286
0.435468
0.522981
0.497589
0.563821
0.824232
0.215294
0.418855
0.707408
0.592359
0.383501
0.772276
0.42461
0.441045
0.6668
0.397803
0.837921
0.654231
0.518115
0.60427
0.866367
1.03675
0.603072
0.681228
0.705042
0.557131
0.322507
0.548089
0.455991
0.534347
0.556553
0.464037
0.362036
0.374948
1.03876
0.736562
0.458122
0.803823
1.09159
0.397427
0.976633
0.650599
0.79102
0.30231
0.552275
0.392058
0.780476
0.240237
0.846527
0.618606
0.355993
0.392784
0.536929
0.686542
0.905569
0.352226
0.625417
0.768624
1.04662
0.586995
0.775371
0.200979
0.411417
0.485634
0.614681
0.131937
0.831948
0.966858
0.662654
0.325205
0.633094
0.462802
0.490813
0.27834
0.434719
0.475805
0.175885
0.252781
0.314251
0.57908
0.198052
0.433246
0.276842
0.205565
0.475852
0.41998
0.929083
0.696074
0.515936
0.224889
0.496908
1.04399
0.52127
0.808459
0.783809
0.62114
0.378562
0.827716
0.270228
0.750137
0.494007
0.683349
0.405208
0.93456
0.275778
0.307601
0.667291
0.680312
0.148595
0.95091
0.756921
0.79935
0.814075
1.27985
0.496045
0.233582
0.706136
0.662999
1.00686
0.899885
0.600081
0.772483
0.78983
0.23674
0.594053
0.506954
0.357647
0.41924
1.15618
0.176042
0.40204
1.02398
0.378577
0.605807
0.818273
0.970475
0.420258
0.350658
0.641977
1.14894
0.969213
1.10006
0.319121
0.358392
0.618828
0.237341
1.03158
0.476445
0.548039
0.343346
1.11051
0.779176
0.192309
0.427051
0.315847
0.255889
0.32151
0.190646
0.318663
0.3641
1.0617
0.357466
0.530722
0.515123
0.339837
0.510745
0.452727
0.484596
0.486494
0.560219
1.06083
0.621768
0.512336
0.707986
0.879939
0.37097
0.648889
0.512991
0.911425
0.459274
0.386325
0.549202
0.725513
0.428025
0.496886
0.636332
0.499907
0.354088
0.568133
1.13199
1.08467
0.423872
1.21177
0.891521
0.352013
0.377496
0.875422
0.558064
0.695663
0.838232
0.635995
0.838325
0.732598
0.346547
0.633667
0.610346
0.20009
0.483763
0.515081
0.486958
0.746993
0.534807
0.762363
0.557414
0.385601
1.11995
0.220614
0.193277
0.279765
0.520799
0.92168
0.342787
0.553072
0.700333
0.632962
0.994106
1.16243
0.352805
0.439737
0.405742
0.683205
0.35564
0.207739
0.517357
0.830391
0.714372
0.429496
0.990131
0.516481
0.436738
1.27021
0.638365
0.513631
1.0444
0.171653
0.882452
0.198121
0.520333
0.633923
0.52877
0.37973
0.979298
0.756237
1.21525
0.322685
0.48808
0.582606
0.618173
0.832325
0.434351
0.480899
0.341948
0.985581
0.427986
0.655952
0.480648
0.553349
0.222043
0.585051
0.797463
0.516346
0.803386
0.186129
0.653136
0.343094
0.708677
0.40047
0.799758
0.629911
0.278772
0.400349
0.550927
0.770588
0.838401
0.484361
0.935715
0.496826
0.589219
0.350613
0.156274
0.383134
0.696461
0.487919
0.808015
0.29368
1.02929
0.431689
0.727009
0.343919
0.316997
0.39452
0.638912
0.722019
0.488587
0.779611
0.710517
0.960864
0.788633
0.583227
0.779099
0.727489
0.769089
0.44446
0.439493
0.39308
0.334081
0.841536
0.595036
0.777942
0.673433
0.654058
0.907919
0.317258
0.266415
1.09578
0.393355
0.464766
0.526483
0.677463
0.638088
0.516259
0.670453
0.188921
0.390401
0.365845
0.628686
0.506424
0.231087
0.415808
0.447219
0.718348
0.56504
0.373261
0.631843
0.813888
0.376493
1.04326
1.02137
0.63891
0.285695
0.463801
0.953305
0.580897
0.0733307
0.320674
0.515272
0.86002
0.547099
0.502653
0.548997
0.452342
0.559849
0.37184
0.70748
0.361015
0.507163
0.475929
0.363306
0.329838
0.80471
0.3213
0.339117
0.404661
0.940579
0.482462
0.409991
0.989342
0.327718
0.459648
0.716448
1.00326
0.749374
0.455821
0.634412
0.701467
0.487956
0.580892
0.895134
0.537956
0.352865
0.81514
0.564897
0.767733
0.65918
0.319403
0.536164
0.867234
0.511813
0.68879
0.435302
0.190854
0.798563
0.487947
0.590934
0.496915
1.02071
0.866323
1.09969
0.732105
0.555398
0.620978
0.507495
0.830171
0.583506
0.961514
0.837473
0.530487
0.16301
0.498271
0.365845
0.347056
0.288759
0.598635
0.377634
0.711498
0.608111
0.783197
0.6893
0.793498
0.848854
0.340008
0.793647
1.08641
0.381079
0.117683
0.392496
0.658471
0.489035
0.570237
0.605707
0.77794
0.635518
0.681844
0.479578
0.568042
0.338419
0.867015
1.1478
1.27451
0.51531
0.477672
0.878867
0.618652
0.557783
0.727086
0.606003
0.871264
0.440374
0.159038
0.442822
0.547679
1.15635
0.539519
1.16487
0.702471
0.321728
0.343663
0.33592
0.990863
0.502904
0.464408
0.435239
1.17766
1.24926
0.618414
0.704614
1.26588
0.368319
0.380483
0.397186
0.324472
0.23592
0.786222
0.980988
0.595936
0.95006
0.942167
0.487071
0.941989
0.598358
0.543847
0.308145
0.590671
0.581491
0.315197
0.582808
0.520275
0.269923
0.709416
0.743096
0.361313
0.917698
0.699607
0.127805
0.497885
0.768084
0.222853
0.814737
0.610787
0.320559
0.861488
0.29943
0.661358
0.436231
0.880444
0.653987
0.545089
0.375603
0.196822
0.84774
1.1274
0.305938
1.13075
0.968523
0.323098
0.875795
0.465264
0.709457
0.646181
0.252439
0.22919
0.38575
0.704375
0.78246
0.303271
0.599031
0.663253
0.870992
0.975105
0.586863
0.973083
0.864561
0.978554
0.522196
0.44593
0.225892
0.830609
0.536902
0.380173
0.379
0.703073
0.552597
0.591616
0.982691
0.339124
0.622696
0.86581
0.356814
0.541172
0.585086
0.55484
0.163099
0.710313
0.440566
0.416615
0.602642
1.04111
0.613219
0.853391
0.744545
0.523833
0.351949
0.676719
0.319561
0.428895
0.529382
0.571065
0.531663
1.16379
0.527645
0.270574
0.814144
0.296154
0.617701
0.302471
0.372397
0.301187
0.466069
1.17576
0.216184
1.026
0.476801
0.852066
0.772382
0.216743
0.456252
0.676074
0.712211
0.662673
0.404044
0.300062
0.700286
0.448424
0.653876
0.543094
0.444284
0.658677
0.598232
0.706588
0.763836
0.4488
0.381685
0.859717
0.505002
0.739487
0.675818
0.421193
0.0874209
0.79084
0.260408
0.910535
0.350353
0.744032
0.768208
0.866823
0.597825
0.544932
0.37489
0.723917
0.618153
0.534391
0.821927
0.433402
1.20866
0.722571
0.932
0.135803
0.583042
1.011
0.796724
0.779812
1.00659
0.88707
0.947535
0.421745
0.708042
0.719758
0.499059
0.736581
0.772966
0.565078
0.331819
0.695591
0.518032
0.563635
0.0664219
0.549597
0.719143
0.886154
0.154339
0.404902
0.272907
0.667832
0.716729
0.51596
0.785722
0.247636
0.70286
0.863126
0.611115
0.577599
0.371489
1.04889
0.684456
0.123552
0.424707
1.02092
0.571518
0.449333
0.974278
0.66866
0.404481
0.412109
0.84616
0.894249
0.803844
0.572042
0.825475
0.73945
0.548158
0.422312
0.477949
0.665123
0.260232
0.407863
0.591928
0.409454
0.809096
0.655497
0.57141
0.715429
0.910962
0.755438
0.826968
0.99007
0.916788
0.684935
0.584658
0.768229
0.414955
0.293482
1.08301
0.299081
0.17145
0.51543
1.03247
0.265532
0.630431
0.358492
0.22782
0.43058
1.0662
0.671793
0.385406
0.682923
0.20431
0.413884
0.58991
0.157157
0.621433
0.569941
0.313541
0.599867
0.27381
0.686218
0.385866
0.556332
0.290558
0.543444
1.01392
0.295392
0.583097
0.514144
0.725456
0.908
0.416795
0.554494
0.420205
1.046
0.356042
0.62291
0.754932
0.469786
0.580894
1.12369
0.614302
0.408415
0.591299
0.771007
0.554206
1.15564
0.771757
0.458243
0.432143
1.04361
0.0736963
0.625887
0.640756
0.924043
0.699608
0.41499
0.238911
0.260225
0.825534
0.460076
1.02286
0.671525
0.421895
0.547922
0.561216
0.542612
0.418064
0.673142
0.162597
0.842807
0.569385
0.24902
1.06745
0.385681
0.865276
0.898074
0.859296
0.401963
1.23238
0.866549
0.279557
0.269027
0.627686
0.321228
0.648304
0.705781
0.52471
0.777432
0.776803
0.433367
0.718094
0.812684
0.817399
0.305839
0.90955
0.0300268
0.309471
0.750521
0.580307
0.571749
0.828303
0.492509
0.799504
0.924268
0.556293
0.504673
0.812277
0.931971
0.656066
0.797278
0.557861
0.735858
0.362585
0.850769
0.215011
0.757482
0.816484
0.958697
0.320098
1.14662
0.791629
0.200495
0.842646
0.362867
1.20885
1.26075
0.602295
0.434511
0.454713
0.914552
0.421446
0.201764
0.76979
0.450831
0.371774
0.818415
0.782515
0.304754
0.839863
0.594775
0.566704
0.601968
0.277052
0.712277
0.859755
0.443696
1.14335
0.525042
0.350961
0.343141
1.05337
0.495114
0.520617
1.09734
0.549052
0.320863
0.966329
0.551865
0.98037
0.256311
0.927159
0.451109
0.372025
0.32636
0.348049
0.453514
0.733959
0.717506
0.610801
0.581102
0.351952
0.452354
0.255323
0.236789
0.580788
0.275463
0.726819
0.35753
0.539853
0.225358
0.504082
0.177144
0.774045
1.1293
0.268545
0.684032
0.324458
0.170814
0.628296
0.283938
0.698853
0.502638
0.718981
0.279259
0.604309
0.493451
0.536968
0.223064
0.536645
0.769788
0.773676
0.799589
0.750884
0.717694
0.768579
0.646917
0.134681
1.01381
0.787895
1.25114
0.356831
0.476959
0.177874
0.352186
0.977353
0.310043
0.626298
0.599982
0.608629
0.788238
0.656705
0.489828
0.800373
0.512408
0.628701
0.524257
0.921795
0.974191
0.98748
0.517753
1.05481
0.926557
1.103
0.71445
1.10269
0.0977493
0.349964
0.780465
0.394809
0.925535
0.839499
0.307201
0.849008
0.693946
0.6398
0.536397
0.684104
1.08361
1.34632
0.449899
1.09303
0.518247
0.874699
1.07637
0.595499
0.902416
0.592829
0.51586
1.26851
0.243708
0.702648
0.479862
0.530336
0.437423
0.637605
0.624903
0.359148
1.09872
0.473667
0.666805
0.356956
0.557197
0.475655
0.388427
0.443163
0.822713
0.916776
0.323443
0.378971
0.329877
0.927954
1.04467
0.72402
0.174076
0.56518
0.692617
0.433362
0.249023
0.544287
0.49029
0.699664
0.983895
0.728395
0.504127
0.35588
0.584205
0.271343
0.217713
0.229462
0.557582
0.592559
0.262504
0.365746
0.925119
0.664565
0.276846
0.173059
0.837584
0.992418
0.503907
0.774649
0.27067
0.789833
0.604536
0.738781
0.7766
1.32343
0.690866
0.275444
0.886582
0.534345
0.440114
0.584713
0.24279
0.472556
0.793647
0.340912
0.966862
0.56563
0.675371
0.1887
0.193637
0.47693
0.522872
0.563323
0.569797
0.886163
0.278603
0.434855
0.589116
0.851983
0.23726
1.09313
0.701254
0.911187
1.42512
0.620435
0.578318
0.259335
0.558281
0.502135
1.0859
0.280789
0.450802
1.09898
0.859045
0.794877
0.0878086
0.47967
0.4912
0.959894
0.872988
0.5959
0.393406
0.214957
0.726769
0.509206
0.727434
0.574777
0.620661
0.524795
0.443275
0.813452
0.836659
0.498461
0.626665
0.354147
0.286901
0.583639
0.600561
0.484826
0.412652
0.477906
0.696534
0.729988
0.475104
0.372161
0.939822
0.923604
0.786869
0.790143
0.917597
0.525117
0.383957
0.57146
0.0810223
0.588237
0.909131
0.232243
0.171961
0.419471
0.904696
1.04184
0.810095
0.342768
0.893145
0.953841
0.566507
0.425139
0.509267
0.866649
0.354691
0.3418
0.177419
0.615597
1.02644
0.645058
0.347397
0.693523
0.648097
0.940818
0.967008
0.845133
0.274555
0.510181
0.754163
0.786405
0.665183
0.453718
0.941641
0.341678
0.618897
0.684102
1.1566
1.03787
0.963959
0.941825
0.453563
0.661314
0.911077
0.550031
0.447235
0.969759
0.853519
0.910832
0.575886
0.404508
0.502516
1.01133
0.410228
0.406629
0.226382
0.319141
0.561719
0.950121
0.102433
0.827991
0.404061
1.05617
0.454262
0.796132
0.537793
0.7432
0.818199
0.535023
0.507135
0.518082
0.655615
0.99065
0.180914
0.745833
1.02842
0.678605
0.514173
0.604228
0.294903
0.748926
0.518091
0.485143
0.934961
0.35563
0.304716
0.399731
0.383129
0.313215
0.618736
0.71
0.881192
0.863686
0.396605
0.575038
0.457491
0.531984
0.707167
0.637456
0.485452
0.431413
0.527651
0.605024
0.615302
0.0829814
0.264893
0.256253
0.386841
0.392088
0.316756
0.306796
0.450831
0.96838
0.270509
0.471137
0.169728
0.877518
0.598962
0.329736
0.511493
0.602089
0.737712
0.68317
0.814927
0.336383
0.543393
0.357966
0.652651
0.537898
1.24099
0.58239
0.465845
0.737301
0.387175
0.622253
0.537435
0.389897
0.698172
0.600686
0.276538
0.640607
0.461396
0.42625
0.450918
0.764181
0.664936
0.390937
0.505804
0.47039
0.624378
1.09835
0.453922
0.610974
0.833994
0.611951
0.475321
0.657417
0.51388
0.695846
0.772918
0.564598
0.430907
0.495047
0.460011
0.268815
0.341521
0.280124
0.376589
0.567429
0.400909
0.500843
0.125028
0.299071
0.219381
0.603424
0.430834
1.02462
0.835864
0.303726
0.3165
0.894621
0.361798
0.247018
0.530723
0.560568
0.749649
1.00453
0.476121
0.385958
0.393767
0.694697
0.837017
0.742883
0.311793
0.269038
0.431963
0.728859
0.500263
0.572964
0.325658
0.597968
0.399827
0.622609
0.313275
0.619515
0.61042
0.415606
0.575425
0.768337
1.08431
0.806866
0.606474
0.557138
0.498771
0.52509
0.307218
0.312744
0.275726
0.789894
0.543589
0.746597
1.08187
0.742921
0.974021
0.574768
0.462518
0.551125
0.355495
0.979401
0.588339
0.40873
0.581335
0.27314
0.621739
0.603668
0.747179
0.638959
0.420429
0.35833
0.357778
0.826347
1.14251
0.27944
0.821583
0.358905
0.428002
0.694057
0.231855
0.820379
0.393427
0.868529
0.711897
0.979137
0.767977
0.546158
0.497543
0.384654
0.585218
0.669339
0.51213
1.01576
0.469741
0.899438
0.975586
0.684752
0.980471
0.562008
0.98014
0.409862
0.409553
0.823184
0.240431
0.520502
0.780546
0.810895
0.650984
0.839471
0.425602
0.601279
0.165954
0.561297
0.625835
0.941831
0.739901
0.873384
0.61735
0.328249
0.519815
0.133954
0.629914
0.732439
0.705714
0.605071
0.230753
0.438705
0.802591
0.757307
0.76084
0.698008
0.683914
0.28337
0.416293
0.435661
0.358249
0.335147
1.09471
0.611419
0.373211
0.690932
0.414416
0.696937
1.23119
1.00197
0.837693
1.18498
0.75855
0.890613
1.10254
0.300019
0.648037
0.505536
0.593063
0.710445
0.334871
0.784131
0.431146
0.575609
0.268851
0.512422
1.04038
0.589189
0.6556
0.614338
0.35079
0.865081
0.913756
0.842292
0.319235
0.916196
0.312053
0.670699
0.405135
0.870739
0.482352
0.399702
0.262935
0.54367
0.255748
0.525417
0.161169
0.961619
0.626285
0.185351
0.599753
0.778233
0.671011
0.579149
0.444657
0.801497
0.776546
0.794418
0.468473
0.398439
0.94895
0.506653
0.729238
0.320989
1.23325
0.53695
0.53151
0.47941
0.641313
0.659959
0.184073
0.39498
1.27407
0.441406
0.700777
0.606121
1.03748
0.448059
0.901951
0.331289
0.670013
0.601463
0.391369
0.70044
0.558247
0.799454
0.433849
0.963825
0.569191
0.528581
0.850839
0.222111
0.898958
0.23205
0.597977
0.507899
0.626148
0.408397
0.483641
0.782912
0.561486
0.614868
0.766821
0.273916
0.305404
0.458726
0.303421
0.409227
0.970048
0.773851
0.474962
0.651196
1.39073
1.11606
0.288241
0.615364
1.3152
0.598856
0.481168
0.772597
0.490867
0.867285
0.5994
0.357722
0.506682
0.361102
0.566759
0.645565
1.20788
0.327594
0.639821
0.894002
0.453784
1.2888
0.172594
0.485733
0.37154
0.403564
0.419477
0.161138
0.405467
1.16408
0.554159
0.738505
0.497588
0.381792
0.907554
0.798817
0.464087
0.474856
0.408636
0.187395
0.280439
0.993036
0.77608
0.311728
0.326499
0.473053
0.403173
0.583176
0.819928
0.838606
0.293588
0.829123
1.04895
0.568989
0.912155
0.785009
0.484301
0.349206
0.391123
0.889026
0.709208
0.63287
0.505063
0.462878
0.160985
0.902289
0.640624
0.465914
0.503742
0.446052
1.14985
0.584565
0.268217
0.299863
0.681717
0.259582
0.707998
0.683739
0.730095
0.534924
0.814679
0.435157
0.812373
0.607164
0.711454
0.62898
0.453596
0.520947
0.696261
0.144874
0.668697
0.836991
0.479357
0.363748
0.504064
0.595064
0.532581
0.473483
0.723679
0.47155
0.543029
0.334358
0.500696
0.533969
0.694853
0.232657
0.508733
0.643503
0.475226
1.13005
0.619097
0.694703
0.335685
0.144247
0.316453
0.402861
0.397238
0.478301
0.577584
0.651505
0.724324
0.509404
0.431158
0.453611
0.361641
0.969116
0.50115
0.308917
0.583317
0.484039
0.827456
0.696271
0.840801
0.25507
0.797631
0.568021
0.253097
0.948869
0.513378
0.956319
0.173805
0.847276
0.724132
0.348292
0.55692
0.906247
0.189306
1.04151
0.817198
0.373378
0.67491
0.837449
0.50796
0.508147
0.335473
0.89774
0.698261
0.709715
0.372399
0.386605
0.712146
0.335419
0.37531
0.708009
0.695415
0.909866
0.543558
0.977784
0.569984
0.679371
0.375646
0.742751
0.671559
0.513119
0.727262
0.845617
0.591282
0.437984
1.19224
0.660923
0.397337
0.619955
0.580243
1.1429
0.43612
0.738571
0.405405
0.448788
0.180155
0.230173
0.428793
1.27341
0.621078
1.05683
0.318669
0.33147
1.0705
0.18774
1.17612
0.617946
0.858219
0.146213
0.748359
0.711865
0.502866
0.140823
1.06814
0.460429
0.537229
0.684823
0.592546
0.731021
0.677939
0.698861
0.649876
1.1565
0.418791
1.36031
0.638179
1.12088
0.950228
0.718295
0.753788
0.547919
0.618425
0.624234
0.646825
0.668175
0.938785
0.860594
0.570603
0.314473
0.807106
1.10968
0.689193
0.398712
0.473925
0.372376
0.832423
1.03924
0.860049
0.257327
0.747626
0.675224
0.654314
0.533965
0.257118
0.620523
0.304857
0.418028
0.814628
0.679642
0.174117
0.900577
0.679435
0.424715
0.412372
0.538017
0.489685
0.67142
0.358668
0.600891
0.366748
0.33172
0.473815
0.70222
1.20387
0.470413
0.651605
0.739325
0.677399
0.983448
0.434908
0.763584
0.336249
0.0999412
0.284946
0.358451
0.345526
0.45031
0.253318
0.946001
0.672698
0.734963
0.684047
0.661897
0.34292
0.436847
0.459058
0.384862
0.922799
0.798887
0.288941
0.442622
1.13345
0.933261
0.478822
0.373604
0.566068
0.44085
0.817564
0.764524
0.64369
0.904261
0.822295
0.44
0.309049
1.40485
0.803824
1.30883
0.652424
0.371819
0.561502
0.640076
0.80669
0.461604
0.514984
0.256181
0.286482
1.03734
0.894015
0.397259
0.7788
0.35515
0.648135
0.902073
0.57236
0.939949
0.297422
0.78126
0.250044
0.31729
0.583526
0.895231
0.675206
1.24321
1.06011
0.51675
0.5542
0.77928
0.777984
0.427791
0.367544
1.29988
0.838417
0.943518
0.811981
0.65602
0.505773
0.463664
0.513318
0.400729
0.400975
0.973779
0.69757
0.652101
0.354656
0.49072
0.30601
0.429867
0.532609
1.08167
0.992448
0.983339
0.537065
0.46374
0.868232
0.410953
0.699317
0.693545
0.664231
0.212218
0.802899
0.721792
0.329601
0.381107
0.87647
0.616697
1.0818
0.592245
0.701088
0.821982
0.136977
0.648782
1.07463
0.845743
0.468224
0.42924
0.880101
0.177675
0.226906
0.187849
0.64008
0.542265
0.286857
0.175875
0.549511
0.490125
0.491006
0.213547
0.346593
0.86489
0.563229
0.47752
0.510764
0.767128
0.580181
0.122936
0.59253
0.918741
0.585139
0.477914
0.892883
0.94027
0.614439
0.748427
0.639867
0.0824623
0.315102
1.316
0.552809
0.472573
1.03352
0.563514
0.550957
0.593771
0.884201
0.380991
0.310877
0.63244
0.8395
0.555594
0.520284
0.55533
0.605391
0.374439
0.627834
0.415257
1.16133
0.122546
0.439252
0.451588
0.498162
0.653329
0.673039
0.941179
0.546223
0.269546
0.157706
0.826983
0.720796
0.976026
0.390795
0.43385
0.415669
0.68488
0.341754
0.356715
0.751529
1.23914
0.520462
0.661092
0.636706
0.980768
0.693601
1.12046
0.756873
0.679839
0.605885
0.654317
0.698463
0.42052
1.14845
0.842017
0.470946
0.484872
0.436503
0.67446
0.679683
0.366857
0.313781
0.514419
0.920839
0.961531
0.823225
0.711447
0.72259
0.990409
0.602843
0.45925
0.614049
0.562842
0.487792
0.537977
0.270881
0.766987
0.534028
0.0122014
0.846814
0.32497
1.18287
0.864444
0.626622
0.359183
0.365054
0.800036
0.914776
0.738636
0.951285
0.281374
0.495462
0.694845
0.716111
0.737528
0.654203
0.803526
0.676217
0.934305
0.69104
0.737943
0.507638
0.693832
0.389395
0.554514
0.894405
0.174659
0.223387
0.531482
0.55104
0.486264
0.974787
0.439579
0.547958
0.371304
0.539246
0.415394
1.11677
0.965635
0.840247
0.470347
0.573434
0.919186
0.857885
0.897732
0.732494
0.18159
0.578544
0.913499
0.942035
0.614755
0.625937
0.408549
1.00197
0.829017
0.528796
0.706512
0.777418
0.261186
0.509154
0.316149
0.538126
0.712162
0.597186
0.525665
0.351483
0.90777
0.813099
0.157929
0.491239
1.00093
0.346285
0.510093
0.883006
0.219125
0.751754
0.919872
0.332785
0.274264
0.566072
0.593919
0.193368
0.529206
0.903638
0.3948
0.977947
0.277039
0.35365
0.828841
0.263851
0.19213
0.608427
0.238368
0.892837
0.653656
0.720973
0.87658
0.730893
0.36504
0.927264
0.968104
0.797695
0.674807
0.592821
0.341759
0.552382
0.462889
0.155042
0.491289
0.997023
0.564957
0.796044
1.00589
0.417767
0.908435
0.515688
0.94172
0.508146
0.817319
0.486807
0.337172
0.587847
0.37268
0.579856
0.509554
0.842257
0.384964
0.397951
0.712122
0.405037
0.33734
0.86055
0.293016
0.131252
0.538098
0.415402
0.417701
0.546494
0.428088
0.452664
0.366825
0.62957
0.606902
0.917118
0.622544
0.430999
0.642798
0.554888
0.589569
0.502233
1.32615
0.626617
0.742728
0.186892
0.855325
0.634573
0.499416
0.798005
0.767566
0.600642
0.605563
0.42781
0.484803
0.511322
0.529238
0.608025
0.411806
1.16057
0.687363
0.34171
0.59964
0.580893
0.305524
0.581735
0.241157
0.334228
0.207786
0.756297
0.736126
0.514601
0.156304
0.881059
0.501324
0.640175
0.537938
0.747706
0.415931
0.213764
0.654637
0.560254
0.744463
0.688634
0.673477
0.861131
0.288802
1.30002
0.433462
0.942984
0.455908
0.315392
0.385259
0.496431
0.808504
0.373531
0.396082
0.598465
0.831214
0.596594
0.689339
1.18428
0.886949
0.629479
0.464762
0.343385
0.234091
0.874228
0.721757
0.343864
0.650221
0.569389
0.663055
0.863153
1.06515
1.14265
0.273507
0.918248
0.40123
0.334711
0.625535
0.992239
0.386712
0.474077
0.416269
0.498918
0.36121
0.501765
0.885343
0.719369
0.519851
0.708471
0.898513
0.574221
0.645977
0.547937
0.0726715
0.817576
0.996765
0.439055
0.632792
0.336014
0.647981
0.543207
0.577453
0.383338
0.541466
0.515811
0.536918
0.5803
0.560719
0.654559
0.58788
0.687128
0.24801
0.414516
0.533635
0.728923
0.735177
0.459807
0.749857
0.489001
0.594463
1.00787
0.294521
0.778938
0.646237
0.410725
0.779047
0.775249
0.753445
0.380707
1.36269
0.788151
0.340126
0.224365
0.432255
0.893927
0.570795
0.320973
0.338819
0.298953
0.362601
0.243455
1.37487
0.124536
0.353976
0.863777
0.460614
1.18717
0.479884
0.595436
0.558932
0.190374
0.800457
0.849739
0.269688
0.671589
0.724152
1.00201
0.566481
1.10473
0.711105
0.4849
0.808288
1.04626
0.44789
0.672664
0.565756
0.72108
0.209255
0.197287
0.812632
0.510031
0.231972
0.770287
0.671743
0.338536
0.769044
0.377463
0.726696
1.1489
0.588876
0.491059
1.2191
0.860076
0.66307
0.346864
0.451462
0.764013
0.879485
0.925881
0.196821
0.64957
0.474292
0.51857
0.149111
0.680921
0.452266
0.825236
0.62954
0.78649
0.441976
0.598143
0.696688
0.741329
0.44302
0.625362
0.526773
0.568402
0.590649
0.724243
0.373567
0.622132
0.738427
0.483386
0.635796
0.780472
1.28061
0.672356
0.500486
0.597149
0.407964
0.540478
0.387559
0.293737
1.05096
0.645774
0.4118
0.562652
0.787796
0.495629
0.267317
0.688819
1.03353
0.612765
0.316972
0.257097
0.392021
0.620977
0.431359
0.17121
0.636305
0.330407
0.428454
0.594416
0.486881
0.564617
0.616109
0.904913
0.362971
0.515257
0.520669
0.970303
0.334593
0.356173
0.909315
0.422362
0.32428
0.252784
0.598775
0.951146
1.06455
0.508978
0.493313
0.734953
0.472459
1.01888
0.44206
0.476348
0.499114
0.321501
0.657796
1.0951
0.954537
0.759315
0.470236
0.443203
0.697415
1.0112
0.620173
0.612484
0.370647
0.502441
0.408021
0.356738
0.253715
0.754958
1.05723
0.43822
1.25117
0.953678
0.785888
0.348632
0.625157
0.619253
0.615464
0.546537
0.632711
1.00433
0.688859
0.569077
0.62005
0.339248
0.768799
0.662615
0.222394
0.782496
0.690837
0.410125
0.804508
1.01951
0.501767
1.30084
0.77638
0.218491
0.516741
0.706648
0.965136
1.42136
0.819608
0.287606
0.555785
0.402569
0.355057
0.392424
0.523242
0.273613
0.557436
1.23469
0.447894
0.549391
0.46601
0.653312
0.283158
0.443321
0.74588
1.24653
0.425895
0.525977
1.07094
0.561076
0.0606102
0.890135
0.870256
0.432745
0.212884
0.547431
0.575756
0.339582
0.804689
0.395932
0.552012
1.02977
0.965418
0.828563
0.340524
0.600571
0.605198
0.485581
0.453864
0.705258
0.368868
0.473224
0.485681
0.576482
0.168827
0.721621
0.190783
0.902079
0.680349
0.407279
0.406925
1.14326
1.01237
0.771605
0.514343
0.72951
0.47616
0.896215
0.465199
1.05646
0.379174
0.158684
0.641849
0.809858
0.615385
0.41689
1.04986
0.750151
0.824707
0.427048
0.395484
0.710237
0.426759
0.383029
0.789515
0.616609
0.516256
0.786518
0.523419
0.450074
0.451491
0.451263
0.188478
1.02425
0.729535
0.470191
0.74734
0.731323
0.482291
0.316974
0.362962
0.582777
0.599095
0.420982
0.814825
0.654277
0.251823
0.529104
0.666206
0.496378
0.853208
1.19333
0.447835
0.972117
0.53058
0.243433
0.392148
0.506871
0.303693
0.249335
0.503808
0.32012
0.636838
0.285184
0.904287
0.615604
0.66029
0.372586
0.644533
0.396284
0.392603
0.574771
0.735576
0.802788
0.514774
0.561702
0.393725
0.982509
0.951432
0.639076
0.407282
0.552324
0.841343
0.576911
0.672543
0.638515
0.501616
1.20394
0.621262
0.24581
0.282181
0.873042
0.303286
0.535647
0.830345
0.778915
0.0788716
0.829147
0.506885
0.440759
0.806388
0.486939
0.577778
0.636917
0.78524
1.10924
0.535669
0.745975
0.798363
0.37231
0.742247
0.392533
0.8624
0.553483
0.548681
0.108859
0.963714
0.492708
0.488798
1.09376
0.653884
0.660363
1.02385
0.193824
0.844854
0.788973
0.456529
0.259866
0.540867
0.265122
0.356803
0.688882
0.787976
0.364808
0.477681
0.3497
0.762748
0.405655
0.379639
0.762974
0.529656
0.672451
0.441655
0.833619
0.234843
0.705865
0.176894
0.482318
0.634067
0.878809
0.384052
0.492073
0.899501
0.537189
0.411531
0.36381
1.09799
0.48805
0.552828
0.697486
1.19387
0.588357
1.10244
0.633166
0.451513
0.554795
0.249164
0.870439
0.285189
0.261734
0.828644
0.918394
0.767924
0.784577
0.429731
0.454972
0.502766
0.588791
0.378275
0.789838
0.907876
0.931383
0.538329
0.621746
0.450533
0.515814
0.612698
0.847665
0.633287
0.92117
0.516393
0.679997
0.371116
0.398686
0.737087
1.08574
0.762581
0.762897
0.891885
0.371993
0.528545
0.602173
0.301484
0.419584
0.661764
0.142237
0.699702
1.2275
0.596263
0.439402
0.232543
0.814854
0.829272
0.645349
0.855167
0.563663
0.878928
0.26502
0.895766
0.459014
0.77648
0.782604
0.632849
0.25912
0.348401
0.469425
0.846789
0.492422
0.411554
1.00168
0.669696
0.154419
0.424778
0.444176
0.0846813
0.564908
0.535011
0.9306
0.213361
1.09212
0.874717
0.340351
0.162597
0.846184
0.592972
1.07984
0.493308
0.517406
0.852072
0.986296
0.8932
0.68854
0.284769
0.636505
0.552304
1.17982
0.435164
0.455127
0.476821
0.466375
0.187008
0.800345
0.381067
0.858202
0.513156
0.247257
0.456471
0.542863
0.24982
0.473007
0.983948
0.444518
0.834517
0.935882
0.809296
0.372999
0.479439
0.637971
0.559537
0.814469
0.844809
0.23331
0.908486
0.697839
0.412523
0.986213
1.13388
0.609198
0.625819
0.417554
0.77465
0.840384
0.988232
0.813652
0.755122
0.573303
0.908674
0.769048
0.796642
0.481946
0.680569
1.094
0.659356
0.354521
1.13372
0.323
0.388322
0.386166
0.424891
0.928789
0.472295
0.877028
0.758004
0.733095
0.285812
0.750227
0.636345
0.645961
0.490721
0.302732
0.900938
0.447423
0.521065
