0.590469
0.422758
0.80607
0.277589
0.289547
0.793894
0.501321
0.611229
0.720622
0.313409
0.491315
0.487795
0.883148
0.679384
0.379876
0.515725
0.288685
0.668089
0.492018
0.400913
0.857984
0.451324
0.290942
0.427178
0.273042
0.593792
1.0227
0.523659
0.588671
0.806305
0.822581
0.806556
0.711348
0.74046
0.95477
0.816194
0.894453
0.343013
0.975992
0.382287
0.310207
0.315966
0.176649
0.813518
0.498894
0.594142
0.301815
0.468231
0.272815
0.413493
0.344969
0.755609
0.540984
0.43759
0.735593
0.513388
0.54309
0.263597
0.532658
0.520722
0.407224
0.752282
0.705745
0.253531
0.406774
1.0285
0.738872
0.855453
0.418293
0.649849
0.289911
0.636844
0.688275
0.253674
0.393729
0.389101
1.11087
0.220022
0.457812
0.475458
0.317819
0.540459
0.519401
0.34309
0.237983
0.884227
0.686042
0.75259
0.611515
0.512787
0.472126
0.772879
1.21536
0.360028
0.591196
0.500601
0.456451
0.821904
0.346665
0.258687
0.625928
0.316896
0.757542
0.335377
0.2957
0.454939
1.08791
0.513768
0.48351
0.735979
0.334289
0.794557
0.656382
0.817424
0.247568
0.68302
0.774034
0.342697
0.573001
0.439672
1.00132
0.317157
0.468437
0.403312
0.683063
0.545277
0.313655
0.537288
0.359914
0.354065
0.794348
0.372419
0.115019
0.452281
0.216596
0.53083
0.451374
0.245688
0.862427
0.338056
0.660811
0.626362
0.735789
0.542409
0.39418
0.453453
0.536805
0.515029
0.512419
0.717022
0.915278
0.479927
0.586594
0.703341
0.342576
0.193396
0.430513
0.277024
0.60801
0.627553
0.409161
0.666282
0.799625
0.5724
0.578005
0.587982
1.09514
1.01073
0.59496
0.651958
0.786719
0.722463
0.59989
0.417546
0.427256
0.408769
0.44566
0.926652
0.212542
0.454234
0.954081
0.360442
0.290327
0.441835
0.293388
0.196046
0.32529
0.938042
0.751226
0.844564
0.733264
0.826215
0.42374
0.774129
0.781653
1.15156
0.523803
0.905806
0.86393
0.657568
0.256412
0.735041
0.729318
0.252068
0.880622
0.382186
0.408857
0.243409
0.931531
0.541624
0.784645
0.588587
0.737454
0.808797
0.643096
0.440758
1.11401
0.313881
0.681363
0.62628
1.15478
0.365639
0.585835
0.324855
0.482722
0.39439
0.968335
0.378821
0.77547
0.738329
0.906899
0.654579
0.640358
1.05334
0.487155
0.414389
0.511075
0.632722
0.794299
0.354149
0.444235
0.288729
0.721474
1.16836
0.348419
0.529399
0.60965
0.554563
0.430956
0.598596
0.945477
0.318055
0.3488
0.155293
0.357893
0.915003
0.541101
0.59817
0.438618
1.15539
0.854044
0.531616
0.119496
0.415009
0.999663
0.872702
0.305134
0.745966
0.925451
0.905676
0.612712
0.45076
0.809075
1.22305
1.29689
0.494721
0.225403
0.632827
0.717772
0.579991
0.628506
0.903282
0.49363
0.429635
0.612526
0.831557
0.797411
1.07381
0.75292
0.631879
0.503132
0.556483
0.586675
0.128254
0.73774
0.63291
0.682783
0.491228
0.536374
0.492984
0.656127
0.722022
0.520228
0.635147
0.729949
0.958065
0.319153
0.209633
0.340698
0.88655
0.380738
0.447992
0.948416
0.98343
1.04201
0.748287
0.388722
0.484517
0.352793
0.560964
0.252766
0.762206
0.597646
0.492594
0.219909
0.72831
0.787095
0.792631
0.408106
0.615535
0.438918
0.549615
0.632125
0.354843
0.583898
0.239187
0.478505
1.10576
0.636061
0.389052
0.560139
0.98847
0.251785
0.946416
0.998859
0.277025
0.330962
0.335859
0.540114
0.0833951
0.18569
0.798102
0.298348
0.834382
0.66926
1.16688
0.463392
0.178896
1.0888
0.371072
0.480519
0.681232
0.539473
0.651618
0.550749
0.517961
0.227314
1.01798
0.603293
1.21766
0.881794
0.478443
0.766969
0.587394
0.912311
1.21253
1.08717
0.353235
0.289287
0.296806
0.475404
0.335036
0.381737
0.691103
0.576698
0.500102
1.03168
0.351068
0.475673
0.872717
0.396441
0.868142
0.440262
0.541523
0.48181
0.608625
0.25407
0.577987
0.506241
0.76759
0.744126
0.818412
0.755043
0.609099
0.801616
0.48387
0.571922
0.729168
0.43588
0.336622
0.908055
0.208493
0.524022
0.973865
0.299283
0.521741
0.484306
0.931952
0.701458
0.30487
0.298788
0.830086
0.744588
0.634213
0.457265
0.80522
0.624638
0.588264
0.74715
0.401746
0.664783
0.264227
0.38448
0.793676
0.661799
0.547387
0.372718
0.891446
0.225699
0.481641
0.428033
0.643854
0.647103
0.662708
0.466637
0.87669
0.299406
0.104697
1.05149
0.943067
0.931437
0.531955
0.415157
0.896856
0.835814
0.440004
0.22677
0.578309
0.593496
0.715991
0.931374
0.780136
0.846728
0.521972
0.463751
0.871192
1.17423
0.568078
0.56845
0.64028
0.597404
0.599285
1.01906
0.35427
0.361513
0.649257
1.04752
0.551987
0.26644
0.499144
0.9909
0.788504
0.388065
0.238652
0.659939
0.578167
0.327157
0.938833
0.549337
0.384756
0.219034
0.282302
0.560786
0.358258
0.454725
0.879587
0.92128
0.740103
0.926557
0.583965
0.603828
0.452616
1.09044
0.469065
0.605695
0.424355
0.853693
0.84403
0.887184
0.418908
0.819107
0.277647
0.875347
0.501934
0.300478
0.779384
0.645723
0.378616
0.673556
0.311071
0.479252
0.659942
0.684619
0.664868
0.432697
0.647828
0.398468
0.407937
0.757369
0.405512
0.628614
1.10385
0.642286
0.60595
0.456657
0.600062
0.598914
0.390143
0.574321
0.609712
0.179135
0.957461
0.536378
0.568428
0.487565
0.334462
0.939139
0.248669
0.64973
0.853324
0.783845
0.457929
0.789232
0.728669
0.43937
1.00173
0.605518
0.688777
0.212917
0.899168
1.12294
1.07527
0.20758
0.71062
0.297972
0.486484
0.422913
0.343507
0.896065
0.95618
0.944316
0.941687
0.260761
1.01965
0.579978
0.887326
0.776643
0.25693
0.550857
0.690951
0.527072
0.53302
0.520737
0.819203
0.564008
0.95416
0.627758
0.34067
0.671149
0.818466
0.495495
0.26754
0.416436
0.971953
1.06754
0.460732
0.533354
0.25845
0.813068
0.732677
1.12088
0.853701
0.529183
0.357283
0.412058
0.329914
0.555505
0.604233
0.757066
0.619233
0.444834
0.627841
0.551131
0.221779
0.436914
0.895396
0.483356
0.839981
0.443012
0.296357
0.485945
0.811026
0.740743
0.756606
0.933892
0.644432
0.889599
0.472342
0.450289
0.50982
1.16826
0.733807
0.650671
0.46983
0.94728
0.663541
0.659792
0.933729
0.334292
0.765506
0.349884
0.364233
0.752668
0.583041
0.633222
0.451471
0.502163
0.262026
0.440111
0.301713
0.26876
0.669663
0.57587
0.650607
0.754223
1.1178
0.707824
0.659926
0.880043
0.423945
0.302262
0.402563
0.432406
0.419199
0.37077
0.411815
0.882439
0.637176
0.875808
0.77671
0.646334
0.871588
0.898125
0.581208
0.595324
0.339758
0.46201
0.385954
0.345358
0.359888
0.390386
0.415409
0.565755
0.867857
0.509933
1.18985
0.786492
0.70044
0.797296
0.298615
0.790974
0.412265
0.412276
0.789596
0.807339
0.400808
0.99873
0.702179
0.899898
0.397659
0.485233
1.00771
0.429775
0.647381
0.0979958
0.229948
0.51648
0.633884
0.558989
1.27758
0.449097
0.902037
0.330354
0.709701
0.699122
0.347197
0.737131
0.225694
0.402553
0.589915
0.669221
0.235547
1.08719
0.657312
0.254491
0.836838
0.959421
0.969627
0.356401
0.929573
0.439639
1.06674
0.456221
0.293495
0.252259
0.643883
0.428852
0.938563
0.470023
0.513463
0.703869
0.286479
0.756992
0.732714
1.1555
1.19232
0.938864
0.547699
0.540327
0.630746
0.849548
0.594049
0.349342
0.663388
0.921841
0.454946
0.19062
0.60985
0.148938
0.651284
0.100976
1.02763
0.436976
0.478267
0.661062
0.420853
0.705581
0.607311
0.814394
0.344703
0.549308
0.387312
0.726772
0.224332
0.646717
0.767194
0.646352
0.424185
0.384831
0.46468
0.572349
0.296972
0.340905
0.0898355
0.356703
0.234829
1.11827
0.544917
0.339963
1.18476
0.563013
0.397862
0.509913
0.899724
0.656273
0.817135
0.489821
0.826244
0.458191
0.507311
0.646469
0.594064
0.563836
0.364007
0.759297
0.669369
0.342652
0.573521
0.682272
0.54572
0.619686
0.417826
0.621022
0.359894
0.650905
0.835464
0.741295
0.599378
0.912263
0.862579
0.528092
0.192301
0.417127
0.848131
0.937086
0.772846
0.595246
0.640287
0.304047
0.381126
0.427161
0.230816
1.3156
0.73905
0.379797
0.808589
0.694953
0.64067
0.849705
0.961521
0.271937
0.129215
0.89404
0.903396
0.62859
0.323335
0.741722
0.870068
0.814772
0.290466
0.513606
0.420043
0.820149
0.504976
0.593206
0.910513
0.412136
0.485161
1.16908
0.706382
0.967423
0.399872
0.833287
0.575969
0.663176
0.251722
0.394636
1.31458
0.35001
0.927095
0.385029
0.817337
0.614967
0.931139
0.484757
0.561991
0.602806
0.714411
0.70452
0.549025
0.344731
0.773868
0.692686
0.515478
0.957668
0.903433
0.646255
0.413027
0.671808
0.688791
0.836079
0.446065
0.467263
0.498818
0.847179
0.750368
0.33791
0.409061
0.288503
0.359819
0.364666
0.356171
1.29539
0.758799
0.557483
0.571295
1.24196
0.310788
0.748611
0.155026
0.506727
0.450326
0.851127
0.687396
0.195059
0.556009
0.696836
0.3809
0.420446
0.731554
0.763304
0.118971
0.470964
0.35229
0.684737
1.14528
0.508836
0.901022
1.04827
0.429175
0.676277
0.829817
0.672254
0.329568
0.677602
0.371626
0.909412
0.714213
0.56605
0.312836
1.00117
0.448063
0.912471
0.352653
0.754238
0.294758
0.173176
0.465977
0.294457
0.511806
1.01975
0.721988
0.273681
0.771414
0.350846
0.496923
0.908793
0.696146
0.338866
0.678709
0.19611
0.557531
0.772827
0.636509
0.572982
0.150345
0.580839
0.610576
0.700159
0.386813
0.565565
0.723237
0.423655
0.818556
0.609972
0.289899
0.381257
0.182279
0.469796
0.3398
0.546483
1.05217
0.350706
0.440594
0.916953
0.638626
0.53192
0.435098
0.542369
0.550116
0.583031
1.12774
0.390023
0.632469
1.05549
0.830177
0.321638
0.320095
0.803423
0.692297
0.45143
0.855589
0.284719
0.701292
0.532024
0.659387
0.645669
0.617387
0.498434
0.414653
0.804103
0.428754
0.267463
0.349228
0.833604
0.552404
0.296598
0.264588
0.704737
0.133318
0.757249
0.538908
0.330643
0.755545
0.670668
0.730515
0.910575
0.365431
0.716675
1.11104
0.358686
0.816889
0.799657
0.408759
0.465146
0.112883
0.633765
0.536016
1.05904
0.660863
0.379441
0.428249
0.997506
0.752107
0.692827
0.616297
0.241339
0.602438
0.511748
0.174689
0.553086
0.33594
0.635029
0.353996
0.968395
0.459459
0.460143
0.481041
0.913348
0.734584
0.422854
0.537353
0.888279
0.786784
0.462518
0.336643
0.906604
0.861758
0.329684
0.299724
0.718683
0.450905
0.608951
0.626247
0.276394
0.396166
0.478379
0.533138
0.47146
0.867025
0.271505
0.379627
0.733136
0.526757
0.438555
0.250443
0.985344
0.394734
0.29327
0.399838
0.590914
0.799994
0.466069
0.745916
0.423041
0.546976
0.543327
0.431747
0.298
0.893727
0.757006
0.681212
0.567717
0.104113
0.396856
0.379373
0.310497
1.1177
0.287971
0.405986
0.360873
0.61933
0.322772
0.400227
0.767476
0.480927
0.481839
0.30827
0.42525
0.666352
0.312418
0.814643
0.545898
0.425983
1.22037
0.81547
0.794297
0.742734
1.18527
0.717226
0.597057
0.33589
0.564961
0.711206
0.515864
0.520135
0.221789
1.11218
0.688854
0.539678
0.541565
0.580192
0.592616
0.538823
0.404919
0.693893
0.268658
0.940792
0.299693
0.845942
0.570375
1.23818
0.370973
0.744372
0.59154
0.475478
0.865702
0.221902
0.21751
0.404905
1.39705
0.890855
0.973112
0.506399
0.771367
0.387996
1.11145
0.691351
0.538173
0.496478
0.588992
0.47374
0.350197
1.51429
0.744117
0.465353
0.859131
0.271908
0.845657
0.522279
0.601498
0.555939
0.498327
1.06849
0.120037
0.802811
0.489498
0.336667
0.554745
0.60404
0.540729
0.382351
0.619181
0.937644
0.580769
0.961543
0.32929
0.821766
0.792471
1.01173
0.30451
0.60648
0.605836
0.454318
0.653751
0.568597
0.348741
0.789038
0.884988
0.421285
0.556858
0.348765
0.265073
0.680675
0.743169
1.00986
0.789523
0.328977
0.420412
0.555383
0.513971
0.618522
0.298782
0.510844
0.958957
0.565124
0.842123
0.344371
0.349073
0.716905
0.668484
0.748272
0.520251
0.446616
0.62183
0.950781
0.430876
1.13491
0.691377
0.53397
0.569658
0.327516
0.725856
0.447743
0.964442
0.350024
0.418925
0.411965
0.929803
0.743884
0.465291
0.640196
0.678569
0.507271
0.481617
0.244281
0.309306
0.305767
0.833519
0.626318
0.324463
0.173119
0.408381
0.592657
0.570706
0.727189
1.1225
0.346617
0.606562
0.611001
0.578913
0.490241
0.502272
0.288004
0.481541
0.59871
0.457699
0.328562
0.974594
0.751716
0.733128
0.370711
0.201465
0.599489
1.13071
1.03126
0.781749
1.09397
0.920823
0.388466
0.438158
0.26512
0.376799
0.386089
0.938419
0.711368
0.938042
0.362275
0.62883
0.749491
0.666361
0.58474
0.452339
0.946212
0.561894
0.690803
0.26937
0.435984
0.393459
0.387125
0.252921
1.39483
1.14624
0.505951
0.563777
0.615408
0.198481
0.928595
0.270603
0.478045
0.636344
0.350722
0.418114
0.338015
0.605789
0.554222
0.689393
0.500601
0.515107
0.625735
0.588953
0.473389
0.712524
0.683394
0.641768
0.571786
0.443334
0.770517
0.83327
1.0627
0.609552
0.815026
0.483265
1.13581
0.906162
0.645872
0.417061
0.460452
0.559691
0.266753
0.719126
1.0976
0.412737
1.02387
0.878103
0.47344
0.277732
0.961903
0.964851
0.844892
0.907582
0.463113
0.733317
0.492892
0.371446
0.739448
1.10378
0.585116
0.634269
0.5688
0.781559
1.03932
0.558936
0.941204
0.255939
0.562348
0.296815
0.36097
0.249036
0.680423
0.339264
0.431617
0.214439
0.879518
0.605426
0.543524
0.440985
0.614984
0.419587
0.846915
0.38452
0.684202
0.72547
0.347925
0.516997
0.39287
1.14644
0.543534
0.506779
0.744818
0.794624
0.472408
0.225132
0.233918
0.760163
1.00847
0.913691
1.03792
0.919977
0.578471
0.544701
0.815344
0.697712
0.289485
0.260742
0.434573
0.39922
1.12645
0.540272
0.722112
1.07936
0.713984
0.367343
0.657069
0.129109
0.383687
0.331875
0.349432
0.41325
0.90866
0.621135
0.174018
0.345333
0.273681
0.255266
0.991785
0.796823
0.74129
0.597904
0.86256
0.1985
0.206557
0.7804
0.42178
0.452723
0.6446
0.767455
0.524758
0.527388
0.982553
0.77045
0.67544
0.549063
0.939731
0.800268
0.802938
0.379865
0.375846
0.432997
0.295945
0.38744
0.532599
1.12556
0.204374
0.795068
0.416976
0.455061
0.551605
0.491305
0.714345
0.70441
0.515345
0.583542
1.09308
0.77858
0.41479
0.465244
0.499003
0.546205
0.262296
1.02315
0.548154
0.308571
0.557949
0.49507
0.793991
0.398836
0.520493
0.794883
0.92034
0.857977
0.775836
0.447179
0.857385
0.437735
0.196977
0.699087
0.740629
0.787829
0.453244
0.936656
0.302669
0.727701
0.531179
0.600459
0.416363
0.56634
0.754841
0.883132
1.08591
0.946247
0.185705
0.494263
0.509285
1.18383
0.372187
0.551338
0.419739
0.521222
0.393411
0.83573
0.905191
0.460928
0.17695
0.445787
0.476275
0.917582
0.898732
0.433654
0.546597
1.36144
0.614862
0.664814
0.723809
0.448617
0.877044
0.381253
0.686369
0.354702
0.526488
0.718848
0.586525
0.427954
0.627715
0.696624
0.484231
0.84398
0.501127
0.763726
1.1171
0.731836
0.460489
0.731118
0.806237
0.628977
0.759411
0.690887
0.365714
0.0712303
0.398794
0.957939
0.620225
0.414469
0.546365
0.264683
1.07887
0.128328
0.835373
0.806633
0.525898
0.732471
0.366892
0.965048
0.956653
0.787784
0.409027
0.568048
0.555802
0.847169
0.660146
0.391966
0.437094
0.881161
0.250827
0.60382
0.457842
0.28567
0.591669
0.826939
0.210557
0.471386
0.342745
0.415983
0.634798
0.280094
0.206023
0.206416
0.505016
0.559708
0.137789
0.493013
0.888225
0.386713
0.272254
0.803399
0.625641
0.63618
0.562488
0.407324
0.265313
0.653669
0.646084
0.612238
0.569013
0.572399
0.518481
1.06101
0.669941
0.384022
0.4306
0.668951
0.68931
0.717193
0.54922
0.895729
0.335683
0.39348
0.708924
0.833322
0.280963
1.06621
0.899991
0.861716
0.263774
0.954488
0.563951
0.501379
0.463041
0.466949
0.633379
1.0375
0.392196
1.2508
0.667505
0.409192
1.02015
0.406192
0.618391
0.289733
0.46242
0.562652
0.549993
0.656071
0.47042
0.943968
0.657896
0.254871
1.04947
0.442072
0.500332
0.40737
0.47949
1.45775
0.893749
0.604421
0.888055
0.823634
0.263741
0.162277
0.206717
0.330648
1.03307
0.338181
0.520054
0.540047
1.2751
0.599487
0.980694
0.836386
1.06166
1.10526
0.946412
0.417599
1.30319
0.503837
0.631152
0.914294
0.274967
0.786767
0.522286
0.402858
0.252485
0.288465
0.717505
0.461862
0.680858
0.335783
0.343481
0.351662
0.216734
0.434887
1.07433
0.33766
0.750667
0.373285
0.153723
0.596409
0.304401
0.976356
0.945759
0.432777
0.545188
0.469408
0.306817
0.854439
0.668543
0.801557
0.88633
0.917281
0.52686
0.674881
0.330726
0.747573
0.53242
0.917145
0.774078
0.414934
0.70152
0.633218
0.660054
0.168714
0.645753
0.513334
0.212169
0.834224
0.400258
0.315824
0.474196
0.469396
1.13185
0.602253
0.82218
0.552666
0.370384
0.695993
0.642461
0.788295
0.537556
0.486726
0.274495
0.416514
0.722972
0.604617
0.549383
0.261176
1.03796
1.15334
0.495501
0.721175
0.331059
0.550855
0.535668
0.90017
0.884176
0.644823
0.770095
0.628008
0.831777
0.395404
0.677085
0.608867
0.879659
0.752939
0.936861
0.584262
0.645429
0.638728
0.572026
0.531133
0.836911
0.916429
0.716594
0.399087
0.28807
0.322269
0.97154
0.253612
0.692516
0.238924
0.209158
0.357826
0.509233
0.387516
0.597811
1.16263
0.736451
0.431709
0.487305
0.600875
0.17398
0.971513
0.648898
0.501848
0.438585
0.413965
0.829524
0.668662
0.226879
0.644532
0.770798
0.498983
0.509686
0.597182
0.5153
0.840441
0.467906
0.507296
0.666488
1.02759
0.96692
0.504525
0.272208
0.177935
0.468034
0.859146
0.358617
0.585726
0.524185
0.629507
0.388644
0.701737
0.316271
1.3028
0.524545
0.308919
0.958796
0.416483
0.212758
0.328947
1.02444
0.315324
0.582242
0.958073
0.454578
0.957797
0.801853
0.566694
0.517728
0.461622
0.495881
0.54987
0.673797
0.344877
0.504272
0.437904
0.461855
0.321936
0.649751
0.779691
0.640607
0.466825
0.509189
0.392811
0.339189
0.760352
0.694606
0.527292
0.527408
0.148692
0.913937
0.819295
0.925706
0.190235
0.598335
0.701944
0.733421
0.438049
0.753313
0.387197
0.340424
0.22693
0.564504
0.441045
0.549781
0.552332
0.521113
0.519639
0.781657
0.583494
0.729996
0.375207
0.572413
0.475515
0.392438
0.416915
0.585427
0.553161
0.735113
0.584454
0.470287
0.669666
0.970374
0.402041
0.542345
0.512577
0.361505
0.273483
0.558452
0.929706
0.87948
1.29155
0.434887
0.435016
0.525671
0.458915
0.431349
0.289332
0.921349
0.49241
0.520456
1.17208
0.39055
0.615607
1.12855
1.04965
0.821727
0.191237
0.924776
1.23227
0.2319
0.878558
0.433982
0.658535
0.655934
0.883132
0.520924
0.347571
0.365563
0.586188
0.866963
0.703948
0.941026
0.728207
0.772819
0.612317
0.438924
0.251007
0.713082
0.0603337
0.617442
0.603824
0.353334
0.296356
0.576329
1.20305
0.243112
0.958374
0.530683
0.94938
0.952163
0.841769
0.485177
0.966036
0.429358
0.596929
0.568128
0.296808
0.269119
1.12125
0.583669
0.377409
0.657931
0.516432
0.425714
0.39168
0.609589
1.33728
0.456853
0.520414
0.476152
0.243484
0.509167
0.786617
0.735291
0.0678139
0.976757
1.17188
0.588293
1.03582
0.527128
0.500035
1.19989
0.441164
1.3197
0.89492
0.557222
0.393507
1.02229
0.465193
0.748411
0.100783
0.230619
0.428713
0.797417
0.759197
0.318131
0.629161
0.497794
0.328814
0.540618
0.539076
0.755402
0.767416
0.420185
0.423374
0.60691
0.522704
0.361998
0.556716
0.249749
0.929812
0.497931
0.590214
0.495403
0.898886
0.871775
0.25877
0.827899
0.516208
0.672178
0.794381
0.653206
0.451205
0.589019
0.438746
0.22035
0.637889
0.484492
0.364146
0.725659
0.909988
0.371809
0.415578
1.10757
0.433692
0.631945
0.528093
0.0387238
0.974845
0.567367
0.718159
0.584978
0.338933
0.596611
0.556799
0.354921
0.76045
0.837931
1.09418
0.920157
0.508759
0.363117
0.646939
0.939817
0.273591
0.714062
0.261932
0.493144
0.541534
0.532868
0.614602
0.919425
0.215261
0.262517
0.766064
0.925267
0.216773
0.765009
1.13103
1.39517
0.452919
0.987874
0.499617
1.00516
0.851271
0.660462
0.426451
0.54498
0.268165
0.394706
0.802923
0.4795
0.496634
0.624602
0.58825
0.393662
0.443602
0.452408
0.594171
0.943031
0.678088
0.381564
0.260618
1.30035
0.897487
0.935862
0.420406
0.710887
0.496117
0.64529
0.76128
0.49791
1.20039
0.482891
0.68793
0.53856
0.485403
0.467155
0.935769
0.597525
0.21431
0.700151
0.897322
0.585248
0.450462
0.450322
0.761204
0.469888
0.59063
0.608184
0.218018
0.272406
0.322214
0.306325
0.715223
0.51363
0.705803
0.378131
0.451407
1.05189
0.681012
1.22098
0.805995
0.741189
0.92021
0.855221
0.614006
0.668378
0.14866
0.68155
0.499048
0.132863
0.92796
0.354548
0.592384
0.15835
0.368688
0.653428
0.524145
0.328999
0.321484
0.662302
0.753177
0.607282
0.730818
0.413838
0.37601
0.704339
0.756286
0.335272
0.132279
0.553825
0.749768
0.776028
0.668988
0.441916
0.749761
0.869164
0.907852
0.415966
0.608463
0.494518
0.856771
0.750704
0.772994
0.49516
0.717226
0.928098
0.715614
0.84179
0.62247
0.750313
0.878597
1.01447
0.485367
0.691416
0.573946
0.827323
0.583328
0.174149
0.239611
0.517002
1.05731
0.48787
0.430585
0.955669
0.389422
0.865238
0.28615
0.832704
0.383456
0.421594
0.891723
0.739377
0.54806
0.845598
0.414824
0.585025
0.440702
0.815301
0.264386
0.643774
0.442453
0.619185
0.287814
0.549864
0.513102
1.25244
0.642102
0.415627
0.691021
0.827171
0.320885
0.756208
0.958513
0.597482
0.532296
0.385604
0.661608
0.543841
0.739619
0.491749
0.860686
0.765484
0.388167
0.507958
0.407988
0.206372
0.400484
0.404839
0.422831
1.14999
0.797711
0.192156
0.69574
0.962766
0.616961
0.787658
0.911403
0.678154
0.559019
0.92282
0.540558
0.713809
0.698043
0.582954
0.428889
0.622288
0.65875
0.378189
0.306619
0.562925
0.29047
0.418031
0.438661
1.02761
0.756144
1.02451
0.930705
0.407306
1.13117
0.607523
0.588087
0.703453
0.801727
1.01683
0.337277
0.720924
0.616375
0.514121
0.809472
0.713858
0.420598
0.597192
1.21366
0.514805
1.19674
0.454043
0.534648
0.521086
0.409141
0.347864
0.630569
0.637977
0.409197
0.596992
0.591385
0.690499
0.291745
0.682968
0.445012
0.302972
0.282586
0.654105
0.439253
0.430709
0.622116
0.485085
1.00572
0.707495
0.544381
0.473124
0.144024
0.178411
0.420153
0.801203
0.970131
0.483951
0.415718
0.46184
0.396482
0.510163
0.652426
0.863043
0.922982
0.42152
0.198613
0.248182
0.626594
1.09236
1.13591
0.57253
0.812655
0.983347
0.511961
0.816264
0.382544
0.466645
0.469627
0.716861
1.01053
0.478094
0.941675
0.301571
0.289798
0.129116
0.814643
0.432007
0.882578
0.433039
1.05583
1.29153
0.352001
0.689478
0.337555
0.891517
0.814427
0.264946
0.477005
1.08993
0.789443
1.38013
0.448928
0.625482
0.610219
0.910532
0.331419
0.616837
0.792791
0.700241
0.193036
0.676583
0.856983
0.54606
0.388838
0.900666
0.88311
0.309606
0.620191
0.475209
1.25288
0.258026
0.620225
0.489125
0.269477
0.389049
0.471295
0.3998
0.208415
0.442654
0.51214
1.17241
0.147936
0.247973
1.04192
0.863395
0.752508
0.579796
0.393611
0.439
0.325315
0.567144
0.570393
0.343708
0.384386
0.949667
0.768576
0.971177
0.613646
0.384411
0.57395
0.70125
0.570378
0.584392
0.251351
0.96916
0.480252
0.229317
0.391394
0.418074
0.486913
0.781032
0.193901
0.345417
0.481245
0.423747
0.47078
0.70043
0.380641
0.333751
0.457288
0.42505
0.665401
1.22135
0.497377
0.676713
1.0045
0.18171
0.801679
0.582986
0.60177
0.329537
0.558146
0.502654
0.742316
0.590547
0.0735408
0.323926
0.198766
0.835916
1.42345
1.0982
0.49066
0.922573
0.348479
0.584748
0.631064
0.470315
0.580765
0.47725
0.730894
0.0911665
0.389835
0.608699
0.480499
0.480139
0.324882
1.12441
0.620486
0.300477
0.402758
0.829233
0.380591
1.16535
0.460813
0.754452
0.893602
0.107618
0.381414
0.417336
0.269993
0.300169
0.542833
0.558406
0.316957
0.79035
0.617833
0.534676
0.354123
0.482463
0.642338
0.319418
0.435847
0.958659
0.358515
0.253331
0.492701
0.9093
0.199194
0.638521
0.581929
0.462446
0.621101
0.642177
0.493608
0.71899
0.218727
1.02792
0.959675
0.957131
0.821103
0.521958
0.965688
0.590908
0.509676
0.532001
0.42893
0.449288
0.506839
0.320596
0.415544
0.677401
0.755315
0.565964
0.312111
0.249224
0.366756
0.377917
0.150663
0.662843
0.791661
0.249329
0.533437
0.538996
0.323647
0.77712
0.386905
0.552545
0.216885
0.423013
1.01527
0.370623
0.531405
0.463337
0.5342
0.890989
0.676901
0.568084
0.288205
0.937383
0.930998
0.575594
0.651957
0.391938
0.510821
0.881564
1.04206
0.42377
0.410047
0.367574
0.632914
0.76605
0.809537
1.02366
0.666244
0.926947
0.872695
0.368709
0.778553
0.671784
0.595925
0.585344
0.4717
0.412454
0.633766
1.00462
0.544396
0.222993
0.718533
0.248475
0.964565
0.743409
0.557452
0.305945
0.823183
1.10028
0.760126
0.231512
0.963321
0.193098
0.515474
0.446461
1.04248
0.465842
0.906822
0.573267
0.971627
0.163491
0.619173
0.501973
0.907401
0.470198
0.48942
0.749105
0.256993
0.307836
0.46144
0.318615
0.456528
0.418289
0.567288
0.375649
0.391231
0.56014
0.298427
0.382813
0.768348
0.657882
0.261291
0.38447
0.67795
0.506905
0.723625
0.676779
0.696081
0.775231
0.408247
0.864522
0.505039
0.383593
0.232803
0.795708
0.415072
0.483179
0.933547
0.493889
0.628184
0.504478
0.570928
0.489341
0.463912
0.300827
0.489791
0.552221
0.436294
0.801713
0.401752
0.38203
0.837286
0.743775
0.895439
0.461046
1.16367
0.844765
1.15288
0.364944
0.882555
0.303799
0.427797
0.699016
0.980109
0.418196
0.63162
0.408479
0.884867
0.476534
0.957675
0.502827
0.801868
0.47006
0.335417
0.673915
0.890795
0.531089
0.509429
0.541784
0.195271
0.603141
0.122877
0.163413
0.758416
0.344141
0.671522
1.03266
0.678995
0.339437
0.7068
0.940971
0.60102
0.429009
0.973455
1.01282
0.411116
0.245608
0.718265
0.467046
0.612714
0.534938
0.565011
0.4489
0.804059
0.554817
0.478802
1.3419
0.793031
0.476293
0.306427
0.968608
0.331804
0.214227
0.0967226
0.520016
0.592331
0.601268
0.188633
0.680957
0.442497
0.43808
0.52015
0.130304
0.546212
0.569586
0.527697
0.548714
0.928203
1.31085
0.562035
0.220209
0.416583
0.464079
0.744111
0.664538
0.427657
0.402041
0.761962
0.412002
0.0948632
0.59244
0.683544
0.799838
0.988733
0.524411
0.435408
1.23765
0.676571
0.486708
0.50875
1.08637
0.838305
0.252316
0.255284
0.234827
0.771756
0.250117
0.21575
0.321413
0.616425
0.93921
0.701192
0.659231
0.354348
0.727799
0.379403
0.581644
0.476174
0.711689
0.750558
1.08276
0.64361
0.902284
0.734318
0.320128
0.402709
0.322379
1.02636
0.986336
0.985517
0.418092
0.606357
0.554526
0.556361
0.211083
1.09585
0.542211
1.10839
0.854254
0.931562
0.471821
0.868524
0.436119
0.590017
0.70175
0.364834
0.281421
0.493079
0.522245
0.403596
1.18442
0.300615
0.457724
0.778191
0.422431
0.501599
0.574463
0.527649
0.126394
0.165272
0.31925
0.80082
1.02694
0.548626
0.578946
0.320211
0.665203
0.630081
0.66781
0.408771
0.50984
0.362771
0.472378
0.605086
0.667581
0.582657
0.758144
0.213658
0.767142
0.750213
0.77208
0.261461
0.627502
0.530904
0.520916
0.49692
0.600492
0.297474
0.463379
1.02189
0.57161
0.558776
0.495418
0.339375
0.334035
0.470581
0.695922
0.603581
0.505994
0.603746
0.470433
0.814036
0.212104
0.622466
0.347515
0.860806
0.656825
0.643639
0.245049
0.445305
1.02126
0.609399
0.460078
0.958359
1.05827
0.629113
0.808367
0.888822
0.842222
0.394591
0.669992
0.894212
0.390832
0.274071
0.607384
0.520959
0.206109
0.182574
0.506715
0.421098
0.885995
0.728724
0.79829
0.428774
0.56933
0.271127
0.776926
0.458319
0.429777
0.95708
0.54718
0.73969
0.929783
0.569457
0.249057
0.515179
0.995574
1.08538
0.76101
0.278331
