1.57851
0.816644
1.71053
1.12423
0.741157
1.55447
1.76582
1.64952
1.67621
1.02076
1.44119
1.48039
1.62343
1.45512
1.80759
1.25525
1.98073
1.64135
1.05911
1.94429
1.48925
1.41801
1.12142
0.886576
1.4273
0.929112
1.51509
1.50312
1.94339
1.56658
1.40809
0.865451
1.99054
1.34074
1.8557
0.944216
1.64308
1.94852
1.69047
1.52155
1.79358
1.74867
1.90938
1.36606
2.14208
1.6053
1.49545
1.43654
1.87509
1.9887
0.787372
1.62533
1.26922
1.54418
1.18213
1.90844
1.01402
1.13293
1.81782
1.5066
1.51938
1.87691
1.12245
1.80009
1.35303
1.53966
1.44488
1.21713
1.27158
1.13346
1.81168
1.86451
1.75887
1.19199
1.07848
0.930076
1.1693
1.70668
1.57293
2.19239
2.23727
1.38404
2.15778
1.57722
1.48959
1.81293
1.87154
1.56625
2.19222
1.23957
1.03261
1.29174
1.52356
1.73734
1.11023
2.21955
1.3297
1.16088
2.58057
1.79877
1.35545
1.07684
1.62117
2.37963
0.580572
1.65506
1.06264
2.34402
1.7122
1.26912
1.58396
1.50673
1.26189
1.98035
1.90001
1.29216
1.01147
2.33297
1.97191
1.35464
1.1137
1.64208
2.06439
1.84466
0.512609
1.53258
1.3253
1.81671
1.34212
1.62404
1.95355
1.34498
2.21398
1.31395
2.42521
0.964038
1.50116
1.54023
1.56631
1.71244
2.30037
0.715503
1.31004
1.03993
1.2619
2.43487
1.81221
1.78595
1.93304
1.77634
1.93807
1.81215
1.13292
1.73059
1.14964
1.74164
1.72648
2.28655
1.36069
1.75758
1.55554
1.77136
0.823005
1.46501
1.33661
1.85068
1.35317
1.0885
2.40609
1.38901
1.96165
1.45718
1.32445
1.15625
1.80793
1.13918
2.04051
2.42143
1.35732
1.78258
2.09679
1.18957
2.0345
0.961008
1.99832
1.87784
0.902611
2.17894
1.96049
1.41469
0.877712
2.30093
1.39943
1.82455
1.99121
2.34761
1.9677
1.80794
1.74555
1.27506
1.90588
1.95178
1.4804
1.7097
1.47185
1.94973
0.54749
1.44388
1.17466
1.57183
1.95073
0.830027
1.76743
1.93648
2.19284
1.36411
1.20471
0.944353
1.57257
0.718006
1.19737
1.41097
1.78299
1.69292
1.64863
1.2241
1.53734
1.30188
1.94816
1.30289
2.18205
0.908484
1.55017
2.60736
1.78355
1.77559
1.42169
1.43494
1.80731
1.19579
1.80315
1.17823
1.56491
1.9148
1.7601
2.32839
1.50697
1.64704
1.81951
2.06504
1.85266
1.63747
1.34178
1.77683
1.66168
2.26338
1.75229
1.51987
0.786165
1.31029
2.23573
2.24352
0.898188
1.59082
1.19786
2.15092
1.38706
0.619042
2.02263
2.2156
1.89361
1.31716
1.619
1.70382
1.70025
1.30804
1.94136
1.32749
1.61958
1.12191
1.25472
1.61426
1.35448
1.28691
1.206
1.16201
1.24455
1.4974
2.21014
1.20784
1.86238
1.5802
0.912231
1.36881
1.11342
2.1097
1.92411
1.47335
2.40893
2.18998
1.67572
1.94876
0.71303
2.08161
1.19699
1.81426
0.727701
1.48876
1.01097
0.716628
1.56668
1.41954
0.857852
1.11526
2.20561
0.947836
1.47854
2.09252
2.18771
0.890953
1.69643
1.26166
1.63584
1.4663
1.00831
2.27241
2.23528
1.2477
2.2868
2.27855
1.63912
1.65396
1.3945
0.615807
2.2059
0.520841
2.31177
2.30244
1.55268
1.55462
1.3622
2.0192
2.24109
0.990566
1.72942
1.85008
2.01832
2.0564
1.46047
1.41576
2.11761
2.30365
2.28227
1.53087
1.59795
2.01318
1.3445
1.8393
1.09877
1.48527
1.0845
1.07772
1.45895
1.4655
1.23231
1.455
1.58154
1.86758
1.44968
0.529316
1.57281
2.00344
1.32228
1.86144
1.05879
1.60657
0.790047
1.5113
1.53867
1.47617
1.38019
1.83655
2.20637
1.48641
1.66462
1.56686
1.68263
1.69462
1.54559
0.611775
1.84581
1.28811
1.52506
1.36279
1.26911
1.87899
1.69992
1.50322
1.66744
2.25941
1.72936
2.04961
1.84503
0.688221
1.07278
1.01669
1.7926
1.943
2.18212
1.25383
1.71448
1.33955
1.06086
2.74258
0.924876
1.2958
1.36135
1.22709
1.31734
1.57928
1.90504
1.30713
0.983909
1.67207
1.23014
1.08389
1.65163
1.85691
1.58943
2.10188
1.31028
1.44273
2.02296
2.09757
1.29602
1.35337
1.21935
1.22664
2.13454
1.36618
0.792437
1.6958
1.73919
1.53667
1.41854
1.69004
1.62374
1.95929
1.70658
1.80756
0.952814
1.12895
1.95592
1.21224
1.48193
1.46212
1.35851
2.18947
1.71734
1.74707
1.61146
1.43968
2.3989
1.37213
1.68576
0.774455
0.964939
2.35166
1.91502
1.70597
1.26294
1.51241
1.55389
1.80831
1.48371
2.1106
2.26275
2.26903
1.62514
1.43217
1.66306
1.36109
1.5335
1.60398
2.01528
1.06464
1.19022
1.90298
1.31045
1.63695
1.79377
0.941305
1.08844
1.88875
2.37838
1.23654
1.45768
0.831308
2.22717
1.8338
0.615232
1.17461
0.699428
1.66769
1.435
0.978472
1.93827
2.16673
1.45214
1.84139
1.82061
1.95457
1.11594
2.02144
0.832347
1.35572
1.58005
1.56396
1.29309
1.16985
1.25252
2.35546
2.19167
0.64693
1.26266
1.60104
2.05902
2.22767
1.84548
1.24075
1.28796
2.24187
1.29129
0.952391
2.12619
1.86959
1.41545
1.59564
2.16789
1.74571
1.84924
1.05234
1.77646
1.46952
1.34376
1.1728
0.955765
1.34889
1.2337
1.60914
1.31187
1.19258
1.4006
1.63134
0.728444
2.17046
0.760435
2.19375
1.73622
1.49513
2.01683
1.21129
2.23982
0.934121
1.22862
2.16643
2.1363
2.05847
1.55401
1.7703
1.43785
2.17812
1.04182
1.70585
1.10662
1.74081
1.49688
0.950985
1.44648
0.938115
1.85625
1.17526
1.60718
1.20849
0.945373
1.74557
1.86915
1.13552
0.881332
1.67232
1.66009
1.95098
1.27359
1.92216
1.65828
1.40855
1.88124
1.78258
1.05598
1.52665
1.32492
1.25942
1.2911
1.80951
1.5606
1.45475
1.34264
2.90989
1.17625
1.72644
1.89917
2.17536
1.12949
1.74762
1.28074
0.794358
2.48616
1.36763
1.11635
1.362
1.0307
1.37518
0.935422
1.57788
1.85523
1.78002
2.12622
2.09744
1.59802
1.23544
1.54449
1.5041
1.19458
1.94645
0.766861
2.19126
1.24967
1.44914
1.69859
1.26458
2.77682
2.39224
1.30653
2.17341
2.05024
1.08485
1.39413
1.14764
1.89724
1.20294
1.18845
1.78115
1.79349
0.939793
2.42618
1.19048
1.99249
1.53154
2.36008
1.01549
2.23833
1.54595
1.33177
1.7488
1.87487
1.07329
1.96752
1.8939
1.50896
1.9232
0.858808
1.238
1.47703
1.14546
1.44221
2.00786
1.65384
1.70499
1.06192
1.72416
2.01826
1.88872
1.92096
1.91713
1.48567
1.76656
0.972286
1.07058
1.81182
1.49253
1.94304
2.03221
1.17984
2.1494
1.767
1.53893
1.49602
1.54024
1.88528
1.42166
1.16118
1.30017
2.22934
1.49718
0.654688
1.71066
1.18541
1.72136
0.777272
1.3022
1.68572
2.31724
2.30726
0.819137
1.32152
1.91223
1.70305
1.90557
1.97198
2.20045
1.74452
2.07206
1.43442
1.6793
1.54223
1.34513
1.87046
1.44553
1.94862
1.86659
1.37988
1.24574
0.847209
1.83259
2.28396
1.67266
1.55505
1.3612
1.36619
1.23496
0.901668
1.61277
1.2919
1.8307
2.57407
1.02135
2.21246
1.80348
1.30176
1.83339
1.42107
1.36812
1.92535
1.35539
1.54351
1.01435
2.10097
1.37379
1.5501
1.09006
1.4499
1.57275
2.01847
1.14223
1.01324
1.66248
1.58334
1.37019
1.68139
2.378
1.62496
1.2406
1.51981
0.939317
1.60431
1.99537
2.3336
1.57911
1.49564
1.84107
0.813387
1.72917
1.59518
0.795473
1.63346
1.65427
1.33045
1.16007
0.886094
0.976158
1.57867
2.11518
1.59967
2.24672
1.44153
1.27916
1.28099
1.72537
1.0896
1.25397
1.66591
2.24151
1.86308
2.19611
1.51854
0.918058
2.31222
1.15888
1.39115
1.89744
0.802673
1.19136
1.24164
1.45924
1.31402
1.55095
1.35339
0.593625
0.78454
1.52604
1.71132
1.93453
1.45614
1.0569
2.02337
1.46568
1.81592
1.92743
1.54357
1.88823
1.44971
2.19928
1.30985
2.38553
0.799859
2.12036
1.94203
1.96626
0.992591
1.49057
1.62546
2.13677
1.32404
1.47412
1.43406
1.1156
1.19848
1.53575
1.72554
1.73888
1.48922
1.99543
1.58099
1.36427
0.885132
1.63418
1.10702
1.53191
2.03132
1.5309
0.949708
1.50483
2.29085
1.82399
1.06954
1.53157
2.20198
1.40425
1.57344
1.1003
1.90282
1.807
1.21817
1.60071
2.0694
1.60492
0.890352
2.38032
0.969055
1.96618
1.38025
1.42499
1.51946
1.52916
2.39057
1.69011
1.55175
1.36556
2.24289
1.58165
1.53423
1.81111
1.67327
1.09147
2.08633
1.69911
1.26369
1.63791
1.68235
1.97356
1.46427
1.11295
1.04868
1.68672
1.97829
0.544072
1.7166
1.99116
1.76345
1.62955
1.25278
0.349452
1.74133
1.67247
1.36695
1.62704
1.55551
1.30245
1.46397
1.5769
1.74833
1.56152
1.51358
1.06453
0.986408
1.16967
2.20336
1.55197
1.38007
1.51549
1.55477
1.04576
1.244
2.09122
1.10593
1.26074
1.17652
2.00402
0.640681
2.10074
1.34951
1.20973
1.87601
1.84193
1.14321
1.34576
0.905639
1.37829
1.50746
2.13332
0.863204
2.29863
1.89286
1.17601
0.817268
2.15168
1.18752
1.06995
1.55773
1.2324
1.29634
1.13789
1.7421
1.47807
1.80429
1.49388
0.978789
1.40364
2.05911
1.81257
2.19607
1.81862
1.92332
1.05535
1.33774
1.52053
1.08548
1.85186
1.81331
2.01511
2.11701
1.64278
1.46286
1.78833
1.45408
1.82804
1.10047
1.17213
1.57312
1.57794
0.985999
2.35971
2.03931
1.26784
0.817086
1.51636
1.40258
1.13056
1.56153
1.84808
0.461032
1.57174
1.44295
1.39335
1.28032
2.31869
1.75133
1.86089
1.17075
1.911
1.35551
2.10344
2.02789
2.13727
1.74638
2.24857
1.55987
2.09852
1.29852
1.45927
1.35304
1.48518
1.00929
2.61011
1.7206
0.377379
1.23738
1.24338
1.31667
2.53838
1.71615
1.46147
1.565
1.09656
0.782659
0.915955
2.28319
2.20303
1.98451
1.03177
1.71143
1.46458
1.65586
1.07062
1.91785
0.879283
1.65225
1.49816
1.65509
1.72978
1.45484
1.67051
1.72491
0.801817
0.687411
1.74576
0.565358
0.973991
1.46016
1.06111
2.60152
1.47286
2.14865
2.01215
2.36082
1.83639
0.925016
1.89959
1.42162
1.45469
1.46568
2.12828
1.21555
2.49846
1.89109
1.00121
1.86583
2.06934
2.26797
1.15451
1.79141
1.44427
1.455
1.64276
1.86396
0.918711
1.82751
1.01349
1.1122
1.06236
1.69563
0.659361
1.50948
1.32435
1.6766
1.59649
2.19481
1.44073
1.55194
0.933878
1.07932
1.97245
1.47532
2.01188
1.51675
1.83592
1.70563
1.00927
2.12088
2.35064
0.668721
0.821527
1.55145
0.945246
0.920384
0.847423
1.42568
1.54023
1.63927
1.81322
1.5269
2.13969
1.36014
1.21449
2.10715
1.04322
1.78746
1.6059
0.946501
1.58612
1.47654
1.0497
2.45252
1.46439
1.73406
2.64008
1.8801
0.786431
1.22651
1.24892
1.52048
1.78678
1.66223
1.51217
1.25044
1.87823
1.70357
1.4131
1.56323
2.33728
0.350489
1.86271
0.54722
1.95257
2.68995
1.68322
1.57116
1.87535
2.10353
2.29587
1.73067
1.84955
2.12298
1.47157
1.2256
2.37959
1.70751
2.25707
1.44541
1.66009
1.17457
1.79816
1.74762
2.22452
1.72942
2.13649
1.87208
1.54088
1.19363
1.56007
1.43691
1.97085
2.02045
1.80867
1.49767
1.25638
2.42644
1.45587
2.10747
1.96882
1.72173
2.41576
1.52806
1.41463
1.58795
1.7804
2.01386
1.62576
1.78374
0.72769
1.5556
2.50391
1.70068
1.38237
1.87882
1.57103
1.83607
1.57255
1.51415
0.744512
1.54766
1.12833
2.36493
1.53128
1.52232
0.338692
1.9198
1.33623
0.558166
1.57046
0.900032
1.70907
2.23655
1.9435
1.95441
2.37021
1.4709
1.29814
1.15979
1.43993
2.09839
1.2549
1.42363
1.61002
1.96674
2.08692
1.78973
1.25358
2.47212
1.19664
1.84825
1.88651
1.94891
1.47078
2.64284
1.78108
1.47292
2.47715
0.985007
1.85628
2.04011
2.10418
1.41044
1.45795
2.11242
1.12581
2.10564
2.14331
1.79487
0.841323
1.7799
2.45731
1.2992
1.4173
0.691413
2.5302
1.43581
0.724594
0.944873
0.953463
1.8469
1.61127
1.40958
2.00989
1.35004
1.60663
1.0892
1.62435
0.876203
0.287554
2.08462
1.53209
1.00921
1.56201
2.0223
1.80762
2.17821
1.85791
2.10308
1.3482
2.44778
1.44768
0.929898
1.40277
1.7545
2.08937
2.2486
2.0925
1.17449
1.32913
1.38261
1.95367
1.93758
1.41058
1.72911
1.93742
1.87861
1.54559
1.84554
1.17675
0.876218
0.946804
1.30751
0.694116
2.35934
1.02113
0.418417
1.8863
1.37139
1.30311
1.73567
1.01997
1.81774
1.66474
1.64215
2.81329
1.4639
1.04875
2.23044
2.47072
2.35669
1.64392
0.972619
1.27098
2.01884
1.21894
1.51263
1.84453
1.70292
1.62618
2.31361
2.15034
1.19273
1.7318
1.25939
1.41738
1.65947
0.734764
0.964095
1.5458
1.16478
1.34601
1.41977
1.45875
1.98713
1.42896
1.61732
2.10329
1.74899
1.91664
1.41545
1.00459
1.17494
1.88506
2.07996
1.69466
1.73715
1.97663
1.16178
1.74068
2.15695
1.67996
2.01705
1.1977
0.921002
1.63438
2.16453
1.5183
2.0584
0.565502
1.59649
1.57554
2.08813
1.0596
1.36138
1.623
1.60034
1.07981
1.76956
1.85135
1.63823
2.00369
1.55177
0.763978
2.12358
1.85551
1.28264
1.67358
1.83346
0.897961
1.14568
1.71152
1.18231
1.98534
1.9246
1.54554
1.05482
1.488
1.83748
0.787249
0.43887
1.15325
1.27283
1.93484
1.26843
1.67353
1.32481
1.27232
1.95143
1.19822
1.61765
1.28551
1.11689
2.17429
1.80411
1.20423
1.48745
1.65773
1.56991
1.43697
2.48347
1.47139
1.33403
1.51357
1.75327
0.71309
1.66695
1.5511
2.17442
1.1769
1.61088
1.12414
1.79476
1.42767
1.41261
0.767702
1.54204
1.09555
1.52873
1.77764
1.77974
1.90086
1.91882
1.26574
1.29081
0.991964
1.53295
0.94099
1.87189
1.0042
1.19593
2.02646
1.36974
0.940536
2.09064
1.343
2.62591
1.50465
0.425922
1.30017
1.29247
1.49382
0.642013
1.71282
1.44861
1.43762
1.67737
0.592859
1.54211
1.24329
1.81196
1.2043
0.990731
1.52616
1.92919
0.968537
1.28977
1.3257
1.51571
1.91835
2.36857
1.55557
1.98292
1.6253
1.45496
1.67757
1.89049
1.30086
1.18079
1.30846
2.13956
1.10511
1.77827
1.34134
1.20223
1.4944
2.02706
1.04663
0.861337
2.39689
0.881114
2.36527
1.42181
1.90576
1.50492
1.45709
1.56024
2.08512
1.92718
2.28811
1.81293
1.34353
2.33871
1.39775
1.87696
1.68319
0.523269
1.13245
1.35402
1.60987
1.26628
1.72488
2.18671
1.42378
1.63806
1.0054
1.65154
2.09828
1.78874
1.00663
1.57342
1.71208
1.34161
2.50234
2.28792
1.60178
1.63132
2.30762
1.6315
1.40073
1.99394
2.05418
1.32146
1.92366
1.44971
1.2794
2.42281
1.96119
1.71393
1.51066
1.41125
1.45567
1.53368
2.09024
1.73449
1.33192
1.02424
1.87155
1.46053
1.71963
2.47674
1.11016
1.43654
0.893571
2.17322
2.40145
1.95171
1.29529
0.81217
1.70277
1.54833
1.7343
1.30574
1.74068
1.62197
1.38603
1.747
1.27445
1.68358
1.52228
1.41321
2.41038
1.94504
1.88496
1.61667
1.46292
1.09118
1.63217
0.723392
1.58871
1.72553
1.76617
2.07627
1.15026
2.60342
2.31076
2.32441
1.61399
1.19061
1.91938
1.91275
1.79909
2.34073
1.30074
1.61728
1.3817
1.95381
1.09405
1.20412
0.888531
1.89793
1.14703
0.341173
1.60454
2.43209
2.403
1.19488
0.901477
1.47354
1.92047
1.60568
1.42776
2.00574
0.920725
1.31156
1.27525
1.52589
2.05716
1.49961
1.83402
1.92488
1.84272
1.82404
2.01514
1.97555
1.29405
2.01144
1.38392
2.00711
1.51596
0.596157
1.8729
1.08741
1.607
1.31893
1.2045
2.49584
1.64918
1.8326
0.961971
1.98744
1.16054
2.00853
1.76177
1.2608
1.63695
1.94047
2.13145
1.75188
1.37802
1.87849
1.59924
1.4793
1.83242
2.12368
1.8372
1.87481
1.26883
2.60572
0.97715
2.37323
1.41287
1.8112
2.06397
1.81297
1.3263
0.573548
0.898865
1.16398
1.26922
1.37478
1.45985
1.62881
1.33811
1.46924
2.27248
1.51012
1.19947
1.27981
1.36763
1.6244
1.51064
1.05249
1.18929
2.14609
1.50348
1.82411
1.44608
2.21152
2.47789
2.11401
1.88483
1.56304
1.21826
1.59396
0.466324
1.81674
2.10107
1.77968
1.49186
0.866281
1.07718
1.21273
1.30758
1.3178
2.04531
0.883322
0.696013
0.918487
1.48377
1.91598
1.47783
1.19061
1.55578
1.48206
1.58013
1.95532
1.67076
0.845372
1.95917
1.64493
1.17333
0.632516
1.94365
1.11907
0.980604
1.70213
2.04295
1.35967
1.83683
1.79052
2.02144
1.24006
2.27193
1.68334
1.32746
1.47599
1.90252
1.46855
2.34347
0.393423
1.64576
1.14154
1.10426
1.5214
1.79321
0.916512
1.39369
0.824283
1.30621
1.31806
1.4297
2.17341
1.13272
1.4269
2.20993
2.03593
1.59753
2.3113
1.58527
1.93402
1.43319
2.06081
1.06124
2.00289
1.51993
1.00451
1.75991
1.34623
1.22489
1.67398
1.64964
1.97098
2.13107
2.07746
1.68228
1.25918
1.09759
1.57354
1.87317
1.4574
1.44202
2.41863
1.3665
1.33047
1.59723
1.75064
2.39595
1.44971
2.31994
1.48601
1.91484
1.99151
1.8412
1.75122
2.22507
1.81488
1.05086
1.68555
1.4092
2.52442
1.98041
0.84237
1.08675
1.90584
1.39386
1.75755
0.834631
1.60274
1.52256
1.54394
1.40091
1.77728
0.582698
1.25066
1.25294
1.49744
1.88489
1.20235
2.27375
2.1373
2.16121
1.68317
1.09064
1.65212
1.74009
1.95662
2.52372
1.40577
2.23953
1.76078
1.11303
1.17887
0.767959
1.73999
0.843817
1.74564
1.5298
1.35639
1.68265
1.44328
1.22697
0.868608
2.37721
1.56173
1.19583
1.80742
1.49786
1.53676
1.88631
1.07406
1.45343
1.89543
1.56485
1.58554
1.10278
1.37798
2.21165
1.55499
0.710857
2.32789
2.11894
1.73329
1.95413
2.27793
1.26368
2.07058
2.47236
2.50821
1.56066
1.67301
0.794883
1.00502
0.709531
2.28738
1.75699
1.70431
2.20625
0.280695
2.46914
1.40506
1.92651
1.87691
1.09796
1.40636
0.630215
1.7501
1.17558
2.31001
1.52189
1.33604
1.45122
0.672406
1.77042
1.35782
1.8537
1.86519
1.09962
1.29827
1.62459
2.478
1.09183
1.54778
1.5523
1.2468
2.12954
1.5305
1.9598
1.77426
1.43129
1.61506
1.19025
1.58834
1.06689
1.76994
1.44255
1.51157
1.37048
1.57626
1.53227
1.48052
2.00974
1.79072
0.803783
1.87234
0.976562
1.83116
2.19077
1.4148
0.738509
1.3918
1.59338
1.35733
1.20648
1.47519
2.17109
0.831009
1.86502
1.50646
1.83165
1.55541
0.585927
1.48512
1.91784
1.23008
1.6312
1.55862
0.944413
1.41196
1.17001
1.33661
0.882573
2.10698
1.54198
2.39318
1.40512
2.03355
1.01697
1.45518
1.49663
1.40939
1.4804
0.952416
2.37786
1.0597
1.42218
2.22837
1.43393
1.4918
1.86704
1.09932
1.9132
1.64664
1.39422
1.47323
2.09187
0.705895
1.29639
1.19946
1.50862
0.980902
2.73867
2.01663
1.52015
2.24843
1.32209
2.15272
1.55261
0.842517
1.36541
1.72733
1.55316
1.13554
1.6311
2.44826
2.03269
1.66922
1.54058
0.453345
0.938161
1.74768
1.68086
1.75556
2.3554
1.33102
1.07565
1.59427
1.56558
0.76589
1.34009
1.90388
0.814972
1.82373
1.72645
2.47997
0.922024
1.2014
1.81082
0.56427
2.10672
2.02358
1.52265
1.50859
1.44455
1.81136
1.70406
1.19718
1.79531
1.78583
1.75221
1.83535
0.811003
1.49075
1.27414
1.13808
1.55694
1.54919
1.63955
1.44702
1.93526
1.65038
2.33726
1.49871
1.76873
1.87346
2.59843
1.64863
1.69262
0.959193
0.616023
1.45642
1.55528
1.45692
0.604422
0.840893
1.459
1.44267
1.74198
2.00964
1.76134
1.84659
2.16447
2.32393
1.28041
0.447694
2.31684
2.13974
1.33102
1.30761
2.0589
1.36463
1.24119
1.2712
1.39459
2.21355
1.90208
1.26391
1.42255
1.43063
2.4627
1.34801
1.59183
1.83086
2.67376
1.18251
1.93157
1.59753
1.93102
1.56521
1.60492
0.97108
2.02542
1.03653
1.38814
1.8127
1.61201
1.16779
0.832792
1.85393
2.05873
1.59409
1.54858
2.04313
1.42175
2.10281
1.60681
1.30525
1.95776
1.89067
1.24097
0.727433
1.03
1.63077
0.769527
1.93519
0.807967
0.823718
1.58215
1.85297
1.27787
2.40066
1.24828
1.41341
1.80921
1.36662
1.88235
2.54138
1.48451
2.42507
1.1943
2.09997
1.22171
1.01433
2.00387
0.846601
1.86405
2.29624
1.05534
1.90208
1.8319
1.26922
1.90568
0.841745
2.01782
1.70876
0.392965
1.43011
2.08841
0.975023
1.55651
1.44224
2.13027
1.78704
1.69729
2.00355
1.35064
1.5363
1.48261
1.56439
1.23355
2.18936
1.58244
1.40688
1.78986
2.12043
1.73963
1.62337
2.12868
1.81625
1.94817
1.12726
1.49431
1.6754
1.68905
1.58506
1.25378
1.90228
2.36062
1.53869
0.713667
1.40441
1.77756
1.411
1.09361
1.61043
1.69182
1.07303
1.2449
1.74951
0.509589
1.06527
1.8149
1.65341
1.38504
1.44934
1.49487
1.83987
1.85129
0.668118
1.66076
1.90658
1.5251
2.32859
2.06145
1.99949
2.07797
1.06985
1.85221
2.17143
0.868939
1.59387
1.33822
1.07777
1.87468
0.925873
1.52073
1.78752
2.20909
1.5621
1.49557
1.2096
1.8968
0.997632
2.02131
1.97145
1.89165
1.60983
1.4518
1.70191
1.20768
0.870963
1.27713
1.22171
1.43814
1.46894
1.2576
1.20299
2.04184
1.78099
1.81287
1.06829
1.87336
1.48022
1.43128
1.78196
0.913141
1.22901
1.75129
0.983145
1.59408
1.8983
1.88955
1.22112
1.38083
1.74161
1.82646
1.40184
1.51834
1.48714
1.06633
2.54271
1.49587
1.26544
1.41526
0.808378
1.42002
2.30807
1.11724
0.837351
2.25692
1.41831
2.0017
1.69059
1.41369
1.32739
1.35
1.98884
1.90075
1.3805
2.50556
1.88169
1.76318
1.43091
1.01252
1.54986
1.46545
1.49291
1.26893
1.28354
1.78508
1.8856
1.73127
1.4169
2.1875
1.76036
2.32483
1.64686
1.22385
1.88862
2.48832
2.12961
2.33329
1.40395
2.36103
1.80599
2.02328
1.2829
2.19552
1.23211
1.16905
0.982597
1.38091
1.77803
1.52305
1.28894
1.70899
1.63783
2.57144
2.47383
1.68494
1.50813
1.87867
0.97639
1.17763
0.871601
1.30384
1.0152
1.85764
1.59127
0.980748
1.60034
1.67327
0.831271
1.43913
0.983396
2.12298
1.53319
2.25156
1.84243
1.85704
2.08434
1.37014
1.36544
1.47139
1.45907
1.57391
1.35589
1.08735
1.10018
1.85459
0.906471
1.63123
1.1994
1.99781
2.54021
1.46347
1.19259
1.83585
2.28902
2.10054
1.17677
1.36535
1.32691
1.07397
1.30463
1.20996
1.46912
1.1315
1.46184
1.62475
1.01903
1.30207
1.81334
0.910114
1.27027
0.114307
1.18198
1.35934
1.5979
1.97105
0.774711
1.08985
1.7146
1.71029
1.62896
1.26772
1.11391
2.16122
1.87471
1.74229
1.85214
1.31196
1.58075
1.69505
0.615181
1.73678
2.81867
1.50673
1.33642
1.228
2.30282
1.26976
1.09235
1.30074
1.52409
1.59808
1.66205
1.56359
1.40995
1.59363
2.22669
1.74495
1.57824
1.07753
1.37677
1.23629
1.97559
1.57824
1.59008
1.94402
1.68918
1.84111
2.06783
1.72593
1.68042
2.18992
1.78877
1.5033
1.42437
1.70099
1.67583
0.793918
2.11292
1.19245
1.54831
1.55248
2.59332
1.16424
1.32769
2.08938
1.61454
1.13918
1.64334
1.60688
1.43491
2.04882
2.28813
1.24148
2.37296
2.1982
1.53319
1.93499
1.87959
1.74149
1.52589
1.19994
1.37005
1.86322
2.47389
1.21267
1.88343
1.65874
1.13738
0.840232
1.78126
1.56614
1.90773
1.59814
2.2428
1.65274
1.52745
1.47257
1.27346
0.959228
1.46782
1.47225
1.55438
0.924789
1.74172
2.06061
1.46117
2.02049
1.3078
1.3171
2.24476
1.88811
2.21942
0.673192
1.47507
2.21565
1.55517
0.798822
1.85549
1.5418
1.51865
1.92554
2.26166
2.28228
0.673594
2.03703
1.49718
1.43537
1.47418
1.92397
1.7387
0.943908
2.10345
1.39289
1.36498
1.70296
1.57622
0.861531
1.71881
1.68125
1.72392
1.80549
1.68876
1.25301
1.54885
1.77659
0.948984
1.29234
0.871045
1.81099
1.16111
1.69212
1.1476
0.952135
1.73825
1.77075
2.35523
1.63302
1.53331
0.995776
1.68799
2.282
1.68663
1.30928
2.01517
2.04388
1.52728
0.885951
2.27453
1.58873
1.45868
1.33855
1.0372
0.786814
0.932241
1.6315
1.30815
1.59863
1.09202
1.87729
1.11302
0.797416
2.16787
1.52128
1.3791
1.91172
1.71417
1.18265
2.11519
2.1529
1.90316
1.25703
1.79096
1.12871
1.14683
1.5857
1.50685
1.94507
0.930072
2.0719
1.45512
2.17241
1.08678
1.06374
1.25224
1.49957
1.40246
1.25289
1.39459
0.949392
0.871365
1.26327
0.995883
1.78504
2.46522
1.87887
0.967693
1.96906
2.10664
1.20826
1.19606
0.842956
2.3794
1.57269
1.82108
1.40023
1.62203
0.851639
1.29897
1.21664
1.60749
0.443454
1.30738
1.99204
2.39096
0.691027
0.737433
2.2766
1.86424
1.56726
1.03226
1.53322
1.26637
1.43987
1.23164
0.907148
1.96051
2.03361
2.50362
1.2447
1.06368
1.29123
1.68423
1.46037
1.01996
1.88971
0.683807
1.62047
2.01805
2.34306
0.911287
1.24106
1.00502
2.02713
2.1444
1.21606
1.63383
1.50758
1.19291
2.18679
0.91475
2.17606
1.31675
2.29337
1.03274
1.04198
0.836117
2.11093
1.17868
1.41545
1.86086
2.26478
1.74328
1.64588
1.78233
1.30659
2.12032
1.79991
2.03443
1.63401
2.14192
1.04685
0.555225
2.04761
1.66625
2.07907
1.99506
1.75696
1.96761
1.68706
1.76628
0.920422
0.976701
1.27884
1.81861
1.6611
1.218
1.74251
1.82297
1.6532
1.13744
1.85377
1.75333
1.70871
1.73836
1.18745
1.29713
1.09717
1.64106
1.82821
1.52042
1.51373
1.4964
0.724272
0.840952
1.51675
1.46132
1.78202
2.45882
1.3958
1.54247
1.17141
1.72059
2.1276
2.2083
2.13072
1.40268
1.29497
2.21078
1.42423
1.4951
1.94035
1.74031
1.46341
2.01886
2.23505
1.00452
1.55487
1.56318
1.60034
2.34226
1.41175
1.79399
2.04933
2.14673
0.847439
1.7703
2.23603
1.7477
2.49034
2.05053
1.65298
0.966761
1.80304
1.74849
2.53043
1.90236
0.852129
1.34018
1.60975
1.46605
1.45554
1.82278
0.601433
1.69629
1.34489
1.71164
1.70129
1.64389
1.6411
1.37291
1.06742
1.38982
1.24603
2.27436
1.74681
1.9989
1.63927
0.343793
1.65543
1.43858
1.99223
1.21898
1.14209
0.994682
1.3665
1.55401
2.21458
2.04958
2.27593
1.42468
1.55882
2.01104
1.5093
2.59241
1.37721
1.75958
1.57147
1.49011
2.48632
0.873674
1.75537
1.64906
2.36582
1.42039
2.28796
0.880997
1.07891
2.39497
2.0423
1.71325
1.75285
1.536
1.11865
1.94219
1.84065
1.41242
1.89178
1.51296
0.96606
2.12851
1.68202
1.67855
1.99703
1.79321
1.57641
0.802382
1.74688
1.13623
1.76594
1.50624
1.73208
1.09902
1.60181
1.97077
1.55917
1.56347
0.657185
2.40675
1.12659
1.06295
1.85891
1.33529
1.26543
1.70008
1.07981
1.35261
0.89777
1.71241
2.38691
1.88619
2.07419
0.980523
1.4542
1.6179
0.616663
1.02907
2.05129
2.20325
1.67327
2.16556
1.48651
1.92993
1.8454
2.47026
1.39726
2.40401
0.754242
1.15862
1.42606
1.61485
2.31784
1.92127
1.39967
1.2944
2.11117
0.891563
1.2495
1.46261
2.45382
1.58978
0.862559
1.86722
1.4483
1.55123
1.71542
1.09223
1.09525
1.5646
1.71579
1.36918
2.16057
1.44805
1.31654
0.965066
1.6519
1.5129
1.49532
1.32654
1.27595
1.54943
1.58358
0.496147
0.792598
2.14496
1.96965
1.54015
1.37067
1.25027
1.64224
1.51966
1.60324
1.34527
1.5712
1.43802
1.51413
1.48898
1.70022
1.13278
1.96112
1.20816
1.7188
0.835152
1.58465
1.1113
1.69952
2.485
1.37329
1.78889
1.61506
1.65362
1.62426
1.88907
1.82171
1.47795
2.49618
1.61011
1.75972
1.09466
2.04764
1.3189
2.12008
1.88898
1.48935
2.30842
1.04162
1.3378
1.98706
1.31111
1.17426
1.75252
1.74141
2.63218
1.55374
2.06497
1.6238
0.901632
1.93768
1.61418
1.88733
1.42267
1.54975
2.49936
1.55905
1.18394
0.919284
1.63631
1.32919
1.8519
1.76004
1.35277
1.7488
1.03916
1.69127
1.10777
1.64392
1.37583
0.91274
2.42175
1.48477
1.31171
2.22497
2.07575
1.77721
1.05128
0.790108
1.18528
2.06109
1.73873
1.84047
1.30134
1.20104
1.3577
2.13506
2.36586
1.1243
1.50482
0.940688
1.17843
1.04265
1.92309
1.73385
1.7109
1.34882
2.11565
1.39562
1.22272
1.49865
1.53661
1.27139
1.71691
0.830564
2.02042
1.23939
1.6512
2.10537
1.71334
2.03566
1.34598
1.2366
1.56823
1.96278
2.15505
1.18699
2.10263
1.1047
1.36408
1.70801
2.14503
0.695802
1.43885
2.51724
0.983922
1.79007
1.39335
1.27326
1.16877
1.63407
2.20889
2.33482
1.78071
1.53137
1.95962
1.94644
1.37506
1.71186
1.80141
1.24918
1.88342
1.07496
1.16331
2.26525
1.676
0.476758
1.49017
1.23615
2.11853
0.753104
1.36919
1.48543
1.78208
2.08951
1.31695
2.28889
1.05322
1.78842
2.20162
1.42807
1.69117
1.26276
1.26978
2.0809
2.20333
1.07586
0.852401
1.30884
1.42841
1.23286
2.24706
0.988773
1.07607
1.80151
1.76687
1.50605
0.922238
1.42651
1.58032
1.83756
1.20784
1.81422
1.20235
0.912407
2.3106
1.6596
1.39594
1.12315
1.6596
2.04771
1.32416
1.42829
1.41829
1.35461
1.32203
2.07184
1.59823
1.39673
1.8984
1.84225
1.00183
2.39208
1.31673
1.16736
1.1265
1.02996
0.901477
1.34529
1.24751
1.80269
1.02362
1.83756
1.41205
1.83234
2.2257
1.4353
1.66977
0.853886
1.16441
1.82335
1.18498
1.45033
1.67284
1.81064
1.77117
2.37412
2.24762
1.80656
1.15686
0.927841
1.41912
1.39583
1.42833
1.19359
1.297
1.96166
1.9678
0.933873
1.14903
0.971835
2.20523
1.75153
1.94973
1.95058
2.04621
1.36836
1.48947
1.26695
2.29071
1.41968
1.36563
1.45359
1.55664
1.86051
1.53026
1.7651
2.12577
0.72956
1.46633
2.52236
1.67661
1.42434
1.36285
0.995382
2.00961
1.55798
2.45718
1.99234
2.31395
1.94152
1.91281
1.90118
1.86832
2.13873
1.82002
1.5303
1.90402
2.2995
0.91087
1.52891
2.2727
1.82408
1.56875
1.72667
1.4566
2.13759
2.17048
1.88302
1.02954
1.85873
1.1122
1.49424
0.514209
1.31666
1.28675
1.59236
1.79146
0.624248
0.468665
2.13183
1.41316
1.95538
0.742017
1.77311
2.23028
1.37017
1.69471
1.35545
2.33528
1.61871
1.32048
1.84316
1.91587
1.48953
1.13678
1.98769
1.30631
1.85248
1.85627
1.89499
1.15272
1.49799
1.52897
1.57275
0.763803
0.935974
1.33202
1.52598
1.54009
1.87906
0.849789
1.13397
2.12565
1.84549
2.14645
1.79195
1.90195
2.27785
1.55493
1.61439
1.69526
1.58203
1.8726
1.497
1.54266
2.34244
1.28175
1.12239
2.0842
1.74308
1.0863
1.76519
1.23643
1.28866
0.962385
0.781653
1.42239
1.49285
2.23898
1.15062
0.843615
1.5628
1.56543
1.80425
1.44781
1.78615
1.02533
1.38265
1.68537
1.39549
0.83572
1.25856
1.00248
1.31443
1.35295
1.01775
1.10341
1.13899
1.67125
1.62337
1.63786
1.74059
1.24177
1.87555
1.27787
1.77624
1.04204
1.33635
0.85495
1.10142
2.042
1.33872
1.46556
0.155456
2.28823
1.90505
1.46657
1.68174
1.31187
2.20694
1.85075
1.85857
1.49173
1.35586
1.70172
2.03186
1.34231
1.4252
1.02032
1.20699
0.72851
1.27221
2.02871
2.30174
0.955177
1.57214
1.87167
1.08817
1.86395
2.64807
1.58575
1.37814
2.37204
1.75326
1.34736
0.998004
1.76425
0.962204
2.14971
1.73392
1.66701
1.19345
1.96799
1.2618
1.55425
1.5192
1.33083
1.40562
1.85672
0.694071
2.1028
1.87669
1.10599
1.63838
1.29725
1.29483
1.54287
1.52957
2.11751
1.24293
1.55804
1.54003
1.43587
2.03386
1.31476
1.76471
1.32619
1.26989
1.04071
1.54513
1.17085
1.56762
1.46611
0.962047
2.06771
2.48846
1.62597
1.3998
2.11944
2.04898
1.57843
1.43762
1.73452
1.55151
1.55175
0.779398
1.05595
1.4796
0.902673
1.77929
1.19822
0.859721
1.21266
1.55712
1.31572
1.06206
1.12801
1.63652
1.11902
0.878265
1.32085
1.13475
1.58172
1.0555
1.30558
1.15505
2.28782
2.03613
2.03252
1.79559
1.84389
0.620397
1.69011
1.44504
1.37184
2.227
1.10703
1.41699
0.715692
2.2374
2.01907
1.93153
1.5278
2.30663
1.44073
1.3308
1.62698
1.7221
2.57962
2.64865
1.63487
1.7113
1.68598
1.8197
1.04019
1.49293
0.769274
0.992363
2.02732
1.50771
1.93886
1.578
1.93763
1.46169
1.74979
1.68709
1.69391
2.20911
0.586346
1.93869
1.75957
1.78808
0.754301
1.88749
1.72618
1.86286
1.33589
1.91566
1.37379
1.91223
1.72446
2.11415
2.156
1.45678
1.96092
1.54826
1.77954
1.16534
1.5849
2.18495
2.55068
1.68045
1.41712
1.53174
2.10344
1.10433
1.69526
1.90358
0.920974
0.958394
1.9596
1.05186
1.45113
1.58412
1.43528
0.914328
1.14796
1.15587
1.14241
2.01016
1.22829
1.08506
1.69422
1.55166
1.55511
2.14201
1.66107
1.22151
1.22978
1.26215
1.39831
2.06134
2.37637
0.858272
2.11228
0.40498
0.633432
1.42767
1.47035
1.62279
1.85246
1.16663
0.593726
1.819
1.52433
1.78908
1.54169
2.19729
1.91411
1.76961
2.0962
1.49348
1.48616
1.84176
1.92201
1.2017
1.60196
2.04155
1.43747
1.91358
0.85097
1.86697
2.4152
0.870762
0.988828
2.3609
1.7366
1.58195
2.24318
1.64126
1.27416
1.92142
1.29225
1.5854
1.84009
1.24795
2.54172
1.87928
1.4469
1.98915
1.31136
0.97892
1.921
1.41631
1.85696
1.71496
2.0461
1.31093
1.63132
1.003
1.34801
0.929215
1.04277
0.916288
1.60785
1.85513
1.1772
1.0583
1.64334
1.97287
1.21092
1.06016
2.17103
1.2984
1.65372
2.08574
1.38746
1.33212
1.59566
2.59769
2.40115
2.48033
1.86277
2.35712
1.66391
1.34445
1.56445
1.82723
1.81252
1.39989
1.84364
1.36592
1.17181
1.43177
1.77902
1.283
1.60962
0.967503
1.80266
0.889401
1.41195
1.4257
1.43186
1.98815
1.61463
1.97848
1.14859
1.70994
1.7596
1.34757
1.90498
1.20735
2.40633
1.56814
0.366181
2.32138
2.32993
2.12241
2.36249
0.751094
1.03066
0.763553
1.96033
1.79831
1.33039
2.26292
1.29058
0.769668
2.16007
1.65601
1.61366
1.71139
1.72892
2.4324
2.38401
2.27586
1.23033
1.83902
0.631432
1.45056
1.26746
1.95374
2.34517
1.60034
1.14671
2.23778
2.01256
0.850334
2.1048
1.79909
2.39407
1.93808
1.71002
1.80292
0.75317
1.50272
1.23996
1.01798
0.864474
1.39754
1.09363
1.35439
0.635043
1.19113
1.58978
1.658
1.80425
1.98148
1.59161
2.10763
0.95226
1.4717
2.13
1.87852
1.20045
1.59987
1.10101
1.42545
1.35033
1.62001
1.72435
1.50171
1.60969
0.946025
1.55253
1.35245
1.89357
1.61821
2.07765
1.24151
1.30991
1.19109
1.12743
1.17924
1.25921
1.16164
1.89933
1.69388
1.52751
1.50514
1.37844
1.0125
1.48555
1.23927
1.32545
1.81825
2.32103
1.22074
1.41607
1.26586
1.92133
1.06501
1.09721
1.15578
1.96013
1.50711
0.641477
1.52097
0.721811
1.22599
1.27308
1.54742
1.54098
0.65766
2.48528
1.80238
1.2269
1.2167
1.88656
1.82108
1.58772
0.579627
1.06257
1.22353
1.57211
1.98563
2.26159
1.88682
1.82663
1.85847
2.42384
1.32914
1.55255
1.43999
1.32038
1.18548
1.70117
1.10791
1.60236
1.36088
1.574
2.02447
1.57885
2.4584
2.2653
1.58001
1.61103
1.51517
1.82341
1.20488
1.45531
2.35721
1.56347
0.807599
1.3286
1.51461
1.36263
1.12963
2.10628
1.86022
1.31057
1.05262
1.24132
1.73162
1.00205
1.9713
0.844196
1.64625
1.41668
1.40305
2.00874
1.33438
1.78538
2.57428
1.44461
2.63624
2.15133
1.66089
1.11003
1.38833
1.67889
1.69825
1.51755
1.80047
1.51455
1.48371
1.45328
1.47807
1.81532
1.87344
1.74127
1.58886
1.4618
1.60181
1.39294
1.53655
1.40735
0.612682
1.0334
0.891742
2.26169
1.86922
1.22679
1.81592
1.62953
1.39989
1.40648
1.46869
1.52222
1.20641
2.21151
1.67732
2.19003
1.41183
1.67853
1.94818
1.08705
1.62255
1.84908
1.52122
1.46912
1.83369
1.5903
1.82394
1.01496
1.43231
0.996226
2.08073
1.6442
1.50073
1.95005
1.44716
1.74133
0.878514
1.71364
1.67619
1.4899
1.5174
2.14232
1.76805
2.37408
1.38069
2.18484
2.33335
2.04854
2.13535
1.51193
1.80267
1.8186
1.75961
1.31736
1.09306
1.17508
2.21562
1.57959
2.46798
1.54766
2.39676
1.82398
0.918046
1.70708
1.89171
1.50696
1.41227
2.30547
1.48821
2.35329
1.24558
1.46366
0.8535
1.51798
1.75767
1.74601
1.98202
1.5181
1.22034
2.87098
2.12728
2.18203
1.45309
1.53136
1.57775
0.872026
2.09584
2.10085
1.71559
1.41344
2.13526
1.04861
1.7374
0.498277
1.15312
2.26256
2.40127
0.850699
1.7239
1.51168
1.29892
1.51584
2.16812
1.51498
1.31463
1.25522
1.14852
1.01784
1.26125
1.80809
1.36855
2.43963
1.58989
1.34876
1.64455
1.25137
1.87103
1.91879
1.19603
1.79283
1.7339
1.71775
1.42159
1.42101
1.96848
1.51095
1.03779
2.54674
2.34399
1.03886
1.79114
1.47792
1.9926
1.42652
2.3874
1.84113
1.61555
1.18476
1.27283
2.64348
2.27074
1.6457
1.74384
0.863391
1.99727
1.42087
1.87784
1.07122
1.27949
1.72401
1.43476
2.49775
1.18329
1.69522
1.34371
0.988423
2.12296
1.38412
1.30156
1.39422
1.12672
1.02571
2.51273
2.07416
2.62084
0.86467
1.34275
0.955492
1.43328
2.40976
2.25957
1.40262
1.7782
1.71467
1.40036
0.739558
0.845709
1.19898
1.70372
1.88116
1.63013
2.20641
0.906953
2.46858
1.66001
1.89765
1.26529
1.06996
2.30274
2.18804
1.19173
2.16598
1.76225
2.16999
0.800114
1.63218
1.75873
2.00331
1.11791
1.84117
1.17386
1.88094
2.24674
2.12992
1.09971
1.4451
1.3375
1.43118
1.23091
1.6337
1.47967
1.2757
1.74177
1.66131
1.7912
1.00705
2.49638
1.71047
2.04101
1.91952
1.53362
1.14747
1.06529
1.49287
1.29015
1.16604
0.960457
1.40543
1.70671
2.15344
1.86124
1.8487
1.41409
1.32131
1.52745
0.796067
1.36569
2.0976
1.3462
2.06171
2.65871
1.40029
1.16722
1.8168
1.18348
2.26377
1.23376
1.06723
1.28166
0.862953
2.10061
1.65874
1.20183
1.14616
1.08451
2.07144
1.07086
0.876675
1.48005
1.43858
0.511133
1.99028
2.19856
2.30423
1.37404
0.991093
1.49792
1.88285
0.952641
1.82621
1.04833
1.36711
1.02022
0.80333
1.78177
1.31275
0.672485
1.15586
1.17482
1.26352
2.25889
1.36961
1.45623
2.3391
1.33892
1.53078
2.08538
1.95203
1.77908
1.51304
2.33386
1.45927
2.06227
0.946636
1.50715
1.53905
1.30694
2.16872
1.83797
1.35717
1.65837
1.00625
1.46112
1.22745
1.52427
1.18343
1.86698
1.20576
1.78633
1.02411
1.74635
1.82953
1.22456
1.29764
1.49712
1.34851
1.65785
1.33205
1.91275
0.674468
1.74595
1.49215
1.47477
0.769228
1.44842
1.9157
1.88579
1.68684
1.23189
1.4899
1.10612
0.742061
2.29118
1.43115
1.41057
1.09858
0.873983
1.8444
1.98107
1.47458
2.00278
1.09504
2.22824
1.16244
1.47599
0.832202
1.12103
1.16616
2.09598
1.65865
1.15309
1.30574
2.09905
1.89918
1.69699
2.20782
1.75542
1.83806
0.644772
1.65053
1.46881
1.60608
1.68641
1.24171
2.05109
1.30106
1.12732
1.10185
2.14811
1.57916
1.59895
1.62356
1.65947
1.30663
2.22817
1.88533
2.32975
1.85482
1.24982
1.35195
0.609455
2.31673
1.12083
2.10176
1.39
1.47121
1.48622
1.83864
1.58024
2.22254
1.76834
1.40258
1.32177
1.21548
0.744172
1.7872
1.17429
1.00212
2.62479
2.51796
0.774368
1.52183
1.3313
1.97717
1.99497
1.30492
0.890974
0.647723
1.75258
1.68911
2.26649
1.75457
1.5374
1.94876
1.94488
1.64096
1.52519
1.41143
1.23639
1.93734
1.46937
1.14871
1.44498
2.28617
2.08418
1.52989
0.705441
1.51403
1.42397
2.00766
1.53576
1.34645
1.52939
0.971748
1.20992
1.23466
1.20166
1.39149
1.91107
1.48754
0.608263
1.82411
1.48916
1.10642
2.02151
1.73709
1.60486
1.80869
2.58925
1.89772
0.757832
2.20601
1.56219
0.998425
1.68489
1.22776
1.52665
0.738011
1.55285
2.33427
1.69942
1.13731
1.88597
1.21853
1.91678
1.53355
2.06449
1.06374
1.80117
1.38221
2.03259
1.89525
1.43722
2.15245
1.88238
1.1914
1.89267
2.10745
1.17975
1.56973
1.2749
1.48393
2.2359
2.11984
1.39924
2.30317
1.48334
2.09074
2.13133
1.69649
0.836426
1.80078
1.32317
1.55609
1.78099
1.59069
0.739569
0.821308
1.364
1.9584
1.61555
2.02597
2.40734
0.64394
2.78542
0.780389
2.44728
2.38612
1.18401
1.40382
2.04799
1.9557
1.35078
1.32819
1.42152
1.84408
1.44676
1.80502
0.840057
2.25819
1.55227
1.74861
2.26138
1.69686
1.55554
2.10752
1.77571
0.69352
1.46231
1.23573
1.74953
1.31062
1.49307
2.19867
1.42975
1.14706
0.940709
0.782597
2.12536
1.69809
0.897186
1.51113
1.05845
1.57525
1.8579
2.48909
1.39106
1.95529
0.77191
1.17122
1.59802
1.33864
2.01241
1.09483
1.62765
1.73035
1.52406
1.7093
1.54787
1.61115
2.20363
1.00043
1.24576
1.46522
1.42684
0.638865
1.47637
1.00593
1.77067
0.985673
1.6363
1.19275
1.21231
1.30504
1.55667
1.04631
1.17236
1.56054
1.4403
1.2681
2.29821
1.34314
0.805354
1.04719
1.50969
1.43192
1.73001
1.64862
1.69662
2.30776
1.26682
1.6992
0.844662
2.17877
1.98458
2.07253
1.19133
1.94069
1.98474
1.47639
1.40172
1.43808
1.37341
2.00874
1.02107
0.981416
1.54583
1.8438
2.28521
2.27257
1.23149
1.85214
1.28392
1.20738
1.87736
1.15906
2.263
1.75007
1.99034
1.75901
1.82449
1.63193
1.74898
1.16501
1.62508
1.84624
1.86902
1.41607
1.21826
1.9764
1.79309
1.53612
1.68534
1.78132
1.59027
2.10075
1.20418
1.10093
2.08725
1.24203
1.77862
1.1371
0.6404
1.73888
1.12557
1.89951
1.10814
1.41285
1.89518
1.68429
1.48145
1.36556
0.863875
1.31266
1.67625
1.68739
1.74217
1.62597
1.21108
0.905296
1.89235
2.00706
1.13084
2.19789
0.81439
0.995045
2.20484
1.63945
1.5009
2.05521
1.89615
2.45663
1.51452
1.94901
1.50733
1.36338
1.93588
