0.110943
0.000188058
0.000476262
0.0190781
0
0.000287664
0.000845369
0.00156943
0.000226235
1.83839e-05
2.18403e-05
0.000957919
0.00140546
0.000370485
6.30762e-05
0.000269258
0.0019997
0.000342662
0.00144955
0.00172874
0.000193498
0.000370773
0.000297466
0.00163853
0.00219689
0.000235773
0.000370255
0.000151787
9.40266e-05
0.000981254
0.00345237
0
0.00415264
0.000441385
3.05614e-05
8.22188e-05
0.000117646
0.000441661
0.00193124
9.16378e-05
0
0.00316969
4.8918e-05
0.114867
2.10734e-08
0.0005788
0.00170639
0.00118068
6.83592e-05
0.000685057
0.00614519
0.000179914
0.000271967
0.000777358
0.00319438
0.00696189
0.00145791
0.00168545
0.00786962
0.00245714
0.00194696
0.0112871
4.44841e-05
0.00425103
0.0120996
0.00272246
0.00155428
0.00110636
0.000141767
0.00188499
0.00360118
0.000101809
9.19349e-05
0.000474918
0.000574403
0.00115085
0.00101258
0.00039649
0.00546372
8.94077e-05
0.000142902
0.000580945
8.62591e-05
0.00023403
0.000636869
0.000107009
0.000139767
0.000923199
1.00655
0.115316
1.20695
0.0757716
0.107911
0.368611
0.431504
0.523259
0.387533
0.454552
0.260254
0.487129
0.878205
0.0606119
0.497468
0.939641
0.584407
0.652112
0.420197
0.4577
0.163812
1.01208
0.616728
0.89874
0.938323
0.904836
0.153111
0.58184
0.102188
0.594747
1.23724
1.5042
0.590383
0.631483
0.808259
0.540186
0.915543
0.816904
0.694979
0.62113
1.17181
0.666137
0.683386
0.861185
0.150778
0.308553
0.162487
0.0614636
0.268933
1.4429
1.7802
0.323825
0.952152
0.386073
0.532062
0.824385
0.393369
0.896029
0.196059
0.745106
0.480315
0.812368
0.911682
0.902589
0.475996
0.378308
1.2386
0.352239
1.18725
0.0666873
1.26115
0.7236
0.593781
0.120999
0.396149
0.411579
0.87733
0.594021
0.0368578
0.536863
0.400594
0.662195
1.29351
0.127144
0.705784
0.681046
0.375419
0.843093
0.411452
0.354594
0.826762
0.432839
0.734346
0.414085
0.63444
0.165612
0.335158
0.715899
1.05939
0.552452
0.611435
0.62273
1.294
0.673508
0.428706
0.871526
1.02343
1.05111
0.406191
0.100799
0.949718
0.702606
0.748935
1.18856
0.377439
0.562184
0.869171
0.60426
0.546927
0.967896
0.754191
0.721526
0.724335
0.663189
1.3337
0.988362
0.736461
0.668652
0.736193
0.669335
0.347798
0.295188
0.3548
0.392913
0.428334
0.953238
0.587382
0.763065
1.01204
0.298608
0.67488
1.40919
0.452302
1.62752
1.29538
0.602905
0.398679
0.088868
0.173505
0.541998
0.681606
0.806855
0.873121
0.687069
0.657979
0.276977
0.703729
0.483168
0.500771
0.492654
0.45993
0.369346
0.622137
0.647565
0.408458
1.4939
0.518252
0.644451
0.759833
0.476491
0.480818
0.26628
0.195782
0.816036
0.92955
0.391697
0.804123
1.06714
0.681113
1.11358
0.683477
0.140716
0.151669
0.129684
0.311568
0.991018
0.506354
0.202981
1.29875
1.39213
1.10001
0.354571
0.765183
0.549177
1.19263
1.07161
1.44819
0.245121
0.647184
0.772823
0.678144
0.664233
0.772517
0.781925
0.601562
0.516677
0.0829668
0.807715
0.644708
0.728802
0.582438
0.58917
0.602818
1.48201
0.586214
1.61767
1.01983
0.817468
0.702332
0.737597
0.384394
0.489579
0.362025
0.136705
0.582901
0.69618
1.09368
0.518984
0.506433
0.651969
0.799062
0.694909
1.03213
0.742478
0.891641
0.881895
0.559812
0.636691
0.710135
0.710672
0.798329
0.679255
0.293382
0.340541
1.27849
0.192118
0.322388
0.806752
1.54882
0.705849
0.533341
0.25773
0.629921
0.342772
0.253449
1.17517
1.1581
1.09387
1.7575
1.84568
0.477068
0.392085
0.572642
0.732599
1.36608
1.05566
0.760257
1.31008
0.456674
0.653343
0.432205
0.336427
0.597857
1.31937
0.878778
0.775756
0.159661
0.316811
0.486437
0.277582
1.56933
0.591147
0.610196
0.435024
0.519551
0.831572
0.968071
0.443975
0.316093
0.622844
0.570965
0.0779507
0.629626
2.05962
1.06923
0.555803
0.156462
0.559501
0.42996
0.346791
1.13355
1.46392
0.840423
0.610701
0.645256
0.805432
0.255792
1.22084
0.674174
0.631842
0.900557
0.37161
0.856999
0.560429
0.380433
0.955632
1.50472
0.657765
1.51624
0.303893
1.39798
0.98801
1.19711
0.337353
0.768274
0.486093
1.4519
0.518131
1.12393
0.550552
1.04822
0.257699
0.305244
0.481084
1.13731
1.17555
0.977776
0.325986
0.196798
0.123667
0.613095
0.611835
0.491576
1.50403
1.18856
0.298173
0.5691
1.45118
0.81989
0.198714
0.20616
0.607728
0.248208
0.321583
0.555673
0.928276
0.466864
0.851537
0.737988
0.456874
1.44498
0.694684
0.427884
1.00234
0.654069
1.14824
0.123324
0.289526
0.8138
0.269448
1.3163
0.292791
0.100485
0.452999
0.57713
0.699625
0.290252
0.274145
0.620084
0.695452
1.12785
1.10031
0.710683
0.790691
0.380509
0.479806
1.45144
0.895988
0.275378
0.103181
0.597718
1.50395
0.975999
0.99726
0.717093
0.369864
1.39515
0.373619
0.696126
0.340984
0.460636
0.946824
0.731764
0.384612
1.00115
0.239217
0.430995
0.31825
0.548164
1.10938
1.03064
0.689195
0.525754
0.283392
0.423219
0.490247
2.00146
0.294081
0.703584
0.782679
0.21935
1.05708
0.725193
0.245743
0.336602
0.852982
0.520187
0.393638
1.49197
0.795173
0.578115
0.507899
0.234025
0.428945
0.266551
1.8998
0.80719
0.32869
0.418103
0.644057
1.07621
0.259064
0.175412
0.885286
0.237613
0.383849
0.492571
2.20943
0.0109153
0.682252
0.411167
0.454638
0.54251
0.677988
0.624051
0.744426
0.206884
0.777041
1.01783
1.11812
0.699755
0.820038
1.17513
0.327868
0.36615
0.335492
0.734152
0.300253
0.394761
0.437487
0.73766
0.703026
0.387003
0.507253
1.12395
0.608639
0.614944
0.283976
0.589255
0.81658
0.13282
0.705036
0.355325
0.596843
1.06582
0.480331
0.569777
0.317443
0.868189
0.424209
0.247372
0.508368
1.20792
0.464826
0.499818
0.771062
0.241173
0.521173
0.434438
1.2515
0.660976
0.998884
0.227607
0.470438
0.58237
1.66006
0.482882
0.732443
0.635751
0.665424
0.681123
0.50581
0.190236
0.568353
0.694565
0.437335
0.258482
0.693386
1.50167
0.66136
0.607794
0.590126
0.26957
0.799833
0.157768
0.632862
0.616542
0.268585
0.49975
0.183292
0.141709
0.646321
0.833776
0.81807
0.0924433
0.311049
1.40213
0.188377
0.165904
1.21142
0.525297
0.869659
1.20681
0.647682
1.06032
0.250426
0.452284
0.342529
0.98134
0.415038
0.392819
0.481668
0.436681
0.276785
0.211047
0.576078
0.398416
1.23165
0.163326
0.51762
0.226297
0.347789
0.665329
0.52567
0.412298
0.820884
0.205563
0.253757
0.664554
0.128759
0.824573
0.232996
1.11559
0.657878
0.633113
0.563701
0.578734
0.262623
1.69933
0.594127
0.203278
0.57765
0.929236
0.143361
0.46764
0.269709
0.719848
0.532947
1.6918
0.206292
0.385454
0.511559
1.29303
0.546989
1.57739
1.13064
0.926851
0.494349
0.248163
1.66077
0.411909
0.443197
0.563412
0.528853
1.55786
0.611707
0.706806
0.566747
1.34781
0.173903
0.150638
0.424309
0.133203
0.973664
0.239289
0.730627
1.21298
1.03356
0.179336
0.230922
0.95153
0.60008
0.976564
0.673308
0.406311
0.491877
0.581394
0.723771
0.347457
0.669444
0.521665
0.196913
0.783746
0.345898
1.8814
0.93559
0.329113
1.09746
0.375364
0.354375
0.609773
0.553947
0.491566
0.282472
0.239823
0.534383
1.1972
0.703134
0.746581
0.268295
1.45646
1.12969
0.652961
0.0619703
0.740659
0.223502
0.267971
1.00093
0.452608
0.131699
0.553046
1.02639
0.374911
0.369301
0.520954
0.0728622
0.787106
0.914042
0.63926
0.867798
0.734159
0.110179
0.926034
0.161426
0.281039
0.487819
1.22384
0.338022
1.05346
0.938213
0.739072
0.759828
0.221692
0.621122
0.254985
0.800791
1.20497
0.457195
0.463717
0.579086
0.915134
0.309496
0.205108
1.71506
0.915436
1.22676
0.566155
1.23362
1.18433
0.718305
0.692049
0.487079
1.67758
0.713648
0.915501
0.232062
0.446109
0.871778
0.552522
0.476787
1.19374
0.682852
0.333521
1.36427
0.599709
0.963165
0.792451
0.309485
0.496672
0.63253
0.416381
0.658391
1.97481
0.199538
1.35449
0.357587
0.169068
0.6371
0.0542743
0.376593
1.40399
0.170276
0.569039
0.434368
0.814754
0.940371
0.897394
0.676302
0.0909454
0.459672
0.310067
0.392723
0.338185
1.33727
1.00676
0.497825
0.573497
1.09188
1.0268
0.842229
0.957973
0.451487
0.206068
0.373743
2.09285
0.538232
1.23737
0.576253
0.379144
0.583485
0.161805
0.680156
0.480134
1.50496
0.764969
0.667257
0.338705
1.0324
0.508141
0.228487
0.495197
1.01338
1.04016
0.304302
1.20509
0.908145
1.06023
0.262618
1.38988
0.74532
0.505509
0.56997
1.38177
0.342882
0.44253
0.302253
1.33699
0.274476
0.436317
0.689398
0.521348
0.694992
0.684798
0.419534
0.147907
0.508829
0.737547
0.323728
0.633329
1.08547
0.705065
0.111892
0.0477742
0.833608
0.930356
0.204203
0.117293
1.83206
0.525177
0.693644
0.261547
0.732697
0.863024
0.648288
0.934409
0.7976
0.281543
0.629261
0.404529
0.57757
0.681333
0.251253
0.55556
0.275145
0.114168
1.03996
0.596889
0.80266
0.623406
0.56638
0.971849
0.931739
0.862267
0.55875
0.625118
0.129496
0.226234
0.410575
0.60335
0.423231
1.48776
0.767801
0.393188
0.385082
0.709215
1.22501
0.226563
0.756883
1.22427
1.18396
0.766371
0.900509
1.2545
0.364015
0.562593
0.609507
1.2915
0.383278
0.0431195
1.90456
0.517052
0.54777
0.287644
0.287863
0.65411
0.647564
0.542578
0.836536
0.481375
0.804853
1.23239
0.474313
1.0106
1.09106
0.764793
1.56006
1.01381
0.263941
0.658923
0.390593
0.319927
0.541381
0.853277
1.01455
0.12361
0.701466
0.669946
1.15771
0.909256
0.819792
0.607476
0.805318
0.15065
0.446868
1.42122
0.709599
1.56385
0.60148
1.8161
1.4792
0.169402
0.610286
0.276372
0.608984
1.31114
1.27968
0.286838
0.527522
1.42818
0.447714
1.11618
0.580824
0.274222
0.292553
1.06029
0.748922
0.899798
0.185604
0.994741
1.00943
0.329707
0.589854
0.420131
1.02452
0.726657
0.565926
1.10287
0.848222
0.846411
0.660837
1.02468
0.566659
0.708372
1.22403
0.38764
0.908281
0.447061
0.427817
0.17994
0.0818001
0.210971
0.867891
0.290579
0.537171
1.22313
0.530139
0.91409
0.65402
0.66066
0.452117
0.372847
0.79261
0.425435
0.315332
0.500536
1.34741
0.107398
0.184059
0.55584
0.395196
0.480154
0.248594
0.258627
0.675269
0.282667
0.863395
0.414392
0.674973
0.605232
0.660898
0.738298
1.53061
0.746591
0.706991
0.2938
0.78934
0.695852
1.25011
0.201813
1.12916
0.351518
0.51644
0.607739
0.972813
1.14786
0.856756
0.660108
0.463166
0.734139
0.0930788
0.257275
0.156064
0.214249
0.789839
1.57757
0.712939
0.671401
0.395915
0.497789
0.948944
0.874942
0.455357
0.725544
0.353221
0.358124
0.767753
0.942987
0.932136
1.0538
0.809187
0.416027
0.198592
0.149935
0.383079
0.425959
0.775889
0.911521
1.94676
0.436695
0.739787
1.73885
1.28562
0.78618
0.374126
1.60755
1.08893
0.911312
1.88213
0.338751
0.827649
0.415585
0.544469
1.67925
2.10554
0.324397
0.445007
0.93038
0.572484
0.139769
1.0572
0.330611
1.15381
1.77772
0.166592
1.00305
0.274595
0.47054
0.145585
0.58915
1.37318
0.84883
0.408288
1.72128
0.789787
0.595317
0.595283
1.00899
1.7387
1.44888
0.716264
0.374567
0.673195
0.759157
0.445648
0.409536
1.3163
1.20258
0.163531
0.674886
1.05961
0.881618
0.661775
0.53907
0.495832
0.158487
0.126345
0.407486
0.446712
1.01043
0.730103
0.324173
1.11738
0.459145
0.0947472
1.21693
0.750204
0.63069
0.497502
1.0848
0.37104
0.328072
0.374378
0.435552
0.247623
0.250891
1.11191
0.715528
0.289105
0.831383
0.443449
0.378227
0.490004
0.295894
0.406996
0.211039
1.00972
0.455832
0.429029
0.713222
0.719323
1.51068
0.244986
0.432684
0.441083
0.48324
1.89525
0.213418
0.335287
0.538498
0.698611
1.40289
0.81368
0.809955
0.568412
0.866149
0.876159
1.42941
0.872774
0.913747
0.575084
0.411427
1.55871
0.426526
0.508802
0.937901
1.0773
1.94313
0.550783
0.545912
1.40677
0.509105
0.338523
1.59687
0.885736
0.597764
0.62486
1.39732
1.92432
0.454526
0.581213
0.711605
1.04985
0.255073
1.56292
0.632166
0.558979
0.732765
0.456246
0.886167
0.883406
0.315314
0.524083
0.743696
0.0827575
0.64647
0.546996
1.68423
0.270476
1.89652
0.117553
0.664983
0.704756
0.906834
1.10336
1.26366
0.452812
0.537518
0.57782
0.287517
0.814897
0.52677
1.08002
0.582893
0.917687
0.601831
0.128837
0.947807
0.550089
0.479179
0.186949
0.16763
0.804297
0.375447
0.39799
0.903365
0.241662
1.79284
0.577428
0.3494
0.864803
0.493175
0.35737
0.726231
0.596906
0.630956
1.21376
0.51993
0.868601
0.508076
0.634734
0.619281
0.725569
1.02649
0.724712
1.35052
0.40657
0.253471
0.2727
0.614496
0.347912
0.264608
0.529016
0.451609
1.39222
0.650248
0.582711
0.816752
0.474115
0.942614
0.68241
0.544186
0.130536
0.862855
0.401887
0.95012
0.851688
0.720934
1.11121
1.03067
0.415831
0.598719
0.898139
0.322327
0.738133
0.797339
0.556118
0.159402
0.343613
0.527366
0.210389
0.669931
0.735407
1.08031
0.72741
0.428916
0.348649
0.593448
1.24199
0.154963
0.635523
1.10743
0.585417
0.644856
0.757172
0.658674
0.0438453
1.58472
0.62992
0.737553
0.30216
0.126707
0.723464
0.575617
0.505349
0.621514
0.893543
0.911701
0.855711
0.464229
0.139035
0.291539
0.514107
1.24033
0.553644
0.227382
1.17286
0.286994
0.363215
0.833632
0.503797
0.512552
0.707247
0.808229
0.426092
0.80447
0.576679
0.908947
0.266018
0.405234
0.897702
0.504175
0.0461151
0.962013
0.396797
0.405558
1.07766
0.450626
0.317079
0.954011
0.783071
0.094998
0.176765
0.214568
0.217677
0.400495
1.19168
1.24157
0.646359
0.261183
0.665062
0.357939
0.39335
0.189235
0.471114
0.291012
0.548971
0.316649
0.160533
0.460051
0.798086
1.10871
0.380118
1.21309
0.830517
0.619788
0.55381
0.660551
0.917442
0.236803
0.137602
0.474286
0.803849
1.0582
0.279356
0.419444
0.690537
0.659688
0.818038
0.255691
0.373901
0.36546
1.144
0.240898
0.879396
0.346452
1.08668
0.327527
0.584667
0.356124
0.548665
0.222539
0.682436
1.13804
0.829706
0.778745
0.453945
0.675383
0.53435
1.13706
0.754536
0.392329
0.125803
0.227433
0.501971
0.453829
0.707085
1.64444
0.343082
1.13116
0.963936
0.649948
0.565899
0.597458
0.835996
0.879131
0.300654
1.3699
0.697703
1.08156
0.526852
1.18719
0.122703
0.819773
0.861896
0.751897
1.0297
0.563898
0.985676
0.781855
1.56786
0.468731
0.358723
0.0990261
0.201368
0.430522
0.41374
0.75266
1.0397
1.60909
0.575824
0.181002
0.522477
0.903727
0.487778
0.305578
0.32219
0.142086
0.194326
0.808292
0.539832
1.023
0.745546
0.968604
0.111016
0.488937
1.28708
1.03951
1.05065
1.30277
0.567656
0.369203
0.878477
0.851344
0.443686
1.33574
0.722638
1.12156
1.11085
0.740721
0.4877
0.500273
0.189578
0.606331
0.453489
1.21689
0.787887
0.70746
0.725849
0.778657
1.12866
0.579225
0.556664
0.507433
0.18913
0.737128
0.368579
0.279525
0.281508
0.327164
0.826915
0.608572
1.05721
0.648897
1.54751
0.238722
0.761695
0.354952
0.381323
0.543725
0.816458
0.591477
0.651379
0.939856
0.491982
0.760236
0.474775
0.185717
1.04541
0.32032
0.838936
0.612127
0.548316
0.803856
0.976967
0.697491
1.204
0.839162
0.658019
0.274327
0.203977
0.556584
0.209977
0.632675
0.577912
0.46742
0.384147
0.604924
0.495517
0.441172
0.434865
1.06921
0.741107
0.315124
0.34529
0.913052
0.956045
0.313544
0.257819
0.509307
0.828815
1.32473
0.266582
0.837033
0.594429
0.342302
0.749304
0.526039
0.474905
0.136174
0.626666
0.651023
0.957272
0.335561
0.292317
0.266564
0.756526
0.837704
1.09223
0.50873
1.18039
0.65191
0.192079
0.474256
0.435539
1.02534
0.303872
0.177891
0.990468
0.378278
0.624389
0.202121
0.477983
0.654077
0.316977
1.21392
0.47301
0.565943
1.02086
0.650487
0.582437
0.973484
1.00518
1.10166
0.235769
0.669219
0.270096
0.995963
1.59715
0.474272
0.533051
0.313142
0.896464
0.114932
0.453379
0.432656
1.08773
0.545139
0.821451
0.188531
0.358734
0.398819
0.309185
1.13168
0.342846
1.15076
0.662479
0.73675
0.856187
0.530553
0.25329
0.868974
0.6202
0.887093
0.371428
1.38959
0.952614
0.999182
1.03692
1.07324
0.969826
1.44375
0.756289
0.490623
0.12312
0.160505
1.00881
2.03638
0.503277
1.49753
0.722076
0.407352
0.875005
0.612228
0.676466
0.577697
1.17329
0.732499
0.774742
0.241246
0.692003
1.19169
0.124654
0.686548
0.845095
0.477968
0.230767
1.92471
0.0886009
0.56892
1.31383
0.505293
0.396976
1.36219
0.963725
0.237464
0.912202
0.601357
0.221267
0.841945
0.793994
0.65853
0.784309
0.701208
0.454614
0.512861
0.760687
0.640472
1.56137
0.253014
0.986841
0.460326
0.532657
0.589463
0.0935098
0.407056
1.26653
0.707726
0.720621
0.85548
1.11493
1.04728
0.149929
0.577374
0.103309
0.720301
1.08126
0.890119
0.411075
0.400707
0.153791
0.206671
1.19853
0.561098
0.821621
0.0560988
0.635105
0.499916
0.760478
0.414285
0.276161
0.316249
0.640164
0.270347
0.3278
0.634726
0.643117
0.494368
1.49318
0.421881
0.254904
1.30492
0.681422
1.63213
0.366386
0.556988
0.432581
0.408731
0.691389
0.54045
0.909766
0.157729
0.533357
0.209376
0.380874
0.864258
0.20184
0.541961
1.79526
0.913208
0.131623
0.555843
0.197261
0.324733
0.376896
1.01363
0.465135
0.804451
0.650347
0.49291
0.272096
0.696471
0.339751
0.459923
0.52829
0.833156
0.216574
0.417836
0.37721
0.63703
0.59347
0.756639
0.460621
0.410965
1.76472
0.381447
1.31876
0.406073
0.595924
0.239367
0.698479
0.514304
0.456104
0.771803
0.387164
1.54453
0.510705
0.499499
0.554589
0.17455
0.437877
0.230813
0.491575
0.469684
0.177197
1.44123
0.760027
0.612709
0.284877
1.21284
1.50479
1.73927
0.545848
1.07928
0.275182
1.64419
0.353682
0.257803
0.414246
0.848214
0.353906
0.640125
0.241481
0.700034
0.514702
0.43867
0.742734
0.589823
1.40232
0.398668
0.932428
0.245818
1.07415
0.0971656
0.652768
0.951173
0.0482663
1.63176
1.16602
1.0502
0.627277
0.182253
0.153755
0.505764
0.415534
1.29175
0.234189
0.826236
0.889221
0.178635
0.240234
1.04339
0.453564
0.803382
1.63638
1.38245
0.0358631
1.89262
0.917758
0.0831336
1.52053
0.467723
0.105911
0.635827
0.745863
0.207006
0.580613
0.641976
1.15881
1.65518
0.737966
0.916466
0.242448
0.385319
1.50422
1.88083
0.401003
0.902022
0.379864
0.650041
0.925731
0.689785
1.06691
0.898184
0.24548
0.687844
0.374206
0.986373
0.589386
0.703211
1.53504
0.997211
0.514075
0.357054
0.527609
0.0846708
0.960184
0.921865
0.811319
0.346066
0.517222
0.214368
0.26892
0.521638
1.16255
0.764116
0.169409
1.27837
0.321773
0.137974
0.685413
0.433968
0.417456
1.0763
0.908191
0.803244
1.84337
0.5781
1.65131
0.234852
0.580729
1.66972
0.868328
0.700143
1.79009
1.08338
0.392552
0.49698
0.0314327
1.12214
0.443579
0.858924
0.332188
0.93783
0.923734
0.255101
0.639978
0.970309
0.116894
0.0882925
0.704048
0.206846
0.808624
0.156423
0.576888
0.689947
0.482042
0.952296
0.248825
0.648719
0.464814
0.370759
1.0885
0.257539
0.860726
0.844955
0.591333
0.673022
0.333814
0.345913
0.861696
0.828227
0.413506
0.515188
0.649845
0.959779
0.439723
0.285632
0.881776
0.966134
0.662553
1.73845
0.400714
0.146256
0.408107
0.0810507
1.10071
0.220126
0.850421
0.795899
0.670268
0.112889
0.288963
0.247507
0.348059
0.420269
0.36016
0.364332
0.515322
0.644191
0.338388
0.210909
0.0708987
0.347685
1.16893
0.444741
0.181067
0.524628
0.73118
1.25517
0.290522
0.493982
0.609397
0.645932
0.519686
0.379923
0.196807
0.203975
0.242815
0.439572
0.448873
0.414405
0.104959
0.42744
0.656962
0.43549
1.13016
1.19668
0.772544
0.731378
0.702709
0.540042
0.775785
1.05772
0.501278
1.11116
0.35852
0.228504
0.370115
0.493633
0.591395
0.697463
0.341182
0.896874
0.455704
0.359582
0.260462
1.35227
0.41425
0.13624
1.55727
1.02486
0.400726
0.799148
0.945657
0.978004
0.515595
0.278166
0.39723
0.230243
0.803137
0.753592
0.295653
0.589044
0.0892077
0.392095
0.345075
0.381201
0.584068
0.386406
0.64887
0.381315
0.389635
1.00234
1.09391
1.78792
1.10576
0.413904
0.256929
0.828014
0.751061
0.631631
0.95262
1.46414
0.464121
0.521312
0.69003
0.357983
0.339597
0.354184
0.811396
0.628146
0.438507
1.40932
0.856752
1.03859
0.822547
0.326496
1.86284
1.0454
0.427779
0.292522
0.975966
1.22982
0.672943
0.198991
0.453156
0.52678
0.312499
0.114654
1.0132
0.871692
0.280626
0.38269
0.817183
0.668861
0.208929
0.871311
0.560367
0.0448718
0.570758
0.239776
0.374741
1.25119
1.81251
0.578321
0.162447
0.255774
0.980584
0.2062
0.867828
0.414742
0.937347
0.66293
0.652322
0.505287
0.604085
0.279263
0.352535
0.888593
0.248815
0.42171
1.00857
0.375889
0.171427
0.496343
0.883334
0.636937
0.362592
0.875919
0.182703
0.673699
0.464556
0.481213
0.733002
0.963202
0.856532
0.523331
0.233045
0.797492
1.13695
0.684354
1.02993
0.523588
0.945608
0.582545
1.6767
0.39685
0.403902
0.664516
0.405283
0.256417
1.72053
1.57004
0.654093
0.31529
0.463499
0.797931
0.746333
0.739447
0.923983
0.253091
0.634403
0.465508
1.65914
0.351924
0.370308
0.298225
0.775507
0.749564
1.04163
0.349935
0.694681
0.290168
0.63703
0.695594
0.585246
0.398674
0.57814
0.246003
0.489189
0.545662
0.267315
0.359299
0.219533
0.984581
0.0634727
2.31082
0.355634
0.249349
0.790779
1.55838
0.552428
0.400256
0.510576
0.543728
0.540109
1.14817
1.43674
0.0441337
0.524336
0.973231
0.382368
0.532214
0.865071
0.680273
0.729157
0.152442
0.992092
0.279778
0.315288
0.628464
0.667903
0.568395
0.760855
0.525114
0.765872
0.498616
0.313806
0.210106
0.20345
0.35231
0.813935
0.459977
0.102671
0.14273
0.45671
0.412076
0.324344
0.362673
1.06314
1.83651
0.56412
1.50642
1.3698
0.670336
0.654377
0.864151
1.53988
1.68464
1.33527
0.374095
0.493173
1.30209
0.983803
0.224963
0.771406
0.36165
0.519977
0.812016
0.749402
0.194814
0.187854
0.284502
0.46403
0.641064
0.468604
2.24365
1.28535
0.23035
0.360379
0.379147
0.590144
0.772527
0.638792
0.252491
1.06791
1.02661
0.710396
0.675102
0.564117
0.619424
0.76462
0.777754
0.73361
1.30378
0.387124
0.878738
0.665079
0.980205
0.576365
0.130944
0.849287
1.63182
0.644046
0.808807
0.587063
0.172062
0.99749
0.411486
1.45906
0.289372
0.674882
0.752271
0.508287
0.945956
1.78701
0.759503
0.715339
1.13194
0.786059
1.4174
0.160242
0.672694
0.825564
0.704663
0.177663
0.196995
0.57487
1.59959
0.772387
0.525892
0.942913
0.682541
0.677349
0.983636
0.616189
0.193267
0.330391
1.02701
0.888801
0.57193
0.517443
0.0239547
0.677545
0.517503
0.481297
1.17534
0.084857
0.628712
0.406497
1.36294
0.560643
0.703095
1.89222
0.194891
0.70639
0.155875
0.190169
0.88345
0.52327
0.6123
0.647229
1.19995
0.305725
1.20016
0.469206
1.56526
1.38731
0.383499
0.817436
2.25938
0.44409
1.06691
0.29793
0.364987
0.325145
0.519601
0.714104
0.238394
1.27413
0.667332
0.0729421
0.452921
0.625698
0.965499
0.96049
0.806338
1.78347
0.835224
1.22985
0.487416
0.621053
1.07766
0.720316
0.337811
1.10275
0.428603
0.535201
0.422926
0.498569
0.370451
0.587161
1.17196
1.3496
0.195081
0.348292
1.35262
0.262524
0.469
0.851248
0.398435
0.700603
0.431504
0.306145
0.715235
1.04892
0.450393
1.10389
0.581813
1.00736
0.820615
1.68665
0.517885
1.94623
0.46222
0.339592
0.781745
0.319558
0.70997
0.753783
1.09513
0.430254
0.626008
0.863635
0.6848
0.806604
0.337876
1.5632
1.1516
0.692132
0.535174
0.967464
0.422701
0.413674
0.891157
0.534723
0.239074
0.865569
0.906808
0.383161
0.974477
0.843357
0.727969
0.756222
0.221562
1.2602
0.40932
0.745233
0.516821
0.696351
0.583847
0.620183
1.14089
0.576702
0.868572
0.4785
0.480364
0.209854
1.03608
1.03598
0.136761
1.12004
0.317308
1.01001
0.750167
0.907817
0.666557
0.573548
0.272961
1.18197
0.126383
0.105288
0.50102
1.59743
1.03454
1.1922
1.15216
1.32554
0.779784
0.298382
0.941304
1.31507
0.561248
0.305216
1.02875
0.4053
0.650448
0.373405
0.160701
0.384088
0.449528
0.818575
0.450374
0.442173
0.938998
0.867868
0.688424
0.323932
0.632742
0.465524
0.114482
0.441567
0.277961
1.32833
1.48789
0.402806
0.542938
0.321624
0.894259
0.746359
1.51455
0.854528
0.468292
0.283309
0.881793
1.2804
0.323776
0.778084
0.832984
0.435214
0.749523
0.720248
0.75034
2.13139
0.838755
0.312549
0.298346
1.7828
0.952643
0.305673
0.465192
1.15245
0.307772
0.589008
0.16018
0.152448
1.16108
0.319143
0.883087
0.856476
0.288319
0.260854
0.597322
0.424967
0.48178
0.569872
0.556965
0.173766
0.276719
1.0729
0.382646
0.382066
0.286589
1.33217
0.211536
0.646484
0.388765
1.55772
1.17789
0.752628
0.488348
0.823184
0.376097
0.731516
1.66428
1.0135
0.391272
0.321373
1.06033
0.925728
0.515112
0.321584
1.51711
0.399888
0.315648
0.656775
1.36097
1.7534
1.30135
0.581386
0.294218
1.15763
0.373122
0.668424
0.851001
0.856616
0.37969
0.655092
1.30434
0.68809
0.446313
0.481756
0.867505
0.70864
0.930408
0.397155
1.46286
0.111677
0.349057
0.401036
0.0165956
0.207469
1.03839
0.473704
0.245803
0.902387
1.06185
0.503932
1.67483
1.07409
1.21858
0.640556
0.394231
0.284852
0.613732
0.641374
0.804804
0.29579
0.666223
0.383885
0.583206
0.532021
0.621218
0.422966
0.263075
0.671098
1.17069
0.724215
0.280687
1.2522
0.1324
0.33371
0.519087
0.153657
0.560192
0.341465
0.0422014
1.09197
0.821046
0.244451
0.644853
0.669207
1.50806
0.810274
0.533165
1.09362
0.691715
1.03874
0.503386
0.452706
1.72046
0.457255
0.456951
0.269174
0.70883
0.465986
0.746645
0.220987
0.408711
0.347127
0.967532
0.561073
0.166293
0.169293
0.503344
1.61817
0.890073
0.585763
0.349283
0.100604
0.412446
0.37238
0.338983
0.91703
0.158291
0.269149
0.767772
0.158896
0.276086
0.625317
0.474777
0.220772
0.0288347
0.274285
0.987954
1.38752
0.283613
0.744466
1.75435
0.503454
0.606757
0.169194
0.75152
1.36527
0.432588
0.99009
0.559254
1.11711
0.505019
0.332774
0.923143
1.6764
0.897116
1.36067
0.514159
0.109961
0.720126
0.40914
1.24576
0.450643
0.445264
0.196462
0.735497
0.290706
1.3891
0.463732
0.226385
1.36285
0.508725
0.64925
0.596421
0.425991
1.38887
1.99006
0.41337
0.576302
0.165984
1.43606
0.620436
0.922956
0.719863
0.193997
1.05953
0.247948
1.03179
0.472096
1.53521
0.530235
0.432355
0.702288
0.97181
0.549861
0.94511
0.610752
0.528352
0.923313
1.82105
0.594806
0.420447
0.671976
0.334883
1.72704
0.5869
0.372071
0.479582
0.920017
1.65501
0.158916
0.310441
1.25232
0.195165
0.823073
1.12831
0.661169
0.39846
0.753624
0.775065
0.230026
0.246752
0.322643
0.80427
0.414032
0.611606
0.754442
0.321453
0.290406
0.266118
0.0838018
0.217216
0.172507
0.737538
0.436898
1.1441
0.239609
0.517337
0.318349
0.827655
0.50597
1.57111
1.07425
0.548329
0.586746
0.242262
0.063909
0.392514
1.51482
0.280675
0.454837
0.14595
0.0851207
1.02741
1.42067
0.176219
0.323249
0.823814
0.358903
0.733034
0.679998
0.826383
0.719206
0.850299
1.41829
0.865481
0.500641
1.1765
1.61508
0.56765
1.02431
0.459358
0.418191
0.999926
1.61668
0.996966
0.740702
0.584171
0.569988
0.702168
1.02548
0.167216
1.07192
0.625775
0.437006
0.510356
0.0608225
0.331293
0.593806
0.468967
0.656179
0.215761
0.278154
1.15607
0.278194
0.649787
1.20207
0.816584
0.614118
0.685763
0.919442
0.820145
0.374566
0.215605
0.818145
0.453235
0.685349
0.707503
0.545488
0.395898
1.33762
1.07706
0.0346109
0.559357
0.300817
1.63895
0.926546
0.432254
0.642099
0.400231
0.566045
1.45221
0.335679
0.918467
0.367615
1.41115
1.01432
0.859874
0.852857
1.55772
0.527197
0.79481
1.2177
0.727114
0.866462
0.795056
0.268257
0.972531
0.93599
0.652311
0.360634
1.04716
0.220939
0.680193
1.7794
1.52397
0.347019
0.384105
0.944474
0.28757
0.600581
0.572213
0.499348
0.981528
0.806321
1.26727
0.224644
0.32975
0.409993
0.60614
0.795028
0.794083
0.744767
1.08579
1.1621
0.755074
0.565694
1.04137
0.381178
0.275727
0.562369
0.16372
1.22983
0.6068
0.5621
0.38826
1.67139
1.26393
0.428919
0.866977
0.822275
0.627578
1.05009
0.534866
0.809651
0.560547
0.196076
0.0782417
0.66345
0.491707
1.02123
0.655303
1.84863
0.633999
0.748741
0.937185
1.2518
0.720464
0.53364
0.178433
0.614714
0.513541
0.21748
0.0957163
0.676945
1.76871
1.81005
0.343771
0.550193
0.563045
1.28268
1.312
0.512234
0.570989
1.92098
0.258674
0.492262
0.304287
0.844361
0.467493
0.384132
1.32504
0.634074
0.197672
1.21132
1.06281
0.674947
0.549824
0.192353
0.330034
1.62274
0.428886
0.679072
1.15611
0.545835
0.5518
0.955051
0.620274
0.357762
0.450392
0.278738
0.826613
0.375095
0.873082
0.942714
0.406496
0.353282
1.44451
0.541875
0.425368
0.17421
0.361746
0.72499
1.08427
0.592159
0.262193
0.200026
0.378932
0.744858
0.15478
0.19989
0.673458
0.521063
1.40293
0.764637
0.0972053
0.241287
0.320106
0.188013
0.145522
1.06403
0.202383
0.968041
0.926305
1.00235
0.323379
0.494633
0.345574
0.687878
0.680324
0.275959
0.785133
1.1317
1.90208
0.311353
0.985577
0.196899
0.440457
0.458575
0.417928
1.60613
0.141948
0.645708
0.658803
0.430699
1.74505
0.49608
0.782701
1.26721
0.693331
0.715835
0.787233
0.47361
0.829826
0.802429
0.702708
1.32319
1.31005
0.711449
0.552604
0.282027
1.24075
0.301855
0.291002
0.932176
0.657884
0.70059
0.431176
0.824611
1.58125
1.00391
0.804146
0.528704
0.974916
0.688628
0.880596
0.450593
0.71154
0.454814
0.320769
0.513482
0.179241
0.962329
1.22621
0.217944
1.48507
1.11039
0.63037
1.0046
0.368477
1.13017
0.82537
0.443597
0.911761
1.14098
1.68648
0.644206
0.69181
0.734957
0.589589
0.912875
0.626231
1.21271
0.867821
0.476418
0.496312
0.526993
0.853912
0.382657
0.897402
0.342896
0.164763
0.87147
0.482511
1.71948
0.330739
0.718744
1.04342
0.363724
0.360015
0.91982
1.06832
1.20434
0.477764
0.136104
0.77333
0.571092
0.434466
1.55981
1.00408
0.465291
0.521644
0.470409
0.886704
1.09513
0.716825
0.496603
1.27388
0.753399
1.2092
0.525043
0.1527
1.51934
0.359509
0.805053
0.992397
0.325262
0.114819
0.673167
0.553202
0.457136
0.447553
1.34582
1.13784
0.401864
0.0894346
0.28875
0.492827
0.727761
0.344164
1.21261
0.138897
0.795841
0.316903
0.889704
0.226479
0.707179
0.337052
1.07975
0.208457
0.702968
0.497664
0.649261
0.801965
1.05947
1.00281
1.01005
0.601301
0.221964
0.486517
0.267847
0.235509
0.105333
1.10736
0.418161
0.599384
0.771085
1.20073
0.54943
0.203321
0.715619
0.379965
0.63317
1.45826
0.929803
0.363594
0.436242
1.06164
0.395207
1.11597
0.471777
0.938406
0.10169
1.16059
0.354462
0.296265
0.603219
0.614004
0.755182
0.740037
0.383458
0.270551
0.934253
0.678102
0.386987
1.04105
0.813201
0.699842
1.20948
0.766116
0.0311794
0.220838
0.595077
0.283379
0.400718
0.81149
0.509838
0.669657
1.00455
0.174258
0.025331
0.226334
1.25445
0.0859825
0.540371
0.394222
0.761731
0.276491
0.802298
0.734006
0.609264
1.12839
0.299028
0.832366
0.513955
1.19948
1.1803
0.741297
0.489823
0.562139
0.612258
0.514902
0.380896
0.565381
0.467206
0.559773
0.4695
0.382922
0.726409
0.267153
0.595958
0.528104
0.44679
0.359397
0.355701
0.250229
0.971953
0.805018
0.298419
1.91551
0.254058
0.827115
0.132587
0.701291
0.16236
1.22047
0.323318
0.415019
0.792869
0.999043
0.396207
0.764871
0.297898
0.553344
0.445411
0.845486
0.30979
0.261223
0.111486
0.27567
0.409845
0.467973
1.15369
0.640288
0.300921
0.209621
0.680652
0.434348
1.17264
0.47472
1.04313
0.685219
0.449643
0.191255
1.07927
0.818367
0.680794
0.342546
0.835069
0.284965
0.549664
0.554881
0.354535
0.510405
0.505118
0.256893
0.557406
0.874674
0.115988
2.30605
0.353611
0.622851
0.327901
0.762242
0.430257
0.37402
0.473512
1.81522
0.402537
0.291376
0.66483
0.571831
0.225954
0.552868
0.68968
0.648629
1.01614
0.644153
0.98793
0.589724
1.21034
0.626429
0.519415
0.496831
0.670764
1.10281
0.394687
0.688141
0.077983
0.475988
0.529407
0.465506
0.438624
1.14521
0.75552
0.393452
0.965048
0.783864
0.634612
0.827255
0.295811
0.280509
0.0949285
0.390285
0.893554
0.418813
0.874478
0.246202
0.973217
0.431282
1.09763
0.241331
0.530185
0.720447
1.01314
0.867239
0.567385
0.693253
0.862422
1.26034
0.107099
1.22254
0.436854
0.88353
0.44764
0.226991
0.347818
0.750967
1.08968
0.867764
0.504123
0.373872
1.43266
0.778492
0.795484
0.847446
0.579824
1.07462
1.03446
1.76332
1.77742
0.0164722
0.348455
0.386785
1.16947
0.604446
0.41507
1.78172
0.209095
0.460563
0.100633
0.653293
1.09615
0.550277
0.885082
0.342139
0.177906
0.951483
1.57556
0.734623
0.209048
0.363352
1.00575
1.66131
0.276656
0.485023
1.02607
0.288661
1.16176
0.271378
0.115129
0.327143
0.422566
0.371031
0.546881
0.653205
0.809744
0.693939
0.113758
0.669772
0.335207
0.480927
1.25056
0.836946
0.540116
1.89939
0.647926
0.525088
0.139113
1.50127
0.769566
0.702279
1.1313
0.522646
0.826134
0.327675
0.496251
0.691887
0.447308
0.522682
0.551805
0.437053
0.524562
0.267976
0.731529
0.616941
0.584114
0.75564
0.467389
0.755667
0.594665
0.653348
1.71704
0.121474
1.63537
0.75674
0.476753
0.895141
0.782763
0.673463
1.47802
0.366115
0.0906484
0.593209
0.689398
0.661895
0.469127
1.1147
0.220902
0.509012
0.21754
0.450328
0.849071
0.530423
0.663749
0.42052
1.61692
0.103802
0.303115
0.493075
0.414403
0.974281
0.561185
1.44207
0.490367
0.65423
0.0867171
0.99143
0.640343
0.512704
0.675293
0.471972
0.678659
0.790549
0.507548
1.43967
0.281641
0.177503
1.8065
0.867801
0.901906
1.45299
1.38488
1.86549
0.858927
0.765235
0.888689
0.366044
0.627776
0.489202
0.573149
0.159061
1.29791
0.525893
0.411692
0.728138
0.664919
0.518478
0.553041
0.482642
0.712944
0.900785
0.342964
0.334094
0.5439
0.834373
0.500573
0.766272
1.44874
0.838036
0.308818
0.200294
0.243253
0.534188
1.72234
0.500728
0.161145
0.261666
0.451394
0.606998
0.335697
0.624832
0.697874
0.499059
1.21875
1.36283
0.509084
0.726744
1.06122
0.126927
0.145799
0.504112
0.620852
0.52977
0.597697
0.0846922
0.630382
1.55387
0.439878
0.44582
0.971704
0.795234
0.248451
0.747583
0.351141
0.980755
0.185143
0.290666
0.769367
0.4359
0.350776
0.307247
0.119943
1.07716
0.977625
0.710745
1.15218
1.58509
0.547052
1.00385
0.584252
0.430014
0.445339
0.139591
0.840116
0.936947
0.448361
1.1123
0.570811
0.389429
0.188442
1.35017
0.288499
1.65846
0.477008
1.02361
0.560742
0.563855
0.600325
0.921188
0.863421
0.510977
0.594258
0.791526
0.576627
0.188583
0.7309
0.880581
0.717252
0.998616
0.598068
0.325337
1.02184
0.503214
0.411949
0.688599
0.342603
0.538469
0.75663
0.786357
0.980025
0.788425
0.56236
0.97215
0.622699
0.930879
0.715634
0.37659
0.847086
1.21385
0.61691
0.452745
0.643012
0.842545
0.248201
1.24194
1.47566
2.00067
0.258007
0.631494
0.173947
0.834126
0.662208
0.447126
0.206365
0.571044
0.282938
0.454309
0.534244
0.228119
1.17281
0.340807
1.09665
0.447001
1.04285
0.498904
1.53537
0.554413
0.792366
1.64661
2.26628
1.17112
0.871775
0.895522
0.649194
0.918878
0.30899
0.408119
0.682571
1.74421
1.17591
0.819564
0.336544
0.704714
0.205705
0.361852
0.552751
0.308556
0.622079
0.889122
0.505092
0.712965
1.68524
0.6691
0.358168
0.261398
0.876028
0.69422
1.24123
0.479124
0.246406
0.508514
0.429003
0.511062
0.546751
0.928901
0.477395
0.719798
0.407525
0.702092
1.00893
0.79965
2.38057
0.879519
0.363465
0.950591
0.584607
0.628029
0.954909
0.417051
0.856521
0.341721
0.507741
0.356147
0.84305
1.02316
1.25543
1.64849
0.651307
0.256413
0.711605
0.316198
0.738819
0.621967
0.590364
1.69918
0.118304
0.618442
1.04843
1.96601
1.30115
0.35257
0.448645
0.619964
0.981983
0.166775
1.59707
0.402598
0.869323
0.510725
1.82089
1.5952
0.854482
0.491672
0.827671
0.607961
1.0812
0.699456
0.645112
0.679755
0.610101
0.683469
0.409827
0.776148
0.705572
0.228494
0.817899
0.0392147
0.490975
0.700556
0.427533
0.725839
0.859873
0.988829
0.555893
0.55573
0.340422
0.43495
0.729959
1.6596
0.344539
0.483212
0.892115
0.219341
0.140676
0.428824
0.325514
0.704969
0.576233
0.472891
1.31671
1.88811
0.680678
0.581391
0.292274
1.76814
0.484328
0.293009
0.272372
0.869031
0.665934
0.553959
0.35467
0.513868
0.995169
1.09374
0.12803
0.420953
0.901148
0.904714
0.708643
0.398103
0.691068
0.540728
0.383756
0.548145
0.700527
0.456843
1.62203
0.235661
0.450466
0.595884
1.31714
0.489261
0.943821
0.34637
0.322995
0.880067
0.773458
0.699209
0.586566
0.465276
0.562574
0.468414
0.455676
0.872489
0.67105
0.117221
0.101152
1.15835
0.907381
1.37453
0.470035
0.574902
0.916301
0.265416
1.10891
0.498207
0.356715
0.190104
0.226872
0.330538
0.372655
0.572334
0.417096
1.47994
0.534337
0.563201
0.323122
0.792044
0.722354
0.810677
0.331214
0.259922
1.39891
0.747481
0.606028
0.525701
0.339138
0.17513
0.0885246
1.01032
0.460406
1.30842
0.281365
1.84226
0.429799
1.12757
0.0787204
0.43984
0.342746
0.892855
0.357043
1.2125
0.505427
0.469738
0.839992
0.503321
0.40782
0.15188
0.209856
0.564642
0.365764
0.900879
0.359813
0.902458
0.385107
0.236004
0.545211
0.474809
0.285607
0.219698
0.59243
0.709406
0.390458
0.470292
0.278883
0.467072
0.777517
0.600257
0.303585
0.40773
0.973298
0.436952
0.589447
1.12463
1.14743
0.676798
0.830832
0.937697
1.87475
0.443744
0.652822
0.883227
0.845482
0.749227
0.503059
1.37234
0.708886
0.766287
0.602714
0.992455
0.11991
0.508543
0.576551
0.559164
1.26835
0.941004
0.315715
0.524441
0.619349
0.30386
0.36331
0.195337
0.044887
0.357431
0.615558
1.04015
0.561509
0.134542
0.519123
0.353958
0.570791
1.14386
0.641426
0.139357
0.66027
1.03049
0.17654
0.599172
0.687284
0.955168
1.20147
0.865066
0.388305
0.232205
0.623287
0.850905
0.743528
0.911745
0.565012
1.0164
0.611104
0.941565
0.630608
0.600353
0.997575
0.4337
0.767881
1.01373
1.02807
1.0804
0.681154
0.399624
1.17036
0.706324
0.138281
0.834839
0.082522
0.70636
0.674187
0.485093
0.837039
1.20936
1.00382
0.674496
0.463407
0.558973
0.44555
1.01864
0.213945
0.200564
0.354297
0.344181
0.390134
0.864528
1.12249
1.10136
0.63108
0.675207
0.646563
0.844593
0.742854
0.393468
1.02774
0.739673
0.177302
0.339042
0.963474
0.744024
0.565658
0.165033
1.20406
0.578367
0.986918
0.202916
0.87425
1.09006
0.34299
0.442291
0.0543068
0.226045
0.525416
1.69948
0.460369
0.632315
0.244736
1.3205
1.07432
0.317908
0.186296
0.179143
1.15814
0.574623
0.817057
0.70018
0.972439
0.386473
0.375787
0.644762
1.0884
0.0538528
0.583646
0.154894
0.801961
0.686384
0.46973
0.315994
0.388386
0.85073
1.29611
0.85723
0.244949
0.902279
0.398508
0.647358
0.266516
0.977978
1.06339
0.703029
0.630085
1.74827
0.699507
0.847768
0.242146
0.866079
0.449986
0.450139
1.25856
0.305738
0.350193
0.28559
0.452966
0.183738
0.280737
0.290184
0.341588
0.610946
0.268174
0.816096
1.2465
0.489263
0.82569
1.25464
0.409874
0.875426
0.374877
0.706806
0.510777
0.785851
0.467858
1.47132
0.179575
0.287346
0.550279
0.28041
1.29655
0.241421
0.126851
0.252737
0.526402
0.611732
0.887382
0.876103
0.709635
0.317363
0.19851
0.207989
0.419432
0.679411
0.78873
0.526786
0.436295
0.854439
0.221705
0.820884
0.579437
0.483868
0.980218
0.954852
1.12349
0.377368
0.883462
0.671933
0.666281
1.25695
1.02263
1.73395
0.736875
0.682592
1.15465
0.548396
1.20569
0.0109328
0.437455
0.854475
0.937256
0.660293
0.352103
0.372049
1.19115
0.634459
0.274515
1.02574
1.14345
0.0561411
0.273127
0.591648
0.614738
1.45413
1.20108
0.416459
0.399511
1.08431
1.63669
0.383847
0.0681508
0.735934
0.235389
0.103158
0.17062
0.110779
0.444741
0.674089
0.576399
0.293416
0.410291
0.492655
0.972217
0.347244
0.14327
1.02723
1.15753
0.675121
0.547636
0.565031
0.11972
0.362681
0.574154
0.452184
0.299014
0.595954
0.0484967
0.598736
0.834715
0.706199
0.858241
0.275133
0.203509
0.981682
0.521356
0.485605
0.561296
1.15668
0.458127
0.47177
0.679565
0.357981
0.184923
0.386148
0.568278
0.152231
0.823637
0.375089
0.0636819
0.332225
0.477259
1.11738
0.648428
0.751205
0.775718
0.828182
0.249089
1.18714
0.591811
1.41204
0.408632
0.855609
1.37754
0.441654
0.663718
1.32914
1.89522
0.391235
0.690116
0.888031
0.706795
0.467534
0.051293
0.422412
0.303742
0.860263
0.849167
0.560973
0.643258
1.03944
0.515831
1.39459
0.792678
1.00928
1.05462
1.16863
0.820154
0.321367
0.628192
1.32749
0.321243
0.161808
0.650018
0.411282
0.690042
0.737359
0.782389
1.02604
0.819567
1.13522
0.59834
0.312746
0.0936363
0.729644
0.42729
0.817015
0.349737
0.177263
0.080107
1.02317
0.617904
0.665677
0.315501
2.05662
1.4479
0.216005
0.515674
1.06085
0.308116
0.108985
1.02169
0.443
0.151093
0.794117
0.668149
0.832994
0.520392
1.31717
1.11355
0.402271
1.01033
0.788605
0.628528
0.480105
0.156429
0.853091
0.33702
0.60274
1.18056
0.824027
0.902655
0.898455
0.47629
0.276437
0.808921
0.669147
0.203106
0.875478
0.994443
0.324091
0.541923
0.328661
0.708239
0.265012
0.375039
1.0607
0.238378
1.20221
1.27751
0.857582
0.486817
1.0018
0.338136
1.01341
0.067965
0.815793
0.433821
0.547157
0.430045
0.643926
0.435156
0.717902
0.211079
1.52093
0.204183
0.683567
0.1783
0.41953
0.968588
0.415874
