1.01683
1.22606
2.29517
2.04636
1.36668
1.62074
1.98507
1.5265
1.81907
0.852193
1.6791
1.17604
1.18403
1.64361
1.12169
1.35473
1.47446
1.36521
1.93255
2.0085
1.55694
0.936846
1.19733
1.75941
1.10402
1.06173
1.54919
1.85094
1.35262
1.62478
1.333
1.31503
1.35692
2.25798
1.3285
1.17025
0.967177
1.3721
1.50024
1.98124
1.97622
1.07898
2.08825
2.51739
1.05437
0.855231
1.04592
1.23065
2.5172
1.81164
1.70342
1.60236
1.8056
1.56774
0.840964
1.81428
1.79289
1.84601
2.20355
1.29301
1.48224
1.54479
1.71534
1.77802
1.86011
2.30134
1.8822
1.25678
2.05895
0.930145
1.24834
1.59231
1.22974
1.45567
1.30893
1.74889
1.70279
0.796046
1.06558
1.75004
1.41008
1.60914
2.05995
1.73625
0.893739
1.37722
2.50948
2.29188
1.30372
2.39672
1.49688
0.968921
1.05576
1.09682
1.72301
1.85287
1.26253
2.17657
1.63328
1.53178
1.86143
1.42347
1.67972
0.453407
1.61008
1.95762
1.56234
1.99852
1.29049
1.4202
1.9059
1.12502
1.38311
1.43737
1.54693
0.770609
0.89192
2.05031
1.55615
2.39383
1.54754
2.2507
2.26973
2.13935
0.502454
1.58245
1.55651
2.01826
0.782856
1.77921
1.81823
1.40865
1.89801
1.82548
1.42076
1.04795
1.74523
1.2764
1.70934
2.02294
1.85583
1.31575
1.8673
1.81347
1.39006
1.52048
2.00103
1.61289
1.15842
2.22129
0.940079
1.04304
1.4381
1.80417
1.36874
1.48454
2.11055
1.37304
0.924389
2.2908
1.51492
1.09121
1.62221
1.73681
1.69948
1.53047
1.95656
2.08687
1.75277
1.75593
0.993338
1.47182
1.70888
1.81529
1.11257
1.60225
1.6968
1.43309
1.50349
2.31105
1.75513
1.80791
1.56956
1.17922
2.01945
1.71334
1.16799
1.2707
1.53954
1.96013
0.720811
1.55047
2.23049
1.23486
1.94435
2.37401
0.909118
1.87645
1.73919
2.09781
1.71971
1.09628
1.50738
2.18393
1.99342
1.3662
1.23189
1.24633
1.91928
1.93288
1.33884
1.75474
1.90201
1.59402
1.87158
1.96469
2.18201
1.84184
1.01626
2.31506
1.83397
1.51064
2.20444
1.08596
2.2738
1.84096
0.977671
0.971749
1.20006
1.49033
1.72299
2.26545
1.53276
1.37559
2.29225
1.60883
1.99045
2.27599
2.00927
1.86409
1.77862
1.73196
1.11621
1.39208
2.67598
1.69965
1.58139
1.52008
1.58575
1.69102
1.74405
2.47055
1.1636
0.777947
1.85766
2.19706
1.42011
0.799898
1.75767
1.20713
0.877386
2.06547
0.975946
1.43655
2.33996
2.70949
1.66573
0.907762
2.18678
1.03124
1.50067
2.14009
1.3319
2.18598
1.64896
2.11014
2.16709
1.41128
1.45746
1.34516
1.35315
1.36275
1.07369
1.95714
0.778803
1.64943
1.98456
1.70375
1.67781
1.34776
2.55773
1.5498
1.2258
1.72744
1.20208
2.23003
0.865881
0.891688
1.71069
1.23125
1.79909
2.01671
0.994512
1.31526
2.09108
2.02688
1.78995
2.14178
1.92874
1.18968
1.04536
2.06317
0.925787
1.61146
1.31124
1.6293
1.5443
1.56097
2.46605
1.01749
1.55859
1.37385
1.97582
1.46936
1.28726
1.30985
1.29944
1.76015
2.27419
1.81915
2.31278
2.25832
1.52531
1.84559
1.3117
2.69057
0.956913
0.672267
1.9507
1.71041
1.39329
0.974896
1.01855
2.66046
1.33172
1.21467
1.51251
0.857945
1.23761
1.28736
0.942199
2.28655
2.21902
2.68066
1.95283
1.72775
1.52312
1.81089
1.14844
1.08144
1.96239
1.50192
0.976116
1.30343
0.767546
1.47405
1.1424
1.4518
1.72682
1.28806
1.73127
1.71769
0.899411
2.42668
1.71072
2.16312
1.33318
2.18222
1.81052
1.34171
2.28687
1.64596
2.03407
1.63459
1.33306
2.29313
2.0123
0.764346
1.7655
1.23919
1.05804
1.59387
1.36559
1.41665
1.14964
2.31343
1.76019
1.61276
2.3208
2.83881
2.0094
1.71448
1.01919
2.06376
0.919981
2.03703
1.29871
0.794025
1.36513
2.13244
1.26898
1.42156
1.86705
1.58447
2.06229
0.821871
1.35789
1.75767
2.26723
1.02513
1.395
1.59625
1.84022
1.62926
0.928029
2.12224
2.14042
2.0082
1.51854
1.3012
1.64703
1.76491
2.16579
1.49876
1.37774
2.13434
2.4631
2.08088
1.53954
1.29342
1.4774
1.84852
0.908247
1.49289
1.30693
2.3506
0.875699
1.46403
2.3764
2.46055
0.929395
1.2787
1.69274
1.50241
0.858683
1.59625
2.0251
1.64066
1.36141
1.69619
1.44467
1.45346
1.47488
1.39803
1.05693
0.918321
1.57678
1.90402
0.847907
2.25485
0.533855
2.29408
1.18751
1.6861
1.75395
1.72127
1.9507
0.946095
2.07417
1.7259
1.80969
1.83156
1.65237
1.42822
1.79281
1.48803
0.872947
2.00362
0.980089
1.64132
0.791973
1.13562
1.51425
1.48749
0.803969
1.70093
1.33231
1.94206
1.81094
1.64545
1.62557
1.50826
2.08561
1.98861
1.62867
1.64417
2.34971
1.3219
2.37338
1.00507
1.91384
1.00635
1.73585
1.50333
2.64518
1.27437
1.47813
1.74746
1.88571
1.99062
1.00106
1.27167
1.47535
1.69901
1.331
1.67898
0.672058
1.39698
2.7602
0.709637
1.51452
1.01997
0.48931
0.883485
2.70599
0.616857
1.38864
1.35083
1.78383
1.25085
1.28506
0.681321
1.25541
1.61824
1.81521
2.47378
1.31213
2.0268
1.69004
0.882977
1.30601
1.81428
1.83048
1.46513
2.00425
2.81691
1.39135
1.85438
1.67678
1.12211
1.14234
1.94157
0.916771
1.86239
1.82966
1.01208
1.29085
1.33522
1.73523
1.22748
1.12249
2.1251
1.14515
1.89747
2.39288
1.17578
2.08995
1.79815
1.16022
0.993468
1.56486
1.60364
1.78702
1.49584
1.20802
1.3954
0.916225
1.74049
1.95154
1.75258
1.36778
1.60614
1.55096
0.861737
1.39025
1.11556
2.03176
0.813397
1.73841
1.18521
1.93496
1.78711
1.48585
1.60743
2.10448
1.62982
2.08875
1.47835
2.11489
1.64233
1.8489
2.35624
0.343659
1.69868
1.48494
1.87486
1.2252
1.59277
1.40902
1.99523
1.31626
1.88473
1.06168
1.51803
2.21327
1.69668
1.52534
1.67176
1.76426
1.5914
1.38392
1.89434
1.31173
1.42242
1.37776
1.16158
1.7969
2.4127
1.1373
1.80354
2.28124
1.56453
1.9039
0.739654
2.29524
1.95588
1.56304
1.18048
2.36137
1.45377
1.69154
1.63572
2.13452
1.74359
1.08546
2.05635
1.04198
1.44577
1.47045
2.18008
2.26593
1.43336
1.15687
2.73357
1.14616
2.11638
1.78752
2.17328
0.889632
1.87522
1.31298
2.56276
1.69578
1.34942
1.7514
1.23661
2.06196
1.91989
1.41359
1.18971
1.85062
1.32812
1.3371
1.22081
2.05936
1.44655
1.1303
1.63539
1.39228
1.44442
1.12249
1.6401
1.19232
1.32906
1.75736
1.82115
1.59534
1.5916
2.68056
1.91758
2.15586
1.77797
1.36457
1.63823
2.2489
1.35514
1.17126
1.21162
2.38409
1.40817
1.67315
1.61919
1.51834
1.20254
0.883201
1.48068
2.38213
1.60549
1.41254
1.80718
0.937672
1.53695
1.75777
2.35173
1.74742
2.09146
1.83737
1.58913
0.72971
1.6482
1.5841
1.61928
0.990725
1.55764
1.53429
2.17738
1.61323
1.09216
1.61213
2.04257
0.950064
1.6004
1.9099
0.824988
1.7637
1.19358
1.14784
1.1556
1.62783
1.65581
2.17292
1.64661
0.926857
1.08865
1.17061
2.06449
1.05246
1.37497
1.46166
1.78186
1.61384
1.17157
1.16561
1.5736
1.22968
1.87528
1.44756
2.22789
1.09282
1.96839
0.995075
2.1083
1.75798
1.75078
1.97594
1.53044
1.35851
0.798694
1.58245
0.904599
1.75597
1.58744
1.14207
1.81384
1.8302
1.64767
1.2031
1.59888
0.884751
1.34908
1.08466
2.52757
1.63915
1.71892
0.949324
1.61744
1.4411
1.09276
1.41827
1.7614
1.51333
1.27841
0.79898
1.43078
2.41736
1.51105
1.81907
1.61393
1.33743
2.41152
2.22362
1.77853
1.68632
1.52818
1.89918
1.44597
1.83007
2.09404
1.88592
1.07
0.841637
1.49437
1.71372
1.55932
1.51712
1.70647
1.19508
1.7582
1.74122
1.3786
2.09049
2.24231
1.6253
1.54055
1.70269
1.12604
1.22794
1.84073
1.75879
1.22657
1.27953
1.47663
1.20304
1.80082
1.40561
0.894904
0.972508
0.821207
1.29054
1.78221
0.484559
2.2911
1.38603
2.0028
1.79083
1.48739
1.88432
1.23204
1.74381
1.33968
1.45742
1.37307
2.04416
1.69305
1.21876
1.72633
1.1499
1.12874
1.20674
2.33764
1.86902
1.17352
1.44005
1.21891
1.09469
1.49877
1.69646
2.24889
1.10969
2.42443
1.252
1.53982
1.76277
2.04795
1.72822
1.68389
1.30928
1.28195
2.19439
1.48696
1.60639
1.1464
2.09043
1.55517
1.10119
0.696796
2.22647
1.20313
1.7475
1.28077
0.761032
1.26974
1.82969
2.16689
1.37609
1.60376
1.43152
1.76737
1.60926
2.18849
1.26663
1.59497
2.02395
1.7052
1.42881
1.29739
1.17994
0.846075
1.26937
1.5473
2.0828
2.25783
2.19296
1.73551
0.976896
1.74043
1.11885
0.986189
1.5924
1.36089
1.77049
0.536797
1.65022
1.81765
1.80891
2.3562
1.22209
1.32498
2.33703
1.70505
1.91979
2.20038
0.887266
1.89602
0.882043
1.56018
2.00358
1.36375
1.58395
1.26746
2.19518
1.53972
1.51883
1.21309
0.806014
1.8828
1.51898
0.987644
1.3693
1.25371
1.30378
0.471139
1.53584
2.03581
0.880624
1.3874
1.03934
1.87321
1.8692
0.913299
1.55999
1.2699
1.28131
1.9427
1.65837
1.93741
1.4366
2.32079
1.9437
0.60059
1.06072
1.03102
1.06166
1.51767
1.32026
1.59042
0.626897
1.52874
1.64551
1.47513
1.82376
1.83149
1.3606
1.63368
1.52946
0.888604
2.32136
1.82284
0.712619
1.8664
1.21644
1.16019
1.70271
2.43231
1.61665
0.864946
1.77081
1.91865
2.24517
1.35676
1.50501
1.47601
1.97775
1.42588
1.73069
2.30504
1.31563
1.47032
1.38613
1.33999
1.79558
1.32687
1.54936
2.44738
1.23422
1.18416
1.97618
1.45358
1.37653
2.58789
1.34799
1.43747
1.45291
2.13135
1.71414
1.87551
2.00199
1.73072
1.55722
1.64108
1.66076
2.20381
1.73833
2.18374
1.77826
2.24016
1.74812
1.40979
1.00213
1.08106
2.47218
1.94192
1.12954
1.78805
2.28846
1.3415
1.42829
1.08236
1.21813
2.46592
1.1722
1.41952
2.12951
1.44085
1.50665
1.54223
1.43427
2.27308
2.01776
1.40546
1.37609
1.2778
1.58841
1.08572
1.98991
1.90108
1.20451
1.8001
1.36693
1.97038
1.85119
2.55218
1.58166
2.19564
2.69329
1.07315
1.46126
1.53331
1.93473
1.87164
1.5055
1.05648
1.88367
1.63945
1.65108
1.50358
2.27557
0.990558
1.89656
1.53191
1.62533
1.40552
0.534198
1.37214
1.69646
1.01412
0.950105
2.08575
0.92976
1.93143
1.45509
1.28977
1.34281
1.97954
1.39031
1.55157
0.370998
2.2231
2.21405
1.85634
1.47574
1.22362
2.03845
2.02388
2.01488
2.36579
1.42741
1.32655
1.69237
2.14859
1.51009
0.974647
0.831588
2.16481
0.900639
1.88143
2.44067
1.27921
0.929623
1.86631
1.69004
1.45534
1.32857
1.07175
1.68236
0.899338
2.43414
1.77678
2.0361
1.09067
1.49229
1.54553
1.42989
1.28793
1.71275
1.56735
1.77011
0.987137
1.6143
2.18921
1.71205
2.3783
2.14855
1.93555
1.00379
2.52847
1.10976
1.59192
1.36461
1.48824
2.52832
1.30883
1.76426
1.3101
2.13837
1.53417
1.92624
1.73069
1.70394
1.54424
0.804616
2.25703
1.48824
2.29735
2.39773
1.4289
1.5961
1.85729
1.78595
1.04155
1.89415
1.07504
1.39582
1.83528
1.32939
0.985239
1.93823
1.42746
1.70493
1.89254
2.10248
1.31742
1.44304
1.26777
1.80866
1.37667
0.975354
1.34984
1.14532
1.81436
1.20012
1.50847
1.88946
1.76035
1.95724
0.803105
1.72825
1.3582
1.48304
1.57867
2.13916
0.715342
1.4565
1.43303
2.26779
1.18963
1.80505
1.98741
1.04519
2.00139
1.76823
1.63321
1.23755
2.26129
1.84681
1.84478
1.07905
2.38408
2.17911
2.2544
1.98114
2.0343
1.2663
2.26471
1.22281
1.54919
0.958594
1.45887
2.10554
2.00715
1.3356
2.00369
1.65784
2.10173
1.60443
1.55651
2.34732
0.728035
1.47207
1.13566
1.43383
2.74299
1.64741
1.23256
1.67048
0.852284
2.24382
1.47484
1.50173
1.57103
1.98028
1.26029
1.70794
1.88529
1.48292
1.59329
1.8464
1.70446
2.21274
1.02386
1.87362
0.876021
1.82266
0.963969
1.69686
2.02056
2.18487
1.42008
1.26637
0.932482
1.57529
1.82152
1.92717
1.60297
1.63199
1.48267
2.15846
2.38167
1.4097
1.50327
1.45008
1.44888
1.57449
2.1006
1.53826
1.00495
0.608978
1.80574
1.13891
1.63419
2.03085
1.1933
2.44058
1.41427
1.0488
1.63172
2.14333
1.47028
1.72442
2.28259
1.20866
2.12973
1.72034
1.8031
2.01589
1.11348
1.42196
2.10887
0.813176
1.83244
1.87178
2.17812
1.63852
2.06023
0.774574
1.74
1.72418
1.6659
1.85716
0.77093
1.71106
1.61143
1.85081
1.59915
1.50474
2.4528
1.5173
1.58752
1.62117
1.86104
1.57498
2.43317
1.59979
1.62484
1.64689
2.29933
1.33614
1.79217
1.34945
1.70037
0.835354
1.84928
1.8368
1.34826
2.1045
1.83857
1.34927
1.05811
1.57641
1.61159
1.59582
1.16776
1.12002
1.82049
1.03029
1.77641
1.11229
1.71818
1.70905
1.90301
1.3818
1.1804
1.54485
1.23758
2.18381
1.33548
1.46157
2.03949
2.20924
1.87765
2.26882
1.89183
1.00537
1.23572
2.2977
1.37378
2.45681
1.59656
1.59991
1.42904
1.36706
2.47357
1.24103
1.21767
2.34526
1.38611
1.14663
1.42982
2.0018
1.91313
1.06452
1.06243
0.929517
1.85322
2.10345
1.46052
2.40839
0.897112
1.45042
1.1839
2.56647
1.72659
1.3053
1.75013
1.04514
2.36476
0.961157
1.44098
2.19477
1.43249
1.00743
1.08713
1.21875
1.83724
1.5151
1.37319
1.42242
1.7056
1.92816
1.99
2.19285
1.14872
1.76003
1.56835
1.21022
1.58056
1.5581
1.53076
2.40616
1.58801
1.96545
1.25329
1.62475
1.27791
0.915753
1.88819
1.78124
2.001
1.25233
1.41112
1.88198
1.75407
0.507821
1.47033
2.37579
2.30054
1.51821
1.27863
1.81649
1.67183
1.84326
1.93544
1.75373
2.12799
1.77379
0.957631
1.69797
1.03567
2.19439
1.60089
1.34582
2.1297
1.8783
1.66046
1.23984
1.83339
1.9534
2.10275
1.25034
1.56976
2.01031
1.31668
1.17108
2.11747
1.41093
1.00586
1.59808
2.47548
1.94679
1.15155
1.25207
1.9826
0.943242
1.77069
1.52989
1.5333
1.34401
2.38414
1.31429
2.24441
1.75845
1.39875
1.30713
1.41236
1.56744
1.20804
1.8864
1.89042
1.82796
1.91878
1.83358
1.87196
1.88528
2.25038
1.50012
1.56835
1.22162
2.24195
1.34369
1.94418
2.14961
1.8743
1.81141
1.66278
1.68766
0.6122
1.62893
1.27648
1.45727
1.29813
0.831912
1.95387
1.88413
1.18739
1.70887
1.32819
1.59588
1.95625
2.18103
1.18423
1.67309
1.59831
1.66904
1.36681
1.79672
1.89615
1.67198
1.32056
1.86262
2.23185
1.02917
1.11478
1.75578
1.19554
1.76395
1.35364
1.53392
2.32582
1.84989
1.49622
0.900679
1.51472
1.1952
1.42745
0.953173
1.55554
1.78156
1.1937
1.60923
0.90977
1.9498
1.4487
1.84837
1.46286
1.31566
1.1675
2.08969
1.6081
2.37782
1.8524
1.19431
0.423801
1.1718
1.27516
1.11784
1.97208
2.08171
1.49743
1.27683
1.96828
1.82858
1.16425
0.800196
1.12642
1.41613
1.99125
1.63315
2.59734
0.986825
1.15992
1.76992
1.44775
1.18742
1.24815
2.65905
1.63679
1.76545
1.5849
2.3744
1.68834
2.00481
1.1479
0.551958
2.01228
2.65625
1.65764
2.15816
1.33002
2.02657
1.27299
1.65598
1.65421
2.34917
1.53579
1.70308
1.51095
1.42824
1.24609
2.34785
0.972147
1.80404
1.71895
2.19778
1.75792
0.514596
1.76233
1.47611
1.35145
1.88009
2.0174
0.984741
1.68549
1.79208
1.36204
2.41846
1.87945
2.18097
1.46436
1.09512
1.16801
1.82622
2.41188
1.98233
1.78141
2.01522
1.37477
1.4165
1.42205
1.75016
1.25808
2.41222
1.63542
1.62209
0.941181
1.62563
1.5011
1.77778
1.32432
1.37849
1.456
1.91663
1.51614
2.13294
1.8923
1.14273
1.19789
1.54571
2.07574
0.72966
0.887836
1.6242
0.661672
1.80587
2.05528
1.40859
1.9441
1.87038
1.25823
1.71769
1.33547
1.31205
1.13293
1.4264
1.94924
1.13647
1.49963
2.11914
1.60401
1.14728
1.20485
1.23802
1.20352
1.4782
1.42995
1.44731
2.41121
1.85291
1.10125
1.02868
1.54382
1.49663
1.94001
0.930271
0.623252
1.56701
1.19077
1.26566
1.40345
1.72083
0.914048
1.12945
1.85435
1.7395
1.74762
1.47427
1.28341
1.48549
1.63705
1.59381
1.35205
1.95501
1.27072
0.876396
2.15516
1.65923
1.64325
2.09151
2.17237
1.94337
2.21822
1.36533
1.71898
1.96949
0.712778
1.20579
1.63358
1.47924
1.19043
1.15519
2.00079
1.5999
0.933699
1.54549
1.43214
1.00387
2.10944
1.29066
1.1045
1.55441
1.29288
1.33711
2.35876
2.05826
1.44227
1.98781
1.51088
1.30118
2.21007
2.43571
1.83156
1.2514
1.36254
1.39335
1.45715
0.88571
1.93732
1.75156
1.58398
1.16795
1.93709
1.92081
1.55105
2.11617
2.21522
2.27319
0.472121
1.57757
1.41565
1.14165
1.15011
1.63763
1.42323
1.68976
1.70112
1.28373
1.85337
2.15483
1.34964
1.75596
0.938435
2.25367
1.42681
0.8362
1.20585
1.89396
1.63766
1.08124
1.37809
1.64475
1.32677
1.59784
2.03281
1.44473
2.51546
2.27531
1.09635
1.42909
1.39828
1.40908
1.46654
1.69904
1.31704
0.65819
1.47817
1.87752
1.02425
1.30479
1.69145
1.78664
1.94416
1.00589
1.40314
1.56429
1.07076
1.45574
1.98874
1.6588
1.37546
1.32467
1.19515
1.53615
1.46869
1.82266
0.75678
1.16372
1.30006
1.72863
1.16895
1.81512
0.697597
1.45633
1.35414
1.46611
0.989887
1.32696
1.79295
1.84587
1.66916
1.7769
1.08585
1.31199
0.950695
1.30858
1.69133
1.95233
0.957731
1.21253
1.66369
1.99336
1.191
1.16408
1.10482
2.7634
1.05073
2.03963
1.26682
1.19555
0.949034
1.97635
0.847149
1.10746
1.23196
1.40246
1.73558
2.16327
0.474807
2.24102
1.19055
1.65607
1.09531
1.41579
1.22131
1.47473
1.38681
1.04119
1.5371
1.44617
2.59711
1.42076
1.52891
2.46696
1.11302
1.5026
1.3527
0.868769
0.849859
0.724819
1.67701
1.24458
1.70231
2.2203
1.53863
1.7382
1.30663
2.11257
0.8581
1.55589
2.12478
1.81067
1.06372
0.86639
2.3399
1.31294
1.43907
1.97171
1.22164
1.61534
1.39837
1.97862
1.46943
1.47979
1.75255
2.62513
1.05555
1.76233
1.2227
1.86769
1.52005
1.8802
1.69938
2.04677
1.87688
1.97237
1.4518
0.993199
1.38454
1.76339
1.32286
1.43721
2.17279
1.62082
1.67993
2.25732
0.897231
2.06618
2.2017
1.7272
1.57278
0.504703
1.99105
1.07065
1.14695
1.38654
0.792438
2.06119
1.12597
1.15348
2.06171
2.2537
1.78183
1.67367
2.23039
0.584868
0.683945
0.753192
2.46599
1.94335
0.927177
0.819703
2.17937
1.17901
1.76305
0.936759
0.914902
1.46717
2.44214
1.6928
1.312
1.60767
1.6351
2.65125
1.74731
1.09943
0.942539
1.89151
1.2674
0.985881
0.747811
1.68494
1.65433
1.33568
1.39918
1.6611
1.40686
0.786231
2.40393
1.12836
1.46271
1.82077
1.36245
1.74151
1.53194
1.17299
0.936459
2.1209
0.867269
1.50196
1.38342
1.41421
1.48285
1.79815
1.19343
1.1919
1.08235
1.28296
2.00304
2.07743
1.91408
0.753334
2.03577
1.30997
1.91502
0.782208
0.903004
2.25586
1.74173
1.18396
1.88018
0.805196
1.30043
1.59888
2.20455
1.69997
1.59872
1.48046
1.89827
1.20693
1.29795
2.60208
1.47384
2.26817
1.53716
1.23812
1.98662
1.22878
1.08992
0.347037
0.870226
1.6136
1.38427
1.09973
0.63705
0.746491
1.323
1.60718
1.67778
1.27008
1.53582
1.92398
1.18047
2.03765
1.82486
1.3047
2.20466
1.9035
1.22216
1.02035
0.939501
1.18633
1.05967
2.36972
2.29975
2.33614
0.785764
1.68861
2.09592
0.903499
1.7767
1.42292
1.79891
2.01398
1.51351
0.920813
0.870704
1.57501
1.2228
1.71627
2.04573
1.15512
1.17163
1.79643
1.82942
1.95034
1.8813
1.77073
1.06626
2.41985
2.61419
2.3486
2.46981
1.37658
1.51975
1.30624
1.777
2.68937
1.81479
1.53398
1.54027
0.857705
1.13107
1.48524
1.24197
1.77391
1.58242
2.29285
1.46559
1.30913
1.74698
1.45377
1.37485
1.23767
2.43967
1.21171
1.20463
1.70197
2.36188
2.01938
1.10634
2.0796
1.72652
1.44116
1.97839
2.00749
1.78798
0.710132
2.14944
1.56732
1.82682
1.64869
1.90415
1.86711
0.564235
1.30403
1.5722
0.997945
1.29612
1.92009
1.88628
2.10833
2.32767
1.94336
1.49694
0.957954
1.77122
1.59508
1.56427
1.93572
2.24946
2.25504
1.39962
1.12118
2.66931
1.58502
2.25746
1.72755
2.10984
2.25264
0.821631
2.0165
1.94508
2.32538
1.34857
1.58824
2.61557
1.61176
0.707239
2.07779
1.36141
1.06829
1.52836
1.34532
1.49828
0.845689
0.859273
1.81443
1.54345
1.00019
1.66737
2.34251
2.34784
0.872394
1.3596
1.19748
1.69569
1.39224
2.3983
2.2835
1.53105
1.57721
1.4198
2.47372
1.50988
2.44429
1.78023
1.73435
1.85637
1.43371
1.27165
1.43565
1.56628
1.12602
1.67551
1.83851
1.40011
1.38963
1.42816
1.16878
1.70517
1.89125
2.19518
1.4804
1.33174
1.81472
2.11268
1.71249
1.52537
1.58471
2.10903
1.35377
1.36368
1.14177
1.45896
1.54902
1.85351
1.31501
1.3517
1.12289
2.0238
1.50296
0.855987
1.83501
1.64851
1.22654
1.86016
1.65632
2.54785
2.08291
2.14666
2.09242
1.46278
1.77622
1.50113
1.0882
1.72441
1.32101
1.21115
1.98103
1.37933
1.97516
1.66941
1.20417
1.8148
1.82928
1.97681
1.1302
0.8276
2.10726
1.94455
1.67183
2.0723
2.54922
0.963548
2.36755
2.26658
1.48873
0.850972
1.60885
1.13307
1.13861
1.5556
1.3731
2.58214
1.68156
2.65567
1.75391
1.83414
2.44048
1.22323
1.92694
0.958327
2.37556
1.23686
1.30042
1.855
1.47961
1.51688
0.766832
1.73502
1.16776
1.50535
0.721738
1.7655
1.78539
1.31011
1.18298
1.52592
1.78059
0.298203
1.89612
2.37604
1.17305
1.53728
0.97088
0.832406
0.855859
0.976561
1.6293
1.39527
1.8898
1.8181
2.58778
1.56169
1.48438
1.43858
0.923438
2.28002
1.65402
1.3202
0.876665
2.40181
0.896126
2.24165
1.5838
1.60946
0.872203
0.745806
1.76691
2.8211
1.13016
1.31408
1.5261
1.36235
0.925697
1.90061
1.20555
2.29904
1.48598
1.58023
2.1557
1.7869
1.38367
1.95757
1.4878
1.55566
0.78547
1.68795
1.47605
1.40032
1.8687
0.821226
1.55755
1.59863
1.72596
1.81565
1.21207
1.07573
1.43007
1.48932
1.62405
0.877388
1.00336
1.808
2.49473
2.44101
2.4863
0.85327
0.897873
1.11655
1.98644
1.59988
1.82165
1.43414
2.32485
2.03703
1.83541
2.1
0.837439
0.778928
1.41535
1.29945
1.70111
1.79538
1.68922
1.17538
1.62912
2.47149
2.30141
1.79384
2.07607
1.26711
1.5831
1.71408
1.04863
2.45039
2.12433
1.75421
1.52129
1.93744
1.73588
1.71369
1.83462
1.37332
1.1171
0.447507
1.56219
2.35673
1.16272
1.02952
1.64368
1.58013
1.68251
1.56582
1.13076
0.88296
2.13251
1.33551
1.44169
1.78467
1.46705
1.67708
1.58894
2.15644
0.904291
1.47127
1.33761
0.845458
0.568959
0.7558
1.62279
1.5943
1.48919
1.30229
2.21341
2.03716
2.05362
2.1276
2.0994
2.06457
1.64263
1.29675
2.02677
1.47501
1.55224
0.943895
2.04178
2.29214
0.838519
1.41088
0.898573
0.861064
2.46332
1.02551
0.895903
1.44808
2.20664
1.9954
2.15863
2.13938
1.3625
1.75851
1.43433
2.08046
2.24274
1.81655
1.7619
1.63101
2.43876
1.14899
1.49743
1.48063
0.907961
1.84516
2.15836
2.47775
1.37599
1.47611
0.917374
1.98388
1.44327
1.79216
1.61706
1.4489
1.51999
1.14864
2.20546
1.92704
1.19535
0.476864
1.43769
0.929447
1.52207
1.96453
1.85119
1.68758
2.14489
1.6299
1.43808
1.9654
1.37757
1.68033
1.17782
1.16843
2.27875
1.01239
1.43063
1.91356
1.54411
0.789794
1.24313
1.99191
2.10176
1.30808
1.84307
2.03612
1.22397
1.52577
1.52152
0.736747
2.45719
1.66839
0.992318
1.48524
1.45352
0.794795
1.54043
1.03653
1.28131
1.29415
1.8405
2.25288
1.62923
1.72361
0.919484
1.79539
1.27135
0.786712
1.9035
1.60324
1.74836
1.74248
1.61517
1.67349
1.59051
0.782377
2.14048
1.228
1.74317
1.59173
1.76219
1.58483
1.09425
1.21638
1.24164
1.14475
1.82631
1.84608
1.63572
1.98798
1.49642
1.83244
1.21241
0.938953
1.41535
0.978016
1.74167
1.69437
1.64481
1.5162
1.37124
1.5624
1.19822
1.46963
1.60706
1.27997
1.53762
1.05613
1.93219
1.582
1.37559
1.48953
1.65313
1.21088
2.23046
2.04073
0.905653
1.52802
2.22215
1.49516
1.64404
1.8657
1.17604
1.8837
1.33858
1.15489
2.07339
1.39081
2.32803
1.38019
2.31313
1.00786
1.8399
1.49662
1.99832
1.3334
1.63307
1.65663
1.17207
2.13462
2.04003
2.04357
0.743305
1.29168
0.812019
1.31617
1.1157
0.704224
1.15468
1.36638
2.56173
1.71192
1.5254
1.33608
1.65041
1.73183
1.328
1.33911
1.22787
1.66557
1.87247
1.36475
1.62458
1.60929
1.46005
1.85839
1.00834
1.64827
1.96033
0.626272
2.49798
1.37858
1.90588
1.35595
1.45174
1.89293
1.6216
2.34628
2.76033
0.731472
1.53777
1.77023
1.74198
2.33145
1.92113
1.71665
1.10041
1.3212
1.20587
1.29834
1.39014
1.70702
2.06663
1.85844
2.26921
2.46848
0.797941
2.29424
2.0915
2.17992
1.8883
1.93526
1.4612
0.958116
1.61696
2.03368
1.51782
2.06088
1.62187
1.37889
1.6498
1.93033
2.55594
1.651
0.9048
1.38706
1.03446
1.17171
1.49473
2.46888
2.18367
1.88296
0.951824
0.75899
1.66708
1.53157
1.45014
1.02279
0.882802
2.08116
1.7789
1.40178
1.46261
2.1527
1.65917
1.74102
1.00124
2.05651
1.84147
1.85319
2.01454
1.5252
1.59072
2.14379
0.537663
1.2343
1.7534
2.00341
1.85475
1.77027
1.43727
1.43876
1.35798
2.12116
1.62898
1.99169
1.66524
1.43698
1.40554
2.69579
1.42281
1.80729
1.90176
1.29529
1.29101
0.637417
2.42648
1.32303
1.10514
1.50529
1.82903
2.53668
2.47079
1.65286
2.46279
2.30397
1.38379
1.19769
2.34336
1.72126
2.17675
1.61989
1.34795
0.896881
1.6326
2.07387
1.76482
2.27696
2.29783
1.71948
1.34283
1.85309
2.04436
1.44282
1.11086
1.16798
1.5707
0.729094
1.44804
1.53606
2.5319
1.42853
1.13298
1.77385
2.00187
2.39649
1.9964
1.80736
0.789412
2.31503
1.93302
1.98939
1.32441
2.17598
1.5827
1.02532
1.92394
1.56915
2.0055
1.87764
1.68411
1.82377
1.22131
1.30115
1.6779
1.57551
1.56402
1.65041
2.09715
1.9101
1.54788
0.566694
1.02237
1.10682
1.92436
1.41248
1.15482
1.3467
2.03792
1.65341
1.06595
1.03935
0.905622
1.0776
2.1878
1.61508
2.0432
2.01007
1.03671
2.38907
2.17751
1.53459
1.94684
1.51254
1.16648
1.74653
1.46499
1.29634
1.71374
1.31635
1.59259
2.193
0.930677
1.56491
1.51799
1.42982
2.29998
2.41693
1.68905
1.29953
1.48408
2.34112
1.27761
0.889229
1.35296
2.53692
1.26054
1.75842
0.949326
2.31944
1.11451
1.61005
1.27694
1.59317
1.26259
1.54992
1.76171
1.03862
1.5968
0.910521
1.06131
1.27046
1.38243
1.34601
1.8748
1.23174
1.7016
1.79574
0.691154
2.23686
1.79124
1.6293
2.09052
2.41557
1.66793
1.53646
1.92134
2.11166
0.95775
1.61651
1.34014
1.95421
1.33134
2.19993
1.75538
1.2141
1.74865
1.34719
1.6691
0.938302
1.153
1.40914
1.27863
1.15572
1.59268
1.8398
2.04148
1.4483
1.21768
1.38811
1.73691
1.33178
1.43802
1.88965
1.20167
1.21156
1.06194
2.17271
1.75901
1.21254
2.60794
1.00942
1.78198
1.88631
1.44988
2.04535
1.8756
2.00052
2.03816
1.5115
1.26069
1.52323
1.53398
0.912976
2.04874
1.7707
2.0426
2.3223
1.67945
1.58493
1.33369
2.1016
1.6928
1.64998
1.01532
1.45125
1.46753
1.65185
1.30214
2.15461
1.60046
1.5612
1.69932
1.91867
2.15789
1.06775
1.60059
2.05999
1.68828
1.06459
2.30534
0.881861
0.756317
0.831032
2.15998
1.6751
2.10566
2.36822
1.18922
1.22082
1.2632
1.24096
1.37466
1.03624
1.0281
1.56353
1.79554
1.14436
0.711596
1.34093
1.22113
1.08847
1.18887
1.86194
1.23639
1.75541
0.666853
1.99365
2.16581
1.41384
2.34503
1.48959
1.95968
1.44777
1.45764
1.61332
2.07344
1.60834
1.26944
0.697767
1.13763
2.35882
1.49666
1.45491
1.51914
0.765555
1.40738
2.27145
1.84288
1.88442
2.18395
1.90202
2.05967
2.3608
1.58997
1.58245
1.78106
1.96664
1.47501
0.862387
1.68555
2.60072
1.61054
1.56265
1.60019
1.24306
1.88272
1.42038
1.85265
1.2925
2.28405
1.99569
2.01651
1.89041
1.39791
2.40639
1.1958
2.18901
1.80386
1.0074
2.26559
1.4917
0.995299
2.31705
1.65516
1.83544
1.29729
1.12083
2.06673
1.84256
1.335
1.80041
1.51834
0.988383
1.7159
1.84087
1.91826
1.37641
1.38501
1.85075
1.67347
1.46311
1.83802
1.51101
2.25292
1.7052
0.872706
1.49056
1.94927
1.25278
2.03363
1.97204
2.12481
2.25662
1.10743
2.16371
1.59729
0.735485
2.17747
1.65052
1.65062
0.950707
1.83825
1.55944
1.81425
1.19133
2.29256
1.42289
0.565181
1.47214
1.28214
0.670308
0.503453
1.91469
1.95045
1.86742
1.26234
1.09198
2.31142
2.51902
1.08079
1.66971
2.40918
1.62693
1.51981
1.43143
1.75588
1.64863
2.12597
1.77198
1.15965
2.28663
1.32497
0.772238
1.01391
1.58261
1.79468
1.44104
1.43934
1.8406
1.56607
2.17909
1.33654
1.38985
2.33088
1.81614
1.22863
1.83111
1.51137
1.40822
2.23883
1.5109
2.09046
1.35917
1.22583
1.50521
1.86565
1.34313
1.59649
1.4687
1.80563
1.28398
1.90881
1.36335
1.32806
1.09847
1.81443
0.802916
1.54974
1.3207
2.05063
1.12167
1.1023
1.54194
1.40145
1.23912
2.3549
2.3841
2.05281
1.56835
1.79277
1.80998
1.7138
2.05143
1.54046
2.15385
2.0775
0.692901
0.97608
0.763234
2.11447
1.96356
1.3513
2.1662
0.533397
1.07149
1.33535
2.20423
0.95151
1.70037
1.51385
1.06146
1.68113
1.69579
1.53124
1.79583
2.14098
0.94192
2.07677
2.20963
1.94991
2.02225
1.38342
1.83212
1.45288
1.77235
0.951368
1.59076
1.20123
1.07225
1.65715
0.824164
1.26399
0.388823
1.35124
1.48252
1.58584
2.38464
0.905121
1.46182
1.90667
0.639224
1.75556
1.13082
1.7743
1.47899
1.6128
1.42357
1.23248
1.92054
2.32259
1.76756
1.35429
1.75951
1.21829
1.67824
1.60678
0.938151
1.26778
2.40514
1.18869
1.26042
1.25506
1.23296
0.850101
1.60749
1.25908
1.12625
1.49847
2.80221
1.70235
1.53398
1.61676
1.8701
1.24242
1.56097
1.61152
1.06028
0.906154
1.18073
1.55786
1.07939
1.93453
1.82606
2.45837
1.53024
1.5122
0.595941
2.28246
0.922853
1.26646
1.90341
1.88169
1.42918
1.40704
1.1094
1.53154
0.824131
1.22116
0.948913
0.908405
1.73384
2.16418
2.32273
1.36974
1.86519
2.02383
1.76271
1.06295
2.02367
1.43386
2.12559
1.29928
1.65715
1.1244
1.78308
1.31321
1.36525
1.37643
1.84249
1.49131
1.4326
1.38048
2.66076
1.13662
1.90941
2.21854
1.62649
1.89982
1.4382
0.893486
1.26447
1.23813
1.31074
0.878721
1.34646
1.35809
1.46175
1.23334
2.2941
2.1002
1.62258
1.98901
1.5675
1.68512
0.932727
1.40184
1.24306
2.07999
0.880409
1.63945
1.58669
1.69409
1.60963
1.60327
1.59839
1.70672
1.10394
1.48512
0.238946
0.491684
1.90511
1.04608
1.28071
2.06573
1.25233
1.0985
1.34523
0.93924
1.5765
1.86789
1.8979
1.6135
2.246
1.86159
1.19387
1.50595
1.41959
2.08083
1.17617
0.709765
1.72589
1.95309
1.04049
1.02435
1.91275
1.79466
2.35757
1.51455
1.32297
1.83042
1.86003
2.14805
1.0461
1.84808
1.49079
2.25992
1.64649
1.16084
1.51682
1.37441
1.75795
1.38671
1.77594
1.06661
1.85463
1.84929
1.433
2.19205
1.26001
1.27239
2.10002
1.62699
0.954594
1.7374
1.8721
1.25759
2.22716
1.29757
1.46093
1.49363
1.31459
1.65243
1.41335
1.65868
2.1335
2.14296
2.03806
1.31654
1.07671
0.989978
1.21684
2.00483
1.76768
2.1809
1.67968
1.84859
0.767091
2.38149
1.41239
1.27981
1.7434
1.47942
1.99791
2.43754
2.05784
1.54559
1.77011
1.47179
1.85981
1.32068
1.32296
1.33818
1.89518
1.0991
0.883382
1.97065
1.76314
1.81938
1.36494
1.66514
2.28476
1.39893
1.24719
2.24614
1.58744
1.9766
1.4902
1.47495
1.77098
1.01017
1.89346
1.58612
1.60191
0.929601
2.40285
1.4815
1.26317
1.49614
1.55096
0.645982
1.63474
1.27958
1.99834
0.764915
1.01586
2.02501
1.48604
1.77277
1.48031
2.12365
1.44781
2.44078
2.46194
1.10433
1.48291
2.25746
0.942193
1.35279
1.33422
1.59259
1.70653
0.989038
0.559758
1.98721
1.74582
1.59167
1.96039
1.20886
1.2674
0.579147
1.30714
2.16372
0.927704
1.96497
0.871985
1.4312
1.80524
0.760081
1.57324
1.13812
1.528
1.03744
1.54336
0.788225
2.44829
1.80467
1.05207
1.67431
0.783542
2.01084
1.74396
2.45184
1.37214
1.35306
1.39155
1.11975
2.20005
1.37885
1.49057
1.62194
2.21372
1.66447
2.3612
1.81844
1.98617
1.48095
1.61315
0.704575
1.6077
1.70037
1.29167
1.30645
0.71727
1.73888
1.40859
1.29941
1.47521
1.4366
1.32045
1.96496
2.23287
1.55908
0.60266
1.41798
1.82549
1.65271
1.95799
1.60898
1.19491
1.71053
1.64472
1.46499
1.16918
1.84671
1.21534
0.923047
1.58868
1.33865
1.58624
1.32247
1.29052
1.65463
1.60981
1.92274
2.25795
2.03705
1.46945
2.63237
2.0124
1.61237
1.26465
1.27236
1.33075
2.34904
1.81518
1.37048
2.04193
1.75475
1.75574
1.89274
2.35008
1.76996
1.67879
1.31061
1.31339
1.93404
1.23409
1.00273
1.68334
2.04021
1.18528
1.33381
1.36213
1.50651
1.14296
1.62692
1.45445
2.31743
1.88143
1.68748
1.77024
0.88747
0.992786
0.816362
1.47795
0.787806
1.2122
1.0081
0.854376
2.26921
1.67276
1.85261
1.9956
1.50301
1.80126
1.2369
0.646264
0.97671
1.4663
2.1915
2.04334
1.6304
1.10556
1.51045
2.41238
2.05155
2.21398
1.59698
1.76146
2.20778
1.48507
1.63988
2.04641
1.80516
1.53899
1.33472
2.03341
0.757489
1.10361
1.29062
1.56885
1.49161
1.30115
2.2084
1.41467
1.08447
1.66174
2.35472
1.63332
1.69086
2.61132
2.22289
1.64447
2.10246
1.17495
1.5066
1.4382
1.46384
2.14782
1.80731
2.57155
2.16912
1.26448
1.24006
1.37923
1.44455
1.50935
2.17272
1.27398
1.27889
1.27666
2.43192
2.49011
1.41718
1.80097
2.16525
1.63358
1.52222
1.98998
1.37934
2.08792
1.77335
1.3091
1.96877
1.99751
1.9426
1.2459
1.85927
0.867112
2.23316
1.45113
0.439525
1.05427
1.54849
1.52177
0.855617
1.51107
1.6453
1.61232
1.15051
1.01899
1.1747
1.44907
1.95067
1.41199
1.28646
1.99266
1.66764
1.81761
1.17351
1.82953
1.88451
2.43634
1.65641
2.37185
1.88733
1.87286
1.61775
1.79897
1.72719
1.46223
1.43013
0.924655
1.24809
1.27842
1.38975
1.23454
1.93747
1.53252
1.68773
1.35048
1.24719
1.35208
1.32353
1.59137
1.84472
1.90751
1.18248
1.92728
1.38199
1.67783
1.76112
1.3207
1.883
0.665452
1.1856
2.0146
2.23626
1.64974
1.46101
1.62386
1.39453
1.0673
1.60504
1.21661
1.60327
1.42917
0.969003
0.936636
1.45896
1.01288
1.83225
1.41164
2.24819
1.22327
0.95391
1.07905
1.9334
2.22602
2.2884
2.58798
1.00758
1.6397
0.965457
2.18109
1.56562
1.83124
1.43824
1.80711
1.79806
1.75733
1.43704
2.38665
0.982007
0.972875
1.67576
1.49235
2.07078
1.4092
1.21263
1.45875
2.6458
1.71479
1.23722
2.13836
2.14434
1.66732
2.43265
1.73632
0.779798
1.71744
2.03218
1.21524
1.68948
2.20671
1.29736
1.76001
1.09703
1.3445
1.85809
1.75098
1.63713
2.02787
1.53514
2.33492
2.33065
2.21192
1.45076
1.4419
1.82871
2.25683
1.96096
2.51418
1.92782
1.23483
1.65301
2.0819
1.61097
1.88175
1.64083
1.74939
2.27312
0.809816
2.06075
1.77117
1.21846
2.64353
1.30909
1.05125
1.75362
0.945958
1.49831
1.32825
1.89016
1.44522
1.57531
1.54546
0.944604
1.0355
1.80665
2.20787
1.55978
1.50188
1.62952
1.36974
1.06669
1.03475
1.85335
2.26182
0.785122
1.49101
1.56969
1.98187
1.95848
1.89052
1.56982
1.19208
0.541784
1.2595
1.72633
1.10203
1.97844
1.66769
1.35748
1.81957
1.44196
2.11139
1.35402
1.75419
1.43916
1.93408
0.873213
1.1344
1.61176
2.08884
1.35758
1.29471
0.728278
1.70437
2.20738
1.50835
1.97382
1.37458
2.06192
1.72586
0.970882
1.3393
2.0821
2.1525
2.11534
0.876398
0.966656
2.0145
1.17895
2.13243
1.94432
1.5697
1.27647
0.799098
2.19097
1.83433
1.45604
2.35152
2.12694
2.08309
1.83973
1.59146
1.68967
1.49966
1.86391
0.780044
0.89166
2.35635
2.25433
1.89834
1.14848
1.53111
2.10032
0.855765
1.48984
1.45445
1.78992
1.4655
2.44899
1.18116
0.897587
1.03279
2.08249
1.52882
1.97502
2.49691
0.573144
2.37684
1.06981
1.67447
1.26612
