1.60871
1.36407
1.07593
1.41544
1.1805
0.557901
1.27015
1.28476
0.940967
1.10282
2.52037
1.05118
1.21406
2.10054
1.28884
1.41681
1.61305
2.32948
1.74915
1.19821
1.28404
1.03454
1.31672
1.79041
1.75792
1.44073
1.42304
1.35589
1.48059
1.85767
1.16605
1.43728
1.43007
2.02643
0.677379
2.18942
1.30365
1.78015
2.04579
2.06172
1.79014
0.948683
1.48647
1.63734
1.13199
1.91587
1.79828
1.4546
0.842458
1.5294
2.54788
1.39692
2.00342
1.99771
2.10234
1.81095
1.24758
1.40994
1.19337
0.685634
1.56494
1.16749
1.18841
1.31219
1.22995
1.38681
1.03778
1.18415
1.37627
1.55856
2.07464
0.98395
1.98918
1.76582
1.67726
1.39516
1.67536
1.33918
1.2558
1.10231
1.65744
1.49614
1.03986
1.28138
1.38882
2.07847
1.54006
1.21792
1.40998
2.05116
1.76815
0.876146
0.941442
0.874867
2.03294
1.63083
1.01823
1.78558
1.40647
1.17154
1.42236
1.52555
1.02611
1.79383
2.17472
1.3513
1.70172
1.65853
2.3274
2.16225
1.69287
2.2213
1.30676
1.62154
1.15672
1.19403
2.08347
2.55299
2.03093
1.85262
2.05249
0.790916
1.82253
1.8325
1.43987
2.04052
1.18245
1.92939
1.57786
1.34607
2.25354
0.930782
1.04284
0.935945
1.74948
1.63921
1.5628
1.85278
1.50703
2.12146
0.944615
0.832046
1.41544
1.81774
2.38742
2.23488
1.13413
1.35776
1.4147
1.63071
1.05156
2.06601
1.19713
1.37092
1.33554
1.68745
2.11256
1.36572
2.10868
2.64027
1.50023
1.03425
1.08403
2.01454
1.48016
1.41366
2.354
1.25381
1.7764
1.70342
1.41216
1.69982
1.45739
2.39555
1.45965
0.684716
2.04758
1.75811
1.45586
1.81935
2.30543
1.50715
2.39065
0.989893
1.55834
1.37304
1.82836
1.76109
1.6152
2.18886
0.802302
1.98841
1.11778
0.971896
1.95782
1.53954
1.37932
1.47335
2.10791
2.06441
1.40725
1.71201
1.88381
1.39506
1.42566
1.26055
2.01031
0.810249
1.3842
0.967939
1.99448
2.54584
2.31408
2.1208
2.25293
1.84003
1.99588
1.36662
0.895525
1.33265
1.7894
1.43137
1.21423
1.59259
1.2444
1.86793
0.704241
0.752215
1.49951
1.54537
2.00744
1.05374
1.52684
1.16983
1.59094
1.95921
0.943436
1.64729
2.37026
1.32593
1.25642
1.09779
2.07533
1.39515
2.00607
1.30048
1.83625
1.32183
1.62857
1.82563
1.61005
1.48763
1.61152
0.868349
1.44061
1.09903
1.65378
1.35395
1.48347
1.40926
1.91683
1.25927
0.832905
2.27312
1.69735
1.36589
1.85328
0.759903
1.94114
0.724599
0.952092
0.846842
1.81869
1.59433
1.41539
0.921671
1.37385
2.18922
1.98324
2.15775
1.12757
1.57167
1.61708
1.94166
0.428272
1.57847
1.87112
1.15652
1.13902
1.75476
1.58505
1.73035
1.68567
1.28172
1.87413
1.22151
1.84605
1.29529
0.876236
1.05101
1.38861
1.9314
1.70511
1.78749
1.6304
2.18073
1.88574
1.0248
1.29846
1.65151
1.63383
0.845841
1.6146
1.84741
1.4785
1.49529
1.70705
1.61576
1.5574
1.78277
2.17016
1.57299
1.16961
0.624865
2.37547
2.23302
2.25613
1.11092
0.72283
1.8067
1.15125
1.79405
1.52274
1.27863
1.41545
1.91343
1.88413
1.93218
1.56893
1.37217
1.49314
1.44307
1.6885
1.99121
1.72278
1.78639
1.37861
1.78957
1.11792
2.03355
0.733735
1.01848
1.70105
1.16265
1.40468
1.56915
2.12677
0.890534
1.88022
1.76597
1.54169
1.36877
1.9045
1.26995
1.93512
1.34494
0.773022
2.00595
2.17123
1.87739
1.7614
1.913
0.62122
0.901816
1.53136
1.74325
1.74833
1.5821
1.68455
0.828546
1.61408
1.33033
1.11415
1.86948
1.08887
1.13616
1.41437
1.82959
1.03483
0.593813
1.5311
1.59439
0.656562
1.53817
1.71849
0.718951
1.31632
1.90783
1.17925
2.06755
1.04755
1.21178
2.22048
2.17004
2.16591
1.27653
1.2829
1.2829
2.33863
0.672723
1.00952
2.06673
2.02348
1.27905
1.52946
1.23483
1.42887
1.85265
1.16065
1.54977
1.53215
1.47078
1.71971
1.54015
0.519806
1.73591
1.658
1.66542
1.5004
1.33165
2.01576
1.28545
1.07248
1.28411
1.52745
1.02325
1.40636
1.06195
1.95178
1.92332
0.961751
1.68659
1.46795
0.721348
1.67597
1.37397
0.860874
1.09078
1.8585
2.27414
1.6493
1.30001
1.9223
1.13905
2.31374
1.54669
1.65892
1.41217
1.80436
2.08714
0.877613
1.88175
0.887262
2.11948
1.43279
1.24654
1.7578
0.821597
1.90379
2.02351
1.02435
1.45485
1.9599
1.11784
1.56951
1.37789
1.25619
1.75416
1.92503
1.60911
1.45881
1.86194
1.01439
2.04478
1.56222
1.11118
2.43148
1.70271
1.52788
0.819616
1.48498
1.9547
0.952942
1.40794
1.11907
1.56692
0.627817
1.77036
0.81677
2.28343
1.89757
1.43894
1.34857
2.10524
2.12663
0.784902
1.04194
1.55677
1.69125
1.77848
1.61671
1.03219
1.55757
0.466931
1.83857
1.5368
1.91187
1.31957
1.21566
1.70396
1.58169
0.717231
1.00647
1.98773
1.30027
1.46476
0.878131
1.36017
1.75025
0.870478
1.49626
1.28904
2.17569
1.755
1.68392
0.754528
1.12015
1.61561
1.71599
0.462613
2.20067
1.15486
1.58074
1.38401
1.09588
1.62623
1.66496
0.984586
1.46274
0.723958
2.02253
1.76682
1.79127
1.24329
0.93546
1.39651
1.56017
1.81755
1.81001
1.25512
1.99884
1.67928
1.96322
1.41047
1.61549
1.80426
1.62203
1.7309
1.52733
1.51706
1.27772
1.13259
2.29336
1.46077
1.34712
1.47557
1.32593
1.01913
1.42736
1.78796
1.43211
1.84267
1.3869
1.76974
1.71367
1.33077
1.0212
1.50098
1.12003
1.5661
1.16964
1.13804
1.63478
1.20666
1.69474
1.30881
1.19789
2.50574
1.55393
1.2977
1.79983
1.45205
2.0285
1.53001
1.67517
1.71562
1.56481
0.853537
1.62215
1.82622
2.14077
1.65849
1.41193
1.32026
0.832958
2.27785
1.22746
2.13008
1.45021
1.91904
1.85697
2.13763
1.62157
2.1886
1.82511
0.605513
1.49688
1.02245
1.57824
1.5642
1.36251
1.41624
1.32856
1.58453
1.06748
0.779624
1.8901
1.29764
0.93683
0.905046
1.4499
1.91346
1.52989
1.28614
1.97223
0.815159
2.06741
1.69373
1.58419
1.9363
1.15132
1.25499
2.17718
1.59851
0.889903
0.918758
1.86013
2.00752
1.32982
1.33915
0.788433
1.92204
1.649
2.41305
2.22125
1.41514
1.37982
1.41421
1.99881
1.47231
2.11167
1.71561
1.21607
1.40387
1.74345
1.34043
1.56364
1.57891
1.71744
0.88411
1.39967
1.14567
1.30387
1.55865
1.9565
1.65277
2.04237
0.899967
1.96145
0.777922
2.82734
1.45438
1.70884
1.86118
1.52128
1.08319
1.52849
1.15171
1.49675
1.15895
1.48754
1.65883
1.87317
2.06733
0.758748
1.52488
1.23477
2.2851
1.28717
1.53533
1.49296
1.165
1.87926
2.26556
1.53909
1.55853
2.66128
0.903035
1.99429
1.95618
1.91625
0.900271
1.75364
1.6059
1.33927
1.51266
1.56387
2.31849
1.30144
1.39695
1.29478
1.40017
1.65047
1.78121
1.41872
1.49186
1.45681
1.8703
2.21481
1.49718
1.82137
1.2408
1.48077
1.3626
1.01292
1.31155
1.78467
1.58154
1.38069
1.76179
1.21833
0.967043
1.649
1.85094
1.65108
1.59894
1.43548
1.23738
1.23373
2.01582
1.12286
1.66512
2.33954
1.66913
1.16828
1.57177
1.0825
1.06274
1.28366
1.87528
1.12808
1.46203
1.33634
1.69225
1.67103
1.28166
0.924972
1.04185
1.71614
0.471449
1.0231
1.97344
1.6562
1.38948
1.42378
1.30909
1.40889
1.43858
1.89609
2.0059
1.07302
1.79267
1.70289
1.92864
2.20735
1.85443
1.22997
1.43513
1.709
1.56161
1.68678
1.78314
0.793261
1.68285
1.98399
1.86701
1.81475
1.76775
0.513563
1.5841
1.49143
1.54597
1.22116
1.48163
0.630607
1.38845
1.23099
0.641364
1.6596
1.36525
1.45991
2.1062
1.40809
1.66622
2.64408
1.37975
1.97303
1.57321
0.980877
1.61024
1.59387
1.15165
1.48878
1.54843
2.00046
2.14178
1.50358
0.961457
0.976428
2.22339
0.657798
1.00704
0.975383
1.00169
1.24318
1.38404
1.83933
1.52216
2.43891
1.12124
1.42469
1.47078
0.910571
2.3042
1.03226
1.15565
2.50981
2.06187
1.56398
1.20338
1.56048
0.895898
2.15802
1.68819
1.5534
1.80549
1.91353
1.96456
1.1064
0.712145
0.862454
1.18495
1.81256
2.29118
1.27378
1.39321
1.28573
1.32964
2.00967
1.13816
1.23008
1.2153
1.921
1.3838
2.16919
1.59472
1.01022
2.63565
1.61091
2.15739
1.71146
0.920064
1.5014
1.43815
1.07704
2.34388
0.819374
1.47685
0.992029
1.59131
1.37042
1.32876
1.32662
1.70745
1.45696
1.42613
0.987271
0.847187
1.66475
1.77876
1.41647
1.9256
1.35223
1.48977
1.05819
0.823417
2.02558
1.71958
1.82342
1.61457
1.60504
0.909606
1.54546
1.1649
1.77905
1.42681
0.8001
1.78059
1.42872
1.52989
1.173
1.88676
2.04636
2.02297
1.9687
1.68395
1.98154
2.15198
0.969394
1.0897
1.51877
1.12543
1.17068
1.86577
0.966134
1.18001
1.57919
1.8496
1.91878
2.15552
1.54839
1.38237
1.88451
1.52137
1.81177
1.76081
1.02736
1.26457
1.39286
1.60705
1.57006
1.74378
1.66432
1.71688
0.932888
2.08385
2.09354
2.31234
1.37192
1.76635
1.35164
2.30307
1.84497
0.940543
2.09218
1.95144
2.08189
0.965392
0.832662
2.12081
0.700545
1.27327
0.921907
1.79646
1.58184
2.01295
1.68328
1.74009
1.67373
1.94527
1.87145
1.21742
0.508857
1.02529
1.47274
0.889079
1.45942
0.838816
1.60153
1.88098
2.20113
1.38069
1.24764
2.07329
0.998769
1.50605
1.40008
1.56962
2.84612
2.29486
1.51145
2.25628
1.1463
1.55574
2.35103
1.68082
1.70019
1.17935
1.35218
1.05483
1.83623
1.94698
1.87273
1.48298
2.24358
1.35857
2.00611
2.14151
1.17802
1.90492
1.65709
1.61124
2.32366
1.61488
1.29206
1.44993
1.27162
1.72757
1.69234
1.19821
1.43383
1.93696
1.44529
1.767
1.32687
1.76092
0.915231
1.10682
1.10814
1.70683
1.45051
1.56964
1.09846
1.57571
1.62765
1.77354
1.37631
1.92711
1.27142
0.510696
0.835367
0.882375
1.67812
1.683
1.68825
1.39874
2.27586
1.34588
1.49652
1.98167
2.12053
1.42185
1.85233
1.26765
1.494
1.14294
1.06245
1.81564
1.14864
1.40352
1.16015
1.9632
1.94786
1.20007
1.8664
1.24701
1.47547
1.21742
0.612223
2.227
0.481096
1.43171
1.56674
1.79548
1.34135
1.40197
1.87621
1.50963
1.36026
1.80113
1.47614
1.84662
1.99728
1.3053
0.977661
1.34376
1.07892
1.33871
1.17082
1.55468
1.20405
1.72357
2.36131
1.66147
1.87515
1.85529
1.03078
1.60773
1.53777
0.61309
1.7748
1.44369
1.83185
1.02264
1.3429
0.964587
2.18013
0.824208
1.91058
1.55049
1.81133
0.87251
0.84972
1.63841
1.76016
1.31372
0.862675
1.67253
1.56817
1.66245
1.32095
1.62753
2.07706
1.68217
1.09618
0.945687
0.99693
1.86252
1.72695
1.28525
1.44664
1.61066
2.26752
0.740764
0.935621
2.33264
1.23374
1.31253
1.36715
2.02381
1.37145
1.419
1.34882
2.4392
2.17765
1.61176
1.35489
2.24024
1.74477
1.95453
2.21419
1.27123
1.15842
1.65474
2.26159
0.997859
1.37497
1.07988
1.73332
1.27541
1.14649
1.29706
1.44279
1.16763
1.87745
1.05683
0.876804
2.01393
1.58331
1.53472
1.98254
1.24022
1.47789
2.11916
1.2897
1.15593
1.70296
2.17435
0.939222
1.45752
0.844844
1.06519
2.29059
0.817147
1.92684
1.23499
1.58017
2.02946
1.86487
1.77082
2.03491
1.23473
1.2081
1.37335
1.35729
2.02151
2.02239
1.44394
2.05611
1.08517
1.89311
1.66467
1.65194
1.96642
1.18195
1.55656
2.03499
1.53039
1.93951
1.58389
1.53521
1.75046
1.42489
1.2534
0.408474
1.24164
2.20061
0.837326
1.64765
1.21052
1.01378
1.70687
0.431963
2.2793
1.53539
1.38563
1.62242
1.56399
1.26324
1.0556
1.63805
1.35642
1.71078
1.42104
0.880366
1.67575
0.948377
1.49472
1.53195
1.30028
1.43879
0.808614
0.894787
1.29415
0.661846
0.698591
1.86621
1.50434
1.49902
1.62349
1.63407
0.583366
1.18389
1.64055
0.806564
1.8413
1.31238
1.72689
1.99455
1.18505
1.93519
1.39596
1.29554
1.48506
1.99781
1.4459
1.31408
1.25637
1.9717
1.61873
1.57803
0.919291
1.1751
1.50954
1.04077
1.40153
1.98433
1.48118
1.69317
1.99321
1.90112
1.87778
1.11404
1.52433
0.991662
1.1972
1.12908
1.93598
1.3882
1.97117
2.04978
1.31182
1.3787
2.2872
1.2289
1.13979
1.56274
1.87132
1.45924
1.88044
1.55331
1.54337
0.936169
1.0657
1.57043
1.81636
1.43747
2.21838
1.99181
1.2047
2.15174
1.59625
1.80643
1.38218
2.01698
1.58154
0.813531
2.08157
1.53432
1.36718
1.62446
2.03076
1.5432
1.69711
2.06472
0.83228
1.69588
1.33235
1.49528
1.56286
2.09829
1.45213
1.80643
1.47286
1.34551
1.93056
1.10767
2.06894
1.41137
2.26712
2.28148
1.45862
2.18015
1.36722
1.31515
1.09154
2.14775
1.33413
1.6879
1.32415
1.52149
1.35995
2.2533
1.06497
2.23568
1.67263
1.95711
1.66987
1.7439
1.18211
1.58532
1.64894
1.24132
1.6764
2.16672
1.94049
0.883018
1.50091
1.63609
1.07598
1.46169
1.64565
1.4375
0.816868
1.24132
0.815563
1.23109
1.30144
1.76974
1.99604
1.27493
1.03205
1.72429
1.20486
2.2724
1.28198
0.913788
2.07297
1.20149
1.42909
1.32013
1.14322
1.68798
1.31364
1.13279
2.32317
2.62396
1.64013
1.72636
0.753363
1.40367
0.926564
1.15365
1.02514
1.97861
2.1013
1.11383
1.74961
1.78977
1.29504
1.30403
1.84735
1.64732
1.27487
1.2248
1.41314
1.55996
0.798717
1.1229
2.2414
1.72108
0.477627
1.80517
1.02771
1.8957
1.92294
1.73464
1.56292
1.54736
1.86252
1.01559
1.51776
1.06878
2.30423
1.5105
1.4479
1.52794
2.13071
2.14647
2.36667
1.30558
1.27155
1.75237
1.90362
2.09003
0.943261
0.858099
2.48608
1.38842
0.976727
0.798254
2.05643
1.80024
1.46834
0.819249
1.76065
0.70533
1.4739
1.04127
1.84316
1.30833
1.65558
2.31556
1.49137
1.83187
1.31421
1.32215
0.893531
2.02824
2.00281
1.10373
1.29328
0.865002
1.99765
1.86372
1.09923
1.3187
1.7853
1.63652
1.54375
1.637
1.20815
0.758935
0.834859
1.53282
1.47409
1.85513
1.7413
1.55682
0.892362
1.33893
0.851492
1.33526
1.46989
1.70178
0.977436
1.64465
2.42828
1.18065
1.21547
1.30851
1.81595
1.4796
1.4492
0.990874
1.45656
1.80542
2.27761
1.95962
1.98486
1.87938
1.24073
1.62698
1.63003
1.08254
1.06753
1.33838
1.56588
0.922237
1.51091
1.33475
0.732
1.05492
0.699739
1.9607
1.75508
1.20059
2.04919
1.40361
1.76625
1.30517
0.185712
0.866939
1.41557
1.28964
1.32775
1.11579
1.57583
1.66101
1.10203
1.47283
1.65727
2.14672
2.05929
1.07316
1.35929
0.846179
0.539162
1.06082
1.24651
1.61152
2.34781
0.976741
2.01826
1.40444
1.2049
1.65822
1.21966
1.31351
1.49216
1.28659
1.41877
1.59103
1.70252
1.25695
2.01103
0.850155
1.77753
1.54192
2.22882
0.930602
1.74495
1.43691
0.782482
1.95882
1.67419
1.70577
2.19233
1.37056
1.67327
1.56903
0.501343
0.871281
0.890662
1.63474
1.33428
1.60468
0.815112
1.79756
0.955451
1.86717
0.930788
1.6615
2.35935
1.82326
1.88675
1.47125
2.28522
1.50667
1.50832
0.930121
1.61578
1.06957
1.99369
1.93467
0.861955
1.40238
1.01396
1.94729
1.68035
2.09088
1.46028
0.891956
0.990415
2.18027
1.6001
2.31438
0.460445
1.30198
1.67208
0.966977
1.18396
0.696373
0.753934
0.930566
1.44034
0.96457
1.70622
1.57748
0.644351
1.4861
1.52329
1.23308
1.6937
0.823619
1.54748
0.563898
1.09091
1.74542
1.83673
1.44141
1.57
2.04717
2.12186
1.31023
1.30382
2.38851
2.24633
1.41465
1.66867
0.971643
1.22846
0.979048
0.812035
1.82783
1.4635
1.50605
1.24442
1.68961
1.99995
1.23822
2.04414
1.58545
1.0327
1.45788
1.57257
1.43041
2.03771
1.64092
1.12523
1.19382
2.33958
2.30338
1.10709
1.06567
1.10519
1.89765
1.55853
0.589729
0.830252
0.78194
1.83212
1.38767
0.99828
1.51388
0.641377
1.37503
1.56549
1.30691
0.943099
1.97861
0.691118
1.67916
1.65402
2.59086
2.43653
2.08411
1.73362
1.77223
1.34137
1.63529
1.11747
1.59308
2.26645
2.03587
2.0624
0.571967
1.10122
1.07946
1.60706
2.15174
1.2689
1.67671
1.41577
0.965911
0.99724
2.10453
1.46837
1.69065
1.12117
1.01892
0.678998
2.05347
2.28163
1.22462
1.69742
1.65108
1.56921
1.51526
1.60685
2.12548
0.668991
1.68421
1.80536
1.06531
1.44793
1.90292
1.26382
1.30467
1.18862
1.73864
1.77927
1.8103
1.49221
1.86973
0.96123
1.67143
1.8363
2.05461
0.598136
1.90776
1.29004
1.09044
1.83977
1.49776
1.29998
1.14552
1.22727
2.41045
2.02185
0.464123
1.78914
1.19875
1.15966
1.09171
1.85088
1.58154
1.44787
1.49871
0.840022
0.830405
2.19506
1.04719
2.00874
0.949512
1.90027
1.96535
1.39856
1.484
2.12734
1.15278
1.20872
1.82991
1.87374
2.11288
1.46218
0.530041
1.06688
1.65116
1.30267
1.77354
1.62863
2.38846
1.32932
1.239
0.883238
0.947233
1.17333
1.72862
1.42125
2.00819
1.98108
1.04945
1.35106
1.0103
1.51101
1.22164
1.74829
1.02619
2.03007
1.63774
1.46059
1.06644
1.56488
1.53911
1.83941
2.07794
1.62942
1.36469
0.792548
2.2898
1.09467
1.65243
2.20445
0.668331
1.32762
1.23706
1.65494
1.17994
1.11639
2.20208
1.4671
1.28482
1.63523
2.00697
1.12673
1.39093
1.58046
2.25432
1.45214
1.4573
1.54111
1.10927
1.59821
1.46887
1.89647
0.892394
2.01958
2.16719
1.65108
1.50764
2.20705
1.64343
1.82334
0.244042
1.4709
0.970595
1.33585
2.59268
1.80951
1.06634
2.07944
1.10114
2.1088
1.26272
0.818421
1.46421
1.57629
2.10047
1.52885
1.54464
1.69317
2.19586
1.99875
1.80852
1.8313
2.33488
1.72367
1.17584
1.84471
1.74638
1.76171
1.48558
1.49051
2.00894
1.46109
2.2485
1.3046
1.96721
1.38671
1.13852
1.01491
1.58165
1.8814
1.75904
1.80816
1.89338
0.585771
1.00739
1.37633
1.86086
1.42704
1.06709
1.478
1.23842
1.27678
1.37652
1.60932
1.06717
1.33648
2.03895
1.22156
1.18661
1.53261
1.45709
1.85617
2.13818
1.91976
1.73249
1.5393
1.44168
1.63883
1.49124
1.49516
1.38833
2.21001
1.38324
1.56662
1.30688
1.48114
1.8658
1.10257
1.94101
1.05492
1.2735
2.55265
0.968747
1.30769
1.32998
1.6901
1.80951
1.41715
1.63939
1.22173
1.74712
2.26891
1.32423
1.46872
1.38327
1.54064
2.43731
1.55792
1.84357
1.88594
1.83927
2.52362
1.36335
1.33411
1.67143
2.42495
1.36157
2.22438
2.34684
1.42526
1.41631
1.33491
0.873567
1.45908
0.523894
0.904211
1.95453
1.02215
1.44422
1.04648
1.80016
1.92885
1.48823
1.78301
0.880656
2.3182
0.770099
1.969
1.47695
1.72775
0.808586
1.09323
2.58133
1.57238
1.09141
2.25447
2.32431
1.55206
1.64481
1.43285
1.79267
2.09831
1.27238
2.01401
1.45026
1.54204
0.831792
1.41415
1.72712
1.54076
1.51361
1.19842
1.67094
1.55958
1.22713
1.53294
1.92774
1.46056
2.28348
1.62325
0.952372
1.5054
1.90573
1.4962
1.2485
1.52824
1.17809
1.89106
1.36013
0.611401
0.960962
1.52427
1.81095
0.654977
2.23578
0.792585
1.43371
1.44031
2.02083
1.39695
1.38336
1.19159
1.03631
2.07932
1.08603
1.17333
1.88214
2.26797
1.34814
1.48386
2.16025
1.38215
2.29484
1.01913
1.49782
1.03222
1.05219
2.20179
2.02287
1.61659
1.74295
1.38659
1.53261
1.66338
0.785647
1.10783
1.61575
1.97888
1.56571
1.18739
1.10375
0.648809
2.10033
1.84843
1.25676
1.5852
1.44903
1.05605
1.41736
1.28841
1.23039
1.56574
1.01156
1.38901
0.944294
1.13736
1.95176
2.04572
1.76143
1.54998
1.20968
0.89332
1.68758
1.28609
1.78745
1.29422
1.10846
2.25913
2.32296
1.07004
1.9099
1.32287
1.70788
0.850772
1.80549
1.25419
1.01374
1.1468
1.23186
0.886601
1.0885
1.64925
1.16571
1.37988
2.02334
1.43525
1.05013
1.68675
1.70936
1.818
1.37626
1.34725
2.12677
0.582591
2.32601
1.94888
1.17558
0.813499
1.44298
1.80147
1.69744
1.34087
1.31375
1.2815
1.129
1.39447
1.38926
1.74
1.38361
1.75804
2.10409
2.47475
1.20876
1.39137
1.83269
1.9487
1.14991
1.7472
0.927949
1.11507
1.06544
1.78467
1.11247
1.28245
1.07766
0.947262
1.09494
1.9475
1.69453
1.12991
1.51107
0.696878
0.92503
1.38636
1.20375
1.36413
1.71901
2.13636
0.52989
1.3263
1.98948
1.86896
1.99878
2.02763
1.18432
1.15795
1.66536
1.69237
2.12734
1.01594
1.66999
2.30325
0.739459
2.22944
1.64086
2.47201
1.75631
1.86633
1.40215
2.22424
1.80885
1.20163
1.56131
1.47985
1.91865
1.5148
0.885381
1.52888
1.51047
1.28266
1.73474
1.62019
1.42933
1.00516
1.10464
1.48524
1.22887
1.75333
1.92795
1.75811
2.26714
2.614
1.97108
1.3787
1.46352
0.813854
1.22742
2.03928
1.3607
1.81472
1.26199
1.76849
1.37553
1.46976
1.51499
1.73202
1.05605
1.88521
1.21277
1.60388
0.971996
1.17432
1.46065
1.61966
1.15989
1.34532
1.55999
1.08553
1.20801
2.10912
1.84489
1.24164
1.92619
1.6996
0.87817
1.35651
2.92753
0.882741
1.76115
1.51254
1.10832
2.10206
1.35253
1.72732
1.11921
1.53223
1.01988
2.03559
1.42585
1.74105
2.15182
1.49746
1.37602
1.15586
1.86973
1.18285
1.45752
1.66156
1.78895
1.49605
0.783557
1.23221
1.31149
1.40616
0.532979
1.64551
1.36525
1.48775
2.33292
1.39757
1.52949
1.82505
1.55377
1.29193
1.49074
1.15158
0.883553
1.51755
1.60535
2.37524
1.65101
1.41829
1.29713
0.846671
1.54479
1.54113
1.41242
1.59109
1.71308
1.70486
2.59288
1.86799
1.54256
1.6818
2.32684
1.51697
0.814108
1.41539
1.90851
2.0034
1.78809
2.21214
1.29427
1.40605
1.31421
1.31717
1.77061
1.80204
1.65987
0.655256
0.965289
2.03157
1.74793
1.838
1.71722
1.52952
2.35006
1.67837
1.8578
1.21331
1.2207
1.78489
2.14063
0.788213
2.00961
2.68904
2.07345
1.46186
1.11415
2.07213
1.36572
0.797937
2.12082
0.948906
1.41493
1.78052
0.857955
2.14152
1.87945
1.95453
1.60217
2.18887
0.884895
1.25791
1.80028
1.12313
1.29817
0.602471
1.58129
1.4082
0.612448
1.99844
1.67996
1.99841
1.92678
1.06492
0.826387
1.73548
1.0113
1.8224
1.69565
1.6905
1.61488
1.58413
0.84097
1.26003
1.49431
1.13232
1.18939
1.84459
1.23919
0.96908
1.56048
1.56492
1.6315
0.88151
1.60759
1.50826
1.48873
1.46197
1.42329
1.34595
1.36722
0.779311
2.20627
1.68403
1.55224
1.7114
1.13218
0.59306
1.622
1.45481
0.682427
0.602338
0.779299
1.81712
1.06466
1.89679
1.80672
1.32819
1.35425
0.595549
1.19183
1.57153
2.04944
1.8831
1.84278
1.30533
0.799223
1.55459
1.84532
0.903617
2.21471
1.74799
1.28548
1.66672
1.61518
1.98107
1.42619
1.33548
2.02606
1.78508
1.39602
0.730001
1.60077
1.85704
1.47139
1.1979
1.98207
2.39377
1.92333
1.5972
1.08518
2.12881
1.60859
0.621585
1.39187
0.559207
1.69908
1.28115
1.01682
1.90408
2.26874
1.3815
1.66419
0.960924
1.43741
1.48831
2.20722
1.77441
1.3902
1.15127
1.9245
1.66499
1.25458
1.14192
2.05915
1.54388
1.79317
1.65837
1.46795
1.70065
2.34131
2.2771
2.31923
1.97624
1.2313
1.55407
1.61897
1.12884
1.36045
1.93598
1.14958
2.53383
1.30156
1.91138
1.87836
0.444163
1.5545
1.57128
0.963979
1.86277
1.25612
2.17931
1.16697
1.7069
1.51993
1.5276
1.35426
2.04592
1.23344
1.16424
1.10862
1.83105
2.2095
1.16397
1.75503
1.25865
1.2573
2.0144
1.90124
0.725405
0.730159
1.58282
1.14109
1.42511
1.15371
1.13791
1.48285
1.81422
1.54778
1.17769
1.04536
1.8444
2.34843
1.36325
1.26657
1.38457
1.28245
1.06782
1.36249
0.655288
1.2572
1.15892
1.24956
0.82256
1.59656
1.37397
1.66419
1.20647
1.05536
1.41256
2.38818
1.04622
1.00053
1.76824
1.20849
1.24338
1.54156
0.913764
1.2925
1.49356
0.794966
1.34895
1.56677
1.33168
1.11478
1.45724
1.76526
2.11616
1.43553
2.26461
1.27187
1.36578
0.911627
1.14086
1.58868
1.42687
1.35523
1.71112
2.10852
1.76392
1.00371
1.45616
1.27857
1.33849
1.45478
1.9569
0.945216
2.11603
0.762028
0.809032
1.00415
2.23915
1.19697
1.45441
0.889927
1.3843
2.1137
1.37932
1.87816
1.93552
2.54908
1.8751
1.87844
0.928278
1.41922
1.53734
1.56048
1.72763
1.21549
1.85567
2.01502
1.70192
1.06159
1.22002
1.77077
1.59701
2.35237
1.02763
1.77958
1.39589
1.86003
1.00011
1.94265
1.56472
1.29564
1.57693
1.70798
2.19909
1.57519
1.23867
0.714855
1.11251
1.39075
1.4063
1.12815
1.05086
1.63407
1.78207
1.80374
1.53062
1.03489
2.11716
1.59622
1.31395
1.56811
0.7383
1.51431
1.08933
1.19603
1.86621
1.58551
2.16767
1.92801
2.5587
2.19163
1.36629
1.48656
1.15822
2.07808
2.53842
0.782314
1.31837
0.779686
1.62737
1.87023
2.02253
1.69151
2.21465
1.22833
1.79377
1.84663
1.41563
1.63303
1.1187
1.16205
1.88355
0.560311
1.81271
1.54882
1.33664
1.90912
2.40869
1.64686
1.12955
1.15659
1.73763
1.23696
1.17134
2.31272
1.35277
1.27066
1.06988
2.12555
1.8112
1.63016
2.28334
1.2892
1.9645
1.08014
2.31765
1.76454
2.33246
1.59132
1.64955
1.48824
1.45798
1.76097
1.49281
1.9081
0.727515
1.23402
1.80882
0.981419
1.6901
1.35201
1.56379
1.9747
1.39967
1.89943
1.44313
1.05032
1.37428
1.48347
2.03402
1.58075
0.885682
1.45475
2.01352
1.66616
1.67675
1.21104
1.49443
2.1739
1.22535
1.44504
1.58794
1.90907
1.49914
1.67256
1.82575
1.20738
1.43819
0.659941
1.2156
1.28131
1.48321
1.36899
2.29137
1.65059
1.45945
1.65748
1.62782
1.28605
0.808716
1.0813
1.84092
1.2359
1.32349
1.52532
1.27432
1.30258
1.04797
0.91729
1.47492
1.42346
1.5371
1.23751
2.09439
2.23803
1.5567
1.56516
1.21495
1.77628
1.31673
1.12275
1.77136
2.07554
1.2247
0.907061
1.24013
1.78141
1.90266
1.01054
1.72831
1.75299
1.69868
1.3142
1.05348
1.40407
2.48596
2.06654
1.38129
1.52393
1.23763
2.25463
1.3205
1.88085
1.38858
1.128
1.40085
2.78356
1.82701
1.08983
1.73889
1.89776
1.78757
1.22346
2.17872
1.39124
2.04771
0.718681
1.72148
1.4215
1.67036
1.47574
1.67674
1.86984
2.46917
2.48754
1.46962
1.25303
0.715889
2.50668
1.5418
1.55822
1.54968
1.58825
1.59558
1.5291
1.81713
0.757648
2.26175
0.539189
1.43423
1.01345
1.5943
1.76793
1.70677
1.55578
1.17168
1.16348
1.56454
1.02347
0.820987
1.35776
1.67214
1.31328
1.73325
0.555103
0.848567
1.51865
1.73202
1.3388
1.64487
2.31429
1.28531
1.54223
1.78808
1.91775
1.06364
2.27705
1.72667
1.41063
1.27225
1.38404
1.29859
1.44953
1.33322
1.46382
1.35201
1.0676
2.04244
1.00866
2.30548
1.1406
1.54259
1.88567
1.07232
1.43087
1.50404
1.40158
1.52696
1.69837
1.26752
1.52348
1.89421
0.938786
2.34241
1.38752
1.5203
1.2126
1.64802
0.746597
1.13912
1.75364
1.39146
1.3502
1.62698
2.01765
1.07475
1.83374
1.02629
2.33268
0.877689
1.82007
1.6706
0.967785
0.929468
1.46188
1.21723
1.69936
2.73248
1.10886
1.00646
1.53035
1.02591
1.30686
1.36088
1.49752
0.7967
2.61435
1.17945
1.31389
1.67118
1.54949
0.923846
0.830031
1.03964
0.852827
1.74179
1.90363
1.78196
0.753181
1.09022
1.30742
1.35409
1.66891
1.31143
0.800925
0.760333
2.14046
1.17327
1.26613
1.47119
2.3467
1.36631
1.23951
1.47341
1.11485
1.53447
1.61097
1.81491
2.0243
1.0384
2.29168
1.52641
1.68162
1.78374
1.30653
1.51064
1.49544
1.10546
2.21526
0.779244
1.75997
1.55621
2.30417
1.77043
1.84694
1.59656
1.78726
1.7395
1.36332
1.69828
0.972512
1.45243
1.35745
1.49339
1.25015
1.93127
2.22337
1.25047
1.61479
1.29377
2.41005
1.68592
2.14056
0.789101
1.59427
1.51284
2.06247
1.53676
2.33879
1.92802
1.27267
0.766309
1.44541
2.48677
1.51718
1.64331
1.7578
1.35126
1.19028
1.59332
1.55947
1.30796
1.41982
1.91729
1.15852
0.881503
1.42134
1.18459
0.805927
1.9108
1.64401
1.95676
1.6048
1.02892
1.66698
1.54926
1.27946
1.23788
1.12691
1.45648
1.66444
0.917218
1.3515
1.70499
1.11701
0.728125
1.26671
1.24403
2.12225
1.91905
1.77584
1.28716
1.2418
0.647284
1.87836
1.75859
1.37578
2.22893
1.71963
1.38446
1.31843
0.603571
1.34263
1.69891
1.19418
1.46276
1.60843
1.59532
1.38418
0.794334
0.444621
1.56903
1.81473
2.19502
1.85965
1.70795
2.21985
1.4102
1.56433
2.11419
0.488716
1.16346
1.96484
1.49996
0.949403
1.30681
0.98844
1.77678
0.754271
1.53502
2.07059
1.54379
1.63028
0.940171
1.57043
1.77124
1.42228
1.34375
1.30447
1.48316
1.48782
1.87496
0.60324
1.24586
1.53786
2.2438
1.3482
2.0343
1.23752
1.24635
2.21993
1.91106
1.8195
1.47997
0.949209
1.30259
1.42776
1.4701
1.09037
1.88181
1.52953
2.02036
1.18232
1.02893
1.60004
1.73505
1.81863
1.59271
1.64303
1.06236
1.39292
1.23786
1.5737
1.94514
0.962557
1.41489
1.19875
1.75298
1.29377
1.46274
1.01054
1.81605
1.10222
0.709249
1.54076
1.10586
2.16503
0.492319
1.99229
1.80317
1.16782
1.2803
1.19796
1.43999
1.50004
1.41829
1.9057
1.81095
1.74099
1.00245
1.56025
0.649946
1.15452
2.13203
2.07239
1.28827
1.33147
1.56485
1.33365
0.804766
0.969475
2.30109
1.71756
0.854339
1.53359
0.899343
2.04875
1.74936
2.1098
2.10576
1.31913
1.01295
1.54327
1.30415
0.78742
2.06566
0.829441
0.926322
1.23635
1.83452
2.66408
1.5374
1.40275
1.25289
1.44771
1.71873
1.86666
1.36229
1.17855
1.49339
2.39555
1.9485
1.97595
2.09404
1.9594
2.13446
1.2096
0.747226
2.70552
1.94849
2.12655
1.38876
1.30903
0.661081
1.43044
1.40574
2.16762
1.6664
1.60486
1.4403
1.86749
1.61311
1.49274
0.832851
1.23745
1.40767
2.1393
0.9156
1.76697
2.19977
1.7656
1.57128
1.58392
1.45911
1.46427
1.37914
1.40865
0.54824
2.37915
1.85356
2.47417
1.35295
1.43318
2.28502
2.02507
2.0393
0.960561
2.01798
1.67425
1.89293
1.41115
1.96054
1.46034
1.29707
0.901804
1.86577
1.30944
1.79772
1.88275
2.3741
1.60066
1.87349
1.97503
1.89802
0.9455
1.34256
1.49645
1.41594
1.29897
0.971058
1.52575
1.18434
1.88088
1.73703
1.58581
1.68512
1.3362
1.5327
1.75451
2.19975
1.28134
0.698932
1.37632
1.57467
1.6748
1.35478
1.62362
1.15639
1.27595
1.60926
2.25608
0.816626
1.17584
1.58963
1.59491
2.10961
1.92508
0.925046
1.76252
1.63037
1.29409
1.64166
1.87068
2.33104
1.21195
2.09151
1.42165
1.04969
0.977325
1.38724
1.06043
0.967879
1.48138
1.60246
2.04847
1.46734
1.89509
1.32204
2.10111
1.97244
1.76264
1.6073
1.82537
1.79584
1.05065
1.77301
1.68395
1.59092
1.29204
0.877893
1.46369
1.56076
2.04559
0.944146
1.74161
1.99939
1.34241
0.918231
1.23583
1.37565
0.7322
1.27614
2.57845
1.38588
0.789454
0.85222
2.19141
2.01299
1.88715
1.81951
1.59744
1.82714
1.42119
0.971448
1.75575
1.79152
1.84361
1.88047
1.25533
2.08373
1.62606
1.44756
2.08091
1.84182
1.28977
1.73307
1.80131
2.32148
1.63786
1.27139
1.71584
1.20158
1.09198
1.63439
1.29431
2.08328
0.954813
1.47403
1.43118
1.67818
2.13462
2.37255
1.48402
2.57798
0.893791
1.50572
1.08658
2.05203
2.07261
1.64756
1.39459
1.34826
1.2701
1.02998
1.54382
1.05991
1.15739
1.30621
1.59943
1.66413
1.52558
0.890334
1.16902
1.6501
1.52998
1.29185
1.77179
1.76221
1.07856
1.47642
1.18541
1.33817
2.00493
1.19396
1.93261
1.61592
1.45549
0.831776
2.03574
1.0398
1.51205
0.926549
1.35848
1.8299
1.28213
2.06622
1.03448
1.37914
1.25749
1.35564
1.51953
1.5783
1.43642
1.74613
2.09723
0.588542
1.91372
2.0887
0.830575
1.71345
1.60034
1.58926
1.55569
1.81963
1.8463
2.01055
1.31294
1.11103
1.25198
1.76647
0.80635
1.64472
1.03369
1.93683
2.15861
2.03307
1.21234
0.840405
1.84212
2.35307
1.78196
1.75637
1.06277
1.77553
1.53481
0.954014
2.22232
1.28564
2.05909
2.47762
1.52082
1.20047
1.6023
1.33265
1.26042
1.93134
1.92489
1.84322
0.543411
2.26905
0.92513
1.29197
1.3887
1.11785
1.93421
2.42352
1.87874
1.1641
1.86806
1.26401
1.31648
0.888452
1.37359
0.88187
1.39137
1.42242
1.28235
2.44806
1.01346
1.31395
1.10743
2.02477
1.1996
1.43334
1.63731
1.75323
1.43734
1.56622
1.45709
1.70366
1.37509
1.5779
1.00966
1.85572
1.58661
2.33674
1.53936
0.861992
1.72661
1.3607
2.13158
1.07211
1.32423
1.61201
1.41872
1.03759
2.3618
1.5283
1.07588
2.28897
1.25751
1.3178
1.68273
1.66812
2.00982
1.9274
1.18257
1.59344
1.43796
2.00244
1.73628
1.3373
1.96962
0.868288
1.42079
1.73227
2.34391
1.92274
1.51327
1.6795
1.46898
1.4566
1.77834
1.37599
1.72207
0.741355
1.67011
2.27375
1.73501
0.887967
1.86856
1.2822
1.93759
1.3787
1.54101
1.07614
1.79099
2.2515
2.27422
1.89705
1.63523
1.99662
1.7887
0.685828
1.08814
2.32373
1.3214
1.22688
1.24554
2.18827
1.39081
2.02953
2.18536
1.47784
1.85093
1.07717
2.00274
2.00097
1.84171
1.14039
1.22904
1.79077
2.25649
2.09825
1.62489
0.919917
1.41838
0.719257
1.29594
0.898362
1.32987
1.32026
1.45346
1.71547
1.85475
1.532
1.10859
1.34118
2.13233
2.18463
0.702272
1.58227
1.01425
1.68359
2.02355
1.62019
1.58749
1.34099
1.36809
2.21029
1.51529
2.38995
2.02132
1.44876
0.598068
1.65421
1.33629
1.72608
1.82196
1.82354
1.26394
1.3698
1.81089
1.50926
1.09442
1.37316
1.37551
1.4667
1.15987
0.894721
1.74505
1.20764
1.7792
1.29745
1.71448
2.1918
2.11328
1.69748
2.01528
0.789599
1.34162
1.78817
1.12283
0.681004
1.14756
1.89763
1.52077
1.53159
0.699006
1.38302
1.04459
1.91197
1.45914
0.983288
1.32231
2.06658
1.51358
2.26437
1.50087
1.72571
1.7288
2.13018
1.39469
1.21101
0.993588
1.25793
1.86328
1.36625
1.18133
1.10131
1.45841
1.15472
1.69004
1.79653
1.42384
1.20617
1.6425
1.83042
1.05557
1.90592
1.62875
1.86857
1.7719
1.66174
1.72491
1.7497
2.02375
1.82973
2.03178
2.08788
1.46617
1.53985
1.26809
2.25505
1.26055
1.32454
1.91918
1.42014
1.25401
1.12621
1.64684
1.14858
1.38373
1.41096
2.02922
2.29686
1.91041
2.35188
1.97622
1.81464
1.65954
1.80813
1.65819
1.69453
0.878904
1.72009
0.673595
2.04072
1.42511
1.90169
1.015
1.55432
1.07899
1.35148
1.41869
2.2334
1.86032
0.412568
1.37736
1.81111
1.37185
1.51883
1.85688
2.11089
1.16627
1.60245
1.53954
2.45489
0.909516
1.24303
2.25118
1.42312
1.00687
1.30593
1.47466
0.936243
1.30928
2.47709
1.14666
1.42409
1.30903
1.03496
2.0482
1.98193
0.80575
1.48178
2.21715
2.05057
1.61066
2.57469
2.12957
0.950945
1.46272
1.67278
2.05005
1.40877
1.54433
1.72139
2.10633
2.25355
1.42465
1.87158
2.28171
1.28891
1.21071
1.95283
1.37189
1.7242
1.19578
1.59393
0.928396
0.981559
1.30413
0.989623
2.45594
1.81957
0.94721
1.75312
1.38926
0.949876
1.35352
1.50165
1.73325
1.8249
1.35695
1.56616
2.36246
1.31187
1.49599
1.9259
0.885272
0.755422
0.995442
1.62881
1.02293
1.8758
1.26561
1.25188
1.24484
1.46065
1.91813
0.999294
1.67782
1.31074
1.19888
1.32989
1.33434
1.34056
1.2067
1.57843
2.17326
1.07883
2.26162
0.725081
1.16073
1.38572
1.79427
1.736
1.34563
1.83192
0.832156
1.61158
0.844391
1.89251
1.88455
1.27297
1.83674
1.35795
1.76376
1.91327
0.71417
2.10187
2.05695
2.0581
2.46454
1.44553
1.8984
1.34958
2.11218
1.15084
1.2278
1.68844
0.903874
1.81202
1.10668
1.7723
1.68015
1.61786
1.15739
1.05648
0.972052
1.31704
1.45986
1.28602
1.8375
1.16298
1.54021
1.8765
1.85807
1.21234
2.14702
1.70829
1.54778
1.48849
1.18645
2.44147
1.89886
1.7006
1.18284
1.36282
1.50642
2.09786
1.85032
1.00473
1.75671
1.32449
1.25394
1.34282
1.48389
1.34463
1.66583
1.7964
1.2369
0.543875
2.38088
1.37621
0.964059
0.596325
1.47058
0.77928
1.04788
1.91039
1.47065
0.754524
2.19653
0.804348
1.13104
2.29303
1.8892
1.64903
1.96774
0.999911
1.06412
1.86724
1.08043
1.2566
1.32599
1.56744
1.26608
1.53386
1.20915
0.974006
1.57342
1.0246
1.3645
1.72902
1.86234
1.02246
1.07988
1.03586
1.00669
1.47714
1.10845
1.76964
1.39839
1.07266
1.08705
1.40741
1.88692
1.72478
1.33447
1.72463
1.66015
1.23389
2.06743
1.97689
1.96125
1.18198
0.922672
1.62475
1.95527
1.12473
1.50936
2.15724
1.70653
1.39659
1.70074
1.61164
0.858836
1.77753
1.22203
1.62484
1.61702
1.97081
0.611475
1.26804
1.4105
1.40636
1.05845
1.36832
1.30385
1.86934
1.94396
1.36324
1.33523
1.07143
2.33924
1.49369
1.52763
1.27328
1.10515
1.73189
1.62748
1.42357
0.529021
2.13672
1.85274
1.85145
1.27238
1.06665
2.02856
1.13387
1.62007
0.897956
1.65978
1.39332
2.15415
1.45242
1.28825
2.06069
1.38715
1.85068
1.23554
1.35979
1.03773
0.622754
2.16275
1.79675
1.26
1.53722
2.065
1.65203
1.626
1.72049
0.659377
0.959851
1.41069
1.29827
1.65616
1.57864
1.33133
2.14732
1.08491
1.41047
1.52177
1.16909
1.70191
2.21055
0.833732
0.740547
0.710234
1.30011
0.651728
1.92047
1.3149
1.57756
0.971196
1.38809
1.88701
0.577101
1.98674
1.40611
0.389367
1.57482
1.34291
0.977278
1.37229
1.62441
0.832657
1.27155
1.93859
0.806477
0.75525
0.942954
1.1768
2.59923
1.47546
1.51956
1.5878
1.56817
1.21969
1.25278
1.78795
1.90343
1.29865
2.73262
2.26914
1.0111
2.97726
1.33293
1.44787
1.35264
1.37683
0.892178
1.03426
1.73764
2.39518
1.34909
1.77728
1.24152
2.18751
0.835694
1.33303
1.37136
0.840315
1.61292
1.72151
0.976982
1.19503
0.83858
0.930404
1.5143
1.38655
1.47777
0.977726
2.09473
1.46802
0.825098
1.68512
2.70832
0.985383
1.72713
0.752145
0.617819
0.81138
2.11904
2.0555
0.777015
1.02906
1.71824
1.73047
1.58844
1.00726
1.14184
2.05577
1.46126
0.502915
2.00854
1.71337
1.33209
1.67628
1.10638
2.07729
0.864807
1.27658
1.36975
1.123
1.15436
1.59137
1.54241
1.65623
1.18686
1.92002
1.3105
1.64361
0.884101
1.38616
1.01974
1.318
2.51327
1.61512
1.91949
1.55657
1.9456
1.86321
1.74099
1.4929
1.93101
1.59656
0.903513
1.80417
0.75007
1.90368
1.63052
0.818622
1.9876
0.789136
2.10565
1.51
1.64784
0.831645
1.59318
1.40871
1.01188
1.40044
1.71861
1.365
1.53191
0.77386
0.845539
1.646
2.0513
0.733253
1.2418
1.82363
1.05942
2.06116
2.29117
1.88506
1.68745
1.37944
1.61549
1.41285
1.36746
1.95322
2.25253
2.23294
0.762916
1.0031
2.07617
1.68829
0.5981
1.23977
1.50248
1.84579
1.64438
1.92965
1.85341
2.58394
2.30801
1.69828
1.82472
0.910552
1.68188
1.83264
1.6114
1.71775
1.68692
1.89096
1.62898
0.660829
1.13744
1.3497
1.43924
0.807945
0.929869
1.98728
1.15445
1.81856
1.4139
1.30017
1.60865
2.37415
1.82615
1.267
0.98289
1.34504
1.24796
1.28235
1.26918
0.88145
1.41248
2.22033
1.27001
1.6267
1.18353
1.63887
1.01453
2.00523
1.3435
1.28699
2.06216
1.4626
0.901369
1.76146
1.72589
1.16051
1.57189
1.26029
1.06899
1.22093
1.84332
1.03518
2.05604
1.05732
1.02479
1.03567
1.39723
1.54053
1.49665
1.23493
1.86742
1.33598
1.01056
1.5801
1.45936
1.79721
1.53203
1.59179
0.753193
1.96813
1.343
1.88862
0.938341
1.5903
1.90227
1.52397
1.82228
1.1551
1.92965
1.91748
0.852375
1.8957
1.60211
2.16045
1.35533
1.80668
1.35858
1.37151
1.35751
0.962383
1.78811
1.53676
1.79843
1.62786
1.36706
1.47403
1.78614
1.18969
0.843342
1.49859
1.11445
1.72346
1.44808
1.26439
1.58618
2.0373
0.95667
1.119
1.04105
1.91204
2.12756
1.90208
1.59702
1.32171
1.31521
0.548746
2.06857
1.6854
1.37864
1.00892
0.917631
1.26554
1.7853
1.31193
1.57507
1.53356
1.03196
2.18756
0.540176
2.5645
2.19985
2.17522
1.65859
1.7155
1.80753
1.86251
1.35099
2.4986
2.19535
1.69695
1.75207
2.32877
1.37198
1.272
0.945806
0.764837
1.27706
1.63869
2.16683
0.802031
1.49379
0.816469
1.63881
2.15345
1.42465
1.47157
1.20624
1.26237
1.0858
1.58941
0.300259
2.45322
1.23418
1.24915
1.00402
1.12617
1.39862
1.83848
1.85058
0.923593
1.80044
0.969587
1.5971
1.469
0.592667
1.2079
1.77204
2.29048
2.27337
1.64037
1.39967
0.673724
1.80662
2.30474
1.85958
1.3059
1.15302
1.72648
1.19626
1.26522
1.78736
1.73053
1.09567
1.93935
1.75604
1.96371
1.45568
1.01072
1.47446
1.50379
1.62869
1.38848
2.65401
1.63456
1.86621
2.15133
0.849768
0.975975
0.472488
1.42378
1.40283
1.74248
0.663353
1.83604
1.16291
1.76097
1.88483
1.37986
1.64741
1.94326
1.01934
1.7016
1.85549
2.00503
1.54113
1.34494
1.38149
1.3224
1.3716
1.39006
1.47584
1.82897
1.22936
2.17746
0.867297
1.36104
1.70339
1.48959
1.13144
1.02671
1.50508
1.73094
2.33688
1.13818
0.985224
1.52836
1.31209
1.32618
2.0542
1.76893
1.12034
1.44399
1.83326
1.27997
1.27583
1.12143
2.04736
1.5162
1.8615
1.29543
2.34953
2.0405
2.23166
1.24831
0.869099
1.60657
1.97065
1.43568
2.09728
1.28996
1.08012
1.32957
1.29789
1.91874
1.98127
1.45832
1.24998
1.07097
1.57342
2.27377
1.81004
1.57489
1.34912
2.608
1.29555
1.26189
1.71466
1.47063
1.31004
1.43741
1.17492
2.50167
2.55627
1.28112
1.72114
1.54873
1.78788
1.87964
1.83566
1.2784
1.43023
1.05051
0.982522
1.78383
0.696363
2.03314
1.09275
1.35576
2.29184
0.994418
1.5236
1.40785
1.63153
1.22651
1.24085
1.12414
1.80041
1.062
0.856566
1.83077
0.919299
1.22005
1.18501
1.45192
1.27379
1.6219
1.15031
0.97398
1.16258
2.0182
1.71352
1.13558
1.44541
1.8815
2.1725
1.73467
1.40556
0.890456
1.26464
1.56069
0.801943
1.62597
0.813938
1.10268
1.32583
1.46766
1.91226
1.19419
1.37055
0.975389
1.94183
0.536758
2.06548
1.05511
1.24802
1.51247
0.654504
0.976075
1.71972
1.37942
1.0649
1.98661
1.5849
1.5559
1.76118
1.44393
1.88522
1.90685
0.947423
1.46341
1.44985
1.27391
0.856012
1.20999
1.33359
1.87253
1.64172
1.23631
1.68962
1.7867
1.59903
1.20615
1.69483
1.16457
0.68356
1.41078
1.0575
0.719851
1.57644
1.38361
1.35533
2.2338
1.37913
1.66058
1.43687
