0.117857
0.00290499
0.00268362
0.019067
0
0.000144717
0.00072097
0.00165397
0.00147953
6.65526e-05
0.00113023
0.000383111
1.49012e-08
3.39999e-05
0
0.000433101
0.000186076
0.000465637
0.000219568
8.39337e-05
0.000653196
0.000202667
6.5197e-05
0.00104657
0.00170036
0.00159798
0.000743617
0.000276856
0
0.00396173
0.00412849
0
0.000319584
3.34811e-05
3.05614e-05
4.74339e-05
0.00233813
0.00111434
0.00138728
5.45895e-05
0
8.01356e-05
0.000710087
0.0496604
2.10734e-08
0.000323125
0
0.00217123
0.000360215
0.000609806
0.00662081
2.76463e-05
0.0167725
0.000769722
0.00183392
0.00435912
0.000330241
0.00171771
0.000418318
9.6845e-05
0.000500474
0.00454824
0.000166743
0.00347334
0.00031697
0.00212871
0.000438837
0.00105401
0.00236326
0
0.00523146
0.00274222
4.87963e-05
0.000971046
0.00351127
0.000803141
0.000403071
0.00047686
0.00119368
0.000145617
0.00026681
0.00142569
0.000755159
1.00492e-05
1.67332e-05
4.6744e-05
0.0011733
0.00129863
0.000717923
0.00374432
0.00217091
0.000536067
0.000247524
0.000306088
0.00224698
0.00283231
0.0229162
0.00204863
0.00017508
0.00553571
0.000805085
0.00468752
7.67723e-05
0.000684325
0.000149609
0.00022625
0.000209317
3.44961e-05
0.000305269
0.000214068
0.010661
0
0.00571066
0.00066607
7.58075e-05
0.000313512
5.52063e-05
0.00116417
5.40555e-05
0
0.000355604
9.33053e-05
0.000252254
0.0341454
1.58066e-05
8.51441e-05
0.00351431
0.000493215
0.00131233
0.000882778
0.000504968
0.000337237
0.00219113
0.00683905
0.000788159
1.14265e-05
0.00203547
0.000566206
0.00159521
0.00112787
0.0112239
0.000727121
0.000251062
8.6977e-05
0.000431474
0.000439583
0.00126235
0.00165046
0.000724125
0.000719808
0.000369904
0.000115525
0.000276358
0.00180081
0.0044337
0.000315317
0.00183495
0.000273722
0.00223359
0.00408055
0.0005215
0.000323119
4.94068e-05
0.06141
0.000257317
0.000241663
0.0018091
0.000152436
0.000542353
0.00803812
0.000204367
0.00616888
0.000206746
0.00119156
0.00158543
0.00103632
0.00118521
1.33382e-05
0.000213084
0.000639533
0.000774113
0.000323255
0.0218032
7.75172e-05
0.00241479
0.0142838
0.00104499
0.00173651
0.00401898
0.0023346
0.00142056
0.000404388
0.00162183
4.33011e-05
2.29154e-05
0.000195962
0.000240761
0.000934621
7.67482e-06
0.00189094
0.000313753
0.00939534
0.00186187
0.000402475
0.00139
0.000407124
0.0172929
0.00135
0.000183905
0.00185431
0.000381111
0.000394676
0.000502898
0.000949179
0.00030205
0.00985061
0.000462624
0.000113358
0.000131734
0.00100406
2.10734e-08
0.000260293
0.00215894
0.0015574
0.000180712
0.00118026
0.00302988
0.0022603
0.000638885
0.000387067
0.000251438
0.000523465
0.00178416
0.00309027
0.00343187
0.000580838
0.000149526
0.000563306
0.000140363
0
0.00249313
0.00129033
0.729802
0.482086
0.679311
0.619681
1.06268
0.732028
0.334188
0.698131
1.08536
0.711164
0.698437
0.79644
0.886962
0.664842
0.892054
0.556518
0.364974
0.201546
0.25495
0.842456
0.192957
0.370957
0.47298
0.745548
0.409665
1.22709
0.55921
0.622795
0.629901
0.54189
0.312052
0.725292
1.21563
1.22704
0.113934
1.46501
0.38881
0.287623
0.925945
1.14931
0.1254
1.02265
0.669602
0.516132
0.514086
0.313753
0.940141
1.06222
0.295512
0.486443
0.0765745
0.834905
0.340962
1.20574
0.74228
1.19491
1.11598
0.793051
0.775756
0.579237
0.707456
0.359114
0.895769
0.0104298
0.241656
0.464455
0.628671
1.17992
0.497114
0.680813
1.15908
0.443535
0.678412
0.808616
0.532459
0.200217
0.449963
0.425884
0.933139
0.644107
0.807091
0.74382
0.228647
0.393102
0.698394
0.507068
0.546475
1.18549
0.642597
0.726377
1.49979
0.419201
0.597003
1.4217
1.74286
0.555084
1.02102
0.718804
1.21744
1.44137
0.584354
0.246984
0.673381
1.44162
0.758368
1.54612
1.02202
0.99718
1.07436
0.990213
1.09408
0.438898
0.29715
1.08327
0.24026
0.560619
0.112509
1.11893
1.1801
0.760133
0.398573
0.110183
0.394447
0.0852219
0.376801
0.188339
1.44289
0.469493
0.659049
0.357563
0.65026
0.364354
0.5546
0.397156
0.264639
0.403843
0.125987
0.989173
0.602184
1.59645
0.984951
0.337011
0.192575
0.219338
0.449421
1.67082
1.58597
0.540184
0.0942234
0.964105
0.573723
1.17591
0.417894
1.50596
0.143951
0.518313
0.509799
1.12916
0.534993
0.260191
0.491816
0.494552
2.02861
0.668702
0.587462
0.934235
0.533692
0.14312
0.555949
0.509696
0.175316
0.353569
0.280033
0.480959
0.558923
0.631902
0.880164
0.218781
1.07675
0.116132
0.632789
1.2846
0.88619
0.169673
0.888481
0.368037
0.466041
0.673094
0.667822
0.530087
0.316907
0.301546
0.648122
0.647449
0.713708
1.325
0.391737
0.414024
0.995795
1.09148
0.978098
1.08945
0.365655
0.692527
0.448419
0.102061
1.21338
0.594811
1.07834
0.22802
0.303378
1.23525
1.35025
0.372023
0.962162
0.40743
0.562185
0.339509
1.16291
0.620143
0.542888
0.609853
0.19856
0.633088
0.795027
0.786211
0.455
0.936478
1.34393
0.955268
0.918987
0.589817
1.00893
0.573291
1.17911
0.886703
1.68902
1.31685
0.342829
0.121884
0.867718
0.736029
0.816023
1.1669
0.844804
0.460712
0.577011
0.291251
0.318284
0.700388
0.606986
0.934233
0.594877
1.30775
0.1983
0.249938
1.13787
0.160079
0.340844
0.330411
0.356625
0.365507
1.53629
0.415392
0.475664
0.564926
0.247519
0.657618
0.0980872
0.378412
2.02229
0.291707
0.860608
0.78889
0.740021
0.470213
0.289624
0.568754
0.558121
1.12114
0.866417
2.08143
0.203684
1.03748
0.760377
0.54397
0.511303
0.241517
0.379592
2.21812
0.552004
0.954667
0.871322
0.637579
0.935588
0.545332
0.592182
0.397416
0.408199
0.721768
0.561457
0.427276
0.534486
0.457453
0.559454
0.935833
0.338392
0.798988
1.01698
0.520775
0.407853
0.855553
1.17476
0.782337
0.384269
1.01509
1.25431
0.403056
0.232085
0.373661
0.776759
0.81383
0.570011
0.456625
0.705629
0.640339
0.128449
0.640908
0.807843
0.481446
0.903614
0.683542
0.806622
0.479441
0.954274
0.432427
0.388473
0.406501
2.10451
0.69575
0.847558
0.400622
1.10059
0.429455
0.315629
1.20363
1.6067
0.508416
0.854299
0.47782
1.17406
0.414227
0.44955
1.13473
0.950497
0.730904
0.102895
0.617757
0.839697
0.475123
1.11786
0.737411
0.343962
0.373247
0.822204
0.679481
0.0424634
0.286528
0.623892
1.17431
0.209393
0.261412
1.27822
1.33156
0.229868
0.218491
1.07353
0.270692
0.660413
0.828518
0.0885909
0.461838
0.378574
0.510983
0.284366
0.228766
0.592413
0.32088
0.765247
0.0964311
0.956314
0.199764
0.589191
0.17938
0.461013
0.230491
0.781915
0.157527
0.510006
0.434021
1.14921
0.283557
0.588955
0.737419
0.546198
0.449645
1.07823
0.747538
0.860147
0.683882
0.587409
0.262379
0.600847
0.824547
0.945768
0.415205
0.308057
0.400341
1.42585
0.467402
1.09192
0.504267
0.556276
0.427383
1.41965
1.18666
1.36639
0.504066
1.37734
0.368087
0.35501
0.256317
0.264896
0.754744
0.211933
0.645425
0.75689
0.484575
1.70746
0.20267
0.430619
0.172414
0.170982
0.468719
1.56028
1.51602
0.382934
0.349225
1.74751
0.458196
0.765443
1.10635
0.484919
0.760083
0.333121
1.47962
0.803778
0.203102
0.377119
0.96081
0.339509
0.865424
0.453759
0.607692
0.253866
0.310462
0.685963
0.0965318
0.401848
0.210903
0.430885
0.205226
1.28686
0.488653
0.163448
0.677267
0.453928
0.586674
0.492144
1.32056
1.04925
1.1728
0.304142
1.11174
0.363754
0.403779
1.01331
0.0511128
0.29208
1.29371
1.30559
0.869409
0.79868
0.43784
1.15239
0.503164
0.714114
0.398899
1.00687
0.193116
0.30056
0.523748
0.753806
0.881242
1.84114
0.0958781
0.495753
0.947579
0.501008
0.0521132
0.425557
0.468067
0.240835
0.884214
1.50483
1.1831
1.06918
1.07655
0.898905
0.284262
0.37607
0.865799
0.251069
1.13721
1.64942
0.680977
1.1052
0.799857
0.805091
0.307046
0.365033
0.292561
0.896124
1.05671
0.89126
0.699208
0.435106
0.589232
0.48512
1.01948
0.257921
0.895333
0.634947
1.08619
0.781579
0.737088
0.546897
0.233659
1.1902
0.88431
0.839517
2.00294
0.337452
0.462016
1.11078
0.431638
0.451246
0.024876
0.216561
0.495311
1.71186
0.628499
0.71103
0.999653
0.284333
0.700128
0.86358
0.325987
0.387742
0.171257
0.472367
0.802594
0.190685
0.593663
0.605119
0.263015
0.54396
0.694069
0.594863
0.504464
0.841011
0.780759
1.53728
0.638026
0.159724
0.295891
0.557737
0.286854
0.955946
1.27143
1.07378
0.967849
1.55509
1.04239
1.72085
0.645376
0.573758
1.10248
0.462031
0.34187
1.29889
1.24891
0.86318
0.640473
0.18039
0.606852
0.790743
0.0964652
0.915751
1.06115
0.295888
0.507575
0.327755
0.504471
0.738761
0.468516
0.391824
0.764653
0.536166
0.773354
0.826049
0.972586
0.695791
0.407958
0.788936
0.882797
0.512892
0.663351
0.441345
1.05814
0.718213
0.811256
0.526591
1.24928
0.502231
1.09902
0.970544
0.680491
0.626402
0.0369045
0.369872
0.315867
0.415733
0.878238
0.261221
1.02015
1.58093
0.462186
0.729943
0.756644
0.295752
1.09635
0.49626
1.22427
0.415842
0.687217
0.703071
0.633565
0.763317
0.677572
0.895594
0.421568
0.468573
0.51583
0.573508
0.615572
0.484571
0.830379
0.636544
0.701526
0.797329
0.302742
0.690605
0.367598
0.47087
0.71447
0.773746
0.43383
0.784921
0.219123
0.634095
0.732908
0.412733
0.36593
0.189779
0.494244
0.352491
0.668991
0.707829
0.455501
0.928032
1.00914
0.746633
1.14406
0.950191
1.14268
0.495284
0.44501
1.38832
1.09128
0.232852
0.319525
0.965932
0.368335
0.904563
1.69053
1.1674
0.763951
0.226416
0.605715
0.865675
1.69297
0.803046
0.664362
0.980641
1.07539
0.758934
0.524042
0.503931
0.900929
1.08896
1.871
1.22478
1.09826
0.781866
0.939607
0.628221
1.3938
0.513111
0.414626
0.21477
0.355708
1.36174
1.13824
1.79228
0.808277
0.70923
0.633156
0.58317
0.634862
1.0589
0.392965
0.709299
0.212412
1.65792
0.0559829
0.0655727
0.872246
0.571823
0.397344
1.7005
0.840508
0.38228
0.338656
1.01496
0.878366
0.632045
1.57625
0.820224
0.799531
1.37654
1.27887
0.2333
1.11787
1.46628
0.939104
0.808502
1.47462
0.465112
1.08842
0.592244
0.324082
1.03443
1.06049
1.17643
0.0382044
0.397013
0.294755
0.964279
1.2449
0.155862
0.776823
0.825986
0.431128
0.582913
0.903966
0.519817
0.45557
0.519084
0.254469
0.55683
0.821543
0.59476
1.0918
0.745485
0.529629
1.44624
0.258403
0.531313
0.777443
0.655636
0.821777
1.3732
0.531109
1.01063
0.45348
0.809359
1.00583
0.142134
0.41753
0.917723
0.505847
1.0834
0.828294
0.493889
0.166327
0.525475
1.36483
0.425601
1.22829
0.587837
0.614294
0.760632
1.36651
0.620494
0.559323
0.577116
1.17611
0.712929
0.476165
0.874282
2.16662
0.207934
1.2455
0.563863
0.859624
0.0983498
0.870468
0.457515
1.19708
0.470387
0.280265
1.18589
0.803769
0.5774
0.799372
0.744801
0.132826
0.355641
0.803829
0.961578
0.36439
1.19537
0.571227
0.374245
0.0982018
0.725298
0.623018
0.454385
1.11287
0.76182
0.823959
0.223001
1.78321
0.398091
0.414547
0.883491
0.312965
0.660076
0.719462
1.06946
0.953227
1.1161
1.10625
0.269185
0.642627
0.195454
1.90689
1.74469
1.71545
0.259628
0.654447
0.506423
0.558601
0.436609
0.413923
0.519586
0.833135
0.39931
0.65788
1.00722
0.541207
1.52003
1.57526
0.840269
0.0864968
0.796606
0.667991
0.740355
1.33534
0.618242
1.48449
0.722745
0.526223
1.37265
0.551107
1.26155
0.41628
0.42567
0.701445
0.322579
1.01734
0.450091
0.84043
0.434403
0.508115
1.2339
0.695681
0.640464
1.04553
0.533505
0.112477
0.586415
0.80873
0.829829
0.707228
0.224747
0.273286
0.612202
0.231254
0.204586
0.299668
0.316196
0.31413
0.510679
0.522137
0.296171
0.217167
0.213178
0.421405
0.317722
0.461624
0.470958
0.773673
0.926661
0.68117
0.867485
0.415609
0.796169
0.499797
0.576752
1.08465
0.577567
0.685661
0.940201
0.814459
1.56433
0.194739
0.282222
0.395397
0.463426
1.86806
0.732584
0.510077
1.15036
0.287664
1.62071
0.417042
1.05309
1.94002
0.761231
1.33223
0.871786
0.98713
1.16562
0.0533105
1.45494
0.811752
0.543377
0.622279
0.761965
1.73653
0.609653
0.839888
0.911043
1.05364
0.129692
1.12171
0.674933
0.506046
0.160517
0.610469
0.205097
1.02074
0.191655
0.608441
0.776218
0.980374
0.541126
0.608331
1.44162
0.366223
0.910152
0.390351
0.467088
0.683946
0.570849
1.0213
0.305063
0.721816
0.565976
0.51408
0.347565
0.692218
1.6834
0.64634
0.0940436
0.530735
0.557515
0.644109
0.687621
0.443477
0.77233
0.661043
0.262108
0.745621
0.596777
0.266555
0.868273
0.480728
1.47888
0.466456
0.804474
0.488953
0.669277
0.227704
0.990472
0.479512
0.720472
0.786813
0.397519
0.15294
0.636374
1.03022
0.407491
1.10113
0.899145
0.43203
0.723603
0.733872
0.683631
0.485691
0.398929
0.839723
0.587449
0.678143
0.508229
0.610663
0.465874
0.454885
0.725618
0.610165
0.868826
0.682742
0.111673
1.21556
0.592795
0.496953
0.107242
1.16347
1.13831
0.717077
0.841709
0.522431
0.207371
0.952569
0.831999
1.09443
0.497112
0.692295
0.210976
0.404516
0.485975
0.786389
0.315275
0.882743
1.88116
0.674906
0.44483
0.702544
0.872662
0.581782
0.49486
0.197221
1.18311
0.238109
0.663298
0.407241
1.03239
0.383533
1.01961
0.639051
0.896365
0.491329
0.372898
0.212393
0.475436
0.91206
0.789433
0.624909
0.860953
0.383586
0.803246
0.206297
0.857162
0.813182
0.990946
0.987684
0.572
0.465733
1.06479
1.44985
0.0726278
0.700267
0.862321
0.483523
1.46516
0.873843
0.855996
0.155407
0.438964
1.06874
0.27226
0.158928
0.877164
1.09942
0.707818
0.290713
0.682721
1.0005
0.407519
0.588737
0.527017
0.427245
0.528499
0.658909
0.97531
1.10302
0.530511
0.50396
0.94402
0.454509
0.460459
0.952908
0.735929
0.490377
0.659241
0.85581
0.590439
0.217017
0.532591
0.892096
0.374373
0.561394
0.541698
0.400147
0.970879
0.768685
0.573562
0.176059
0.791742
0.339382
1.07403
0.505593
0.327223
0.312388
1.51005
1.14953
0.322419
0.415594
1.02327
0.46246
0.513788
0.943993
0.74961
0.258125
0.520398
0.172233
0.478056
0.995472
0.158769
0.323332
0.567429
0.379381
0.812694
0.785968
0.795339
1.11547
0.705996
0.907256
0.795368
1.0774
0.819496
0.721373
0.464815
0.609619
0.587907
0.302613
0.274719
0.701872
0.611454
0.0763032
1.01055
0.95799
0.622677
0.0931791
1.33591
0.794732
0.985223
0.388397
1.02858
0.791889
1.77301
0.508464
1.28501
0.853841
0.805777
0.818342
1.01495
1.53512
0.71382
0.582794
0.719705
1.07081
1.01178
0.334194
0.34575
0.253501
1.23533
0.486624
0.759929
0.585837
1.51664
0.968836
0.58282
0.288526
0.0805513
0.6493
0.469403
0.675681
0.204111
0.175431
0.441367
0.402664
1.62438
0.627259
0.534957
0.422585
0.66526
0.306722
0.105278
0.49396
0.625354
0.903416
0.949895
0.532679
0.819896
0.0730574
0.540708
0.212615
0.734323
0.743867
0.701711
1.23785
0.569363
0.555992
0.0736538
0.632774
0.663963
0.155749
1.05627
0.632726
0.487752
1.43841
0.55824
0.865296
0.314174
0.770598
0.499259
0.744099
0.632601
0.45123
0.996076
0.767616
1.39061
0.352703
0.643462
0.623454
0.205882
0.460887
0.415115
0.675103
0.381795
0.756402
1.08742
1.20497
0.56661
0.328756
0.813105
0.21034
1.10755
0.816147
0.796059
0.11531
0.207703
0.573962
0.582699
0.496001
0.216914
0.490172
0.469639
0.418039
0.649075
0.486472
0.294916
0.352116
1.20131
0.38158
0.683993
0.854655
0.435999
1.61402
0.871456
0.709221
0.540407
0.559135
1.00436
0.113889
1.17377
0.782381
0.159179
0.202686
0.577699
0.515148
0.423918
0.189059
0.474751
0.171508
0.479132
0.425667
0.0706559
0.121468
1.13762
0.473307
0.473937
0.691059
0.897483
0.414371
0.83343
0.6401
0.157019
0.169202
1.10709
0.352554
0.122249
0.242463
0.178315
0.784162
0.466315
0.255859
0.219708
0.169727
0.752764
0.972388
1.04777
0.219741
0.185544
0.495757
1.20842
0.444425
0.44425
0.66132
0.332836
1.16375
0.266091
0.567116
0.340151
0.142054
0.469638
0.366645
0.593349
0.296255
0.897838
0.851908
1.07237
0.296486
0.883542
0.966864
0.519841
0.206277
0.521237
0.449156
0.826715
1.76826
0.453993
0.594303
0.75091
0.414179
0.344917
0.132424
0.540924
0.605825
0.391549
0.324615
0.500308
0.833924
0.980531
0.369495
0.709342
0.724148
1.52139
0.304762
0.870411
0.391523
0.106064
0.831561
1.11266
0.534289
1.00985
0.899991
0.260107
0.393153
0.823229
0.39439
0.217647
1.33055
0.895095
0.491442
0.50893
0.594201
0.283923
0.273789
0.800277
1.93907
1.05714
1.47703
0.838906
0.999014
0.512187
0.604535
0.647586
0.103341
1.1098
0.994318
0.39919
0.660361
0.607651
0.548622
1.00774
0.216944
0.874528
0.272822
1.61208
0.111114
0.684183
0.742834
0.471379
0.863994
1.53322
0.801128
0.841599
0.372721
0.103656
0.676957
0.860921
0.781283
0.589048
0.307897
0.560919
0.878282
0.645951
0.533852
0.812645
1.14117
1.13193
1.20047
0.662099
0.473832
0.392868
0.114067
0.0901687
1.36178
0.754999
0.649358
0.954615
0.195362
1.00485
0.737028
0.956927
0.272159
0.424432
1.16201
0.397708
0.450094
0.343011
0.122482
0.477939
1.21444
0.450988
0.829177
0.728643
0.482677
0.367444
0.424634
0.105571
0.524714
0.255442
0.610944
1.05862
0.92813
0.890795
0.330577
0.638098
1.27356
0.275576
0.807756
0.898271
0.795961
1.20486
0.424504
0.551706
0.264021
0.189939
0.435041
0.492651
0.611466
0.85628
0.999131
0.446982
0.791669
0.187758
0.581059
0.512662
1.26073
0.701609
0.202926
0.714237
0.4169
0.239915
0.403814
0.622289
0.536905
0.203257
0.208935
1.0109
0.862739
0.228207
0.368412
0.201114
0.430088
0.279347
0.401422
0.407277
0.606714
1.10135
1.02086
0.538339
0.727069
0.340039
0.642435
0.983322
0.500061
0.22245
0.454511
0.130183
0.869844
0.804349
0.343746
1.04772
0.592238
0.936622
0.610925
0.543712
0.276912
0.708975
0.4199
0.178357
0.741744
0.552073
0.344303
1.02884
0.573542
1.06401
0.914954
1.28052
1.64726
0.184231
0.308754
1.25052
0.539848
1.33795
0.273894
0.590086
0.507603
1.18574
0.865825
0.571029
0.752321
0.912601
0.118229
0.400149
0.66952
0.401426
1.03069
0.778109
0.145677
0.244891
0.43606
0.962461
0.689479
0.679601
0.401449
1.86468
1.37819
1.36783
0.919233
0.562988
0.151789
1.83811
0.0479049
1.25358
1.23021
0.117971
0.841899
0.776521
0.853517
0.768107
0.249682
0.38326
0.323482
0.25514
1.39286
2.06519
0.750877
0.222401
0.353548
0.695127
0.0389224
1.14024
0.797629
0.662308
0.63846
0.978491
0.626094
1.67453
0.587513
0.535
0.238366
1.48167
1.53316
1.64216
1.05521
0.96997
0.771104
0.96236
0.705006
0.241371
0.720832
0.384474
1.60624
1.66484
0.0556159
0.820736
1.31772
0.790084
0.334144
0.861657
0.567265
0.465202
0.198104
0.155561
0.323404
1.92378
0.276573
0.352458
0.280607
0.25143
1.21036
1.06488
0.893473
0.412038
0.270451
0.576962
0.194874
0.0996965
0.258165
0.461533
0.972955
0.874127
0.66321
1.13646
0.565563
0.518953
0.647783
0.32986
0.544662
0.696845
0.410621
1.28328
1.82067
0.78894
0.806322
0.234306
0.446643
0.563991
0.185476
0.561869
0.508594
0.272924
0.118829
0.0411519
1.02068
0.668844
0.298072
0.207452
0.764692
0.913834
0.733068
0.755075
0.525852
0.387294
1.02889
1.01199
0.593666
1.02112
0.187205
0.705867
1.16282
0.827051
1.11322
0.775949
0.62562
1.52722
0.267008
0.329148
0.479606
1.11689
0.703675
0.217928
1.19709
0.608124
0.384709
0.798487
0.602404
0.705093
0.795783
0.263103
0.296242
0.462474
0.567098
0.87962
0.518778
0.379137
0.716781
0.837738
0.649204
0.121423
1.15638
0.706178
0.108395
0.969421
0.554808
0.12593
0.540776
0.782986
1.08166
0.178071
0.897693
0.428502
0.517746
0.448768
0.417116
0.92877
1.14961
0.381754
0.556885
0.561545
0.539258
0.104663
0.0949593
0.334804
0.74305
0.583263
0.299777
0.356691
0.571251
0.820797
0.332295
0.758352
0.642228
0.621493
0.887226
1.74702
0.686831
0.459529
0.691822
0.386129
0.997448
0.857714
0.736377
0.225093
1.01676
0.836221
0.449775
0.183334
0.166841
0.360009
0.612799
0.399201
0.240705
0.470734
0.315966
0.99134
0.746687
0.421378
1.18089
0.285816
0.16285
0.572911
0.892954
0.613502
2.00248
0.930648
0.205591
0.389248
0.268223
0.657364
0.758263
0.277332
0.500316
0.872352
0.277081
0.375565
0.260029
0.566191
0.300379
0.482439
0.421778
0.710651
2.15871
0.175629
0.973786
0.878712
0.30105
0.662969
0.949296
1.82388
0.280639
1.15383
0.639576
0.477365
0.333001
0.720497
0.214022
0.299659
0.513615
0.878024
0.317675
0.479847
0.689857
0.826362
0.437319
0.265396
0.827946
0.416981
0.769495
0.0549274
0.949332
1.30129
1.3402
0.444189
0.645652
0.750414
0.198163
0.923962
0.918073
0.274354
0.976283
0.59761
0.403672
0.244813
0.141089
1.00491
0.30479
0.0237923
0.362261
0.408597
0.148518
0.810019
1.60969
0.716908
0.526161
0.459032
0.642735
0.696627
0.646685
0.447613
1.12178
1.24893
0.970017
0.839479
0.630129
0.431516
0.7912
0.495665
0.710836
1.33266
0.829317
0.700177
0.261055
1.02553
1.05694
1.12393
0.742641
0.469042
0.615621
0.705128
0.796141
0.733523
1.83446
1.44353
0.707311
0.388467
0.500519
0.184548
0.208182
0.43985
0.619222
0.586168
0.398334
0.0441639
0.349736
0.545963
0.234047
0.767398
0.929238
0.391243
1.19774
0.260976
0.494025
0.15924
0.920476
0.856821
0.47636
0.934155
1.06113
0.248524
0.589061
1.32269
0.745011
0.341379
0.328877
0.696882
1.42114
0.651569
0.761748
0.678781
0.270058
0.415837
0.547781
1.07102
0.735029
0.535623
0.415926
1.04675
0.321988
1.03021
0.473342
0.599415
0.14012
1.44991
0.656966
1.20477
0.746143
0.780471
0.0406977
0.764119
0.219353
0.757591
0.214446
0.439511
0.459629
0.786416
0.867571
0.30674
0.671745
0.39475
0.693605
1.18397
0.356669
1.05417
0.801522
0.439638
0.49357
0.784256
0.708098
0.403086
0.337167
0.772231
1.27791
0.787363
0.400743
0.110537
0.392954
0.549624
1.02589
1.04852
0.319064
0.333072
1.29339
0.318976
0.192645
0.533259
0.222012
0.335409
0.505195
2.20531
0.381676
1.00065
0.173403
0.334601
1.06268
0.442858
1.5675
0.981426
0.694239
0.579055
0.250178
0.587043
0.480916
0.268324
0.266753
0.69713
0.308434
0.835032
0.428909
0.0878959
0.751924
0.761223
0.428101
0.576799
0.522346
1.24583
0.678422
0.256158
0.425201
0.838648
0.811332
0.622916
1.10794
0.401412
0.546998
1.33471
0.656972
0.676128
0.470055
0.630486
0.102741
1.13063
0.471636
1.69215
0.128346
1.45105
0.634208
0.450298
0.937376
0.690763
1.14796
0.191711
0.785534
0.436287
0.848656
0.223114
0.320137
1.115
2.14407
0.242439
0.33133
1.24882
0.204384
0.992295
0.613846
0.257516
0.46937
0.813467
0.634295
0.606698
0.444887
0.538468
0.717505
0.902749
0.391298
0.229303
2.35213
0.376616
0.953158
0.578331
1.26295
0.490805
0.550689
0.495232
1.21368
0.47719
0.999864
1.09328
0.580129
0.445384
0.53756
0.846106
0.86951
0.545757
0.715499
0.651729
0.84782
0.499044
1.09119
0.560308
0.886318
0.523324
1.8833
0.272328
0.505794
0.472669
0.362192
0.905931
0.267044
1.00231
0.604264
0.372868
0.424085
0.598583
0.139031
1.18448
0.713544
0.532107
0.557695
1.13306
0.820077
0.498751
0.757869
0.526311
0.783858
0.102255
1.23051
0.294667
0.123357
0.599588
0.882736
0.786062
0.274193
1.87995
0.478286
0.718978
2.04594
0.557579
0.483929
0.540404
0.271374
1.0176
0.221916
0.439894
0.843815
0.218347
0.573453
0.747857
0.289835
0.603785
0.789446
1.24862
0.991572
1.48614
0.404526
0.358377
0.299977
0.702821
0.556974
0.556655
0.0626706
0.44735
0.160188
0.462245
0.715274
0.159365
1.30353
0.281195
0.261762
0.696463
0.37211
0.723785
1.35738
0.691597
0.843967
0.71196
0.365402
0.451478
1.6032
0.102742
1.02892
0.261689
0.906144
0.338346
0.74828
1.02379
1.0432
1.25299
0.582296
0.181694
0.801228
0.75834
1.19279
0.286569
0.613035
0.89117
0.713204
0.582931
0.526995
0.673186
1.20342
0.354924
0.833574
0.67678
1.75839
0.79444
0.663567
0.580886
0.838931
1.29213
0.211425
0.245441
0.629479
0.776997
0.579793
0.0663532
1.05002
0.99574
0.103325
1.05432
0.606384
0.886876
0.870294
0.178192
0.464924
0.327147
0.571106
0.237501
0.920832
0.696983
0.464256
0.536277
1.65439
0.901346
0.174088
1.17776
0.618275
0.240944
0.0555676
0.791931
0.277817
0.684669
0.547718
0.930938
0.431886
0.401119
0.284015
0.443444
0.624551
0.741526
0.465431
0.686757
0.395997
0.16478
1.59795
0.283465
0.0726149
0.209685
0.622926
0.214091
0.135015
0.239227
1.08952
1.30944
0.53655
0.685419
0.375591
1.76194
0.092314
1.3214
0.899935
1.19745
0.567214
0.448004
0.374954
0.887804
0.529092
0.453553
0.590347
0.8259
0.815772
0.626731
1.38471
0.663496
0.339192
0.471864
0.60833
0.494446
0.716716
1.18552
0.996669
0.564585
1.27784
0.403326
0.230799
0.350721
0.620372
1.24418
0.523651
0.759777
0.585118
0.0679139
0.663149
0.87067
1.46217
0.656929
0.661459
0.291826
0.258439
0.746575
0.764185
0.367106
1.52365
0.271682
1.31178
0.878872
0.803625
1.70575
0.762705
0.862131
0.428874
0.817733
0.287902
0.360289
0.422548
0.726092
0.987985
0.981643
0.873368
0.456252
0.354242
0.415391
0.58049
0.734085
0.521637
0.126396
0.789125
1.04817
0.415666
0.418125
0.757573
0.767195
0.323577
0.966694
0.35998
0.872943
0.296051
0.636609
0.336534
0.211283
0.618376
0.442427
0.328718
0.282715
0.467486
1.08056
0.232352
0.423974
1.17848
0.130357
0.552807
1.12677
0.751205
0.879477
0.354187
1.2006
0.389465
1.21867
0.675736
1.08296
0.506301
0.314616
0.579658
0.382224
0.882886
0.52782
0.226017
0.253979
0.696224
0.674814
0.562695
0.995768
0.721076
0.784175
0.568272
0.740491
0.550516
0.6698
0.412279
0.317612
0.799087
0.260215
0.314963
0.682326
1.57141
0.450582
1.17974
0.244268
0.55091
0.809435
0.801421
0.86294
1.15307
1.11521
1.17466
0.582672
0.731609
0.807421
0.322132
1.87898
0.578404
0.525756
0.467433
1.17729
0.353963
0.616003
0.494821
0.319141
0.338141
0.41956
0.265068
0.384155
0.420456
0.320584
0.258221
0.699463
0.373689
0.57882
0.392689
0.522963
0.219749
0.598318
0.324684
0.320485
0.431111
1.93118
0.74984
0.752772
0.670903
0.173813
0.926338
1.0148
0.423778
0.984946
0.762768
0.0959829
0.725916
1.13657
1.04362
0.398501
0.305396
0.341052
1.38505
0.449028
1.04426
0.475139
0.782304
0.649761
0.401169
0.334444
1.02279
0.183912
0.993447
0.691452
0.654078
0.557907
0.163621
0.697226
0.308061
0.351876
0.592248
0.495394
0.163721
1.04342
0.621287
0.378771
1.0376
0.447205
0.782867
0.411479
0.199648
1.43104
1.09924
0.89337
0.670841
0.6128
1.36399
0.473652
0.969599
0.323759
0.845825
1.86115
0.529444
0.138537
0.538459
1.65182
0.426089
0.634571
0.705575
1.65484
1.02856
1.73278
0.580125
0.494422
0.582414
0.490043
0.794008
0.707487
0.666848
0.223505
0.787
0.229774
0.558604
0.462975
0.569296
1.22473
0.294759
0.601865
0.386278
0.174206
1.74656
0.244409
0.908811
0.532512
0.755711
0.943738
0.345502
1.10255
0.815416
0.628698
1.14152
0.650953
0.359556
0.231982
0.908122
0.240711
0.806069
0.211101
0.702842
1.04646
0.343928
0.27155
0.671927
0.0921103
0.621878
0.868217
0.41513
1.2158
0.464192
1.15152
0.761411
0.651948
0.294566
0.536449
1.9116
0.62592
0.563743
0.889226
0.931309
0.843413
1.38216
0.818332
0.0959957
0.889964
0.381329
0.254992
0.272326
0.649773
0.79129
0.51656
0.757616
0.632992
0.745039
0.748637
0.459892
0.625455
0.313138
0.242931
0.468508
0.599014
0.678643
0.443308
0.865859
0.522859
0.703513
0.290139
1.43751
0.419678
0.835752
0.843233
0.666724
0.444912
0.170797
0.454997
0.59433
0.810737
0.727018
0.490294
0.2101
0.692972
0.503631
0.166659
0.547881
0.341208
0.688712
0.144306
0.839098
0.431982
0.341317
0.99126
1.03078
1.07873
1.03215
0.396864
0.923435
0.436578
0.871622
0.537786
0.479639
0.789665
0.338214
1.94183
0.29172
1.15388
1.36415
1.18372
0.275512
0.223515
0.388541
0.24092
0.225236
0.774105
0.737503
0.827254
0.30438
0.444121
0.797178
0.785582
0.556737
0.175589
0.9981
0.697543
0.151876
1.40106
0.558158
0.472801
0.547267
0.529284
0.409812
0.222256
1.23523
1.64787
0.371745
0.85859
0.803962
0.7496
0.17907
0.660594
0.219372
0.987195
0.832375
0.741395
1.31417
0.832993
0.280004
0.839648
0.903651
0.616939
0.536419
1.10054
1.23767
0.15666
0.608
0.951536
1.21833
1.62164
1.90519
1.41362
0.231834
0.862382
0.698918
0.877556
0.916125
0.795149
0.620108
0.37144
0.297544
0.763379
0.320739
0.666828
0.847692
1.61293
0.790858
0.413699
0.30292
0.684271
0.597691
0.468247
1.28122
0.507521
1.54139
0.844926
2.22671
0.92316
1.34645
0.938335
0.417361
0.995455
1.33695
0.765993
0.511221
1.06262
0.785165
0.37558
0.312519
0.674711
1.86735
2.0005
0.530044
0.588919
1.00202
0.175145
0.389867
0.355471
0.571233
0.171521
0.445227
1.38436
0.331194
1.04728
0.424308
0.538292
0.0933866
0.84228
0.955072
0.682348
0.407337
0.595888
0.0866411
2.08214
0.411219
0.214144
1.11468
1.44087
1.07276
0.703782
0.475206
1.35096
1.04011
0.894853
0.352225
0.514011
0.408759
0.421273
0.6594
0.0697134
0.607889
0.982933
1.75638
0.314247
0.39438
0.90602
0.0385163
0.81111
0.268388
0.977206
0.417398
0.102377
1.14056
0.815494
0.285311
0.423774
0.127311
0.224776
0.520846
1.07787
0.570108
0.417356
0.839943
0.289505
2.05457
0.506364
0.673114
0.723848
1.09726
0.845318
1.07036
0.595563
1.50934
0.52619
0.268142
1.07293
1.45665
0.511335
0.0854203
0.624599
1.39357
0.649649
0.0388744
0.768593
0.441992
1.51686
0.658664
0.431126
0.267979
1.1075
0.643929
0.197041
0.457288
1.07013
1.13194
0.572508
0.880742
0.578803
0.490831
0.417707
0.380219
0.246044
0.983568
0.535975
0.113685
1.55313
0.369249
0.41725
0.72621
2.13118
1.14031
0.987849
1.55953
1.09405
1.13645
0.166417
0.81108
1.0303
0.207368
0.21358
1.0338
0.597669
0.744542
0.549293
0.390324
1.82277
1.46806
0.267099
0.976724
0.724325
0.685103
0.599827
0.505348
0.465645
0.66584
1.80715
0.421172
0.638102
1.17657
0.647197
0.861457
0.418032
0.368937
1.16854
0.780738
0.186571
0.505003
0.791807
0.495559
0.602148
0.684921
1.49165
0.651918
0.537894
1.92185
0.932545
0.536171
0.804971
0.229598
0.560152
0.482517
1.21722
1.1779
0.585162
0.17141
0.657039
0.132773
1.41959
1.76695
0.817677
0.187536
0.390577
0.100281
1.29257
0.569714
0.824955
0.047108
0.276635
0.678407
1.20623
0.514815
0.444901
1.09597
0.57761
0.709992
0.631461
0.770806
0.190973
0.42081
0.194176
0.439766
0.609781
0.569592
0.16498
0.487608
0.528897
0.617507
0.276595
1.07369
0.266903
0.783409
0.64742
0.51646
0.781889
0.596012
0.250808
0.436445
0.49997
0.560118
0.288299
1.49904
1.10339
0.808079
0.392288
0.4628
1.07247
1.09527
0.310653
0.965386
2.14703
0.192499
1.47269
1.1992
0.775939
0.612477
0.81062
0.712857
0.940598
0.611837
0.260835
0.566007
0.837877
0.489799
0.584437
0.19152
1.04256
0.339169
0.798208
0.756396
1.8017
0.78011
1.18419
0.390919
0.534421
0.736773
0.865329
0.513648
0.694528
1.16586
0.868549
0.530468
0.305656
0.195865
1.05802
1.13769
1.34561
0.629952
0.86639
0.241905
0.371476
0.131921
0.477781
0.741425
0.129054
1.15855
0.681543
0.900937
0.354357
0.265148
0.576421
0.589679
0.267517
0.954127
0.793187
0.744559
0.155779
0.734869
0.858859
0.0601901
0.313239
0.728767
1.59682
0.917158
1.02161
0.198494
1.13646
0.857508
1.15881
0.9014
0.786713
0.517362
0.824478
0.827436
0.640062
0.310944
0.64412
0.139334
1.0258
0.566562
1.05446
0.653389
0.965687
0.650528
0.85447
1.24975
0.593895
0.816264
0.147034
0.979376
0.636209
0.22181
0.134077
0.80965
0.51348
0.463697
0.763664
0.245451
0.670182
0.981559
0.626991
0.357106
0.525597
0.878323
0.659314
0.406783
0.554803
0.906267
1.22043
0.958635
0.630029
0.574247
0.0782109
1.60094
1.12776
0.704158
0.267837
0.491653
0.323278
0.756368
0.0904359
0.422786
0.691192
0.202382
0.485159
0.477765
0.776091
0.190507
0.6732
0.455445
0.199006
0.434201
0.914008
0.384155
0.950739
0.701318
0.331399
0.386022
0.634802
0.527096
1.33311
1.54637
0.19404
0.338375
0.299232
0.38307
0.410212
0.687149
1.67347
0.106378
0.14338
0.846984
0.609284
0.417582
0.804861
0.742395
0.149248
0.771555
0.783176
0.837129
1.02767
0.65181
0.361734
0.409404
0.576013
0.192163
1.78776
0.557862
0.0938997
0.50968
0.856542
0.36325
0.82465
0.641884
0.713643
0.359535
1.01772
0.901342
0.223433
0.362239
0.243233
0.442659
0.486933
0.289269
0.621401
0.824396
1.53358
0.33251
0.589488
0.399902
1.02135
0.703587
0.779241
0.237226
1.96047
0.650282
0.374975
0.819773
0.553399
0.6561
0.828875
1.14901
0.544291
1.07094
0.726319
1.08949
0.519658
0.336245
1.30527
0.396005
0.887304
0.878155
0.95456
0.507613
0.249306
0.534443
0.803254
0.785356
1.09227
1.00905
1.80181
0.743508
0.317496
1.32065
0.301949
1.07026
0.478016
0.726877
1.30659
0.260491
0.365738
0.128531
0.303577
0.541179
0.536747
0.492882
0.821583
0.588795
1.02719
0.33235
0.593161
0.627013
0.752089
0.766863
1.08775
0.179799
0.165648
0.43866
0.694953
0.0831815
0.904942
0.318209
0.497227
0.37679
1.11082
1.0649
1.21778
0.189235
0.804411
0.32528
0.480854
0.468938
0.853993
0.875128
0.915241
0.769915
0.354168
0.415894
0.282232
0.212291
1.17428
0.388436
0.907998
0.083814
1.24285
0.366129
0.549692
0.372999
0.311186
0.793628
0.483034
0.390022
0.382556
0.284931
0.464691
0.209674
0.171698
0.343815
0.42023
0.699139
0.734363
0.574769
0.674108
0.267102
0.372615
1.08703
0.296809
0.162806
0.571075
0.124282
0.492901
1.79191
0.521092
0.574938
1.21744
0.447008
0.721884
0.115476
0.448788
0.293944
0.470109
0.367047
1.73985
0.889279
0.688936
1.4093
1.53376
0.962242
0.976032
0.850944
0.660892
0.148255
0.646415
0.251514
1.78892
0.660209
0.317235
0.542341
0.515435
0.110491
0.658265
0.546561
0.361695
0.303802
1.22546
0.619573
0.0669202
0.170978
0.18023
0.237114
0.741048
1.25555
0.731451
0.498573
0.516111
0.51792
0.410686
1.97654
0.259606
0.413502
0.393823
0.567091
0.206418
0.731078
0.951507
0.584989
0.585548
1.07136
0.29383
0.845853
0.303364
1.26418
0.328343
0.863435
0.278921
0.442098
0.825337
0.238165
1.07305
0.426219
1.07289
0.657513
0.515719
0.441175
0.709093
0.241272
0.388251
0.286924
0.04829
0.621886
0.909787
0.814602
0.498022
0.163175
0.640052
0.438997
1.48226
0.933206
0.608979
0.698946
0.511963
0.244678
0.560517
0.66353
0.271141
0.989025
0.481628
0.0570255
0.556233
0.774227
0.781011
0.978112
1.07557
0.437248
0.404352
0.537102
0.466255
0.893361
0.831548
0.5174
0.649579
0.37698
0.346284
1.04894
0.060561
1.27774
0.778503
0.712512
0.787896
0.211252
0.431682
0.0949644
0.607203
0.449345
0.366089
0.458402
0.631259
0.267647
0.404615
0.58386
0.417613
0.640698
1.4926
0.865857
1.55672
0.228975
0.883482
0.701832
0.378226
0.51217
0.401678
0.616557
0.988498
0.575743
0.61213
0.232883
0.500464
0.623929
1.02568
0.868695
1.03135
0.461009
0.47071
0.177392
1.04932
0.927942
0.602206
0.52003
0.0734111
0.571898
0.470356
0.673466
0.552769
0.915117
0.575587
1.41379
0.429394
1.27867
0.388111
0.643058
0.683825
1.01307
0.605961
0.303789
0.598915
0.652478
0.381159
0.757602
1.51393
1.16469
0.741538
1.78285
0.418064
1.03748
0.373734
0.457278
0.221131
0.439222
0.517296
0.792856
1.13723
1.84662
0.553817
0.474804
0.442114
0.717285
0.238152
1.17592
0.609852
1.03585
2.04524
0.505544
0.371402
0.955768
1.16368
0.362823
0.169882
0.233305
0.676497
1.15271
0.975129
1.0946
0.982016
0.809168
0.7312
0.668945
1.36264
0.584705
0.716622
0.794493
0.934389
0.448369
0.79076
1.58178
0.954454
0.509834
0.171092
2.02516
0.754383
0.711946
0.374909
0.141766
0.29957
0.554432
0.155087
0.133574
0.757729
0.603041
0.791859
0.713822
1.73763
0.68809
0.539042
1.78491
0.757827
0.288173
1.8529
0.280496
0.570038
1.49245
0.789977
0.292547
1.0228
0.377711
0.603936
1.08048
0.892827
1.72351
0.410685
0.935016
0.372116
0.625422
0.67348
0.613438
0.0541311
1.14452
1.65491
0.12494
0.791563
0.684731
1.98251
0.507468
1.5583
0.800156
0.686267
0.292396
0.413434
0.667429
1.4607
0.0702608
0.700985
0.607373
0.388563
0.670963
0.476691
0.274843
0.502946
0.824112
0.83674
0.420674
0.625631
0.19738
0.349609
1.97454
0.618938
1.38865
0.389811
0.130918
0.157758
1.08431
0.400998
0.727987
0.872575
1.15687
0.381806
0.646989
1.0584
0.994229
1.08325
0.594674
1.2768
0.779632
0.83637
0.471803
0.506834
0.71853
1.25163
0.422746
0.552992
0.201383
1.64725
1.96353
0.669082
0.563432
0.387041
1.06953
0.0998013
0.328433
0.0971882
0.919716
0.368805
0.476712
1.29278
0.412237
0.329412
0.479792
0.930868
0.716869
0.710193
0.523276
0.745344
0.346084
0.146106
0.452472
0.345121
1.15643
0.568962
0.772346
0.500926
0.180372
0.79274
0.225128
0.796233
0.907707
0.769761
0.500858
0.552227
0.842514
0.845052
0.283323
1.2065
1.39958
0.222039
1.18942
0.120907
0.687538
0.331829
0.611625
0.610621
0.248706
0.936955
0.352707
0.601872
0.302671
0.16939
0.527673
0.698934
0.874295
0.558322
0.856284
0.400428
0.839249
0.414236
1.01385
0.29441
0.185797
1.53318
0.354066
0.479869
0.306827
0.478453
0.726539
0.717219
0.493354
0.211453
0.640286
0.437112
0.312165
1.21229
0.577041
0.744012
0.331158
0.454766
0.582995
1.18387
0.326506
0.353034
0.681977
0.751153
0.192636
0.649654
0.3221
0.524814
0.966034
0.802946
0.272681
0.193054
0.502135
0.311578
0.384178
0.480269
0.860832
1.20402
0.67879
1.45137
0.388482
0.761102
0.999697
0.33366
1.12252
0.615555
0.606785
0.63544
0.308867
0.437512
0.527827
0.0726703
0.404319
1.21732
0.218563
0.342132
0.127155
0.673451
0.656275
0.403833
0.518279
0.208071
1.15461
0.132975
0.237271
1.49191
1.5368
0.29426
0.570565
1.36631
0.400899
1.46936
0.131012
0.127248
0.309499
0.581051
0.153642
0.282636
0.652096
1.58789
0.147916
1.35285
1.16541
0.978572
0.670758
0.29091
0.46639
1.33735
0.758807
0.435893
0.178946
0.790158
0.518372
0.422516
0.279672
0.563549
0.786656
0.436607
0.595359
0.199532
0.624791
0.637339
0.458827
0.538927
0.722068
1.12139
0.267084
0.252224
0.48265
0.528782
0.693351
0.317145
0.290847
0.175077
0.9671
0.831214
0.698596
0.500433
1.54256
0.730113
0.330448
0.761153
1.05642
0.843997
0.544788
0.749895
1.22452
0.696797
0.365301
0.5613
0.136888
0.536008
0.345578
0.213749
1.5024
1.08496
0.469918
0.773194
1.04661
0.532622
0.934608
0.456527
0.60786
0.498356
0.753593
1.72273
0.807943
0.501521
0.617308
0.0632774
0.572518
0.476118
0.828276
1.09478
0.439575
0.317383
0.659452
1.19744
1.33862
0.859185
0.264716
0.498686
0.148157
0.241489
0.875452
0.230246
0.704215
0.347162
0.252971
1.16314
0.930884
0.612591
0.848304
0.426715
0.670608
0.481318
0.704176
0.503511
1.03351
0.629599
0.661543
0.884046
0.692544
1.22162
0.465793
1.08245
0.390559
0.29196
0.785777
0.595312
0.400498
0.75141
0.830146
0.805696
0.273136
0.65234
1.45315
1.09806
0.652124
0.19391
0.139622
1.18899
0.195249
0.582559
0.318608
1.25826
0.592784
0.707035
0.416309
0.730553
1.20124
0.459578
0.0537514
0.0810934
0.735869
0.943213
0.794233
1.64612
0.327475
0.677032
0.37986
0.471487
0.196321
0.580093
1.05379
1.31467
0.401933
0.462896
0.620549
0.557709
0.439846
0.215626
0.282061
0.826149
0.455716
1.04458
0.420023
0.59485
0.142322
0.483676
0.323226
0.793256
0.237816
0.928308
0.590346
0.551567
0.580982
0.86844
0.863892
0.0717773
0.784566
0.254861
0.422924
0.321013
0.21587
0.864699
0.0786978
0.32198
1.38566
0.43694
0.388178
1.12479
0.639845
0.62764
0.275317
0.686472
0.347759
0.541654
0.233375
0.867944
0.706659
0.947675
1.20019
0.359526
1.01662
1.10313
0.598852
0.441515
0.902805
0.632502
0.589356
0.632631
0.535527
1.68364
1.50217
0.307529
0.383809
0.320154
0.815256
1.24731
0.205733
0.355746
0.904517
0.289829
1.47348
0.413892
1.1712
0.159967
0.269497
1.34466
0.383409
0.219152
1.02123
0.78165
0.82541
1.18995
0.484588
0.657112
0.502641
0.557415
1.01245
0.965806
1.07335
0.187256
0.499758
0.297999
0.0782828
0.57724
1.05974
0.431644
0.440768
0.801283
0.137997
0.407364
1.37186
0.120064
0.126066
0.900624
1.06243
0.428231
0.942645
0.993342
0.405251
0.25752
1.03471
0.830025
1.05306
0.841407
0.472035
1.55322
0.427098
0.660282
0.0959402
0.28395
0.587216
1.15954
0.173939
1.2569
1.20538
1.7136
1.6622
0.297566
0.875452
0.141815
0.344452
0.837495
1.24926
0.442686
0.911483
0.383111
0.203157
0.952378
0.502892
1.27681
0.809367
0.674796
1.7533
0.656834
0.355813
0.824437
0.160349
0.913642
0.935096
0.536177
0.302524
0.689724
0.240809
0.973123
1.29339
0.304559
1.30747
0.446426
0.271763
0.462798
0.899309
0.483008
0.373233
1.03486
0.965768
0.672838
1.38296
1.13855
0.260282
1.23224
0.210087
0.798427
0.385013
0.381408
1.02061
0.62029
0.262224
1.51809
0.752894
1.16194
0.159779
1.10436
0.761706
0.514935
0.698122
1.766
0.615799
1.09501
1.14162
0.0763454
0.412502
1.03514
0.595317
1.01051
0.676512
0.215846
0.395485
0.820734
0.71431
0.365005
0.373402
1.24181
1.17116
0.560346
1.27716
0.955618
0.967825
0.204908
0.91935
1.46521
1.50897
1.09798
0.466385
1.45686
0.726739
0.539807
0.992505
1.01604
0.958598
0.903305
0.250956
0.289872
0.493546
0.731544
0.139181
1.33005
0.933129
0.890882
0.980087
0.365926
0.289778
0.98115
0.505009
1.12009
0.611066
1.09401
0.26444
0.511409
0.330659
0.388372
0.63234
1.63221
0.455704
1.05826
0.191081
0.693172
0.738722
0.391286
0.201794
0.173343
0.690815
0.675283
0.291794
1.12513
1.33502
0.162404
0.494689
1.71276
0.805446
0.108432
0.374939
1.33621
0.425647
0.951977
0.521623
0.868993
0.439355
0.663764
