0.764009
0.710562
2.34647
1.55288
1.62951
1.39875
2.30171
1.39537
2.14215
1.45119
1.8564
1.81676
2.29867
1.21195
1.00878
1.68149
1.81825
1.23596
1.69932
0.903883
1.33965
2.00435
1.94454
2.35639
1.53759
2.32548
1.81353
1.79934
2.27955
1.9053
1.28929
0.932837
1.54772
2.26208
1.75864
1.33396
1.25169
1.1143
0.685824
0.655233
0.480019
1.6779
2.06888
1.60851
2.17686
1.36977
1.93088
1.59869
1.9736
1.14529
1.31563
2.12573
2.4111
1.2094
1.18109
1.42434
1.37873
0.817041
1.11213
1.15332
1.35021
1.6194
1.57727
0.575753
1.37496
1.43426
1.33761
1.50006
2.60245
0.999948
2.3383
2.25591
0.584667
1.36656
0.77017
1.82083
2.78311
1.20124
1.41499
0.854157
0.73366
1.26975
2.02164
2.03031
2.29322
1.95898
1.0091
1.16243
1.40986
1.84719
0.820676
1.81818
1.49835
2.55895
2.3038
0.979802
1.93792
1.588
0.986696
2.22946
0.744337
1.32976
1.32479
1.40506
1.75979
2.32855
1.13145
1.17979
2.26291
0.637361
1.33121
1.285
1.94119
2.22478
1.74714
1.31364
1.34187
1.94449
1.17809
1.10228
2.13396
1.13643
1.22258
2.26827
1.36747
2.47219
1.80411
2.1181
1.43467
1.82404
1.3514
1.38876
2.27699
1.62215
1.40716
1.88913
2.18878
1.72766
1.0574
1.02677
2.03798
1.84415
2.54185
1.60486
1.30734
1.83743
0.916788
1.70182
1.66389
1.58685
1.20578
1.39932
1.50709
1.58673
1.92639
1.78488
1.1647
1.22242
1.04413
1.21038
1.32882
2.25839
2.37142
1.48795
1.37609
0.613854
1.22483
1.01604
1.58288
1.29236
1.82374
1.36675
2.32912
2.54974
1.51516
1.75525
1.44627
1.44848
1.89373
1.47182
1.91333
1.77516
1.93853
1.92997
2.18481
1.29605
1.10066
1.49398
1.69412
1.97337
2.19312
1.9099
1.09921
1.54107
1.62227
1.7944
1.24171
1.90406
1.50401
1.1373
2.38638
1.675
1.89074
1.05746
2.52053
1.3542
1.88258
1.54137
0.995702
1.6718
1.43155
1.46768
1.15958
1.65831
1.4644
1.45985
1.61384
1.7803
1.42193
1.55643
1.78999
1.68002
1.20018
1.60004
1.1186
1.30296
1.73925
1.33472
1.63034
1.43611
1.90615
1.49326
2.42808
2.04659
2.00073
0.828206
2.18834
2.00127
1.81026
1.25862
1.44091
1.43225
2.39767
1.61842
2.08031
1.44476
1.86766
1.19146
1.32153
1.81419
2.04416
0.970065
0.690783
1.69705
1.67425
0.763686
1.1068
2.30006
2.15391
0.955729
2.26311
0.915362
1.25369
1.30314
0.838929
2.1323
2.14091
2.37834
0.736543
1.16228
2.09125
0.809195
0.794534
1.71084
1.49029
0.986602
1.58026
0.715255
1.12766
1.82758
1.37192
1.50532
1.17716
1.55328
1.34923
1.01231
2.53656
1.62951
1.96915
1.05296
2.36602
1.83408
1.69692
1.5022
2.06199
2.50272
0.62476
2.46929
1.3348
1.77451
1.29891
0.84854
0.953721
1.40939
1.02452
1.70226
2.29877
1.04423
1.97263
1.45684
2.1131
2.57716
0.96517
1.21342
1.67151
0.948737
1.39372
1.24268
1.22486
1.70619
1.79383
1.51654
2.09561
1.70345
1.56304
1.68269
1.47084
2.60165
1.8185
1.40481
1.79869
1.10018
1.21083
1.49991
1.78058
1.73709
1.25774
1.40122
1.60614
2.12874
1.04833
1.53011
1.08367
1.0901
1.92326
0.922621
2.3893
1.42804
2.37874
1.39168
1.86462
0.967515
1.28831
1.38324
2.09017
1.40751
1.17664
2.07609
1.16391
1.80687
1.74617
1.00458
1.13302
1.32869
1.82354
1.36778
1.21299
0.683497
1.92124
0.471248
1.48439
1.50887
1.01292
1.71485
2.13677
1.34108
2.09228
0.987689
2.00449
1.38653
0.833272
1.43183
2.2794
1.74037
1.47041
1.79975
1.16491
1.39224
1.51688
1.34832
1.26381
0.84029
2.17973
1.85221
2.26131
1.06121
1.28634
2.66258
1.56579
1.3656
1.76734
1.56506
0.949423
1.65754
1.34206
2.19276
0.711858
1.80533
2.12288
1.06103
1.53423
1.94363
1.44467
1.73189
1.14884
1.92095
2.08657
1.61805
1.68377
1.47948
1.65038
2.36763
0.916332
1.33231
1.78733
2.3125
1.39908
1.89032
1.54351
1.30912
1.50737
1.79906
1.58807
2.58415
1.39806
2.02075
1.68091
0.879686
1.59317
2.0949
2.05374
2.14228
0.627905
1.19439
1.53151
1.15087
1.46697
2.2884
2.13972
1.57027
1.0014
2.30295
1.67614
1.2843
1.24798
1.93744
1.53117
1.905
1.56436
2.1382
1.55096
1.47558
2.03862
1.35331
2.23906
1.30157
1.7335
1.02221
1.2504
1.95113
1.75699
0.982302
1.76375
1.42681
1.38109
1.46952
1.00253
1.75476
1.63808
1.59711
1.10776
1.26445
1.88708
1.51443
1.88088
1.51134
0.895098
1.16459
1.44249
1.411
2.80438
1.50116
2.00774
1.55944
2.08308
1.14616
1.80522
2.32209
0.737201
1.21918
1.48707
2.42411
1.25391
1.93588
1.7061
1.51339
1.37609
1.61358
1.28041
1.56799
2.07426
0.791666
1.82531
1.77722
1.22158
1.47114
1.44968
1.40571
1.48752
1.31465
1.39943
1.24174
1.64178
1.99707
1.48084
1.68492
0.657825
0.948149
1.16781
1.12776
0.987663
0.930073
0.88654
2.49402
2.3065
2.34314
1.70982
1.01934
2.166
2.05508
1.51168
1.09395
1.90021
1.41156
1.18656
1.70785
1.81561
1.66211
0.976968
1.58698
0.839969
1.78989
2.23929
1.7619
0.921487
0.848387
1.44368
1.64233
2.42038
1.86143
1.89538
1.24455
1.58013
2.12271
1.49905
0.987717
1.75674
0.919576
1.63627
1.52354
1.29281
1.06606
1.99369
1.47568
1.36051
1.65843
1.29732
1.50914
1.57104
1.58523
1.92375
2.02437
1.46846
2.26035
1.36196
2.003
1.11022
1.75873
0.975677
2.06494
1.85469
2.41707
1.49541
1.43316
1.3003
1.23231
1.78096
1.24206
1.43894
2.20712
1.30479
0.819761
1.2377
1.05793
1.25208
1.177
1.12456
1.5003
1.27704
1.84278
1.31419
1.24837
2.03163
1.77347
1.0811
1.68801
1.24972
1.47881
1.53951
1.51947
0.934094
1.19259
1.53423
1.37457
0.67107
2.03474
1.69403
1.88979
2.17644
1.52287
1.3113
1.86959
2.34528
2.14873
1.32774
1.73783
1.43913
0.821482
1.09512
1.71303
1.8214
0.729064
1.81179
2.29748
1.18024
2.08416
2.72996
1.6637
1.40619
1.1892
1.36762
1.3978
1.18211
1.77615
1.53172
0.834832
1.25711
1.78639
2.48977
1.12571
1.57562
0.834167
1.61656
1.42764
2.08055
1.21793
2.0565
1.15355
1.20741
2.29334
1.03988
2.34146
1.38504
1.79834
2.11926
1.23675
1.39618
1.40129
1.8797
1.66726
1.06565
1.80273
1.20471
1.96779
1.19495
2.36165
1.77241
0.962518
1.7132
1.24389
1.76924
0.656322
1.67201
1.89876
1.58929
1.31597
1.61506
2.06004
2.16388
1.12535
2.2569
1.99733
1.04879
1.00509
1.60616
1.23227
2.18583
1.61615
1.06397
1.05977
1.80331
2.3032
1.87388
2.22707
1.72664
2.17782
1.12158
1.29377
1.10778
1.23233
1.04365
1.48017
1.08174
1.96462
1.52403
1.67396
1.45761
1.68497
1.10478
1.35479
1.59436
0.821459
0.936164
0.828814
1.83067
1.21501
1.55502
1.85158
1.91995
1.57922
1.24757
1.43962
2.69549
2.08443
1.74917
1.9186
1.9024
1.55511
1.52164
1.5243
1.30223
1.64417
1.2794
0.657306
1.78927
2.47388
1.82118
2.45672
1.9349
1.74418
1.5548
2.17498
1.15158
2.00076
1.77014
1.50687
1.01216
1.8822
1.83342
2.13618
1.01137
1.58319
1.75963
1.54719
1.46458
1.40268
1.27731
1.19581
1.0707
1.01808
1.72269
0.820546
1.05248
2.0665
1.45985
1.78783
1.82912
1.72009
0.873036
1.64417
1.78763
1.29131
2.35377
1.83644
1.85675
1.62597
1.3783
0.925812
2.57878
1.49657
1.04357
1.36109
1.16151
1.51232
1.28769
1.20365
1.12624
1.22638
2.14422
1.40159
1.72159
1.50024
1.39887
1.62929
2.06168
1.41946
1.62637
2.02028
2.13239
1.09081
2.01227
1.61818
1.40933
0.976996
1.7693
0.613519
1.85936
2.43413
1.07876
1.39816
1.74297
1.54916
1.24108
1.10689
1.66863
1.74965
1.16949
1.46819
1.45742
0.859876
1.89362
1.21726
1.91883
1.56323
2.15001
1.65286
1.46875
1.65543
2.17356
1.99973
1.82119
1.823
2.11968
1.04983
0.845741
1.64377
1.3631
1.94006
1.33717
1.73471
1.25766
1.89267
1.3049
1.25561
1.84805
0.933925
1.55558
2.3106
1.76252
1.91558
0.925696
1.34532
1.67517
1.79247
2.1547
1.69366
1.52989
1.25181
1.53319
1.3292
1.62288
0.892431
1.61825
1.50348
1.40586
1.31424
1.77429
1.36541
1.47225
1.4302
1.28932
1.33761
0.929244
1.1387
2.23475
2.28278
1.34676
1.56366
2.31363
1.77594
1.80976
1.5574
2.36125
2.26681
0.954436
1.27697
1.84989
1.37497
1.21956
1.73508
1.6626
2.01779
1.34204
2.14655
1.32467
2.27021
2.18418
2.19469
2.18057
1.24736
0.816931
1.84833
2.43127
1.82714
1.10846
0.923865
1.81013
1.52506
1.52036
0.873781
1.50151
0.807979
1.95823
1.89524
1.29085
0.891573
1.04314
1.23906
1.29281
1.70289
1.43491
1.14784
0.842611
1.40871
1.25329
1.3213
1.41304
1.64476
1.36095
1.39721
2.34579
1.91446
0.542653
1.25841
0.76259
1.69671
1.94733
0.74469
0.880602
0.967455
1.80088
1.22096
1.44227
0.776579
1.57156
1.46929
1.93258
1.31361
1.64292
2.22558
0.887808
1.92783
2.20422
1.44424
2.18521
1.75078
1.63468
2.03976
1.13206
1.67523
1.51393
1.59752
2.31604
1.1913
1.57995
1.72046
1.74636
1.24364
1.52455
1.4951
1.97064
2.24018
1.53313
1.5955
1.51993
1.00524
1.64551
1.00106
1.92372
1.11384
2.29501
1.04664
2.02918
1.34444
1.64865
0.609787
0.539242
1.34075
1.48414
1.61341
1.18027
1.95665
1.93408
0.615098
1.34385
1.26953
1.7033
1.29956
1.38895
2.26678
1.76818
1.73775
1.49547
2.09907
2.2976
1.71308
1.8791
1.8749
1.51373
1.4011
1.36284
1.82985
0.984624
2.26841
1.11437
2.17109
1.25877
1.60903
1.16871
1.2594
1.73638
0.950723
0.844769
2.54077
2.2132
2.40432
2.16078
1.50038
0.93547
1.54356
1.47065
2.2872
0.510715
1.83456
1.44733
1.36266
1.00615
1.59808
1.89132
1.50147
1.45684
1.60437
1.48451
1.48212
2.17507
1.54043
1.53362
1.45629
1.61494
2.15894
1.58093
1.42927
1.6348
1.93742
1.52858
2.13454
1.31793
1.85697
1.39599
1.72038
1.29659
1.31199
1.87262
1.48592
2.10121
2.01995
2.4836
1.77422
1.49695
2.0238
2.16575
2.44355
1.75879
1.95013
1.71645
1.36409
1.49082
1.76563
1.8308
1.35938
0.904476
1.54665
1.85758
1.73007
1.56857
1.85208
0.49864
1.4872
1.16019
1.76967
1.18705
0.981996
0.427167
2.11181
1.46841
1.39213
0.574744
1.51779
1.44085
1.01372
0.994574
1.53814
1.36357
1.98533
1.50917
1.62334
1.40104
1.2437
1.48935
1.29561
1.57338
2.37343
2.11364
1.9346
1.84532
1.68787
1.92812
1.7578
1.58844
1.83585
2.08371
1.81142
1.50792
1.47798
1.51009
1.04296
1.42044
0.95609
1.01363
1.28328
1.71171
2.13297
1.60611
1.01037
0.811482
1.78474
2.38607
1.87441
1.71112
1.89579
0.733858
1.54742
1.69592
1.12463
2.38343
1.44116
1.32398
1.51136
1.77157
1.56866
1.41798
2.06281
2.10144
1.72082
2.32535
2.33386
2.27923
1.36082
1.60663
1.55459
0.818324
1.72043
2.36858
1.53832
1.70899
1.76324
1.48702
1.02555
1.25079
1.52476
2.19088
2.32554
1.45112
1.08735
0.724412
1.04382
1.99328
1.38125
1.2522
0.879297
1.78306
1.52519
2.21564
1.08174
0.89406
1.67324
1.66824
1.41668
1.41829
2.20586
0.820929
1.26464
1.28116
1.6607
1.1674
0.785853
1.74288
1.72386
1.43505
0.825726
1.5611
0.650832
1.47945
0.416218
1.29187
1.7667
1.78002
0.773859
1.0311
1.26247
1.47205
1.91039
2.00113
0.863621
1.7624
1.37455
1.40547
2.31506
1.60279
0.837169
1.98377
1.57904
1.75054
2.52832
0.936293
1.45371
0.802788
0.745659
2.44857
2.38855
1.47108
1.2565
1.46473
1.67655
1.97068
1.14361
1.4467
1.32989
2.02159
1.49186
1.73041
2.0954
1.89441
1.663
1.73889
0.558962
1.31753
1.16131
1.60572
1.99546
1.42113
2.15614
2.04143
0.744603
1.10637
1.47709
1.81762
1.01741
1.0531
1.46372
1.15895
1.84558
1.81541
1.97178
1.4219
1.49198
1.11384
1.37932
1.80906
1.80057
1.54308
1.60431
1.6455
0.98499
1.63493
1.68321
1.60223
1.7499
1.55784
1.72503
1.1386
2.31283
0.590395
1.7242
1.04589
2.13123
1.80245
1.93891
1.55636
1.63811
1.20699
1.37428
1.71536
1.00966
2.10054
1.14871
1.53508
2.25246
1.55136
2.15578
2.11785
1.72958
1.23684
2.02816
2.24984
1.87516
1.75063
1.94606
1.76911
1.96178
1.03429
1.7641
0.836099
2.1668
1.76628
0.991586
2.00084
1.45858
2.04617
1.63306
0.761927
0.757713
2.08904
1.9544
1.11963
2.1714
1.68352
1.45911
1.66628
1.7354
1.76856
2.50832
1.36469
1.6312
0.820224
1.70936
1.06305
1.63786
1.49164
0.879553
1.96045
1.55826
2.35724
1.26727
2.491
2.51162
1.44122
0.757107
1.30226
1.67152
2.13426
2.4535
2.22465
1.43956
2.36697
1.79164
1.74068
1.55712
2.48019
1.45948
1.26867
1.21974
1.24674
0.994569
2.48404
1.17214
1.49455
2.3809
1.21553
0.903194
1.90343
1.16325
1.95283
0.727416
2.08302
1.43362
1.34105
1.44608
0.376052
1.77453
1.43894
1.56744
2.12055
1.54723
2.04256
1.17509
1.13037
1.28191
1.67419
1.3346
0.778565
1.78939
0.992667
1.64153
1.06388
1.67332
1.37287
1.50278
1.49834
1.04424
1.42755
2.47059
1.3352
1.6445
1.32243
1.80911
1.80599
2.40589
2.55791
1.37172
2.05419
1.6558
1.97579
0.964607
0.910321
1.40602
1.60565
1.02943
1.79677
2.0638
0.891114
2.52649
1.10779
1.37758
1.81199
1.36419
1.95009
1.74675
1.53786
0.867318
1.48206
1.72503
0.610112
1.15305
1.90079
1.76566
1.43945
1.47616
1.08223
1.40815
0.943504
1.00556
1.72281
2.19992
1.05847
1.72361
1.59265
1.60749
1.09928
1.79696
1.8904
2.01683
1.4366
0.892617
1.46169
0.907126
1.77834
1.13568
2.17226
0.268938
1.16328
1.63401
0.99867
1.96185
1.96761
2.1171
1.38935
1.7327
0.940383
1.40138
1.25567
0.810206
1.42255
2.60912
0.635221
2.51035
1.18547
2.1806
1.28308
1.70844
1.4502
1.39279
1.32597
1.95796
2.37316
2.10419
1.79518
2.34819
1.16936
0.840173
1.44415
1.30979
2.01177
1.2479
2.33764
1.51783
1.79178
2.10369
1.08293
2.16941
2.2163
2.09792
1.27608
1.51122
0.594942
1.40859
1.47415
1.37094
2.08527
1.73804
1.10148
1.33554
1.366
0.720104
1.07874
2.1524
1.60376
1.76199
0.790058
1.27385
1.39881
2.3749
1.52864
1.32217
0.955891
1.46406
0.945433
1.19318
1.45414
1.1914
1.38081
1.66643
1.70779
1.57153
2.19999
0.931986
1.90699
2.27038
1.65367
1.56909
1.22781
1.59764
1.91359
2.21763
1.34939
1.60941
1.51247
1.03073
2.06629
1.72689
1.58231
1.24914
1.94442
1.16485
1.35901
1.11354
1.61415
1.36226
1.3597
1.79483
1.06312
2.05812
1.50748
2.04209
1.87612
1.22229
0.959034
1.75736
1.81639
2.13629
0.982519
1.89442
1.27678
0.93043
1.87848
1.65393
1.59808
1.54241
1.2337
1.37322
1.51809
1.93029
1.67211
1.22277
1.29009
0.930389
1.24461
1.98436
1.75555
1.90698
1.09133
1.70554
0.840641
0.601009
2.04203
1.93805
1.04539
1.41168
2.41859
1.8053
1.19015
1.65202
1.62166
1.18462
1.34491
1.31096
0.922561
1.20183
0.971466
1.04557
2.3109
0.798994
1.01094
1.57666
1.11604
1.61353
1.65672
1.59791
1.4199
1.13104
2.33737
1.96688
1.63511
0.988969
1.47642
1.5195
2.10441
0.558115
2.17991
0.740115
1.86217
1.16265
1.51605
2.40368
2.439
1.50734
1.93591
1.00527
1.16297
0.965112
0.746612
1.64998
1.95369
1.41749
1.3726
1.52293
2.44369
1.3601
2.25878
1.53502
1.2287
1.53917
1.38348
1.10995
1.61586
2.33545
1.90202
1.48824
2.59453
1.68773
1.7647
1.31105
1.5913
2.35537
1.26579
0.860402
1.57563
0.796976
1.06721
1.29531
1.70386
0.993768
2.19581
2.50939
1.61158
1.09725
1.626
1.25907
1.12929
1.08555
1.48359
1.41628
1.5258
2.28154
1.21813
1.57324
2.41964
1.59546
1.31389
1.32605
1.24299
1.69465
1.86515
1.68567
1.28544
1.71914
2.30933
1.29278
1.94422
1.25756
0.908626
1.0351
1.86465
1.92221
1.60535
1.54293
2.03394
1.75771
1.81278
1.56854
2.12956
1.27195
1.76283
1.66916
1.666
1.46384
2.5492
1.98722
1.24738
1.90021
2.08232
1.5661
1.42884
1.58892
1.90638
1.30745
1.8905
1.45733
1.52708
1.55784
1.82976
2.20922
1.85545
1.45918
1.36633
1.28905
1.56231
1.25914
1.39297
2.00861
1.51202
1.43158
1.97091
0.695478
2.16378
1.51156
2.3507
1.77728
1.9794
1.66329
1.79264
1.45299
1.02427
1.81542
0.681893
1.3195
1.50515
0.918413
1.19405
1.89827
1.35859
0.986027
1.62753
1.3825
1.46912
1.29745
2.12238
1.39813
2.36159
1.16705
1.69237
1.12361
1.14356
1.22284
1.42523
2.17226
1.10259
1.85462
1.4843
1.60526
1.48824
1.61311
1.7642
1.44159
1.74242
0.933631
1.27383
1.69483
1.98211
2.14288
2.35649
1.02117
1.16457
2.17392
1.25467
2.19808
1.16985
1.41375
2.40053
1.93457
1.61967
1.681
2.06646
1.72772
1.27825
1.09257
1.4458
1.31641
2.77421
1.57574
1.98048
1.64808
1.63117
1.79378
1.9156
1.24783
1.71772
1.72392
0.884909
1.31613
1.53295
1.61879
0.706794
2.06
1.84264
1.49946
1.22988
1.50018
0.805329
1.82366
1.19828
1.6909
2.21902
2.11741
2.39308
2.15115
1.76345
1.82688
1.48953
1.81111
1.15104
1.57248
1.97556
1.70533
1.27334
2.10311
1.26854
1.10238
1.6569
1.14403
1.19232
1.48124
1.79027
1.5033
2.24404
1.55787
1.07627
2.07734
2.04466
1.67068
2.44055
1.9565
2.18329
1.1665
1.28926
1.85743
1.3046
1.23668
0.660335
1.41433
1.4534
2.16931
1.74062
2.20908
1.67839
0.960302
2.20913
1.15845
2.46642
1.76961
1.32423
1.2541
1.68491
2.51928
1.21069
1.79953
1.61433
1.54493
1.33265
1.32958
0.99851
1.03813
1.73226
1.21783
1.45432
1.77457
1.27952
0.906157
1.40376
1.58728
1.46507
2.33968
1.42955
1.97261
1.00602
1.79784
1.04017
1.57125
1.1395
1.08872
1.39031
0.64272
2.20035
2.02371
1.56628
1.17447
0.994785
2.24221
2.2493
1.93932
1.43901
2.10277
1.52134
2.13642
1.3993
0.686861
1.95329
1.82222
1.18992
0.969621
0.589758
1.19958
0.759713
1.7117
1.88493
0.705322
1.08186
1.36552
1.80937
0.883103
1.12887
2.1326
1.91144
2.10139
1.98167
1.6249
1.68414
2.08568
2.14147
1.45962
1.22878
2.07687
0.768844
1.11865
1.63303
1.57293
1.61286
1.16484
1.37512
1.98453
0.946256
1.87221
1.16199
1.3859
1.57141
1.5111
1.10415
1.05493
2.29471
2.22498
1.76292
1.74031
1.35357
1.27693
1.69431
1.31591
0.679829
1.9047
1.30894
0.98591
1.2996
2.19559
2.74157
2.55886
1.45444
2.34632
2.23641
1.43568
1.38809
1.55822
0.636744
1.504
0.79548
1.05768
1.24332
1.81347
1.25644
2.21068
1.82026
2.16608
1.85986
1.21969
2.50415
1.69554
1.74378
1.90311
2.39833
1.03045
2.21431
1.44781
1.78627
1.70928
0.838574
1.40429
1.14445
1.78044
0.678087
1.68297
1.9855
1.11437
1.19046
1.53108
0.716912
1.61961
2.00053
2.15727
1.35798
1.11286
1.39453
1.1011
1.67002
1.96871
1.42744
2.04528
1.48953
1.42438
2.32767
2.06692
1.67812
1.84459
2.20471
0.901409
0.802449
1.92736
1.41511
1.54098
1.24763
2.0189
0.912477
1.74663
1.78058
1.93454
1.25053
1.36244
2.0467
1.53647
0.884439
1.02292
2.79967
1.51003
2.14532
1.54162
1.1996
1.41661
1.93081
1.12604
1.48696
1.80642
1.83137
2.07746
1.27193
1.2977
1.67861
1.19904
1.80086
2.51285
1.59698
1.40742
1.91807
2.33627
1.53737
2.14939
1.58932
0.999182
1.00731
1.95634
1.25952
2.01834
1.33058
1.31947
0.836984
1.62349
1.83636
0.92374
1.34507
0.907178
1.70844
1.43605
1.90855
1.75252
1.59511
2.48552
1.08096
1.1976
2.15679
0.390984
0.724592
1.33347
1.67732
1.78395
1.7101
1.26247
1.02564
1.34557
1.43993
1.94878
1.56616
1.90416
2.10912
1.85668
0.993695
1.35558
1.91138
1.15222
1.7887
1.06512
2.02341
1.01681
1.29989
1.8593
0.972575
1.49548
1.6387
1.41418
0.772801
0.787321
1.5747
1.46838
1.50789
1.46335
1.22703
1.7183
1.53093
1.56634
1.17287
0.963536
2.43139
1.60075
0.881193
1.37344
0.620643
1.46393
0.749193
2.14071
1.19967
2.11113
1.54725
1.53386
1.24487
1.48056
1.83775
1.5188
1.97342
1.42135
2.32446
1.34388
2.00261
1.86062
2.10953
1.66597
1.16856
1.49406
1.62603
1.83647
1.03072
2.3575
1.59204
1.98374
1.11906
1.41755
2.44016
1.65016
1.86598
1.51272
2.07462
1.23202
1.90731
2.35857
2.14114
1.63016
1.56604
1.63673
1.6705
1.15592
1.88445
2.13621
1.57489
1.32016
1.67895
1.70282
1.81975
1.11377
2.18161
2.09356
1.59198
0.910738
1.69145
0.945354
1.84835
0.92824
2.14106
1.18017
1.32102
0.952643
2.22639
1.62302
1.14486
1.69073
1.89548
2.20573
1.4451
1.14198
1.44261
2.36413
1.66186
1.68352
1.89325
1.24467
1.76582
2.16862
1.44182
1.38071
2.43251
1.5055
1.76943
1.19454
0.929316
2.85651
1.4459
1.5421
2.0212
1.6161
1.84355
1.66499
2.60767
1.98794
2.15279
1.31852
1.81395
1.14492
1.77194
1.9579
1.1653
1.61738
1.12988
1.23977
2.52468
1.09395
1.19475
1.8985
0.892128
2.58552
1.71676
1.02732
2.08204
1.62973
2.12627
2.15445
1.14389
0.85006
1.43599
1.86202
0.764828
1.33884
0.770463
1.36584
0.965912
1.93931
1.44793
2.38324
1.76467
2.40978
1.73746
1.55509
1.50272
1.82625
1.80587
1.81982
1.58995
1.98864
1.59735
1.04452
0.92111
1.80746
2.05457
1.51859
0.688941
1.38578
1.91898
1.72372
1.09394
1.48543
1.89912
1.04423
1.37515
2.29242
1.01118
1.38206
2.21141
1.62253
1.05908
1.88172
2.27796
1.19517
1.60816
1.39256
2.10746
1.0915
0.931136
0.864937
1.33069
0.639011
1.98983
1.28261
1.84561
2.2487
1.97091
0.982594
1.74628
1.10511
1.10776
1.21878
1.95983
1.46427
0.723209
1.00311
0.998859
1.34945
1.18043
1.04077
1.71016
1.64381
1.55172
1.59552
1.93094
1.77771
2.80944
1.01693
0.463967
1.833
1.38485
2.60691
1.63104
0.537606
2.35171
1.39138
1.62673
1.85883
2.41151
1.40766
0.964324
1.17544
1.69323
1.54088
1.15581
1.50966
2.81334
2.28494
1.74232
1.1173
1.30934
2.13047
1.01798
1.29275
0.866741
1.63199
2.21166
1.00928
1.5185
1.3101
1.72512
2.00113
0.499072
1.97988
1.29231
1.03275
2.51846
2.14688
1.89493
2.13422
2.15642
1.54705
1.84129
1.01935
0.637996
1.1455
2.10082
1.7831
2.05557
2.66388
1.96893
1.36475
1.90301
2.14163
1.23406
2.19026
1.82859
0.955007
1.04711
0.948288
1.61881
1.38659
1.98427
1.48596
1.64814
1.69917
1.81955
0.750533
2.0014
1.18787
1.07051
1.57708
2.13276
1.52775
1.46992
1.66484
1.32227
1.70594
0.694715
1.3166
1.27831
1.73229
1.96152
1.58081
1.35029
0.913824
1.49547
2.48665
0.754175
1.56018
1.04155
2.24963
1.01333
0.978392
2.54496
1.72022
1.12726
1.77796
1.49131
1.79853
1.50036
1.74111
1.82083
1.88207
1.82196
1.07162
1.11647
1.79915
2.08127
1.65323
1.52018
1.80713
1.5921
2.43451
1.0307
1.68291
1.62502
0.752113
1.48751
1.54095
1.49856
1.97151
1.32297
1.55195
1.25312
2.30612
1.6639
2.3201
2.45554
1.91569
1.87868
2.03234
1.91557
1.50281
1.13589
2.07924
1.56228
0.376851
0.916512
1.05381
0.86626
1.70179
1.09832
1.06447
0.71505
1.70195
0.87945
1.20927
1.92837
2.00692
1.53612
1.26737
1.66493
1.45924
1.43195
1.14917
2.28817
1.27258
1.81718
1.89489
2.07322
2.26389
1.21475
2.45898
1.59949
2.16187
1.79342
1.59359
1.5462
2.15008
0.798708
1.38106
0.902957
1.09195
1.16093
1.27379
2.33348
1.17224
0.885752
0.928388
1.79802
1.84577
1.46028
0.374596
1.94
1.88701
0.80497
2.45878
2.32238
1.5783
1.67388
1.30398
1.03478
1.50514
1.34519
1.54223
1.80855
2.43356
0.890384
0.920254
1.59485
1.69828
1.91635
1.60774
1.43858
2.08473
0.49709
2.48682
2.50042
0.824728
1.49219
2.04614
1.36045
2.12053
2.24492
1.98563
2.21776
1.75078
2.19285
2.18342
1.75103
1.62948
1.81495
0.957752
2.38381
1.17764
1.97078
0.501928
2.06777
1.11823
0.981114
1.9361
1.49793
1.61665
2.1629
2.62505
1.40432
1.91155
2.26485
1.29351
1.87778
1.90095
2.41305
0.986817
1.64894
1.68954
1.65776
1.3873
2.08716
1.73833
1.52015
2.11322
1.62692
1.61265
2.49006
1.07624
1.52155
0.708703
1.25468
1.38006
2.21496
1.9684
2.25445
1.63129
2.11194
1.1207
1.94928
1.54385
1.57681
1.42403
1.48203
1.44787
1.48726
2.43683
1.79179
0.958889
1.83221
1.98194
1.86589
1.84526
1.5849
1.83446
1.73115
0.272874
1.28366
1.10408
0.62141
2.00971
1.69077
1.53953
0.586989
1.93938
2.12868
1.64423
1.98302
2.41629
1.89981
2.34904
1.77142
1.38094
0.909809
1.21154
1.39453
0.876446
1.54235
1.96015
2.09446
1.23538
1.20196
1.85869
1.92473
1.47219
1.46949
1.65448
1.42662
2.05428
1.46932
1.27952
1.03924
1.18304
1.3847
1.31452
1.67382
2.21916
2.0867
1.27739
0.985139
1.70274
1.60509
1.26387
1.19777
1.92528
1.32077
1.56231
1.63713
1.80903
1.88772
1.5556
1.97515
0.831051
1.22133
1.01595
2.00345
1.81812
1.3046
1.20522
2.28351
2.22922
1.81648
1.08311
1.06173
0.946296
1.26554
1.31603
1.10124
1.92366
2.6075
1.29891
1.70684
1.11617
1.79727
1.22693
1.69533
1.10469
1.98364
1.83308
1.16337
1.23454
1.86513
1.53111
1.62178
2.39542
0.644481
1.47292
1.45887
1.23738
2.17001
1.78364
0.839521
1.29952
2.09471
1.61295
1.73281
1.01805
1.16975
1.68638
1.58778
2.15512
1.72588
1.53811
1.98048
0.959032
1.27832
1.32753
2.65199
2.33536
1.92613
1.79965
1.7426
2.14261
1.39011
2.23373
2.36372
2.1156
1.82077
1.60213
1.94104
1.26861
2.12639
1.38282
1.05245
1.25179
1.03647
0.958818
1.92157
0.93919
2.25612
1.96281
0.860226
2.25509
1.7961
2.25732
1.82988
1.38771
1.44236
1.6975
1.18109
1.40545
1.8636
1.15327
1.37578
1.71072
1.96853
1.73435
2.57195
1.3127
1.50679
0.692106
2.32628
0.815628
2.02287
1.61946
1.17244
1.10716
1.48068
1.76482
1.12795
2.10211
1.69532
1.89287
1.6791
1.23716
1.63227
2.19144
1.13616
0.998549
0.977811
2.21245
1.4601
1.36374
1.26247
1.81177
1.49216
1.90386
1.51694
1.09809
0.84571
1.51455
1.09219
1.01446
0.82371
1.27289
1.10752
1.05868
0.971554
1.65
1.22885
1.50601
1.75538
1.46065
0.709158
1.60274
1.44412
2.11681
1.22852
1.43796
2.31102
2.3387
2.17331
1.31637
1.77676
1.66646
1.96411
1.84022
1.99349
1.55444
1.28208
1.37758
1.88774
2.50231
1.38286
1.74874
1.306
1.46961
1.46436
1.40543
0.983575
1.56413
0.845303
0.618975
1.98867
1.52128
0.710001
2.17739
0.946206
1.67996
1.39943
1.02157
1.09436
1.38895
1.63471
2.17201
1.02255
1.98367
1.0557
1.42218
1.61372
1.75562
1.82846
1.59946
2.4893
1.55239
2.52985
0.859445
2.1623
1.35945
1.88457
1.66487
2.24436
1.11975
1.9574
1.60333
1.45026
2.05232
1.66049
1.69034
1.30011
1.33611
1.84545
0.890263
1.20784
2.11607
2.08002
1.82102
1.54717
1.50148
2.00288
2.3149
1.80747
1.11914
1.44953
1.86975
1.87775
0.920367
2.0725
2.28407
1.5885
1.63951
1.59958
1.45824
1.83497
1.28204
1.72645
1.67106
1.37787
1.90101
1.93025
1.14298
1.20908
0.771322
1.35334
1.66648
1.89447
1.84345
1.59494
2.00839
1.7951
1.58258
1.00373
1.74515
1.95749
1.20236
2.85624
1.04808
1.42193
1.48573
0.762525
1.52956
2.17095
1.46863
1.01573
1.60911
2.29985
2.16525
1.95138
2.05204
0.995902
1.71114
2.34436
1.82108
2.01562
1.83382
1.75221
1.21777
1.39196
1.64973
1.43085
2.70782
2.15162
1.37565
1.51779
1.64911
1.22001
1.61521
1.38681
1.71812
1.72639
1.8319
1.89245
1.09689
1.09483
1.2663
1.79336
1.56502
2.09849
0.922727
1.31427
1.25
1.86692
1.29431
0.932059
1.51468
1.57672
1.63059
1.83807
2.08731
2.27521
0.956551
1.76022
1.38174
1.69133
1.73443
1.28137
1.0616
1.67285
2.49292
1.51639
1.39075
1.43816
0.763621
2.34151
0.985161
2.09469
2.11225
1.41848
1.2169
2.10252
0.937463
0.9577
2.15453
2.05978
2.00449
1.12312
2.73061
0.738382
2.0946
1.1956
2.4426
1.4058
1.58563
1.35362
1.35633
1.55828
2.19646
2.16607
1.6533
1.15579
1.21064
2.12444
1.16328
2.35024
2.56792
1.26637
2.52034
1.39255
1.56836
2.32943
1.21417
1.73721
1.72534
1.67056
1.38994
1.11012
2.00578
1.58032
1.22512
2.02299
1.81111
1.59961
1.83806
0.746658
0.985491
1.41582
2.1782
1.73858
0.825575
1.70542
1.33328
1.68587
1.59857
2.33284
1.70868
2.5291
1.72933
1.89737
1.84796
2.0947
1.07967
2.14394
1.40896
1.44787
2.03054
1.54795
1.36859
1.89387
2.11982
1.71614
2.52351
1.5942
1.71769
1.78611
1.32939
1.38103
1.53762
1.34908
1.73072
1.22077
2.46922
1.19294
2.2652
1.66
1.75774
1.12888
1.24339
1.03647
1.2617
1.60834
1.1671
0.942844
1.46709
1.29589
1.35149
2.14121
1.8858
0.926477
2.06594
2.23613
1.61167
2.01831
0.82398
1.32517
1.65329
1.34006
1.70933
0.67815
2.54409
1.35895
1.62093
1.80637
1.07269
1.76089
1.3909
1.6013
1.42548
0.246982
1.48412
1.20598
1.63285
1.24228
1.68352
1.87842
1.29732
2.0566
1.911
1.11586
1.37092
1.91281
1.45663
2.10553
2.33922
1.69317
1.27508
0.928566
2.56238
1.00466
2.42499
1.24047
0.838828
2.6028
1.98862
1.70428
2.13947
1.5581
1.47286
2.33889
1.63682
1.11395
1.56042
1.52855
2.32716
1.17009
1.54235
1.40905
1.58523
1.6846
0.899184
1.06577
1.45715
1.21136
1.48359
2.31356
1.4518
1.04775
2.23136
1.17015
2.63788
2.0667
2.70852
1.27556
1.29599
2.42339
1.68569
1.33052
1.72794
2.20809
1.55436
2.31258
1.53221
1.39109
1.15833
1.6178
1.24506
1.74364
1.36148
2.35124
1.99965
2.00114
0.809641
1.26509
1.46851
1.91702
1.36818
1.40284
1.83974
1.0553
1.94009
2.05354
1.39013
1.57464
1.71268
1.33447
2.00358
1.50012
1.77795
1.70148
1.38716
1.44301
1.71103
1.89581
2.11501
1.00756
1.02199
1.97978
1.90666
1.17863
1.92157
1.27972
1.13899
1.60236
1.18049
2.21912
1.52959
1.55859
2.78366
1.05949
2.01313
1.23726
2.02412
1.68131
1.41662
1.12472
0.904332
2.10901
1.67395
1.16926
2.00955
0.80408
1.41674
1.00171
1.02848
1.38427
1.85997
1.47114
1.65234
0.990931
1.68174
1.41236
1.41471
1.25426
1.66652
1.1933
2.01155
1.15275
1.20307
1.18218
2.11112
2.47395
1.13542
1.60984
2.39617
1.51315
1.67321
1.98573
2.43363
1.85535
1.24809
1.56628
1.51408
1.39001
2.04859
1.81545
0.654243
1.16312
1.67829
1.98607
1.06578
1.10014
0.492657
1.3689
1.72034
1.59479
1.13636
1.16935
1.23868
2.06611
2.0078
1.67658
1.40812
1.41026
2.40945
0.82985
1.50982
1.42793
2.18245
1.50096
0.616696
2.16098
1.40413
1.56402
2.04012
1.27353
1.60152
1.36051
1.12576
1.68788
0.696337
1.76157
0.337531
2.18977
1.27421
2.0723
2.18168
1.30958
1.98251
1.25256
1.04101
1.81373
1.00035
1.0536
1.84845
1.03082
1.91794
0.960183
1.30428
1.0334
2.12856
1.69692
0.852549
2.20468
1.27206
1.49372
1.2913
2.03453
1.20116
1.8673
1.88432
1.04758
2.31149
1.50887
1.24699
1.40967
0.416252
1.58342
2.58903
2.21443
2.16834
1.62252
1.90707
1.80317
1.21742
1.24648
1.55744
2.31515
1.68429
1.55755
1.07989
1.59479
1.09338
1.73729
1.25838
1.8742
1.73362
1.30833
1.20192
2.17853
1.53826
1.71533
0.924197
1.66346
0.736531
1.69299
0.874195
0.887758
1.42792
1.01501
1.91411
1.47495
1.51137
2.35894
2.87896
0.779807
1.42992
1.58987
1.25631
1.49721
0.802513
1.74697
1.3307
0.485401
1.17394
2.01489
1.65163
0.640632
1.5454
2.10118
0.831579
2.35697
1.55334
1.80141
1.68487
1.52387
1.01905
1.32492
1.34876
1.747
2.24487
1.74964
1.56144
1.5096
1.79798
2.09463
1.41016
2.16598
1.46162
1.64857
1.54345
1.62909
0.445819
0.941904
0.901345
1.09072
1.53853
2.05091
2.30138
1.21885
1.71676
1.03376
1.55114
1.41223
2.20004
1.93192
1.60489
1.52601
1.84234
1.11207
1.92607
1.92164
1.83987
1.98068
1.84811
1.95086
1.88226
1.66067
0.874262
1.24802
1.74781
0.968882
1.04233
1.42613
0.921958
2.04237
1.26099
1.56137
1.29829
1.59686
1.50523
1.20555
1.48377
2.27048
1.65738
1.65335
2.22307
2.24344
1.53166
2.39514
2.18019
1.31821
1.76768
1.24525
1.53343
0.856025
1.93395
1.32872
1.78007
1.82382
1.39062
1.20751
1.10518
1.32183
2.60223
2.63828
1.43168
1.66346
2.49014
1.88366
1.23322
1.41662
1.79327
0.704266
1.74665
1.93611
1.30819
1.37226
1.676
1.56767
1.41829
1.81133
1.35355
2.01785
1.73505
2.44289
1.149
2.17072
1.25156
1.00366
1.56219
1.68518
1.95612
2.06429
1.00492
0.938837
1.44534
1.92587
2.00756
1.64533
2.30428
1.45746
0.76684
1.30808
1.99436
1.32807
1.72366
1.91748
1.27551
0.978307
1.55346
1.78422
1.25253
1.96884
1.74427
2.38417
2.03971
1.78839
1.01755
2.14649
0.930602
1.62845
1.48886
2.02958
1.89135
0.775622
1.73888
1.32454
2.03849
2.18756
1.09165
2.22296
2.00725
2.5916
1.06822
2.24323
0.834755
1.24145
1.41205
2.22787
1.39552
2.12304
1.94061
1.50569
1.07455
2.56024
1.92024
0.489025
1.10166
1.19829
0.99683
0.630681
2.23243
2.23338
2.20984
1.73492
1.34649
1.83294
1.25596
1.83702
1.51883
2.53426
1.62953
2.2098
1.18903
1.62521
1.81171
1.52794
1.34998
1.92208
2.09028
1.69265
1.34626
2.21865
1.36659
2.01846
1.8571
1.51745
2.07746
2.05392
1.92919
2.26261
2.1663
1.60161
1.17294
1.79571
1.10606
0.840255
2.12432
1.60656
1.90247
1.72034
1.65592
1.15213
1.4632
1.40908
1.87829
1.35807
1.60147
1.09726
1.17882
1.93356
1.00034
2.65822
1.59082
2.58004
1.26401
1.30609
1.6051
1.55505
1.64859
2.0882
1.91936
2.25958
1.09414
1.7217
2.247
1.75116
2.12964
1.98601
1.01461
2.25916
1.58178
1.70788
1.37301
1.17212
1.5715
1.45063
1.70984
1.77977
1.49825
1.64741
1.99871
1.4228
2.06589
0.963217
1.79599
1.93461
2.12513
1.33096
1.87049
1.15889
2.39158
1.30471
1.63124
1.203
1.49149
1.24055
0.889236
1.05106
2.32955
1.00602
2.27272
1.29361
2.26379
1.39809
1.42397
1.46149
2.03526
1.74991
1.40599
1.43799
1.05031
1.46346
1.63933
0.571418
1.48478
1.33497
1.88984
1.48558
1.48763
2.30221
0.776937
1.03237
2.24242
1.39149
1.50217
0.901681
1.57077
0.591928
1.68656
2.41285
1.75221
1.18169
1.67011
1.01913
1.84267
2.04374
0.94656
2.06187
0.985211
0.848311
0.956834
1.4161
1.28309
1.39963
1.62068
0.763858
2.4602
1.52977
1.44738
1.08326
1.42496
2.21158
1.86621
1.67517
1.98831
1.53282
0.756244
1.4443
1.62967
2.03621
1.65958
0.676438
2.58653
2.42298
1.84998
1.52616
1.15558
1.73598
1.35405
1.31383
1.83711
1.54461
1.13155
1.73092
1.90525
1.45638
2.22034
0.925715
1.33761
1.27206
1.59619
1.44768
1.36712
1.69465
2.2227
1.31853
0.962504
2.02106
1.67925
1.49874
1.67956
1.43001
1.22357
2.51181
1.61812
2.24783
2.02178
2.3312
0.686936
0.816209
1.71143
1.61604
1.22281
1.36469
1.34134
1.38227
2.83412
0.7466
1.65133
1.57534
2.10188
1.4093
1.77719
0.599881
0.77737
2.15555
1.9077
1.32769
0.998675
0.931139
2.0683
2.55296
0.81136
1.1363
1.04881
1.51608
1.36942
2.11278
1.55023
1.51529
0.84949
1.6293
0.851216
1.90221
1.56814
1.34938
1.469
1.3207
1.538
1.26359
1.35989
1.54479
1.42199
1.81963
1.29643
1.92519
1.11473
1.19183
1.51461
1.61812
1.55612
0.952045
2.22884
2.2041
1.71152
0.896753
1.62382
1.93426
1.80281
1.77398
1.59057
1.12459
1.16265
1.3351
