1.20646
0.773053
2.44035
1.49045
2.69955
1.5093
1.82831
1.4697
1.09542
1.78298
1.67705
1.37966
2.45385
0.732204
1.96277
1.64759
1.79922
1.98535
1.27978
0.725921
1.62527
1.4736
1.62374
1.97738
1.71716
1.97489
1.84615
2.18485
2.75098
1.58709
1.48469
1.79571
1.57339
1.37515
2.06378
1.50134
1.48405
1.94954
2.21618
1.23668
1.81667
1.40311
1.78274
1.53783
2.43431
1.16035
1.66953
2.15535
1.87285
0.924591
2.35069
1.43624
1.25336
1.54522
1.47286
1.57971
1.28279
1.8332
1.09312
1.32995
2.52028
1.80245
1.98744
1.69865
1.20813
1.03866
1.51682
2.30734
1.84783
1.21298
1.15375
1.18244
2.61685
1.6679
1.50465
1.55781
1.45351
1.40438
1.19185
1.59817
1.67542
0.4886
2.03411
1.62887
1.5432
1.71158
1.08951
1.85405
0.605918
1.00354
2.33829
1.54058
2.04117
1.72429
1.26989
1.77951
2.52249
2.01665
1.30638
1.62252
1.37361
1.59717
1.36868
1.17895
1.47791
1.48169
1.87881
1.67523
1.57687
1.88795
1.1841
1.57061
0.910747
1.37655
2.36943
2.3888
1.50033
1.56915
1.9976
1.24351
1.9498
1.30466
1.5078
0.432816
1.91936
1.21909
1.41098
1.23845
2.52561
2.0775
1.73864
2.30628
0.820906
1.13663
1.58808
2.11582
1.32467
1.51794
1.12075
1.32259
1.43269
1.14912
1.30922
2.24097
1.74309
1.33521
1.73251
0.946911
1.41523
1.09512
1.06074
1.64239
1.32695
1.3666
2.27783
1.82429
1.35857
1.53618
1.25689
1.48909
1.20107
1.1862
1.561
1.17477
0.965085
1.58087
1.30123
2.15155
2.21435
1.8097
2.02722
1.391
1.44768
1.83282
1.42321
1.02292
1.15953
1.6815
1.59917
1.36023
1.39752
2.3685
0.644479
1.95473
1.60144
1.02702
2.03779
1.33679
1.00793
1.06955
1.4126
1.65157
1.82839
1.66959
1.18879
1.66202
1.56632
1.39664
1.34778
1.54705
1.72723
1.25952
1.40243
2.21873
1.6293
0.862982
2.3453
2.16355
1.55148
2.30071
1.50928
0.969247
1.48151
1.27972
1.87183
1.2408
1.14764
1.22813
1.52864
1.84901
0.71936
1.39359
1.46335
2.39763
1.55502
1.47994
1.7949
0.674065
1.27988
1.52794
0.818345
1.48763
1.39267
1.97471
1.71183
2.2055
2.03935
1.61285
1.79033
1.67931
1.28054
1.64807
1.5604
1.10306
1.23181
1.63693
1.55354
2.20107
1.37058
1.32344
2.23425
1.37875
1.09525
1.55752
1.24918
1.85072
1.03189
1.57601
2.10642
2.00577
1.90985
1.71716
0.896392
1.26813
1.90952
1.16697
1.21344
2.06726
0.590982
2.32239
1.26304
0.757048
0.771085
0.98603
1.53218
0.72606
2.03112
2.31225
1.73598
2.0481
1.22625
1.3052
1.18332
0.770326
2.07471
1.70135
1.74415
1.67969
1.22732
1.92354
2.08343
2.02894
1.38979
0.943857
1.81001
0.991208
0.999537
1.517
1.09223
1.78408
2.15895
1.49216
1.3244
1.79828
2.0603
0.851886
1.65191
0.757196
1.59766
1.67083
1.43035
2.51549
1.31777
2.09069
1.51837
2.86542
1.60388
1.94035
1.77077
1.8045
1.62867
1.33582
1.61097
1.5985
0.818248
2.43073
1.80023
1.35114
1.095
2.24395
2.07443
1.08416
1.91405
1.5804
1.41186
2.46947
1.39587
1.35576
1.96246
2.79704
1.29042
1.39032
1.79715
0.823677
1.71898
1.53441
0.820416
2.00379
2.54643
1.84364
1.18792
1.72506
1.06594
0.884127
1.05562
1.69265
1.52323
1.57794
1.09735
1.99302
1.61285
1.06361
1.15472
1.20745
2.1415
1.37295
1.794
1.59897
1.89553
1.62533
1.32936
1.40595
1.33629
1.68019
1.34013
1.46912
1.47605
1.39738
2.48717
0.550318
1.95869
1.80994
1.40327
1.35258
1.51532
1.05346
1.90654
2.11725
2.07778
0.480766
2.22556
1.01713
1.36213
1.25792
2.31589
1.11733
1.68804
0.873252
1.1004
0.893752
0.935113
2.11574
0.959574
1.9808
1.19176
1.84465
2.6507
1.18698
1.6795
1.05409
1.28121
1.82562
1.57771
0.614862
1.60159
1.62148
1.18548
1.55207
1.55517
1.35005
1.45798
1.42557
2.16819
1.93781
1.36475
1.10627
1.57109
1.54321
1.50472
1.89718
1.13609
1.1385
2.19472
2.15245
1.01098
2.02476
1.56189
1.58459
1.15122
1.53801
1.8356
2.07656
1.53383
1.58859
1.81361
2.07661
1.76457
1.65574
0.98214
2.13612
2.12332
1.64502
2.8643
1.3582
0.837037
2.01608
1.94841
1.30688
1.64358
1.54101
1.59036
2.67742
2.53139
1.48605
1.98354
2.41687
2.18817
0.935611
0.95601
2.00235
2.11168
1.92254
1.46679
1.54838
1.82483
1.46728
2.29379
1.71346
0.978087
1.748
0.862039
0.89456
1.63178
1.31209
2.44508
1.79362
2.2009
1.31919
1.80373
1.61573
2.42349
1.42298
2.04142
1.31553
1.3731
0.861585
2.09826
1.71392
1.9669
1.32875
1.54153
2.44544
2.54531
1.49493
1.53988
1.70781
1.56878
1.57391
1.16624
1.85736
1.40574
2.14799
2.21451
1.61292
1.39983
1.71214
0.973666
1.44479
1.57925
1.71214
1.50815
0.728821
1.10845
1.18224
2.22883
1.08988
1.4774
2.14207
1.76011
0.761139
1.22664
1.56321
1.59775
2.16009
0.939752
1.68215
1.71739
1.23189
1.09134
1.26093
1.26087
1.57782
2.28786
2.28107
1.41442
1.35639
1.67635
1.28296
1.44988
1.05921
2.29166
0.959516
1.07395
2.67371
1.36341
1.55291
1.92626
0.958514
1.23786
1.50792
1.69459
1.13676
1.50284
1.2373
1.69415
1.05146
1.67652
1.42662
1.65943
1.67651
1.047
1.9496
1.76041
1.03608
1.71682
1.2141
0.942591
1.59118
0.558202
1.91833
1.51076
1.47844
1.81209
1.46397
2.29115
1.48641
0.769804
1.15258
1.01823
2.15599
1.32124
1.34397
1.69662
1.60819
1.04455
1.92209
1.26663
1.30726
1.59375
2.11062
1.27525
1.48817
1.58444
0.753133
1.47819
1.36294
1.03531
1.24474
1.92423
1.46243
1.28665
1.88233
0.803786
2.47993
1.81155
1.46599
1.82455
1.61027
2.11613
1.12367
0.930773
1.23237
1.2503
2.35581
1.39298
1.64316
0.926237
2.00949
1.31124
0.742264
1.52552
1.43488
1.87842
0.94918
1.95562
0.722664
1.4831
1.79994
1.53007
1.60549
0.91621
1.78392
0.857393
1.07412
1.10241
1.56926
1.99969
0.991692
0.702595
2.06364
0.647835
2.12378
1.39874
2.05688
0.955125
2.11025
2.34815
1.82398
1.00736
1.73418
0.980452
1.2267
1.69911
2.34306
1.52629
1.30082
2.22218
1.03581
0.939293
1.40407
1.9382
1.53014
0.792427
1.53346
1.39137
1.86029
1.41601
1.71855
1.44971
1.74272
1.64358
1.41372
1.65228
2.04656
1.87885
1.52861
2.07818
2.05476
1.72151
1.62897
1.55719
1.69515
1.7524
1.32904
1.32775
1.39788
2.26456
1.31469
1.58285
0.682287
1.96103
2.0345
2.06494
1.82389
1.37867
2.30184
1.54668
1.75229
2.27014
0.709303
1.08686
1.3027
1.32256
1.46255
1.54238
1.87218
0.707557
1.70366
1.67171
1.4211
1.34484
2.02884
1.04149
1.95246
1.79271
1.57806
1.50694
1.74902
1.09702
1.92805
0.931788
0.992496
2.04278
1.82146
1.27232
1.65896
2.11047
1.61158
1.61198
1.56543
1.92769
2.40703
2.60306
1.31383
1.62871
1.48454
0.778009
1.40191
1.45518
1.4371
1.17488
0.889651
2.11226
1.81504
2.0739
1.55936
1.17709
2.07361
1.93465
1.66343
1.5039
1.1211
1.44448
1.49002
1.12532
1.53533
2.16373
1.74883
1.53826
2.19835
1.27545
1.83823
0.89847
1.6106
0.883241
1.97555
1.78679
1.22143
1.1642
2.07031
1.39586
2.25469
1.20378
1.42684
1.30436
2.12705
1.24738
1.35481
2.06283
1.60978
1.95151
1.57211
1.65396
1.37546
1.58471
1.9178
1.00977
1.82203
1.72639
1.38549
2.28907
1.81227
2.58307
2.61041
1.29031
1.63193
1.05121
1.80286
0.961969
1.26343
0.710472
2.11439
1.47117
1.18581
1.69681
2.57853
2.00721
1.63848
1.4207
1.48887
1.75584
2.57747
1.80164
2.2253
1.67408
1.80584
1.85165
1.89783
2.29485
1.56704
1.02611
1.82399
2.13088
1.78339
1.27257
1.08611
1.03413
1.56726
2.04256
0.764317
1.4358
1.68322
1.08463
1.66462
1.66156
2.15855
0.840518
1.85439
1.44436
1.81152
1.05132
1.57183
1.77577
1.071
2.12758
0.8332
1.2665
0.95186
1.8892
1.29738
1.66248
1.57009
1.43851
1.54583
1.60526
0.928584
2.42124
1.81183
1.79496
1.66427
1.74551
0.991963
2.10301
1.87666
1.13949
2.07171
1.74973
1.70179
1.68174
1.57264
1.04875
1.66915
1.14977
1.66649
1.26234
0.998147
1.35769
2.20878
1.92984
1.28638
1.30848
0.56184
1.60425
1.34795
0.86335
1.5353
1.80741
1.87982
1.22281
2.30531
0.997047
2.66031
1.9351
1.88875
1.49431
1.11689
1.80046
2.14594
1.62352
2.79197
1.40692
1.4774
1.50046
1.87634
1.19978
1.75016
1.88114
1.61434
1.84503
1.84275
1.98348
1.43066
1.57666
1.48965
1.1141
1.49966
1.40382
1.28647
1.98855
2.03224
2.17663
1.82285
1.19304
2.35612
1.10302
1.95085
1.33388
0.740139
1.84227
1.1899
1.97652
0.826588
1.27302
1.15532
1.65574
1.74929
1.69964
1.40967
2.3535
2.03219
1.6349
1.14053
1.03715
2.29978
1.04314
1.7523
1.83935
0.676901
1.42573
1.51492
1.5192
2.2836
1.64392
1.52024
1.47347
1.89447
2.14278
1.36107
1.91878
2.01035
1.53215
1.68039
1.41588
0.937514
1.65167
1.86494
0.65026
2.00442
1.66818
1.45168
1.78146
1.27481
2.18779
1.85065
1.22748
2.36049
2.40922
2.08476
2.20181
1.83883
2.35749
1.38752
1.46481
1.4439
1.37148
2.45688
2.01866
2.06318
0.993769
1.27698
1.93545
1.77724
1.68795
1.51052
1.71528
2.11337
0.868545
1.90292
1.24609
1.77475
1.14543
1.82959
1.69866
0.583481
2.06948
1.28532
1.76376
2.1552
2.15883
1.68346
1.00445
2.19164
1.25037
1.18921
1.98707
1.50887
1.93728
2.58713
0.656705
0.873266
1.27107
0.820293
0.862773
1.10183
1.69805
1.05002
1.75046
2.24906
1.53371
1.37504
1.42011
2.06997
1.24803
1.79671
0.639336
0.851451
1.72689
1.05113
2.00066
1.37739
1.18742
1.84072
2.19622
1.49244
1.85883
0.970089
1.76065
0.765682
0.930515
1.39559
2.04263
1.32951
0.665909
1.86098
1.75424
1.70514
0.770193
1.33416
2.74398
1.48016
1.3564
0.968013
0.928086
1.44544
1.929
1.27621
2.15776
1.27525
1.16371
1.03387
1.23014
1.30365
1.56581
0.930209
1.08099
1.42687
1.45054
2.17504
1.15098
0.93304
0.711216
1.34588
2.23196
1.61867
1.76862
1.67137
0.959951
2.25355
2.20765
1.99919
1.94547
0.892327
1.07585
1.66723
1.42193
1.43168
1.40837
2.09836
1.48451
1.89635
0.904175
1.47372
1.52891
1.60016
1.485
1.34745
0.789361
1.84814
1.38621
1.29529
1.55236
2.36427
1.24403
1.4475
1.72065
1.71072
2.15267
1.05995
1.51027
1.83248
1.39311
1.00756
1.01712
1.20378
1.68349
1.80128
1.01079
1.39267
1.78936
1.40141
1.69978
1.53801
1.02952
1.46169
1.77061
1.20035
1.46513
2.16275
0.967319
0.700121
1.38529
1.72957
1.32397
1.25407
1.20503
1.66269
0.995173
1.18547
1.60407
0.958328
2.06047
1.08169
1.82688
1.53325
1.37154
1.11863
1.19849
1.2937
1.66079
1.58071
1.27379
0.895829
2.17062
1.8104
1.9593
1.07301
1.84636
1.54136
1.01346
1.12725
1.9679
1.00622
0.761451
1.45764
1.53914
2.13564
1.08706
2.03771
2.51333
1.31875
1.23557
1.6345
2.18081
2.13619
0.945349
1.88274
1.69495
2.08539
1.61115
1.33544
1.15245
1.46447
2.1934
1.45248
1.11489
1.61964
1.61818
0.716809
1.98675
1.87544
0.974309
2.30461
1.44205
1.55666
1.88312
1.43095
1.97431
2.12096
1.6416
2.29648
1.30372
2.23231
2.08191
2.11895
1.88651
2.09552
2.32997
2.37294
1.77316
1.64524
1.06078
1.40181
1.9397
1.84452
1.58446
1.25522
1.49299
1.76879
1.87247
2.04669
1.10882
1.469
2.19192
1.4566
1.69563
1.58187
2.16495
1.56388
1.24866
2.92434
1.17616
1.69397
1.81623
2.27818
1.80185
1.04105
2.38939
1.08472
1.55627
1.44986
1.04373
1.91841
0.875372
1.51656
1.38808
1.74223
1.22047
1.22183
1.76431
1.52775
1.67527
2.25819
1.21695
1.73281
1.87093
1.85006
1.75767
0.694887
2.16455
1.10019
1.52678
1.38951
1.34654
1.51101
1.42816
1.99714
1.71674
1.85274
2.29007
1.98988
1.12855
1.63052
1.865
1.06453
2.36711
1.19869
0.981943
1.57393
1.34068
0.90962
1.09484
2.09566
1.60669
1.54467
1.89354
1.29934
0.660907
1.08066
1.88083
1.41134
1.41644
1.73567
1.2794
0.641415
1.03078
1.93462
2.2133
1.81938
1.71582
1.25875
1.7225
1.1396
2.402
1.71941
1.21997
1.96905
1.98135
1.28334
1.2169
1.95182
0.713131
1.52057
1.14268
1.51807
1.28983
1.84781
2.26484
2.48851
2.21754
1.92193
1.48049
1.8178
1.15594
1.2958
1.86587
1.15374
1.48781
0.969779
1.61445
2.01645
1.19632
0.781151
1.54491
1.63823
1.16545
0.539165
1.90247
0.759493
1.58374
1.63335
2.79582
1.22713
1.69858
1.66064
1.19166
1.67898
2.42253
0.554115
0.699972
2.08718
1.88105
0.561819
1.64288
2.12392
1.922
2.11624
2.1538
2.10415
1.60254
2.04848
1.63756
2.07998
1.59631
0.861237
2.10969
2.48556
1.5385
1.20038
0.855736
1.52665
1.69145
1.37372
2.47232
0.792521
1.26008
2.08715
1.61115
2.19848
2.62284
1.46979
1.21352
1.1535
1.15759
1.55164
1.34602
0.751765
1.21638
1.34037
2.22138
1.5487
1.28335
2.4659
2.357
1.46809
1.3166
2.17831
1.28837
1.58508
1.56524
1.41307
2.32225
1.40982
1.84215
1.27812
0.818866
1.97935
1.63248
1.51559
2.38909
1.52726
1.51718
0.746193
1.76177
1.52083
1.95694
0.930605
1.29472
1.47035
1.25888
1.2218
0.467793
1.9873
1.60193
0.538695
2.28783
1.00403
1.17171
1.93667
1.13427
1.01326
1.24947
1.02664
1.54848
2.49734
1.49942
0.95324
1.8822
1.51584
1.65237
1.90479
1.23421
1.27187
1.04431
1.56445
0.868663
1.27602
1.79853
0.438105
0.940425
1.25953
1.52867
1.41403
1.20888
2.13959
1.51202
1.34291
1.46522
2.04345
0.952729
2.2129
1.58136
1.71277
1.92969
1.03813
2.1567
0.889038
1.44444
2.11388
1.47231
1.61152
1.28647
1.41143
1.9774
0.769613
1.62245
1.58204
1.49429
1.63523
0.811442
1.00726
1.30309
1.02081
1.3445
1.67672
1.92136
1.62955
1.76507
1.73684
2.0358
1.78801
1.85494
0.648773
2.1246
1.63572
1.99334
1.52203
1.62348
2.03676
1.53875
0.777956
1.24467
1.51465
1.3003
2.09753
1.87673
1.5773
2.38096
1.24125
1.61275
1.40334
1.25747
1.36606
1.28366
1.11761
1.28335
1.48341
1.59857
1.47777
2.11268
1.93977
1.53777
1.74849
1.85583
0.747927
0.763099
1.56591
1.72749
1.39484
1.10702
1.15165
1.44713
1.85831
1.40306
1.50153
1.54203
0.968977
1.54636
1.89286
2.17559
1.33905
1.38274
1.53912
1.37914
1.47308
2.4534
1.7314
1.32693
2.11195
0.864478
1.29253
1.43838
1.2631
2.27917
0.945098
1.02329
0.769045
1.61173
1.98654
1.45915
2.07343
1.96766
1.27716
1.47102
1.0756
1.00097
2.3108
0.600219
0.833331
1.77372
1.98669
1.54095
2.04236
1.85672
2.00937
1.21019
1.31238
1.88519
1.85475
1.69372
1.54922
1.5755
2.05653
1.88311
1.51584
1.28551
2.31034
1.59253
0.829297
2.04115
2.30309
1.22794
2.0396
0.778915
1.84003
1.59607
1.86826
1.09621
1.98388
1.43453
1.05374
1.13479
1.57208
1.474
2.55735
1.79577
2.12426
1.21292
1.75301
1.33673
2.32802
1.64983
1.70905
1.7251
2.35245
1.88903
1.43685
1.49828
1.90442
1.58203
1.2486
1.94331
1.27337
1.74935
1.67665
1.29116
2.66261
1.63395
0.551334
0.99538
1.01856
0.661706
1.53059
0.98851
1.5415
2.60884
0.777454
1.35239
1.4951
1.43636
2.28003
1.6128
1.7547
0.759598
1.65788
1.42378
2.31638
1.05837
1.70665
1.50312
2.0127
1.37494
0.8918
2.22869
1.64325
2.41208
1.72797
2.04189
1.17471
0.970653
1.87057
2.14312
1.56857
0.987276
1.21468
2.20487
2.03238
1.71031
1.666
2.0328
2.00929
1.47783
1.29145
1.04624
2.01252
2.12712
2.23326
1.25426
1.95912
1.55261
1.31849
1.52482
1.57669
2.38937
1.38808
2.07292
1.64251
1.53936
2.0757
1.94416
1.32637
1.34388
1.95823
0.999486
1.31793
1.6926
1.69001
1.57406
1.00364
0.986363
1.5664
1.27634
1.80599
1.6012
1.49712
1.3744
1.76812
1.0997
2.26559
1.85884
1.7897
1.2152
1.53062
2.0566
1.53179
2.13285
1.76551
1.32636
1.83579
1.91907
0.845339
1.4842
1.28042
2.12751
0.978966
2.49722
1.52906
1.0488
2.45344
1.51926
1.65251
1.74006
0.93676
1.27251
1.64723
1.45432
1.62961
1.47225
2.30701
1.69145
2.09972
1.18567
1.79141
0.983336
1.25053
1.71454
2.14306
2.04366
1.03571
0.908552
0.629592
1.26367
1.18197
1.09951
1.76457
1.20844
1.65206
2.56454
0.86217
1.54778
1.67069
1.43439
1.61512
1.24694
2.35391
2.07081
0.886483
1.96093
0.915553
2.25915
1.91357
1.92539
0.528345
2.08627
1.8563
1.77102
1.47182
0.997956
1.1763
1.70371
2.1848
1.67296
1.33629
1.53875
1.00835
1.451
2.11848
1.51544
2.11225
1.416
0.756695
1.99657
1.96495
0.884233
1.47026
0.951536
1.52329
2.25652
2.3236
1.47501
1.87154
1.76457
1.55206
1.85115
1.79202
1.86768
0.708301
1.04126
1.43559
0.881529
1.43838
1.43345
1.79759
1.61225
2.41558
1.60431
0.967347
1.44863
1.22936
1.47231
1.09792
1.13862
2.00756
1.76594
1.17961
1.22958
1.99155
1.63545
1.19633
1.69628
1.18499
0.920265
1.70887
1.81703
1.91462
1.18053
2.22054
1.4947
1.90111
2.20208
1.01615
1.67278
1.78676
1.33388
1.3952
2.2314
1.35058
1.54134
1.97103
1.95433
1.76283
1.46427
1.53133
1.95092
1.47611
1.11557
2.07366
1.30245
1.94449
1.00154
1.09921
1.45091
1.4088
2.62836
1.23909
1.55609
1.12246
1.88233
1.66235
1.78815
1.49076
2.57134
1.37451
1.26346
2.23707
2.58295
1.6605
1.48641
1.49072
2.31127
1.92404
1.35526
1.49926
1.66058
0.960745
1.26757
2.28514
1.94255
1.47697
0.829848
1.26087
1.39162
0.993913
1.37775
0.967172
1.52484
1.50624
1.22548
1.53972
1.67609
1.52922
0.890142
1.34645
1.70647
1.68056
1.60834
1.81769
1.22028
1.09737
1.13209
1.49192
1.45578
1.61001
1.5592
1.29069
2.48392
1.34766
1.20718
1.5356
2.20768
1.64912
1.80493
1.35982
1.5487
1.53801
1.65817
1.77716
1.93231
0.53321
1.56854
1.77501
1.5747
1.87842
1.21285
1.13912
1.19753
0.667352
1.00016
1.83946
1.66726
1.10709
1.57745
1.55587
1.45555
1.6569
1.56057
1.01496
1.48412
0.599383
1.68318
1.86309
1.91113
1.34682
1.11506
1.83623
1.65428
1.46728
1.60263
1.86171
1.56069
1.02972
2.05588
1.81556
1.41069
1.75971
2.2383
1.22035
2.16487
1.13168
1.70684
1.60535
1.99361
1.52641
1.7213
1.03376
0.915593
1.64413
0.775041
1.67824
2.70228
1.67324
1.66524
1.24242
0.843768
1.69766
1.34526
1.42304
1.06778
1.71121
1.06606
1.93377
1.4265
0.846969
1.92244
0.708584
2.2531
1.88818
0.914294
1.70246
1.53786
1.65171
1.68439
1.08092
1.94382
1.80693
2.31693
1.96254
2.20233
1.59399
1.66163
1.68011
1.48304
0.940904
1.0581
1.36574
1.11764
1.46568
1.57348
2.33389
2.329
1.69348
2.26119
1.75494
1.86922
1.91782
1.34193
0.995979
1.6462
1.82303
1.13656
1.44052
1.58941
1.97735
2.03825
1.02991
1.82158
1.31303
1.61338
1.76377
1.41851
0.999005
2.02031
1.39806
1.16198
1.29767
1.81183
1.50936
1.45617
1.31509
1.8702
2.35979
1.74949
1.52403
1.43294
1.38709
0.970862
1.60808
2.38561
2.22012
1.53672
1.67118
2.56546
1.45856
1.41868
2.59196
0.744605
1.91988
1.72775
1.32377
1.71713
1.37658
1.42557
1.48978
1.32856
1.6944
0.930677
1.32643
0.936831
1.33428
2.27363
1.91248
0.976053
1.63641
1.32196
1.60791
1.4467
2.05895
2.25266
2.15417
1.7008
1.60827
2.44201
1.42656
1.63786
1.6012
1.00784
0.7123
1.25053
1.61463
1.23098
1.31591
2.09425
1.62071
1.81924
2.05059
1.05585
2.33503
1.69553
2.49675
1.92925
1.00703
1.59091
1.23486
2.10308
1.84158
1.982
1.58306
1.63933
1.30729
1.18834
1.07506
2.02585
1.13507
1.2531
2.1911
1.66677
1.72658
2.0435
1.41742
1.51443
1.29852
1.7842
0.44498
1.3241
2.2177
0.778905
1.34881
1.93082
2.19584
2.45619
1.24719
1.23893
1.8636
2.20021
1.80467
2.17355
1.84631
1.07476
1.36101
0.79845
1.6571
1.95874
1.91213
0.525306
1.44162
1.75494
1.46044
1.2123
1.10217
0.943472
1.64059
1.25034
1.84763
1.78314
1.56457
1.09962
1.05648
1.75734
2.12594
2.11069
0.796363
1.51602
1.93265
1.53783
1.70382
0.746861
2.40916
1.33059
0.9241
1.64814
1.33773
1.38311
1.76359
1.09663
0.795012
1.89617
1.23683
1.11251
1.87311
1.63765
1.553
1.16577
1.24012
1.18363
1.03375
1.26147
1.2182
1.28417
1.34031
1.28131
1.52971
2.3942
1.84694
1.53435
2.18794
2.12218
1.53527
1.50339
1.21296
1.45721
2.21226
1.34569
1.37114
2.04898
1.92684
2.26825
1.58105
2.23131
1.83262
1.49792
1.75532
0.894219
1.26599
1.52629
2.06517
0.960947
2.54184
2.21102
1.69485
1.01933
2.0942
1.10893
0.664165
1.56085
1.9077
0.927164
1.42239
1.40256
2.13019
1.10544
1.19088
2.17174
1.24751
2.11725
0.586686
1.78083
1.68808
1.98001
2.09875
1.24483
1.57605
1.5747
2.10862
2.14904
1.24873
1.90053
1.20379
2.36524
1.46663
1.47047
1.94763
1.46627
1.03748
1.5538
1.41576
2.01324
0.81863
0.965804
1.21784
1.42681
2.55955
2.03485
1.73226
2.0997
1.19313
2.04549
0.66895
1.16776
1.79885
1.92584
1.74461
1.07761
1.5342
1.46636
1.86828
1.0272
1.59167
1.57312
1.71861
2.25452
1.81309
2.31846
1.00329
0.962803
1.58879
2.24651
1.46812
1.96396
1.25888
1.83225
1.50758
1.45968
2.50158
1.78551
0.754034
1.45442
2.14814
0.630685
1.66977
0.682364
2.01527
1.90619
2.19105
1.38336
1.84598
1.40104
1.79258
1.40834
1.18264
0.968083
1.28048
1.82126
1.07565
1.4557
1.57081
1.73313
1.69951
2.86355
1.37839
1.42261
1.71942
1.22258
1.38038
1.13873
1.67932
1.47905
1.32265
1.25059
1.46043
1.27225
2.58081
1.93209
2.17797
1.77566
0.969619
1.95618
1.65359
1.81026
1.54156
1.51168
2.02784
1.35693
1.39961
1.85297
2.52175
1.38454
2.27921
2.39641
0.734836
1.37786
1.13478
0.981891
2.47376
1.74303
1.87175
0.835197
1.27647
0.783063
1.16159
1.65403
1.68819
2.07563
2.76045
2.22307
0.948184
1.96602
1.24538
1.29968
1.37154
2.42531
1.92489
2.10557
2.16858
1.9519
2.46652
1.77778
2.36752
1.32271
1.14583
2.1326
1.63062
1.04521
1.687
1.36656
1.37378
1.3927
0.962883
0.983688
2.71003
2.08404
2.3496
1.66413
0.90462
1.94822
1.34889
1.72419
2.04222
1.64772
2.18978
1.01731
1.72559
1.95519
0.902512
1.36145
1.40456
1.80071
1.60078
1.27678
2.11883
0.967757
1.49234
1.96965
2.07134
1.62435
1.38665
1.33108
1.22348
0.874656
1.78215
1.64691
1.53117
1.98414
1.23667
0.541737
0.848866
1.5396
1.77838
1.66129
1.42508
1.81957
1.13118
0.91277
1.96812
2.00541
1.3156
1.81198
2.16038
1.24785
1.06411
1.12753
1.28023
0.864177
1.41433
1.96107
1.94547
1.65718
1.73359
1.81494
1.54907
1.73165
1.72701
1.54604
1.99312
1.58746
0.700183
1.17429
1.57228
2.35316
1.52403
2.17072
1.50471
0.936622
1.21319
1.95269
1.8035
2.27003
1.25583
1.65537
1.54284
1.43118
1.87576
1.54723
0.912328
1.74638
1.76174
1.07821
1.89235
1.99811
1.99254
1.2049
0.784872
1.36226
1.43987
0.930318
2.43723
1.46559
1.03837
1.17292
2.52795
1.39326
1.73289
1.5228
1.83826
1.4593
1.21439
1.18175
1.47967
1.8725
2.50868
2.40307
2.20037
1.22774
0.865744
2.156
1.03479
2.1357
1.4389
2.60217
1.39806
0.747958
0.81399
2.48405
1.99617
1.70653
1.48527
1.49014
1.92828
1.35476
1.53728
1.8532
1.75321
1.51929
0.81012
2.13085
1.85526
1.32037
0.99899
1.56785
2.55636
1.5269
1.83845
2.02607
1.57562
1.48072
1.66222
2.41843
1.0863
1.42976
1.77506
1.37133
1.46102
2.22115
2.06275
2.28156
2.03772
0.996388
1.9473
1.2927
1.2419
1.13145
1.57031
1.19055
1.97801
1.34691
1.84535
2.26647
1.07876
1.12922
1.27726
1.34801
1.49123
1.86497
1.37764
1.29751
2.70959
1.73706
1.19859
1.16336
1.37646
2.12385
1.03203
1.21468
1.89847
1.54556
1.08008
2.06393
1.10442
1.48672
1.88953
1.75693
1.14153
1.90223
0.851915
2.03185
1.48016
1.54259
1.94104
1.42348
1.94436
1.80403
1.13616
0.803597
1.14117
1.46937
1.49218
0.87878
2.02789
1.47163
1.26394
2.04353
2.28203
1.83042
2.56791
1.21285
1.55432
1.42787
2.79771
1.63964
1.49216
1.72335
1.29306
1.72933
2.22493
1.49691
1.43405
0.886208
1.23528
1.39608
2.43599
1.70487
1.28553
1.08437
1.83965
1.41638
1.49027
1.37323
1.43697
1.49917
1.8679
0.828398
1.66775
1.09972
1.79715
0.878683
1.72457
1.8781
1.33001
1.1563
1.09487
2.29481
1.26202
1.57159
1.57269
1.15672
1.30012
0.881165
1.09009
1.82032
1.52134
1.71204
0.631912
2.3178
1.42872
1.36617
1.2935
0.532435
1.78889
1.79705
1.82694
1.89727
1.97252
1.65739
0.426112
1.41371
1.9956
2.12209
0.983507
0.740119
0.853216
0.85933
0.952381
1.85792
1.0901
1.92698
1.19809
1.67898
2.13586
1.04733
1.23182
2.15528
2.05136
1.43118
0.766676
1.71798
1.15921
1.80544
1.37394
1.48898
1.75701
0.89741
1.22606
1.21872
2.3407
1.66628
0.964169
1.01658
2.05952
1.80894
1.50306
1.36846
1.19396
1.45441
1.04078
1.50422
1.22625
1.03444
2.26884
1.80784
1.89216
1.61879
0.898523
1.27755
1.48788
1.58129
1.36918
2.61121
1.72568
2.22015
1.90273
1.72627
1.02096
0.96087
0.992353
1.48039
1.3904
2.39493
1.74681
1.3592
1.24093
0.693046
1.77478
0.970585
2.19619
1.56639
0.928098
2.37594
1.35569
1.96919
1.52262
0.938118
1.51169
2.34395
1.82572
1.51278
2.0484
1.23641
1.73728
2.14684
2.09143
1.13898
1.65592
1.20032
1.25872
1.40856
1.66453
2.25298
1.45586
0.835155
1.31244
1.74319
1.18568
1.64282
1.76837
0.777371
1.73678
0.971163
2.31577
1.11418
0.955338
1.81233
1.4387
1.43237
1.2749
1.60309
1.56042
1.2558
1.15081
1.66536
2.25181
1.29471
1.53731
1.30561
1.59176
1.52989
1.64845
2.56065
2.22507
1.65317
1.62424
1.61256
2.27958
1.51376
1.18975
1.47041
1.63138
2.14657
1.29494
1.72491
1.52339
1.88971
1.54137
1.38019
2.01148
1.00315
1.58642
1.66548
1.86829
1.32234
1.26782
1.71183
1.52195
1.2013
1.10806
1.67304
1.00715
0.719373
2.2082
1.29451
1.19571
1.94385
1.73455
2.0537
1.91279
1.72462
1.4154
1.79097
1.47427
1.76159
1.30441
1.30751
1.85297
1.69723
0.784805
2.17153
1.30482
1.02156
1.65613
2.21724
1.5239
1.52904
1.53905
2.37076
1.53435
1.39087
1.96011
1.2195
2.09807
2.29534
1.85676
2.63494
0.542311
1.13394
1.85379
1.48769
1.42832
1.59051
1.47685
1.29172
1.24441
1.87874
2.29123
1.12435
1.53673
1.80298
2.28611
1.72831
1.74452
1.17756
1.40519
1.37422
1.30188
2.32293
1.68632
1.69619
0.614474
1.57
1.47967
1.34926
0.858618
1.05978
1.55798
0.420759
1.88591
2.18431
1.71109
1.51712
1.76145
1.74139
1.79869
1.02706
1.08872
2.18259
1.68724
2.10448
2.24473
1.77647
1.65819
1.30238
1.26138
1.40927
1.12631
1.44158
1.52894
1.88717
0.725843
2.109
1.98601
0.814201
1.51761
1.63939
1.65706
1.40995
1.24918
1.49323
1.09245
1.66063
1.44648
1.6562
1.2649
1.5545
1.52442
1.42829
1.46438
2.16789
1.64349
1.87323
1.5408
1.61366
1.82745
0.834726
2.12177
0.512377
2.22474
2.1364
0.917864
1.10641
0.629213
1.94987
1.69517
1.40784
1.85201
1.65794
0.663783
0.687368
1.38283
1.33107
0.868569
0.652723
1.7246
0.75179
1.03812
1.88361
1.57611
1.04318
1.49626
1.19809
1.34156
2.45357
1.06939
0.992243
1.92807
2.58697
2.16024
1.81061
1.32526
1.66162
1.54192
1.45961
1.64129
1.41871
1.70068
1.61769
1.65419
0.871
1.2673
2.00107
1.14217
1.40704
1.06891
1.51333
1.06333
1.59662
1.63106
1.53988
1.54162
1.46452
1.01966
1.84824
0.901737
1.2441
1.18797
1.44944
1.62866
2.30603
2.10186
0.814804
2.1703
1.37161
1.52513
1.55621
1.59643
1.25464
1.23247
1.9743
1.94924
1.92507
1.56245
1.33522
1.79806
2.63148
1.63805
1.92808
1.90053
1.22642
2.183
2.01029
1.71775
0.995008
1.51711
1.47237
1.5444
2.02069
1.75764
0.999937
1.80016
1.58377
0.65451
1.04226
2.02854
1.8593
1.65194
0.516028
1.36718
1.58258
1.24897
2.09378
2.17919
1.48815
1.90085
1.45272
1.11846
1.63829
1.99732
1.16412
1.35576
1.1939
1.17796
2.03044
1.54546
1.3683
1.94895
1.29516
1.59289
0.553471
2.26
0.790856
1.10346
1.91748
1.5462
1.83667
1.7103
1.79536
1.68942
1.73516
2.24598
1.01746
2.41813
1.1804
1.04848
1.65785
1.75754
2.12685
1.81391
1.20712
1.29536
1.48803
2.48781
1.91879
1.79088
1.64937
1.11992
2.05287
2.14737
0.973256
2.22223
2.41288
0.668294
1.80869
0.950542
0.471942
0.64651
1.66134
1.54096
0.586636
1.33946
1.99062
2.28123
1.94242
1.21353
1.71553
2.01913
2.13259
0.710089
1.12857
1.89718
1.41374
2.45572
2.127
2.62671
1.29466
1.08437
2.14978
0.844746
1.89383
1.26476
0.865997
0.438333
1.36617
1.36525
1.47691
2.13428
0.917217
1.57556
1.3688
2.26301
1.33183
1.74393
1.15599
1.37991
2.35848
1.67861
1.92573
1.62166
1.59967
1.70176
1.15158
2.17531
0.77876
0.957648
1.67984
1.81485
1.61195
2.25827
1.79508
1.86468
2.02402
1.47415
0.927563
0.934059
1.91593
1.15071
1.87772
1.62698
1.10451
2.74749
0.868072
2.10692
2.19818
1.86276
2.44544
1.36932
1.38193
1.84938
1.15872
1.38317
1.98541
1.54772
1.82245
1.36703
2.36606
1.08223
1.23215
2.0075
2.36228
1.47971
0.907696
1.28964
1.18693
1.2539
1.63028
0.964987
1.8694
1.74384
1.61893
1.02406
2.40091
1.42327
2.04427
0.961275
1.7251
1.94095
1.90899
1.80963
1.2102
0.916299
2.05713
1.40695
1.61983
1.8011
0.911231
1.56567
1.55973
1.55279
1.85714
0.988747
1.80975
2.21319
1.21226
1.08868
1.99078
1.39222
1.72486
1.72195
2.33441
1.92764
1.54375
1.51082
1.84237
1.72798
2.46971
1.72744
2.33697
1.67548
1.96751
1.36996
1.44284
1.36456
0.730885
1.50587
0.714235
2.29709
1.56371
1.52229
1.60376
1.6404
1.20474
2.28718
1.13586
1.35601
2.50896
2.2343
1.201
1.80348
1.69603
1.64934
1.47305
2.16184
1.5979
2.08218
1.93395
1.14013
0.997586
1.73103
1.38193
0.896791
2.14767
1.19119
1.96427
1.50373
1.73848
2.77161
1.89138
1.37176
1.34696
1.96112
1.95072
1.84221
1.86417
0.523714
0.962327
1.56402
1.63945
2.03212
1.95151
1.27603
1.34394
1.87183
0.618054
1.68997
1.02643
1.39344
1.24416
1.52201
0.93057
1.97691
2.14037
1.34144
2.11545
1.80262
1.38566
1.8167
0.764898
0.822044
1.59918
1.45575
0.630725
1.29275
1.84783
1.4451
2.01738
0.718316
1.81689
2.0517
1.33028
1.0821
2.17262
0.94837
1.1726
2.44242
1.48978
1.69643
1.46489
1.30909
1.48429
1.36207
1.76022
1.06131
1.5096
2.13123
1.68139
2.36383
1.33541
1.33603
0.927357
1.57605
1.10402
2.24662
1.94106
1.54229
1.75419
1.52283
0.859757
1.0481
2.21383
1.72009
1.72162
2.06454
2.13437
0.633889
2.39124
1.13635
1.09244
1.40531
1.88044
1.87202
1.32941
1.54589
1.56747
1.11994
1.83886
1.32415
1.50899
1.54143
1.46507
1.35383
0.637431
1.24976
1.70252
1.43888
2.03983
1.77201
2.4415
1.74954
1.53107
1.79828
1.29421
2.22507
2.26689
0.819553
1.61042
1.74285
1.08155
2.10504
1.50887
1.57006
1.3882
1.36669
1.28983
1.38423
1.75935
1.18907
2.23994
1.73186
1.92392
1.82285
2.26058
1.44461
1.39639
1.87551
0.881034
1.00566
2.10721
1.55505
2.08187
1.3592
2.3665
1.33592
1.80851
1.97034
1.55062
1.11995
1.73863
1.1908
2.28585
0.987504
1.87164
1.64923
1.79581
2.0141
0.761681
1.41798
1.97571
1.55799
1.76472
1.93768
2.06246
1.60782
1.86449
1.20281
0.858409
2.00277
1.56327
1.19304
0.758411
1.94243
1.44424
1.55194
1.79646
2.20225
0.910216
1.35957
0.782786
2.18969
1.00411
0.989764
1.53119
1.84589
1.48056
1.5835
2.25964
1.5993
1.19638
2.43322
0.971174
0.98739
1.59979
1.83294
1.02784
1.2419
2.27059
1.34717
1.28748
0.935793
1.61683
0.818077
1.42696
1.35823
0.750806
1.36899
1.57128
2.05295
1.95377
1.61659
1.99228
1.90128
2.38469
1.26356
1.62724
1.10624
1.9132
1.46308
0.64385
1.46584
1.23506
1.87013
0.972325
1.56805
1.34851
2.02817
1.74799
1.37882
1.23796
1.63404
1.38162
0.673539
1.89628
1.8544
2.34363
1.78058
1.81249
1.21005
1.43346
1.93356
2.3754
1.7774
1.09429
1.35514
1.98462
1.39825
1.34112
1.75674
1.55676
1.30093
1.57238
0.923713
1.02829
1.32331
1.22198
1.25631
1.69821
1.0503
1.63352
2.23484
0.868867
2.34821
2.19999
1.31039
2.32909
1.65473
2.3986
1.42432
2.08997
1.40726
2.03662
1.70659
2.0246
1.90309
1.95974
2.06152
1.55435
1.62589
1.78264
1.05369
1.81699
0.789659
0.953328
1.37422
1.08389
0.989316
1.95296
1.06312
1.74529
2.10367
1.29589
0.776294
2.12451
1.43897
1.59002
1.65659
1.24632
1.30868
2.11997
1.28462
0.791445
0.881743
1.95197
1.29234
2.28055
1.78647
1.65823
0.877312
1.48475
1.53096
1.31844
1.03914
1.00169
2.22337
1.54876
1.12744
1.83411
1.97766
2.09951
1.22761
1.76159
1.18066
1.4178
2.06223
1.21356
1.60654
0.661682
1.14105
2.18251
1.67529
1.66965
1.67879
0.972538
0.662631
1.89277
2.13113
2.11097
1.35489
1.58174
1.95349
1.7205
1.43439
2.48646
2.08882
1.60477
1.05423
0.974131
2.47437
1.68858
2.23185
0.73647
2.26769
1.36394
1.67661
1.14626
2.03446
1.44461
1.09707
1.94744
2.13553
1.08299
1.68543
1.94974
1.12876
1.37341
1.83551
1.30342
1.70967
0.958454
1.56054
1.86512
2.35006
2.1778
0.994214
0.598687
1.50147
1.923
1.34259
2.06531
2.40674
0.901883
1.80279
1.66407
1.60791
2.11652
2.17503
2.27652
1.35258
1.79756
1.34817
2.40578
1.80107
1.22343
2.67967
1.03104
2.27741
1.43553
1.96992
1.15385
1.66447
1.96429
1.50342
1.27146
1.88268
1.51807
0.884254
1.22177
2.39293
1.97169
1.90828
1.34826
1.2787
2.52028
2.111
1.76029
1.54614
1.71781
1.64753
1.8901
1.70055
1.30004
1.19976
1.65102
1.99342
1.04431
2.17512
0.910811
1.34545
1.65653
1.22168
2.01996
2.36587
1.58955
2.63864
1.48244
1.51223
1.82699
1.74613
1.63297
1.65125
1.36718
1.61665
2.35598
1.97668
0.781788
2.20946
1.27053
1.15234
1.25875
1.83644
1.08644
1.15801
1.433
2.28293
2.05705
1.23746
1.43953
2.18902
1.35782
1.15229
1.72704
1.45451
1.38467
2.12778
1.73165
1.25439
1.38485
1.44045
1.6783
1.13303
1.72633
1.87735
1.41168
1.75125
1.65268
1.15439
1.05108
1.859
1.22771
2.26923
2.2393
2.23391
1.2293
0.980166
1.27123
1.02378
2.15164
0.810519
1.15241
1.1212
1.64548
1.46605
1.67023
1.22762
2.37967
1.83646
1.01413
1.55143
1.74404
2.69459
1.84166
1.13286
0.893793
1.32904
1.50978
1.59741
1.32894
1.06584
1.62598
1.46439
1.5094
1.43172
1.1933
1.5045
1.80401
1.93239
1.60236
1.58245
1.91432
2.10652
0.792227
1.49287
1.30874
0.848131
1.62468
1.90163
1.92854
1.66616
1.37425
2.04619
1.3356
1.58032
1.60932
1.0557
1.55839
1.20151
1.10883
1.53875
1.24125
1.22645
1.86741
1.58136
1.37895
1.82029
1.71106
1.80147
0.855114
1.64802
0.622797
2.18603
1.16524
1.40141
2.14517
2.26864
1.74455
2.16033
1.26669
1.36995
1.81141
1.71016
0.964007
2.25439
1.58807
1.47456
1.37634
1.65142
1.69274
1.39621
1.10473
1.16253
0.964692
2.29956
1.49441
0.913478
1.44445
1.82455
1.86423
1.60758
2.27543
1.14664
0.855519
1.69342
1.35495
2.03157
1.25827
1.51895
2.30039
1.07524
1.75978
0.820942
2.20532
1.75805
1.6815
2.19047
2.15002
1.38021
1.61205
1.71985
1.9777
1.61955
2.05036
0.924308
1.5592
2.06096
1.84478
0.768229
1.15225
1.63737
1.12712
1.86583
0.894346
1.2457
1.45858
2.48056
1.53472
2.31539
1.68388
2.28014
1.55712
2.07575
1.56686
2.22499
2.4378
1.05293
1.3316
1.40128
1.27155
2.06613
1.88779
2.13991
0.888997
0.961751
1.44411
1.05402
2.39071
1.17091
1.69817
1.18353
1.50725
1.71253
2.14465
0.927954
1.63713
1.07692
1.50708
1.76291
1.83835
1.93036
1.57482
1.33996
1.38373
1.27911
1.346
0.977634
1.36354
1.74712
2.22551
2.03869
2.36093
0.926986
1.94737
1.63554
1.65555
1.343
1.25618
1.53545
2.4747
0.758966
1.21885
1.22667
1.98454
1.93059
1.44793
1.25811
2.53119
1.36762
1.54406
1.42946
1.73728
1.82587
1.82594
1.83165
1.51107
1.416
1.92436
1.93042
1.58819
1.77491
1.09308
1.08885
1.31159
1.05268
2.17501
1.06075
1.25026
1.06483
1.97451
2.39359
1.32316
1.05924
1.4864
1.59021
1.09799
2.30398
1.70844
1.61659
2.01054
2.06389
1.07177
0.989618
1.88483
1.05247
1.17862
2.41897
1.26011
2.16264
1.72901
1.60426
1.07613
1.559
1.45586
0.803303
1.47139
2.31912
1.55383
1.50462
1.22528
1.62554
0.426649
1.67846
0.675329
1.90421
1.91138
2.13248
2.35342
2.27539
1.24487
2.15681
1.37615
1.73251
1.5414
1.41421
1.54339
1.31212
1.46231
2.29149
1.30226
1.8124
0.947049
2.81715
1.769
2.37236
0.879614
2.07817
1.25772
2.12638
1.86704
1.15943
1.44085
1.55328
1.00299
0.857533
2.44447
1.51541
1.68616
1.44575
0.76504
1.25072
1.52219
0.954828
1.58569
1.25648
1.60101
0.620139
1.65298
1.25227
1.88038
1.51174
1.05634
1.39761
1.96033
1.69342
1.98698
1.08492
1.50495
2.01801
2.14204
1.67904
1.8957
1.43309
1.95292
1.36051
1.34068
1.42752
1.83339
2.45088
2.01632
1.94914
1.53579
1.89746
1.44064
1.42607
1.58776
2.02265
2.58075
2.21616
1.62518
1.20891
1.48461
2.22291
1.34463
1.39062
2.06905
1.70345
1.333
1.19689
1.26573
1.69219
2.49152
0.828805
1.50009
0.813117
1.40326
1.10347
1.84852
1.64548
1.28939
2.0297
1.85748
2.15426
1.75977
1.58447
1.6709
1.43208
1.36999
1.48445
0.940237
1.72705
2.09615
0.576331
1.42758
1.65151
1.50361
2.35346
1.15657
2.06365
1.77918
2.31959
1.04423
1.79277
0.618663
1.04702
2.18831
1.93474
1.53282
1.95348
2.36731
1.57623
1.22917
1.54174
1.8669
1.61221
1.79467
1.36603
1.96699
1.81069
1.7476
0.625413
1.34792
1.47418
2.32669
1.39682
1.92145
1.44979
0.947901
1.91113
1.50826
1.6238
0.810576
2.16541
1.67818
1.25333
2.03481
1.20546
1.00104
0.711496
2.22449
1.94049
1.38985
1.63511
0.976838
1.49639
0.677258
1.72605
1.32624
0.761215
1.86735
1.76334
2.1729
1.02051
1.73032
1.40512
1.98722
1.29383
1.48497
1.63817
1.51785
1.5272
1.32265
1.69705
1.74346
1.35439
2.05862
0.859148
1.44999
0.852286
1.50026
1.05072
0.585833
1.47531
1.98012
1.07321
0.593475
1.6756
0.957174
1.91722
1.45868
2.40846
2.15497
1.48273
1.00574
1.29155
1.87637
0.90115
1.14221
1.65615
1.14387
0.885001
1.07843
1.23198
1.37572
1.42409
1.86255
1.81276
1.96059
2.09535
1.19442
0.568021
1.42585
2.36633
1.3093
1.68574
2.1515
0.940922
2.20345
1.48515
1.07385
1.35857
2.5635
1.92242
2.00107
0.533573
0.797178
1.83813
1.17098
2.15351
1.08654
1.9684
2.00291
2.20182
1.73017
1.47715
1.40846
2.01494
1.4509
1.1106
2.22107
2.64669
2.21097
1.14718
2.11112
1.43066
2.1612
1.34604
2.02355
1.67217
0.843526
1.64719
2.31925
0.961164
1.91537
2.12781
2.1128
2.00503
1.28576
2.07577
1.99631
1.0871
1.31885
1.32227
1.0018
1.19614
1.66775
0.854432
2.28678
2.06691
1.46188
1.81091
1.2029
1.7065
1.40537
2.1532
1.86482
1.00839
1.46627
0.890328
1.926
1.10545
1.66286
2.09256
0.979205
2.14329
0.873836
1.69481
1.80772
2.20164
1.42647
1.62472
1.9301
2.0739
1.53966
1.63095
1.20703
2.29538
1.8236
2.17747
0.754289
1.07086
1.94802
1.34881
2.07023
2.25271
1.00188
2.1814
1.97722
1.8892
1.56543
1.79285
1.81265
1.38516
1.6877
0.92028
1.30125
1.72877
1.71794
1.81188
1.5979
2.09454
2.32556
1.64864
2.06077
1.13549
1.61372
1.26298
1.40596
1.36195
0.903076
1.23316
1.79956
1.42387
2.30645
1.20222
1.85094
1.46857
2.19467
2.32981
1.6323
1.54852
1.73035
2.07379
1.30466
1.27979
1.59048
1.45272
1.61506
2.43955
1.09017
1.47734
2.21027
2.362
1.97412
2.05767
1.54678
0.868715
1.15539
2.22576
1.41356
1.5206
1.2513
2.23188
1.34626
0.932084
2.09409
2.21556
1.67299
1.33999
0.898595
0.901811
1.81328
0.953998
1.68113
2.30836
1.44535
1.24938
1.53804
2.04998
1.21508
1.58093
1.2139
1.92939
1.63388
1.3192
1.77478
1.01364
1.099
0.832104
0.866729
1.55255
1.67622
1.81598
1.88791
1.73566
1.8075
2.29097
0.789924
1.67063
1.79784
1.83736
1.5407
2.09915
1.01949
1.64279
1.91763
1.55535
1.33865
1.62599
1.38187
1.35101
2.35164
2.09482
1.51623
2.28921
0.933516
0.653131
2.31402
1.45687
2.08779
1.557
1.4831
1.64478
1.02456
1.40364
0.961665
1.16272
2.00556
1.39527
1.91799
1.44658
1.61903
2.30761
1.42135
2.37968
2.22418
1.38299
1.70308
0.971245
2.14845
1.87752
1.10313
0.824738
1.26975
1.22949
2.35533
1.56203
1.59399
1.4135
1.07523
1.70631
1.07621
2.0292
1.52085
1.52836
1.54479
0.994801
1.66153
1.13717
1.90414
1.72343
1.53463
1.75895
1.1257
1.31212
1.61515
1.28462
1.13515
1.26311
1.88946
1.33271
2.31607
1.13484
2.25857
2.73262
1.59833
2.10192
1.799
1.76962
1.84647
2.37237
0.919613
1.47905
1.77968
1.093
2.0939
1.05747
1.84149
2.00233
2.17499
1.39974
1.39645
2.27424
1.79894
0.781742
1.43791
1.37701
1.09388
1.75808
2.11919
2.38286
1.53569
1.80063
1.77189
1.41128
1.30093
1.64518
2.10711
1.76777
1.14351
1.81177
1.36029
1.44221
