0.00141912
0.000190879
0.0089476
0.000214765
0.000889244
0.000282776
0.00253783
0.000230606
0.00309738
0.0102163
0.00251203
0.00392958
0.000907463
0.000130356
0.000811241
0.00797557
0.000371442
0.000185487
0.000144447
0.000342972
0.000535143
0.000182963
0.0018766
0.00170464
0.00391618
0.000453161
9.30642e-05
0.00174585
0.000349784
0
5.79997e-05
0.000972597
0.00666932
0.00254091
0.00792783
0.00934095
0
0.000986956
0.0229119
0.000499908
0.00417492
0.00195906
0.00173988
0.00161517
0.000650068
0.000672133
0.0270379
0.000133991
0.00189558
0.00133069
0.00179267
0.00357615
0.00275856
0.00159842
0.00103791
0.000270429
0.00113008
0.00102173
0.000506072
0.000379804
0.00054368
0
0.00160528
0.00176987
0.00185539
2.72015e-05
0.00307138
0.0163891
0
0.017677
0.000998415
0.00117256
0.000899347
0.00128295
0.0063738
0.779281
1.01669
1.27723
1.15339
0.833581
1.20241
1.12651
0.331209
0.504949
0.773334
0.642797
0.488572
0.459895
0.943201
0.0255746
0.558346
0.459585
0.822217
1.41269
1.16569
0.629607
0.70838
0.745303
1.23536
0.364855
0.830892
1.85782
0.515248
1.25582
1.38116
1.24557
0.435129
1.20225
0.797109
1.13961
0.654843
0.560437
0.186284
0.828244
0.122484
0.483348
0.149434
0.692131
0.112784
0.571195
0.567175
0.577898
0.756966
0.59901
0.936024
0.853463
1.14831
0.994731
0.854521
0.481185
0.0922152
0.751009
1.35359
0.27128
1.40005
0.188673
0.302869
0.297751
0.650544
0.698897
0.460505
1.00002
0.60522
1.0976
0.608109
0.68656
0.202512
0.312017
0.446002
0.799644
0.603381
0.611027
0.326131
0.416174
0.885763
0.682171
0.309372
0.558223
1.08931
0.195196
0.954888
0.820251
0.167758
0.400755
0.807833
0.91982
0.172665
1.31767
0.3498
1.65858
1.28833
0.833693
1.07811
1.60145
0.2498
0.557292
1.11618
0.885521
1.30198
0.885888
0.413949
0.756556
1.34559
0.690996
0.670285
0.813022
0.470027
1.48513
0.740058
1.79094
0.738302
0.660952
0.740656
1.26029
0.49008
1.16791
0.517522
1.29313
1.00067
1.89432
0.258098
1.9347
1.14188
1.10371
1.40635
0.62728
1.10866
0.757642
1.08381
0.297359
1.28965
0.676389
0.786648
0.311431
0.471085
0.44373
0.0840337
0.524924
0.131939
0.752143
1.68337
0.257769
1.80049
0.560656
0.564616
0.433882
0.940906
2.13414
0.641718
0.285726
0.716249
0.410808
0.755858
0.536617
0.476744
0.441764
0.35524
0.781025
0.25538
0.135782
1.01439
0.407531
0.359201
1.2088
0.676684
0.922467
0.859506
1.08254
0.722347
1.05725
1.03133
0.734575
1.32747
0.568856
0.727014
0.435739
0.521499
0.921582
0.865435
0.530366
0.453837
0.781942
0.778507
1.71298
0.474405
1.136
2.10775
0.226779
1.28988
1.67698
1.1849
0.542127
0.877152
0.361855
0.637308
0.697993
0.66546
0.494154
1.54814
0.190442
0.783535
0.30971
0.978647
1.38419
0.797964
0.315517
1.80951
1.10993
1.27776
1.25343
1.63545
1.84571
0.0953543
0.92151
1.80448
0.839349
0.642082
0.651739
0.239486
0.587466
0.856886
0.454097
0.80673
0.0862486
0.534574
0.296062
0.699418
0.370348
1.04008
1.12451
0.335337
0.158774
1.09548
0.407461
0.260045
0.164094
0.389829
0.320323
0.403849
0.27457
0.224638
0.533067
0.359817
0.974392
0.144411
0.486703
0.27214
1.29508
1.34186
0.0335243
0.222851
0.778777
1.33997
0.529543
0.293708
0.938661
0.756207
0.276513
0.500455
1.58993
0.83514
0.136415
0.28275
1.17896
0.404652
0.0302019
0.380963
0.659875
0.262783
1.00841
1.74989
0.743954
0.239945
1.09018
0.852648
1.00917
0.90793
0.561071
0.406132
0.867345
0.639402
0.391819
0.34353
0.558017
0.268482
0.912487
0.340394
1.03369
0.0805157
0.00744333
0.910446
0.622326
0.469409
0.6432
0.129666
1.1878
1.15242
1.18496
0.132378
1.04837
1.70347
0.64822
0.237921
0.435634
1.02425
0.524699
0.498127
0.0795897
0.78698
0.777703
0.669372
0.143882
0.612579
1.22756
0.574393
0.653524
0.654255
0.694216
0.103798
0.581456
0.573757
0.720832
0.695993
0.956252
0.501347
0.391947
0.614204
0.171531
0.445091
0.485894
0.446236
0.660463
0.346433
0.38322
0.141235
0.812505
0.974193
0.479981
0.812667
0.394134
0.484338
0.525688
0.15641
0.28339
0.481735
0.494435
0.43812
0.836233
0.891833
0.230582
0.447117
0.637609
0.105528
0.821405
0.527327
0.708206
0.588706
0.933088
0.686234
0.444778
0.421634
0.101439
0.569038
0.382695
0.878218
0.477714
0.179873
0.817261
0.714283
0.575648
0.345356
0.149582
0.774937
1.98486
0.367473
0.905976
1.6346
0.787681
1.78164
0.361719
1.21165
1.14987
0.996078
0.878576
0.372204
0.526558
0.712285
0.516865
0.627728
0.770443
0.579725
0.573075
1.2915
1.35705
1.00138
0.478295
0.709976
0.115483
0.272857
0.982577
0.71285
0.412403
0.975594
0.835522
0.402712
0.964322
0.766988
0.622573
0.616503
1.02038
0.385953
1.23807
1.12644
0.447183
0.575575
0.32673
0.80708
1.91477
0.688961
0.517324
0.796368
0.243617
1.50025
0.2479
0.700554
0.600805
0.559639
0.977288
0.49567
0.067376
1.00793
0.665274
0.571357
1.59076
0.549853
0.512403
0.43404
0.458681
0.906621
0.286707
0.241641
1.16157
0.915625
0.189272
0.328905
0.630817
0.364648
0.70125
0.542921
0.379665
0.800979
0.624563
0.257739
0.38803
0.333378
0.791956
0.0502396
0.321622
0.624773
0.558338
0.388959
0.474549
0.148493
1.1734
1.48597
0.347973
0.228374
0.251082
0.361226
0.290027
1.56777
0.504953
0.32041
0.899006
0.375491
0.522118
0.656385
0.719571
0.372927
0.387744
0.588196
0.790983
0.589001
1.08218
0.836948
0.208859
0.44801
0.202432
0.869701
0.677777
1.17433
1.04215
0.663235
0.21489
0.880458
0.398336
0.874706
0.994375
1.26608
0.586049
0.84826
0.278359
0.707265
0.732577
0.526242
0.395723
0.772135
0.520397
0.216653
0.118726
0.514647
0.376032
0.311508
0.944601
1.26688
0.081379
0.032779
0.445302
0.832067
1.66606
0.46537
0.882469
0.770156
0.440072
1.46022
0.548922
0.767877
0.848594
1.14556
0.680356
0.592606
0.492557
0.900906
0.947013
1.0849
0.88752
1.07983
0.253711
0.350935
0.443889
0.599432
0.622656
0.524734
1.1883
0.395265
1.05392
0.156075
0.339033
0.346039
0.467818
0.809383
0.612483
0.504216
0.32546
0.498992
0.240122
0.25121
0.589309
1.08495
0.0983071
0.327249
0.807093
1.10019
0.323221
0.528856
0.339761
0.909103
0.588638
0.639777
0.24392
0.501785
1.0723
0.954501
0.540578
0.745193
1.06638
1.30171
0.790726
0.652544
1.15639
0.683023
0.347775
0.44686
0.367538
0.373063
1.01027
0.554602
0.330806
0.239306
0.362582
0.47651
0.286534
0.500618
0.136925
0.672555
0.124205
0.256871
1.09647
0.575515
1.07569
0.297422
1.01373
0.24107
0.639528
0.609363
0.704237
0.824341
0.234408
1.06953
1.44393
0.807166
1.19028
1.39109
0.386413
0.54909
0.24194
1.24421
0.348835
0.136492
0.808087
0.752058
0.387353
0.906105
0.863619
1.17323
0.256665
0.371085
0.965817
0.492282
0.155338
0.64879
0.300452
0.607532
0.636651
0.992184
0.24567
0.715926
0.168474
0.774566
0.621259
0.533558
0.840945
0.263706
1.60202
0.42053
1.4936
0.800037
0.563861
0.693921
0.223085
0.81563
0.714563
0.496592
1.25983
0.788719
2.15877
0.418219
0.86353
0.936884
0.574076
1.3118
0.838858
0.393071
1.15092
1.03978
1.25653
0.220841
0.630606
1.03225
2.08093
0.754957
0.630965
0.780252
0.817293
0.98556
0.365176
0.339363
0.480753
0.747681
1.91516
0.791382
0.539256
0.207652
0.515761
0.990365
0.195489
0.90342
0.688726
0.593974
1.35402
0.200595
1.50236
0.261196
0.458751
0.46253
1.76334
0.675936
0.204249
1.13221
0.654748
1.34249
2.16482
0.605332
0.700909
0.438009
1.58118
0.384943
1.01007
0.817022
0.138303
1.47533
0.445956
0.8181
0.36853
0.58709
0.199095
1.10189
1.1768
0.714506
0.37726
0.871252
0.604327
0.894513
0.386512
0.983093
0.203643
0.728544
0.859385
0.448618
0.528065
0.230115
0.502118
0.246462
0.471988
0.513982
0.4204
0.80583
0.565968
0.57925
0.545202
0.719439
0.805675
0.296417
1.16545
0.629437
0.907675
0.54438
0.676402
0.999773
0.500445
0.242086
0.255009
0.705962
0.791545
0.190204
0.344675
0.854849
1.05908
0.614478
0.339818
0.649399
1.47622
0.349721
0.517488
0.742475
0.375867
1.1252
0.336776
0.949076
0.185493
0.902881
0.538498
1.11019
0.300801
0.260585
1.48347
0.761668
0.374268
0.237717
1.20475
0.619228
1.02813
0.514644
0.530682
0.577218
0.969889
0.153917
0.148296
1.53436
0.992837
0.440574
0.830918
1.58202
0.607574
0.533405
0.387009
1.57618
1.18251
0.710307
0.764813
1.6508
2.08174
0.813638
0.158428
1.1775
0.427554
0.518655
0.423402
0.47122
0.880327
0.614342
0.419768
1.62978
1.34476
0.985588
0.304739
0.755926
0.886221
0.334327
0.996604
1.96902
0.0366325
0.668503
0.324247
1.13971
0.675142
0.635232
0.292884
0.464282
0.928581
0.492257
1.56168
0.816687
0.591882
0.174438
0.838594
0.190298
0.635605
0.657306
0.926234
0.825645
1.57387
0.360008
0.819412
0.925233
0.421901
0.346341
0.206565
0.240107
0.727848
0.0758449
1.31965
0.542517
0.431197
0.728121
0.431203
0.54131
0.332198
0.657369
0.306707
0.658416
0.345636
1.19314
0.422115
0.605171
0.564997
0.405133
1.33774
0.382327
0.21306
1.19677
0.643113
0.525897
0.349757
0.389848
0.90518
0.716002
0.9685
0.571133
0.424628
0.436155
0.932483
0.17526
0.104451
1.40674
1.30091
1.57225
0.206302
0.873272
0.646402
0.58252
0.278228
0.415217
0.543746
0.528149
0.471587
0.392614
0.815105
1.50249
0.618995
0.441009
0.854365
0.299796
0.635422
0.817874
1.1914
0.309926
0.309746
1.25045
0.892835
0.804474
0.423108
0.833057
0.713202
0.469193
0.503503
1.36442
1.63975
0.266809
0.241498
0.651305
0.405294
0.610392
0.195642
0.703339
0.658632
0.599602
1.09989
0.39421
1.12636
0.12767
0.134966
0.615633
0.675711
0.0672669
0.0887913
0.794756
1.2083
0.741709
1.25766
0.600001
0.974937
1.6404
0.300588
0.415961
0.812455
0.436962
0.523323
0.911006
2.23096
1.6904
0.221029
0.429047
0.831586
1.81961
0.199784
0.783838
0.626032
0.553449
1.09207
0.152345
0.641646
1.00093
1.03196
0.589757
0.199738
0.773587
0.734217
0.442892
1.02601
0.802733
1.85738
0.516081
0.106864
0.456839
0.314378
0.885113
0.636136
0.918487
0.315581
0.363518
0.634047
0.946172
1.98506
0.59401
0.590031
0.584728
0.644371
0.323362
0.479416
1.27779
0.751308
0.576162
0.526075
0.314788
0.150476
0.584125
0.482699
1.10507
0.570009
0.822995
0.675861
0.367625
0.211524
1.02143
0.852901
0.946154
2.01852
0.868291
0.309147
1.57372
0.300939
0.828303
1.50047
1.17792
0.332893
0.911254
0.734413
0.473609
1.23384
0.707284
1.30636
0.725184
0.259527
1.04613
0.933748
0.728836
0.982162
1.21832
1.0534
0.573943
1.1739
1.10934
1.51039
0.552369
0.198012
0.675849
0.240411
1.65588
0.350723
0.586459
1.66583
0.564186
0.419313
0.401766
0.558688
0.655443
0.181937
0.457893
0.493412
0.971837
1.56502
1.20592
1.16934
0.381404
0.707586
1.5028
0.722846
0.344086
1.05445
0.6949
0.901868
0.700154
0.513852
0.567105
0.319383
0.961862
0.285219
1.0061
0.511349
0.560435
0.753994
0.376062
0.646529
0.489856
0.439065
0.800175
0.576304
0.355196
0.369787
0.626501
0.158094
0.353856
0.789563
0.539803
0.777552
0.882627
0.559736
0.461285
0.0758679
0.392215
0.62847
0.283392
0.235618
0.29671
0.636716
1.00828
0.455648
0.649347
0.169516
1.31978
0.465666
0.71827
0.8006
0.299939
0.374143
0.850843
0.264698
1.5407
1.15818
0.857966
0.704442
0.72236
0.22888
0.655857
0.0755437
0.33469
1.03559
0.317191
0.501425
0.741883
0.180302
0.32912
2.0529
0.985267
1.24027
0.653621
1.29507
0.346353
0.301105
0.484067
0.98002
0.382233
0.632092
0.40637
1.25717
1.56097
0.741152
1.52881
0.752937
0.338249
0.661286
0.695344
0.159891
0.591822
0.632751
0.977248
0.949868
0.477177
0.909695
0.396491
0.532659
0.521142
1.66548
0.464387
0.716391
0.617017
0.405092
0.394556
1.15929
0.780948
0.4938
1.29607
0.476294
0.694657
0.731463
0.773944
0.877064
0.624522
1.76043
0.48002
0.244757
0.507049
0.75449
0.330255
0.680816
0.615852
0.361766
0.559599
0.683756
0.233724
0.74447
0.520553
0.787903
0.337426
0.406601
0.621403
0.394
0.136678
0.530145
1.12628
0.860032
0.33075
0.225043
0.353326
0.401497
0.658685
0.474763
0.797018
1.23658
0.420025
0.241517
0.193259
0.469906
1.27941
0.651358
0.0972965
0.850168
0.546267
0.350747
1.00866
0.291249
0.860334
0.613954
0.971589
0.525738
0.730717
0.592433
0.437121
0.61512
0.391292
1.7974
1.3696
1.01851
0.408706
0.302472
0.613209
0.318167
0.11302
1.26688
0.30287
0.251622
0.61037
1.01086
0.579216
0.378394
0.55553
0.265154
0.670445
0.995502
0.841106
0.652452
1.16985
0.869044
0.0496157
0.506298
0.151783
0.314918
0.718064
0.253899
1.10203
1.3504
0.366174
0.624068
0.638043
0.707551
0.115336
0.0369558
0.24108
0.560988
1.12765
0.156071
0.604652
0.472336
0.0604973
0.890445
0.902969
0.274379
0.393546
1.67883
0.375871
0.449177
1.0432
0.697103
0.0838944
0.703003
0.46181
0.580849
0.678631
0.463989
0.519659
1.01722
1.28655
0.669648
0.273163
0.0796504
0.761328
0.220961
0.510615
0.816854
0.975446
0.788037
1.21638
1.77546
0.22644
1.05352
1.10583
0.88599
0.384842
1.01498
1.38144
0.316535
0.286455
0.194071
0.394552
0.703243
0.348027
0.390339
1.01743
1.47927
0.940252
1.35246
0.385135
1.39993
1.26526
0.367673
0.249755
0.592274
0.395198
0.0233791
1.64674
0.651211
0.379812
0.515019
0.235121
1.0069
0.752073
0.356321
0.479916
0.101043
1.05182
0.124148
0.33059
0.206349
0.810684
0.568165
0.651786
0.852961
1.25532
1.14856
2.26612
0.416262
0.704131
0.247925
0.155752
1.72442
0.586902
1.02146
0.268673
1.26059
0.147848
0.754505
0.862801
0.555381
0.67957
0.503615
1.14005
1.27128
2.1225
0.672062
0.155947
0.587018
1.10416
1.67188
0.510732
1.20222
1.0129
1.24766
0.652896
0.694806
0.313289
1.24406
0.699273
1.34557
0.33636
0.259506
0.627255
0.197855
0.220858
1.11454
0.549452
1.91874
0.754078
0.219018
1.2267
0.411229
0.399157
1.12707
1.07081
1.52771
0.685224
1.22557
0.493535
0.482762
1.46801
0.850859
0.488868
0.784218
0.736679
0.696984
1.08991
0.305134
0.670789
0.446481
0.164277
0.375277
0.835772
0.0709226
0.607878
0.554367
0.782608
0.87334
1.40054
1.23241
0.252452
0.775461
0.296539
0.233445
0.798035
0.705973
0.846799
0.214588
0.106232
0.504408
0.457787
0.500585
0.609364
0.511508
0.92198
0.945148
0.976571
1.62478
0.394778
0.329915
1.35381
0.267731
0.26971
0.635305
1.91183
0.649237
0.786754
0.290623
0.483918
0.473382
0.456014
0.222178
0.500367
0.408962
1.01619
0.244111
0.525679
0.61132
1.0911
0.0754265
0.573325
0.877431
1.82413
0.762262
1.34071
0.810076
0.784257
0.0552322
0.311959
0.339405
0.411437
0.54061
0.408504
0.828181
0.799667
0.696239
0.326815
0.499644
1.15402
1.01858
1.40529
1.28012
1.75383
0.67975
1.6597
0.744945
0.959081
0.68562
0.867343
0.244603
0.954997
0.450613
0.420757
0.796531
0.369944
1.02785
0.257514
1.39854
0.867576
0.190829
0.794801
0.480612
1.57939
0.846511
1.03071
0.8971
0.820995
0.942496
0.972149
0.608749
0.7897
0.270092
0.250322
0.285234
0.476134
0.453129
0.84399
0.343839
0.348034
0.438618
0.616497
0.21439
0.54449
0.441443
0.69634
0.669169
0.911291
0.487426
1.35497
0.286292
0.400616
0.951239
0.252979
0.762248
0.403305
1.02424
0.708199
1.65091
0.670824
0.263013
0.68541
1.17031
0.648488
0.524961
0.498669
0.278002
0.723823
0.859382
1.63234
0.769113
1.13761
0.151295
0.65349
0.504485
1.17127
0.623906
0.717972
0.664661
0.612302
0.289352
0.605069
1.34245
0.908246
0.860024
0.521425
0.141755
0.477019
0.36647
0.962676
1.57623
0.506237
0.473402
0.307097
0.952088
0.849396
0.942283
1.5519
0.399788
0.256723
0.430626
0.189332
0.881483
0.469124
0.512173
0.827822
0.419277
0.684493
0.552376
1.1978
0.593738
0.802895
0.637939
0.727363
0.547372
0.373786
0.334332
0.653462
2.07459
0.886505
0.620141
1.18305
0.803585
1.47658
0.322911
0.891506
0.313534
0.399018
0.419084
0.472544
1.15694
0.473761
0.545254
1.36552
0.663955
0.541975
0.335208
0.576749
0.81015
0.553147
0.127743
1.43742
1.36514
0.656099
1.72668
0.299001
0.159591
1.02013
1.10801
0.661012
0.505252
0.798347
0.183444
1.02467
1.64789
0.521886
0.472215
1.18216
0.228506
1.2812
1.35618
0.479637
0.239722
1.02433
0.889906
0.632066
0.447339
0.686082
0.472236
0.405585
0.46452
0.534593
0.801895
0.245748
0.679213
0.98988
0.559536
0.527239
0.181674
1.19123
0.427841
0.509129
0.213313
0.352952
1.56999
0.206832
0.998714
0.577852
0.774672
0.138444
0.635791
1.44239
0.764978
0.904282
0.261306
1.30535
0.291018
1.56673
0.596973
0.912314
0.52281
0.364855
0.912848
1.01956
0.192644
0.5525
0.827626
0.878918
0.359104
0.608632
0.772366
0.262154
0.677467
0.0925924
0.67903
0.226149
0.595776
0.0800619
0.963502
0.672827
0.959218
0.747514
0.886597
0.294444
0.726893
1.27929
0.257094
0.882094
0.652799
0.792634
1.13883
0.634392
0.848643
0.75519
0.586666
0.775535
0.946873
0.65176
0.263533
0.564736
0.404187
0.301589
0.975833
0.383822
0.0733074
0.442795
0.217901
1.24253
0.45776
0.841433
1.12129
0.786485
0.693009
0.800378
0.409055
0.649323
1.4496
0.667781
0.53523
0.104188
0.478154
0.396816
0.489947
0.278013
1.3121
0.941275
0.961109
0.106968
0.255176
0.508509
1.42745
0.377596
1.79076
0.36211
0.385968
0.145151
0.0895146
0.288916
0.732684
1.56413
1.68142
0.300831
0.723695
0.835048
1.75392
0.762929
0.202856
1.1636
0.738591
0.462123
0.73728
0.0251029
0.910094
0.589839
0.994508
1.77121
0.560893
0.820544
0.282084
0.546584
0.636409
0.477173
1.06479
0.567625
1.15474
0.296245
0.429771
1.53275
0.20146
0.201518
1.44156
0.0894699
0.576009
0.72501
0.749403
0.434415
0.724689
0.597064
1.52677
0.79648
1.36586
0.54943
1.09336
0.470103
0.445398
0.976973
0.530489
0.482426
0.725972
0.521644
0.43113
0.602967
1.7341
0.609769
0.640011
1.54942
0.376836
0.297537
0.363606
0.853608
0.316166
0.540751
1.08062
1.23511
0.579073
0.554085
0.410442
0.734289
0.286709
0.081707
0.489041
0.318228
0.798585
0.772118
0.647303
1.81374
0.236112
1.14492
0.935083
0.199108
0.297623
0.757514
0.394821
0.285837
0.215548
0.378953
0.479776
0.503536
1.16889
0.243006
1.02894
0.449984
0.510009
0.305749
0.647474
0.125871
0.992638
0.756898
0.597968
0.169993
0.607035
0.399076
0.306769
0.272944
0.830652
0.542255
0.500721
1.20735
0.513599
0.875403
0.533173
1.35298
0.584063
0.716517
0.276391
0.669718
0.360035
0.221863
0.226721
0.230227
0.683046
1.44019
0.840969
0.280046
0.414595
0.734436
0.535312
0.812837
0.875486
0.552606
0.536453
0.580875
0.142315
0.748012
1.75021
1.54336
0.63425
0.815279
0.588192
0.652659
0.512778
0.690082
0.886909
1.18503
0.137114
1.22166
0.410454
0.804396
1.22991
0.798434
0.863477
0.629808
1.16728
0.762927
0.81427
0.737684
0.539218
1.15639
0.623981
0.458802
0.352562
0.972465
0.877132
0.568145
0.727294
0.672255
0.894576
1.11109
0.590738
0.422766
0.704033
0.796265
0.606896
0.364286
0.733249
0.899094
0.308484
0.521573
0.191545
0.683713
1.52667
0.453959
0.589963
0.67823
1.04333
0.91145
0.337205
0.749653
0.502461
0.798421
0.767952
0.253537
0.555931
0.431039
0.489506
1.01434
0.0597825
0.153112
0.217893
0.115605
0.550158
1.09282
0.404664
0.317564
1.24071
0.877488
0.786527
0.349354
0.62527
1.62809
0.430304
0.703733
0.480302
0.695867
0.78998
0.882526
0.560797
0.317676
0.132864
0.512476
0.296971
0.391334
0.556783
0.354441
0.616207
0.497726
0.554766
2.02076
1.10171
1.00851
0.990262
0.271116
0.687088
1.46432
0.319709
0.285581
0.458166
0.448531
0.424725
0.356161
0.325635
0.69797
1.25887
1.16759
0.327139
0.977298
0.364681
0.581884
0.916445
0.53002
0.706217
1.50728
1.6945
0.300115
0.658226
0.251896
0.310577
0.545615
0.265968
0.642585
0.426989
0.244195
0.637641
0.572808
0.555849
0.281469
2.04885
0.76889
0.508835
0.903483
1.27832
0.603861
0.574428
0.503067
0.807826
0.40159
0.458326
0.641427
0.317076
1.30991
0.343368
0.955544
0.576916
1.28889
0.859097
0.343393
0.562921
0.82551
0.371513
1.03892
0.38927
0.160464
0.356213
0.548397
0.488676
1.01086
0.34622
0.628041
0.546585
0.757805
0.433918
0.641558
1.14131
0.615755
0.951601
0.80175
1.06081
0.801317
0.821532
0.482922
0.646757
1.62607
0.543347
0.505684
0.420363
0.42031
1.62468
1.00457
0.661556
0.715131
0.754661
1.22273
0.06835
0.816748
0.226661
0.227868
0.699509
0.768505
0.198356
0.30539
1.26739
0.309909
0.423551
1.03616
0.384763
0.648268
0.866238
0.720684
0.409918
0.472202
0.628859
1.23585
1.45171
0.219768
0.343631
0.520373
0.991738
0.761883
0.708631
0.935203
0.597171
1.22745
0.801129
0.0967298
0.476856
1.41478
0.523463
1.0385
0.360838
0.216676
0.522344
0.383878
1.20717
0.563619
0.517355
1.08598
1.00359
1.57764
0.342638
1.38299
0.55681
1.12744
0.0725954
0.34465
1.31791
0.531332
1.30194
1.38022
0.353835
1.01959
1.23392
0.822305
0.392961
0.551934
0.858226
0.793818
0.732603
1.67285
0.450826
0.751933
1.0726
0.757245
1.26438
1.15769
0.837507
0.95407
0.45946
1.03916
0.491696
0.449514
0.419311
0.917284
1.54862
0.260777
0.916341
0.811225
0.612596
1.0115
0.298356
0.56247
0.340158
0.878014
0.558876
0.586935
1.14873
0.201584
0.0434037
1.60207
0.686588
0.552328
0.440758
0.799378
0.557748
0.578101
0.396451
0.501642
0.203156
0.661821
0.481812
0.358484
0.985155
0.880582
0.346089
0.41737
0.248606
0.0791888
0.704872
1.01436
1.32902
0.286507
0.734832
0.663585
0.282324
0.522984
0.149513
0.642073
1.05173
0.85587
0.469527
1.02824
0.577147
0.176228
0.885901
0.367543
0.274022
0.805339
1.77746
0.195573
0.858033
0.163083
0.188007
0.548434
0.956705
0.455519
1.46487
0.100316
0.309435
0.497699
0.535649
0.806787
0.430665
0.478745
0.769799
0.247237
0.617735
0.642979
0.608795
0.249977
1.00893
0.699257
0.549686
1.36075
0.635883
0.697552
1.23241
0.959622
0.539854
0.356868
0.624615
0.133908
0.881151
0.156022
0.439015
0.666491
0.0556786
0.75962
0.823045
0.00881588
0.334576
0.110598
0.890623
0.868448
0.528734
0.576691
0.286002
1.00099
0.265469
0.95238
1.7627
0.282349
0.219297
0.645445
0.38745
0.428294
0.298079
0.96498
0.205705
1.26737
0.148243
1.07235
1.09259
0.254435
0.625415
0.931877
0.237153
0.82645
0.654889
0.201587
0.767766
0.78739
0.33015
0.745057
0.506804
0.0822235
0.800488
0.0778672
0.645513
1.78985
0.579572
0.444144
1.0278
1.19698
0.862816
0.702459
0.714153
0.242111
0.273763
0.676729
0.284926
0.578905
0.955189
0.560561
0.625987
0.629847
0.407623
0.208767
0.685509
0.692108
0.87609
0.297089
0.727262
0.473768
0.388562
0.160264
0.282503
0.566022
1.91695
0.584392
0.0496548
0.459102
1.37819
0.810363
0.827997
1.12087
0.419657
0.245406
1.24117
0.245482
1.03239
1.0456
0.168327
0.464372
1.20961
1.61182
0.511519
0.693348
0.994289
0.265214
0.328807
0.611139
0.66083
1.32473
0.690987
0.394422
0.724583
0.636441
0.434841
0.560997
0.492335
1.69147
0.156518
0.809185
1.03477
0.996427
0.672239
0.6747
0.205544
0.820053
0.572237
0.504151
0.929682
0.650514
0.366364
1.26892
0.550523
0.826276
1.0731
0.739975
0.266415
0.488955
0.758325
1.2243
0.127809
0.364523
1.05015
0.950165
0.131337
0.624914
0.148872
1.18438
0.379406
1.42313
0.318176
0.46296
0.475149
0.828791
0.749299
0.203929
0.850973
0.562658
0.959855
0.378806
0.294779
0.903172
0.525104
0.540791
0.63965
0.0661499
0.846695
0.742125
0.128398
1.01859
0.26961
0.972017
0.536759
0.765403
0.868004
0.413053
0.798398
0.833405
0.575682
0.784383
1.2044
2.09664
1.33411
0.933338
1.10483
0.674102
0.275934
0.678473
0.604777
0.934965
1.27412
0.302638
1.81347
0.409081
0.753217
0.504495
0.903255
0.604285
0.857017
0.414044
0.302296
0.913498
1.13219
0.629109
0.447182
0.219518
0.596274
0.455473
0.240342
0.644518
0.263738
0.63746
1.08974
0.498139
0.969621
0.8727
0.453614
0.55858
0.298793
0.676153
0.458661
1.02373
0.61954
0.675209
1.67607
0.836796
1.05765
0.541473
0.803134
1.3707
0.246593
0.590524
0.431183
0.857949
0.563766
0.508409
0.772226
0.696581
0.626361
0.853333
0.471537
0.651018
0.475221
0.525471
0.244834
0.372166
0.577171
0.944429
0.916338
0.566792
0.620224
0.386196
0.411864
0.467665
1.72111
1.16055
0.731845
0.579218
1.11079
0.262546
0.515496
0.790442
0.332602
0.630281
0.892519
0.164418
0.977315
0.715592
0.1107
0.801647
0.464911
0.663285
0.55346
0.839162
0.107271
0.513237
1.18067
0.686726
0.37761
0.7251
0.728318
0.869798
0.928456
0.555452
0.466509
0.508353
0.950118
0.57513
0.784684
0.30121
0.982402
1.32268
0.669858
1.16156
0.487248
0.0439067
0.388706
0.398018
0.757761
0.616468
0.799017
0.374038
0.400364
1.16051
0.467644
0.674552
0.615188
0.55346
0.0843917
1.65402
0.455829
1.14686
0.0596571
0.448752
0.993571
0.260947
0.792384
0.973997
0.249476
0.37519
0.162937
0.658599
0.231667
0.105583
0.636529
0.723456
0.35371
0.276771
0.276749
0.906792
0.599763
0.407163
0.326052
0.67131
0.189106
0.41705
0.886028
0.47583
0.145545
0.538946
1.21836
0.534273
0.473145
0.155681
0.652168
0.246342
0.787645
0.66468
1.01762
0.24749
0.376476
0.632903
0.8349
0.455077
0.259212
0.604241
0.916671
0.493484
0.820459
0.557728
0.580505
0.45773
1.39963
1.21956
0.695796
0.944903
1.18042
0.126937
0.638378
0.900171
0.672405
1.21199
1.36117
0.446511
0.231068
0.599057
0.794985
0.617151
0.362277
0.910572
0.609527
0.116565
1.11055
0.793004
0.357406
0.813806
0.0422169
0.236702
0.35552
0.661621
0.913317
0.11036
0.999743
0.378701
0.395163
0.618857
0.904708
1.55009
0.282488
0.845414
0.374268
0.865247
0.513498
1.33954
0.463362
1.36329
1.24759
0.351522
0.864119
0.407474
0.49583
0.882381
1.51234
0.133086
0.357
0.165639
0.601915
0.321709
0.651798
1.20762
0.545797
0.234196
0.153077
0.423968
0.40484
1.0152
0.363808
0.838006
0.497749
0.210058
0.258963
1.32209
0.304306
0.927807
0.786878
0.523494
0.862673
0.254747
0.419707
0.353685
1.07082
0.214499
1.08198
0.354393
1.0153
0.493654
1.12385
0.549832
0.670613
0.76127
0.476885
0.358472
1.10726
1.06931
0.122772
0.729265
0.520526
0.940145
0.428734
1.09659
0.11956
1.21652
0.617811
2.10806
1.20068
0.685
1.09554
0.399753
1.21229
0.540998
0.32148
0.689827
0.900889
0.354527
0.350738
0.243711
0.458576
0.163541
0.606058
1.29627
0.179643
0.357374
0.401786
0.700039
1.13908
0.877388
0.678475
0.990599
0.344386
0.945881
0.787338
0.639502
0.778545
0.160448
1.26189
0.434827
0.499883
0.395003
1.02792
0.740303
0.241897
0.686576
0.325781
0.582853
0.109812
0.401425
0.229331
0.812143
0.299417
0.460999
0.446905
0.911581
0.443424
0.866602
0.707431
0.644981
0.936542
0.180644
0.330936
0.345869
0.630387
0.121679
0.687632
1.14824
0.78225
0.960354
0.676788
0.515999
0.312869
0.762581
0.443131
0.509597
0.321693
0.382039
0.326113
0.412998
0.496572
0.266644
0.246562
1.0297
1.35146
0.610612
0.844692
1.10843
0.688113
0.487535
0.416448
0.745455
1.12957
1.1052
0.224865
0.848173
1.36188
0.949828
0.586324
0.156052
0.534023
0.73348
0.396537
1.67431
0.489689
0.915758
0.310777
0.736316
0.369795
0.729111
0.697856
0.788543
0.36281
0.545151
1.07723
0.160613
0.289636
0.269279
0.307898
0.560643
0.866354
1.36181
0.216026
0.588794
0.5994
0.395745
1.07491
0.692704
0.300449
0.621667
1.27979
1.36063
0.921071
1.01432
0.202378
0.820645
0.58701
0.393817
0.117887
0.95683
0.63485
1.82434
0.675426
1.3003
0.317647
1.17037
0.119196
1.04157
0.395459
0.35302
0.530516
0.605545
0.32954
0.171504
0.626937
1.13321
1.02737
0.256175
0.903719
1.16957
0.448611
0.617226
0.370131
0.521395
0.928923
0.324291
0.683743
1.07169
1.27239
0.474712
1.59884
1.63485
0.202053
0.335034
0.809091
0.261707
0.17087
0.416588
0.904388
1.28776
0.375229
0.427861
0.447196
0.614989
0.387329
0.22327
0.659563
0.319058
0.435303
0.884491
0.578158
0.46421
1.06149
0.503676
0.365266
0.176538
0.540979
0.546583
0.17775
0.723719
0.321248
1.62546
1.68777
0.499358
0.263457
1.45424
0.884998
0.493074
0.815653
1.22229
0.778008
1.04778
0.180878
0.462746
0.376456
0.706555
0.219062
1.06759
0.408918
0.240026
0.249394
0.437032
0.27702
0.662364
0.458683
0.607445
0.962382
0.652354
1.59758
0.149798
0.371545
1.14488
0.354244
0.842113
0.131148
0.142215
0.385077
0.565846
0.749765
0.960546
1.05525
0.81889
0.24531
0.748035
1.10775
0.51119
0.339775
0.102745
0.516058
1.55917
0.167158
1.93227
0.22594
0.517443
0.930596
0.761428
1.15245
0.681403
0.582839
0.583928
0.193911
0.502527
0.498603
0.509866
0.907197
1.38939
0.825439
0.613566
0.428382
1.5101
0.590465
0.253233
0.698547
0.672441
0.707543
0.510341
0.346972
0.571889
0.528181
0.0571337
0.297729
0.657567
0.535593
0.369905
1.0043
0.536041
0.529412
0.919278
0.692256
1.75694
0.345011
0.138487
1.43987
0.220806
0.634839
0.7859
0.100847
0.365949
0.297741
1.11041
0.271374
1.03359
0.561849
0.291427
1.67782
0.621771
1.23234
0.688876
0.779067
0.667198
0.181571
0.728581
0.705554
0.926691
0.992352
1.49881
0.381873
1.29475
0.287214
0.621858
0.163922
1.06128
0.305868
0.237569
1.63548
0.587312
0.165372
0.791888
0.123473
0.731514
1.4866
0.784307
0.357859
0.595849
0.192433
0.750981
0.383937
1.07705
0.500223
0.621361
1.14647
0.607235
1.64911
0.163423
0.737143
0.460198
0.694605
0.512845
0.634618
0.164727
0.488832
0.816865
1.22144
1.39194
0.381418
0.364102
0.9654
0.355162
0.226411
0.607927
0.09674
1.30051
0.614439
0.393994
0.589854
0.362139
0.877949
0.58887
0.723714
1.03973
1.00591
0.292534
0.606291
0.449643
0.804009
0.889114
0.797225
0.0605223
1.80028
0.284484
0.892547
0.295931
0.270741
1.07568
0.654533
0.259938
0.744318
1.97482
0.558554
1.61468
1.00694
1.70292
0.509755
0.584879
1.18708
0.563054
0.351519
0.259879
1.00578
0.229512
1.2861
0.679249
0.753204
0.10303
0.853533
0.813698
0.418814
0.667663
0.450705
0.93496
0.562059
0.177719
0.272653
1.73086
0.697026
0.835403
0.562509
0.546301
0.100983
1.08462
0.570114
0.214262
1.08493
1.08303
0.371137
0.343652
1.18929
0.449854
1.60968
1.03723
1.18682
0.9259
0.267316
0.539494
0.658864
0.495229
0.324676
0.245237
0.126234
0.77707
0.183584
0.901966
1.39532
0.763837
0.730629
0.718525
0.46959
0.930494
0.335079
0.242121
1.14658
1.08772
0.883449
0.909768
0.369968
1.49445
0.473028
1.03457
0.91127
0.81316
0.894674
0.325914
0.784601
0.875375
0.804694
0.422214
0.357591
0.405795
0.816373
1.11451
1.27269
1.22377
1.04382
0.60059
0.9241
1.05756
0.889364
1.13143
0.599234
0.190896
0.627842
0.615029
1.25546
0.657475
0.198733
0.274329
0.0387029
0.961598
0.360276
1.60439
0.37999
1.6624
0.66487
0.564812
0.268808
1.34928
0.555442
1.36007
0.308914
0.823888
0.642065
0.4946
1.13271
0.505113
0.598939
1.05723
0.575888
0.100189
1.0349
0.773031
0.498159
0.766796
1.51225
0.435427
0.781472
0.880702
0.628165
0.417299
0.721624
0.610688
1.67536
0.481625
0.919635
1.23562
0.249683
0.369749
0.0493674
0.683084
0.140697
1.09238
0.611592
1.29069
1.9291
0.775405
0.947895
0.556589
1.17698
1.01109
1.58783
1.1488
0.537802
0.265668
0.310609
0.479837
0.623086
1.03263
0.6711
0.0991239
0.222942
0.255752
0.322177
1.21316
1.2679
0.936117
0.195761
0.598853
0.245144
0.790486
0.28458
0.554492
1.63286
0.0866748
0.80191
1.13339
0.533781
0.299884
0.0850581
0.63625
1.04051
0.952588
0.669036
2.19887
0.204797
0.57583
0.107374
0.592471
0.728006
1.38582
1.54452
0.832821
0.426586
0.559488
1.24808
0.893331
0.406005
0.637375
0.441359
0.403024
0.907553
0.497725
1.48413
0.78644
1.00921
1.1303
0.254927
1.25725
0.437121
0.0670135
0.0500616
0.272988
0.868089
0.346288
0.925532
0.728161
0.543388
0.975823
0.74228
0.364035
0.243956
0.0596594
0.685256
1.44078
1.96605
1.04167
0.749322
0.109265
0.604462
0.328221
1.02378
0.279537
0.295823
0.870842
1.20377
1.60936
0.293392
0.607194
0.215944
0.968445
0.731717
0.457272
1.87208
0.334947
0.385637
0.245601
0.453302
0.714633
0.100531
0.577042
0.574063
0.781734
0.450702
1.04144
0.862981
0.56677
0.549898
1.12847
0.222854
0.433743
0.41817
0.699686
0.352418
0.278684
0.636782
1.02068
0.0237977
0.53799
0.848481
0.904871
0.342531
0.082129
0.62345
0.4432
0.886563
1.47004
1.2059
0.10159
0.288325
0.712194
0.219908
0.53072
0.19457
0.70072
0.552398
1.33238
0.263984
0.5157
1.03158
0.30466
0.766654
0.700709
0.507514
0.888129
0.658312
0.670615
0.138596
0.742351
1.18006
0.66469
0.265779
0.466546
0.607169
0.301808
0.624778
0.532756
0.192219
0.603929
0.60915
0.520441
0.437651
1.05675
0.681657
0.133017
0.283921
0.423824
0.994824
0.445009
0.615231
0.621765
0.237745
0.296792
0.540951
1.43054
0.137371
0.262719
1.10439
1.11116
1.02871
1.11461
0.144637
0.75942
0.782548
0.656177
0.510858
0.895706
0.581724
1.17817
0.289078
0.397987
0.0583956
1.08785
0.683787
0.210977
0.329294
0.711354
0.44337
0.374061
1.08304
0.166164
0.584406
0.527907
0.502418
0.90424
0.721299
0.734571
1.04146
0.8069
0.583981
0.713314
1.46122
0.50004
0.612206
0.609101
0.806454
1.4163
1.50951
0.0776256
0.499256
1.23862
1.06215
0.438999
0.778378
0.59567
1.30022
0.647155
0.480176
0.419422
0.198392
0.321477
0.225303
0.886467
0.510029
0.825741
1.53051
0.331914
0.160754
0.619803
0.505947
0.478638
0.371893
0.367529
0.823
0.542917
0.429712
0.633441
0.601979
0.333251
0.683588
1.67443
1.28088
0.325148
0.203273
0.648718
0.298453
1.14754
0.837807
0.549001
1.21282
1.41366
0.401397
1.00139
1.24202
1.16177
1.35715
0.223306
0.9729
0.727405
1.34103
0.393657
0.705546
0.831979
0.858775
0.658878
0.350482
0.658687
0.849001
0.559875
0.526351
0.70889
0.372364
0.533132
0.589692
0.582214
0.351539
0.402189
1.19141
0.951967
0.585853
0.437388
0.592526
1.1321
2.29945
0.197267
0.272562
0.321116
0.441253
0.419975
0.0515747
0.127135
1.10562
0.500094
0.785805
0.388229
0.573868
0.856475
0.915128
0.788468
0.887887
1.66177
1.73656
1.88988
0.301283
1.22324
1.07595
0.792012
0.383133
0.651175
1.23212
0.599087
1.3485
0.159148
0.298219
0.540158
0.641296
0.356067
0.855436
0.656972
1.02882
0.180289
1.36815
0.267832
0.517023
0.421359
1.1394
1.17815
0.590715
0.685501
0.359967
0.0934282
0.317131
0.254635
1.18286
0.315795
1.08352
1.71018
0.929297
0.174198
0.350373
0.265081
0.586328
1.27818
0.410885
0.627894
1.73277
0.607724
0.0603092
0.773755
0.233836
0.652163
0.834631
0.856839
0.511125
0.747002
0.926262
0.542109
0.246653
0.174576
1.00454
0.171149
0.849357
0.862496
0.920791
0.0894033
1.36197
1.3534
1.35408
0.569159
0.716254
0.0450108
0.522748
0.62164
0.649956
0.358126
0.231338
1.23294
0.301909
0.687924
0.310217
1.4787
1.17044
0.237681
0.388374
0.963228
0.539559
1.62958
0.577516
0.288771
0.0987317
0.864886
0.700869
0.628935
0.26773
0.205044
0.716364
0.835457
0.247957
0.970716
0.300368
0.547847
0.554051
0.64697
0.677996
1.73937
0.278914
0.770532
0.991371
0.7515
1.61915
0.725849
0.842659
0.628568
0.407484
0.356133
1.04128
0.729711
0.551761
0.188093
1.2002
0.763464
0.929118
0.593262
0.298902
0.72256
0.624075
0.553248
0.970627
1.146
1.72636
0.479449
0.221488
1.0677
0.795966
0.429129
0.851637
0.255611
0.596119
0.407725
0.623288
0.652467
1.0292
0.646202
0.724975
0.819475
0.190672
0.522272
0.589468
1.53581
0.46459
0.52362
0.586054
0.61597
0.230236
0.444431
1.47141
0.755254
0.425492
0.31294
1.38103
0.455982
0.886911
0.305327
0.822927
1.34548
0.735986
0.781422
0.0965293
0.443092
0.581848
0.61311
1.30023
0.572078
1.09335
0.503863
0.736989
1.70494
1.35939
0.852607
0.867753
1.39063
0.754464
1.02871
0.32546
0.958007
0.596783
0.360059
0.815629
0.734742
0.376972
0.806677
1.4579
0.575302
0.259471
0.400166
0.327752
0.200953
0.862185
0.686635
1.76978
0.0566895
0.61383
0.397457
1.17912
1.09917
0.677394
0.634809
0.506264
1.84726
0.625155
0.304492
0.411034
0.481889
0.369047
1.24046
0.19131
0.483861
0.848956
0.951344
0.282964
0.136085
1.27166
0.238858
0.625719
0.897127
1.60822
0.0146629
0.617471
0.654281
0.0554499
0.844559
0.427039
0.234797
0.374041
1.13587
0.758205
0.587412
0.739848
0.814959
0.362013
0.0911144
0.380957
0.87277
1.13133
0.285101
0.641292
0.451942
1.06174
0.423852
1.34658
0.8294
1.18538
0.580265
0.100641
0.70183
0.389261
0.499119
1.07804
1.07926
0.143342
0.144141
0.893202
0.328307
0.867326
1.378
0.53245
0.688714
0.91812
0.493242
1.57949
1.37233
0.128301
0.594878
0.167186
0.310687
0.988782
1.11199
0.395664
1.02125
0.14507
0.296153
0.683631
0.373652
0.81832
0.268264
0.682124
1
0.68049
0.307316
0.836498
0.389107
1.94026
1.37448
2.00132
0.272013
0.524837
0.575398
0.411615
0.502775
0.645917
0.601599
0.653774
0.799269
0.796491
0.515252
0.281651
0.445339
0.527061
0.475131
0.279131
0.24531
0.922786
0.515665
0.455264
1.85124
0.315821
0.35793
0.774158
0.946003
0.65123
