1.27232
1.7959
0.858799
0.459954
1.08751
2.29328
2.06718
0.752691
1.13575
1.81989
1.42631
1.22024
2.73088
1.49247
1.54406
1.86143
1.56634
0.731363
0.941222
0.704698
2.02164
1.58366
1.21078
2.37272
1.09388
1.41251
1.80439
1.02365
1.3958
1.79784
1.46044
1.02392
0.582468
1.43192
1.76258
1.00042
1.73851
2.40516
1.92053
1.85094
1.35661
1.20327
1.86423
1.32429
1.90453
2.29924
1.96654
1.26125
1.97175
1.25342
1.19238
1.12445
0.862198
1.20913
1.35489
1.71744
1.79167
1.3927
1.024
1.71633
1.6374
0.800136
0.807951
1.17098
1.01846
0.831505
1.41345
1.33439
2.19779
0.763256
1.32763
1.88688
0.866491
1.06794
1.86204
1.10279
1.61702
2.02327
0.760477
1.90893
1.10347
2.24577
1.41588
1.43161
0.997681
1.76806
2.35629
2.08873
2.15215
1.28592
1.2638
1.82301
2.0875
1.34707
1.01618
1.31414
1.88676
1.52806
1.15128
2.37491
2.05039
2.79781
0.960338
1.03358
2.25732
0.900513
1.53383
2.08666
1.13244
0.937934
1.92978
2.0172
1.55483
1.5943
1.40617
0.769015
1.29663
1.24777
1.44621
1.92379
1.55181
1.80229
1.62496
1.47133
1.58712
1.81133
2.50308
1.28977
1.55131
2.15292
1.79386
1.95076
1.82366
1.20914
1.21269
1.35926
1.89808
1.17545
1.61372
1.44458
1.45681
2.13599
1.17941
1.20467
1.74213
1.98944
1.15124
1.34995
0.973913
1.19836
1.21621
1.49039
1.82008
0.891032
1.49274
1.30666
1.94829
1.39899
2.24861
0.971027
1.15711
1.00946
1.34007
1.74288
1.22476
2.08707
1.66562
1.36099
1.37366
2.61297
1.02435
1.02998
2.09834
0.794636
1.06285
1.68002
1.28452
1.90086
2.29463
1.52042
1.00836
2.08889
0.794172
1.3393
1.93634
0.679796
1.38597
1.49311
1.64268
1.08299
2.28349
1.44663
1.56955
1.82096
1.89286
0.710575
1.92981
1.47102
1.90047
2.37181
1.73473
1.56632
1.75215
0.99917
0.627423
2.02497
1.91715
1.94763
1.89631
1.59943
1.16653
1.88521
1.06166
1.21677
1.76317
1.49632
1.35775
1.21443
1.29494
0.704159
1.42468
1.41977
1.1661
1.16471
1.82493
1.71903
2.27904
1.35037
1.56481
1.39112
1.40995
1.36157
1.67652
1.6694
1.68472
0.92737
1.485
1.23803
1.36974
1.82058
1.98001
1.61549
1.68487
1.20054
1.39118
1.37733
2.31977
1.29828
0.464167
1.46372
2.30221
1.18132
2.50478
1.27564
1.80687
1.18482
1.84453
1.11234
0.761857
1.94185
1.95512
1.57647
1.56414
1.50257
1.92333
2.07295
1.6062
2.02341
1.53247
0.896218
2.12584
1.61262
2.57069
0.959667
1.87765
1.80806
1.06071
1.92717
2.43723
1.66206
1.5338
0.888997
1.8075
0.76407
1.17693
1.31837
1.35043
1.95782
1.0061
2.06144
0.877953
2.24157
0.814397
2.11732
1.27225
0.899581
1.91207
1.62638
1.6737
1.30378
2.10405
1.655
1.84547
1.36356
2.10762
1.03987
1.3236
1.57464
1.28288
2.00816
1.2042
1.63017
2.24899
0.917038
1.53664
1.78689
1.27863
1.3166
1.39016
1.93323
1.65145
1.22669
1.75058
1.97642
1.4403
1.11574
1.42357
1.00567
1.32464
1.59137
1.56193
2.18736
2.66737
1.63762
1.78246
1.41944
1.33755
1.1253
1.62191
2.22654
0.961167
1.33893
1.16806
0.940003
1.58276
1.20412
0.91296
1.89537
1.85891
1.22976
0.555541
1.25252
1.77307
2.23756
2.24014
0.93499
1.75853
1.16763
1.64199
1.92516
0.873964
0.605996
2.02759
1.06652
1.48795
0.901119
1.77086
1.36905
1.40533
1.7524
2.07609
2.38847
1.36594
1.75941
1.15459
1.86963
1.7633
1.22995
1.08347
1.9193
0.639274
2.4134
1.18057
1.88039
1.84376
2.33821
1.79486
1.25318
1.42631
1.334
1.27319
1.19612
1.39496
1.15205
1.97898
1.85723
1.36762
0.697162
0.963694
1.49718
0.748999
1.34676
1.53398
1.42791
1.26478
1.7775
1.52409
0.872028
1.3997
2.22099
1.39366
1.73492
0.978928
1.33121
1.79471
0.982459
1.76982
0.869064
1.67159
1.50734
1.11471
1.78715
1.23293
1.54031
1.6853
0.712552
1.34025
1.71392
1.85507
1.63448
0.961298
1.79502
2.07288
2.22632
2.32315
1.85271
1.8901
1.63205
1.60785
2.25487
1.46814
1.83876
1.87536
1.07985
1.33359
1.26203
1.52711
1.78883
1.00574
0.794535
1.62401
0.946067
1.33661
1.18287
1.59882
1.9731
1.50777
1.56268
1.14483
2.23791
1.544
1.78264
0.718167
2.78209
1.45518
1.55142
1.74341
1.84776
1.65116
1.23576
1.21846
1.41347
1.34776
1.60944
0.725846
0.81189
2.19218
1.89003
1.80856
1.83026
2.16924
1.70634
1.65745
1.14173
1.91071
2.29947
2.37831
2.12248
1.53197
1.02353
1.68926
2.05726
1.16171
2.20886
1.59335
1.39441
1.03677
0.993265
0.970876
0.496117
1.82597
1.59978
0.999815
1.49721
2.407
1.14275
1.10934
1.27347
1.20295
1.73833
0.907815
1.37231
1.4699
1.53472
1.54336
1.71713
0.954053
1.51021
0.936599
1.26444
1.56085
2.53675
1.41628
1.36244
0.998051
1.65371
1.6618
1.52323
1.40797
2.1196
1.30853
1.522
1.85316
1.54644
2.11666
1.40237
0.998401
2.03901
1.00009
0.569352
1.49773
1.16959
1.3847
2.19784
1.73346
1.45647
1.42522
2.23748
1.78652
1.9271
1.43095
1.76993
1.31171
1.19349
1.29095
1.61357
1.65439
1.76337
1.59063
1.2822
1.02921
1.48334
1.33303
1.16011
1.77658
0.855947
1.34914
1.30062
1.69514
0.795613
1.16763
1.42465
1.20159
1.58038
0.78292
2.33828
2.53057
0.924593
1.60633
1.6139
1.68217
1.31988
1.54986
1.61378
2.07924
1.08513
1.05072
1.24571
1.92848
2.03355
0.831577
1.03048
1.46225
1.36394
1.54504
1.98468
1.46141
2.43151
1.16517
1.50685
1.2582
1.24487
1.59369
2.16475
1.71725
1.53401
2.0678
1.48861
1.22525
1.56604
1.82827
0.627884
1.40883
2.09284
1.32039
1.85618
2.68569
1.89367
1.0636
1.47079
2.55407
1.41421
1.58902
1.62527
1.80257
1.1729
2.12893
2.3397
1.49725
1.49678
1.33002
1.63162
1.21454
1.45085
1.60672
1.50449
2.1807
1.7591
2.01311
1.21594
1.29447
1.48279
1.03244
2.19743
1.64986
1.70077
1.70185
1.47488
1.12432
1.70051
1.62044
1.24051
1.74864
1.54359
0.894845
1.55578
2.04733
1.05068
1.20146
1.79767
1.8813
2.16275
2.15257
0.999987
2.04251
0.97449
1.29116
1.9632
1.73913
1.59479
0.949296
0.860906
1.37101
1.65298
1.00017
1.63802
1.56555
1.5382
1.39706
1.69969
1.94364
1.36335
1.05669
1.78077
1.23788
1.55725
1.82745
1.07122
1.26557
2.0315
2.04977
1.61934
2.10948
2.23039
1.72849
1.30055
0.828813
0.834187
1.90277
1.42489
1.34586
2.25109
2.00324
1.3928
0.739573
0.746152
1.91192
2.18954
1.75041
1.92047
1.16494
1.01821
1.96179
1.31787
1.11077
1.31146
1.88073
1.2897
1.41798
0.932119
1.06394
0.787743
1.03331
1.04636
1.26983
1.30988
2.16753
1.72225
1.38274
1.79828
1.29978
1.4635
0.870447
2.77553
1.81249
1.87628
0.781544
1.41631
1.98707
1.2757
1.39949
1.12894
2.21134
1.39509
1.12034
1.7016
1.05491
2.01928
1.4932
1.19633
2.13876
2.47618
1.81026
2.24073
1.95829
1.75009
2.25358
1.47408
1.82206
2.34161
1.15665
1.27755
1.7239
1.64521
1.52183
1.4943
1.50012
0.873041
1.06076
1.58465
1.96443
1.63725
1.85307
1.16923
1.7077
2.11174
2.29102
1.06436
1.26835
1.08769
1.7089
1.49749
1.01037
1.00652
2.31786
0.807701
2.09228
0.903838
1.52809
1.28402
1.82587
0.977004
1.44282
0.991431
1.24802
1.42428
0.773613
2.49126
1.87125
1.8503
1.3967
1.17852
1.06222
1.79427
2.04237
1.53948
2.09545
2.06258
1.88862
1.50186
1.78633
1.37539
1.84194
1.14734
1.44219
1.91411
1.30049
1.48438
1.77977
1.33755
2.04613
1.52015
1.15229
1.65297
1.74849
1.44233
1.46852
0.982237
1.72547
1.01029
1.99408
1.10989
1.51847
1.74575
1.29396
1.81633
0.755704
1.77678
2.01934
1.92867
2.08603
1.39199
1.89061
1.07537
1.27043
2.10747
2.31101
0.990059
1.52459
1.32001
1.31623
2.19805
1.40241
1.14542
2.01313
1.13885
1.86858
1.6599
2.45917
1.77509
1.80797
0.839427
2.52118
2.45377
1.12325
1.06449
1.10879
1.80982
1.39224
1.35252
1.87759
1.81819
2.32477
1.89102
2.33819
1.31503
2.10149
0.819063
1.0119
1.30251
1.88202
1.58306
1.42823
2.33927
1.78589
0.818662
1.42416
1.80963
1.22573
2.59214
0.846681
1.42573
1.40618
1.62334
1.16557
1.07566
1.19669
1.81033
1.67388
0.742208
1.49792
2.59082
1.82745
1.09923
1.76221
1.21762
1.59704
1.9569
1.73571
2.22869
1.47872
1.17333
1.6078
1.52409
1.76097
0.907418
1.32844
2.18622
0.918888
1.75929
1.73288
1.80326
2.28713
1.22386
1.78801
1.52427
0.516119
2.21031
2.49418
1.4044
1.00112
2.22891
1.74401
1.57971
1.09041
1.16849
1.56439
1.43888
1.92382
0.920671
1.49847
1.76373
1.34632
2.1072
1.91573
1.75085
0.918454
0.939325
1.12749
1.36509
0.621932
1.45451
1.10934
2.3969
1.70456
2.58391
2.24509
1.18837
1.23732
1.24429
1.04004
1.70022
1.76314
0.797833
1.84964
1.71914
1.24818
1.8644
0.9853
1.65946
2.19095
1.25432
1.54676
2.03977
2.0456
1.17666
1.24
2.13361
1.35354
1.44618
1.23219
1.36651
1.36463
1.41903
1.44208
0.63728
0.780375
2.39336
1.4419
1.53801
1.90004
1.99597
0.967289
1.6987
1.9053
1.66582
0.973239
0.83185
0.941494
1.13898
1.39146
1.34598
1.30751
2.25693
1.53163
0.882538
1.07617
1.40667
1.11863
1.96262
1.75985
1.36313
1.51715
1.73625
2.17375
1.77528
1.81042
1.05223
2.21457
2.30456
1.66922
1.35933
1.56103
1.35558
0.923222
1.55079
1.7563
1.26733
1.72522
2.10493
1.9017
1.19284
1.54626
1.47691
0.985604
1.56964
0.850432
1.59514
1.22994
1.41434
2.46255
0.893628
1.28239
1.18019
1.03857
1.62065
0.661165
0.820912
1.1956
2.09017
1.95302
1.46151
0.796625
0.824466
1.5617
1.72238
1.71374
1.48876
1.40153
1.36308
1.37954
1.05093
1.81491
1.66057
1.74334
1.84035
1.1058
1.65623
0.984354
0.83281
1.82096
2.13816
2.17453
1.44498
1.30669
1.61867
1.29275
1.63554
1.83364
2.26444
1.86442
1.12289
2.03613
1.50624
1.30467
1.84922
1.46136
1.12519
1.75022
0.990985
1.99973
1.84561
0.637567
1.59082
2.4103
1.09611
0.990851
1.99028
0.918043
1.37696
0.870224
1.42989
1.21332
2.30047
0.992878
1.80125
1.38575
1.94422
1.90615
1.47403
1.75078
1.3144
2.16062
1.64127
1.45707
0.893169
2.15404
1.46838
2.23491
1.21253
2.31211
1.07258
1.19448
2.58754
1.62242
1.42773
1.05576
1.8182
2.48179
0.520809
1.01643
2.22722
1.84465
2.04845
2.29313
1.08732
1.12929
1.295
1.7213
1.66724
0.835761
0.553157
0.82667
0.563051
1.70222
1.63964
1.90017
1.44142
1.73294
1.4724
1.26837
2.0836
1.69417
2.0127
1.71312
1.56102
2.06463
1.08514
0.403475
1.26617
1.66199
2.52615
1.8356
1.2757
1.64519
1.11485
0.935216
1.5173
1.3246
1.77921
1.10831
0.940105
1.39769
1.75158
2.21986
1.77965
1.62973
1.72497
1.43673
1.44223
1.47938
1.07573
1.50576
1.72516
1.3809
1.08881
1.06201
1.00991
1.68045
1.05499
1.01195
1.36614
0.978409
1.43876
1.15393
1.51021
1.64343
1.51046
1.21108
0.443024
2.03164
1.44612
1.72423
1.20828
2.12793
1.27503
1.54553
1.56304
1.2749
1.59424
1.86162
0.833973
1.77435
2.6833
1.57934
1.96421
0.923953
2.02328
1.22508
1.47452
1.26624
1.21852
0.694407
1.0581
1.70949
2.48282
1.00947
1.70303
0.658484
0.799715
0.851608
1.46565
0.836149
0.881752
1.40729
1.01601
2.13968
0.990897
1.66085
2.11631
1.23059
2.50105
1.07938
2.14902
1.41917
1.91942
1.12621
2.02957
1.52539
0.912095
0.931447
1.37733
1.24599
1.65941
1.87407
1.22671
1.54485
2.4759
1.33943
1.32787
1.07623
1.42921
1.19081
1.65463
1.13992
2.04741
1.71577
1.29034
2.41873
1.91226
1.18027
0.543103
0.841909
1.59576
1.94678
1.44568
1.54815
1.37192
1.6841
1.56683
1.03861
1.37631
1.29947
1.33466
1.88573
1.3053
1.33799
1.24293
1.34917
0.832284
1.64374
1.84443
0.931971
1.05976
1.65691
1.16777
2.09679
2.11942
1.48828
1.54827
1.9678
1.68229
1.92014
1.31941
0.976822
2.05805
1.79521
1.74142
1.25394
1.10627
1.1344
0.528087
1.05107
2.13359
1.54547
1.22463
1.20483
1.27133
1.58972
1.15865
0.87988
1.88657
1.62793
1.55364
1.14784
1.14891
1.08159
1.68263
1.36157
2.26674
2.39452
1.30997
1.13705
0.969029
1.75656
0.994295
1.49412
2.10641
0.812785
1.78311
2.1368
2.36335
1.50758
0.936193
1.62175
1.42628
1.98507
1.39484
1.58838
1.80035
2.26076
1.82753
1.76644
1.50079
1.36587
1.94115
1.48506
1.82584
1.20732
1.44104
1.78483
1.36017
2.25969
1.46495
1.87976
1.47905
1.42539
1.71386
1.3693
1.16128
1.95157
1.17267
1.28499
1.39989
1.37011
0.584138
1.84396
0.999947
1.46782
1.69591
1.5605
1.21351
1.767
1.81174
1.96939
1.72373
1.48457
1.82237
1.52451
1.60179
2.24796
1.16968
1.89183
0.478179
1.82386
1.761
1.52158
1.1912
1.35508
2.13422
2.29948
0.593852
0.723695
1.73356
2.33046
0.885764
0.632559
1.78933
1.24029
1.52274
2.16653
0.581177
1.69157
2.11732
1.60981
0.961282
1.36392
1.35888
1.03217
1.5335
1.17556
1.39534
1.15765
2.0622
0.998991
1.8313
1.76874
1.75277
2.17198
2.11432
1.31875
1.8264
1.09467
0.804778
2.37022
2.04677
1.27506
1.8831
1.278
2.23291
1.1272
1.89273
1.00009
2.07343
1.08664
1.23835
2.00846
1.32379
1.01007
2.33191
0.719285
1.13394
1.48301
2.12943
2.2028
1.31786
1.78945
2.29696
1.99031
2.22221
1.86274
1.71972
1.89373
1.68595
1.62466
0.857898
2.15797
1.09181
2.09495
1.76364
1.35133
1.97761
1.14384
2.80583
1.31357
1.85835
1.78992
1.122
0.980241
1.1495
1.24442
2.39651
1.85201
1.3132
2.11246
2.1571
1.87245
1.12708
1.52327
1.97802
1.12818
1.3319
1.53554
0.924659
1.03644
1.14851
2.16691
0.807548
1.64221
1.31105
0.809629
1.23779
1.42863
1.00241
1.47136
1.58954
0.725678
1.2844
1.44575
2.09604
0.79893
1.52149
1.89818
1.41607
1.5089
1.20516
1.49455
0.943188
1.09889
1.23182
1.82448
1.35936
0.699696
0.749252
1.14914
0.769629
1.67149
1.3954
0.741458
1.4721
1.19216
1.65206
2.2968
1.30764
1.45638
1.26151
1.39813
1.55661
1.22138
1.45708
1.62183
1.69151
2.08944
2.0387
1.43947
1.72509
2.09208
1.39998
1.46126
2.23718
1.51205
1.53223
1.67051
1.07805
1.00817
1.43152
1.67548
1.23822
1.7032
2.07755
1.07794
1.91424
1.55688
1.36433
1.00839
1.42214
2.03491
1.53511
2.57995
2.29378
0.397941
1.61964
1.61824
1.41668
1.55963
1.45143
1.34225
1.59479
0.985174
1.14036
1.23301
1.05717
1.33405
0.939018
0.894417
0.781423
1.19516
1.01461
2.06879
1.78945
0.944227
1.75491
2.51077
1.39924
2.00277
0.930791
1.91987
1.36007
1.76526
1.36728
1.6312
1.81838
0.978654
1.76376
1.75221
0.849433
2.12989
2.0629
1.16172
1.73056
1.34826
1.60318
1.31403
1.49244
2.22591
1.7435
0.908739
1.0484
1.79174
2.15069
1.62606
1.40877
1.95312
1.43224
1.32738
2.28405
0.837182
1.83399
1.71164
1.60109
1.57336
1.87025
1.34444
1.93742
1.05203
1.88415
1.7101
2.13507
0.960438
1.78527
1.36637
1.41804
2.03368
1.74247
1.98974
1.82808
0.808488
1.48727
1.65188
1.0307
2.76775
2.06907
1.51107
1.11683
1.72676
1.75441
1.03291
1.54644
1.4785
2.09758
1.66685
0.702469
1.29067
1.13408
1.12786
1.65816
1.20108
1.41641
1.73625
2.15373
2.29842
1.93023
1.31485
1.77329
1.19711
1.25464
1.39
1.56823
1.98218
1.68742
1.63429
1.39555
1.54467
1.33256
1.19482
2.694
2.04134
1.24475
1.81976
1.55835
1.44135
1.83036
1.8946
2.12488
1.52693
1.3141
1.79477
2.50162
1.18257
1.30912
1.2282
0.950925
1.11703
1.78663
1.46992
1.01588
0.62508
1.14984
1.06934
0.997815
2.36136
1.11034
1.60503
1.0814
2.32026
1.24113
1.71707
1.52115
1.53203
1.64573
0.777107
2.57895
1.5979
1.57366
1.71662
0.908357
1.74998
0.718742
1.19865
2.30973
2.23861
1.7457
1.28449
1.63003
0.951148
1.29966
2.3476
1.07399
1.06306
1.67008
1.46114
1.79828
1.21985
1.59077
1.36857
1.34613
0.556185
1.13716
0.488989
1.94094
1.5682
2.45615
1.22502
0.892047
1.91229
2.07748
1.63529
1.41094
1.97098
1.00056
1.09353
1.44952
2.42168
1.22242
1.19242
1.64891
1.61781
2.3945
1.89531
1.52433
1.72769
0.789074
0.911452
1.80518
1.73523
0.890062
1.42329
1.89068
1.54821
1.49424
1.50896
0.827291
0.537977
1.39971
1.93643
1.38408
1.11844
1.47071
2.73004
2.17853
2.21381
1.42384
1.15819
2.1933
1.47062
0.927575
1.26918
0.932521
1.70684
1.78037
2.49998
2.31292
1.50771
1.71368
0.876754
1.17947
1.29406
2.32399
1.35645
2.01042
1.59765
1.77388
1.57931
1.52635
1.71818
1.73864
0.992762
1.39416
0.547173
1.09
1.68524
0.641487
1.18847
1.82859
1.59753
1.75246
1.46639
1.81295
1.82222
1.0378
2.07045
1.15124
2.3059
1.23479
2.09713
1.5369
1.11331
1.87685
0.503348
1.42045
0.590211
1.49345
1.81331
1.01942
1.38491
1.13095
1.35126
1.16062
2.41994
1.20049
1.80197
1.3482
1.34416
1.62122
1.27161
0.993465
1.92867
1.25374
1.50506
1.18798
2.211
1.90407
1.54033
2.29462
1.13025
1.66094
0.931366
1.29881
1.4194
0.953338
1.275
0.76675
0.90238
1.27882
1.31809
1.47902
1.17237
1.31547
2.15636
1.65341
0.799528
2.23491
1.16417
1.29732
1.31327
1.65329
1.23176
1.65494
0.975244
1.21208
0.785813
1.53508
1.21787
2.31931
1.25856
1.63181
0.987167
1.36891
1.46358
1.37414
1.49498
0.929005
1.61051
1.36219
1.5556
1.82739
1.69963
2.03935
1.12138
1.35317
2.37889
2.24733
1.46838
1.8726
1.40735
1.6605
1.44092
1.50177
1.4036
1.69825
1.71355
1.63841
1.81787
1.00993
0.952353
2.23791
0.718523
1.84929
1.73888
1.58941
1.50978
0.98529
1.851
1.29942
1.11528
1.14817
1.8496
1.40593
2.39344
1.18126
1.55102
1.41659
1.57334
1.57844
1.24013
2.42146
2.39421
1.10897
1.09325
0.864677
1.70939
1.47838
2.03008
1.46037
1.26887
1.93734
1.35823
1.09398
1.12157
0.739469
1.16358
1.44359
1.24622
1.17541
1.57249
1.58523
1.46206
2.23193
1.69319
2.09552
1.07753
1.69951
1.25599
1.96463
1.47111
1.20529
1.60126
1.48818
0.745037
1.48941
1.97337
1.64257
2.03563
0.592804
2.12526
1.35501
1.79771
1.4144
1.50767
1.46446
2.35419
2.37694
0.657306
1.86022
1.49229
1.50772
1.29225
1.62466
0.774553
0.923131
0.956339
1.03963
0.909105
1.86895
1.36941
1.10346
2.12096
1.63214
1.93078
1.80681
1.58129
1.99215
0.948755
1.63502
1.19338
0.54041
1.18554
1.09266
1.83105
2.18207
0.883307
1.60981
1.52833
2.18812
1.47073
1.6275
1.18257
1.00335
0.697984
2.12906
1.09605
2.27162
0.910038
1.73971
1.4435
1.62453
1.49507
2.04665
1.39806
1.36899
1.48524
1.42311
1.50251
1.31953
1.366
1.89454
0.798338
1.40512
1.56049
1.21273
1.264
1.67618
1.45285
1.88297
1.5944
1.59082
1.95194
0.797689
1.12116
1.34497
1.28137
1.41096
2.06982
1.19678
1.8751
1.82337
1.46415
2.32892
1.3828
2.142
0.93447
1.37203
1.20676
1.98753
1.59833
1.40121
2.08996
2.7522
0.929083
1.93662
1.34637
2.42346
1.32287
0.695735
1.28691
2.09496
1.30444
1.67879
1.46139
2.14165
1.51013
1.94216
1.19711
2.17679
1.27946
1.30429
1.21489
1.66291
1.49124
1.49259
1.10149
0.991017
1.83193
1.83971
1.6861
1.93024
1.02033
1.09901
0.980084
1.67036
1.87356
1.69317
1.84044
1.62239
1.59711
1.36675
0.871029
1.46676
1.73974
1.75631
1.14989
1.87495
2.46937
1.03878
2.13057
1.29409
2.57341
2.11132
2.43524
1.87145
1.64692
1.50165
0.906696
1.43506
1.51217
1.97457
1.31799
2.19268
1.0903
1.31887
2.08308
1.34655
0.968367
1.98003
0.861076
0.975973
1.59524
1.97549
1.78764
1.73678
1.73499
1.9332
2.32765
1.18502
1.53148
1.86334
2.02125
2.08028
1.51302
1.59234
2.53487
0.883093
1.87279
2.06858
1.14564
1.94075
1.58703
1.26308
2.4663
1.35946
1.3178
1.91897
1.44128
1.09182
1.44144
1.20045
0.801795
1.74787
2.1055
2.28094
1.40929
1.2658
1.35145
1.35364
1.3224
0.983445
0.695338
1.41041
1.66548
1.52904
0.339713
1.70135
1.57101
1.75668
2.06082
2.53854
1.94613
2.23642
1.20301
1.53299
1.14153
1.56472
1.57699
1.80571
1.07302
1.50535
0.97008
1.19362
0.991998
0.802527
1.40355
1.37338
1.81045
2.01333
2.07662
1.55252
0.36901
1.58352
2.08046
1.54639
1.65987
1.19898
1.54272
2.13058
0.991727
1.91689
1.70102
1.56863
2.16875
2.46733
1.88907
2.0014
1.3235
0.77643
0.903931
1.20418
2.49704
1.21259
1.24667
1.49574
0.980444
1.43814
1.89943
1.92073
0.77823
1.0415
0.662683
1.1277
1.54146
0.843897
1.50293
0.94858
0.51045
1.27053
1.32391
1.24169
1.06814
1.73715
1.86921
1.62982
1.39162
0.592767
0.873594
0.79348
2.09011
2.00678
1.3882
0.778001
0.764266
1.60581
1.58874
1.9876
1.07857
2.16019
1.05373
1.26152
1.13407
1.82049
1.60704
1.52873
1.3625
1.84351
1.49002
0.737179
1.7052
1.10252
1.72973
1.09674
1.43075
1.37988
1.02314
1.8085
1.41943
2.31051
1.46906
2.13991
1.16846
1.24417
1.54078
1.9644
1.19224
1.75001
1.19462
1.16557
1.15345
1.54629
0.986785
1.03773
1.58465
1.39475
1.73288
1.15137
1.53509
1.41594
1.24481
1.54501
1.63175
1.15669
1.62725
1.81359
1.35039
1.51724
2.16246
2.04375
1.35817
1.45081
0.827356
1.57379
1.89352
1.51604
1.32926
1.59973
1.44153
0.874098
1.61549
1.97516
1.2935
1.713
1.65733
2.26819
1.71647
1.10252
1.55208
1.80574
1.60689
1.35797
1.17769
1.52323
1.99644
1.39416
1.79565
1.96066
1.94888
1.40395
1.78133
0.91248
1.09814
0.858312
0.580878
1.4647
1.37288
1.19304
1.18113
1.78389
1.87807
1.09668
2.20182
0.849015
1.2565
1.22361
1.15739
1.60159
1.80217
0.389809
1.51441
2.17972
1.31515
1.05054
0.934116
1.20045
1.50581
1.76072
1.69239
1.90634
0.898797
1.70323
1.64876
1.40238
1.52754
1.68343
1.1681
0.842022
1.48904
2.02542
2.04513
2.11631
2.07185
1.22059
2.15863
2.02348
1.37073
1.18344
1.27264
1.61173
1.3688
1.90369
1.20287
1.59401
0.498232
1.24135
1.29377
1.24158
1.97154
1.67703
1.70409
1.22304
1.37929
1.02806
1.23926
1.44662
1.93063
2.21358
1.32364
2.2228
1.89135
1.92183
0.776833
1.94534
1.49222
2.25735
1.09849
1.76966
2.17424
0.976638
1.91865
1.83547
1.78764
1.28563
1.53835
1.95604
0.812274
2.02525
1.79113
1.42421
1.39534
1.46495
1.47213
1.21513
1.32964
0.555541
1.56988
2.1211
1.40228
1.50269
2.12095
1.865
1.58178
2.13723
1.23214
1.2019
0.953905
1.39034
0.979392
1.52654
1.68914
1.50737
1.36753
1.02182
1.79418
1.58135
1.41323
1.28926
1.11084
1.46568
2.11954
2.09718
1.14702
1.5465
1.75867
2.24499
1.49654
1.31856
2.4161
2.43861
1.57238
1.22878
1.44473
1.36357
1.5717
1.72726
1.53823
1.86824
2.03607
0.907501
1.25871
1.43519
0.685063
1.65188
1.41727
1.70622
1.94118
2.16677
2.09753
0.995232
1.56674
1.07967
1.29345
1.23867
1.02999
2.07532
1.6315
1.07932
1.85772
0.797568
2.09805
2.02029
1.24422
1.98787
1.52769
1.56616
0.719475
1.83699
2.47449
1.56091
1.82052
1.73531
1.75493
1.90246
1.12912
1.66898
1.8289
1.71576
2.06388
1.14984
1.84532
1.95361
2.04106
1.80423
1.72679
1.59204
1.82922
1.24412
1.20902
1.77229
0.768375
1.78177
0.811194
1.32134
2.30508
1.31181
1.63248
2.13082
1.29164
0.908239
1.2079
1.42754
1.09586
2.12207
1.11384
1.43014
1.80856
1.81165
0.973092
2.06079
1.76196
2.02708
1.49149
1.32882
1.64556
1.97203
1.22158
2.01084
2.06743
1.83876
1.43152
2.38013
1.57724
1.28551
1.64262
1.28806
2.08336
1.70536
1.33912
1.58468
1.63177
1.90948
0.602886
2.09172
2.20009
1.3144
2.05157
0.988528
1.38274
0.707265
1.21354
1.75413
1.34732
1.27844
1.29863
1.6721
0.910391
2.02586
1.83978
1.50092
1.60016
1.19055
1.8874
1.85278
1.34545
0.921203
1.13374
0.932834
1.25531
1.88028
1.00708
1.73573
1.26273
1.80129
2.31185
0.941295
1.86032
1.52598
0.949633
0.762093
1.65623
1.30473
0.992227
2.13629
2.23549
1.342
2.18654
1.59639
0.81393
1.22676
1.74948
1.69399
1.96831
1.1663
2.03348
2.02063
2.30435
2.49856
1.55096
0.819211
1.44718
1.94343
1.11527
1.82334
1.80546
1.71378
1.48267
1.38119
1.50225
1.37755
1.22748
1.85486
2.07808
2.23876
2.24606
1.24829
2.14862
1.84967
1.73036
1.59971
1.06043
1.56494
1.52268
1.56158
2.7206
1.52131
0.775584
1.43944
2.5373
2.27426
0.855185
1.99557
1.94957
1.50697
1.59082
2.11105
1.62148
1.26605
1.03916
1.40679
1.23403
1.35776
1.64479
1.94088
1.12137
1.80913
1.46007
1.51553
1.91314
1.18784
2.31876
1.02472
1.16809
1.51064
1.25162
2.22529
1.52445
1.43088
1.87305
1.51156
0.849232
1.80693
1.33017
2.06851
1.31458
2.08827
1.35145
1.32539
2.3777
1.49394
0.816013
1.3594
1.14361
1.3846
1.37769
0.944564
1.51073
1.52348
1.94076
1.31938
2.27941
1.22879
1.3763
1.6315
0.945354
2.22854
1.82766
0.715322
2.30649
2.24732
1.06668
0.706932
1.27576
0.720218
2.1834
1.38665
1.38758
2.1699
2.07158
1.56588
1.00535
2.23232
1.76824
1.40358
1.75171
1.81336
1.44223
0.873926
1.41997
0.985597
1.46799
2.10097
1.21967
1.29478
1.32435
1.47004
1.73539
1.90124
1.67437
0.694626
1.54655
1.55926
1.94291
1.59576
1.05483
1.99797
1.50086
1.66254
1.02378
1.03465
0.67645
1.77709
1.6128
1.544
2.43669
2.22301
1.74162
1.53243
1.30314
1.92174
2.07784
2.07342
1.61565
1.33774
1.54233
2.11795
1.45521
2.14014
1.67272
0.973455
1.46822
2.07882
1.87017
1.99642
1.5845
0.720865
1.30956
1.54632
1.75542
2.13802
1.15148
1.33391
2.09411
1.0898
1.59888
1.42711
2.186
0.614544
1.34685
1.43879
1.81535
1.08738
2.28015
1.01688
1.71479
1.07454
1.08431
1.61677
1.74855
1.6573
1.29026
1.56024
1.20445
1.78864
1.94135
0.861766
1.19541
0.886558
0.655218
1.3142
0.528358
1.01108
2.51203
2.08699
1.43513
1.65467
1.95302
1.56805
1.74334
1.25124
1.20954
1.56768
1.72108
1.65935
1.37948
1.79558
1.46363
1.30315
1.15269
1.89222
1.40144
1.44944
0.979433
0.815922
1.12655
1.95948
1.39875
1.68666
2.03368
1.45091
2.18724
1.24727
1.51364
1.11648
1.40611
1.30824
1.17655
1.20905
1.94186
2.20008
1.56715
1.46624
2.39204
1.8628
1.31067
1.2897
2.11346
1.90492
0.929111
1.38386
1.86414
0.941071
1.28939
0.992676
1.49404
1.33143
1.48203
1.21216
2.04421
1.55142
1.27155
2.03853
1.30602
1.71664
1.39608
1.34645
1.41736
2.08016
1.41507
1.8976
1.20346
1.31976
0.981541
0.945553
1.43131
0.913573
0.865005
0.976722
2.25857
1.29929
1.29291
2.54964
1.76536
1.40008
1.45511
0.795547
1.09518
1.59573
1.28258
2.28492
2.21059
1.59399
1.38187
1.86146
0.946704
1.60489
0.908296
1.45242
2.16542
1.75839
1.6806
1.40462
2.09589
1.87286
0.938572
1.72021
1.76147
0.864233
1.3547
1.55065
0.712833
0.710661
1.87719
1.58607
2.19912
1.05026
1.68334
1.10005
1.40914
1.47548
1.22291
1.4089
2.00341
2.00819
1.61644
2.38854
2.29562
2.11331
1.44467
2.17055
1.75035
1.81617
1.69403
1.9943
2.4287
2.11112
0.868472
1.44461
1.3425
1.38019
1.32145
1.5263
0.971576
2.02967
1.45027
1.1156
1.47418
0.950731
1.82862
1.66309
2.06684
2.34942
1.0381
1.4962
1.07693
1.35207
0.934334
2.3799
1.03696
1.342
1.03694
1.34102
1.30543
0.921449
1.00942
1.95464
1.1669
1.43845
2.01619
1.82357
1.87541
1.12266
1.26679
2.12274
1.28541
1.01035
1.95974
1.73678
1.51908
1.07016
1.01797
2.11303
1.46553
1.68945
1.89331
1.87643
1.67088
1.29062
2.09997
2.02185
1.56677
1.52311
1.61378
1.63239
2.5432
0.781792
1.51822
1.30783
2.29357
1.29442
1.44553
1.65004
1.55255
1.43054
2.1862
1.5888
2.48554
1.64664
1.3621
1.04509
2.18641
2.03245
1.26727
0.850996
2.19609
1.63184
1.05162
1.46823
1.4363
1.27818
0.825779
0.798943
1.96152
2.20622
1.66609
1.38622
1.26042
2.12864
1.66606
1.22988
1.9735
1.79753
1.59723
1.49633
0.776474
1.51275
1.56379
1.84513
1.95053
1.98194
1.50728
0.98654
0.643924
1.45856
0.534822
1.55268
0.851003
1.86474
1.48791
1.06865
1.86886
1.24326
1.78623
1.43802
1.07314
1.96205
1.12453
2.10235
2.15066
0.900349
2.10521
2.05535
1.13195
1.40726
1.00942
1.69256
1.6703
1.2711
2.14135
1.54379
2.16575
1.11561
0.710784
1.8097
1.5993
1.68772
2.27722
1.03914
1.41014
0.447376
1.51076
0.888195
2.1415
1.24667
0.977506
0.428918
1.73087
1.68638
1.22586
1.34303
1.44165
1.71504
1.42456
1.69548
1.91839
1.54449
1.85997
2.52405
1.7663
0.861326
1.80072
1.41823
1.51993
1.85081
2.15585
1.97522
1.57568
1.95065
0.662607
1.48414
1.97086
1.98447
1.77207
1.70093
1.29969
1.34444
1.29706
2.0247
2.07771
1.04554
1.87893
1.15359
1.50374
1.91619
0.885053
1.49395
1.20908
1.44399
0.826207
1.48754
1.71096
2.13453
1.4371
0.539333
1.46365
0.959006
1.65047
1.56852
1.50936
1.55798
1.96945
1.37974
2.14244
2.09637
0.771733
0.767804
2.02055
1.10691
2.33014
2.54594
1.83038
1.92499
1.70671
1.8197
1.43308
2.56028
2.27081
1.68561
0.849381
1.59601
1.93088
2.08296
1.19234
1.90542
1.03572
1.38672
0.926141
1.1474
0.683968
2.45894
1.87157
1.37576
2.23287
1.7212
1.50758
1.5152
1.44621
0.556189
1.80939
0.939708
2.10628
2.07064
0.600693
1.54088
2.38507
1.62699
1.39465
1.60755
1.74514
1.5443
1.27353
1.81356
1.65157
0.819423
1.62884
1.66508
1.60245
0.932717
0.742869
1.93977
1.1476
2.38528
1.91754
1.89577
1.36938
1.37647
0.899643
1.24112
2.43501
1.59192
1.76346
1.20503
1.91852
1.74765
1.65598
2.62922
1.18481
1.39715
1.60089
1.72577
2.10326
1.73468
1.32776
1.96394
0.79757
1.4793
2.09693
0.686606
1.4785
1.03216
1.90492
2.10837
1.48218
1.00284
1.52085
1.21058
1.46089
1.72452
2.08595
1.30011
1.05418
1.67235
1.4804
0.973038
1.59295
1.5689
2.02606
2.20597
1.5472
0.728527
1.39391
2.69782
1.62649
2.76493
0.795905
1.83211
2.04729
1.71232
0.834078
0.857303
1.42314
1.44682
1.11926
1.71554
1.5247
2.12038
1.04966
1.85519
0.441683
0.592542
0.980982
1.12395
1.91447
2.02789
1.65745
1.18357
2.08448
1.75122
0.940989
1.77266
1.22135
1.39837
1.51547
1.92216
1.94599
0.606622
2.26643
0.604369
1.28472
1.0465
1.42296
1.39099
1.07431
1.54491
0.74287
1.15711
1.50917
1.30125
1.8458
1.19698
1.75917
2.46278
1.44239
1.77871
2.33655
1.45495
1.08899
1.40525
1.95098
0.966409
1.76212
1.7862
1.48818
1.83335
0.966523
1.78345
0.409898
1.60923
1.85357
1.10347
1.45574
1.58347
1.47608
1.36282
1.98554
0.692458
1.76868
1.84047
1.44759
1.63927
1.96949
0.88945
2.20087
1.06438
2.32967
2.19278
1.53753
1.55163
1.88297
0.899807
1.3236
1.55499
1.76221
1.68254
2.55817
1.52904
1.41217
2.36874
0.68343
1.98547
1.59836
2.31051
1.75572
1.0685
1.15385
1.38361
1.88649
1.66652
1.63046
1.88791
1.41881
1.28462
1.4186
1.79058
0.952346
1.62349
1.49259
1.46976
1.4655
1.20322
1.85958
1.46525
1.63661
1.26432
0.807974
1.3923
1.14301
1.02602
0.696028
1.78581
1.61848
1.01413
1.55407
1.87637
1.75376
1.72337
1.05106
1.63892
1.57861
1.69256
0.866508
1.80032
1.20141
2.11374
1.13567
1.19868
1.60767
1.57527
1.29735
1.96591
0.757503
1.15839
1.84783
0.603101
2.15291
1.58525
0.764723
1.62126
1.28611
1.39472
1.11906
2.23712
1.24116
1.36225
1.083
0.941819
1.83724
1.48625
1.42088
1.74774
1.85189
1.52192
1.90679
1.46476
1.73393
1.27785
2.41446
1.26849
1.59277
1.59237
1.43599
0.974358
1.74167
1.64974
2.07788
1.14489
1.15305
1.14307
1.74824
0.924577
1.58502
1.6547
1.66566
1.71386
1.56933
2.00359
1.47323
2.01133
1.13217
0.924271
1.58221
1.13326
1.75476
1.33372
1.20214
0.826248
1.92125
1.96992
1.82303
1.50061
1.56713
1.57403
1.33552
0.966481
1.51241
0.812086
1.30295
1.54913
1.58465
0.681296
2.52269
1.79174
1.76986
2.28802
1.89152
2.29679
1.47853
1.84453
1.06395
1.44696
1.00388
1.7233
2.01849
1.80454
0.969166
0.998683
1.78927
1.25825
1.7209
1.4709
1.50923
1.56225
1.71269
1.20607
1.01751
1.14583
1.94441
1.54943
1.80715
1.08678
1.55218
1.28137
1.33949
1.85838
1.4419
1.76952
1.97718
0.453944
0.540956
0.945095
1.42511
1.40389
1.29339
1.19443
1.11865
1.76837
1.87535
1.19573
0.854672
1.28054
2.58149
1.79158
1.80652
2.09573
1.5791
1.30782
1.37627
1.22557
2.04778
0.773333
1.41137
1.25352
0.8995
2.1395
1.48439
1.56991
1.41285
1.64322
1.35509
2.07405
1.82215
1.27345
1.31805
0.752873
2.08806
1.26109
1.4281
2.44042
0.974413
1.50269
1.06082
1.99962
1.37115
2.03661
1.84311
1.99428
2.60392
2.62201
1.8103
2.12537
1.038
1.90912
0.845668
1.81768
1.19927
0.850977
2.01208
1.38533
1.70388
1.20901
1.5324
1.89843
1.61083
1.62466
2.06934
1.54116
1.88794
1.37951
1.95355
0.912985
1.40679
1.1398
1.94396
0.998267
0.730263
1.72479
1.32074
1.63566
1.42607
2.09774
1.21706
2.24471
1.66849
0.977079
1.4475
1.64245
0.883847
1.26892
1.48696
1.61937
1.20807
1.95681
1.58819
1.42563
0.757498
2.18394
1.60798
2.1657
0.986325
0.785387
1.51917
0.993043
2.03383
0.958048
1.45274
1.3735
2.28719
1.73307
1.04277
2.31519
1.90608
1.89331
1.41588
1.87641
1.71904
1.59149
1.37534
1.92125
0.796947
1.02761
1.26892
0.835713
1.12999
2.00315
2.05866
1.88702
1.25971
1.75482
1.28418
0.847242
1.14943
1.13925
2.0842
1.81705
1.82039
1.44116
0.683286
1.64288
1.52937
0.883487
0.505836
2.64942
1.43682
1.76687
2.21328
0.987112
1.55578
1.8252
1.34138
1.05387
1.56662
1.83429
2.23001
2.15748
1.35324
1.94816
1.92135
0.864733
2.25002
2.38889
2.02993
2.14177
0.854411
0.759033
1.18311
2.11387
0.826215
1.46998
1.4019
0.907953
1.75935
1.69931
1.56558
1.00278
2.23612
1.01179
1.18048
1.10375
2.65928
1.32254
0.946872
1.38137
1.28608
1.19117
0.913298
2.08483
0.977966
2.13203
2.26904
0.742997
1.42421
1.17338
0.978396
1.86564
1.07367
1.13468
1.29859
1.68721
1.14824
1.97101
0.917063
0.727847
1.51969
1.65268
1.15399
2.22985
2.21585
2.07087
2.51353
1.60303
1.36678
1.42693
1.79171
1.47065
1.10968
1.66775
1.71701
2.12433
2.33285
1.69036
1.40196
2.21801
1.5011
1.13394
1.14195
2.33731
0.849285
2.05984
1.47381
1.8797
1.07493
1.33572
1.57141
1.18317
1.62846
0.970574
1.60807
1.0302
0.851565
2.03922
1.60599
1.15585
1.30299
1.4215
1.36251
2.48955
1.65479
0.937851
1.85895
1.55966
0.59777
1.71725
1.69336
2.12904
1.02556
1.69637
1.22398
2.17024
1.10989
1.52537
0.632654
1.59402
1.74633
1.31073
1.254
1.79897
1.70231
1.79415
1.68334
1.17309
1.25298
2.55969
2.33063
1.59433
0.831305
1.83256
1.215
0.730975
0.978481
1.14388
0.652169
1.14776
1.60517
1.74716
1.51407
1.96893
1.71035
1.16411
1.86319
0.95895
0.968037
1.40215
1.43704
1.29599
1.40424
0.771599
2.11131
1.32737
1.51767
1.45002
1.38379
2.38679
1.73127
1.52488
1.6861
1.31616
1.6135
1.09755
1.43322
1.81792
1.16836
1.77872
1.78809
1.4423
0.80218
0.703933
1.49149
1.9016
2.33018
2.53278
0.695272
1.88498
1.49584
2.21662
1.89029
1.68061
0.986537
2.2352
1.24872
1.86752
1.36291
2.28463
1.02179
1.08328
2.36622
1.54003
1.62612
1.08547
1.53142
1.34551
1.6229
1.435
1.24226
1.51651
1.17262
1.60019
1.53789
0.79281
1.14072
2.24459
0.87331
1.52928
1.72621
1.65975
1.48334
1.30204
2.09842
2.65651
0.991918
1.18508
2.31537
1.03601
2.09831
2.40643
1.92034
1.67777
0.899796
1.54101
0.737745
1.67695
1.55456
2.09095
1.29927
1.08996
1.03135
2.07409
1.00432
2.17629
1.60959
1.72769
2.29444
1.884
1.89054
1.33679
1.93995
0.570739
1.82676
1.29795
1.42718
1.43742
1.51981
0.643185
1.1444
1.45193
2.04353
2.07686
1.80185
2.21783
1.16065
1.19065
1.02634
1.68033
1.08473
1.05328
1.53111
1.29555
1.31263
1.22664
1.39301
0.994014
1.65751
1.05571
1.41736
1.41872
1.46041
1.58917
1.1465
1.39373
1.77485
1.10265
1.40035
1.27315
1.57006
2.03758
1.72475
2.18715
1.10369
1.49841
1.56555
1.54409
1.99218
1.42767
2.16119
1.25554
1.48387
1.82146
1.83983
1.64661
1.51987
1.51788
1.39009
2.70293
0.55151
0.969268
1.67385
1.09291
0.268961
0.630133
1.80248
1.76122
1.64337
1.52506
1.05455
1.66404
1.21905
1.05142
1.31622
1.1915
1.43161
1.75115
1.69988
1.86512
2.25731
1.46093
