0.998714
1.41952
1.77504
1.21795
1.74886
1.63285
1.75202
1.07654
1.61463
1.52397
1.74781
1.40416
1.34031
1.66965
0.902837
0.878028
1.74719
1.74877
1.64655
1.54446
2.35093
1.5487
2.08037
1.09817
0.642752
1.38504
1.00338
1.44713
1.87205
1.35944
1.87769
0.478366
1.19088
1.27446
1.28303
1.96172
1.15713
2.45461
2.1313
1.06067
1.27828
0.990762
1.47955
2.69085
1.88682
1.51101
1.34789
0.879428
1.24865
1.36899
1.91833
1.37114
1.66953
0.86439
1.20496
1.08328
1.40297
1.26495
1.04381
0.952677
1.58
1.92775
1.07238
0.918765
0.893715
1.34732
1.45974
1.23919
1.57659
1.92391
1.29317
1.65473
0.93292
1.15107
1.60505
1.37801
1.40166
1.58679
1.31301
1.88419
1.46482
2.06116
1.57263
0.966447
2.02131
1.69474
0.921142
1.33968
1.76296
2.05098
1.9955
0.912792
1.68008
1.5096
1.59674
2.12543
0.525236
1.1039
1.4797
2.56194
1.80091
1.61289
1.44236
1.34002
2.16808
1.94118
2.00369
1.62725
1.42625
0.853171
1.44854
1.09292
1.50637
1.35301
1.70813
2.03109
1.33689
1.39143
1.74223
1.25069
2.23611
1.56127
0.621773
1.96671
1.51088
1.25464
2.07019
1.56521
2.08602
1.46255
1.93607
1.61408
1.49547
0.667586
1.69237
1.85688
1.382
1.49822
2.20053
0.624365
1.53084
1.9947
1.27098
1.24638
1.41625
2.03792
1.52183
2.55997
1.86812
1.75808
1.22541
1.93315
1.57611
1.07877
1.40463
1.60162
1.69422
1.32423
1.83092
1.43676
1.70399
1.91223
1.55502
1.21715
1.503
1.20873
1.53785
1.55801
1.53287
1.05423
1.3532
1.4475
1.93192
1.52855
1.93868
2.25345
1.13138
1.51941
1.21112
1.88839
1.2235
1.52891
1.80687
1.06518
1.34238
1.76893
1.1913
1.43198
0.728273
2.13189
1.36924
1.17519
1.59198
2.2124
1.80586
1.25606
1.57598
1.74452
1.87529
2.24228
1.64521
0.898564
0.888059
1.45917
0.904909
1.15865
2.04676
1.65935
1.49027
1.63309
1.14321
0.599369
0.996935
1.30017
1.63669
1.20376
1.35539
1.18502
1.81516
2.16898
1.86717
1.92912
1.45562
1.57296
2.00668
1.73622
1.21547
1.9961
2.0144
1.21482
2.12089
2.14717
1.99638
2.00698
1.66579
1.16534
1.10818
1.52712
1.78495
1.52577
1.36113
1.72046
1.02505
0.929958
1.02587
1.75804
1.10313
1.99222
1.20627
1.80568
1.20927
1.14978
1.33321
0.875861
2.35515
1.23125
0.795108
1.07894
1.84307
1.92005
1.55065
1.02005
2.15023
1.46397
1.63566
0.719539
1.96787
1.86695
1.36219
1.99499
1.95598
1.36463
0.853831
2.1849
2.36668
1.60065
1.56996
0.654361
2.44516
1.65751
1.69274
1.22057
1.42132
0.766621
1.32265
1.55007
1.54366
2.11561
1.89744
1.23693
1.84802
1.9311
1.26247
1.92859
1.92593
1.23186
1.22486
0.698515
0.716454
1.00869
1.40413
1.95506
1.46458
1.88156
2.0061
1.62771
1.37916
1.59888
1.38529
1.22632
1.69008
1.38497
1.47556
1.51327
1.38833
1.19084
1.73505
0.89051
1.34331
0.968725
1.35284
0.996015
1.36711
1.31155
1.16068
1.49685
1.56585
2.12496
2.79419
0.99562
1.64839
1.9624
0.836208
1.59814
1.17268
1.08785
2.32924
1.78983
1.72821
1.37372
0.944506
0.896516
1.61622
1.14959
1.95365
1.26601
1.27477
1.1894
2.17552
1.49437
0.971762
1.37565
1.51486
1.75215
1.38504
1.51168
1.47335
1.33946
0.588288
0.914794
1.55465
1.51385
1.76918
1.26508
1.26275
1.56689
1.40023
2.21281
1.67112
1.30137
1.66959
2.34073
1.27583
1.31133
1.07412
1.30049
1.0249
1.99791
1.68856
2.06746
1.92502
2.27248
1.21103
1.84484
1.01747
1.25034
0.852899
1.35144
0.709831
2.86934
2.11021
1.0008
1.9458
1.85843
1.93846
2.03682
1.65304
1.21423
1.28169
1.70202
1.42113
1.30318
1.76943
2.00657
1.29061
2.50539
1.02981
1.40803
1.42548
1.20869
1.69413
1.2221
2.07952
1.41006
1.94151
1.26189
2.04511
1.21461
1.49195
1.30488
2.32993
1.58365
1.27155
1.29043
1.43531
1.22698
2.30867
1.19714
1.54998
1.54638
1.83241
1.2984
1.24719
2.24768
1.52983
2.15718
2.06817
1.48779
1.7439
1.14443
1.47675
1.36755
1.2215
1.12821
1.54241
1.63841
0.873126
1.18707
2.28489
0.990538
1.56317
1.74985
1.43556
1.75491
1.31947
2.1471
1.87758
1.34992
1.17746
2.23874
1.35561
1.36332
2.16583
1.66499
1.05704
1.24935
1.54861
1.33523
1.74985
1.68374
1.58374
1.39918
1.43266
1.00256
1.81875
0.778135
1.31319
2.00181
0.827606
1.54907
1.8882
1.14428
2.60067
1.01701
1.57312
1.17846
1.49248
0.88476
1.28831
1.43152
1.55132
1.28284
1.17803
1.5986
2.16731
1.3731
1.82818
1.96876
1.46972
1.95457
0.654959
2.58479
2.18282
1.65825
1.88628
0.729168
1.10175
1.10723
1.61506
1.60688
1.46138
1.14121
1.50396
1.92282
2.06199
1.0297
1.4604
1.46271
1.95095
1.25533
1.77965
1.6676
2.16296
1.76016
1.22404
1.43876
1.44756
1.039
1.04298
1.21122
1.00074
2.66239
1.46949
1.61935
1.18238
2.48986
1.14887
1.45585
1.9348
2.06754
1.55084
0.988386
1.03327
1.35957
1.53655
1.02074
0.812648
1.38178
1.31897
1.22781
1.52121
0.897361
1.65041
1.50312
1.75004
1.00893
1.33717
1.61534
0.736644
1.39423
1.67795
1.96086
2.44888
0.985343
1.31096
1.43273
1.1129
1.14209
0.969551
1.20516
1.01905
1.34078
1.87349
1.91035
1.35133
1.65488
1.56829
2.00445
1.57542
1.34689
1.53349
1.49712
1.51987
1.66591
1.2324
2.27496
1.6272
1.03399
1.3209
1.18241
1.9736
0.94559
2.08575
1.46117
1.24009
1.46545
1.66039
1.52384
2.18955
1.16773
1.08216
0.71731
1.78542
0.78128
1.5026
1.95968
2.1072
2.0908
1.53804
1.84234
0.951836
1.3462
0.850571
1.60167
1.25682
1.9732
2.363
1.35517
1.62441
1.89277
1.61164
2.05156
2.03455
1.66355
1.22942
2.28802
1.9077
1.62887
1.05231
1.64312
0.766269
1.36949
1.35545
1.74173
1.42508
1.50453
1.8043
1.51993
1.49994
0.924281
1.6367
1.14868
0.872934
2.30891
2.21194
1.81573
1.83092
2.585
1.71608
0.769783
0.746798
1.13589
1.37845
2.06923
1.72611
1.7037
1.3751
1.08654
2.04442
0.97207
1.25411
1.27685
1.8207
1.85729
2.15513
1.90605
2.20575
1.60546
1.33906
1.07717
1.81379
0.66168
1.42135
0.886412
1.6037
0.992832
1.92553
1.67395
1.27865
2.16356
2.72175
1.60101
1.52871
1.87126
1.36911
1.11146
1.62252
1.6539
1.29136
1.40141
1.17064
1.30118
1.67572
1.90802
1.91846
1.9741
1.95282
1.70318
1.06306
1.94684
1.9808
1.47519
1.40857
1.19317
1.11968
1.80875
1.24434
1.23744
2.26014
2.04263
1.92984
2.05526
2.6708
0.893765
1.70756
0.626174
0.719453
1.57141
1.54011
2.08299
2.14585
1.1812
1.91249
1.65261
1.86073
1.09394
2.13456
1.61836
1.83938
1.29922
1.17581
1.69563
1.32171
1.44356
1.07204
1.58882
1.36277
0.602865
1.24103
1.36113
1.90095
1.35653
1.38504
1.73839
1.33814
1.07371
1.93905
1.21755
1.3913
1.70237
1.84313
2.19001
2.49972
1.82168
1.45303
1.47187
1.08111
1.92271
0.961527
1.37618
1.27555
1.92301
2.20818
1.26399
1.30691
1.62563
0.756122
0.986695
2.0854
1.16366
1.2836
1.27762
1.21891
1.63982
2.06268
1.46786
1.33999
2.21419
1.90389
1.1269
0.598558
1.4334
1.06914
1.77858
2.06234
1.5525
0.975683
1.86956
1.71476
1.49241
1.24364
1.12254
1.0519
1.47752
1.18226
0.605432
1.1149
2.07655
1.28615
0.742247
1.51229
1.96753
1.70083
1.4006
1.39853
1.54813
1.03091
1.47507
1.40272
1.32048
1.52824
1.51663
1.25336
0.820814
0.812604
0.453325
1.55468
1.95575
1.68229
0.902992
1.7101
1.53976
0.979303
1.51067
1.41668
1.3297
1.98747
1.16147
2.20809
1.62368
2.73866
1.64048
0.744811
1.63337
1.39248
1.03772
2.78278
1.64172
1.31221
1.86474
2.0875
1.03329
2.19053
1.85831
1.4686
1.95124
1.28239
1.37297
1.88201
1.05904
2.19993
1.24702
1.69628
1.85783
2.25709
2.18852
1.79343
0.950045
1.53081
2.19075
1.4774
2.0798
1.50098
2.21204
1.35694
1.36051
1.45451
1.0384
0.91562
1.28175
2.25927
0.963167
0.924488
1.19789
1.22573
1.44848
1.02206
1.43134
1.75923
1.95582
1.10436
2.46231
2.07791
1.84193
1.91849
1.52407
0.890717
1.55456
1.73678
2.0313
1.47249
1.26631
1.2772
1.84697
1.09091
1.20075
1.19757
1.7832
1.20749
1.17141
1.0913
1.95237
2.27439
1.45899
1.8883
1.55081
1.89132
2.04306
1.08039
1.50355
1.01823
1.35501
1.42946
1.20245
1.55963
1.01138
1.28819
1.38255
1.19517
0.792639
0.825913
1.75394
1.27882
1.40095
2.10465
1.16092
1.82512
1.78377
1.12968
1.93245
0.950411
1.44276
1.36872
1.75948
1.3466
1.38276
1.32498
1.22599
1.53179
2.00954
2.45075
1.30239
1.40933
1.96244
1.22448
1.89132
1.19278
0.51251
0.756778
1.45487
1.59393
1.78489
1.73795
2.24129
1.5352
1.82092
1.18323
2.31304
1.32395
0.918666
0.857086
1.46142
2.20019
1.48114
2.42978
1.29554
2.21443
2.1727
1.83095
1.04621
1.90874
0.948482
1.33328
1.35217
1.79462
1.33152
0.965619
1.40467
1.1663
1.34432
2.33818
1.52891
1.4603
1.85395
1.69852
2.65045
1.59372
1.89998
1.53261
1.10108
1.85939
1.996
1.1199
2.21977
1.66291
1.25438
1.61625
1.21997
1.21201
0.473522
0.844103
1.85558
1.35076
2.43667
1.68168
1.34901
0.371901
1.48169
2.04669
0.970803
1.59036
1.34513
1.23221
2.39812
2.37325
0.965848
1.80047
1.55712
1.28347
2.5396
1.1888
1.03543
0.836384
0.972166
1.55682
0.731492
2.19956
2.12835
2.08021
1.43593
0.984862
2.25315
1.10948
1.12847
1.17246
2.74578
1.29894
1.35064
1.15935
1.47556
1.66246
1.69532
2.45803
1.04237
1.61062
1.68392
1.23262
1.27601
1.28926
1.29992
2.01365
1.30634
2.18021
2.28357
1.02821
1.43453
1.74093
1.12976
2.27793
0.663111
1.3487
1.60446
1.07954
1.52546
1.70893
0.442833
1.62386
1.43098
1.01595
1.95882
2.48282
1.59234
1.24734
1.38994
0.45729
1.5155
2.164
0.766554
2.45313
1.72315
1.71403
1.92762
1.62664
1.61548
1.2989
0.551427
0.967652
1.64508
1.57548
0.774832
1.59198
1.85589
0.586617
1.51425
1.3458
1.6194
1.36967
1.09978
1.3507
0.990492
1.63652
0.988161
1.42924
1.19855
2.0595
2.47557
1.66461
1.28685
2.41929
2.34228
2.18253
1.78733
1.73573
1.25371
1.98627
1.70831
1.42748
1.0802
1.65653
1.62093
2.02247
1.45669
1.81297
1.19018
0.651612
0.404223
1.42199
1.92131
1.36843
1.47111
1.45899
1.5736
0.700207
1.13568
2.05932
0.896828
1.57536
0.644457
1.72475
1.34939
1.94501
1.35358
0.978458
1.37714
0.573034
0.968289
1.8344
1.16018
0.995896
0.89137
0.803076
1.78586
1.22252
1.94814
2.00187
1.68706
2.29245
2.02973
1.55504
2.4885
2.17598
1.16338
1.46071
1.21605
1.69188
1.69883
1.2081
1.58294
1.66812
1.34419
1.81809
0.957589
1.26969
2.40773
2.46512
1.52729
1.32101
1.26458
0.884994
1.24676
1.72633
0.882656
1.57037
0.922899
1.25664
1.58313
0.89451
1.70801
1.76066
1.51174
1.29555
1.69133
1.71836
1.52577
1.81707
1.27307
1.55348
1.89002
1.71522
1.80201
1.32359
0.952962
1.33529
1.46961
1.14618
1.21767
0.627177
1.30321
1.24088
2.16938
1.92437
2.12562
1.0961
1.35245
1.20143
2.36459
1.42687
1.78683
1.9882
1.31326
1.80179
1.62429
1.48561
1.68099
0.935198
1.60544
1.0877
1.67451
2.13587
2.35185
1.26932
1.18766
2.50157
0.903092
1.70807
1.29159
0.836947
1.10634
1.03139
1.44329
1.8063
2.26139
0.953323
1.78714
0.774056
1.03833
1.13676
1.1029
1.37217
1.35594
2.00593
1.70366
1.07676
2.2456
1.22757
1.48482
1.03914
1.62912
0.935598
1.20019
0.620194
1.30622
1.16424
0.759226
2.23244
1.69717
1.3257
0.965922
1.55047
0.67479
0.774503
1.79768
1.76557
1.70332
1.51403
1.40964
1.61036
2.26047
0.673205
1.36004
2.04732
1.96363
1.56158
1.73121
1.91761
1.36799
1.2139
0.971394
2.08404
1.92008
2.15885
0.549776
1.70172
2.0245
1.75488
1.02647
1.76607
0.773567
1.42421
2.20636
1.87836
1.36964
1.80621
1.93859
0.654181
1.06748
1.19248
1.98644
0.175496
1.83048
0.978913
1.64869
0.853788
1.36213
1.15485
2.46921
1.25535
0.964577
0.675749
0.981933
1.35308
1.44848
1.2938
1.95325
2.37856
1.85751
1.11518
1.32995
1.79064
0.663352
1.07517
1.64075
1.99495
1.33686
0.669558
1.30045
2.0381
2.0891
1.79027
1.32229
1.85167
1.6718
1.07957
2.49667
1.87808
1.28055
2.01703
1.35623
0.88238
1.37372
0.285979
0.922958
1.59076
1.6517
1.46513
1.94928
2.06082
1.90799
1.26071
1.32762
1.50361
1.40727
1.68408
1.03724
1.36063
0.852034
1.60193
1.95961
2.14142
0.691554
2.2131
1.20058
1.51681
0.610164
1.6095
1.33447
1.26199
1.44045
1.48065
1.58279
1.14919
0.805833
1.38796
0.968805
0.797248
1.33617
0.969341
1.9515
0.971784
2.64259
1.64964
1.03902
1.70921
1.40896
0.861653
1.03396
2.33322
0.759653
1.5744
1.82234
2.08029
0.851388
1.16717
1.92313
1.02578
1.19219
1.08664
2.04034
1.69471
1.9961
1.34489
1.52546
1.19014
1.11971
2.17485
1.41783
1.19815
1.80574
1.36856
1.30359
1.56781
1.32271
1.46396
1.16394
1.79706
1.30843
1.75649
1.56298
1.60695
1.182
1.34544
1.21794
0.98221
1.652
1.9111
0.502411
1.4184
1.12712
0.665943
1.51761
1.22658
2.66138
1.33108
1.82196
1.39633
0.731846
1.13926
1.2469
1.36376
1.94003
1.3155
1.70536
1.42533
1.3726
1.48723
1.81438
1.99529
1.76084
1.38836
1.91865
1.53966
1.22735
1.64062
1.03216
1.02892
1.54012
1.56555
1.98468
2.13672
1.09936
1.27361
1.68994
1.31919
1.88227
1.46878
2.3691
1.44264
1.46624
1.8413
1.06113
1.32558
1.69335
1.14079
0.965771
1.18376
2.0999
1.16662
1.10491
1.65996
1.71642
1.90906
1.5951
1.62661
1.37441
0.796969
2.0246
1.32442
1.08961
2.29219
0.836753
1.05819
1.30928
1.86813
1.1408
1.80904
1.90247
1.03419
1.47286
1.07544
1.40215
2.19804
1.01369
0.728049
1.78981
1.51914
0.985252
1.87714
1.67576
2.51818
1.65277
2.14529
1.79891
2.08553
1.29858
0.800383
1.7779
0.726004
1.90356
1.03664
2.07351
1.86771
2.22484
0.786715
1.71412
2.0904
2.12149
1.5294
1.80468
0.897083
1.5675
1.77261
1.01381
1.61796
1.47659
1.73802
1.44861
1.66524
1.19524
2.04758
1.37543
1.4857
1.37115
1.44221
2.12576
1.11961
1.51443
1.22508
1.86165
0.903215
2.30925
1.98055
1.48394
1.35874
1.22679
2.35207
0.812487
1.0657
0.866071
1.22894
1.50934
2.00976
1.36862
1.22125
1.15996
0.81309
1.11227
1.6356
1.68064
1.52946
1.77211
1.02692
1.75001
2.25372
1.18784
1.07967
2.26444
1.41409
2.47543
1.96777
1.08707
1.11508
0.742832
2.23564
1.47145
1.46941
1.62369
1.25477
2.26419
1.59045
1.18463
0.958049
1.62154
1.30719
2.28328
1.54924
2.18694
1.74204
1.18188
1.51793
1.10062
1.73994
1.10745
1.0828
0.709366
2.22742
0.458467
1.04488
0.647953
1.21423
1.92333
2.45747
1.11044
1.83239
1.63844
2.07637
1.61984
2.31222
1.16892
1.50223
0.831486
0.823086
0.996716
1.8764
2.06691
1.81875
1.45954
1.03247
1.63646
1.89827
1.57022
1.48022
1.64496
1.10402
1.39428
2.0644
1.04118
1.9424
1.46157
0.944725
1.90311
1.401
1.48106
1.63181
1.68113
0.791941
0.990149
1.07026
1.6026
2.18461
1.22174
0.997545
1.8173
1.80618
1.91756
1.20359
1.62349
1.54263
1.76411
1.40946
1.64839
1.49893
2.01677
1.59628
1.49394
1.36955
2.0849
1.75724
1.28872
1.8437
0.819328
1.9347
1.33146
1.1783
1.2337
1.45945
2.07271
1.21201
0.992994
1.59637
1.76171
0.804104
1.34839
1.51425
1.51376
1.74019
1.6539
1.08334
1.32171
1.36178
1.57989
0.908982
1.0801
1.56311
2.1478
1.31378
0.994788
1.32857
1.3482
1.46789
2.34115
1.27723
2.3296
1.57135
1.83225
1.90272
1.3693
2.65302
1.46872
1.0182
1.62582
2.28592
1.93379
0.85805
1.16204
1.87919
1.18186
1.77366
0.792337
1.89216
2.00422
0.957114
1.95507
1.25144
1.22508
1.61387
0.799034
1.66312
1.26847
1.55487
0.991878
1.9719
1.58722
1.59106
0.584739
1.72775
1.33736
1.16311
1.31742
1.76958
0.567675
1.25328
0.944101
1.44742
1.82072
1.3532
1.49902
1.46528
1.5472
1.68242
2.1254
1.63646
1.87977
0.883092
1.67883
1.75057
1.25107
1.68137
1.7892
1.24306
1.38317
0.883185
1.64196
1.70303
1.41014
1.49669
0.783168
2.34085
1.03262
0.92059
1.25843
1.45186
1.53206
2.02838
2.10613
1.71435
1.17173
1.31415
2.23867
1.57818
1.615
1.70473
2.21059
1.10968
2.13455
1.25085
0.649854
1.5454
1.91288
1.27924
2.29401
1.56568
1.55902
1.02099
0.802956
1.66571
0.986472
2.41777
2.17841
2.12957
1.80223
1.95105
2.04782
1.15171
2.11262
1.855
1.10598
1.51125
1.24866
1.93676
1.61341
0.9831
1.51315
1.18176
1.06982
1.75718
2.35632
1.64328
1.15811
1.05962
1.48445
0.964509
1.71331
1.6125
2.27384
1.32966
2.36353
2.34048
1.32076
1.80541
1.80263
1.59167
0.968556
1.27107
1.307
0.593154
1.91683
0.541418
1.32655
1.41078
1.74805
1.60727
2.41334
1.54644
1.68678
1.88399
1.84098
1.49844
1.23667
1.41489
1.72231
1.71405
0.786675
1.41341
1.73489
0.992939
1.92158
1.06144
1.07169
1.89338
1.30185
1.46108
1.14916
1.67671
1.12096
1.43106
1.03595
1.30899
1.82183
0.975169
1.89789
1.18771
1.61048
1.29852
2.03757
1.35047
1.30495
0.827838
0.674324
2.02082
1.43864
2.36877
1.58941
1.28354
1.25638
1.87573
1.77326
2.17911
0.509263
0.862318
2.26722
1.56436
2.02443
1.16517
1.04818
1.41758
1.02414
1.90066
2.14281
2.17427
2.53068
1.33284
1.3772
1.41736
0.880477
1.36174
1.44282
2.42774
1.55705
1.56372
1.28185
1.70296
2.15989
1.3612
1.87893
1.91285
1.45039
1.30871
1.28748
1.71041
2.15951
2.17309
1.47754
1.32964
1.47666
1.45641
2.2038
1.60852
1.99549
1.6941
1.02207
1.1285
2.29393
1.8082
1.21852
1.34948
1.3609
1.40556
1.69502
1.66867
2.21487
2.28074
1.73132
1.96112
1.46274
1.82177
1.29973
1.90056
1.15944
1.23292
0.978849
1.38659
1.55853
1.3095
2.04134
0.469753
1.64648
1.69034
1.55606
1.33093
1.70936
2.05077
1.41848
0.973927
2.22867
1.36613
1.95572
2.28897
1.72959
2.07903
1.54467
1.44694
1.30171
0.83877
1.3349
1.56088
1.2647
1.22872
1.44039
1.58145
0.906921
1.33896
1.1958
0.935403
1.41045
1.30362
1.94974
1.69096
1.38376
1.36058
1.27275
0.975677
1.26989
1.73981
1.84472
1.19471
2.54374
0.984569
1.58371
1.50526
2.46838
2.09021
1.91787
1.72658
1.72692
1.38864
0.857054
2.2497
1.8368
1.42958
0.62878
1.9713
1.29557
1.88586
1.88804
2.03658
1.52229
1.83373
2.01717
1.52482
1.56652
2.10554
1.70887
0.939941
0.943565
0.998063
2.33849
1.98922
1.08251
1.02289
1.07232
0.805444
1.58595
1.31668
1.89499
1.51414
2.08982
1.05788
1.2109
1.05048
1.7789
1.51828
1.79127
1.7736
1.46446
1.19706
2.32195
1.98088
1.66376
1.33993
0.713848
1.96529
1.27549
1.82386
2.13181
1.22177
0.705537
1.12989
1.39775
0.931808
1.35082
0.916491
1.99162
1.49623
1.2122
2.37086
1.70252
0.69093
2.13517
1.48371
1.36725
1.53337
1.35786
2.2015
1.76507
1.80624
1.48978
2.08693
2.31998
1.29782
1.26182
0.794498
1.72349
1.79383
2.25825
1.69514
1.1418
0.626248
1.10218
1.65757
1.35028
1.61689
0.615979
2.33991
2.29384
2.03874
1.19724
1.60504
1.14458
1.33466
1.09689
1.48993
2.07557
2.1656
1.44298
1.7061
1.51049
1.79909
1.19829
1.92728
1.27749
1.34519
2.16051
1.03383
2.17702
0.978872
2.28405
2.0844
1.30966
1.62765
1.46765
1.27398
2.35456
1.12725
1.4089
1.45983
2.86907
1.80731
1.1656
1.84554
1.14187
1.26669
2.19348
0.868423
1.31306
2.42139
2.46392
1.46775
1.90424
1.65396
1.13481
1.86344
1.39063
1.38915
1.09984
1.54937
1.90615
1.13238
1.07604
2.16201
1.54461
1.14697
0.834466
1.5048
2.19006
1.84041
2.05099
2.01258
1.38171
1.95157
1.72151
1.47139
1.29412
1.95868
1.25337
2.06355
1.2608
1.77129
0.629904
1.80882
2.01894
1.89531
1.24012
1.08714
1.10485
1.86816
1.25355
0.859898
2.18835
1.48869
1.20718
1.3868
1.69594
1.3625
1.06485
0.693491
1.35986
0.661408
1.68662
1.55474
1.73532
1.6795
1.18712
1.65414
1.64609
1.31376
1.69033
1.55599
0.554557
1.49281
0.875776
1.58415
1.08321
1.91868
1.11903
1.7385
1.42351
1.42839
0.384883
1.08924
1.63297
1.65972
1.46633
0.918641
1.52751
1.34463
1.54546
1.51064
1.67468
1.79371
1.96329
1.09012
1.07322
1.3324
1.599
0.974873
2.17014
2.22529
1.39419
1.22713
1.56591
1.52862
1.69293
1.23272
1.36658
1.38895
1.34995
1.10215
1.31294
2.22794
1.72077
1.41752
1.78745
1.235
1.11278
1.06695
1.4501
0.576609
0.671492
1.32492
1.70148
1.05549
1.83579
0.80619
1.49229
1.08783
2.34991
1.003
2.06133
1.87196
0.73813
1.73239
1.43656
1.21202
1.1119
1.27694
1.19018
0.835891
1.48242
1.87005
1.17378
1.7394
2.14316
1.7
1.44215
1.64551
1.35989
2.35651
1.90659
1.8747
0.714803
1.45665
2.1918
1.41787
1.44854
1.45788
1.4318
1.87565
0.947044
2.21501
1.82625
1.34877
2.39667
1.65691
2.37715
1.74836
1.86663
1.40147
1.42489
1.69136
1.09339
1.46332
1.46531
1.79045
1.31692
1.65053
2.19626
1.6675
1.64322
1.08316
1.20764
1.44805
1.88714
2.28154
1.19208
1.38641
1.09901
2.17694
1.27978
1.16564
1.51007
0.827939
1.69459
1.33139
1.22794
1.67138
1.85345
0.892378
1.14674
1.73161
1.44504
1.49424
1.75929
1.66643
1.55187
1.20584
1.27704
1.0453
2.16143
2.26678
0.875963
1.03857
1.56286
1.72744
2.05895
1.6308
1.80631
1.78439
2.18865
1.58361
0.98421
2.15074
1.06278
1.12096
0.764778
1.91976
1.1767
1.739
1.27583
2.3623
1.98594
1.41446
1.41438
1.07756
1.9634
1.85784
1.70964
2.03585
1.134
1.16128
0.696339
1.24976
1.76566
1.86285
1.67875
0.984632
1.50874
1.17717
0.733638
2.11382
2.51926
2.37199
1.46341
1.62484
1.49449
1.42712
1.96437
1.94383
0.889543
1.08305
0.89177
1.31523
2.08227
1.40438
2.00033
0.905091
1.63132
1.43124
1.25683
1.35602
1.88522
1.39273
0.615685
0.912361
0.957982
1.31777
0.87058
1.44765
1.97423
1.79978
2.07554
1.98767
2.10083
1.82193
1.27082
2.09715
1.25246
1.70745
0.773095
1.60468
0.537381
1.22139
1.53108
1.71118
1.26051
1.28166
1.41421
1.80248
1.78708
1.93984
1.78758
1.70225
1.63059
1.58798
1.51092
1.89679
1.79189
1.38299
1.33529
1.29304
0.550888
2.03088
1.06209
1.8344
1.33535
0.965439
1.42094
1.07377
0.977469
1.44021
1.68186
1.70905
1.60779
1.05324
1.58868
1.59625
1.67051
0.981397
1.76125
0.79295
1.54
1.46308
1.63584
1.89589
1.48622
1.42582
1.41523
1.17118
1.10538
1.1728
1.18852
1.10668
1.72608
1.55396
1.14563
1.03553
1.21904
1.62496
1.03652
1.03056
2.10423
1.09931
1.62566
0.921834
1.27796
1.33516
1.17161
2.0683
1.4642
0.939781
1.90809
1.88227
1.4553
1.16803
1.33774
1.18541
1.43715
1.71849
1.64961
1.6238
2.76168
1.50226
0.685952
1.07515
1.25753
1.62411
1.71821
1.33636
1.50153
1.45162
0.713512
2.00961
1.53184
0.848054
0.900851
1.92339
1.5603
1.17371
1.92268
1.50263
1.91715
1.64772
2.55287
1.42184
1.25156
1.56041
1.82771
1.45125
1.36737
1.7902
1.88265
0.853341
1.84326
1.48775
1.55157
1.24402
1.34326
1.27547
0.909342
1.06158
1.71966
1.46034
2.36529
1.59714
1.09156
1.77236
2.0726
1.94855
1.70859
1.51351
2.23936
1.69658
1.91522
1.61896
1.51255
1.86372
1.73424
1.65427
1.0199
1.6599
1.58007
1.25175
0.958172
1.5344
2.17471
1.4507
1.50511
1.51916
1.92655
0.982734
1.80963
1.96885
1.96179
1.75174
1.21863
1.23137
1.31092
1.62252
2.08557
1.60394
1.11076
1.60682
1.63554
2.17096
0.806312
1.04006
0.966955
1.42074
1.63068
1.45686
1.2359
1.55389
2.10194
1.05134
1.95619
2.03317
1.39453
1.83667
1.60819
2.0889
1.55738
2.33796
1.37141
1.33611
1.59918
1.54296
0.767527
1.3329
1.57849
1.60694
1.65794
1.59015
1.26019
1.52183
1.06683
1.89995
1.46433
1.62356
1.53163
1.37066
1.57158
1.44713
2.34606
0.979419
1.02395
1.71719
1.70462
1.58273
1.55905
1.54369
2.0358
0.944926
1.42728
1.65733
1.61795
1.26982
1.39624
1.66708
1.37117
1.52562
1.73115
1.49161
1.27139
2.15875
1.64435
1.45617
1.63028
0.853544
2.24979
1.50208
1.44508
1.34632
1.40481
0.462328
2.15548
2.06455
1.82837
1.12057
1.99814
1.62307
2.28676
1.6917
1.58078
1.02129
1.4929
0.600795
1.2113
1.69293
1.33175
0.853692
1.66554
1.54168
1.53905
1.6012
1.43184
1.21732
0.969884
1.84453
1.69606
1.97635
1.57562
0.80998
1.61054
1.44725
1.16072
2.02232
1.48855
1.94924
1.74812
1.04656
1.34482
1.9728
1.27027
1.12736
1.17909
1.16756
1.54672
1.68709
1.80144
2.19955
2.38188
1.69625
2.29133
1.31686
1.51116
2.15365
1.80259
0.834885
1.19597
1.08858
1.73666
2.5115
0.74291
1.68291
1.69093
0.882058
1.27105
1.03886
1.56408
1.32196
1.19993
1.44928
1.11425
0.692562
2.136
1.536
1.40196
0.811112
1.826
1.68659
0.944029
1.42632
1.71359
0.879546
1.42428
0.838888
2.23232
2.00026
1.01809
1.70514
1.37413
1.99389
1.46022
1.64153
1.49786
1.1954
1.23164
1.49186
1.82934
2.14768
1.49308
1.70591
1.74885
1.57775
1.49862
1.6847
1.86861
1.09395
1.06103
1.30276
1.25503
1.09901
1.63458
1.59936
0.989107
1.7877
2.39996
2.24786
0.348486
1.4848
1.48298
1.02213
1.69892
1.61525
1.85666
2.50521
1.71941
1.68825
1.10298
0.929945
1.89734
1.43543
1.02318
0.624467
1.54403
1.82148
1.03142
1.49045
1.91498
1.93734
2.03949
0.32022
0.773767
1.63445
1.69087
1.86079
1.77345
1.29595
1.51137
1.20069
1.92021
1.70588
1.15651
1.31262
1.65679
1.39775
1.36173
1.38715
1.66162
1.65957
1.67132
1.52568
1.80207
2.14237
1.69688
1.15218
1.67223
1.66983
1.11676
1.29723
2.16514
2.38245
1.2281
0.934466
1.49175
1.45094
2.16734
0.468246
2.27478
1.06963
1.37839
0.975659
2.1879
2.3715
0.947265
1.08185
1.22771
1.43246
0.38107
1.13811
0.829334
1.54326
1.76153
1.63925
1.73458
1.97668
1.62678
0.649375
1.39323
1.96598
0.90752
1.44415
1.16854
1.386
0.686038
1.71214
0.880755
1.41347
1.22216
1.16171
1.84656
0.728849
1.19008
1.22002
2.26222
1.30594
1.85491
1.74477
1.66334
1.59097
1.54862
1.72264
1.22942
1.08879
1.41427
1.78802
2.02158
2.29665
1.21286
1.74248
1.57339
2.06082
1.70146
1.73169
1.2167
1.10562
1.61647
1.8154
1.64759
2.26509
1.97675
1.66272
1.33524
2.10464
1.41509
1.591
0.977053
1.5022
1.39955
2.725
1.147
1.59582
1.42162
1.16723
1.74334
1.75097
1.7614
2.24276
0.869113
2.3701
0.56473
1.62004
0.751516
1.44098
1.30953
1.55297
1.3592
1.06302
1.42656
1.25891
2.00181
1.56127
1.34892
1.46648
1.6748
1.5214
1.76398
1.12733
1.01617
1.11978
1.3346
2.01092
0.711046
0.964445
1.464
1.73393
1.49776
2.2381
1.89048
1.31673
2.26879
1.05956
1.3833
1.81737
0.817839
2.31359
2.13317
1.3851
1.89048
0.894136
1.27666
0.780352
2.39022
2.31403
1.54092
1.44639
1.43057
1.17088
1.81667
1.11111
1.86979
1.54385
2.47521
1.44601
1.54357
1.68603
2.03929
1.05998
2.07851
1.51419
1.07037
1.18979
1.37893
1.30408
1.13252
0.941362
1.20117
1.85481
2.13543
1.23447
1.63016
1.88147
2.13102
1.49645
1.52623
1.99761
1.26439
1.93827
1.90479
1.84269
0.986726
2.05896
1.76877
1.34563
1.35384
2.04881
1.87679
0.53436
2.30597
1.21768
0.923431
1.32663
1.44202
2.18923
1.78983
1.43642
1.52427
1.39701
1.08471
1.46694
1.06553
1.9846
1.26778
1.22067
0.967042
2.07317
1.81454
1.98107
1.38384
0.824124
0.854745
2.01356
2.26692
1.20727
0.816731
0.899319
1.18857
1.42218
1.63854
1.27577
0.67546
1.04374
1.41959
1.66039
0.950248
0.831246
1.52928
1.7741
1.56695
1.60529
1.46188
1.51388
1.27225
2.06885
1.36257
1.7289
1.34319
1.02492
1.62414
1.28933
1.36774
1.62686
1.67263
2.08206
0.885668
1.62563
2.05867
1.71331
2.23591
1.60895
1.57838
2.14625
2.16333
1.39881
1.37238
1.33265
1.50691
1.68934
1.78589
2.08954
1.54473
1.37727
1.1937
1.1564
1.24405
1.34507
1.70345
1.52771
2.28826
1.15151
1.03311
1.22375
2.38765
1.40249
1.31035
1.038
1.6607
1.48736
0.8444
0.852819
0.97283
1.92517
0.884625
1.96457
1.72158
1.0136
1.63958
1.25549
1.07469
1.67318
1.54943
0.882861
2.39508
1.25708
2.16223
2.18237
1.47255
1.52861
1.76213
2.28884
2.03342
1.32127
1.49106
2.10784
2.27665
1.67649
1.17287
1.41452
1.53392
0.868647
1.5393
1.14053
1.55914
1.73703
1.39521
2.26674
1.37054
2.05377
1.7107
2.23504
2.17788
1.8489
1.45629
1.23327
0.713356
1.05391
1.34125
1.63052
1.84665
1.49795
2.47718
0.704091
1.05164
2.42924
1.49198
0.690528
2.14207
1.51853
1.84164
0.825607
1.24098
1.87062
2.1957
1.59799
1.62221
1.50039
1.96195
1.35202
1.30093
1.07868
1.49859
1.92111
1.81149
2.26425
1.33321
1.85502
2.16519
1.38566
1.94603
1.0601
2.33388
1.69084
1.04804
1.681
0.765819
2.00612
2.00476
1.66511
1.53034
1.07089
1.75544
2.03982
2.10514
1.30246
1.57623
1.62667
1.90964
1.73532
1.74564
0.908132
1.58418
1.74105
1.65807
1.13079
2.03948
0.936849
1.42057
1.27295
2.0731
0.974111
2.517
1.18317
2.17925
1.7519
1.99905
0.986493
1.08376
1.40407
1.11568
1.8168
1.89322
1.22106
0.724429
0.894127
1.21045
1.98854
1.91268
0.709409
1.59013
1.0538
1.2737
1.93192
1.25259
2.06836
2.18168
1.36063
1.43765
1.48426
2.32095
1.81271
1.27781
1.79071
1.9525
1.52986
2.28277
1.13003
2.22448
1.61249
1.68501
1.7343
1.20761
0.704107
1.29414
1.40011
1.26835
1.83958
1.68911
1.67425
1.44092
1.10641
1.95236
1.36
1.20757
1.37514
1.40831
1.21051
1.71374
1.36107
1.50092
0.386269
1.66478
0.742869
1.36846
1.87298
2.17606
1.76922
1.96317
1.77647
1.48974
1.51133
1.26183
1.63594
2.39748
1.51764
0.631412
1.79684
1.55093
1.6577
0.863817
1.42434
2.15974
0.783063
1.36856
1.35926
1.69809
1.46427
0.952362
1.88432
1.27882
1.13211
1.42723
1.44251
0.797085
2.23836
1.32549
1.34889
1.72018
1.76672
1.09162
0.966068
1.50905
1.25278
2.26122
1.45571
1.78346
1.72577
1.61732
1.2083
1.29941
1.52039
2.73314
1.47672
0.855881
1.3754
1.00957
1.67677
1.2168
1.14167
0.752119
1.24323
1.49014
2.0629
1.79677
1.89011
1.51959
1.46624
1.15938
0.616085
1.55851
0.854281
0.489673
1.98427
0.621845
1.56718
1.89808
1.03161
1.62351
1.83655
1.78366
1.25253
1.28449
2.6293
1.93024
1.72482
1.09078
1.58105
1.18099
1.20016
1.07918
1.52176
0.957018
1.32221
1.25658
1.37303
1.82789
1.13272
1.11539
1.28076
2.19751
1.83648
0.744379
1.87194
0.818474
1.886
1.31111
1.57531
1.58984
1.41452
1.66364
1.18047
2.3312
1.04786
1.66544
1.46387
1.58627
0.953111
1.24935
1.23835
1.1051
1.59646
1.16008
1.64218
1.70727
1.74443
1.7764
1.27581
1.97621
1.17094
1.62582
1.38757
2.33357
1.31853
1.16548
1.40104
2.03949
1.97825
0.844221
1.88825
0.917218
1.46018
1.84212
1.75954
0.778644
2.42102
1.21593
0.711355
1.04961
1.24836
1.34366
2.00826
1.65218
1.50733
1.51144
2.03342
2.00958
1.8497
0.625489
1.40088
1.68635
1.11404
2.27409
1.43155
0.861653
1.96889
1.85724
1.26599
1.88258
0.871981
1.41542
1.37994
1.97755
1.76361
1.36743
1.27231
1.92913
1.29998
1.20354
1.89953
2.3053
1.45205
1.74864
1.5022
1.94229
1.43029
1.1047
1.40149
1.7129
1.66921
2.2548
1.2533
2.07243
1.54955
1.48071
2.15593
1.32045
1.58978
2.13881
2.04141
1.83579
1.02148
0.691209
2.44265
1.39236
0.89331
0.498944
1.64172
1.19495
1.53643
1.95921
1.21566
0.52788
0.892673
1.77454
1.88348
1.22055
1.34845
1.61738
0.741714
1.57373
1.24654
1.41701
1.56984
1.93427
1.7873
1.53191
1.37518
1.63571
0.684306
1.33363
1.34782
1.32747
2.00685
1.50474
0.745586
1.66505
1.97019
0.815006
1.39063
1.38483
1.92632
0.453469
0.566764
1.61259
1.93971
1.55529
1.40878
1.87843
1.5077
1.29491
1.98811
1.86506
1.0108
0.850316
1.42794
2.03001
1.92939
1.0232
1.87381
1.88573
1.21957
2.10805
2.24269
1.78049
1.40413
1.78689
1.41885
0.727661
0.993624
2.0096
1.89422
1.98867
0.849863
0.877316
1.58847
1.10979
1.73437
1.37091
2.24711
1.13442
1.60541
1.56501
2.07365
1.38827
1.14861
1.64856
0.973246
1.05584
2.10807
1.24953
1.15526
1.10133
1.8643
2.35609
1.90493
0.688859
0.89255
1.16518
1.26035
2.06331
1.90176
1.91859
2.18985
1.45386
1.27953
1.50838
0.920352
1.34804
1.89595
1.91761
1.56762
2.38325
1.5943
1.48855
1.46487
1.0735
0.908331
1.26847
2.38821
1.22132
1.53725
2.74165
1.50055
1.39326
0.336417
1.0051
2.14735
1.80116
2.13088
1.70129
0.691701
0.681685
1.45647
0.830506
2.28663
1.96238
1.51596
1.97927
1.55783
1.94495
2.35887
1.07559
0.962486
1.84193
1.13687
1.89348
1.85536
1.9376
1.37455
1.45235
1.08519
1.71858
0.740599
2.61874
1.29789
1.38386
1.62679
2.28283
1.75804
1.41514
1.21703
2.04788
1.96266
1.35204
1.13507
1.71698
1.60895
1.87753
1.88306
0.93815
1.0371
1.61505
1.42341
2.35568
1.67769
1.42283
1.72232
0.748431
1.34346
1.87647
1.3953
1.49334
1.35658
1.32057
1.27723
1.45438
1.38492
1.3611
1.38075
2.18721
1.81529
1.68927
1.04998
0.880544
2.12188
2.07491
2.29672
1.83277
0.757624
1.6807
1.39183
1.38205
1.84776
2.20532
2.09905
1.6054
2.14951
0.807536
1.65182
1.69011
1.19765
1.78645
2.3517
1.53635
1.20091
0.935585
1.04599
2.08648
1.51217
1.61228
1.12337
1.61292
1.57968
1.54882
1.5766
1.08653
1.49206
1.69526
1.45122
1.21028
1.70854
1.47734
1.44839
1.88034
1.49241
1.12695
2.05039
2.74367
1.58682
2.05231
1.52476
1.76563
1.18839
1.21168
1.23182
1.33946
2.20189
1.16239
1.31692
1.90182
1.2624
1.59291
1.65479
1.55725
1.21022
1.71522
1.76824
2.44444
1.32757
1.76591
1.0874
1.39114
2.47168
2.00386
0.908302
0.889209
1.50834
1.51131
0.517161
1.19262
1.12767
1.41152
0.515831
2.27159
2.59185
1.41329
1.81498
1.00878
1.28932
1.35158
2.12267
0.982089
0.875963
2.15139
1.2419
1.12961
1.40289
2.27781
1.52311
1.01404
2.1747
2.15036
1.43616
2.44343
1.42434
0.830221
1.45143
2.33482
1.90208
1.7118
1.36597
1.72778
1.32171
0.437028
0.93942
1.24216
2.02032
0.719239
2.17017
1.83486
0.950418
1.80257
1.18317
0.758255
1.6567
2.11597
1.50195
1.23945
0.742504
1.49541
1.63227
1.19252
1.33259
1.54276
1.48886
1.07333
1.60187
1.52959
0.982105
1.64196
2.01721
1.93297
1.54594
2.22346
1.39385
1.74514
1.10586
0.972934
0.921724
1.40054
1.85685
0.585896
0.749107
1.49975
1.91032
1.31534
2.04394
2.17566
2.00388
1.34513
1.08651
0.752835
0.761445
1.38597
2.29696
1.4334
1.75711
1.01792
1.09182
2.0927
1.51382
1.07099
1.59448
1.20244
1.88778
2.07811
1.28073
1.45494
1.16783
2.12053
1.43124
1.40726
2.34188
1.95291
1.01935
1.77958
2.21802
0.309942
1.95276
1.68279
0.945831
1.57849
1.94842
1.50605
1.71852
1.64805
1.9723
0.606697
1.62001
1.44639
1.91424
1.11207
1.4902
1.51046
1.47856
1.87695
1.37764
1.00496
1.7122
0.631999
1.44725
2.37799
2.13469
1.44147
2.00765
1.06173
2.45424
1.47607
1.46918
1.21491
1.62615
1.832
1.19593
1.68549
1.54394
1.48644
2.16282
2.25497
1.27592
2.26365
1.04776
0.869171
0.804613
1.8248
1.53319
1.75123
1.74963
0.654844
1.14448
1.5509
2.46851
0.606723
1.37422
1.46843
0.795972
1.62882
1.84642
1.75066
1.45933
1.75506
1.40639
1.27506
1.47016
2.0194
2.57327
1.75209
1.31566
2.24331
2.2532
1.16354
2.13767
1.10638
1.63676
1.7229
1.77746
1.5465
1.79145
1.17478
2.66615
0.908882
1.92137
2.12293
0.755448
1.9641
2.38038
1.29142
2.18663
2.30123
1.32238
1.67158
1.4334
1.89444
1.23117
1.00576
0.602268
1.33808
1.65745
0.817607
0.800572
1.20285
1.08566
1.07959
1.18121
0.996747
1.63358
1.60022
2.0803
1.56991
2.17072
1.16879
1.11529
2.32725
0.859479
1.34626
1.9028
2.09387
1.57959
1.76881
1.896
0.919823
1.15198
0.811966
2.03563
1.83813
1.60938
1.51908
1.82909
0.796893
1.08371
1.93095
1.39614
1.91612
1.62731
1.5669
1.4084
1.47614
1.46016
0.873909
1.06218
1.81133
1.22917
1.95756
1.83624
1.10388
1.88362
2.25876
1.82979
1.57962
1.40512
1.88156
1.96119
1.52122
0.95015
1.07093
0.736126
0.923117
1.68337
1.43901
0.953904
0.93668
2.08682
1.28858
2.22938
1.65353
1.55487
1.70406
1.21875
0.856178
1.15299
1.38448
1.52021
1.38348
1.41166
2.31712
1.27825
1.56164
1.84028
1.85831
1.75674
1.33479
1.28202
1.52464
1.71002
0.821412
