0.764111
0.715022
2.34638
1.52366
1.63062
1.39875
2.30161
1.3949
2.14196
1.45119
1.8564
1.81673
1.57356
2.30106
1.21195
1.00907
1.6817
1.81825
1.23395
1.69914
0.905643
1.33968
2.00552
1.94376
2.35639
1.53637
2.32539
1.81385
1.79984
2.28027
1.90517
1.28856
0.932794
1.54778
2.26226
1.76002
1.33454
1.25188
1.11486
0.685665
0.655538
0.480549
1.6779
2.06872
1.60919
0.518265
2.17662
1.36974
1.93069
1.59869
1.97357
1.14558
1.30862
2.12613
2.41102
1.21005
1.18583
1.42443
1.37873
0.819244
1.11308
1.15325
1.34782
1.61946
1.57714
0.575739
1.37534
1.43423
1.33767
1.4998
2.60327
1.00082
2.33762
2.25662
0.585219
1.36612
0.770431
1.8214
2.78232
1.19215
1.4152
0.852791
0.730139
1.27595
2.02225
2.0305
2.29341
1.95892
1.01198
1.16326
1.40945
1.84726
0.818059
1.81816
1.49896
2.56038
2.30395
0.981196
1.93774
1.58746
0.990703
2.2287
0.743853
1.33146
1.32471
1.40481
1.76
2.329
1.13758
1.18183
2.26331
0.637806
1.33064
1.28863
1.94089
2.22435
1.75488
1.3137
1.342
1.94251
1.17796
1.10415
2.13396
1.13744
1.22075
2.26803
1.36718
2.47286
1.80404
2.1181
1.43392
1.82414
1.35175
1.38913
2.27699
1.62215
1.40648
1.8892
2.18937
1.72661
1.05983
1.02677
2.03518
1.84414
2.54139
1.60492
1.30535
1.83825
0.916874
1.70183
1.66389
1.58697
1.20425
1.3998
1.50697
1.58722
1.9282
1.78278
1.15733
1.22242
1.04385
1.21087
1.3287
2.25831
2.37155
1.48783
1.37721
0.633806
1.22444
1.01604
1.58252
1.29279
1.824
1.36662
2.32943
2.54959
1.51425
1.75227
1.44633
1.44633
1.89425
1.47182
1.91333
1.77516
1.93866
1.92958
2.18479
1.29624
1.10046
1.49398
1.69575
1.97324
2.19078
1.91022
1.09926
1.54174
1.62245
1.79446
1.2403
1.9043
1.50407
1.13647
2.38326
1.67511
1.89074
1.05668
2.51959
1.35357
1.88258
1.54137
1.01902
1.67174
1.43149
1.46907
1.15945
1.65825
1.46421
1.45991
1.61421
1.78024
1.42298
1.55531
1.78999
1.67966
1.20071
1.59985
1.1203
1.30036
1.78146
1.3351
1.63001
1.43297
1.90622
1.49316
2.43024
2.04659
1.71041
0.828242
2.18827
2.00128
1.81026
1.25823
1.44104
1.43253
2.39722
1.61861
2.08027
1.44473
1.86784
1.19153
1.31986
1.81434
2.04539
0.971114
0.690175
1.71297
1.67434
0.763902
1.10624
2.30786
2.15445
0.956451
2.26329
0.915519
1.25426
1.3034
0.861893
2.1323
2.1402
2.37863
0.742601
1.16128
2.09087
0.801871
0.79419
1.71084
1.49014
0.9859
1.58026
0.714292
1.13003
1.82758
1.37276
1.50556
1.17677
1.55328
1.34929
1.01174
2.53572
1.6297
1.96916
1.05355
2.366
1.83408
1.69695
1.50134
2.06241
2.50215
0.63945
2.46979
1.33474
1.77447
1.2989
0.848467
0.954822
1.40893
1.02463
1.70216
2.29885
1.04381
1.2946
1.9727
1.45678
2.1126
2.57642
0.96441
1.21352
1.67155
0.948745
1.39738
1.24281
1.22126
1.7061
1.79408
1.51617
2.09496
1.70289
1.56317
1.68262
1.47102
2.59901
1.81856
1.40531
1.82033
1.09991
1.2111
1.49648
1.78077
1.73709
1.25626
1.40143
1.60657
2.1289
1.04819
1.53017
1.08513
1.09042
1.92323
0.919135
2.38896
1.42804
2.37878
1.39168
1.86685
0.967701
1.28843
1.38361
2.08982
1.40763
1.17624
2.07603
1.16397
1.80656
1.74616
1.00456
1.1316
1.32869
1.8236
1.36862
1.21271
0.683838
1.92122
0.456629
1.48439
1.50905
1.03122
1.7146
2.13677
1.34014
2.09235
0.992867
2.00275
1.38705
0.834112
1.43246
2.28167
1.74037
1.47041
1.79981
1.16431
1.38623
1.51682
1.34839
1.26471
0.84009
2.18018
1.85215
2.26125
1.0613
1.28583
1.945
2.66623
1.57251
1.36541
1.76734
1.59033
0.948445
1.65741
1.34181
2.19308
0.718148
1.80552
2.12288
1.06089
1.53392
1.94376
1.44464
1.73186
1.14724
1.92106
2.08665
1.6172
1.68546
1.47948
1.64921
2.36759
0.910327
1.3329
1.78733
2.31249
1.39915
1.26893
1.89032
1.54357
1.31269
1.50758
1.79983
1.58725
2.58396
1.42252
2.02143
1.6803
0.879221
1.59317
2.0946
2.05371
2.14216
0.627452
1.19393
1.53644
1.14412
1.44863
2.2891
2.13951
1.57027
1.00066
2.3048
1.6711
1.28411
1.25181
1.93754
1.53117
1.905
1.5643
2.13841
1.55065
1.4755
2.0392
1.35325
2.23911
1.30118
1.7343
1.02208
1.24918
1.95214
1.75581
0.983555
1.76361
1.42761
1.38105
1.4701
1.0021
1.75494
1.63731
1.59671
1.10755
1.27008
1.88708
1.51296
1.88058
1.32453
0.895031
1.1622
1.44439
1.41091
2.80394
1.50113
2.00774
1.55987
2.08308
1.14604
1.80331
2.32247
0.737461
1.21956
1.48601
2.42397
1.25503
1.93571
1.70613
1.51284
1.37491
0.915213
1.61323
1.2822
1.56799
2.07376
0.789896
1.82307
1.7774
1.22275
0.665072
1.47056
1.44954
1.40565
1.48749
1.30678
1.40382
1.24171
1.6741
1.64181
1.99606
1.49274
1.68487
0.657394
0.947581
1.16781
1.12787
0.987507
0.929964
0.886647
2.49415
2.30666
2.34245
1.71029
1.02271
2.16596
2.05456
1.50954
1.09395
1.90648
1.4115
1.18643
1.70779
1.81661
1.68819
0.976635
1.58698
0.840196
1.79008
2.23836
1.76314
0.922448
0.848069
1.44424
1.64227
2.42003
1.86219
1.89653
1.24307
1.57959
2.12278
1.49905
0.983926
1.75674
0.919831
1.63633
1.5236
1.29518
1.06905
1.99349
1.47433
1.36135
1.65843
1.2972
1.50293
1.57104
1.58523
1.92307
2.0247
1.46844
2.26016
1.36193
2.00209
1.1107
1.75873
0.97589
2.06494
1.85431
2.41562
1.49502
1.43155
1.3015
1.23234
1.78133
1.24264
1.43901
2.20736
1.30574
0.82357
1.23863
1.0567
1.25361
1.16696
1.1253
1.50036
1.27729
1.84284
1.31394
1.24844
2.02857
1.7872
1.08102
1.68795
1.25004
1.47893
1.54009
1.52296
0.930397
0.933844
1.19251
1.53405
1.37435
0.671137
2.03492
1.69354
1.88856
2.17639
1.52293
1.31206
1.87241
2.34528
2.14913
1.32737
1.7382
1.43978
0.821492
1.09478
1.713
1.82121
0.728877
1.8118
2.2994
1.18116
2.0842
2.72996
1.6637
1.4062
1.1861
1.36724
1.3978
1.18228
1.39221
1.77621
1.53227
0.835292
1.28338
1.78246
2.49037
1.12519
1.57562
0.834499
1.61631
1.42764
2.08265
1.218
2.05611
1.15282
1.21014
2.29348
1.04003
2.34146
1.38535
1.79749
1.67088
2.11959
1.23662
1.39819
1.40407
1.88284
1.66714
1.06898
1.80288
1.20471
1.96779
1.1941
2.36189
1.77217
0.962197
1.71335
1.2439
1.76949
0.652194
1.67128
1.89876
1.58941
1.31572
1.61549
2.05989
2.16879
1.12584
2.25698
1.99646
1.01173
1.00335
1.59512
1.23211
2.1859
1.61616
1.06275
1.05483
1.80276
2.30328
1.87413
2.22502
1.72664
2.17701
1.12138
1.29361
1.10818
1.23257
1.0447
1.47954
1.08175
1.96462
1.52403
1.67397
1.45781
1.68472
1.10349
1.35545
1.59411
0.817131
0.936005
0.874718
1.83067
1.2152
1.55374
1.84924
1.91995
1.5794
1.24818
1.43944
2.69571
2.08426
1.74892
1.91905
1.90211
1.55535
1.52164
1.52516
1.30369
1.64759
1.27927
0.657316
1.78939
2.47344
1.82118
2.45699
1.93496
1.74087
1.55111
2.17498
1.35785
1.15158
2.00015
1.77039
1.5105
1.02642
1.88227
1.83281
2.1349
1.0744
1.58319
1.75985
1.54688
1.4609
1.40258
1.27632
1.19545
1.07719
1.02059
1.71664
0.820635
1.05431
2.06522
1.45985
1.78539
1.82907
1.72009
0.873024
1.64416
1.78845
1.29182
2.35265
1.83642
1.85669
1.63324
1.37668
0.925854
2.57979
1.49651
1.04283
1.37226
1.16218
1.51234
1.2877
1.20378
1.12706
1.22223
2.14429
1.40215
1.72151
1.5003
1.39906
1.62931
2.06168
1.41894
1.62325
2.02036
2.1332
1.09109
2.01227
1.61812
1.40939
0.982739
1.7693
0.612646
1.85924
2.43375
1.07855
1.14086
1.74319
1.54919
1.2379
1.10631
1.66835
1.7516
1.16922
1.46825
1.45807
0.860994
1.89389
1.21724
1.92126
1.56323
2.12005
1.65292
1.46844
1.65528
2.17413
1.99925
1.82189
1.823
2.11978
1.04878
0.845944
1.64362
1.36293
1.93996
1.33746
1.73341
1.25862
1.89428
1.30454
1.2558
1.84805
0.93411
1.55635
2.31183
1.7603
1.9156
0.918587
1.34732
1.67671
1.79076
2.1548
1.69366
1.52998
1.25181
1.53417
1.32951
1.62221
0.892431
1.61825
1.50397
1.4058
1.3142
1.77422
1.36999
1.47163
1.43004
1.28869
1.02513
0.929007
1.13924
2.23468
2.28254
1.34833
1.56445
2.33914
1.76642
1.80976
1.55758
2.36149
2.26681
0.955673
1.27665
1.85028
1.37435
1.21963
1.73509
1.66211
2.01779
1.342
2.1464
1.32485
2.27021
2.18458
2.19469
2.18052
1.24755
0.815151
1.84802
2.42494
1.82644
1.11036
0.925095
1.80977
1.52702
1.53319
0.873706
1.50436
0.806147
1.95823
1.89835
1.29186
0.890192
1.04328
1.23461
1.29231
1.70302
1.43491
1.14771
0.842611
1.40797
1.25259
1.32114
1.41335
1.64478
1.36126
1.39858
2.34578
1.91433
0.835926
1.25853
0.761382
1.69634
1.95892
0.743527
0.880602
0.967627
1.8005
1.23679
1.44292
0.77662
1.57094
1.48048
1.92992
1.31566
1.6623
2.22608
0.887358
1.92776
2.2082
1.44408
2.18506
1.75084
1.62967
2.03946
1.13417
1.6748
1.51413
1.59754
2.31623
1.19324
1.57983
1.40988
1.72062
1.74635
1.24593
1.52494
1.4951
1.97059
2.24008
1.53252
1.59583
1.51932
1.00555
1.64547
1.00726
1.92372
1.11302
2.29382
1.04649
2.02918
1.34472
1.64679
0.609562
0.539796
1.34081
1.48586
1.61335
1.17806
0.793654
1.95701
1.93408
0.6163
1.3441
1.26916
2.57754
1.70317
1.29801
1.38895
2.266
1.767
1.7378
1.49541
2.09907
2.3097
1.71325
1.88127
1.87502
1.5103
1.40057
1.36284
1.82997
0.983462
2.2684
1.11436
2.17099
1.35133
1.25853
1.60901
1.1677
1.25958
1.73638
0.950927
0.845726
2.54079
2.21361
2.40712
2.16062
1.50121
0.935316
1.54354
1.4728
2.28714
0.509372
1.83491
1.44722
1.36266
1.00516
1.59802
1.89132
1.50104
1.45589
1.60498
1.49124
1.48199
2.17477
1.54073
1.53386
1.4561
1.75041
1.61647
2.15853
1.58166
1.42927
1.63395
1.93732
1.52858
2.13433
1.31912
1.85697
1.39602
1.72045
1.29643
1.31193
1.87258
1.48616
2.10093
2.02005
2.48358
1.77372
1.49695
2.02359
2.16646
2.44871
1.7578
1.94992
1.71966
1.36388
1.49075
1.76569
1.83118
1.35935
0.902669
1.54641
1.85669
1.73007
1.56869
1.85265
0.498685
1.48665
1.16075
1.76943
1.18562
0.982661
0.427167
2.11161
1.46835
1.39214
0.575397
1.51847
1.44186
1.01388
0.994573
1.53817
1.36357
1.99322
1.50911
1.62304
1.40122
1.24327
1.48935
1.29586
1.57569
2.37408
2.11364
1.93271
1.84498
1.68787
1.92797
1.75904
1.58844
1.83585
2.08394
1.81142
1.50835
1.48016
1.51006
1.1677
1.42162
0.957046
1.01357
1.28373
1.70915
2.13254
1.7143
1.60642
1.01
0.81156
1.78489
2.38575
1.87384
1.71127
1.89585
0.733515
1.54742
1.68807
1.12496
2.38491
1.44366
1.32231
1.51153
1.77089
1.56884
1.41792
2.06348
2.10299
1.72076
2.32535
2.33485
2.2791
1.3607
1.6071
1.55474
0.813821
1.72001
2.36861
1.5523
1.70862
1.76243
1.48733
1.02121
1.25014
1.52476
2.19131
2.32559
1.50654
1.08789
0.724535
1.04383
1.99323
1.38119
1.2521
0.879246
1.78306
1.52409
2.21634
1.08244
0.896286
1.67324
1.66824
1.41668
1.41359
2.20588
0.821422
1.26536
1.27463
1.6607
1.16756
0.788702
1.743
1.73363
1.43623
0.823504
1.56113
0.650712
1.47911
0.41888
1.29187
1.76725
1.78002
0.770541
1.03182
1.26247
1.47283
1.91038
2.00084
0.863491
1.76233
1.37432
1.40522
2.31963
1.60258
0.838645
1.98377
1.57873
1.74967
2.52833
0.936293
1.45549
0.80208
0.745832
2.4487
2.38908
1.47114
1.25689
1.46472
1.67612
1.97068
1.14586
1.44702
1.32983
2.02159
1.49167
1.73041
2.09508
1.89434
1.66309
1.73853
0.557299
1.31751
1.16111
1.60584
1.99281
1.41996
2.15614
2.04143
0.744489
1.10938
1.47709
1.81756
1.01648
1.0578
1.41644
1.15895
1.84564
1.80837
1.97603
1.42582
1.49259
1.11369
1.37976
1.80922
1.80053
1.54406
1.60565
1.64549
0.985576
1.63412
1.68272
1.60266
1.7506
1.55778
1.72503
1.3581
2.31675
0.590467
1.72207
1.045
2.12858
1.80254
1.9381
1.55456
1.63811
1.2069
1.37428
1.71548
1.00967
2.1005
1.14891
1.53508
2.25246
1.55169
2.15609
2.11785
1.72964
1.23001
2.02838
2.24993
1.8758
1.74976
1.94599
1.76905
1.96172
1.03686
1.7641
0.833368
2.16672
1.76165
0.991119
2.00081
1.45822
2.04548
1.63236
0.761578
0.758018
2.08911
1.95447
1.11959
2.18971
1.73857
1.45924
1.66616
1.73534
1.76856
2.50845
1.36419
1.63052
0.820375
1.70973
1.06277
1.63789
1.49161
0.879673
1.13129
1.96045
1.559
2.35746
1.26727
2.491
2.51158
1.44141
0.757107
1.30213
1.67155
2.13426
2.45297
2.22459
1.43968
2.36634
1.79158
1.74068
1.5617
2.48006
1.45948
1.27634
1.21981
1.17687
0.994408
2.48286
1.17194
1.49327
2.3806
1.21556
0.902133
1.90312
1.16312
1.95323
0.728123
2.08304
1.43377
1.34115
1.44599
0.375961
1.77248
1.43925
1.56805
2.1209
1.5473
2.0428
1.1751
1.13276
1.28144
1.67425
1.33956
0.778557
1.7882
0.991314
1.64153
1.06413
1.67345
1.3732
1.50285
1.49828
1.04424
1.42736
2.47059
1.36225
1.64552
1.3215
1.80938
1.80618
2.40622
2.55793
1.37117
2.05501
1.3229
1.65669
1.97586
0.964629
0.906628
1.40732
1.60562
1.02684
1.79603
2.0634
0.891516
2.52601
1.10385
1.37752
1.81199
1.36412
1.95009
1.74594
1.53795
0.867281
1.48243
1.72222
0.610561
1.14971
1.90079
1.76597
1.43938
1.47533
1.08369
1.40815
0.94393
1.00569
1.72195
2.19969
1.05833
1.72386
1.59265
1.61048
1.09904
1.7969
1.88976
2.01687
1.43688
0.892733
1.46169
0.906613
1.77846
1.1342
2.1725
0.269907
1.15755
1.63398
0.998245
1.96216
1.96761
2.11609
1.38932
1.7327
0.940698
1.40175
1.25528
0.810104
1.42323
2.60906
0.634885
2.51188
1.18844
2.18115
1.28286
1.70794
1.4502
1.39831
1.32553
1.95802
2.37329
2.10241
1.79546
2.34782
1.16796
0.840994
1.44424
1.30972
2.0119
1.24661
2.33692
1.51785
1.79142
2.10357
1.08237
2.16939
2.21672
2.09834
1.27812
1.51125
0.596209
1.40859
1.47421
1.37158
2.08537
1.73869
1.10081
1.33485
1.36961
0.720478
1.07874
2.15241
1.60388
1.7617
0.79034
1.27328
1.40085
2.37528
1.52858
1.32196
0.955029
1.46369
0.945223
1.19317
1.45408
1.19127
1.38522
1.66674
1.70764
1.57147
2.20037
0.931663
1.90692
2.27097
1.65384
1.56915
1.22786
1.59767
1.91369
2.21767
1.34923
1.60907
1.51287
1.03154
2.06955
1.72689
1.58231
1.24902
1.94442
1.16551
1.35889
1.11238
1.61396
1.36221
1.3597
1.79487
1.06618
2.05926
1.5074
2.0412
1.87513
1.22372
0.95852
1.75581
1.81674
2.13634
0.982661
1.89428
1.27678
0.929996
1.87823
1.65402
1.59656
1.54204
1.23395
1.37335
1.51917
1.93027
1.67315
1.22416
1.29015
0.938302
1.24461
1.9842
1.75559
1.9071
1.0914
1.70545
0.840665
0.600916
2.04315
1.93805
1.0455
1.41172
2.40065
1.8043
1.18628
1.65166
1.62151
1.18646
1.34496
1.31045
0.89395
1.20169
0.971394
1.04636
2.31109
0.801242
1.01086
1.57685
1.11584
1.61353
1.65629
1.59791
1.41977
1.47691
1.13017
2.33737
1.96707
1.63487
0.98889
1.47666
1.5195
2.10403
0.546975
2.18035
0.738617
1.86217
1.16281
1.51596
2.40374
2.43918
1.50948
1.93598
1.00516
1.16292
0.965551
0.746629
1.65004
0.842108
1.9546
1.41749
1.37273
1.52219
2.44331
1.36286
2.25926
1.53673
1.22981
1.53838
1.38547
1.10679
2.01803
1.61515
2.33566
1.90137
1.4883
2.59651
1.68764
1.46353
1.31091
1.5913
2.38798
1.26669
0.86052
1.57661
0.79648
1.06654
1.29499
1.70482
0.993262
2.19581
2.51467
1.61066
1.09384
1.62634
1.25965
1.12908
1.08638
1.48359
1.4161
1.52351
2.28125
1.21794
1.57321
2.41964
1.59717
1.31358
1.32313
1.24287
1.69463
1.86475
1.68524
1.28545
1.71914
2.30933
1.29234
1.94422
1.25809
0.908298
1.03524
1.87332
1.92217
1.60538
1.54317
2.03396
1.75762
1.81296
1.56854
2.13015
1.27134
1.76267
1.67045
1.65454
1.46501
2.54941
1.98716
1.24773
1.9002
2.08232
1.56588
1.42878
1.5874
1.90602
1.30827
1.89034
1.45942
1.5283
1.56489
1.82916
2.2092
1.85545
1.46163
1.36639
1.31755
1.5625
1.25759
1.39298
2.00861
1.49829
1.43038
1.97344
0.796258
2.16394
1.51125
2.35062
1.77659
1.97868
1.66319
1.79283
1.45306
1.02728
1.81623
0.681709
1.31988
1.50515
0.916757
1.19376
1.89827
1.35731
0.988473
1.62753
1.38217
1.46763
1.30163
2.12154
1.39806
2.36056
1.16864
1.69237
1.12327
1.14623
1.22255
1.18709
1.42539
2.17234
1.10433
1.85453
1.48429
1.60559
1.48837
1.61378
1.76345
1.44171
1.7426
0.933179
1.27499
1.69483
1.98058
2.14173
2.35646
1.02106
1.16444
2.19196
1.25506
2.19813
1.17141
1.41375
1.12484
2.40077
1.93457
1.61971
1.68174
2.06648
1.72822
1.28175
1.09257
1.44583
1.31641
2.76386
1.5769
1.98022
1.64735
1.63114
1.78452
1.91567
1.24757
1.71781
1.72306
0.884746
1.33054
1.53664
1.64863
0.706678
2.06
1.84292
1.49884
1.22995
1.5011
0.805218
1.8236
1.19015
1.6909
2.21952
2.11777
2.39339
2.15107
1.76578
1.82688
1.4899
1.81136
1.15152
1.57269
1.97566
1.70591
1.27292
2.10311
1.2681
1.1034
1.65764
1.1459
1.19299
1.48109
1.79302
1.50394
2.24427
1.55781
1.07564
1.21891
2.07732
2.04502
1.6707
2.4405
1.95674
2.18212
1.16915
1.28964
1.85743
1.3065
1.23668
0.660137
1.41415
1.39528
1.4534
2.16931
1.7413
2.21138
1.67843
1.01713
2.20968
1.15686
2.46641
1.76918
1.32271
1.25355
1.68512
2.51888
1.21322
1.79903
1.61433
1.54511
1.25146
1.33315
1.32901
0.998843
1.04131
1.73241
1.21863
1.45432
1.77425
1.28258
0.905519
1.39902
1.58654
1.4655
2.34243
1.42943
1.96585
1.0077
1.79806
1.03961
1.57123
1.13918
1.05835
1.39037
0.640539
2.20039
2.02523
1.55731
1.17335
0.993722
2.24221
2.24878
1.93938
1.43898
2.1033
1.52946
2.1365
1.40024
0.685443
1.95335
1.82152
1.18981
0.969996
0.589771
1.20021
0.752402
1.71176
1.89171
0.705326
1.08198
1.3658
1.81016
0.882226
1.12804
2.13668
1.91216
2.10139
1.98147
1.62487
1.6928
2.08568
2.14157
1.45977
1.2284
2.07683
0.768143
1.15439
1.64294
1.57275
1.60749
1.16523
1.37484
1.98453
0.948681
1.87431
1.16269
1.38555
1.57208
1.51176
1.10428
1.05543
2.29475
2.22495
1.76292
1.74031
1.35276
1.27699
1.68976
1.31578
0.679877
1.90472
1.3095
0.985226
1.29928
2.19559
2.74014
1.29123
2.56178
1.45444
2.34602
2.23641
1.43556
1.38807
1.55822
0.636707
1.50373
0.795561
1.05754
1.24332
1.81382
1.25682
2.21069
1.82026
2.16619
1.86013
1.21969
2.50379
1.69542
1.74192
1.90311
2.39857
1.03183
2.21431
1.44776
1.78567
1.70904
0.839327
1.40393
1.14436
1.78169
0.678368
1.68383
1.98538
1.11441
1.19047
1.53117
0.719955
1.61961
2.00052
2.15723
1.35829
1.11258
1.39453
1.10489
1.71713
1.96867
1.42629
2.04541
1.4895
1.42435
2.3277
2.06684
1.67695
1.84449
2.20502
0.901244
0.802325
1.92867
1.41511
1.54095
1.24551
2.01761
0.914598
1.74666
1.78508
1.93467
1.24709
1.36219
2.04612
1.53611
0.882924
1.02335
1.71442
1.63114
2.80047
1.50994
2.14532
1.54162
1.19973
1.41671
1.93428
1.12496
1.48769
1.82154
1.83137
2.07773
1.27193
1.29789
1.67858
1.19554
1.8004
2.51285
1.59676
1.40675
1.91722
2.33625
1.53676
2.14935
1.58954
0.999078
1.00423
1.95352
1.26067
2.01914
1.33064
1.31963
0.836958
1.62331
1.83724
0.923214
1.34563
0.906927
1.70844
1.43627
1.90849
1.95236
1.59546
2.48551
1.08194
1.19634
2.15643
0.385938
0.720626
1.33321
1.67738
1.78339
1.7101
1.27755
1.02597
1.34025
1.43996
1.94878
1.56665
1.90416
2.10912
1.85605
0.992927
1.35695
1.91168
1.15219
1.78502
1.05177
2.02417
1.0255
1.30039
1.85689
0.972692
1.49544
1.6387
1.41415
0.772786
0.788869
1.5747
1.46831
1.50789
1.46335
1.22729
1.71795
1.53093
1.56643
1.16523
0.96359
2.43166
1.60094
0.881086
1.37347
0.620753
1.4639
0.748361
2.14071
1.19974
2.1113
1.54691
1.53388
1.24539
1.47933
1.83813
1.51929
1.97342
1.42138
2.32435
1.34403
2.00284
1.86059
2.10956
1.66591
1.17159
1.49431
1.62599
1.83601
1.0298
2.36006
1.59204
1.98387
1.11967
1.41724
2.43956
1.65059
1.86596
1.51278
2.08307
1.22842
1.90744
2.36399
2.14143
1.63065
1.56582
1.63688
1.6705
1.34099
1.15572
1.8871
2.13602
1.5746
1.33931
1.67873
1.70298
1.82001
1.11362
2.18091
2.09454
1.59189
0.910625
1.69133
0.944842
1.84827
0.928998
2.14347
1.18024
1.32133
0.951705
2.22639
1.62653
1.14486
1.67863
1.89493
2.20567
1.40648
1.14243
1.44242
2.36324
1.6618
1.68352
1.89332
1.24326
1.76551
2.16862
1.44176
1.38082
2.43169
1.5055
1.76874
1.54962
1.18926
0.933339
2.85715
1.44639
1.54076
2.02125
1.6161
1.84355
1.66818
2.6079
1.98781
2.15291
1.3187
1.81384
1.14473
1.77211
1.9579
1.16594
1.61732
1.12841
1.24042
2.5242
1.09505
1.1963
1.89856
0.89253
2.58589
1.71954
1.0275
2.0819
1.63016
2.12627
2.15511
1.14481
0.84945
1.43587
1.86189
0.765262
1.33963
0.767572
1.36578
0.965782
1.94528
1.44737
2.38339
1.76448
2.4096
1.74117
1.55328
1.50281
1.82644
1.80624
1.81906
1.57868
1.98878
1.59735
1.04324
0.918785
1.80747
2.05449
1.5184
0.688496
1.39025
1.91813
1.7254
1.09394
1.48537
1.89647
1.02991
1.37515
2.2924
1.00952
1.3828
2.21106
1.62247
1.06138
1.88108
2.27746
1.19527
1.61005
1.39522
2.10763
1.11098
0.933119
0.864932
1.32974
0.642188
1.98984
1.28192
1.84576
2.24936
1.97111
0.978312
1.74648
1.10269
1.11189
1.21859
1.96158
1.46403
0.723306
0.963981
1.00335
0.99888
1.0102
1.34958
1.18043
1.03415
1.71016
1.64358
1.55094
1.59579
1.93238
1.78065
2.80795
1.01225
2.08755
0.464179
1.83299
1.17837
2.60682
1.6308
0.506738
2.34969
1.39008
1.62603
1.85851
2.41153
1.4079
0.963948
1.18972
1.68779
1.54095
1.15592
1.51033
2.81707
2.28491
1.74223
1.11921
1.31023
2.13149
1.01855
1.29282
0.866471
1.6323
2.21161
1.00935
1.51895
1.31023
1.71793
2.00098
0.508298
1.96165
1.29218
1.03252
2.5199
2.14673
1.8955
2.13503
2.15662
1.54748
1.84136
1.02164
0.637542
1.14776
2.09721
1.78285
2.05721
2.666
1.9592
1.36382
1.9015
2.14163
1.22965
2.18984
1.82165
0.955256
1.0493
0.950156
1.61889
1.38578
1.98426
1.48637
1.64813
1.69883
1.81951
0.750262
2.00764
1.1846
1.07044
1.57726
2.13407
1.5272
1.46814
1.66482
1.32177
1.70622
0.694714
1.3166
1.27787
1.73233
1.96053
1.58125
1.34957
0.913783
1.49538
2.48588
0.753913
1.5592
1.04855
2.24993
1.01325
0.980817
2.53706
1.72034
1.12578
1.7779
1.4913
1.79815
1.50079
1.74074
1.82102
1.88214
1.82196
1.07122
1.11405
1.79865
2.08156
1.65277
1.51932
1.8069
1.59253
2.4346
1.03056
1.68616
1.62524
0.751083
1.48757
1.54064
1.49874
1.97061
1.32202
1.55203
1.25326
2.30607
1.66413
2.31972
2.45256
1.9157
1.87868
2.03219
1.91548
1.50312
1.13563
2.07917
1.56219
0.322048
0.91482
1.05409
0.86626
1.70166
1.1005
1.06164
0.714992
1.70195
0.879521
1.20904
1.92854
2.00752
1.53627
1.26753
1.66493
1.45942
1.43195
1.15488
2.28817
1.27193
1.81693
1.89142
2.07352
2.26412
1.21306
2.45877
1.59949
2.16187
1.79357
1.59492
1.54662
2.15287
0.798673
1.38168
0.894814
1.08724
1.16111
1.27494
2.33274
1.17009
0.885232
0.927956
1.79787
1.84603
1.46028
0.374539
1.94056
1.88701
0.804903
2.48811
2.32392
1.5783
1.67381
1.30394
1.03538
1.50391
1.34519
1.54204
1.80825
2.43372
0.890506
0.923234
1.59471
1.69766
1.91638
1.36127
1.60829
1.43858
2.08435
0.496892
2.48725
2.49946
0.824943
1.49219
2.04479
1.35998
2.1206
2.23012
1.98557
2.21763
1.77566
2.19292
2.18342
1.7506
1.62955
1.8152
0.958388
2.38347
1.17707
1.97111
0.504473
2.05719
1.11821
0.978178
1.9361
1.49795
1.61653
2.1629
2.63317
1.40327
1.91119
2.26473
1.29348
1.87733
1.90098
2.41299
0.994879
1.64918
1.69108
1.65851
1.38884
1.2084
2.08721
1.73858
1.52012
2.11329
1.62689
1.61259
2.49017
1.0728
1.52204
0.707335
1.25502
2.046
1.37982
2.21709
1.96833
2.25428
1.63123
2.11194
1.1207
1.95059
1.54388
1.57678
1.42403
1.48221
1.44762
1.48714
2.4356
1.79391
0.959007
1.8324
1.98191
1.86589
1.84538
1.58483
1.83206
1.73115
0.273405
1.28379
1.10428
0.622304
2.01664
1.69102
1.53954
1.71251
0.58734
1.93905
2.12875
1.64361
1.98252
2.41636
1.90043
2.34907
1.78202
1.37913
0.909739
1.21181
1.40166
0.876854
1.53985
1.96016
2.09422
1.23726
1.2028
1.85837
1.92668
1.47151
1.47004
1.64967
1.42681
2.05435
1.46931
1.27971
1.03958
1.18205
1.38466
1.3113
1.67671
2.21931
2.08677
1.30099
0.984859
1.70274
1.60471
1.26445
1.20543
1.92562
1.32114
1.56237
1.63713
1.80813
1.88817
1.55853
1.97522
0.840048
1.21996
1.01127
2.00362
1.81667
1.29212
1.20522
2.28328
2.22954
1.8185
1.08536
1.06208
0.946121
1.26567
1.3166
1.10124
1.92358
2.60761
1.31339
1.70683
1.11618
1.79712
1.2302
1.69533
1.1483
1.98375
1.83307
1.16318
1.23467
1.86749
1.53111
1.62178
2.39568
0.644479
1.47304
1.45942
1.23735
2.18279
1.78364
0.850897
1.28611
2.09621
1.6129
1.73266
1.01534
1.17095
1.77133
1.58805
2.15487
1.72579
1.56375
1.98267
0.959424
1.27972
1.32767
2.65205
2.334
1.92607
1.8003
1.74279
2.1426
1.38995
2.23375
2.3644
2.11493
1.82077
0.760736
1.60217
1.94098
1.26912
2.12647
1.38243
1.03763
1.25596
1.18995
0.958855
1.90903
0.940473
2.25604
1.96281
0.86008
2.25426
1.79596
2.26634
1.82997
1.38743
1.44227
1.6993
1.21936
1.40557
0.640056
1.85722
1.15226
1.37602
1.71063
1.96976
1.73434
2.57363
1.31402
1.50682
1.54736
0.691801
2.32601
0.815149
2.0228
1.61946
1.17233
1.10716
1.48157
1.76482
1.12822
2.10217
1.69539
1.893
1.67928
1.23739
1.63257
2.19096
1.13822
1.03001
0.976645
2.21155
1.4577
1.35868
1.28475
1.81177
1.49204
1.90391
1.51694
1.09738
0.846841
1.51364
1.09511
1.01454
0.82371
1.27282
1.1078
1.05844
0.971205
1.65
1.22826
1.50596
1.75477
1.46065
0.704588
1.60323
1.44393
2.11681
1.22852
1.4379
2.31047
2.33866
2.17343
1.31693
1.77689
1.66646
1.96411
1.83977
1.99352
1.55372
1.2808
1.37752
1.88769
2.50347
1.38212
1.74874
1.30587
1.46949
1.46197
1.40717
0.984131
1.56362
0.845456
0.619018
1.98941
1.52138
0.709984
2.17756
0.946042
1.68002
1.39937
1.02135
1.09414
1.38901
1.63471
2.17219
1.02302
1.98378
1.05914
1.42205
1.61372
1.75571
1.84662
1.60062
2.4893
1.55221
2.52874
0.859622
2.1623
1.35957
1.88483
1.67413
2.24327
1.12246
1.9574
1.60321
1.45033
2.05171
1.66062
1.69022
1.30068
1.89486
1.33598
1.84558
0.89057
1.21123
2.11767
2.08021
1.8211
1.54717
1.50148
2.00288
2.31531
1.81072
1.12557
1.44833
1.8698
1.87599
0.920368
2.0725
2.28259
1.5885
1.63976
1.59938
1.45844
1.83526
1.28074
1.72667
1.67278
1.37787
1.9005
1.93006
1.14325
1.18726
1.75802
0.771345
1.35334
1.66632
1.89479
1.84345
1.5935
2.0141
1.79449
1.58313
1.00452
1.74521
1.95756
1.20201
2.85685
1.05505
1.42267
1.48175
0.763433
1.52445
2.1708
1.46857
1.0166
1.60782
2.29985
2.16524
1.95769
2.05206
0.996848
1.71113
2.34455
1.81328
2.01558
1.83395
1.75202
1.19194
1.39252
1.64961
1.49273
2.70665
2.15162
1.37559
1.51785
1.6481
1.21944
1.61506
1.3883
1.71945
1.72633
1.83269
1.89246
1.09208
1.09429
1.26631
1.79547
1.53782
2.1055
0.924842
1.31395
1.24826
1.86691
1.29364
0.93244
1.51483
1.57672
1.63089
1.83807
2.08799
2.27569
0.957136
1.76034
1.38193
1.6912
1.73443
1.28347
1.05989
1.67213
2.48676
1.51666
1.39075
1.43665
0.762945
2.33659
0.985396
2.09472
2.1122
1.41848
1.22034
2.10255
0.937462
0.957861
2.15395
2.06116
2.00442
1.12291
2.73059
0.739648
2.09528
1.1956
2.4426
1.40568
1.5856
1.36077
1.35439
1.5581
2.20798
2.16615
1.65331
1.11322
1.21312
2.12142
1.16268
1.55865
2.35051
2.56664
1.26727
2.51908
1.39323
1.56724
2.32947
1.21181
1.73734
1.72547
1.6702
1.38994
1.11033
2.00655
1.57891
1.22544
2.02423
1.81139
1.59961
1.838
0.745289
0.984348
1.416
2.1782
1.73833
0.825605
1.70548
1.3445
1.68595
1.60153
2.32961
1.70875
2.53176
1.72916
1.89669
1.84741
2.09454
1.07252
2.14394
1.40877
1.44787
2.03028
1.55603
1.3689
1.89406
2.12011
1.72812
2.52412
1.59437
1.71769
1.78592
1.32989
1.38097
1.53792
1.33167
1.73078
1.21888
2.4693
1.20686
2.26534
1.65993
1.76
1.12889
1.24352
1.03653
1.27353
1.6081
1.16782
0.944265
1.46507
1.29377
1.35161
2.14122
1.88697
0.926764
2.06588
2.23601
1.61176
2.01831
0.824137
1.32194
1.64808
1.34012
1.70941
0.680206
2.54423
1.35888
1.61546
1.80637
1.07263
1.76088
1.39096
1.60123
1.34337
0.23743
1.48395
1.27691
1.63254
1.74093
1.2419
1.68085
1.87804
1.29611
2.05694
1.91113
1.11626
1.36974
1.91148
1.45463
2.10648
2.33961
1.69247
2.28736
1.27465
0.928623
2.56184
1.02567
2.42529
1.70933
1.23945
0.839081
2.6028
1.98734
1.70425
2.13936
1.5708
1.47301
2.33897
1.63689
1.11375
1.55859
1.53997
2.327
1.16743
1.54235
1.40905
1.58523
1.6858
0.899421
1.06585
1.47139
1.20985
1.48359
2.31486
1.4518
1.04742
2.2318
1.17023
2.63838
2.06688
2.70988
1.27656
1.29789
2.42395
1.68569
1.32913
1.72831
2.20809
1.55394
2.31148
1.53218
1.39205
1.1576
1.61783
1.24563
1.74155
1.36271
2.35124
1.99985
2.00114
0.814736
1.26515
1.47133
1.91709
1.36756
1.40506
1.83974
1.0553
1.94016
2.05435
1.36643
1.57486
1.71275
1.33221
2.00345
1.50015
1.77792
1.70179
1.38715
1.44359
1.71115
1.89563
2.11447
1.48794
1.00379
1.02435
1.98024
1.90667
1.17764
1.92161
1.28017
1.14432
1.6023
1.18066
2.21882
1.52898
1.55883
2.80293
1.05935
2.01284
1.23894
2.02382
1.67929
1.41662
1.12459
0.90351
2.10998
1.6737
1.16863
2.00955
0.803239
1.41628
1.00192
1.03397
1.38818
1.85984
1.47108
1.65243
0.991015
1.6807
1.41224
1.42282
1.25426
1.6664
1.19331
2.01141
1.15114
1.20365
1.18253
2.11477
2.47251
1.66873
1.13605
1.6097
2.39413
1.53276
1.66711
1.98513
2.43362
1.85589
1.24802
1.5668
1.51409
1.39002
2.04892
1.81546
0.654287
1.16258
1.67694
1.98641
1.06869
1.10073
1.5791
0.583251
1.36516
1.72037
1.59454
1.13468
1.17356
1.23841
2.06611
2.00779
1.67677
1.4088
1.40964
2.40933
1.52458
0.829458
1.50982
1.42839
2.18245
1.50096
0.616849
2.16098
1.40413
1.56396
2.03969
1.2787
1.60237
1.36107
1.14046
1.6881
0.697222
1.76159
0.711226
2.18979
1.27417
2.07232
2.18098
1.3064
1.98291
1.25269
1.04115
1.81387
1.0006
1.05366
1.84832
1.02969
1.91916
0.963761
1.30435
1.03624
2.12827
1.68229
0.852246
2.20598
1.27155
1.49476
1.29091
2.03508
1.20021
1.86733
1.88676
1.04904
2.31131
1.50899
1.24661
1.40967
0.415998
1.58354
2.58909
2.21564
2.16925
1.62264
1.83049
1.80455
1.21742
1.24673
1.5568
2.31513
1.68438
1.5578
1.07454
1.59424
1.093
1.73729
1.25826
1.87401
1.73363
1.30878
1.20297
2.17858
1.53823
1.71511
0.927749
1.65855
0.734671
1.69317
0.874143
0.887823
1.43038
1.01523
1.91427
1.47605
1.53585
2.35987
2.35998
2.8795
0.809152
1.42986
1.58982
1.25638
1.49718
0.802618
1.74687
1.33077
0.468368
1.17407
2.02034
1.6512
0.640885
1.54504
2.10118
0.830773
2.38976
1.55331
1.80311
1.68494
1.5283
1.02321
1.32546
1.34964
1.747
2.241
1.74954
1.56142
1.50948
1.79798
2.0947
1.41016
2.16584
1.46102
1.64848
1.54388
1.62924
0.446547
0.941959
0.903064
1.11805
1.5385
2.05073
2.29624
1.22411
1.71676
1.0329
1.55102
1.41217
2.2002
1.93892
1.60355
1.52598
1.84234
1.11707
1.92474
1.92096
1.84025
1.98068
1.84881
1.9508
1.88645
1.66067
0.875083
1.26939
1.7475
0.972842
1.04147
1.42606
0.921714
2.04125
1.81634
1.261
1.5617
1.29863
1.59766
1.50407
1.20875
1.48408
2.26969
1.65726
1.65316
2.22231
2.24344
1.53166
2.39513
2.17975
1.31708
1.76792
1.2455
1.5335
0.855944
1.9346
1.31228
1.80298
1.82385
1.39062
1.20666
1.12678
1.32139
2.60462
2.63774
1.4318
1.66389
2.49019
1.88178
1.232
1.41603
1.79289
0.704087
1.75042
1.93787
1.31054
1.37249
1.67674
1.56781
1.41854
1.8119
1.3537
2.01799
1.73728
2.44266
1.149
2.17108
1.25117
1.00719
1.56231
1.68444
1.9562
2.06443
1.00331
0.93828
1.4454
1.92567
2.00762
1.64508
2.30496
1.45832
0.766866
1.30663
1.99446
1.34156
1.72613
1.9182
1.27664
0.974885
1.55358
1.784
1.2523
1.96884
1.7542
2.38663
2.03993
1.78827
1.01748
2.14677
0.928778
1.62771
1.488
2.02986
1.89048
0.772782
1.73888
1.32473
2.03656
2.18727
1.0916
2.22309
2.00718
2.59112
1.06751
2.2361
0.834742
1.24358
1.41161
2.22772
1.39546
2.12289
1.94966
1.50544
1.07412
1.98426
2.56024
1.92026
0.489134
1.10378
1.19933
0.997112
0.630304
2.23236
2.23372
2.20969
1.73403
1.34713
1.83253
1.25615
1.83696
1.5393
2.53418
1.62944
2.22287
1.18852
1.62557
1.81152
1.52843
1.34898
1.92195
2.09063
1.69219
1.34582
2.21662
1.36641
2.01853
1.85707
1.51774
2.07655
2.05395
1.92944
2.26244
2.16621
1.60142
1.17319
1.79552
1.10628
0.840301
2.12304
1.60532
1.90253
1.72133
1.65598
1.15432
1.46265
1.41514
1.87926
1.35895
1.59979
1.09726
1.17776
1.93356
0.998351
2.65814
1.59074
2.58002
1.26356
1.30644
1.60517
1.55505
1.64903
2.0887
1.91927
2.25955
1.09348
1.72194
2.24929
1.75134
2.12962
1.98601
1.02484
2.26001
1.58172
1.70788
1.37288
1.1712
1.57098
1.45054
1.7112
1.77978
1.49807
1.64778
1.99871
1.42301
2.06596
0.963811
1.79599
1.93323
2.12535
1.33096
1.87049
1.15934
2.39128
1.30468
1.63088
1.2029
1.49137
1.24074
0.887599
1.05085
2.32947
1.00478
2.27302
1.29383
2.26375
1.39233
1.42471
1.46283
2.03526
1.74837
1.40587
1.43784
1.05031
1.46369
1.6404
0.803414
1.48429
1.33485
1.89122
1.48546
1.48766
2.30221
0.776967
1.03177
2.30233
1.39583
1.50208
0.901404
1.57077
0.592203
1.68665
2.41252
1.75221
1.17785
1.6699
1.01888
1.84304
2.04427
0.946483
2.06291
0.984227
0.848311
0.956391
1.41604
1.28557
1.39969
1.62096
0.764206
2.46003
1.52965
1.44738
1.08561
1.42496
2.21158
1.86626
1.67454
1.98834
1.52898
0.756233
1.44393
1.62976
2.03614
1.65998
0.676205
2.58654
2.42281
1.85094
1.5338
1.15566
1.73607
1.35404
1.31376
1.83718
1.19967
1.54473
1.31511
1.12844
1.73106
1.90557
1.45647
2.22027
0.925583
1.33284
1.27206
1.59634
1.44553
1.36734
1.69157
2.22348
1.31894
0.960863
2.02052
1.68481
1.49908
1.67965
1.43001
1.22357
2.51919
1.61775
2.24725
2.02147
2.33192
0.686997
0.816257
1.71149
1.6172
1.22262
1.36382
1.33551
1.38187
2.83365
0.741841
1.65133
1.58877
2.10192
1.40961
1.77708
0.601862
0.776746
2.15585
1.9077
1.32769
0.998494
0.931363
2.0682
2.56152
0.811766
1.13441
1.04896
1.51614
1.36867
2.11268
1.54754
1.52455
0.848776
1.62942
0.850993
1.90292
1.57
1.34895
1.469
1.32146
1.53743
1.26365
1.35989
1.54485
1.42212
1.8196
1.29596
1.92508
1.11436
1.19198
1.51449
1.61818
1.55618
0.952118
2.22877
2.20453
1.71158
0.895
1.62378
1.93427
1.80268
1.77379
1.59027
1.12462
1.16298
1.3351
