1.60816
1.36406
1.07597
1.41529
1.17971
0.562926
1.27039
1.28564
0.940956
1.1041
2.51042
1.05252
1.2139
2.07656
1.2888
1.41366
1.61237
2.32948
1.74915
1.19779
1.28442
1.03504
1.31463
1.79036
1.75786
1.44091
1.42329
1.35871
1.48193
1.86405
1.16554
1.43457
1.42977
2.02677
0.682499
2.18932
1.30454
1.78021
2.0451
2.06172
1.79008
0.948683
1.48641
1.63737
1.13219
1.91593
1.79872
1.4546
0.843386
1.52916
2.54817
1.39692
2.00342
2.00011
2.10234
1.81095
1.24758
1.4118
1.1952
0.685294
1.56543
1.18693
1.1892
1.31143
1.23011
1.38675
1.03765
1.18318
1.3769
1.55831
2.07457
0.983555
1.98918
1.76582
1.67649
1.39525
1.67579
1.34056
1.25534
1.10839
1.65744
1.49608
1.04049
1.28271
1.38898
2.07806
1.54034
1.19932
1.40914
2.0515
1.76756
0.876075
0.941742
0.874705
2.03308
1.63089
1.01683
1.78552
1.40447
1.17359
1.42238
1.5258
1.02614
1.79383
2.17472
1.35101
1.72259
1.6584
2.16209
1.6928
2.22253
1.30479
1.62154
1.15579
1.19431
2.08278
2.55336
2.03082
1.86006
2.05167
0.790845
1.82297
1.83275
1.43984
2.03976
1.18116
1.92899
1.57786
1.3445
2.25368
0.930777
1.04325
0.933409
1.74961
1.63915
1.56451
1.85281
1.50703
2.12146
0.944617
0.832025
1.40441
1.81774
2.38747
2.23438
1.13273
1.35883
1.41416
1.63107
1.05473
2.06601
1.19718
1.37098
1.33598
1.68749
2.11256
1.36572
2.10868
2.63924
1.49998
1.0349
1.10415
2.01635
1.4797
1.41245
2.354
1.25445
1.77616
1.70339
1.41155
1.69975
1.45666
2.39547
1.53783
0.684554
2.04758
1.75594
1.45208
1.81935
2.30608
1.50758
2.39087
0.99093
1.55841
1.37288
1.82836
1.76109
1.60041
0.802366
1.98847
1.11628
0.976636
1.95697
1.53545
1.37951
1.47335
2.10791
2.06413
1.40723
1.71201
1.88176
1.39512
1.42576
1.2576
2.01127
0.814426
1.38409
0.967568
2.00148
2.54452
2.31408
2.11996
2.25289
1.99598
1.36718
0.89547
1.33265
1.78927
1.43149
1.2133
1.37198
1.24434
1.86819
0.705766
0.751707
1.50055
1.54519
2.00772
1.05269
1.52708
1.1735
1.59143
1.95921
0.943492
1.64784
2.37072
1.32819
1.25731
1.09765
2.07525
2.00214
1.30011
1.83625
1.3195
1.62851
1.82563
1.48745
1.61141
0.866951
1.43948
1.09892
1.65359
1.35464
1.48347
1.40858
1.91612
1.25987
0.833081
2.2732
1.69732
1.36575
1.85303
0.760036
1.94114
0.72467
0.952789
0.847923
1.81881
1.59448
1.44725
0.921375
1.37602
2.19187
1.98324
2.15856
1.12733
1.5732
1.61702
1.94166
0.429208
1.57844
1.87126
1.15192
1.13952
1.75497
1.5878
1.73041
1.68536
1.28166
1.87413
1.22054
1.84538
1.2951
0.876101
1.05122
1.38715
1.93121
1.7048
1.78764
1.62912
2.18059
1.88576
1.01575
1.29865
1.65151
1.63358
0.845707
1.6146
1.8477
1.47614
1.49437
1.70687
1.62872
1.5574
2.17008
1.57293
1.16955
0.624909
2.37529
2.23309
2.25614
1.11086
0.728575
1.80734
1.1667
1.79397
1.52274
1.27863
1.41551
1.91353
1.88409
1.93218
1.56863
1.37223
1.4932
1.44279
1.68856
1.99128
1.78707
1.78991
1.11711
2.03353
0.758687
1.01848
1.70062
1.16232
1.40439
1.56903
2.12673
0.890103
1.85691
1.76594
1.54172
1.36955
1.90388
1.2704
1.93512
1.34476
0.771997
2.00599
2.17124
1.8774
1.76159
1.91229
0.620374
0.862342
1.5316
1.74325
1.74858
1.582
1.68455
0.828698
1.61338
1.32756
1.11418
1.86944
1.08912
1.13784
1.41398
1.82959
1.03439
0.593518
1.53108
1.59439
0.663894
1.53817
1.71849
0.719584
1.31657
1.90654
1.18249
2.06677
1.04733
1.21025
2.22038
2.17019
2.16599
1.27647
1.28334
1.28267
2.33863
0.674836
1.0092
2.06673
2.02334
1.27911
1.52946
1.2348
1.42832
1.85265
1.16092
1.54922
1.53221
1.47078
1.71846
1.53997
0.519554
1.73644
1.65806
1.66551
1.50006
1.32876
2.01687
1.285
1.07189
1.28411
1.52745
1.02382
1.40685
1.0615
1.95184
1.92339
0.962054
1.68696
1.46826
0.723812
1.67634
1.37266
0.860863
1.09003
1.85958
2.27407
1.64929
1.28624
1.9223
1.13892
2.31372
1.54681
1.65892
1.39627
1.80436
0.876397
1.8815
0.887469
2.11954
1.43427
1.24468
1.75783
0.821423
1.90437
2.0236
1.02406
1.45579
1.95993
1.11784
1.56951
1.37783
1.25471
1.75422
1.92502
1.60944
1.45782
1.8622
1.01351
2.04462
1.56231
1.10989
2.43134
1.70277
1.52788
0.819399
1.4842
1.9547
0.952942
1.40794
1.11438
1.56686
0.627768
1.77009
0.816322
2.28348
1.8975
1.43931
1.3487
2.1057
2.12801
0.785467
1.04181
1.55678
1.69079
1.77852
1.62294
1.03255
1.55668
0.467095
1.83832
1.53665
1.9123
1.31953
1.21513
1.70437
1.58175
0.717316
1.00874
1.98727
1.30117
1.4647
0.879316
1.36382
1.74955
0.870389
1.49626
1.28939
2.17569
1.755
1.68389
0.754765
1.12001
1.61555
1.71602
0.463136
2.20067
1.15598
1.58052
1.38313
1.09558
1.62628
1.66499
0.983139
1.46274
0.72432
1.76688
1.79127
1.24319
1.38099
1.56055
1.81775
1.81001
1.25088
1.99911
1.67928
1.96322
1.41038
1.61543
1.80426
1.61983
1.52678
1.51657
1.27694
1.13252
2.25428
1.46077
1.34674
1.4756
1.30928
1.01949
1.43075
1.78658
1.43211
1.84267
1.3909
1.76968
1.7137
1.30739
1.02471
1.5015
1.12477
1.56616
1.16957
1.13774
1.63207
1.20739
1.69469
1.30944
1.20809
2.50569
1.55384
1.29776
1.45198
2.02871
1.53102
1.67517
1.71574
1.56481
0.855352
1.62221
1.82613
2.14077
1.65837
1.40927
1.32026
0.832468
1.22793
2.13008
1.44996
1.91897
1.85424
2.13763
1.62195
2.18886
1.82269
0.605323
1.49688
1.01604
1.57836
1.56387
1.36263
1.41629
1.32932
1.5849
1.0681
0.779762
1.89006
1.29735
0.93788
0.905053
1.4499
1.91346
1.52357
1.28551
1.9723
0.814688
2.06497
1.69372
1.58514
1.9363
1.15019
1.25503
2.17711
1.59875
0.889903
0.919369
1.85748
2.00748
1.33032
1.3388
0.788075
1.92213
1.649
2.41359
2.22068
1.4152
1.37951
1.41415
1.99992
1.47547
2.11133
1.71556
1.21603
1.40387
1.74334
1.34006
1.562
1.57891
1.71849
0.883232
1.39967
1.14499
1.30387
1.55889
1.95618
1.65261
0.898718
1.96225
0.778153
2.82482
1.45395
1.70884
1.86108
1.52128
1.08292
1.52861
1.15432
1.49675
1.15182
1.48754
1.65892
1.87317
2.06745
0.759708
1.53374
1.23405
2.28361
1.2871
1.53534
1.49314
1.16683
1.87926
2.26555
1.53914
1.55865
2.66139
0.90274
1.9945
1.95719
1.91634
0.900124
1.7552
1.6062
1.34043
1.5126
1.56405
2.31855
1.32951
1.39683
1.29494
1.40011
1.65053
1.78121
1.4186
1.48959
1.45663
1.87119
2.21481
1.49709
1.82115
1.48077
1.36254
1.01211
1.31307
1.78469
1.57708
1.38106
1.76181
1.21832
0.96887
1.64943
1.8503
1.65108
1.59295
1.4355
1.23765
1.23483
2.01867
1.12253
1.66511
2.33954
1.6683
1.17193
1.57165
1.08243
1.06075
1.28366
1.87529
1.12205
1.46221
1.33603
1.69191
1.67085
0.926345
1.04231
1.71621
0.483944
1.0235
1.97363
1.65603
1.38942
1.42286
1.30978
1.40599
1.43954
1.8928
2.00496
1.07412
1.79258
1.70289
1.92643
2.20721
1.85465
1.22965
1.43531
1.70888
1.68665
1.78321
0.791149
1.68309
1.98422
1.86953
1.81469
1.76824
0.518124
1.5841
1.4869
1.54597
1.22137
1.483
0.631491
1.39286
1.23189
0.645111
1.6596
1.36525
1.46071
2.10621
1.40822
1.66622
2.64219
1.3798
1.97259
1.57315
0.980879
1.61024
1.59375
1.15085
1.48809
1.54858
2.00032
2.14251
1.5037
0.961395
0.976518
2.22337
0.658055
1.00736
0.995454
1.00184
1.2426
1.38429
1.83933
1.5221
2.43669
1.07586
1.42465
1.47176
0.910601
2.30343
1.0334
1.14537
2.50922
2.06212
1.56393
1.20338
1.56042
0.896158
2.15768
1.68924
1.55346
1.80543
1.91395
1.96456
1.10587
0.7121
0.860117
1.18508
1.81259
2.29165
1.27442
1.39546
1.28586
1.33001
2.00948
1.13833
1.22949
1.21544
1.92067
1.38553
2.16979
1.59479
1.08469
2.64033
1.61091
2.15563
1.71198
0.920002
1.50128
1.43716
1.076
2.34749
0.818719
1.47697
0.99197
1.59204
1.33817
1.32706
1.70747
1.4569
1.42606
0.987213
0.848921
1.66459
1.77876
1.41647
1.92495
1.35211
1.48974
1.05728
0.82378
2.02329
1.72122
1.86372
1.60532
0.913757
1.54553
1.16457
1.77924
1.42687
0.805461
1.78106
1.42844
1.52989
1.17313
1.88662
2.04482
2.02292
1.96869
1.68395
2.19607
2.15198
0.961015
1.08971
1.51895
1.12536
1.17147
1.86545
0.966205
1.18007
1.57919
1.84966
2.15574
1.549
1.38264
1.88496
1.51895
1.81177
1.76084
1.02692
1.39255
1.60705
1.56848
1.74229
1.66432
1.71682
0.932423
2.08385
2.09354
2.31234
1.37155
1.76526
1.35164
2.30307
1.84497
0.939169
2.09238
1.95407
2.08155
0.965463
0.834291
2.12082
0.700766
1.27357
0.922256
1.79652
1.58181
2.01261
1.68315
1.74009
1.67566
1.94639
1.87145
1.21807
0.508643
1.02477
1.47274
0.889045
1.4593
0.836063
1.60953
1.88092
2.20067
1.38066
1.24758
2.07339
0.998796
1.50605
1.39995
1.58744
2.85028
2.29825
1.51167
2.25636
1.14733
1.55561
2.35145
1.68088
1.18231
1.35224
1.05732
1.83629
1.94717
1.87276
1.48451
2.24259
1.36074
2.0061
2.14151
1.17802
1.65706
1.61115
2.3238
1.61494
1.29238
1.44982
1.29136
1.72725
1.69165
1.19821
1.4348
1.93709
1.44535
1.76688
1.32649
1.76093
0.915668
1.10682
1.10811
1.61549
1.42841
1.56939
1.09887
1.57574
1.62796
1.77441
1.37637
1.92717
1.27187
0.510718
0.835691
0.882379
1.67729
1.683
1.68825
1.39906
2.27587
1.3462
1.49642
1.98393
2.12033
1.42192
1.85214
1.26605
1.49397
1.06148
1.8196
1.14904
1.40302
1.15969
1.96179
1.94754
1.19836
1.86634
1.24742
1.47534
1.21814
0.612304
2.22723
0.492554
1.43177
1.56662
1.7831
1.34092
1.40221
1.87673
1.50978
1.35951
1.80097
1.47605
1.84688
1.9973
1.30447
0.977424
1.34392
1.0791
1.33908
1.17035
1.55418
1.20405
1.72357
2.3611
1.66281
1.87765
1.85529
1.03211
1.60773
1.53771
0.613446
1.7748
1.44541
1.83185
1.02242
1.34178
0.963997
0.825091
1.91055
1.5505
1.81124
0.852622
0.850467
1.63829
1.76013
1.31417
0.862372
1.6725
1.56835
1.66245
1.3229
1.6275
2.07706
1.68303
1.09603
0.945586
0.995369
1.86213
1.72707
1.28487
1.44694
1.60819
2.26685
0.740662
1.0722
2.33271
1.23442
1.31239
1.36715
2.02229
1.3715
1.41925
1.34951
2.43892
2.17765
1.61176
1.35433
2.23954
1.74477
1.95407
2.2139
1.27123
1.17537
1.6554
2.26295
1.03411
1.37509
1.07964
1.73356
1.27573
1.19585
1.29776
1.44328
1.16806
1.87458
1.05763
0.879443
2.01366
1.58331
1.53466
1.98261
1.24016
1.47813
2.11882
1.29446
1.15998
1.70296
2.17456
0.939728
1.45715
0.844967
1.06501
2.2906
0.81723
1.92678
1.23532
1.58013
2.03014
1.87305
1.77083
1.23404
1.20881
1.37298
1.35223
2.02201
2.02239
1.44359
2.05619
1.08503
1.89344
1.66485
1.65237
1.96621
1.18373
1.55669
2.03499
1.51465
1.93951
1.58389
1.53514
1.75042
1.42452
1.25365
0.408028
1.2418
2.20061
0.837178
1.64771
1.1769
1.01253
1.7069
0.405525
2.27935
1.53075
1.38581
1.62264
1.56393
1.26267
1.05529
1.63805
1.71078
1.42101
0.880208
1.67575
0.948377
1.49472
1.53199
1.30039
1.43787
0.8089
0.894838
0.662678
0.698512
1.86621
1.50422
1.49883
1.62331
1.63401
0.58249
1.18357
1.64074
0.814736
1.8413
1.31156
1.72747
1.99462
1.18336
1.93288
1.39611
1.30499
1.48445
1.99781
1.44661
1.31281
1.25644
1.97191
1.61873
1.57873
0.919222
1.1751
1.50758
1.04341
1.40797
1.98433
1.48066
1.69293
1.99321
1.90118
1.87666
1.11431
1.52445
0.992026
1.2
1.12908
1.93598
1.38075
1.97006
2.04978
1.31214
1.38597
2.28704
1.22547
1.13986
1.5628
1.87158
1.45924
1.88044
1.5531
1.5438
0.93547
1.06592
1.57092
1.81639
1.43727
2.20241
1.99114
1.20497
2.15174
1.59656
1.80643
1.38345
2.0181
1.56625
0.813711
2.08147
1.53435
1.36706
1.62472
2.03051
1.5432
1.69711
2.06472
1.69729
1.33237
1.49069
1.56268
2.09829
1.4522
1.80717
1.47255
1.34538
1.93105
1.10781
2.06887
1.41165
2.26674
2.28146
1.45868
2.1776
1.36541
1.31591
1.09538
2.1479
1.33497
1.68678
1.32355
1.52363
1.36518
2.25448
1.06547
2.23627
1.67269
1.9571
1.74372
1.18297
1.58496
1.649
1.24171
1.67603
2.16561
1.94049
0.90049
1.50085
1.63603
1.07319
1.46169
1.6457
1.4375
0.816907
1.239
0.817911
1.23033
1.30131
1.77011
1.99611
1.27514
1.0318
1.72423
1.20487
2.25913
1.18301
0.913185
2.06168
1.22764
1.42884
1.32
1.14422
1.68798
1.31376
1.12614
2.3231
2.61333
1.64
1.72636
0.752852
1.40515
0.926576
1.15819
1.07479
1.97861
2.10152
1.11906
1.74961
1.78983
1.29561
1.30457
1.84761
1.64735
1.27583
1.22443
1.41321
1.56051
0.798756
1.12289
2.238
1.7217
0.476509
1.80511
1.02891
1.89569
1.92254
1.73499
1.56268
1.54736
1.8615
1.01498
1.51782
1.06328
2.30725
1.51078
1.44722
1.52836
2.13064
2.14629
2.36253
1.30438
1.27162
1.75223
1.90325
2.09144
0.942132
0.858048
2.48574
1.38706
0.976727
0.798199
2.05139
1.79944
1.4693
0.819226
1.76115
0.706473
1.4747
1.04063
1.84316
1.30827
1.65558
2.31581
1.49553
1.83193
1.31421
1.32831
0.893448
2.02824
2.00281
1.10559
1.30028
0.864866
1.9969
1.86372
1.09923
1.31886
1.7853
1.63682
1.54375
1.63746
1.20866
0.760828
0.832515
1.56134
1.47421
1.83636
1.74037
1.55682
0.892445
1.34118
0.851336
1.33441
1.46986
1.70178
0.977589
1.64459
2.42734
1.18058
1.21547
1.30863
1.81586
1.4891
1.4492
0.990831
1.45656
1.80542
2.27761
1.95962
1.98554
1.88458
1.23315
1.62698
1.63016
1.0852
1.06674
1.33803
1.56588
0.923369
1.51011
1.33328
0.704396
1.05267
0.699997
1.96077
1.75508
1.19416
2.04926
1.39893
1.76656
1.30523
0.18742
0.88223
1.41557
1.28926
1.32769
1.11503
1.57591
1.6615
1.10224
1.46963
1.65696
2.14667
2.05943
1.07276
1.35935
0.846407
0.539414
1.06103
1.24654
1.61292
2.34783
0.976857
2.01879
1.40525
1.20275
1.65822
1.21742
1.31319
1.4932
1.28577
1.4184
1.59106
1.70252
1.25699
2.01102
0.850426
1.77753
1.54192
2.22632
0.931371
1.74496
1.43759
0.781819
1.95901
1.67419
1.70532
2.19218
1.37249
1.67959
1.56854
0.501353
0.871947
0.890662
1.6337
1.33381
1.59814
0.815104
1.79725
0.955483
1.86704
0.930874
1.66174
2.35906
1.82316
1.88669
1.47124
2.28515
1.50667
1.50856
0.924353
1.61578
1.07002
1.99437
1.93467
0.861736
1.4022
1.01388
1.94729
1.68042
2.09081
1.46028
0.892128
0.991506
2.17856
1.59613
2.31439
0.46039
1.30204
1.67214
0.96441
1.18416
0.695316
0.756315
0.930437
1.44032
0.964201
1.7056
1.57752
0.645287
1.48279
1.52369
1.23299
1.69342
0.823219
1.54754
0.508174
1.09233
1.83673
1.44122
1.57
2.0475
1.30975
1.30096
2.38976
2.24654
1.41206
1.66867
1.07239
1.22862
0.978394
0.813258
1.82751
1.4637
1.50593
1.23906
1.68959
1.99697
1.23725
2.04428
1.58545
1.04551
1.45789
1.57257
1.42989
2.04381
1.64086
1.12496
1.19343
2.34293
2.30339
1.10647
1.06592
1.10499
1.89765
1.55853
0.589279
0.841734
0.782128
1.83174
1.38762
0.99977
1.51431
0.641449
1.37497
1.56555
1.30644
0.943148
1.97868
0.691048
1.67904
1.65396
2.59091
2.43679
2.08414
1.73363
1.77223
1.34143
1.63523
1.11713
1.59314
2.26644
2.03668
2.06282
0.572745
1.106
1.07858
1.60561
2.15174
1.26911
1.67738
1.41579
0.965424
0.997202
2.10463
1.46808
1.69065
1.1215
1.0184
0.679
2.05347
2.28195
1.22466
1.69735
1.65105
1.56921
1.51587
1.60523
2.12548
0.668456
1.68473
1.80536
1.09603
1.44799
1.90292
1.26608
1.30473
1.18872
1.7387
1.77541
1.81028
1.49221
1.86979
0.9599
1.67143
1.83637
2.05461
0.598095
1.90764
1.2892
1.09182
1.84009
1.49776
1.30062
1.1463
1.22023
2.41013
2.02634
0.466578
1.78914
1.19828
1.15973
1.09182
1.85091
1.58154
1.44953
1.49871
0.842139
0.830141
2.19544
1.02191
2.00874
0.948435
1.90047
1.96591
1.39859
1.48327
1.15324
1.20852
1.82998
1.87349
2.11287
1.46218
0.530127
1.06688
1.65112
1.30147
1.77354
1.62838
2.38855
1.3292
1.23755
0.883148
0.938106
1.17385
1.7286
1.42168
2.00805
1.98107
1.04973
1.35069
1.51156
1.22171
1.74829
0.980157
2.02756
1.63774
1.46028
1.05746
1.56732
1.53924
1.83906
2.07798
1.62961
1.36469
0.792401
2.29197
1.09453
1.65133
0.668173
1.32765
1.23781
1.65702
1.18145
1.14676
2.20288
1.46725
1.28505
1.63429
2.0068
1.12628
1.39093
1.58058
2.25432
1.45236
1.45745
1.54111
1.10921
1.46875
1.89435
0.893093
2.01944
2.16697
1.652
1.50761
2.20705
1.64346
1.82322
0.271509
1.47096
0.971018
1.33654
2.59277
1.80948
1.06106
2.07944
1.09781
2.10453
1.26353
0.818996
1.46725
1.57598
2.10047
1.52922
1.54456
1.69323
2.19573
1.99902
1.80841
1.8313
2.33514
1.72392
1.17611
1.84374
1.74631
1.76184
1.48549
1.49051
2.00746
1.46097
2.24804
1.30457
1.95289
1.38572
1.1434
1.0149
1.58163
1.88204
1.75898
1.808
1.89426
0.585583
1.01244
1.37634
1.86041
1.42719
1.06602
1.47873
1.23751
1.2773
1.35489
1.60932
1.0664
1.33648
2.03239
1.22171
1.18435
1.53389
1.4569
1.85541
2.16998
1.91976
1.73248
1.53435
1.44107
1.64056
1.47908
1.49498
1.38839
2.20986
1.3851
1.56662
1.30745
1.48359
1.86577
1.10251
1.93957
1.05577
1.26819
2.55265
0.968214
1.33023
1.6901
1.80951
1.41591
1.64019
1.22954
1.74762
2.27162
1.32838
1.46869
1.38314
1.54046
2.43759
1.55761
1.8437
1.88602
1.8392
2.52387
1.36453
1.25611
1.67149
2.42509
1.36157
2.22262
2.34151
1.42539
1.41628
1.33485
0.874446
1.45917
0.523618
0.904235
1.95433
1.02149
1.44405
1.04502
1.92802
1.48863
1.78071
0.880736
2.31812
0.772487
1.96991
1.47695
1.72763
0.809727
1.08772
2.58134
1.57238
1.09031
2.25464
2.32449
1.55297
1.64276
1.43198
1.7927
2.09869
1.27697
2.01399
1.45039
1.54208
0.832125
1.41415
1.72725
1.54092
1.51367
1.19868
1.67094
1.55738
1.21625
1.53295
1.92771
1.4603
2.28341
1.6216
0.952233
1.50604
1.90657
1.49363
1.24886
1.52787
1.17829
1.88881
1.36012
0.611474
0.960372
1.52427
1.81108
0.655228
2.23586
0.792127
1.43371
1.44034
2.0209
1.39689
1.3823
1.19199
1.03623
2.07932
1.08593
1.17524
1.88213
2.26507
1.3482
1.48566
2.16025
1.38128
1.01867
1.49714
1.03166
1.05199
2.2018
2.0229
1.61726
1.7433
1.38622
1.5327
1.66953
0.785393
1.0934
1.60817
1.97836
1.56561
1.18707
1.10358
0.648793
2.10024
1.84852
1.25676
1.58523
1.44833
1.05714
1.41736
1.28878
1.23039
1.56578
1.38907
0.944147
1.13959
1.9575
2.04572
1.76174
1.54937
1.21099
0.89294
1.68764
1.28596
1.79703
1.29422
1.10586
2.25871
2.32206
1.07219
1.9099
1.32287
1.70788
0.850719
1.80549
1.25419
1.01296
1.14315
1.23202
0.886528
1.08934
1.64931
1.16632
1.37976
2.02345
1.43525
1.04959
1.68679
1.67428
1.81783
1.37683
1.34714
2.12655
0.583038
2.32627
1.95677
1.16497
0.813509
1.44155
1.8021
1.69745
1.34131
1.31282
1.28252
1.20202
1.39459
1.39022
1.74043
1.38361
1.75787
2.10391
2.47481
1.24126
1.38845
1.83272
1.94853
1.15091
1.74717
0.928354
1.11588
1.19985
1.78461
1.11254
1.28067
1.07662
0.946686
1.09481
1.94744
1.69453
1.13171
1.51095
0.92503
1.38674
1.364
1.71935
2.13636
0.529424
1.32649
1.99064
1.87001
1.99904
2.02754
1.17317
1.15962
1.66474
1.69219
2.12739
1.01594
1.66999
2.30343
0.739403
2.22944
1.64092
2.47206
1.75643
1.86633
1.40314
2.22375
1.80878
1.2015
1.56021
1.4797
1.91865
1.51468
0.88766
1.52891
1.51062
1.28362
1.73463
1.43075
1.00675
1.10776
1.48604
1.23149
1.75321
1.92834
1.75773
2.27431
2.614
1.9715
1.37842
1.46312
0.814374
1.22732
2.03969
1.36063
1.26272
1.76849
1.5758
1.47047
1.5107
1.73202
1.05653
1.88534
1.21371
1.60364
0.972152
1.17379
1.45856
1.61998
1.16005
1.34469
1.56005
1.08551
1.20757
2.10826
1.84489
1.24067
1.92587
1.69951
0.878098
1.34828
2.90268
0.859098
1.76128
1.51327
1.10839
2.10107
1.35305
1.7275
1.11853
1.53233
1.02019
2.03642
1.42619
1.74148
2.15128
1.49749
1.37683
1.15606
1.86973
1.18265
1.45819
1.66156
1.78901
1.49488
0.784552
1.23227
1.32788
1.40621
0.532135
1.64533
1.36566
1.48788
2.33406
1.39769
1.52977
1.82603
1.55364
1.29202
1.4907
1.15158
0.883467
1.51792
1.60468
2.37511
1.65102
1.41826
1.29735
0.84759
1.54534
1.5418
1.41242
1.59158
1.71318
1.70486
2.59048
1.86807
1.54262
1.6818
2.32708
1.51764
0.724621
1.41437
1.90883
2.0034
1.78786
2.21217
1.29586
1.40633
1.31465
1.31976
1.77064
1.80251
1.66006
0.655184
0.964503
2.03163
1.74793
1.838
1.71652
1.53606
2.35052
1.67837
1.85354
1.21305
1.2204
1.78545
2.14071
0.78815
2.01271
2.68462
2.07269
1.46215
1.11561
2.07206
1.36488
0.797933
2.12103
0.948966
1.41464
1.7804
0.857853
2.14152
1.87945
1.95612
1.60223
2.18857
0.8996
1.25663
1.80028
1.1236
1.29758
0.604443
1.58102
1.40826
0.612093
1.99844
1.67901
1.99841
1.92691
1.06481
0.827175
1.73603
1.01086
1.82344
1.68595
1.6905
1.61454
1.58413
0.841036
1.26035
1.49473
1.13239
1.18647
1.84472
1.23873
0.96908
1.52574
1.5648
1.63176
0.881333
1.60539
1.50862
1.48377
1.46197
1.42354
1.31522
1.36712
0.779291
2.20636
1.68753
1.52005
1.71281
1.13158
0.593475
1.62209
1.45408
0.681864
0.602693
0.780058
1.81328
1.06466
1.89698
1.80668
1.32825
1.35426
0.595632
1.19173
1.57153
2.04919
1.8831
1.84272
1.3059
0.799407
1.55444
1.84564
0.903605
2.2147
1.74806
1.28551
1.66668
1.61512
1.98107
1.42631
1.33532
2.02605
1.78502
1.39589
0.730001
1.60107
1.85787
1.47176
1.1974
1.9825
2.39402
1.92363
1.59811
1.08539
2.12881
1.60859
0.626583
1.39099
0.559214
1.28048
1.01723
1.90144
2.26555
1.38293
1.66407
0.960924
1.43741
1.49669
2.20711
1.77448
1.38869
1.15149
1.92424
1.66477
1.25458
1.14228
2.05867
1.54388
1.79308
1.65843
1.46764
1.70086
2.34118
2.27689
2.31464
1.97686
1.23059
1.55548
1.61873
1.12867
1.36026
1.93598
1.14931
2.53518
1.30118
1.91167
1.87695
0.44654
1.55456
1.57128
0.957925
1.85812
1.25519
2.17962
1.17045
1.70699
1.51993
1.35098
2.04663
1.23363
1.23603
1.10646
1.83105
2.21445
1.1645
1.75503
1.25832
1.25688
2.01434
1.90427
0.725344
0.7332
1.58264
1.1402
1.42511
1.15338
1.13783
1.48285
1.81422
1.54849
1.1777
1.04521
1.84466
2.34843
1.36382
1.26573
1.38597
1.28242
1.06828
1.36263
0.65547
1.25695
1.16322
1.25028
0.822207
1.37403
1.66413
1.20372
1.05767
1.41252
2.38861
1.04643
1.00054
1.76144
1.20764
1.24103
1.5415
0.915059
1.29294
1.49348
0.794966
1.34884
1.56677
1.33141
1.12218
1.45749
1.76532
2.11253
1.43526
2.26029
1.27213
1.36503
0.911612
1.14526
1.58862
1.42687
1.35868
1.71093
2.10842
1.76395
1.00392
1.45611
1.27838
1.33924
1.455
1.95685
0.945746
2.11665
0.761923
0.694462
1.00404
2.23914
1.19684
1.4544
0.889706
1.38566
2.115
1.37938
1.87816
1.93467
2.55055
1.87567
1.87844
0.926521
1.41934
1.5374
1.56701
1.72763
1.2163
1.85526
2.0161
1.70163
1.0662
1.21982
1.791
1.59677
2.35208
1.02714
1.77977
1.39596
1.86003
1.00096
1.94147
1.56458
1.29558
1.57733
2.19977
1.57513
1.2377
0.714855
1.09953
1.3905
1.40655
1.13051
1.05115
1.63407
1.78202
1.80361
1.5305
2.11759
1.59622
1.3141
1.56811
0.737577
1.51458
1.08933
1.196
1.86675
1.58551
2.16822
1.92801
2.55885
2.19206
1.36576
1.4865
1.15716
2.08006
2.53845
0.782979
1.32092
0.779686
1.62642
1.87017
1.69127
2.2146
1.22865
1.79364
1.84631
1.41798
1.63951
1.11767
1.15912
1.88195
1.81259
1.54861
1.33658
1.90912
2.4088
1.64692
1.15805
1.15765
1.73766
1.23764
1.17134
2.31266
1.35808
1.26835
1.06946
2.12555
1.81516
1.63028
2.28338
1.28945
1.96551
1.08021
2.31757
1.7644
2.3324
1.59145
1.64521
1.48806
1.45798
1.76066
1.49287
1.90796
0.727515
1.23408
1.80907
0.984236
1.69022
1.35298
1.56378
1.97459
1.39887
1.90052
1.44251
1.04788
1.37509
1.48475
2.03417
1.57185
0.885948
1.45543
2.01514
1.66616
1.67516
1.21044
1.49443
2.17375
1.22535
1.4459
1.58799
1.90849
1.49914
1.67256
1.82568
1.20676
1.43816
0.660455
1.21631
1.28125
1.48383
1.36893
2.29125
1.6505
1.45945
1.65742
1.62782
1.28414
0.807525
1.08119
1.8412
1.23785
1.32371
1.52536
1.27313
1.30333
1.04812
0.919674
1.42395
1.5371
1.23758
2.09439
2.23751
1.55676
1.56524
1.21527
1.77971
1.31675
1.12353
1.77173
2.07547
1.22359
0.907148
1.23941
1.78169
1.90279
1.01134
1.72812
1.75292
1.69855
1.31414
1.05381
1.40413
2.48643
1.38099
1.52393
1.23531
2.25463
1.32059
1.88079
1.38864
1.12598
1.40079
2.78355
1.82739
1.09082
1.73925
1.89766
1.78757
1.22119
2.17827
1.3864
2.04758
0.71864
1.72145
1.42127
1.67033
1.47574
1.67676
1.86895
2.46912
2.48607
1.4695
1.25303
0.716236
2.50663
1.54156
1.55822
1.54968
1.58827
1.59558
1.5291
1.81738
0.766369
2.26223
0.538978
1.43426
1.0133
1.59442
1.76837
1.70659
1.55603
1.17084
1.16326
1.56457
1.02319
0.820406
1.35711
1.67186
1.31326
1.77503
0.555343
0.84848
1.51871
1.73214
1.3351
1.64487
2.31429
1.2798
1.53899
1.78814
1.91638
1.06251
2.27738
1.72645
1.41069
1.27204
1.38411
1.3053
1.44953
1.33303
1.46472
1.3522
1.06762
2.04271
1.0086
2.30484
1.1411
1.54345
1.92015
1.0719
1.43087
1.50404
1.40164
1.52442
1.70252
1.268
1.52342
1.89324
0.939493
2.34151
1.38553
1.52036
1.21273
1.64732
0.748217
1.13844
1.75388
1.39165
1.3621
1.62692
2.01758
1.07475
1.83402
1.02614
2.33273
0.877144
1.82007
1.6702
0.969844
0.929468
1.46237
1.21583
1.69628
2.74576
1.10867
1.00639
1.53038
1.02712
1.30688
1.36145
1.4974
0.787665
2.61467
1.1803
1.31471
1.67118
1.5496
0.923691
0.829428
1.03961
0.85425
1.74183
1.90363
1.78193
0.753203
1.08968
1.30754
1.35437
1.6689
1.31162
0.801458
0.759268
2.14056
1.17349
1.2666
1.47128
2.34749
1.36647
1.23919
1.11214
1.53447
1.61082
1.81491
2.02436
1.0397
2.29168
1.52606
1.68168
1.7838
1.30497
1.51064
1.49544
1.10491
2.21777
0.779264
1.75977
1.55621
2.3041
1.77043
1.84675
1.59668
1.80655
1.73944
1.36378
1.69816
0.914145
1.45263
1.35807
1.49333
1.25008
1.93154
2.22269
1.25047
1.61479
1.2937
2.40915
1.68616
2.14027
0.794871
1.59415
1.5129
2.06247
1.53676
2.33895
1.89969
1.26383
0.769002
1.44541
2.48667
1.51707
1.64331
1.75761
1.19045
1.5932
1.55981
1.30858
1.41959
1.91761
1.15849
0.882148
1.42067
1.18231
0.808159
1.91223
1.64395
1.95835
1.60498
1.0292
1.67343
1.54817
1.27915
1.23852
1.12766
1.45383
1.66444
0.929817
1.34834
1.69717
1.11702
0.713081
1.26634
1.37708
2.12231
1.91914
1.7826
1.2871
1.24118
0.647403
1.87849
1.75842
1.37609
2.22908
1.71994
1.38633
1.31868
0.60369
1.34269
1.69912
1.19411
1.46271
1.60843
1.59532
1.38254
0.796675
0.444744
1.57586
1.81479
2.1944
1.85965
1.70798
2.21985
1.4102
1.56433
2.11418
0.48876
1.16319
1.9649
1.49982
0.946499
1.30789
0.989783
1.77703
0.754224
1.53533
2.07098
1.54397
1.63003
0.940284
1.57049
1.77148
1.42233
1.34366
1.30441
1.48316
1.48708
1.8765
0.603278
1.24593
1.53792
2.24373
1.3492
2.03389
1.23765
1.24789
2.21993
1.91132
1.81907
1.47991
1.01201
1.49892
1.47004
1.09196
1.88258
1.52971
2.02037
1.18477
1.02698
1.60016
1.73452
1.81885
1.59271
1.643
1.06213
1.39292
1.23786
1.57397
1.94514
0.962538
1.37808
1.19875
1.75261
1.29266
1.45171
1.01421
1.78339
1.10237
0.709198
1.54076
1.1066
2.16509
0.492681
1.99288
1.80477
1.14529
1.2793
1.19704
1.43993
1.49929
1.41875
1.9057
1.81089
1.74099
1.00417
1.55917
0.649946
1.15439
2.07456
1.28827
1.33135
1.56485
1.33058
0.803201
0.970151
2.30448
1.71768
0.854331
1.53823
0.899516
2.04854
1.31903
2.10606
1.31903
1.0313
1.54333
1.30443
0.78765
2.06552
0.830186
0.926327
1.23441
1.83336
2.66565
1.53734
1.40529
1.25405
1.34476
1.7188
1.86666
1.36251
1.17868
1.49712
2.3941
1.94849
1.97612
2.09412
1.9594
2.13404
1.20928
0.751433
2.70504
1.94849
2.12668
1.38858
1.30909
0.661093
1.42983
1.40614
2.16613
1.6664
1.60474
1.44027
1.86749
1.61317
1.49343
0.833282
1.23635
1.40712
2.13858
0.899783
1.7669
2.19998
1.76557
1.57513
1.58429
1.45918
1.46449
1.3792
1.41044
0.547708
2.37902
1.85406
2.47426
1.35295
1.43318
2.27856
2.02445
2.03909
0.953843
2.01799
1.67419
1.89293
1.41121
1.96053
1.4604
1.29586
0.901086
1.86577
1.31032
1.79728
1.88294
2.37471
1.60074
1.87349
1.97477
1.89731
0.948132
1.34244
1.49345
1.41576
1.29865
0.967178
1.52416
1.18485
1.88088
1.73759
1.58581
1.68518
1.3361
1.53227
1.75438
2.19986
1.28112
0.698752
1.37844
1.57586
1.67229
1.35453
1.62374
1.15665
1.27799
1.60969
2.25597
0.816618
1.17446
1.58961
1.59479
2.10954
1.92496
0.920534
1.76252
1.63028
1.3143
1.6419
1.87068
2.33104
1.25984
2.09148
1.42041
1.05512
0.9773
1.38723
1.05897
0.967988
1.48138
1.6024
2.04839
1.46734
1.89055
1.32183
1.97363
1.76264
1.60743
1.82417
1.79527
1.05226
1.77301
1.68401
1.59083
0.876043
1.46206
1.55737
2.04559
0.942353
1.74158
1.99938
1.35277
0.919815
1.23621
1.38112
0.734122
1.27615
2.57741
1.38578
0.789468
0.852849
2.19163
2.01292
1.8902
1.81951
1.59741
1.82714
1.42045
0.97141
1.75562
1.79145
1.88656
1.25542
1.626
1.44762
2.08125
1.84319
1.29167
1.73319
1.80119
2.32148
1.63786
1.27286
1.71578
1.20268
1.09144
1.63439
1.29462
2.08336
0.955265
1.47418
1.43131
1.67818
2.12937
2.37274
1.49173
2.57784
0.893783
1.50575
1.08651
2.05218
2.07254
1.64703
1.39453
1.34845
1.27244
1.02998
1.54418
1.06023
1.15738
1.30612
1.59943
1.66413
1.52562
0.892057
1.16949
1.65546
1.52769
1.29183
1.77173
1.76165
1.07258
1.47697
1.18391
1.33817
2.00782
1.1839
1.93261
1.61604
1.45432
0.831197
2.0357
1.03543
1.51192
0.942349
1.3592
1.83028
1.28538
2.06622
1.05177
1.3769
1.25411
1.35439
1.51889
1.58105
1.43673
1.74328
0.59246
1.90143
2.08876
0.830441
1.71351
1.60028
1.58923
1.55624
1.81944
1.84617
2.01055
1.31294
1.11078
1.25233
1.76644
0.806446
1.64472
1.03563
1.93558
2.15512
2.03303
1.21188
0.840713
1.83693
2.35301
1.78189
1.75569
1.0634
1.77559
1.53472
0.958302
2.22232
1.28493
2.05909
2.47731
1.52106
1.20037
1.6023
1.33755
1.25952
1.9305
1.92495
1.84322
0.545094
2.2693
0.923421
1.28893
1.38839
1.11702
1.93539
1.87932
1.16403
1.86806
1.26346
1.31656
0.888696
1.3732
0.882693
1.39428
1.42162
1.23501
0.992757
1.31411
1.10777
2.02449
1.1994
1.43263
1.63731
1.75324
1.43734
1.56579
1.45709
1.70329
1.37603
1.5779
1.00846
1.85572
1.58703
2.33685
1.53945
0.861641
1.72658
1.36076
2.14208
1.06996
1.32485
1.61225
1.41872
1.03706
2.3611
1.52836
1.07525
2.28827
1.25751
1.31774
1.6826
1.66846
2.00982
1.9274
1.18449
1.59338
1.44089
2.00339
1.73628
1.33755
1.97009
0.868064
1.42125
1.73251
2.34402
1.92275
1.51394
1.6795
1.46922
1.45696
1.77622
1.37593
1.72207
0.740505
1.67017
2.27375
1.73593
0.889882
1.86856
1.28309
1.93786
1.54375
1.06787
1.79469
2.251
2.26523
1.89692
1.63597
1.99662
1.78864
0.686913
1.08813
2.32391
1.32145
1.22719
1.24535
2.18878
1.39264
2.02959
2.18491
1.47792
1.85093
1.07399
2.00248
2.00083
1.84168
1.14254
1.23008
1.79077
2.25653
2.09828
1.62489
0.91953
1.421
0.719104
1.29699
0.900578
1.33022
1.32026
1.45358
1.71547
1.85475
1.532
1.10723
1.34153
2.13218
2.1847
0.691513
1.58227
1.01484
1.684
2.02355
1.61867
1.58749
1.34099
1.36786
2.21037
1.51327
2.02132
1.44615
0.59815
1.65405
1.33511
1.72599
1.82222
1.82328
1.26643
1.36974
1.81089
1.50917
1.09617
1.37802
1.37614
1.46654
1.16354
0.893706
1.74527
1.20702
1.77909
1.28418
1.71608
2.1919
2.11468
1.69754
2.01515
0.789638
1.34275
1.78808
1.12306
0.682557
1.1485
1.89773
0.699022
1.38308
1.04833
1.91197
1.45905
0.983328
1.32249
2.0666
1.51433
2.26452
1.50163
1.72818
1.72868
2.13791
1.39475
1.21103
0.975647
1.25799
1.86369
1.36394
1.18192
1.1046
1.45835
1.15895
1.69004
1.79653
1.42378
1.20606
1.64115
1.82897
1.052
1.90592
1.62899
1.86851
1.76963
1.66122
1.72485
1.74968
2.02394
1.82973
2.03178
2.0875
1.4663
1.54003
1.26398
2.25574
1.26083
1.32542
1.91917
1.42014
1.25395
1.12606
1.64684
1.14832
1.3838
2.0296
2.29665
1.91039
2.35378
1.97649
1.81509
1.65948
1.80813
1.65822
1.69434
0.878891
1.71954
0.689238
1.42576
1.90181
1.55725
1.08668
1.35151
1.41869
2.23377
1.86062
0.42464
1.37714
1.8112
1.37204
1.51905
1.85688
2.1105
1.16873
1.60248
1.53948
2.45489
0.911602
1.24554
2.25118
1.42312
1.00719
1.30547
1.47441
0.936155
1.30931
2.47729
1.13854
1.42421
1.30909
1.03494
2.04833
1.9793
0.807181
1.48178
2.21715
2.05072
1.61069
2.57154
2.1295
0.950904
1.46287
1.67272
2.03334
1.40883
1.54433
1.72139
2.10634
2.25355
1.42459
1.87145
2.28171
1.28707
1.20993
1.95197
1.37111
1.7247
1.19545
1.13474
0.928661
0.981315
1.30484
0.990128
2.45594
1.81957
0.94721
1.75285
1.38895
0.948293
1.35389
1.50232
1.73344
1.8249
1.3565
1.56616
2.36318
1.30384
1.49602
1.92591
0.88589
0.753124
0.981427
1.62869
1.04304
1.87586
1.26535
1.25381
1.24605
1.46102
1.91813
0.994134
1.67777
1.31086
1.19973
1.32926
1.33441
1.20392
1.5783
2.17326
1.07911
2.26182
0.726512
1.16005
1.38529
1.79471
1.736
1.34582
1.83225
0.831394
1.61164
0.844386
1.8925
1.91314
1.27275
1.8367
1.3582
1.76376
1.90524
0.712987
2.10187
2.04096
2.05758
2.46443
1.44547
1.30571
1.35093
2.11183
1.15653
1.22839
1.68838
0.903968
1.81196
1.15376
1.7708
1.68015
1.61795
1.15708
1.05557
0.971699
1.31692
1.45967
1.28748
1.8375
1.16372
1.54033
1.87726
1.85799
1.21671
2.14732
1.70751
1.54772
1.48849
1.18674
2.44225
1.89844
1.7006
1.18337
1.36119
1.50685
2.09787
1.84973
1.00408
1.75671
1.32502
1.25344
1.34098
1.48451
1.34673
1.66635
1.7964
1.23727
0.543714
2.38083
1.37634
0.963564
0.500289
1.46962
0.778636
1.04877
1.91032
1.47464
0.755056
2.196
0.812512
1.13036
2.29344
1.88907
1.64768
1.96697
0.999911
1.06407
1.86724
1.08043
1.25333
1.32454
1.56738
1.26365
1.53423
1.20915
0.974977
1.57333
1.02471
1.36712
1.72849
1.86778
1.02191
1.07988
1.03681
1.00469
1.47718
1.10989
1.76768
1.3983
1.0735
1.08689
1.41026
1.88772
1.72478
1.33441
1.72401
1.65825
1.23356
2.06743
1.97689
1.96137
1.1815
0.922928
1.62487
1.95638
1.12478
1.50936
2.15717
1.70653
1.39834
1.70088
1.57763
0.858837
1.77952
1.22176
1.62502
1.61714
1.97068
0.611928
1.26759
1.4105
1.40673
1.05385
1.36922
1.30688
1.86845
1.9471
1.36238
1.33485
1.07247
2.33894
1.49369
1.52742
1.27344
1.10385
1.62782
1.42474
0.529539
2.13674
1.85284
1.85119
1.27193
1.06598
2.02849
1.13259
1.62007
0.891886
1.65972
1.39391
2.14883
1.45214
1.29081
2.06117
1.38746
1.85112
1.23321
1.35855
1.03759
0.622318
2.16422
1.79667
1.26003
1.53624
2.06472
1.65197
1.62401
1.72077
0.657737
0.947428
1.41023
1.29824
1.65574
1.57803
1.33121
2.149
1.08423
1.41038
1.52054
1.17041
1.70191
2.21008
0.834302
0.741215
0.710026
1.30125
0.653369
1.92047
1.31575
1.57752
0.971263
1.38808
1.88707
0.576857
1.9864
1.40048
0.389249
1.57482
1.34281
0.97645
1.37341
1.62655
0.83276
1.2709
0.806045
0.755714
0.942987
1.17611
2.59916
1.47559
1.52073
1.58752
1.56819
1.21833
1.2527
1.90317
1.29935
2.73288
2.26921
1.01117
2.90548
1.33344
1.44793
1.35358
1.37466
0.892213
1.01796
1.7374
2.40461
1.34906
1.77656
1.24216
2.18849
0.835872
1.33297
1.37322
0.840312
1.61295
1.72157
0.976334
1.19624
0.838514
0.927508
1.51435
1.38647
1.47795
0.977816
2.09427
1.46802
0.825085
1.68506
2.70804
0.98567
1.72713
0.751841
0.617901
0.810822
2.11946
2.05377
0.314267
1.02857
1.71905
1.73041
1.58838
1.00726
1.14226
2.05598
1.4612
0.502845
2.00847
1.71288
1.33246
1.67634
1.10657
2.07729
0.862146
1.27675
1.37154
1.123
1.15544
1.54357
1.64689
1.18732
1.92008
1.31234
1.64361
0.884831
1.38619
1.01831
1.3181
2.51327
1.61521
1.91956
1.55657
1.86321
1.74012
1.49271
1.92761
1.59692
0.903115
1.80417
0.750523
1.90368
1.63065
0.818703
1.98754
0.789792
1.51
1.64704
0.791971
1.59315
1.40939
1.01188
1.40406
1.71861
1.36509
1.53179
0.777366
0.845539
1.64602
2.05164
0.733628
1.24256
1.82005
1.05907
2.06109
2.29127
1.88494
1.68659
1.3797
1.61482
1.41292
1.36737
1.95351
2.2526
2.23356
0.764128
1.00798
2.07617
1.68804
0.598096
1.03502
1.50251
1.8458
1.6445
1.92911
1.85122
2.5844
2.30811
1.70659
1.82509
0.91064
1.68189
1.83261
1.61137
1.71787
1.68691
1.89094
1.62908
0.664703
1.13402
1.34976
1.43891
0.808271
0.929584
1.98823
1.15526
1.81793
1.41736
1.30011
2.37408
1.82615
1.26693
0.977101
1.34572
1.24789
1.28551
1.26926
0.881607
1.41254
2.22041
1.26998
1.62594
1.18561
1.63894
1.01446
2.00536
1.34363
1.28691
2.06213
1.46114
0.901289
1.7614
1.72599
1.1598
1.5755
1.26029
1.06898
1.22112
1.84802
1.0346
2.05605
1.28507
1.02355
1.04077
1.39864
1.54061
1.49671
1.23363
1.86793
1.33617
1.00968
1.5802
1.45936
1.79765
1.53166
1.59186
0.751859
1.96826
1.34319
1.8892
0.938501
1.59036
1.90253
1.52403
1.82222
1.15504
1.9301
1.91755
0.843025
1.89924
1.60211
2.16012
1.35642
1.80668
1.35863
1.37154
1.35789
0.964379
1.78814
1.53676
1.79858
1.62791
1.36609
1.47396
1.78617
1.18995
0.843171
1.49847
1.11472
1.72343
1.44845
1.26416
1.58618
2.03688
0.956751
1.12449
1.04085
1.91217
2.12798
1.90156
1.59717
1.32177
1.31774
0.548819
2.06864
1.68518
1.38271
1.00899
0.918996
1.26746
1.7853
1.31231
1.57476
1.53343
1.03107
2.18749
0.541609
2.56275
2.19985
1.65219
1.71531
1.80735
1.86264
1.35223
2.49862
2.19518
1.69695
1.75212
2.32876
1.37198
1.27358
0.94914
0.763591
1.27702
1.64004
2.16592
0.801956
1.49314
0.81644
1.63881
2.15304
1.42458
1.47022
1.1974
1.2617
0.935639
1.58954
0.300216
2.45331
1.23205
1.24876
1.01271
1.12605
1.83909
1.85062
0.923864
1.80044
0.970204
1.59711
1.4693
0.613721
1.20843
1.77285
2.29025
2.27352
1.64037
1.39936
0.673755
1.80618
2.30547
1.85958
1.30528
1.15309
1.72639
1.19633
1.26583
1.78736
1.73016
1.09592
1.93895
1.75906
1.96456
1.45577
1.01289
1.47464
1.50471
1.62881
1.38833
2.65435
1.63481
1.86634
2.15162
0.850444
0.975964
0.469486
1.42119
1.40209
1.74251
0.664082
1.83604
1.16292
1.76097
1.88521
1.37972
1.64818
1.94325
1.01906
1.70141
1.85537
1.99852
1.54273
1.34513
1.38094
1.32259
1.37322
1.39006
1.47651
1.82758
1.23066
2.17746
0.867293
1.3607
1.70228
1.48935
1.13292
1.02456
1.50535
1.73168
2.33634
1.13807
0.986955
1.52836
1.31209
1.32448
2.05203
1.76912
1.11954
1.44633
1.83291
1.27997
1.27618
1.072
2.04721
1.51575
1.86162
1.29598
2.34929
2.03992
2.23117
1.2256
0.869089
1.60742
1.97052
1.43586
2.097
1.28869
1.08033
1.3295
1.29814
1.91918
1.98182
1.45832
1.25028
1.07055
1.57397
2.27371
1.80992
1.5755
1.34619
2.61024
1.29692
1.26234
1.71503
1.4705
1.31036
1.43697
1.17492
2.50213
2.55595
1.2808
1.72102
1.54855
1.78647
1.87964
1.8356
1.27828
1.43038
1.05083
0.98245
1.78383
0.693552
2.0315
1.09276
1.35295
2.29193
1.00033
1.52393
1.40927
1.63101
1.22703
1.24107
1.12422
1.80035
1.06172
0.856564
1.8308
0.919454
1.2208
1.18501
1.45192
1.27347
1.6219
1.15045
0.973905
1.16264
2.0182
1.71257
1.13656
1.44541
1.8799
2.17219
1.73467
1.40543
1.26452
1.56063
0.801763
1.62621
0.81397
1.10299
1.32583
1.46768
1.91258
1.19458
1.36994
0.97532
1.94259
0.0612713
2.06587
1.05612
1.24789
1.51191
0.654195
0.975022
1.73152
1.37941
1.06544
2.00086
1.58496
1.54919
1.76106
1.44427
1.88534
1.90629
0.946535
1.46353
1.44979
1.27289
0.856019
1.20992
1.33397
1.87221
1.64172
1.23435
1.68964
1.78677
1.59903
1.20855
1.70382
1.16451
0.684059
1.41174
1.05594
0.735926
1.57669
1.38212
1.27618
2.23347
1.37913
1.66064
1.43718
