1.00798
1.22732
2.29533
2.04685
1.35258
1.62087
1.98641
1.52632
1.81907
0.853412
1.67867
1.17591
1.18598
1.64361
1.11915
1.35455
1.47439
1.36505
1.93248
2.00924
1.55712
0.936371
1.19657
1.7594
1.10402
1.06067
1.54916
1.85116
1.35195
1.62478
1.32139
1.31414
1.35679
2.25798
1.33416
1.15992
0.966928
1.37217
1.50012
1.98316
1.97759
1.07885
2.08812
2.51715
1.05438
0.854614
1.04623
1.24306
2.54486
1.80737
1.70345
1.60217
1.80537
1.56774
0.8434
1.81416
1.79299
1.84268
2.20366
1.29187
1.48206
1.54607
1.71596
1.77793
1.86228
2.30083
1.88201
1.25799
2.05905
0.923639
1.2477
1.59271
1.23001
1.45568
1.30947
1.74901
1.70279
0.795828
1.06503
1.75022
1.41009
1.60865
2.05988
1.73854
0.893706
1.37489
2.50964
2.29209
1.30422
2.39645
1.49669
0.968192
1.05495
1.09386
1.72301
1.853
1.26254
2.17657
1.63328
1.53178
1.86153
1.42193
1.67953
0.464079
1.61066
1.95743
1.56237
1.9979
1.28742
1.42026
1.90616
1.12794
1.3833
1.43737
1.54626
0.703766
0.892391
2.05069
1.55603
2.39387
1.5476
2.25071
2.26963
2.13968
0.502425
1.58245
1.55655
2.01766
0.77829
1.77921
1.81821
1.40846
1.89808
1.82551
1.42076
1.05099
1.74713
1.27577
1.70934
2.01995
1.85774
1.31522
1.8663
1.81384
1.38876
1.52042
2.00127
1.61273
1.15673
2.22108
0.939182
1.04283
1.43732
1.80467
1.36877
1.48454
2.11072
1.3277
0.9261
2.29224
1.51529
1.09039
1.62423
1.7369
1.7004
1.53047
1.95609
2.08686
1.75277
1.75595
0.992861
1.47194
1.70884
1.82054
1.10955
1.60216
1.6968
1.43318
1.5044
2.30511
1.75531
1.80855
1.56976
1.18192
2.01958
1.71152
1.16782
1.27478
1.54061
1.96019
0.722536
1.54986
2.22993
1.23514
1.94268
2.37407
0.909182
1.87646
1.73993
2.09477
1.71994
1.09665
1.50737
2.18382
1.99262
1.36287
1.2305
1.24635
1.91942
1.93306
1.33874
1.75444
1.90156
1.59405
1.87129
1.96489
2.18277
1.84313
1.01583
2.31533
1.83416
1.51058
2.20432
1.08575
2.27281
1.83098
0.976482
0.970202
1.19928
1.49033
1.72299
2.26545
1.53276
1.37721
2.29199
1.60883
1.99032
2.27641
2.00866
1.86387
1.77846
1.73239
1.11588
1.39274
2.67573
1.70034
1.58139
1.52018
1.58563
1.69071
1.74663
2.46907
1.16335
0.778019
1.85793
2.19455
1.4202
0.803048
1.75742
1.2049
0.876492
2.06497
0.974494
1.43648
2.3399
2.70958
1.66573
0.907788
2.18633
1.03299
1.50067
2.14145
1.33174
2.18599
1.64637
2.10953
2.16738
1.41115
1.45746
1.34457
1.35309
1.36263
1.07328
1.95716
0.778814
1.64949
1.70742
1.6783
1.34684
2.55733
1.55023
1.22729
1.72744
1.20117
2.22983
0.865881
0.888808
1.71118
1.23075
1.79923
2.01623
0.989712
1.31504
2.09161
2.02905
1.79039
2.14008
1.92495
1.18767
1.04282
2.06283
0.926096
1.61146
1.31061
1.62921
1.5443
1.55987
2.46598
1.01676
1.55856
1.37385
1.97502
1.46918
1.28726
1.29675
1.29945
1.75963
2.27417
1.81853
2.31277
2.25705
1.52506
1.84572
1.3582
2.68951
0.956322
0.673549
1.9945
1.71041
1.35876
0.973819
1.01852
2.66046
1.32957
1.20002
1.51264
0.857945
1.23835
1.2861
0.93962
2.28651
2.21902
2.68057
1.96327
1.72837
1.52311
1.80793
1.14763
1.08074
1.96297
1.50193
0.97614
1.30296
0.767429
1.47375
1.14223
1.45112
1.72682
1.2878
1.73115
1.71781
0.898753
2.42668
1.71075
2.1619
1.33353
2.17776
1.81064
1.31498
2.28668
1.64596
2.03655
1.6349
1.33301
2.29419
2.01224
0.761015
1.76644
1.23919
0.95903
1.59436
1.36515
1.41795
1.14957
2.31343
1.7605
1.61237
2.32226
2.84007
2.00998
1.71442
1.01
2.11942
0.91759
2.03798
1.29877
0.794096
1.36488
2.13255
1.26895
1.42144
1.86719
1.58429
2.06246
0.826535
1.35795
1.75767
2.26723
1.02378
1.39469
1.59628
1.84117
1.63033
0.927675
2.12323
2.16564
2.0061
1.52377
1.30115
1.647
1.76505
2.16466
1.49884
1.37724
2.04779
2.46311
2.08084
1.53954
1.29383
1.47728
1.84884
0.908543
1.49289
1.3071
2.35093
0.876136
1.46458
2.37542
2.45952
0.929037
1.27889
1.69274
1.50443
0.859881
1.59772
2.0257
1.64035
1.36141
1.69634
1.44467
1.45346
1.47488
1.39806
1.05888
0.918142
1.57659
1.90427
0.847861
2.25464
0.533882
2.29381
1.18778
1.68657
1.75395
1.72127
1.94941
0.946719
2.07459
1.73585
1.80969
1.85418
1.60911
1.42841
1.79279
1.48764
0.874133
2.00366
0.979212
1.64178
0.791971
1.13663
1.50972
1.48757
0.803814
1.68473
1.3324
1.9422
1.81079
1.64466
1.6252
1.50844
2.0861
1.98861
1.62754
1.64515
2.34988
1.32044
2.37346
1.00505
1.9138
1.00664
1.73506
1.50159
2.64488
1.27334
1.47813
1.74781
1.88589
1.97257
1.00224
1.27135
1.47544
1.69901
1.33158
1.67901
0.673998
1.39645
2.7602
0.7116
1.51445
1.01951
0.489709
0.877019
2.70585
0.614913
1.38839
1.35083
1.78445
1.25085
1.28461
0.68126
1.25567
1.6183
1.81521
2.47299
1.31175
2.0268
1.69003
0.881439
1.30591
1.8119
1.83064
1.46519
2.00123
2.15289
1.39688
1.85437
1.67678
1.12177
1.14274
1.94055
0.916694
1.86245
1.82966
1.01092
1.29104
1.33573
1.73511
1.22748
1.12262
2.12513
1.17636
1.88579
2.39287
1.17551
2.0928
1.7731
1.16009
0.990049
1.56324
1.60364
1.78699
1.49538
1.20807
1.39558
0.91377
1.74049
1.95167
1.75233
1.36793
1.60559
1.55114
0.861442
1.39
1.11428
2.03379
0.813837
1.7379
1.18468
1.93418
1.78723
1.48586
1.60743
2.10449
1.62982
2.08848
1.46952
2.11305
1.64233
1.84909
2.35634
1.13475
1.69872
1.48488
1.87468
1.22506
1.59329
1.40939
1.99516
1.31585
1.87727
1.06162
1.51804
2.18371
1.69674
1.52528
1.6719
1.76426
1.59189
1.38392
1.89341
1.31192
1.42243
1.37808
1.16005
1.79671
2.41327
1.1373
1.80354
2.28034
1.56484
1.9037
0.740956
2.2959
1.95457
1.58722
1.18036
2.36137
1.45377
1.69216
1.63597
1.74353
1.08545
2.05708
1.04156
1.44695
1.46919
2.18008
2.2661
1.4338
1.15701
2.72446
1.14551
2.11387
1.78752
2.17299
0.889717
1.87458
1.31379
2.56264
1.69539
1.34914
1.74855
1.23771
2.062
1.91983
1.41384
1.19371
1.81913
1.32498
1.33682
1.22061
2.0594
1.44659
1.13057
1.63695
1.39216
1.44448
1.11261
1.64013
1.19442
1.32707
1.75668
1.82083
1.59534
1.5916
2.68059
1.91758
2.15546
1.77703
1.36366
1.63823
2.24887
1.35545
1.17074
1.21162
2.38407
1.40848
1.67189
1.61916
1.51834
1.20085
0.883299
1.48057
2.38162
1.4126
1.80712
0.93742
1.53695
1.67548
2.3519
1.74742
2.09203
1.83563
1.58913
0.730465
1.64827
1.58459
1.82534
0.991808
1.55764
1.53417
2.1767
1.61317
1.09017
1.6106
2.04499
0.950169
1.60007
1.91003
0.824375
1.76215
1.19999
1.14462
1.15841
1.62759
1.65543
2.17403
1.64655
0.927351
1.08841
1.17254
2.07038
1.05281
1.37497
1.46166
1.79214
1.61384
1.1827
1.16475
1.57449
1.22962
1.87503
1.44817
2.22773
1.0905
1.97197
0.994772
2.11222
1.75799
1.75084
1.97594
1.5305
1.3577
0.799992
1.58258
0.904253
1.7564
1.58743
1.14278
1.81095
1.82969
1.64771
1.20317
1.59479
1.34851
1.08519
2.52761
1.63903
1.71911
0.952054
1.61616
1.4419
1.09256
1.41877
1.76333
1.51352
1.2772
0.798855
1.43197
2.41619
1.51399
1.81907
1.61399
1.34005
2.41256
2.22361
1.78573
1.68637
1.52775
1.89653
1.44609
1.83138
2.08999
1.89304
1.07156
0.841676
1.49437
1.71373
1.55926
1.51709
1.70782
1.1956
1.75885
1.74124
1.38223
2.09059
2.24228
1.62548
1.54116
1.70238
1.13252
1.22794
1.84073
1.75873
1.22765
1.27952
1.47709
1.20219
1.80082
1.40577
0.894829
0.972504
0.821207
1.30005
1.78371
0.472876
2.28664
1.38597
2.00916
1.79171
1.4785
1.88489
1.23127
1.74355
1.34025
1.45739
1.37407
2.02267
1.69305
1.21917
1.72553
1.15605
1.12881
1.2068
2.33752
1.868
1.17359
1.43867
1.21885
1.09407
1.53942
1.6957
2.24749
1.11002
2.4265
1.25207
1.5407
1.76274
2.04853
1.7283
1.68395
1.30968
1.28201
2.19422
1.48696
1.60633
1.14644
2.09055
1.5548
1.10117
0.691588
2.22697
1.20352
1.74725
1.28462
0.761379
1.26783
1.82969
2.1672
1.37615
1.6037
1.43158
1.76737
1.6092
2.19418
1.26861
1.59485
2.00684
1.70523
1.42853
1.29776
1.18079
0.845944
1.27051
1.54693
2.08285
2.2309
2.19202
1.73551
0.976558
1.74062
1.11886
0.985678
1.59283
1.36107
1.77534
0.540798
1.6505
1.81727
1.80935
2.35613
1.22232
1.32712
2.337
1.70505
1.92037
2.20052
0.889586
1.89605
0.884216
1.3726
2.00375
1.36372
1.58386
1.26734
2.19755
1.53966
1.51889
1.21449
0.80602
1.86942
1.51895
1.04231
1.36824
1.25367
1.30345
0.471828
1.57329
2.03594
0.882296
1.38824
1.03928
1.87346
1.86976
0.913407
1.55987
1.26862
1.28156
1.93369
1.65826
1.93686
1.43642
2.33185
1.93951
0.599373
1.06072
1.03074
1.06312
1.51669
1.32032
1.59037
0.626897
1.52789
1.64141
1.47489
1.82511
1.83168
1.36057
1.63367
1.5294
0.888604
2.32101
1.82341
0.713033
1.86608
1.21768
1.16082
1.69656
2.42565
1.6174
0.864747
1.76597
1.9151
1.35627
1.50446
1.4758
1.97842
1.426
1.73078
2.30499
1.31591
1.4703
1.38607
1.33987
1.79637
1.32681
1.55548
2.44728
1.23447
1.18426
1.97386
1.45358
1.37649
2.58754
1.34793
1.43802
1.45045
2.13103
1.71408
1.87631
2.00111
1.73078
1.55722
1.64101
1.66064
2.20368
1.74161
2.18543
1.7784
2.24012
1.74824
1.41033
1.00104
1.08111
2.4713
1.94192
1.12935
1.78926
2.28845
1.34154
1.4281
1.08388
1.21643
2.46561
1.17233
1.41971
2.13013
1.44079
1.50852
1.54204
1.43411
2.27332
2.01587
1.40537
1.37634
1.2778
1.58831
1.08623
1.99185
1.90169
1.20496
1.80056
1.36737
1.9724
1.85151
2.55223
1.58049
2.19582
2.69197
1.07263
1.46131
1.53328
1.93037
1.87164
1.50551
1.05648
1.88208
1.62545
1.65378
1.50391
2.27561
1.04981
1.89656
1.53166
1.62576
1.40555
0.533241
1.37248
1.69659
1.01396
0.951081
2.08576
0.930516
1.93119
1.45543
1.28917
1.34275
1.98067
1.39032
1.55157
0.365502
2.22319
2.21473
1.8524
1.47578
1.22417
2.03768
2.01332
2.01069
2.3662
1.42738
1.32654
1.69207
2.14845
1.51018
0.975821
0.833364
2.16601
0.901029
1.88143
2.4405
1.27952
0.928843
1.8665
1.68998
1.45696
1.32755
1.07476
1.68242
0.901406
2.43273
1.77672
2.03451
1.09068
1.49088
1.54534
1.43066
1.28666
1.71312
1.56732
1.77005
0.986029
1.61375
2.18895
1.71245
2.37706
2.14819
1.93539
0.993023
2.5299
1.10927
1.59088
1.365
1.48971
2.5281
1.30922
1.7652
1.31029
2.13584
1.5338
1.92657
1.73122
1.70417
1.544
0.804953
2.25695
1.48791
2.2974
2.39771
1.44719
1.59607
1.8574
1.78583
1.03921
1.89454
1.07542
1.39586
1.83351
1.32939
0.982699
1.93903
1.43109
1.70493
1.89911
2.10305
1.31446
1.44304
1.26739
1.80856
1.37666
0.975157
1.34978
1.14694
1.81472
1.20019
1.50847
1.88817
1.74494
1.95434
0.802902
1.72846
1.35823
1.48291
1.57861
2.13864
0.723994
1.45653
1.43311
2.26863
1.18998
1.89927
1.98894
1.04618
1.99965
1.76752
1.6337
1.23683
2.27537
1.84675
1.84472
1.08177
2.38365
2.17906
2.2549
1.98254
2.03997
1.2666
2.26478
1.2232
1.54901
0.958657
1.45878
2.10791
2.00692
1.33592
2.00264
1.65725
2.09919
1.60443
1.55749
2.3464
0.728109
1.47257
1.13565
1.43383
2.74307
1.64741
1.23239
1.67045
0.852733
2.24656
1.47508
1.50353
1.57104
1.94514
1.70794
1.88528
1.48273
1.59302
1.8464
1.70462
2.21364
1.02527
1.87548
0.876574
1.82299
0.96281
1.69766
2.01879
2.18267
1.4215
1.26445
0.934481
1.57543
1.82234
1.92694
1.60297
1.63195
1.48261
2.15849
2.38167
1.40976
1.50358
1.45008
1.44873
1.57479
2.08392
1.53838
1.00596
0.608965
1.80543
1.13916
1.63364
2.03029
1.1931
2.44005
1.41434
1.04533
1.63147
2.14336
1.47028
1.72565
2.28204
1.20846
2.16568
1.72034
1.80298
1.11273
1.4219
2.10878
0.812759
1.83238
1.86958
2.17842
1.63854
2.06002
0.774576
1.74015
1.72503
1.8571
0.77093
1.71096
1.61158
1.84022
1.5954
1.50339
2.45275
1.5173
1.58743
1.6205
1.86079
1.54827
2.46844
1.60004
1.63364
1.64619
2.29968
1.36022
1.79202
1.3497
1.70025
0.836614
1.851
1.83724
1.34845
2.1045
1.83971
1.34924
1.05826
1.57629
1.61173
1.5957
1.16776
1.11989
1.8205
1.03031
1.77684
1.11229
1.71821
1.70905
1.90344
1.38221
1.17914
1.51743
1.239
2.18409
1.33548
1.46148
2.03975
2.21436
1.87772
2.27111
1.88711
1.0047
1.23591
2.29778
1.37379
2.45671
1.59653
1.59994
1.43084
1.36706
2.47366
1.24064
1.21859
2.34631
1.38799
1.14485
1.4297
2.0016
1.91307
1.06254
1.06247
0.929472
1.85444
2.10067
1.46251
2.40848
0.895076
1.45041
1.17987
2.56613
1.72648
1.306
1.75022
1.04497
2.36476
0.955992
1.44097
2.19405
1.4327
1.00297
1.08719
1.2182
1.83806
1.51571
1.37338
1.42224
1.70571
1.92773
1.98993
2.19275
1.14834
1.76004
1.56829
1.21035
1.58068
1.55798
1.52752
2.40612
1.58787
1.96374
1.25339
1.62453
1.27866
0.915717
1.88841
1.78124
2.00066
1.25696
1.41106
1.88198
1.75477
0.507908
1.46987
2.37376
2.30046
1.51821
1.27895
1.81644
1.67155
1.84342
1.93641
1.75392
2.12792
1.77372
0.9578
1.69803
1.08268
2.1942
1.60077
1.36176
2.12218
1.87836
1.66042
1.23984
1.83316
1.9531
2.10232
1.25045
1.56683
2.01093
1.31694
1.18073
2.11726
1.41062
1.00353
1.59808
2.47567
1.94327
1.14871
1.25265
1.98274
0.925499
1.77066
1.52992
1.53331
1.33108
2.38434
1.31268
2.24408
1.75811
1.39844
1.30839
1.41236
1.56749
1.20209
1.88618
1.89013
1.84707
1.91878
1.83341
1.87132
1.88512
2.25038
1.50489
1.56781
1.22148
2.2423
1.34319
1.94392
2.14917
1.87415
1.81109
1.66278
1.68599
0.612751
1.62936
1.27658
1.45414
1.29981
0.83135
1.9546
1.88406
1.18706
1.70924
1.32932
1.59588
1.95559
2.18081
1.18568
1.67309
1.59831
1.66904
1.36681
1.79696
1.89632
1.67211
1.31338
1.85916
2.23205
1.0292
1.11105
1.75575
1.19731
1.76395
1.35039
1.53566
2.32579
1.84983
1.49605
0.900536
1.51468
1.19508
1.42742
0.95299
1.55557
1.7818
1.19236
1.60917
0.904276
1.94347
1.4496
1.84555
1.46399
1.3149
1.16709
2.08932
1.60804
2.37799
1.85222
1.17625
0.423715
1.1718
1.27519
1.119
1.97148
2.08153
1.4973
1.27805
1.96838
1.82846
1.16394
0.800208
1.12606
1.41625
1.99128
1.63273
2.59776
0.987348
1.15912
1.76996
1.44775
1.18751
1.24261
2.65894
1.63679
1.76358
1.58465
2.37362
1.68869
2.00443
1.14843
0.552505
2.01245
2.65615
1.65765
2.15808
1.32995
2.02869
1.27238
1.66358
1.6547
2.3495
1.53576
1.70311
1.51095
1.42796
1.24287
2.34785
0.972355
1.79753
1.7192
2.19844
1.75792
0.515043
1.76236
1.4778
1.35108
1.88245
2.01378
0.983087
1.68487
1.76065
1.36219
2.41846
1.87941
2.18196
1.46433
1.09512
1.16899
1.82697
2.41362
1.98122
1.78141
2.02322
1.375
1.41384
1.42199
1.75016
1.25833
2.41235
1.63542
1.62209
0.941507
1.62565
1.5011
1.77784
1.32512
1.37863
1.45519
1.91862
2.12395
1.8913
1.14321
1.1969
1.54578
2.09991
0.729476
0.887296
1.6242
0.664049
1.80549
2.14182
1.40293
1.94252
1.87081
1.25696
1.71852
1.33587
1.31212
1.13284
1.42661
1.94849
1.13058
1.49908
2.11925
1.60401
1.14849
1.20432
1.23803
1.47862
1.43007
1.44738
2.41167
1.85303
1.10221
1.03084
1.54082
1.49651
1.92122
0.930123
0.623143
1.56738
1.19082
1.26625
1.40271
1.72077
0.914365
1.05684
1.85423
1.73721
1.74836
1.47403
1.28328
1.48573
1.63685
1.59393
1.34879
1.95541
1.27079
0.876254
2.15425
1.65898
1.64319
2.09151
2.17204
1.9439
2.21806
1.36542
1.71898
1.96992
0.711574
1.20441
1.63239
1.47921
1.14671
1.15619
2.00192
1.59993
0.933712
1.54549
1.43212
1.0043
2.10957
1.29415
1.10451
1.55477
1.29288
1.33667
2.36102
2.05836
1.44239
1.98794
1.51076
1.29954
2.20681
2.4348
1.83137
1.2515
1.35857
1.3936
1.45672
0.88571
1.93656
1.75187
1.57934
1.16801
1.93663
1.9208
1.55105
2.11703
2.21506
2.27319
0.474998
1.57757
1.41573
1.13995
1.14969
1.6376
1.42304
1.68991
1.70109
1.28538
1.85467
2.16292
1.34956
1.75604
0.939075
2.25386
1.42653
0.838124
1.20564
1.89396
1.6382
1.08219
1.3782
1.64459
1.32671
1.5979
2.02803
1.44473
2.52724
2.27472
1.09539
1.42921
1.39825
1.40908
1.46712
1.69872
1.31704
0.658728
1.4777
1.88297
1.02427
1.30486
1.69145
1.78696
1.93709
1.00559
1.40322
1.56433
1.07093
1.45568
1.98991
1.6588
1.37521
1.3202
1.19533
1.53634
1.46863
1.82089
0.754268
1.16548
1.30006
1.72874
1.16849
1.81492
0.697061
1.4562
1.35414
1.46611
0.989754
1.32507
1.79302
1.84574
1.66916
1.77706
1.08406
1.29865
0.948518
1.30893
1.69127
1.95224
0.953843
1.2084
1.66303
1.99345
1.191
1.10437
2.76311
1.05479
2.03963
1.2682
1.19492
0.948005
1.97641
0.846432
1.10644
1.23104
1.40162
1.73561
2.16324
0.474812
2.24097
1.19111
1.6561
1.09567
1.41613
1.22864
1.47464
1.38681
1.03573
1.53667
1.44611
2.59626
1.42082
1.52824
2.467
1.11317
1.50261
1.3527
0.868564
0.849859
0.724888
1.6772
1.24519
1.70197
2.21768
1.53856
1.73773
1.30695
2.11288
0.87166
1.55601
2.12506
1.81236
1.06344
0.865181
2.34012
1.31282
1.44042
1.97036
1.22174
1.61555
1.39856
1.97869
1.46937
1.4797
1.75292
2.62472
1.05546
1.76202
1.22266
1.84887
1.51944
1.87999
1.69699
2.04676
1.874
1.9749
1.45205
0.992029
1.38454
1.76339
1.32319
1.43701
2.171
1.62128
1.67993
2.25833
0.897137
2.06699
2.20095
1.72713
1.57281
0.504326
1.99275
1.07016
1.14715
1.38819
0.792314
2.06109
1.12578
1.13934
2.25371
1.78183
1.67325
2.23024
0.585454
0.683874
0.752158
2.46591
1.94398
0.927155
0.824161
2.17916
1.17886
1.76314
0.953534
0.91506
1.46708
2.44214
1.69274
1.31168
1.60752
1.63469
2.65029
1.75413
1.09943
0.948789
1.89055
1.2674
0.984318
0.747744
1.68386
1.65414
1.33614
1.39918
1.66085
1.40667
0.786239
2.40403
1.13114
1.46249
1.82101
1.36244
1.75901
1.53188
1.17425
0.936627
2.121
0.866311
1.4982
1.38699
1.41435
1.48285
1.79709
1.19573
1.19283
1.08501
1.28258
2.00264
2.0696
1.91434
0.753408
2.03579
1.30997
1.91405
0.783935
0.90298
2.25512
1.74173
1.18396
1.879
0.805353
1.30049
1.59839
2.20443
1.7004
1.59042
1.47979
1.90124
1.20536
1.29827
2.60208
1.47997
2.26757
1.5371
1.24041
1.98807
1.22755
1.09003
0.87461
1.6136
1.38528
1.06686
0.638426
0.746491
1.3225
1.6073
1.67723
1.27059
1.53582
1.92398
1.17426
2.03488
1.8259
1.30615
2.20048
1.90356
1.22228
1.02041
0.940962
1.1831
1.06022
2.36842
2.33325
2.33614
0.785744
1.68865
2.09623
0.90346
1.77659
1.42372
1.79947
2.01416
1.51358
0.920208
0.871176
1.57501
1.22057
1.71627
2.04792
1.15438
1.17144
1.7931
1.83038
1.95048
1.88188
1.77005
1.06571
2.41985
2.6142
2.34863
2.4736
1.37602
1.51926
1.30586
1.77644
2.68951
1.81454
1.53398
1.54021
1.13164
1.4853
1.77335
1.582
2.29322
1.46602
1.30703
1.74773
1.45398
1.37528
1.23751
2.43965
1.21181
1.20473
1.70216
2.36194
2.02655
1.10633
2.08133
1.72276
1.44184
1.97839
2.00773
1.7877
0.710132
2.14709
1.56732
1.82448
1.64869
1.90421
1.86628
0.564296
1.30428
1.57177
0.995154
1.29827
1.9191
1.88635
2.11019
2.32788
1.94382
1.49709
0.958559
1.77098
1.59504
1.56414
1.95669
2.24958
2.25472
1.39956
1.11932
2.66881
1.58508
2.25788
1.72769
2.11234
2.25248
0.822122
2.01677
1.94508
2.32952
1.34895
1.58824
2.61548
1.61176
0.70724
2.07757
1.3626
1.06968
1.52812
1.34657
1.50532
0.845369
0.859689
1.81443
1.54346
0.995002
1.66867
2.34202
2.34783
0.871934
1.3596
1.19753
1.69609
1.39239
2.39837
2.28149
1.53349
1.57751
1.4198
2.47378
1.50899
2.44
1.77993
1.73364
1.85645
1.43368
1.27681
1.43574
1.56628
1.12567
1.67568
1.83832
1.40116
1.3869
1.42815
1.16939
1.70517
1.89117
2.19541
1.4804
1.3315
1.81768
2.1121
1.71296
1.52565
1.58471
2.10941
1.35224
1.36143
1.14215
1.45862
1.54847
1.85323
1.31524
1.3517
1.16424
2.02156
1.50293
1.84175
1.64906
1.22713
1.86092
1.65592
2.5474
2.07744
2.14814
2.09233
1.46325
1.77641
1.50113
1.08817
1.72454
1.32373
1.21145
1.98034
1.40594
1.9758
1.6702
1.20549
1.81534
1.82915
1.97681
1.13626
0.82946
2.10789
1.94167
1.67183
2.07238
2.54926
0.96374
2.36801
2.26771
1.48653
0.853165
1.60891
1.13303
1.14002
1.55511
1.37232
2.58257
1.6815
2.65537
1.75391
1.83421
2.44099
1.20967
1.92814
0.960047
2.37569
1.23713
1.30061
1.85583
1.47961
1.51682
0.764833
1.73502
1.17289
1.50498
0.722175
1.76208
1.78532
1.31169
1.18551
1.52591
1.78052
0.29695
1.89664
2.37574
1.17345
1.53655
0.981862
0.833407
0.855641
0.976561
1.62624
1.39447
1.89187
1.55886
2.58774
1.56181
1.48445
1.43852
0.925802
2.28025
1.65402
1.31994
0.969866
2.40689
0.896126
2.24159
1.58081
1.60944
0.872042
0.745505
1.7669
2.81949
1.13135
1.31446
1.52592
1.3636
0.925922
1.90077
1.20608
2.30302
1.48206
1.58034
2.15554
1.78712
1.38324
1.94489
1.48886
1.55603
0.785474
1.68881
1.47826
1.39797
1.8687
0.82077
1.55523
1.59863
1.72299
1.81616
1.07412
1.43001
1.48889
1.62402
0.877345
0.999337
1.806
2.49488
2.44101
2.48867
0.853097
0.897998
1.1163
1.98786
1.59991
1.82133
1.43416
2.32566
2.03696
1.83534
2.09945
0.83717
0.779019
1.41534
1.29941
1.71507
1.79519
1.68942
1.17524
1.62912
2.47201
2.30034
1.79384
2.06904
1.26711
1.58325
1.71431
1.04697
2.45047
2.12476
1.75429
1.53796
1.93722
1.73588
1.71358
1.83408
1.37344
1.11631
0.446792
1.5621
2.35657
1.16468
1.02661
1.64303
1.58154
1.68171
1.56588
1.13218
0.883201
2.12675
1.33516
1.44239
1.78467
1.46706
1.6775
1.5877
2.07727
0.90445
1.47151
1.33733
0.851808
0.568912
0.755811
1.62306
1.5935
1.4891
1.30157
2.21341
2.03542
2.05364
2.12807
2.10805
2.06406
1.64674
1.29431
2.02707
1.47498
1.54803
0.943696
2.04096
2.29204
0.838245
1.41063
0.898719
0.86112
2.46349
1.02514
0.895939
1.44809
2.20665
1.99611
2.15834
2.14644
1.36332
1.75851
1.43433
2.08041
2.24186
1.81667
1.7619
1.63095
2.43965
1.14901
1.49746
1.48103
0.907961
1.84567
2.15852
2.47777
1.37605
1.47599
0.917386
1.98384
1.44367
1.79231
1.61873
1.4512
1.5195
1.14353
2.2042
1.92236
1.19582
0.476709
1.43614
0.931408
1.52177
1.96566
1.85074
1.68761
2.14414
1.63055
1.44036
1.96443
1.37611
1.68051
1.17802
1.17001
2.27836
1.01231
1.42452
1.91346
1.54392
0.809039
1.24393
1.99305
2.10176
1.30808
1.84424
2.02674
1.22548
1.52571
1.52164
0.740538
2.45728
1.6685
0.992616
1.4758
1.45322
0.794067
1.54056
1.03824
1.76843
1.29136
1.84042
2.25346
1.62924
1.72361
0.349904
1.79539
1.26823
0.786012
1.90887
1.60285
1.74867
1.74551
1.6152
1.67334
1.59033
0.770017
2.13462
1.22891
1.7431
1.59167
1.76217
1.58496
1.09337
1.21664
1.23767
1.14468
1.82707
1.84599
1.63584
2.02824
1.49339
1.83155
1.21224
1.04463
1.41538
0.978263
1.74167
1.69514
1.64478
1.51565
1.37167
1.56323
1.19502
1.46963
1.607
1.2799
1.53792
1.05652
1.93428
1.58203
1.37562
1.48916
1.65416
1.21087
2.23029
2.05645
0.901905
1.53036
2.22138
1.49504
1.64404
1.86576
1.17558
1.88337
1.33858
1.15604
1.39071
2.32803
1.38019
2.31321
1.00751
1.8399
1.49651
2.00065
1.33359
1.6567
1.17458
2.13297
2.03579
2.04514
2.04099
1.29129
0.812086
1.31616
1.11635
1.15482
1.36637
2.56163
1.7126
1.52577
1.33621
1.65041
1.73195
1.32504
1.33911
1.22177
1.66527
1.87298
1.36466
1.62478
1.60929
1.46007
1.85723
1.00914
1.69514
1.96177
0.626248
2.49798
1.37876
1.90568
1.35545
1.45156
1.89576
1.61781
2.34641
2.75831
0.730903
1.53777
1.78383
1.74198
2.33143
1.9209
1.71656
1.10019
1.32114
1.20212
1.29825
1.39005
1.70742
2.06664
1.85576
2.27
2.46854
0.798201
2.29573
2.09149
2.17972
1.88785
1.94062
1.4601
0.957206
1.62019
2.03508
1.5173
2.06095
1.62187
1.37883
1.6501
1.92988
2.55575
1.65094
0.898991
1.38746
1.07108
1.17233
1.49473
2.46824
2.18394
1.88249
0.951584
0.758632
1.66689
1.53138
1.45014
1.02279
2.0809
1.77922
1.40178
1.46261
2.15081
1.65911
1.74102
1.00023
2.05595
1.84244
1.85357
2.00288
1.5252
1.59094
2.1411
0.537578
1.23229
1.7533
2.00488
1.8545
1.76894
1.43867
1.45168
1.35805
2.12101
1.62777
1.99135
1.66524
1.43692
1.40547
2.69546
1.42289
1.80732
1.90197
1.29542
1.29072
0.637352
2.42319
1.32297
1.10177
1.50524
1.82871
2.53668
2.47039
1.6528
2.46287
2.30359
1.34732
1.19771
2.34411
1.72089
2.17588
1.61971
1.34782
0.896692
1.63268
2.07396
1.76482
2.27998
2.29785
1.71948
1.34361
1.85673
2.04036
1.44565
1.11098
1.16751
1.57116
0.730191
1.44802
1.53612
2.53209
1.42856
1.13302
1.77366
2.00247
2.3971
2.00245
1.80743
0.789497
2.31014
1.93283
1.99043
1.32454
2.17777
1.58575
1.02584
1.92364
1.56909
2.0057
1.88939
1.68356
1.82336
1.22122
1.29974
1.67672
1.57548
1.56407
1.65035
2.10096
1.9099
1.54788
0.597197
1.02619
1.10682
2.11308
1.41254
1.15479
1.34676
2.0371
1.65537
1.06536
1.03916
0.905715
1.07811
2.18781
1.61508
2.04338
2.00871
1.03759
2.38908
2.17707
1.53398
1.94729
1.51196
1.1659
1.72642
1.4652
1.29653
1.71368
1.31635
1.5895
2.12719
0.930891
1.56478
1.51802
1.42572
2.29976
2.41802
1.68895
1.30194
1.484
2.34082
1.27754
0.889229
1.35295
2.53705
1.26061
1.75829
0.949335
2.31982
1.11551
1.61011
1.27744
1.59308
1.26106
1.54992
1.76165
1.03881
1.5968
0.910515
1.0613
1.27091
1.38246
1.34556
1.8749
1.22784
1.7016
1.78333
0.692124
2.23724
1.79025
1.63195
2.09052
2.41569
1.66812
1.53653
1.92135
2.11418
0.957535
1.61665
1.33977
1.95361
1.33108
2.19812
1.75544
1.21175
1.74866
1.34713
1.66886
0.938092
1.15277
1.40902
1.2786
1.15732
1.59271
1.83976
2.04074
1.44818
1.21713
1.38803
1.73691
1.33172
1.43802
1.88962
1.20212
1.21074
1.05995
2.17295
1.75898
1.21723
2.60743
1.02143
1.78194
1.88573
1.45013
2.04583
1.87455
2.01184
2.03648
1.5126
1.26038
1.52332
1.53484
0.912736
2.04786
1.77042
2.04093
2.32221
1.67931
1.58471
1.33262
2.10127
1.69259
1.65053
1.01552
1.45131
1.46752
1.65163
1.3022
2.15278
1.59866
1.56056
1.69943
1.92
2.15783
1.06835
1.60059
2.05999
1.68819
1.06521
2.3054
0.881296
0.756372
0.83092
2.15943
1.6751
2.03619
2.36821
1.18962
1.22082
1.26304
1.24093
1.37453
1.03613
1.02317
1.56359
1.79638
1.14432
0.710857
1.34106
1.2197
1.08844
1.18879
1.86272
1.23597
1.75564
0.666934
1.99351
2.13886
1.40884
2.34494
1.48953
1.96244
1.44839
1.45795
1.61332
2.07565
1.60834
1.26944
0.696017
1.13757
2.35959
1.4966
1.45496
1.51914
0.765555
1.40531
2.27144
1.84294
1.88227
2.18408
1.90221
2.05515
2.36067
1.59063
1.58245
1.78101
1.96705
1.49434
0.862381
1.68537
2.60041
1.61051
1.56246
1.59878
1.24339
1.88314
1.42014
1.85264
1.29827
2.28401
1.99539
2.02631
1.88881
1.39787
2.40639
1.19495
2.18907
1.8036
1.00964
2.2653
1.49167
0.994577
2.31705
1.65516
1.83503
1.29827
1.11873
2.0656
1.8425
1.33475
1.79978
1.51791
0.987847
1.7159
1.83897
1.92099
1.38541
1.38504
1.8497
1.67342
1.4631
1.83808
1.51101
2.24009
1.70603
0.872628
1.48333
1.94983
1.25246
2.03601
1.97211
2.12394
2.25596
1.10436
2.16502
1.59573
0.735483
2.17685
1.65066
1.65473
0.949433
1.83573
1.55987
1.81473
1.18916
2.29044
1.42255
0.563575
1.4669
1.28218
0.670198
0.503253
1.91528
1.95131
1.86736
1.26199
1.09384
2.31125
2.51963
1.08019
1.66971
2.40781
1.62621
1.51987
1.43146
1.75588
1.64865
2.12669
1.77173
1.15918
2.30938
1.32562
0.772447
1.01374
1.58258
1.79421
1.44104
1.43934
1.84066
1.56582
2.17899
1.33653
1.38988
2.33085
1.81606
1.22746
1.82303
1.51125
1.40853
2.23884
1.50884
2.09164
1.3592
1.22613
1.50524
1.86623
1.34244
1.59658
1.45491
1.80797
1.28322
1.90809
1.36338
1.32832
1.10004
1.81436
0.803046
1.55035
1.32102
2.05045
1.1259
1.10121
1.54192
1.4043
1.23913
2.35526
2.38456
2.04938
1.56842
1.79302
1.81001
1.71374
2.05143
1.54046
2.15366
2.07379
0.692901
0.976086
0.763284
2.11435
1.96204
1.3513
2.16812
0.533283
1.07135
1.33542
2.20393
0.95153
1.70074
1.51312
1.06173
1.67935
1.69736
1.53124
1.79427
2.14153
0.941199
2.07601
2.223
1.94971
2.02032
1.38361
1.83219
1.45368
1.77404
0.950564
1.5907
1.20077
1.07218
1.65715
0.823166
1.26515
0.394004
1.35093
1.48235
1.58574
2.38463
0.90485
1.46169
1.90654
0.641295
1.75534
1.13096
1.77402
1.47905
1.61298
1.4227
1.23209
1.92073
2.32303
1.76756
1.35436
1.75935
1.21765
1.67821
1.60673
0.936419
1.2681
2.40407
1.18895
1.26023
1.25506
1.23357
0.850073
1.60743
1.26006
1.12692
1.49847
2.80129
1.70229
1.53417
1.6181
1.86947
1.24216
1.56112
1.61152
1.12513
0.905572
1.18772
1.56323
1.07939
1.9344
1.82767
2.45809
1.53015
1.5116
0.597978
2.28254
0.921021
1.25394
1.90341
1.88098
1.42881
1.4084
1.11112
1.5305
0.823641
1.2167
0.948399
0.911699
1.73399
2.16418
2.3711
1.37011
1.86506
2.02334
1.76246
1.06312
2.02367
1.43393
2.12605
1.29142
1.66413
1.1247
1.3142
1.36407
1.37637
1.84339
1.49131
1.43288
1.38067
2.66051
1.13336
1.91149
2.21831
1.62514
1.90039
1.43796
0.894374
1.25679
1.16068
1.3098
0.878545
1.34631
1.35809
1.46157
1.23328
2.29413
2.09962
1.62258
1.98716
1.5606
1.68518
1.07117
1.40233
1.24249
2.07993
0.880524
1.63948
1.58777
1.69419
1.60969
1.60315
1.59772
1.7061
1.10148
1.48469
0.242781
0.474966
1.95647
1.04261
1.27942
2.06081
1.25233
1.09868
1.34538
0.939051
1.58361
1.85596
1.90345
1.61346
2.24547
1.8614
1.19389
1.50595
1.41956
2.08081
1.17591
0.709742
1.7256
1.9573
1.04205
1.02241
1.91215
1.79394
2.35723
1.51437
1.32322
1.83111
1.86022
2.12309
1.04967
1.84948
1.49033
2.26029
1.64649
1.16098
1.5162
1.37235
1.7567
1.38665
1.77594
1.06752
1.85493
1.85005
1.43314
2.19238
1.26001
1.27283
2.08757
1.62713
0.954356
1.7374
1.8721
1.26231
2.22772
1.29725
1.46093
1.49394
1.31427
1.65145
1.40667
1.6587
2.13484
2.14072
2.04697
1.31635
1.07849
0.99352
1.21684
1.99799
1.76862
2.19211
1.68054
1.84884
0.767091
2.38056
1.41183
1.27961
1.74334
1.47948
1.99752
2.43744
2.05738
1.54553
1.76949
1.46995
1.85974
1.32056
1.32253
1.33848
1.89376
1.10005
0.883234
1.97055
1.76395
1.81979
1.36531
1.65755
2.28476
1.39874
1.25094
2.24606
1.58715
1.97299
1.49033
1.44449
1.77223
1.01016
1.89297
1.58609
1.60208
0.929423
2.40269
1.48138
1.26365
1.4962
1.55096
0.645989
1.63474
1.28048
1.99842
0.765282
1.01255
2.02659
1.48622
1.77137
1.48068
2.12365
1.44774
2.44089
2.46165
1.1029
1.48295
2.25731
0.942021
1.35279
1.33299
1.70653
0.987273
0.559858
1.98734
1.74591
1.59167
1.96046
1.20871
1.26669
0.578914
1.30562
2.16527
0.927634
0.871738
1.43109
1.80612
0.76068
1.57746
1.13811
1.52772
1.03647
1.54348
0.938424
2.44842
1.80467
1.05334
1.67284
0.782509
2.01192
1.74377
2.45179
1.37226
1.35306
1.39081
1.10258
2.19973
1.37789
1.49167
1.62178
2.21283
1.66468
2.36129
1.81841
1.99735
1.48089
1.61428
0.703877
1.60526
1.70025
1.29139
1.30663
0.717308
1.73888
1.40859
1.29846
1.47516
1.43654
1.32038
1.96529
2.23195
1.55944
0.602637
1.41786
1.8254
1.65022
1.95842
1.60871
1.19403
1.70961
1.64475
1.46499
1.16968
1.84989
1.21534
0.921494
1.58862
1.33865
1.5859
1.32259
1.28943
1.6546
1.60981
1.92587
2.25818
2.03705
1.46938
2.63235
2.01233
1.6125
1.26491
1.27322
1.3122
2.34878
1.81564
1.37129
2.04131
1.75705
1.75574
1.89531
2.3496
1.7698
1.67886
1.3101
1.31339
1.93668
1.23473
1.00194
1.6834
2.04228
1.18594
1.33385
1.36273
1.50651
1.14127
1.62686
1.45435
2.31744
1.88131
1.68749
1.77017
0.887583
0.992031
0.816362
1.47783
0.787384
1.2122
1.00666
0.854687
2.26949
1.67249
1.85281
1.99573
1.50303
1.80119
1.23628
0.647769
0.976882
1.4663
2.19129
2.04406
1.63034
1.10542
1.50968
2.4124
2.05107
2.21398
1.59704
1.76149
2.20777
1.48829
1.63988
2.046
1.80536
1.5389
1.33303
0.758432
1.10246
1.29047
1.56928
1.49094
1.29905
2.2084
1.41468
1.11207
1.66199
2.35469
1.63321
1.68908
2.61071
2.22289
1.64465
2.10259
1.17488
1.5066
1.43814
1.46384
2.14803
1.80718
2.59542
2.16876
1.2593
1.23961
1.37932
1.44534
1.50867
2.17274
1.27409
1.27901
1.27436
2.43184
2.49025
1.41724
1.7989
2.15687
1.63285
1.52238
1.99005
1.37935
2.08743
1.77335
1.30906
1.9709
1.99603
1.94297
1.24596
1.85936
0.873328
2.23316
1.45113
0.439468
1.05511
1.54846
1.52117
0.853845
1.51131
1.64634
1.61451
1.14943
1.01988
1.1747
1.45177
1.94797
1.4122
1.28646
1.9927
1.66723
1.81609
1.178
1.83086
1.88336
2.43638
1.6501
2.37158
1.88733
1.87414
1.61787
1.79878
1.72707
1.46213
1.43029
0.923349
1.24776
1.27816
1.38709
1.23192
1.93769
1.53246
1.66501
1.35006
1.24719
1.35452
1.32412
1.59137
1.84592
1.90794
1.17322
1.9273
1.38237
1.67778
1.76221
1.34056
1.88272
0.730368
1.18551
2.0169
2.23681
1.95743
1.4626
1.62514
1.40296
1.0662
1.6052
1.23173
1.60364
1.42872
0.968669
0.937403
1.45928
1.02414
1.83225
1.41192
2.24819
1.2208
0.953989
1.07905
1.93291
2.22828
2.28939
2.58799
0.993292
1.63968
0.966814
2.18087
1.56523
1.83124
1.43861
1.8072
1.79747
1.75733
1.43716
2.38625
0.982085
0.972864
1.67576
1.49229
2.09812
1.40927
1.21266
1.45875
2.64685
1.71466
1.23731
2.13844
2.14434
1.6699
2.432
1.73619
0.78234
1.71602
2.03328
1.21742
1.68942
2.2056
1.29784
1.75969
1.09703
1.34776
1.85548
1.75124
1.63725
2.02715
1.53508
2.33472
2.33068
2.21175
1.45082
1.44184
1.82926
2.25716
1.96169
2.5142
1.92788
1.24087
1.653
2.0815
1.611
1.88332
1.64132
1.74948
2.27318
0.809816
2.05215
1.77117
1.21846
2.64332
1.30903
1.05132
1.75384
0.941521
1.49828
1.32825
1.88998
1.44522
1.57482
1.54552
0.947885
1.0384
1.80605
2.20764
1.5603
1.5028
1.62939
1.36949
1.0666
1.03457
1.85379
2.25905
0.785969
1.49091
1.56972
1.98403
1.95954
1.89058
1.56982
1.19179
0.553441
1.25913
1.72627
1.10388
1.97649
1.6679
1.35817
1.81957
1.44454
2.11047
1.35411
1.79327
1.43861
1.9348
0.872997
1.13434
1.61237
2.0927
1.35758
1.29472
0.726028
1.70437
2.21104
1.50868
1.9745
1.38687
2.06428
1.72583
0.969688
1.3393
2.08183
2.15256
2.11652
0.874042
0.965187
2.01376
1.17901
2.13164
1.94358
1.56958
1.27602
0.798803
2.19069
1.83452
1.45604
2.35169
2.12825
2.08345
1.83914
1.5914
1.69025
1.50082
1.8636
0.77536
0.89295
2.35386
2.25424
1.89842
1.14952
1.53093
2.10034
0.854675
1.48984
1.45506
1.79017
1.46848
2.44946
1.18146
0.897345
1.03081
2.09021
1.52916
1.97682
2.49772
0.573448
2.37672
1.06908
1.67333
1.26569
