1.57842
0.816113
1.71085
1.12498
0.728308
1.55245
1.76588
1.64983
1.6809
1.02162
1.44107
1.48052
1.62337
1.45702
1.808
1.25519
1.97866
1.62423
1.05906
1.94428
1.49905
1.42061
1.12171
0.888471
1.4268
0.928797
1.5152
1.5031
1.94439
1.56665
1.40808
0.865478
1.99121
1.34068
1.85555
0.944282
1.64562
1.94832
1.69028
1.52152
1.79362
1.75097
1.90706
1.37111
2.1434
1.60536
1.50117
1.43697
1.87541
1.99088
0.787075
1.62881
1.26915
1.54418
1.1833
1.90844
1.01245
1.13421
1.81721
1.70562
1.51953
1.88191
1.12149
1.79652
1.3516
1.53966
1.44528
1.21891
1.27078
1.14821
1.81227
1.86307
1.75882
1.19204
1.07834
0.930526
1.16889
1.70671
1.57342
2.19452
2.23752
1.3837
2.15767
1.57714
1.48923
1.80627
1.87161
1.56622
2.19475
1.24022
1.01444
1.29167
1.52354
1.7374
1.11023
2.21949
1.32951
1.16095
2.58055
1.79869
1.35526
1.07684
1.62148
2.37963
0.5808
1.65506
1.06507
2.344
1.71226
1.27021
1.58373
1.50673
1.26215
1.98001
1.89973
1.28686
1.01144
2.33332
1.97204
1.35476
1.11458
2.06598
1.84459
0.51419
1.53276
1.3253
1.81658
1.62588
1.95327
1.34499
2.21432
1.31379
2.42545
0.965083
1.5033
1.53956
1.56631
1.71232
2.30047
0.71914
1.31004
1.03993
1.26189
2.43555
1.81208
1.78614
1.93349
1.77647
1.93376
1.81194
1.12732
1.73059
1.14824
1.7421
1.72685
2.28655
1.36057
1.75766
1.55554
1.77145
0.818001
1.46501
1.33497
1.85081
1.3522
1.09085
2.40476
1.38901
1.96172
1.45742
1.32452
1.15645
1.80746
1.13871
2.03997
2.4214
1.35739
1.75814
2.0972
1.18776
2.06767
0.961689
2.00106
1.87816
0.901756
2.17917
1.96292
1.41501
0.877634
2.30093
1.39967
1.82474
1.99532
2.35105
1.96732
1.80662
1.74585
1.35826
1.90693
1.95145
1.48022
1.70976
1.47197
1.95262
0.546992
1.44359
1.17548
1.57081
1.95124
0.829934
1.76731
1.94322
2.19285
1.36406
1.20411
0.944484
1.57257
0.719112
1.19698
1.41106
1.78299
1.69256
1.64866
1.22382
1.53732
1.30188
1.94828
1.30277
2.18058
0.908485
1.5501
2.60831
1.78355
1.77553
1.2271
1.43494
1.80963
1.19652
1.80326
1.17829
1.56396
1.91419
1.7601
2.32819
1.50624
1.64698
1.81894
2.06498
1.85256
1.63728
1.34197
1.77694
1.66131
2.26338
1.75148
1.51987
0.7865
1.30994
2.23533
2.24335
0.904309
1.59082
1.20072
2.15864
1.38757
0.618574
2.02186
2.21559
1.89347
1.31654
1.62218
1.70388
1.70136
1.3081
1.94129
1.32706
1.62019
1.11656
1.25337
1.6143
1.34284
1.28698
1.20627
1.16035
1.49657
2.2097
1.20875
1.86251
1.58013
0.910453
1.36831
1.11307
2.10983
1.92387
1.47335
2.40894
2.19014
1.67395
1.94844
0.714627
2.08162
1.19515
1.81416
0.727689
1.49167
1.01046
0.716844
1.56666
1.41926
0.859412
1.13771
2.20492
0.948185
1.47827
2.09204
2.18779
0.891297
1.69579
1.28175
1.63542
1.46255
1.00781
2.27185
2.23501
1.24557
2.28569
2.29053
1.63939
1.65402
1.3945
0.616664
2.20561
0.521047
2.31205
2.30169
1.54745
1.54907
1.36227
2.0186
2.24135
0.990566
1.72924
1.85024
2.0188
2.05674
1.46059
1.41557
2.11748
2.30357
2.28286
1.53087
1.59796
2.01089
1.3445
1.83925
1.09888
1.4852
1.08258
1.0753
1.45895
1.4608
1.23231
1.45506
1.58203
1.86762
1.44968
0.529316
1.57287
2.00373
1.32298
1.86207
1.0557
1.60663
0.790119
1.51122
1.53866
1.47611
1.38019
1.83623
2.20628
1.48641
1.54247
1.5624
1.93017
1.69428
1.54559
0.612479
1.84616
1.28786
1.525
1.26912
1.87893
1.70012
1.50335
1.66803
2.25921
1.7293
2.05018
1.84631
0.688329
1.07378
1.01409
1.79231
1.94347
2.18203
1.25364
1.71251
1.33943
1.06131
2.74258
0.924947
1.29592
1.3613
1.23047
1.31846
1.57946
1.90605
1.30688
0.986215
1.67198
1.2302
0.932189
1.65096
1.85736
1.58938
2.1011
1.30825
1.4433
2.02317
2.09658
1.29551
1.35351
1.21917
1.22573
2.13454
1.36616
0.792238
1.69583
1.73731
1.53637
1.41847
1.68991
1.62392
1.95874
1.70641
1.80756
0.953682
1.12868
1.95559
1.21289
1.47924
1.46225
1.37976
2.18929
1.71734
1.74675
1.61164
1.43993
2.3989
1.37254
1.68495
0.774442
0.964912
2.35153
1.92203
1.70597
1.26293
1.51269
1.55389
1.80869
1.48347
2.10274
2.26274
2.26841
1.62514
1.43229
1.66312
1.37047
1.53349
1.60308
2.01766
1.06396
1.18712
1.90228
1.31032
1.63695
1.79524
0.94039
1.08837
1.88837
2.37826
1.23932
1.45767
0.83361
2.22718
1.8338
0.615728
1.17445
0.701634
1.66738
1.43494
0.978472
1.9382
2.16652
1.44933
1.84201
1.82033
2.03028
1.1169
2.01969
0.831929
1.35568
1.58005
1.56408
1.29122
1.16917
1.25335
2.35514
2.18988
0.646851
1.26234
1.60107
2.05908
2.22795
1.84542
1.23771
1.30538
2.24116
1.29142
0.946303
2.12521
1.86991
1.41483
1.59582
2.168
1.74565
1.84979
1.05262
1.77628
1.47038
1.33918
1.17393
0.504415
1.34926
1.2339
1.60914
1.30144
1.19156
1.40054
1.62546
0.728444
2.16893
0.758162
2.19359
1.73555
1.49786
2.01779
1.21129
2.24069
0.931449
1.22904
2.16652
2.13644
2.04518
1.55413
1.77264
1.4376
2.17693
1.04268
1.70871
1.10785
1.7408
1.49639
0.922409
1.44664
0.93856
1.85857
1.17462
1.6073
1.20823
0.945221
1.74539
1.86921
1.1466
0.882797
1.67226
1.6588
1.95098
1.27302
1.9221
1.65843
1.40843
1.87388
1.78127
1.05871
1.52522
1.32447
1.25949
1.2911
1.80944
1.56115
1.44799
1.34238
2.91724
1.17664
1.72644
1.89853
2.17541
1.12949
1.74811
1.28042
0.794148
2.48599
1.36767
1.11906
1.36234
1.03077
1.37518
0.937362
1.57788
1.8552
1.78096
2.12612
2.09771
1.59854
1.2356
1.54449
1.5041
1.19436
1.94646
0.76788
2.20857
1.24549
1.4492
1.69852
1.26337
2.77374
2.39224
1.31843
2.17176
2.05701
1.08395
1.39437
1.14764
1.89138
1.20294
1.19186
1.78171
1.80016
0.939631
2.42612
1.19055
1.98667
1.53191
2.36006
1.01525
2.23812
1.54595
1.3318
1.74849
1.87499
1.07343
1.96719
1.89486
1.50833
1.92317
0.858669
1.25744
1.47703
1.14593
1.4427
2.00815
1.64863
1.70495
1.05724
1.72413
2.01886
1.8891
1.92096
1.91715
1.48537
1.76678
0.973835
1.07065
1.8119
1.4932
1.94363
2.03194
1.18056
2.15248
1.76846
1.53917
1.49614
1.54015
1.87279
1.42231
1.16058
1.30017
2.22962
1.49731
0.65441
1.71078
1.184
1.72299
0.777434
1.30239
1.67701
2.31721
2.30726
0.819645
1.32152
1.91236
1.70424
1.89903
1.96985
2.20098
1.74452
2.07206
1.43383
1.67456
1.54134
1.34544
1.87046
1.44633
1.94744
1.86666
1.37976
1.24564
0.847307
1.83325
2.28403
1.67318
1.55529
1.36132
1.36594
1.23496
0.903926
1.61296
1.29193
1.83078
2.57448
1.02585
2.21326
1.80295
1.30308
1.83294
1.421
1.36818
1.92457
1.35539
1.54317
1.01326
2.10089
1.3739
1.55017
1.0902
1.44971
1.57269
2.01608
1.14214
1.01374
1.66245
1.58291
1.37019
1.68139
2.37773
1.6249
1.24074
1.51902
0.939589
1.60453
1.99389
2.33305
1.57911
1.49622
1.84149
0.813554
1.72911
1.59527
0.795671
1.63344
1.65433
1.33045
1.15766
0.828532
0.972157
1.57861
2.11524
1.59967
2.24586
1.44159
1.27951
1.2808
1.7254
1.08957
1.25306
1.66579
2.24058
1.86265
2.19619
1.51844
1.02771
2.31181
1.17422
1.39174
1.89756
0.802674
1.19136
1.24177
1.45948
1.3137
1.55071
1.35395
0.593609
0.782912
1.52601
1.71124
1.93182
1.45617
1.0568
2.02554
1.46653
1.81604
1.92707
1.54333
1.88817
1.45076
2.19233
1.31031
2.3869
0.799642
2.11984
1.94187
1.96802
0.998148
1.49063
1.62559
2.13681
1.32397
1.47403
1.43379
1.1156
1.19756
1.53521
1.72211
1.73888
1.48984
1.99529
1.58096
1.36438
0.885216
1.63374
1.10422
1.53185
2.03063
1.53096
0.949403
1.50489
2.3119
1.82489
1.04706
1.53157
2.20212
1.40192
1.5738
1.10033
1.90282
1.80298
1.21882
1.60089
2.06937
1.60489
0.890954
2.3813
1.04049
1.96668
1.37577
1.42471
1.51937
1.5291
2.39055
1.6899
1.54082
1.3655
2.24281
1.58131
1.53404
1.80756
1.6743
1.09057
2.0819
1.69904
1.26369
1.64325
1.68235
1.97297
1.46439
1.11322
1.05044
1.68653
1.97775
0.543952
1.71625
1.99021
1.77796
1.62955
1.25316
0.349646
1.74297
1.67168
1.36695
1.6271
1.55554
1.30245
1.46427
1.57684
1.74833
1.56152
1.51351
1.06431
0.986536
1.16972
2.20345
1.55242
1.38003
1.51474
1.5548
1.04533
1.24383
2.09057
1.10595
1.26045
1.17699
2.00525
0.644307
2.10053
1.34914
1.20973
1.87512
1.84193
1.13468
1.34576
0.906099
1.37851
1.60382
2.05711
0.863524
2.29867
1.89319
1.17614
0.817271
2.15182
1.18808
1.06995
1.55773
1.2324
1.29717
1.13781
1.74201
1.47961
1.80436
1.49372
0.978792
1.40308
2.05695
1.81257
2.19675
1.81806
1.92033
1.05493
1.33776
1.5206
1.08548
1.85144
1.81388
2.01592
2.11966
1.64277
1.46286
1.78864
1.58184
1.8281
1.10005
1.17233
1.57305
1.57782
0.985783
2.3597
2.03884
1.26829
0.817036
1.51623
1.40549
1.13028
1.56181
1.84618
0.460629
1.57171
1.44255
1.39342
1.28043
2.31894
1.75132
1.85981
1.17022
1.911
1.35564
2.10435
2.026
2.13722
1.74229
2.24857
1.55987
2.0981
1.29833
1.4593
1.35211
1.48524
1.01295
2.61015
1.72042
0.370621
1.23667
1.24322
1.31711
2.53846
1.71614
1.46559
1.565
1.09656
0.782656
0.91579
2.28602
2.20303
1.98494
1.00191
1.71143
1.46464
1.65598
1.07395
1.91785
0.879014
1.65225
1.49816
1.65522
1.7295
1.45515
1.6706
1.72485
0.795665
0.691971
1.74557
0.564036
0.975423
1.46016
1.06159
2.6008
1.47269
2.14862
2.00901
2.35882
1.83557
0.925163
1.89919
1.42156
1.45481
1.46568
2.12608
1.24245
2.49849
1.89123
1.00188
1.86564
2.0756
2.26734
1.15445
1.79114
1.44424
1.45487
1.64276
1.8641
0.918522
1.82758
1.01368
1.11187
0.973086
1.69582
0.6597
1.50948
1.3241
1.67608
1.59619
2.19451
1.44005
1.55194
0.932868
1.0791
1.97101
1.47519
2.00266
1.51675
1.83952
1.70613
1.00945
2.12118
2.35111
0.667783
0.821613
1.55155
0.943649
0.920772
0.849615
1.42568
1.53856
1.63866
1.52684
2.12358
1.36032
1.21317
2.10659
1.04328
1.78776
1.60413
0.946419
1.58606
1.47672
1.05005
2.45261
1.46439
1.73615
2.64003
1.88044
0.786678
1.22424
1.24886
1.52036
1.78811
1.66173
1.51339
1.25089
1.87836
1.70329
1.41298
1.56237
2.33727
0.403024
1.86267
0.54713
1.95082
2.68998
1.68334
1.57104
1.87503
2.11247
2.29545
1.7308
1.84948
2.12315
1.47157
1.22539
2.37927
1.70511
2.2569
1.44547
1.65972
1.17417
1.7979
1.74762
2.22482
1.72868
2.13639
1.8724
1.54125
1.19488
1.55978
1.43697
1.9681
2.0206
1.81015
1.49504
1.25291
2.42434
1.45589
2.1056
1.96844
1.72179
2.41585
1.528
1.4146
1.58764
1.77984
2.01248
1.62652
1.78386
0.727708
1.5556
2.50399
1.70135
1.39081
1.87938
1.57143
1.83598
1.57324
1.51391
0.744516
1.54763
1.12813
2.36601
1.53128
1.52232
0.34233
1.92131
1.33629
0.557015
1.57077
0.898812
1.68001
2.23723
1.94906
1.95551
2.37048
1.4709
1.29802
1.15952
1.43999
2.09831
1.25528
1.42363
1.60981
1.96747
2.08695
1.79014
1.25365
2.47291
1.19665
1.84681
1.88653
1.94819
1.47053
2.64338
1.78105
1.47314
2.47357
0.985154
1.85619
2.04011
2.10416
1.4105
1.45788
2.11272
1.12372
2.10541
2.1432
1.79487
0.841323
1.77983
2.45741
1.29958
1.4173
0.691322
2.53023
1.43593
0.724505
0.944908
0.954219
1.84716
1.57122
1.40982
2.00969
1.35004
1.60663
1.08919
1.62429
0.911897
0.290207
2.08498
1.53093
1.00535
1.56201
2.02274
1.8114
2.17202
1.85813
2.10304
1.34754
2.44718
1.44792
0.929904
1.40274
1.75482
2.08937
2.2486
2.09246
1.17435
1.32945
1.37963
1.95493
1.94374
1.41503
1.72917
1.93649
1.87912
1.54559
1.84529
1.17485
0.876751
0.946789
1.30729
0.695442
2.35937
1.02135
0.418177
1.88583
1.37139
1.30308
1.7353
1.01972
1.82014
1.66484
1.64215
2.8134
1.4639
1.04811
2.23011
2.47071
2.35667
1.64417
0.999118
1.27098
2.02095
1.21917
1.51257
1.84409
1.70291
1.62698
2.31383
2.14931
1.19311
1.73152
1.25942
1.41738
1.65946
0.734897
0.962745
1.54586
1.16325
1.3445
1.41983
1.46188
1.98696
1.42903
1.61766
2.10064
1.74911
1.9169
1.41557
1.00452
1.17492
1.88506
2.08148
1.69469
1.73955
1.97223
1.16271
1.74065
2.15757
1.68015
2.02928
1.20466
0.920679
1.63438
2.16324
1.51814
2.06492
0.565584
1.59649
1.57499
2.09606
1.05876
1.36082
1.623
1.60046
1.08023
1.77002
1.85135
1.63756
2.00335
1.55174
0.764239
2.12393
1.85557
1.28265
1.67358
1.83268
0.897354
1.14522
1.71127
1.18235
1.98544
1.9247
1.54549
1.05479
1.48775
1.83712
0.787228
0.438894
1.15322
1.21201
1.93458
1.26951
1.67361
1.32498
1.27227
1.95321
1.19353
1.61765
1.28615
1.11727
2.17429
1.80367
1.23896
1.48861
1.65773
1.56982
1.43697
2.48348
1.47133
1.33397
1.51333
1.75348
0.712937
1.66695
1.55074
2.17511
1.17736
1.61086
1.14164
1.79476
1.42872
1.41224
0.768305
1.54182
1.1527
1.52873
1.77773
1.77949
1.89701
1.91941
1.26548
1.29082
0.992076
1.52476
0.943695
1.87189
1.00282
1.19219
2.02646
1.36961
0.940935
2.09067
1.34281
2.62596
1.5046
0.424346
1.29891
1.29256
1.49376
0.642601
1.71415
1.44848
1.43716
1.67734
0.592594
1.54211
1.21575
1.81196
1.2043
0.991372
1.52458
1.92919
0.969473
1.28977
1.32174
1.51596
1.90639
2.36846
1.55551
1.98462
1.62643
1.45491
1.67769
1.89183
1.3015
1.18034
1.30853
2.13921
1.10538
1.77827
1.34244
1.20414
1.49746
2.0265
1.04577
0.86147
2.39723
0.881351
2.36698
1.42199
1.90615
1.504
1.45721
1.55828
2.08512
1.92713
2.28865
1.813
1.344
2.33868
1.39732
1.87697
1.68354
0.522998
1.13064
1.35389
1.60889
1.26605
1.72548
2.18677
1.4236
1.63809
0.989109
1.65154
2.10628
1.78865
1.00563
1.57641
1.71201
1.3412
2.50231
2.28712
1.60184
1.63144
2.30714
1.63156
1.40073
1.99366
2.05401
1.32353
1.92382
1.4499
1.2794
2.55269
1.96119
1.71744
1.51055
1.41114
1.45564
1.53401
2.08856
1.73449
1.33141
1.02421
1.86944
1.46053
1.71935
2.47152
1.11037
1.43614
0.894445
2.1829
2.40171
1.94802
1.29478
0.814778
1.70283
1.54884
1.7343
1.30571
1.74093
1.62203
1.38448
1.74762
1.27447
1.68365
1.52192
1.41329
2.40751
1.94514
1.88464
1.6168
1.35877
1.12114
1.63211
0.723814
1.58873
1.72522
1.76614
2.08001
1.15331
2.60285
2.31085
2.32468
1.61396
1.19015
2.092
1.91281
1.7992
2.34073
1.3003
1.61728
1.3817
1.95341
1.09432
1.20392
0.893537
1.89827
1.14703
0.342376
1.60468
2.42949
2.40319
1.19508
0.901595
1.47341
1.94895
1.6056
1.42767
2.00505
0.92069
1.31162
1.27532
1.52485
2.05688
1.49992
1.8337
1.94271
1.8431
1.81426
2.01454
1.97769
1.29437
2.01076
1.38361
1.99269
1.51584
0.596265
1.8729
1.09106
1.60675
1.31767
1.20561
2.49565
1.64918
1.83241
0.961901
1.98647
1.09664
2.00819
1.7601
1.26349
1.63688
1.93683
2.13152
1.75197
1.37802
1.87848
1.59918
1.47918
1.83199
2.12282
1.83695
1.87151
1.26873
2.6072
0.976929
2.3721
1.43421
1.8112
2.06362
1.81193
1.3263
0.574187
0.899633
1.17875
1.26778
1.375
1.45985
1.62624
1.33949
1.46924
2.27249
1.51003
1.19921
1.27972
1.36765
1.62515
1.51076
1.05255
1.18929
2.14605
1.50452
1.82422
1.44621
2.21195
2.47804
2.11318
1.88502
1.56298
1.21761
1.59389
0.466485
1.81693
2.10045
1.77974
1.49094
0.866265
1.07796
1.21292
1.30739
1.33359
2.04818
0.88239
0.697362
0.919033
1.48383
1.91626
1.47446
1.19094
1.55633
1.48197
1.58013
1.957
1.68776
0.845372
2.00579
1.6449
1.173
0.633989
1.94349
1.11887
0.980135
1.70222
2.04257
1.35982
1.83677
1.79052
2.0226
1.24006
2.27182
1.68328
1.32762
1.47617
1.90252
1.46897
2.34346
0.394862
1.64576
1.14154
1.10313
1.52024
1.79289
0.913229
1.39419
0.824279
1.3059
1.31786
1.43593
2.17397
1.13185
1.4269
2.20992
2.03559
1.5982
2.31128
1.58538
1.93402
1.43272
2.06037
1.06116
2.00491
1.51957
1.00661
1.75991
1.34917
1.22515
1.67364
1.64961
1.97098
2.13107
2.07581
1.68214
1.25919
1.0969
1.57348
1.87178
1.45753
1.45905
2.41964
1.36687
1.33058
1.55444
1.75064
2.41605
1.44977
2.31656
1.48604
1.91361
1.99146
1.84076
1.75122
2.22539
1.81481
1.051
1.68524
1.40982
2.52442
1.98068
0.84259
1.09025
1.90655
1.39282
1.75712
0.834607
1.60274
1.52268
1.54394
1.40091
1.77466
0.587833
1.24954
1.25206
1.49681
1.88348
1.20107
2.2734
2.13625
2.162
1.68259
1.09071
1.63747
1.74004
1.9596
2.52372
1.40577
2.23981
1.76057
1.11377
1.17885
0.767152
1.73594
0.867543
1.74458
1.53049
1.35645
1.68259
1.44418
1.22671
0.868798
2.37739
1.56167
1.19583
1.80778
1.49786
1.53676
1.88637
1.07468
1.45357
1.89555
1.56461
1.58563
1.10231
1.37784
2.21642
1.55499
0.711171
2.32797
2.11905
1.73302
1.9418
2.27676
1.26394
2.05325
2.47235
2.50847
1.56079
1.67301
0.795574
1.00459
0.705544
2.28761
1.75699
1.70342
2.20566
0.280901
2.46881
1.405
1.92684
1.87695
1.09796
1.40624
0.630296
1.7501
1.17666
2.31005
1.52189
1.33604
1.45119
0.672327
1.77036
1.35792
1.85306
1.85933
1.08363
1.29776
1.62458
2.47804
1.09245
1.54742
1.5523
1.23738
2.13046
1.53038
1.95941
1.77404
1.43081
1.61506
1.19103
1.58831
1.06975
1.77013
1.44252
1.51163
1.37042
1.57626
1.53224
1.48108
2.00948
1.79055
0.801746
1.8726
0.976481
1.83138
2.19117
1.41477
0.73838
1.39242
1.59302
1.35733
1.20681
1.47519
2.17041
0.830951
1.86502
1.50647
1.83165
1.55337
0.59691
1.485
1.91947
1.23088
1.63107
1.55825
0.944719
1.41197
1.16756
1.33651
0.88687
2.10726
1.54162
2.39321
1.40518
2.03508
1.01699
1.45515
1.49645
1.40982
1.4804
0.952405
2.37817
1.05949
1.42181
2.22608
1.43362
1.4918
1.8649
1.09964
1.91314
1.64664
1.39509
1.47341
2.0913
0.705734
1.29709
1.19946
1.4604
0.980976
2.73859
2.01656
1.52009
2.2482
1.32189
2.13982
1.55261
0.842379
1.36433
1.72736
1.53692
1.16311
1.63114
2.40974
2.03477
1.66922
1.5403
0.451441
0.93752
1.74768
1.68085
1.75556
2.3554
1.33089
1.07642
1.59411
1.56558
0.766327
1.34028
1.90376
0.814474
1.82373
1.73132
2.43987
0.921951
1.2032
1.80857
0.564261
2.13269
2.02358
1.52246
1.50859
1.44461
1.81142
1.70411
1.19705
1.79534
1.78732
1.77614
1.83535
0.810891
1.49063
1.27361
1.13552
1.55694
1.54949
1.63955
1.44696
1.92061
1.64609
2.33707
1.49935
1.76915
1.87167
2.59843
1.64863
1.94075
0.959195
0.615241
1.55532
1.4566
0.604422
0.840063
1.45962
1.4427
1.74167
2.00941
1.75637
1.8464
2.16206
2.32442
1.28093
0.44786
2.31684
2.13962
1.33108
1.30755
2.05917
1.36475
1.24119
1.27158
1.39484
2.21361
1.9005
1.26356
1.42255
1.43069
1.34801
1.59191
1.88611
2.67385
1.17769
1.93166
1.59784
1.93116
1.56524
1.60486
0.972884
2.02711
1.03624
1.38585
1.81249
1.61274
1.16779
0.832914
1.85516
2.06029
1.59434
1.5487
2.05274
1.42107
2.10246
1.60669
1.30511
1.95892
1.89167
1.2419
0.725892
0.968961
1.63065
0.770002
1.93513
0.80793
0.812491
1.58215
1.85306
1.2764
2.40093
1.24834
1.41298
1.80954
1.36625
1.88305
2.54237
1.48445
2.42437
1.19621
2.09733
1.22167
1.01331
2.00006
0.846606
1.86352
2.29628
1.05688
1.90411
1.83244
1.26946
1.90565
0.841905
2.02334
1.71551
0.420452
1.43001
2.08824
0.974826
1.55651
1.44233
2.12861
1.78704
1.69729
1.99821
1.35058
1.53624
1.48267
1.56433
1.23331
2.18924
1.58232
1.40687
1.78905
2.11482
1.73981
1.62337
2.12868
1.8162
1.97227
1.12611
1.49896
1.67557
1.68905
1.58538
1.25376
1.90143
2.36062
1.53866
0.713684
1.40429
1.778
1.41128
1.0936
1.61034
1.69151
1.0683
1.23851
1.74914
0.50954
1.07287
1.81479
1.65396
1.3851
1.44934
1.49489
1.83987
1.85157
0.667818
1.66226
1.90699
1.52509
2.32835
2.12041
1.99948
2.07832
1.06964
1.85132
2.17217
0.86915
1.59445
1.33827
1.06825
1.87298
0.925823
1.52073
1.78002
2.20964
1.55812
1.49555
1.20973
1.8968
0.94927
2.02144
1.97244
1.89159
1.60983
1.4518
1.70212
1.20817
0.870573
1.30103
1.21911
1.43814
1.46924
1.25946
1.20309
2.04311
1.80047
1.81296
1.06869
1.87347
1.48016
1.43023
1.78196
0.913952
1.22726
1.75119
0.937283
1.59413
1.89953
1.8892
1.22307
1.38188
1.74105
1.82614
1.40067
1.51865
1.48714
1.06633
2.54236
1.49583
1.26553
1.41613
0.808627
1.57754
2.30934
1.11724
0.83272
2.25563
1.41874
2.0017
1.68973
1.41588
1.32741
1.34996
1.98944
1.90013
1.38081
2.46869
1.82259
1.76402
1.43109
1.01238
1.54986
1.46403
1.49259
1.2688
1.28264
1.78501
1.88554
1.73115
1.4169
2.18606
1.76028
2.32446
1.64673
1.22372
1.88863
2.48835
2.12933
2.33336
1.40382
2.36283
1.81623
2.03328
1.28277
2.1951
1.23328
1.16905
0.983421
1.38025
1.77865
1.52146
1.28894
1.70899
1.63783
2.57191
2.47381
1.68518
1.50978
1.87896
0.976356
1.1769
0.871663
1.30428
1.01288
1.85768
1.59073
0.913902
1.60028
1.67342
0.831092
1.43901
0.984207
2.12285
1.53331
2.25276
1.84269
1.85654
2.10138
1.37011
1.36453
1.47127
1.45796
1.57385
1.35417
1.08684
1.09036
1.85459
0.905951
1.63117
1.1994
1.9951
2.53988
1.46304
1.19383
1.83642
2.28998
2.10061
1.17757
1.36589
1.32691
1.07315
1.30455
1.20901
1.46912
1.12853
1.46168
1.62475
1.02048
1.30198
1.81334
0.907537
1.27052
0.1188
1.18205
1.35879
1.59778
1.97105
0.774425
1.11272
1.71495
1.71032
1.62893
1.26765
1.11369
2.16121
1.875
1.74223
1.85157
1.31196
1.58075
1.69496
0.615127
1.73669
2.81869
1.50712
1.33654
1.228
2.30144
1.2695
1.09271
1.30037
1.52445
1.59802
1.66242
1.56372
1.41044
1.59329
2.22666
1.74495
1.57824
1.07766
1.37668
1.23629
1.96373
1.57849
1.58996
1.94928
1.68912
1.84088
2.0656
1.72571
1.68064
2.18795
1.78855
1.50355
1.42397
1.70129
1.67576
0.794424
2.11262
1.19284
1.54839
1.55145
2.59378
1.17028
1.32753
2.0999
1.61466
1.13817
1.64332
1.60718
1.43223
2.04908
2.2884
1.24119
2.37289
2.1982
1.53319
1.93499
1.87959
1.74152
1.52571
1.19857
1.37167
1.86104
2.47381
1.21254
1.88375
1.65892
1.1371
0.842955
1.78163
1.56612
1.90841
1.59802
2.26985
1.65286
1.52726
1.47265
1.27117
0.964309
1.46607
1.47237
1.55419
0.909273
1.74185
2.06013
1.4612
2.02218
1.30839
1.31711
2.24491
1.88817
2.21954
0.666659
1.47496
2.21437
1.55517
0.799198
1.85457
1.54189
1.51865
1.92512
2.26143
2.28213
0.672491
2.03655
1.49688
1.43525
1.47381
1.92135
1.73845
0.943551
2.10347
1.39354
1.36269
1.70357
1.57752
0.862393
1.71873
1.68125
1.72201
1.8053
1.68895
1.24921
1.54879
1.77659
0.949271
1.29218
0.870618
1.80976
1.16285
1.69143
1.14207
0.98076
1.73814
1.71081
2.35482
1.633
1.53524
0.995522
1.68851
2.282
1.68643
1.30928
2.01522
2.04284
1.52722
0.884251
2.27453
1.58523
1.45862
1.33899
1.03674
0.786684
0.932159
1.63156
1.30827
1.59874
1.09195
1.87514
0.797837
2.16728
1.52128
1.37926
1.91172
1.71349
1.18239
2.11549
2.15622
1.90306
1.25714
1.79095
1.13008
1.14674
1.58183
1.50948
1.9446
0.929873
2.07191
1.45487
2.17161
1.08692
1.0638
1.25217
1.49908
1.40247
1.25092
1.39453
0.94952
0.886005
1.24847
0.995752
1.78504
2.4651
1.87926
0.966132
1.97323
2.05198
1.20665
1.19316
0.843158
2.3794
1.5783
1.82171
1.39596
1.62209
0.851719
1.30252
1.22291
1.60779
0.443795
1.30802
1.99345
2.39209
0.691075
0.737433
2.2766
1.86527
1.56713
1.03187
1.53346
1.28735
1.43987
1.23212
0.906214
1.96073
2.0339
2.50285
1.24709
1.06373
1.29136
1.68423
1.45678
1.0192
1.8908
0.683928
1.61949
2.01449
2.3429
0.91129
1.24023
1.00514
2.02605
2.14304
1.21569
1.63376
1.5074
1.19311
2.18638
0.914446
2.17611
1.317
2.29363
1.03282
1.04322
0.83758
2.11094
1.17925
1.41533
1.86048
2.26456
1.74341
1.64288
1.78218
1.30691
2.11987
1.80004
2.03983
1.63389
2.14689
1.04693
0.554704
2.04758
1.6665
2.07648
1.99514
1.75693
1.96751
1.68756
1.76635
0.921005
0.977025
1.2786
1.81927
1.6611
1.22025
1.74285
1.82237
1.65322
1.13764
1.85346
1.75323
1.70875
1.73831
1.18739
1.29713
1.09713
1.64095
1.82839
1.52042
1.51373
1.49651
0.724105
0.840793
1.51703
1.45137
1.78586
2.45872
1.39985
1.54247
1.15619
1.72111
2.13136
2.20832
2.13072
1.40339
1.29599
2.21078
1.42287
1.4951
1.94035
1.73975
1.46341
2.01852
2.23508
0.999689
1.55548
1.56715
1.59594
2.34226
1.41194
1.79684
2.06566
2.14628
0.847036
1.7703
2.23572
1.74802
2.49047
2.05263
1.6531
0.967296
1.8043
1.74836
2.53052
1.90156
0.853825
1.34006
1.60975
1.46587
1.45554
1.82285
0.601433
1.69625
1.34505
1.71164
1.70137
1.64383
1.64111
1.37217
0.921948
1.38932
1.25651
2.27417
1.75028
1.99842
1.63921
0.342544
1.65568
1.43768
1.99819
1.21826
1.14231
0.993616
1.36637
1.55401
2.21455
2.04971
2.27628
1.42465
1.55869
2.02145
1.50942
2.5924
1.37699
1.75883
1.57148
1.49014
2.48772
0.873674
1.75569
1.64906
2.36578
1.42045
2.28796
0.880994
1.07891
2.39517
2.04367
1.713
1.75286
1.53655
1.11923
1.94234
1.84111
1.41199
1.89209
1.51296
0.962578
2.12711
1.68202
1.67861
2.00087
1.79327
1.57635
0.80226
1.74688
1.13737
1.76594
1.50642
1.73208
1.09882
1.60175
1.97152
1.55905
1.56353
0.657215
2.40604
1.1291
1.06298
1.85893
1.33519
1.26537
1.71532
1.07926
1.35286
0.903066
1.71109
2.38681
1.88598
2.07395
0.9801
1.4542
1.61772
0.651748
1.02609
2.0537
2.20382
1.67327
2.16444
1.47032
1.93089
1.8454
2.46843
1.3972
2.40415
0.754264
1.15599
1.42606
1.61468
2.31784
1.92118
1.40048
1.29415
2.11189
0.890055
1.24904
1.46255
2.45156
1.58972
0.859238
1.86723
1.44867
1.55113
1.71561
1.08713
1.09676
1.56539
1.71577
1.37176
1.44756
1.31673
0.964996
1.65191
1.5129
1.49532
1.32651
1.27589
1.55114
1.58426
0.496906
0.792436
2.14471
1.97121
1.54003
1.37017
1.25079
1.64227
1.51761
1.60388
1.34529
1.57133
1.43808
1.514
1.48892
1.70022
1.13377
1.9609
1.20778
1.71899
0.835322
1.58459
1.11062
1.69995
2.48516
1.37335
1.78858
1.61506
1.65378
1.62435
1.88939
1.82172
1.48152
2.49621
1.61024
1.75892
1.09818
2.04738
1.31895
2.12052
1.88875
1.48938
2.30762
1.04243
1.33353
1.98706
1.31168
1.17406
1.75237
1.74135
2.63178
1.55398
2.06476
1.62374
0.902043
1.93813
1.61416
1.88753
1.42212
1.54968
2.49951
1.55905
1.18358
0.919058
1.63618
1.32913
1.85189
1.75904
1.35323
1.75357
1.03804
1.69271
1.1076
1.6438
1.37543
0.897332
2.42039
1.48477
1.31168
2.22494
2.07999
1.77777
1.04678
0.791861
1.18501
2.06102
1.73873
1.8406
1.30207
1.20143
1.35817
2.13506
2.36586
1.12408
1.50483
0.938192
1.18975
1.04259
1.92371
1.73372
1.71275
1.34876
2.11223
1.39551
1.2226
1.50153
1.53667
1.27136
1.71792
0.830279
2.02076
1.23934
1.65125
2.10664
1.71294
2.03001
1.34604
1.23518
1.56848
1.96279
2.15512
1.18853
2.10163
1.10706
1.36444
1.70801
2.14502
0.695961
1.43885
2.51726
0.983922
1.79007
1.39056
1.42761
1.17392
1.63407
2.2091
2.33523
1.78071
1.53147
1.9596
1.94573
1.37609
1.71187
1.8053
1.25212
1.88637
1.07565
1.17147
2.2662
1.67594
0.508762
1.49057
1.23596
2.11928
0.753252
1.36885
1.48527
1.78458
2.08975
1.31689
2.28946
1.05308
1.7882
2.20158
1.4279
1.69001
1.26309
1.26987
2.0809
2.2039
1.07565
0.852305
1.3101
1.42847
1.23286
2.24743
0.987976
1.07468
1.80091
1.76718
1.50581
0.922122
1.42638
1.58191
1.83775
1.20771
1.81423
1.20248
0.918243
2.31091
1.65996
1.39611
1.12282
1.65947
2.04771
1.32454
1.42847
1.41829
1.35448
1.32228
2.06834
1.59215
1.39673
1.8984
1.84244
1.00046
2.39262
1.31708
1.17214
1.13164
1.03005
0.901332
1.34516
1.24661
1.80338
1.02271
1.83728
1.41202
1.8323
2.2262
1.43532
1.6699
0.843249
1.16554
1.82335
1.18518
1.45039
1.67284
1.8107
1.77117
2.37383
2.25104
1.80661
1.15684
0.927552
1.4191
1.39583
1.42802
1.19353
1.29732
1.96276
1.96608
0.932418
1.15088
0.974438
2.20517
1.74932
1.94993
1.95042
2.04513
1.36837
1.48959
1.26695
2.36725
1.41956
1.32539
1.45359
1.55731
1.86153
1.5302
1.76013
2.12469
0.729064
1.46689
2.52256
1.67646
1.42304
1.36293
0.993934
2.01007
1.55789
2.45699
1.9935
2.31395
1.94167
1.91366
1.90047
1.86819
2.13918
1.82034
1.53027
1.90375
2.30061
0.9098
1.52905
2.27293
1.82408
1.56872
1.72662
1.45684
2.13919
2.17026
1.88246
1.02962
1.85901
1.11264
1.49382
0.51554
1.31654
1.28836
1.59236
1.79146
0.624475
0.468873
2.13184
1.95532
0.741503
1.77306
2.22997
1.3703
1.69634
1.35601
2.33528
1.60139
1.32177
1.8428
1.91646
1.48953
1.13675
1.98855
1.30606
1.83916
1.85627
1.89505
1.15507
1.49753
1.52897
1.57269
0.21919
0.935734
1.33196
1.52604
1.53944
1.87938
0.84931
1.13326
2.11633
1.8459
2.1462
1.79195
1.90158
2.27745
1.55493
1.61439
1.69526
1.58178
1.87327
1.49727
1.5429
2.34244
1.28175
1.12253
2.08378
1.73827
1.08568
1.76513
1.23622
1.28859
0.961714
0.780754
1.42208
1.49288
2.23912
1.14858
0.843423
1.56231
1.56518
1.80391
1.44645
1.78391
1.02801
1.38229
1.68715
1.39549
0.836608
1.25856
1.00299
1.27433
1.35295
1.01769
1.10354
1.13844
1.67125
1.6231
1.63786
1.74059
1.23473
1.87209
1.27774
1.77638
1.04306
1.33636
0.854599
1.12374
2.03814
1.33859
1.46559
1.06068
2.28932
1.90411
1.46694
1.68088
1.3118
2.20698
1.84408
1.85863
1.49173
1.35595
1.69357
2.03228
1.34231
1.4253
1.02032
1.20666
0.728573
1.27232
2.02811
2.30185
0.954726
1.57214
1.87167
1.08894
1.86417
2.64789
1.58557
1.37863
2.37225
1.75208
1.34736
0.997419
1.76419
0.961371
2.14927
1.73392
1.66628
1.19389
1.9676
1.26084
1.55423
1.51859
1.32964
1.40568
1.8573
0.693288
2.10509
1.87925
1.10171
1.63838
1.29667
1.29471
1.54293
1.52953
2.11745
1.24309
1.55859
1.54003
1.43574
2.03313
1.31479
1.76526
1.32654
1.27008
1.04043
1.5451
1.17078
1.56762
1.46596
0.958203
2.0798
2.48853
1.62603
1.39949
2.11713
2.04949
1.57836
1.43756
1.73505
1.55145
1.55175
0.779204
1.05714
1.47899
0.902135
2.04897
1.19874
0.859757
1.2153
1.55706
1.31559
1.06186
1.128
1.63652
1.11778
0.899317
1.32047
1.13507
1.58191
1.06016
1.30587
1.15339
2.28459
2.03744
2.03474
1.79571
1.84434
0.620208
1.68987
1.44534
1.37206
2.22506
1.10702
1.40852
0.712427
2.2378
2.01909
1.93153
1.5278
2.30668
1.43756
1.33174
1.62502
1.7221
2.57507
2.63794
1.63487
1.71072
1.68604
1.81995
1.04127
1.49293
0.76937
1.00727
2.02899
1.50771
1.93886
1.57812
1.9335
1.46175
1.74942
1.68715
1.69382
2.20939
0.586464
1.93836
1.75823
1.78802
0.754153
1.8875
1.72611
1.85806
1.33566
1.91509
1.37223
1.91307
1.72372
2.11017
2.15533
1.45678
1.96071
1.55017
1.77958
1.16534
1.58609
2.18565
2.5492
1.68039
1.41702
1.51377
2.10372
1.10501
1.69563
1.91035
0.920906
0.957669
1.96009
1.05009
1.45085
1.58419
1.43608
0.916527
1.1485
1.15579
1.14235
2.01278
1.22917
1.08988
1.69336
1.55151
1.555
2.14163
1.6611
1.22151
1.23072
1.26247
1.39844
2.06134
2.37879
0.858279
2.11028
0.405878
0.633432
1.4277
1.47093
1.62261
1.85291
1.16265
0.593429
1.81982
1.52274
1.78914
1.54238
2.19691
1.91463
1.76955
2.09566
1.49351
1.48809
1.84176
1.92221
1.20179
1.60175
2.04155
1.32479
1.91307
0.84996
1.86691
2.47451
0.876948
0.989031
2.36131
1.74836
1.58153
2.24162
1.64199
1.27372
1.94174
1.29053
1.58496
1.83946
1.24798
2.54211
1.87944
1.44708
1.98995
1.31736
0.979303
1.92184
1.41644
1.85448
1.71412
2.04603
1.31009
1.63157
1.00271
1.34814
0.927749
1.03513
0.918081
1.60779
1.85507
1.17683
1.0583
1.64511
1.97333
1.21055
1.05993
2.17114
1.29085
1.65372
2.04826
1.38734
1.30843
1.59565
2.5973
2.40152
2.48032
1.86326
2.35646
1.66394
1.34452
1.56427
1.99741
1.8124
1.39985
1.84351
1.3662
1.17217
1.4305
1.78033
1.28341
1.60981
0.967459
1.80207
0.88956
1.41209
1.42588
1.4318
1.61463
1.97754
1.14845
1.70996
1.75985
1.34742
1.90163
1.21116
2.4063
1.56814
0.35077
2.32125
2.33014
2.11823
2.36382
0.751161
1.02946
0.763616
1.96033
1.79831
1.33152
2.26068
1.29193
0.76984
2.15981
1.65601
1.61353
1.71133
1.72892
2.43231
2.38408
2.27536
1.22891
1.83772
0.631412
1.45064
1.26753
1.954
2.34518
1.59711
1.14831
2.23774
2.01186
0.850334
2.106
1.79703
2.394
1.93808
1.71016
1.8021
0.753416
1.50293
1.2401
1.01967
0.864379
1.40067
1.09326
1.3542
0.63697
1.19139
1.59967
1.658
1.80418
1.9814
1.59161
2.10789
0.953005
1.47182
2.13521
1.87997
1.19606
1.59987
1.10097
1.42545
1.35033
1.61995
1.72441
1.50183
1.60981
0.945573
1.55256
1.35601
1.77703
1.61824
2.07803
1.24113
1.30979
1.1905
1.1275
1.17954
1.25894
1.1673
1.90301
1.69388
1.52751
1.50501
1.37854
1.01252
1.48543
1.23978
1.32627
1.81856
2.32099
1.22083
1.41422
1.26599
1.92457
1.06466
1.09868
1.15765
1.96086
1.51118
0.641469
1.52073
0.717635
1.22586
1.27503
1.54601
1.54098
0.657769
2.48546
1.80389
1.2269
1.21676
1.88647
1.82109
1.58798
0.579848
1.0517
1.2278
1.57214
1.98563
2.26023
1.88653
1.82685
1.85819
2.42409
1.32927
1.55248
1.44012
1.32378
1.18654
1.70105
1.10915
1.60212
1.35539
1.574
2.09042
1.57912
2.45896
2.26501
1.58001
1.61097
1.51513
1.82335
1.20475
1.54852
2.35721
1.56317
0.806677
1.32097
1.51516
1.36381
1.129
2.11302
1.86022
1.31061
1.06215
1.24248
1.73161
1.00256
1.97144
0.842487
1.64625
1.41681
1.40295
2.00516
1.33435
1.78543
2.57428
1.44461
2.79841
2.11682
1.66098
1.11003
1.6783
1.69831
1.51737
1.80041
1.51529
1.48371
1.45309
1.47807
1.81585
1.87279
1.74152
1.58865
1.4624
1.60217
1.39312
1.53496
1.40738
0.612537
1.02856
0.891722
2.26187
1.86928
1.2268
1.81605
1.62921
1.4002
1.40636
1.46869
1.52222
1.21202
2.21182
1.6775
2.18979
1.41183
1.67843
1.95229
1.08099
1.62233
1.84868
1.52201
1.46946
1.8341
1.5903
1.82398
1.01619
1.4321
0.994936
2.08029
1.64392
1.50032
1.9503
1.44734
1.74083
0.878957
1.71368
1.67622
1.48977
1.5174
2.14203
1.76812
2.37386
1.38069
2.18334
2.33328
2.04993
2.13511
1.51232
1.78508
1.8186
1.75949
1.31732
1.09381
1.17389
2.21568
1.57959
2.46831
1.54766
2.39554
1.824
0.909219
1.70819
1.88721
1.50692
1.41202
2.30649
1.48824
2.353
1.24341
1.46366
0.853634
1.51785
1.75766
1.74599
1.98654
1.51798
1.22334
2.83046
2.12892
2.1817
1.45309
1.53102
1.57556
0.870788
2.09546
2.10136
1.71559
1.4135
2.13563
1.04685
1.73703
0.475471
1.1532
2.26253
2.40133
0.850747
1.72383
1.51119
1.29881
1.49633
2.17101
1.51523
1.31471
1.25381
1.16039
1.01752
1.26125
1.80809
1.36862
2.4504
1.58987
1.37895
1.64456
1.25137
1.8714
1.91723
1.19721
1.79252
1.73409
1.71753
1.42138
1.50936
1.96705
1.51223
1.03926
2.54661
2.34364
1.03978
1.79083
1.47225
1.99175
1.42661
2.3874
1.84104
1.61543
1.18614
1.27325
2.64664
2.27103
1.64576
1.74421
0.867138
1.99671
1.42094
1.87784
1.07238
1.27925
1.72401
1.43334
2.49868
1.18363
1.69532
1.34371
0.987626
2.12223
1.3839
1.30201
1.39422
1.12672
1.02596
2.51344
2.07436
2.61935
0.8642
1.34256
0.97177
1.4334
2.41453
2.25946
1.40227
1.77816
1.71454
1.39837
0.739932
0.845528
1.19976
1.70372
1.88108
1.63013
2.20645
0.91037
2.46787
1.66003
1.89748
1.26534
1.073
2.30282
2.18676
1.19379
2.16873
1.76264
2.17123
0.811637
1.63243
1.7583
2.00261
1.11791
1.84136
1.17354
1.88094
2.24662
2.12935
1.1
1.44516
1.33769
1.43118
1.23272
1.6323
1.48016
1.2757
1.74158
1.64294
1.79089
1.0072
2.49457
1.70979
2.04099
1.91843
1.53374
1.14802
1.06465
1.50951
1.29098
1.16544
0.960515
1.40469
1.70677
2.15344
1.86086
1.84897
1.41403
1.32063
1.5272
0.796067
1.36575
2.09779
1.34621
2.06339
2.65891
1.39918
1.16568
1.8168
1.1836
2.26366
1.23383
1.06674
1.28137
0.861092
2.08105
1.65874
1.20241
1.14643
1.06948
2.07129
1.0715
0.876675
1.47992
1.43858
0.511151
1.99035
2.19782
2.3077
1.37394
0.994263
1.49807
1.8827
0.960998
1.82553
1.04823
1.36675
1.0294
0.802995
1.78189
1.31376
0.672588
1.15586
1.17445
1.26358
2.25269
1.36942
1.45776
2.33915
1.33936
1.53078
2.08544
1.95196
1.77908
1.5124
2.33357
1.45945
2.05431
0.946636
1.50697
1.53899
1.30713
2.16768
1.83797
1.35714
1.65794
1.00626
1.46107
1.22788
1.52427
1.18539
1.86653
1.20467
1.78646
1.0221
1.74616
1.82985
1.22442
1.29776
1.49781
1.34883
1.65761
1.33224
1.91003
0.67446
1.74582
1.49216
1.47478
0.769256
1.44818
1.91571
1.88991
1.6869
1.23189
1.49014
1.10621
0.742112
2.29119
1.43144
1.40989
1.08851
0.874047
1.84437
1.98081
1.47464
1.99928
1.09484
2.22853
1.16105
1.47544
0.832453
1.12726
1.16757
2.09609
1.65754
1.15305
1.30567
2.09905
1.89827
1.69699
2.2076
1.75614
1.83794
0.64649
1.65072
1.46869
1.60486
1.68658
1.24171
2.05067
1.30549
1.12597
1.10185
2.14885
1.57898
1.59901
1.62313
1.65941
1.3059
2.22776
1.8858
2.32974
1.85596
1.2486
1.35345
0.609677
2.31782
1.12084
2.09422
1.38997
1.4712
1.4861
1.83882
1.5807
2.22253
1.76955
1.40227
1.31843
1.21547
0.744762
1.78714
1.17369
1.00292
2.62484
2.50256
0.774368
1.52183
1.33155
1.98277
1.9949
1.30528
0.890956
0.72044
1.7527
1.68911
2.2666
1.75425
1.5374
1.94936
1.94508
1.64034
1.52507
1.40902
1.23864
1.94029
1.46912
1.13393
1.44492
2.28662
2.03539
1.5302
0.705528
1.51402
1.42403
2.00786
1.53557
1.34632
1.52954
0.971913
1.21852
1.23525
1.20156
1.39199
1.91145
1.48763
0.605668
1.82411
1.48916
1.10518
2.0212
1.73709
1.60486
1.80875
2.59405
1.89946
0.757751
2.20488
1.56182
0.993987
1.68494
1.22747
1.52769
0.738057
1.553
2.33371
1.70012
1.19553
1.88604
1.21969
1.91695
1.53387
2.06267
1.05893
1.80117
1.38221
2.03812
1.89597
1.43636
2.15169
1.88283
1.1916
1.89273
2.12797
1.18037
1.56234
1.27365
1.4838
2.2358
2.11817
1.39943
1.48347
2.092
2.0759
1.69754
0.838044
1.80066
1.32443
1.53325
1.78118
1.59082
0.74136
0.821049
1.36419
1.94593
1.61549
2.02825
2.40736
0.643943
2.78559
0.780407
2.44702
2.38622
1.18276
1.4037
2.0474
1.91256
1.32825
1.42154
1.84408
1.44679
1.80468
0.841132
2.25819
1.55287
1.7486
2.26109
1.69684
1.55554
2.10855
1.77613
0.693363
1.46102
1.23549
1.74931
1.31054
1.48842
2.19904
1.42979
1.14761
0.941742
0.782773
2.12536
1.69809
0.8977
1.51099
1.05816
1.57525
1.85779
2.49018
1.39106
1.95948
0.77189
1.14107
1.60132
1.33689
2.00637
1.09174
1.62771
1.73035
1.52418
1.70924
1.54808
1.61115
2.20356
1.00155
1.24422
1.46522
1.42644
0.638915
1.47645
1.00471
1.77086
0.985821
1.63646
1.19238
1.21051
1.30485
1.55654
1.04536
1.17197
1.5606
1.44048
1.26829
2.29841
1.3445
0.805333
1.04754
1.50975
1.43192
1.73041
1.64862
1.69662
2.30764
1.26714
1.69932
0.848882
2.17877
1.98464
2.07213
1.19134
1.95029
1.98433
1.4759
1.40147
1.43808
1.37341
2.00875
1.02184
0.982259
1.54579
1.8438
2.28571
2.27265
1.34873
1.85187
1.28379
1.20718
1.87907
1.16026
2.26295
1.75018
1.99022
1.75892
1.82461
1.63199
1.74948
1.16429
1.62502
1.8471
1.86768
1.4165
1.21877
2.3468
1.79345
1.5363
1.68547
1.781
1.59002
2.10109
1.20408
1.06727
2.08847
1.24229
1.77865
1.13663
0.641338
1.73901
1.13185
1.89963
1.10864
1.55035
1.89421
1.68434
1.48144
1.36556
0.861511
1.31285
1.67622
1.68745
1.74217
1.62597
1.21108
0.906934
1.89216
2.00681
1.13145
2.19759
0.812572
0.995007
2.20493
1.64049
1.50067
2.05632
1.89712
2.45653
1.51452
1.94998
1.50716
1.36301
1.93556
