1.8033
1.15713
1.44011
1.56108
1.68076
1.50972
1.60518
1.28411
1.55761
1.47593
0.947532
1.90414
1.96205
1.69883
1.66947
0.943873
1.30947
0.737249
1.66585
1.72034
1.59833
1.44479
1.67462
1.21839
1.53942
1.17214
1.53917
1.5389
1.38974
1.04359
1.30505
1.76364
1.63915
1.40886
1.76364
1.53704
1.09072
1.35558
1.44528
1.5534
2.2995
1.89171
1.10249
1.34184
1.63144
2.26753
1.78748
0.965248
1.07398
1.21553
1.35801
1.54693
1.11077
1.38134
2.43964
1.33361
1.11262
1.35882
1.17528
1.84091
1.98214
2.06566
1.62016
1.76781
1.94173
2.0047
1.04346
1.05065
2.32874
1.32964
1.12237
1.35326
1.62566
1.6114
1.54785
2.1207
2.00869
1.89202
2.03184
1.47341
0.615392
1.42039
1.98293
1.22794
2.34809
1.15565
1.48763
1.66652
2.38311
2.26592
1.39422
1.45506
1.40747
1.71366
1.42187
1.22568
1.62945
1.41526
1.66597
1.2152
1.97363
1.92665
2.27008
1.33609
1.6165
2.20534
2.17542
1.94911
1.80624
0.83948
1.29853
1.92067
1.34355
2.24102
2.12551
1.56066
1.4901
0.946706
0.964871
1.86605
1.60785
2.21402
1.44233
1.04246
1.91605
1.33252
2.03044
1.54701
1.62545
1.20426
1.51969
1.02803
1.14705
1.19186
1.32932
1.27219
1.12098
0.996093
1.35564
1.36151
2.25746
1.9435
2.44703
1.62276
1.57089
2.18948
2.03217
1.36812
0.950771
1.26688
1.19186
1.39624
1.0169
0.882476
2.12229
1.78533
0.599733
0.663806
1.84034
1.34099
1.88265
1.88792
1.56454
1.21358
2.02231
1.67247
1.64337
1.73616
1.35882
0.936458
2.21931
2.28575
1.9494
1.58899
1.28208
1.44036
1.25108
0.903763
1.71546
1.51137
1.99527
1.92588
1.27244
1.1222
1.33008
1.83763
1.07904
1.4522
0.858553
1.19475
2.00383
1.83566
1.69283
1.89158
0.914289
1.8458
1.45321
1.55255
0.633626
1.33264
2.06934
0.890536
1.26827
1.81472
0.95212
1.48365
1.2599
2.15724
1.42574
0.711269
1.33077
0.671893
2.004
1.19121
0.718073
1.20452
1.92086
1.26708
1.4878
1.19711
1.13009
0.928467
1.34607
2.13655
1.80756
2.53217
1.55029
1.29687
1.9384
0.598787
0.938829
2.56626
1.27359
1.66248
1.30061
1.3847
1.54259
1.08138
0.920855
1.71733
2.07456
1.76308
0.800419
1.19278
0.993194
1.67264
1.23629
1.74269
1.6839
1.87222
1.5486
1.44424
1.9157
1.23822
0.463953
1.33611
1.05444
1.9301
1.40128
1.48402
1.30833
1.36383
2.11252
2.07338
1.72448
1.26359
0.802357
0.588407
1.81469
1.2711
1.83061
1.21404
1.75544
1.47869
0.764616
1.98524
0.773614
0.689157
2.15023
1.77282
1.83951
1.02363
2.17221
2.21324
1.34166
0.77155
1.26816
1.34178
1.57399
1.22449
2.12735
1.91003
1.26522
1.49802
1.30966
0.835153
1.42027
1.6092
1.46777
1.10208
1.03247
1.7549
0.503297
2.10865
2.01421
1.20709
2.10771
1.247
1.2167
1.91101
1.41514
1.51284
0.735156
1.66883
1.54943
1.89354
1.52939
1.76644
1.17549
1.87636
1.71397
0.781296
2.02715
1.96962
1.31559
1.22684
1.63074
1.47157
1.51614
0.932544
1.8797
1.15178
2.09918
1.24274
1.25207
0.606549
0.989719
1.82193
2.02109
2.73206
1.29947
0.999297
1.00167
2.03405
2.50584
2.41434
1.52735
2.14092
1.85576
1.05592
0.768977
0.606619
1.06664
1.72197
1.84314
1.53682
2.12902
1.5335
1.74012
0.502212
2.30013
2.0613
1.69766
1.54079
1.15366
1.69649
1.59588
1.54785
1.54895
1.76622
1.62747
1.56835
0.659161
2.08785
1.05314
1.93858
1.0318
1.33215
1.29545
2.37874
1.11084
1.6569
1.16736
1.36561
1.19198
1.38951
1.70625
1.26925
2.12885
1.2271
1.20768
1.50459
1.25895
1.05379
1.11589
0.704186
1.29251
0.763547
1.82947
2.22557
1.49764
2.15703
1.39456
1.28255
2.14586
1.10594
0.997978
1.90718
1.86777
1.40012
1.03687
1.65402
0.853867
1.24453
2.4679
1.32373
0.957412
1.37098
1.02913
1.41162
2.19561
1.76196
1.45881
1.86564
1.84377
1.60929
1.15225
1.84442
1.05978
0.586401
1.23374
1.56921
2.04272
1.48604
0.622435
1.25343
1.52925
2.0866
1.79706
1.45051
1.15124
0.612069
1.9316
0.758919
1.40791
1.05255
1.89499
1.65859
1.10628
1.77778
1.07016
1.73446
1.5137
1.75321
0.80423
1.21324
2.07725
1.87196
1.40407
0.625884
0.953913
1.49786
1.22912
1.48558
0.868638
0.929795
2.09475
1.93487
1.48702
0.960269
0.675991
1.56619
0.86973
1.30169
1.15133
1.94307
1.89093
1.70776
2.34147
1.61482
0.71238
2.12045
1.70135
0.723511
1.33065
0.685817
0.500916
1.05121
2.1871
1.84446
1.45666
2.09179
1.79996
1.00516
1.61498
1.02326
1.73194
1.63132
1.14777
1.4339
1.1979
1.67158
1.18423
2.20377
1.5334
1.71725
2.27019
1.37612
1.241
1.35239
1.5363
1.90615
1.44679
1.90983
1.81212
1.56848
1.48855
0.697186
1.63398
1.61995
1.36858
2.20174
1.0431
2.2971
2.14376
1.14442
1.39732
1.11336
1.59656
1.10411
1.88775
0.984387
2.03218
2.16944
0.670464
1.65506
1.09724
1.0189
1.56274
1.84783
1.54839
1.33482
1.50917
2.25798
2.02578
1.51545
1.08043
2.1006
1.65813
1.30403
1.37969
2.1916
1.49559
1.92697
1.02645
1.18982
1.32611
0.723499
2.18848
1.77647
1.35851
1.07119
2.11026
1.97054
1.60095
1.64368
0.944241
1.8483
1.59027
1.22891
1.36444
1.15404
1.57775
1.35584
1.5258
1.20797
1.47813
1.49455
1.34742
1.52268
1.33089
1.98444
1.11738
1.65941
1.5374
1.39893
1.29263
1.17207
1.39037
1.3235
1.96265
1.24199
1.76112
1.76681
1.56573
2.36169
2.20892
1.47685
1.33832
1.12515
0.592214
1.41319
1.65387
1.22949
1.25856
1.4921
1.24229
1.27129
1.40431
1.79258
1.848
1.88965
1.59091
1.7867
2.06442
1.04804
1.43915
1.70325
2.54217
1.50042
1.89177
0.740368
1.40049
1.87868
0.788603
2.05189
1.65451
1.80907
1.47078
1.3502
1.23363
1.50902
1.48775
1.5994
1.1471
1.58657
1.93885
1.79765
0.944007
1.02714
1.99233
1.42329
0.623825
1.57423
1.46065
1.68021
2.019
1.91486
1.72478
1.17419
1.57806
1.8572
1.7335
1.29599
1.17416
2.17945
1.83376
1.76949
0.662571
1.90692
0.808966
1.17584
2.26627
1.15425
1.73458
1.4139
0.914075
1.9856
0.93226
1.5163
2.23531
1.5305
1.20428
1.517
1.2137
1.68776
1.43463
1.00365
2.26974
1.63199
0.873102
1.39831
1.35861
1.71852
1.44205
1.64214
1.5494
1.43487
1.53389
1.2256
1.44504
1.20998
1.06103
1.86417
1.34554
2.01123
0.896565
1.38487
1.72207
1.28449
1.32164
1.11361
1.82316
0.939404
0.975783
1.76901
1.19701
1.35475
1.19147
1.45457
1.46691
1.79578
1.78639
1.60199
0.683572
2.31765
1.31773
1.55322
1.83448
1.35801
1.86947
1.64762
1.38234
1.65463
1.87797
1.91494
1.17349
2.136
1.95532
1.91897
2.36057
0.62745
0.744353
0.736239
1.74693
0.830002
1.51302
1.82436
1.04832
1.93676
2.11632
1.61506
1.71908
1.482
0.979466
1.25804
2.66608
2.0958
1.76078
1.55581
1.29986
1.68601
1.43155
1.4697
1.68408
2.08838
0.863949
2.0144
1.79351
0.779759
1.3492
1.73791
1.42687
1.2757
1.90143
1.22521
2.35557
1.09772
0.661146
1.78102
2.09645
1.47047
1.38535
1.68395
2.0814
1.10661
2.08766
2.14469
0.784614
1.70093
1.47577
0.982011
1.42663
1.54662
1.68853
1.97294
1.24132
1.54348
1.30808
1.44873
1.18032
1.72485
1.58783
0.563464
1.16899
2.02956
2.2499
0.889172
1.85192
1.08817
1.80354
1.21754
1.27094
0.837908
0.772593
2.16018
1.50428
2.13709
1.39856
1.29434
2.17007
1.06503
1.6853
1.40283
1.76774
1.45391
1.4639
1.16165
1.37279
1.59222
1.80957
1.60468
1.78433
0.899357
2.1241
2.09666
1.58792
1.57019
1.35148
0.957237
0.828854
0.942723
2.20493
1.47734
2.57952
1.49939
0.58891
1.79752
1.45997
1.57006
1.63248
1.24054
1.78308
1.33329
1.1434
2.28818
1.03038
0.481042
2.3096
1.60117
1.6401
0.512194
2.09341
1.21422
0.490449
2.01291
1.8037
1.85335
1.08218
0.996269
1.51908
1.64805
2.12677
2.15657
1.53808
1.89914
1.71565
0.706952
1.51602
2.00658
1.38783
1.15291
1.52439
1.06717
0.921216
1.67818
1.69228
1.20281
2.11352
2.4714
1.41471
1.05243
1.37161
0.970058
1.82398
1.93967
1.61934
0.433922
0.433393
1.51767
1.89828
1.29009
1.83169
0.928856
1.05564
1.02802
1.19757
1.55303
1.52531
1.52632
1.44648
2.00794
1.14589
1.41384
1.77846
1.66992
2.02545
1.52021
2.22903
0.956667
0.86581
1.94783
2.00725
0.971848
1.47329
1.94147
1.82534
1.36771
1.1669
1.47913
0.950663
1.74557
1.76345
1.28532
1.2282
1.83696
0.81307
1.52317
2.27166
1.62317
0.851517
1.83168
1.07134
1.62246
1.52702
1.15699
2.01717
1.64083
1.47875
0.647146
1.05718
2.36213
0.978249
1.37207
1.67027
1.94966
0.619151
0.969464
2.21626
1.06495
0.51301
0.984182
1.0011
1.17501
1.27164
1.02276
1.50378
0.759871
1.84947
1.51547
2.5148
1.40995
1.82027
0.706805
1.18804
1.65453
2.47956
0.928411
1.63661
2.428
1.8351
1.64441
1.21182
2.01063
0.728305
0.927201
2.5784
2.41483
0.556476
1.98301
1.747
2.19383
1.03836
1.60639
1.72256
1.0643
2.27231
1.99198
1.9688
0.804354
1.60816
1.22839
2.01164
1.23596
1.64258
2.07358
1.60742
1.01597
1.19053
0.617127
1.97356
1.90368
1.28516
2.17398
1.43257
0.314083
0.48511
1.25907
1.74595
0.598299
1.84503
1.68927
2.14556
1.15732
2.00236
2.22861
0.89683
1.2001
1.80881
1.42946
1.95154
2.19745
0.947543
2.06068
1.50268
1.17326
1.55822
0.992281
1.40333
1.19107
2.05027
1.18584
1.57901
1.29468
0.990007
0.955317
0.909157
1.46004
2.32867
1.272
1.28512
1.87254
1.5203
1.61225
2.42279
1.44048
1.02585
2.02858
1.58447
2.04455
1.65292
0.954077
0.882965
1.28665
0.76494
1.29653
0.931003
2.3094
1.04931
0.932349
1.90525
2.28123
0.806347
1.04777
1.79521
0.845547
1.78029
1.61097
1.84871
0.953928
1.42352
2.15579
1.36669
1.12489
1.48417
1.10354
1.37817
1.36213
1.17492
2.17989
2.21252
2.16986
1.27213
1.83326
2.08167
1.74532
2.18554
2.57166
1.46654
1.77933
1.3329
1.85608
1.21156
1.33654
1.99315
0.98234
1.68884
2.06399
0.933629
0.99333
1.60895
2.12339
1.32057
1.77388
1.67922
1.21872
2.04444
1.31608
0.783332
1.2608
1.51565
1.96649
1.65381
1.50864
2.0043
1.04358
1.16131
1.21729
1.74533
1.56732
1.64658
1.67142
1.65944
1.54937
1.7448
1.25791
0.661544
2.38436
0.932652
0.948639
1.37999
1.3253
1.67608
1.27327
0.922201
1.54479
1.64254
2.0871
2.25095
1.67592
0.924705
1.98631
1.064
0.690633
1.65445
1.59936
0.681304
1.81296
1.14253
1.86972
0.862705
2.00314
1.56774
1.21098
1.46697
0.655379
0.779742
2.17514
2.20761
1.30346
1.98797
2.35393
2.39896
1.72654
1.00313
1.34686
1.82092
2.20423
1.8296
1.49039
1.17458
1.69926
0.97414
1.61473
1.34714
1.34596
1.87742
1.64799
1.58807
1.89826
1.63239
1.504
2.03593
1.35001
1.5603
1.92391
1.16769
1.68979
1.15366
1.10038
2.38962
2.16916
1.88406
1.92339
1.55055
1.08637
1.73392
1.80719
1.36352
1.57336
1.16829
2.08119
2.11843
1.99369
1.09925
1.6026
2.02002
1.3142
1.04131
1.63957
1.75904
2.66047
0.994779
0.813515
1.38639
0.971424
1.99999
1.6858
1.39451
1.82833
1.65828
0.894326
1.03913
1.57965
1.7542
1.06037
0.72602
1.73068
1.46863
0.831419
1.90169
0.849598
1.70955
1.58232
2.6032
2.03907
1.33965
1.7996
2.03861
2.16466
1.84865
1.50428
1.09299
1.51381
1.3696
1.51561
1.33479
1.85619
1.10239
2.45189
1.01698
1.53074
1.61702
1.50422
1.27176
1.22631
1.46482
2.0208
1.77909
1.40215
1.56417
1.83266
1.72127
1.17081
1.39351
1.48439
1.30915
2.2435
1.28909
1.00802
1.31906
1.78059
1.16749
1.45881
1.83532
1.16976
1.96794
1.42434
2.28057
1.08568
2.09468
2.07722
1.54168
1.62484
1.75078
1.01049
1.32303
1.88288
1.20457
1.84783
2.6276
1.64551
1.34225
1.36275
1.19435
1.29047
1.54183
1.64002
1.29478
1.64456
1.76684
1.45936
2.00012
1.71432
1.56872
1.9842
1.70825
2.13879
1.44485
2.01581
0.878194
1.07029
2.11452
1.81202
1.29865
1.79859
1.26378
2.21484
1.33798
1.27754
1.23885
1.09521
1.61848
1.71201
1.55993
1.44061
1.68788
0.850952
0.891453
1.12374
1.31641
1.18395
1.28379
1.12763
1.3373
2.12256
2.01569
1.71781
1.74328
1.82891
1.78033
1.42758
0.701264
1.88343
1.68746
1.86165
1.48775
1.48244
0.928642
1.92098
1.59649
1.74557
2.05011
1.11723
1.48022
1.35214
1.15766
1.49161
0.826197
1.77086
1.6791
1.32471
1.7201
2.35169
1.19875
1.61488
1.0855
1.53917
2.34963
1.20895
1.20046
1.43571
2.28397
1.44996
1.91908
2.15351
1.61042
1.00378
1.49764
1.78927
1.24506
0.973116
1.6033
1.26258
1.33579
1.94278
1.22251
0.900777
1.95974
2.05102
1.31307
1.85053
2.49264
1.99261
1.99576
1.80279
2.08379
1.59375
1.93376
1.59894
1.63497
2.00183
1.82688
1.42659
1.52598
1.52455
1.3241
1.11759
1.03421
0.861984
1.40534
1.55226
2.00119
1.59698
0.970207
1.51987
1.25958
1.30144
0.743363
1.7807
1.93213
1.30577
0.711262
1.27155
1.8327
1.84421
1.48797
1.85812
1.49528
1.95719
1.41732
1.34432
1.45549
2.04227
1.26831
1.53496
1.35414
2.25276
0.742554
1.76563
1.69065
1.7367
1.07312
1.34112
1.54675
0.781496
1.6528
1.34156
2.10474
1.79245
1.93797
1.60416
1.85431
1.34795
1.17664
1.97184
1.51418
1.44166
0.713967
1.36026
1.13043
1.75302
2.40831
1.7125
1.45997
1.16231
0.994682
1.57074
1.65586
1.75761
2.29353
2.45919
1.28836
1.42613
1.23015
2.04734
1.54107
2.03976
1.69308
1.42724
2.1028
1.36815
1.48561
0.921744
1.14194
1.66395
2.27904
1.01242
1.0132
1.31238
1.28487
0.952391
1.91943
1.74316
1.0872
1.40624
2.53426
1.70557
1.93219
1.68008
2.43037
0.86712
0.934945
1.65378
1.43469
0.728655
1.04618
2.00813
0.764103
1.11309
1.82636
1.60512
1.62744
1.93873
1.59534
0.993998
1.80875
0.926189
1.15626
2.15118
1.27838
1.8432
0.825295
0.979884
1.19861
1.93
1.60669
1.47728
1.51241
1.52128
1.12621
1.5656
1.79002
2.23575
2.44243
0.907176
0.891996
2.24458
1.28109
1.11533
1.59472
1.83168
1.72522
1.88066
1.3482
0.724076
0.504491
1.47213
2.15788
1.23988
0.809381
1.51639
1.25636
1.98454
1.91194
1.4526
1.51388
1.09159
1.94415
1.13485
1.69489
1.42736
1.69762
1.46713
1.49424
1.3522
1.40699
1.58593
2.60022
1.74539
1.42563
1.46814
1.35126
2.35934
1.69634
1.27573
1.41878
1.33337
0.979427
1.48353
0.754741
1.53869
0.996525
2.09885
1.70821
1.18383
1.83217
1.2047
1.74532
1.41046
1.39202
1.95414
1.88111
1.78864
0.746004
1.3778
1.43484
1.15646
1.65114
1.93082
1.53069
1.92698
1.1046
1.14891
2.22337
1.14957
1.69945
1.43075
1.07815
1.38395
1.23801
1.51724
1.59039
1.81233
1.68064
1.79709
0.954141
0.947485
1.79631
1.82014
0.789408
1.62065
0.854371
2.04498
1.24881
1.29466
1.12608
1.42693
1.82058
1.53669
1.15022
1.68801
1.70111
1.57711
1.37188
1.66248
2.39481
0.849365
1.99382
0.759171
1.65767
1.33146
1.99165
1.31446
1.30941
1.70317
1.17194
2.35023
1.37305
1.04932
1.73709
1.67045
1.45426
1.70136
2.13284
1.30612
2.03867
0.8107
1.3522
1.05224
1.34243
1.71911
2.01396
1.52956
1.47838
1.59668
1.22739
0.835582
0.857553
1.62517
2.18521
1.52033
0.681489
1.39689
1.55477
1.99336
1.8175
2.50135
1.46863
1.83446
1.46593
2.30829
1.40515
2.04189
1.84522
0.729192
1.81979
2.0956
1.88618
1.20839
1.66855
1.08926
1.57074
1.26285
1.0064
0.869242
1.7596
2.34951
2.0055
2.03497
1.24132
0.575204
2.26469
1.95036
1.71898
1.33621
1.83984
1.6026
2.1161
0.841487
0.804569
1.0599
2.12418
1.1936
1.34588
1.72321
1.32951
2.10677
1.39025
1.4459
1.72756
2.59435
1.98007
1.82196
0.668973
1.39403
1.97549
0.701001
1.24824
1.18271
2.31259
1.66928
1.65856
2.31849
1.62313
1.85939
1.43759
1.43833
1.94029
2.22719
2.0798
1.33077
1.79806
1.85354
1.8749
1.16353
2.28752
1.75904
1.60352
2.30096
1.47869
2.4022
0.976712
1.551
1.90061
1.6238
1.92366
1.63572
1.71689
1.02665
0.913633
2.14665
2.30021
1.49048
0.942308
1.92697
1.13518
1.49655
1.37944
0.744935
2.01477
1.56323
1.94028
1.75686
1.80298
1.12347
1.92717
1.57403
1.49235
1.09622
1.53328
1.46608
1.93333
1.11907
1.54241
1.27353
1.96825
1.28811
1.64778
1.22764
1.56231
0.836773
1.38144
2.17096
2.29029
1.53618
1.22388
1.98526
1.39413
1.57342
1.78655
1.1902
1.33902
1.44565
1.34226
2.31888
1.59985
1.15131
1.54577
1.82469
1.69948
1.07531
2.53201
1.27646
1.49097
2.10544
1.63554
1.63872
1.05768
0.915102
1.72077
2.28739
1.6595
1.42588
1.19553
1.24738
1.24242
1.97549
0.760157
1.39937
1.81629
1.67625
1.71827
1.0044
2.14795
1.57931
1.09655
2.0387
0.512469
1.62557
0.779781
1.67935
1.65555
1.56872
2.33471
0.679581
1.04973
0.678409
1.72936
0.887678
1.79982
1.59906
1.46304
1.82493
1.70597
0.898403
2.1092
1.49541
1.54546
0.978561
0.695626
1.55627
1.07946
0.779692
0.837741
1.5199
0.54241
1.32586
1.9731
1.42323
1.45617
1.43129
1.78573
1.16667
2.19533
1.53423
1.19278
1.47735
0.944245
1.65127
1.35536
1.67818
1.45764
1.91314
2.01399
1.63334
1.53184
0.677335
1.65611
1.71917
1.6183
1.01095
2.30136
0.594305
1.90835
1.51382
1.49112
1.30954
1.31966
1.47605
1.47151
2.33651
2.23425
2.33795
0.962359
0.728341
1.71214
1.51692
1.45371
1.95095
1.65271
0.544461
1.49066
1.34328
1.47626
0.329851
0.969788
1.68099
1.17653
1.74799
1.66162
1.22758
0.93539
2.00415
1.43968
0.725049
0.829482
1.68718
1.75289
0.811561
1.27863
1.4318
1.56927
1.31502
1.34651
0.814926
1.69422
1.24867
1.46823
2.14899
1.34369
1.31698
2.19008
1.6092
1.49259
1.85043
1.47617
1.72334
2.01879
1.40361
0.811531
2.1577
1.59399
0.962014
1.17082
1.72096
1.81328
1.88416
0.971725
1.13919
1.95322
1.50676
1.59735
0.881271
1.65133
1.50584
1.82399
1.264
2.20181
1.83778
1.24064
1.58099
1.2925
2.47983
1.8037
1.1929
2.24512
1.38876
2.05986
1.13144
2.3572
1.68445
1.23499
1.70499
2.36001
1.76706
1.19953
1.56762
2.20848
1.54711
1.62472
1.86909
0.985525
1.45838
1.77073
1.81755
1.3089
1.31382
1.99456
1.93431
1.64189
1.46823
0.827528
1.7776
1.245
1.42987
1.48414
0.898153
1.53716
0.871034
1.43781
1.09903
0.841532
1.53624
1.51847
1.34012
1.14241
0.847758
1.74172
0.70163
1.52088
1.51486
1.02499
1.57586
1.99496
2.04393
1.75435
2.16194
1.54162
1.63309
1.70702
1.28046
1.54848
2.08781
0.980882
1.54165
1.63205
1.87452
1.73455
1.1336
1.79834
1.97105
1.64343
1.82266
1.89138
1.85538
1.87529
1.58264
1.12219
1.95921
1.47672
1.426
1.20836
0.904748
2.1348
1.70998
1.31064
1.11016
1.72016
1.18994
1.87497
1.40391
1.50798
1.3846
1.28694
1.30931
1.11296
1.44338
1.14428
1.60979
1.68082
1.17997
1.01317
1.53325
2.51245
1.45328
0.898246
1.10914
0.964831
2.31149
1.58319
0.984666
1.31212
1.32366
1.26947
1.51902
1.20084
1.82493
1.80031
1.75671
1.18614
1.91892
1.63156
0.547064
2.03806
1.44958
2.54896
0.949871
0.757386
1.69434
1.3178
2.0235
1.51675
1.62062
1.61066
1.63881
1.28124
0.948443
0.434689
1.59565
1.34979
1.48494
1.39918
1.57482
1.64915
1.53276
1.67217
1.52849
1.65041
1.3487
1.83788
0.982522
1.80028
1.40839
1.16235
1.15725
1.93598
1.4717
2.25376
1.91878
2.42835
1.39785
1.69591
1.95305
1.21988
1.52537
1.47804
1.364
1.25717
1.62522
1.04337
0.830552
1.3694
1.28328
1.71343
0.83742
1.87515
0.854927
1.60513
0.435479
0.876797
0.846263
1.63279
1.4716
1.46065
1.03794
1.02095
1.23407
2.42961
1.01148
1.84109
1.47399
1.924
1.85769
2.22139
1.42846
1.48371
1.51764
1.58789
1.72512
0.598316
1.17326
1.96528
1.02228
1.26618
0.987714
1.26663
1.50195
1.50654
1.50738
1.90091
1.80907
2.4608
0.966493
1.60089
1.78524
1.988
0.567978
1.19788
1.20428
1.83238
1.16441
1.26452
1.23821
0.830014
1.2665
2.16331
1.73064
1.44577
1.09775
0.931512
1.65065
1.32957
1.63571
2.17405
0.543732
1.72967
1.51003
0.875305
1.42664
1.31982
1.77572
0.889721
1.63763
1.41628
2.43255
0.62578
1.0872
1.67131
1.33218
1.48267
1.58233
2.18387
1.57333
1.58833
1.33477
1.56515
1.66919
0.839051
1.53488
0.67045
1.5273
1.49753
2.2542
0.905926
1.31818
1.34344
1.59976
1.96086
1.23866
2.22904
1.52551
1.17581
1.4178
1.33918
1.86634
1.24701
1.66438
2.03315
1.65813
1.11273
0.645751
0.981305
1.98329
1.45874
0.769191
2.23008
2.77301
2.05383
1.26167
1.65702
0.77542
1.32592
1.39865
1.38398
1.41044
1.81733
1.29406
2.00985
1.04402
1.15021
2.29077
1.85551
1.06171
1.77341
2.22859
2.12003
1.4647
1.57531
1.938
1.10159
1.92554
1.33083
1.87089
1.79715
1.73542
1.61995
1.34989
1.15095
1.78552
1.81215
1.44878
1.4194
1.74353
1.09098
1.52091
1.57657
1.50459
1.27203
1.96893
1.07644
1.0019
1.39459
2.14972
2.32615
1.53185
2.11318
1.62997
0.703112
1.13897
0.791478
1.48849
2.14948
1.285
2.30644
1.59277
2.04915
1.1035
1.85343
0.830128
1.41211
1.19803
1.2794
2.57202
1.42816
1.61772
2.24025
0.393491
0.850393
1.40376
1.2357
1.98891
1.2495
1.42354
0.728401
1.77692
1.87772
1.24106
2.17493
1.74217
1.54272
1.31578
1.04247
1.90011
1.95237
0.450107
1.33359
1.19271
2.16689
2.4841
1.7613
1.91737
1.92197
1.35164
1.89917
1.37515
1.74179
1.36734
1.38845
1.29396
2.10798
0.862163
1.3892
2.23581
1.82376
2.03616
0.823449
0.834609
1.40413
2.2207
1.73739
2.24698
1.29716
1.87461
1.9495
1.90301
1.51116
1.76053
2.75082
1.45875
1.61005
1.66984
1.35526
1.6683
1.84643
1.56549
0.669159
1.79978
1.61085
0.688382
1.59955
1.53331
1.03446
1.29732
1.47547
1.93388
1.53029
1.6192
1.37379
0.793933
1.92476
1.12581
2.60905
1.34068
1.37565
0.773056
1.50708
1.36874
1.48235
1.69649
1.09377
1.55288
1.75531
1.62099
1.9878
1.51749
1.12306
1.5737
0.664351
2.08329
0.796772
2.12699
0.871381
1.44942
1.24699
1.50128
1.5543
1.77622
1.41542
0.798075
1.52228
1.53756
1.94291
1.65298
1.27627
0.915514
0.73732
1.23001
0.875805
2.00187
0.965407
1.32572
1.02935
1.95584
1.46927
1.77127
1.35193
0.788599
1.79368
2.06482
1.85786
1.85697
1.15045
1.34932
2.045
1.27543
1.13629
1.52247
1.43932
1.36749
0.914774
2.32423
1.50428
0.762837
1.12333
1.67178
1.94258
0.937429
1.1441
2.21847
1.01831
1.48883
1.3968
2.34671
1.63371
2.46489
1.39304
1.28455
0.758284
1.50978
1.56915
2.15965
1.8903
1.10808
2.11908
1.14255
0.967624
2.06026
1.23202
2.28686
2.36965
1.50643
1.53877
1.71861
1.61524
1.1335
1.26625
1.31938
2.00174
2.06872
1.36151
1.45561
1.29275
1.01508
1.16955
1.6419
1.5225
1.54821
0.790888
1.40005
1.81957
1.79039
2.11156
1.95144
1.33961
1.28108
1.53062
1.4427
1.50348
2.07773
1.99926
1.87852
2.10642
2.23866
2.05165
1.48628
2.313
1.64851
1.26426
1.94186
1.47685
1.04111
1.92307
1.44048
1.60459
1.80223
1.36325
2.11314
0.937954
2.25434
2.23578
1.43565
1.49455
1.3476
1.20888
1.13841
1.25162
1.18078
2.00268
1.56825
1.07296
1.33761
1.62215
1.62527
1.86079
1.36756
1.58951
1.95194
0.710446
1.93294
1.41404
2.18081
1.03382
1.37257
1.86417
1.6842
1.34547
0.613206
1.00864
1.35702
1.85122
1.74725
2.0854
1.55932
1.40698
1.45071
1.99666
1.56971
1.04924
1.80041
1.56639
0.862427
1.5545
1.19232
0.840222
0.490565
1.07224
2.2581
1.86851
1.50535
1.30713
1.22094
1.24364
1.80523
1.79524
1.08002
1.7357
0.90549
1.43673
1.1975
2.19789
1.30028
2.05919
1.11818
1.75382
1.22547
1.84941
1.19802
1.2128
1.4603
1.92111
1.56591
1.75023
1.45756
1.58331
1.05216
1.90789
2.36263
1.53829
2.50349
1.71356
1.26554
1.74836
0.925893
1.58703
1.82523
1.08686
2.0506
1.35539
1.31749
1.6425
2.01732
1.09676
2.00914
1.27994
1.73341
1.68346
1.28073
2.37785
1.87819
1.50251
1.30802
1.83035
1.96075
1.25549
1.58068
1.40605
1.42178
1.21697
1.517
1.10077
2.11496
1.13764
1.46334
1.08008
2.03876
2.09954
1.58004
1.90693
2.13585
1.59356
1.9806
1.39253
2.6214
1.95378
1.49874
0.889437
1.47642
1.8556
0.52933
1.45993
1.69077
2.16624
2.04398
2.05078
0.77448
0.729537
1.29802
2.30964
1.59582
1.88493
1.48962
1.12868
1.17597
1.36787
1.40902
1.7122
1.8774
1.1284
1.40364
1.40543
1.74844
1.7275
0.566684
2.29754
1.52329
1.19537
1.98534
1.46278
1.5254
1.67695
1.84225
1.11772
1.53771
2.46591
0.987272
0.990796
1.05034
1.2014
0.604337
0.81413
1.08054
1.52018
1.66389
1.15382
1.15278
1.51813
0.444112
2.02784
1.81904
1.52983
2.06837
1.52232
0.754445
1.073
1.5866
2.15497
1.47052
1.17769
1.52439
2.11888
1.56799
0.491371
1.64723
1.17452
1.64251
2.36739
1.87568
1.73257
1.31585
1.86679
1.0773
1.10591
0.954932
1.7357
1.74353
1.66843
1.03326
1.51753
1.74567
1.46464
1.37732
0.924418
1.24377
1.84276
1.4175
1.46188
1.66606
1.84035
1.22047
1.4523
1.32256
1.78458
1.52749
2.10654
1.55656
1.61524
1.50495
2.46305
1.97655
0.608447
1.16224
1.23389
1.73991
1.79102
1.67088
1.75494
1.38913
1.42789
1.38069
1.24625
2.13037
1.54717
1.46089
0.946568
1.84558
1.81535
1.46372
1.84999
2.86652
2.47197
1.81117
1.61998
1.79274
0.93947
1.31629
0.813933
2.02185
2.05452
2.13506
1.30136
1.65816
1.5458
1.12678
1.15403
1.2083
2.20481
0.890036
1.12004
2.30665
1.51284
1.47372
1.16198
1.49125
0.890185
1.25014
1.36612
1.52568
0.674065
1.07051
1.71269
1.99871
1.19353
1.42551
1.57971
1.27984
1.22197
1.79327
1.12811
2.27655
1.0984
1.36026
1.04134
1.88117
1.47881
1.88733
1.31098
2.03928
1.1868
1.72497
1.48013
1.63413
1.66355
1.21221
1.80939
2.03295
1.38007
1.50774
2.44597
1.33347
1.8485
1.25374
2.07091
1.75066
0.912153
2.38747
1.0735
1.82521
1.80391
1.06047
1.71063
1.63324
1.82972
1.13744
1.58453
2.10227
0.960919
1.59247
0.894337
1.56424
1.42835
1.88194
1.49978
1.58233
1.70203
0.68503
2.22263
1.47107
2.46222
0.847294
2.37939
2.32824
1.50253
1.24164
2.11753
1.52005
1.37665
1.9944
0.66187
2.0226
2.08887
1.55285
1.92196
0.873116
0.914347
0.995114
0.991803
1.42761
1.44651
1.1499
1.72287
1.99075
1.57269
1.95715
0.922844
2.20739
1.37565
1.16504
1.54247
1.46574
1.0625
1.28399
2.42319
1.26479
1.45025
1.56048
1.51315
1.89287
1.80638
1.59063
1.86079
1.30704
1.47433
1.54668
0.592983
1.87573
0.764593
1.6861
1.55731
1.45051
1.68579
1.37269
1.58564
1.30923
2.22108
2.09016
1.08143
0.903145
1.80483
1.66658
1.20221
0.973094
1.32758
2.32732
2.00343
0.559413
2.0373
0.579503
0.781788
1.36681
1.2626
1.5447
1.30255
1.02552
1.65721
1.54601
1.02113
2.03942
1.62761
1.78327
1.5543
0.0395246
1.64295
1.42119
1.16536
1.04162
1.74247
1.20728
1.65217
0.570335
2.27495
2.32344
1.18426
2.10499
1.51152
1.38196
1.76868
0.762011
1.17369
0.736625
0.431001
1.09742
1.52445
2.27452
1.20101
0.383579
2.43896
0.666441
0.725287
1.45122
1.9963
1.56295
0.815944
0.802062
1.58831
1.36232
1.55694
1.65145
1.95242
1.5747
0.940848
1.76178
0.800257
1.31578
1.67568
1.61459
1.53453
1.40797
2.42478
1.40933
2.10995
1.43567
0.689919
2.02272
0.889807
1.71241
0.971061
0.808995
1.98887
1.71907
1.10735
1.4483
1.84402
1.30502
1.9655
1.70813
2.23736
0.405758
1.18284
1.08472
2.44965
2.07736
1.85682
0.866124
1.26157
1.43026
1.74756
0.98611
1.36113
1.01648
1.94599
1.42193
1.7555
1.56661
2.24581
1.05963
2.0051
2.0588
1.32674
0.776545
1.81755
1.99865
2.32114
1.42107
1.14764
1.58931
1.63179
2.31287
1.76501
1.13104
1.4639
0.625103
1.5047
2.17325
1.855
2.03519
1.65843
1.32504
2.12778
1.35226
0.968769
1.55853
2.11547
1.0564
0.980535
2.17513
1.02692
1.65831
0.458668
2.17493
1.25965
1.75832
1.34277
1.76706
1.98251
1.24029
1.13631
1.87772
1.26982
1.32228
2.18104
1.4024
1.9668
1.73548
2.51172
1.35633
1.26215
2.13623
0.90751
2.20172
1.29022
1.94901
2.02566
1.06368
2.19895
1.24716
0.643698
1.08493
1.35983
1.67106
0.919558
2.31695
2.1999
1.87132
1.13483
2.05115
1.53183
1.40469
0.833974
1.20123
1.53441
1.0665
1.8038
2.2713
1.92564
2.20514
1.64582
1.6103
0.913937
1.4135
1.6012
1.22203
0.71772
1.6622
1.58636
1.60938
1.02697
1.97464
1.4427
0.775565
1.99828
1.12328
1.31862
1.62497
1.08606
1.09106
2.07254
2.27726
1.23497
1.79152
1.04479
1.47071
2.66668
1.0579
1.98441
1.1373
1.76078
1.39808
2.13071
1.45408
1.27557
1.84602
1.21573
0.944159
1.25727
1.29573
1.54082
1.39038
1.87227
1.85624
1.89589
1.75208
1.55889
1.27449
1.50251
1.84396
0.989391
1.00986
1.92326
2.39868
0.929838
2.49635
1.50524
1.09848
2.01431
1.85411
1.55987
1.55456
0.856971
1.11941
1.41786
1.62301
1.68589
1.38681
1.42422
1.3058
1.53875
1.29206
1.69434
1.4973
0.848783
1.67543
2.0994
1.86972
1.37553
1.52378
2.3098
0.79618
1.54207
2.48298
1.36582
1.45352
1.29091
1.04424
1.68315
1.64055
1.56675
2.28197
1.3715
0.812426
1.9475
1.91832
1.42224
1.93176
1.79781
1.40475
1.85823
2.18744
1.17664
0.927027
1.16989
1.60553
1.7085
1.16821
1.1881
1.61751
0.828103
1.6745
0.862505
0.780644
2.0506
1.59582
1.52192
1.84656
1.15161
1.80135
0.921906
2.05878
1.71133
0.863564
1.90932
0.782277
1.87481
2.12582
1.60673
2.21998
1.60083
1.42576
1.95993
1.82707
1.13906
1.7927
1.90207
1.00249
1.19767
1.71019
0.675252
1.17657
1.12205
1.30805
1.47777
1.79715
1.53081
1.46381
2.03167
1.26554
2.1119
1.97463
2.0247
1.11384
1.0673
1.865
1.74037
1.7442
0.711822
1.4747
0.678008
2.01758
1.36344
1.9318
1.38019
1.84481
1.58398
1.79645
1.51805
1.37142
1.67591
1.72577
1.88445
1.08713
1.63028
1.67691
2.36885
1.16719
1.09057
1.21163
1.07731
1.04861
1.01653
1.34501
0.990542
2.26181
2.08002
1.45795
1.50498
2.0553
0.961595
2.42108
2.02885
1.42133
1.52079
1.29161
1.49541
1.58148
1.41576
1.70025
2.00409
1.07557
1.28787
1.7647
1.2608
1.6434
1.50605
2.21671
0.67974
0.959817
1.03006
1.45782
0.914305
1.70425
1.16362
1.66432
1.81554
1.43174
1.43519
0.884356
1.51062
1.70234
1.90075
1.39459
1.49959
1.5606
1.91275
1.50951
1.37154
1.5454
1.35539
0.898723
1.94947
1.47041
1.53905
0.93456
0.822787
0.944002
1.5151
1.37497
0.84611
1.25548
0.977417
1.40982
2.12203
1.63921
1.38964
1.77072
1.31288
1.98294
1.74371
0.926303
1.83864
0.879042
0.90601
1.46139
1.08009
1.75682
1.88965
1.72283
1.2011
1.28064
1.56393
0.90848
0.760395
2.34219
1.63902
1.58163
2.03792
1.07256
1.88355
1.7171
1.55227
1.58874
1.35408
0.997411
1.91586
1.2685
1.52841
0.855716
1.57104
1.52103
1.60535
1.71633
1.45672
2.02491
1.16826
1.6301
1.29661
1.22719
0.337838
1.09102
1.48132
1.49259
2.15354
2.30457
1.03043
1.56851
2.54267
1.17035
1.89995
2.32939
1.10565
1.82477
1.64313
1.74598
1.34181
1.55981
1.2794
1.71651
1.33623
2.25629
1.6132
1.72707
1.15725
1.72614
1.18308
1.59595
2.00241
2.14704
1.12895
1.80704
1.3665
1.35752
2.17227
1.94082
2.10223
0.75492
1.35148
0.962712
1.71312
1.69908
2.46057
1.98514
2.14813
2.06496
1.29109
1.54867
1.5642
1.21338
1.65834
1.5385
2.09759
1.03652
1.44885
1.87311
1.58572
1.00852
1.34444
0.754474
1.83067
1.1282
2.63826
1.68933
1.50819
1.67063
1.27002
1.91579
1.89644
2.0418
1.95881
1.36954
2.16537
1.89367
1.41149
1.68986
1.75209
1.21742
1.11126
1.19537
2.04654
1.51792
1.41557
0.804891
2.05985
1.04045
1.99962
1.33029
1.37497
0.910428
0.944314
2.00901
1.88073
1.42212
1.58685
1.47307
1.3725
2.40488
1.18375
1.71121
1.41461
1.54475
1.84766
1.04751
1.53753
0.866531
2.05761
1.09676
1.42213
1.55359
0.961977
1.38897
1.30353
2.04848
1.41604
1.90945
2.12913
1.62429
1.81435
2.0186
1.26106
1.96416
1.90402
1.37951
1.06772
1.4906
1.42033
1.25281
1.7804
0.471884
1.76311
0.901818
1.63517
1.32718
1.79095
1.54032
1.33108
1.43426
1.09154
1.84345
1.27691
1.43069
0.952095
2.12217
0.920741
2.07637
2.33785
0.654588
1.15706
2.41131
1.23402
1.79174
1.09067
1.74954
1.98984
1.46841
1.50868
1.51498
1.30011
1.58276
1.65845
1.42391
1.89737
1.58258
2.01517
1.47715
0.939071
2.24599
0.68277
0.86617
1.13377
1.41705
1.54046
1.26426
2.34556
1.52629
2.49447
0.710193
1.45672
1.68979
1.76538
1.7624
1.55061
1.79396
1.40042
1.7853
1.46933
1.3527
0.766785
1.90069
1.61285
1.43121
1.01635
2.16384
1.46937
1.3777
1.25952
1.07597
1.52856
1.36804
2.01379
2.06936
1.37534
2.55702
1.46258
1.44848
1.11738
1.44125
1.16839
1.28729
1.81629
1.79984
1.57809
0.932506
1.655
1.59245
1.64857
1.49293
1.56402
1.01401
0.859984
1.03923
1.08741
1.88682
1.37211
1.1947
1.9335
1.58932
1.48449
1.70918
0.874381
1.47688
1.75233
1.74031
1.48043
1.53942
2.01427
2.68472
1.83048
1.27991
1.73202
1.91917
2.26945
0.60545
1.57385
1.26471
1.07343
1.70973
1.1488
1.32161
1.30662
2.07298
1.8042
1.12469
1.24403
0.801119
1.38181
1.22295
1.46013
1.52396
0.945656
2.28558
1.35616
1.78964
1.35798
1.98141
1.48034
2.31656
1.89518
1.12049
1.85287
2.25249
1.63334
1.79903
1.6159
1.09549
1.21302
1.74452
2.02857
2.20393
1.56267
0.990413
2.10081
1.78558
1.83617
0.961513
1.29415
1.26426
1.71839
1.92926
1.27404
1.31604
1.0348
1.77335
1.02821
1.46397
1.60724
2.39924
1.96582
1.85271
2.34643
2.09115
1.81655
1.38342
2.03963
1.13226
1.11987
1.97038
1.19399
1.44061
2.28227
1.68466
1.30896
1.13518
1.22865
1.01811
1.22086
1.15419
1.80254
1.45025
1.25587
2.00167
1.41638
1.64025
1.53362
0.72695
0.958406
1.33629
1.53667
2.10315
1.46194
1.67935
1.78331
1.84263
1.46274
1.53496
2.2973
1.70179
2.35168
1.11618
2.21355
1.85266
2.00396
1.07269
1.69293
2.27973
1.26784
1.06511
0.757163
1.43316
1.96826
1.15305
1.42286
0.817535
1.65286
1.52855
1.41338
1.31465
1.6092
1.69933
0.892004
2.26341
1.6439
1.12218
2.10442
1.9493
0.665079
1.46132
1.51541
1.05795
1.11682
1.45518
1.26845
1.56726
2.26619
1.32725
1.50171
1.62166
1.22456
1.43568
1.52302
0.906957
1.74998
2.12485
1.89311
1.57138
1.75075
2.03293
1.56207
1.01625
1.22645
2.05922
1.46851
2.11295
2.10118
1.28468
1.22167
1.87184
0.942588
1.39825
1.66165
1.72482
1.38566
1.94435
0.768609
1.63162
1.12132
1.99926
1.43143
2.19669
1.90687
1.55175
2.27056
0.834556
1.69097
1.36581
1.92177
1.4363
2.12901
1.62025
0.766158
1.96582
1.72238
1.71621
1.92587
2.14986
2.21929
1.65739
1.84656
1.59607
1.35842
1.84123
1.39676
0.765281
1.51046
1.54296
1.69079
1.10823
1.16391
1.74043
2.10761
0.992319
1.08711
1.80326
1.02991
1.23651
2.1365
1.29612
1.35786
2.20659
1.54104
1.12748
1.92769
1.22469
1.36263
0.842154
1.24458
1.56463
1.83054
1.47179
0.419334
1.36425
1.79314
2.00362
1.76812
1.60853
1.27264
1.84035
2.08781
2.43783
1.22093
1.72726
1.87855
1.50746
2.18806
1.16816
1.56893
1.70077
1.49281
0.918409
1.65678
1.92593
1.48512
1.47464
1.0606
1.89283
1.18297
0.850788
1.97808
1.21808
1.82038
1.51504
1.43334
1.82682
1.81886
1.59985
1.57638
1.87692
1.42218
1.57937
2.34129
0.823983
1.52329
1.84135
1.84906
1.48504
1.6389
1.2932
1.83762
1.81315
0.967987
1.56945
0.867926
1.66658
1.66756
2.4809
1.13352
0.734563
0.906996
1.00406
1.69975
1.61103
1.38783
1.46943
1.72828
1.40539
0.681623
1.42711
1.521
1.59124
1.87209
1.49568
1.46541
1.56157
1.51865
0.834136
0.800376
1.58645
2.39362
1.33855
1.26324
0.891006
2.24473
1.67815
0.770802
1.51923
2.17132
0.970997
0.882816
2.06455
2.0719
1.26695
2.00798
1.68467
0.861062
2.0138
1.68321
1.84139
1.39007
1.64804
2.29583
0.963347
2.06684
1.40472
2.27913
1.27822
2.10077
1.54229
1.43765
1.85605
1.51076
1.61051
1.39341
1.35932
1.79364
0.946561
1.72361
1.78196
1.89756
1.54339
1.21966
1.69548
1.24677
0.929236
1.7892
2.05336
1.31603
1.90579
0.931819
1.58694
0.914064
1.41885
1.28392
1.45816
1.00929
1.40556
1.72337
1.5848
2.23487
1.15058
1.4575
1.93102
2.08004
0.62086
0.3989
1.55001
2.13456
1.47703
2.24442
1.16749
1.42492
1.98801
0.980009
1.69925
1.70779
1.58221
1.5628
1.79452
2.50606
1.30593
1.6124
1.10604
1.07412
1.22664
1.28067
1.94452
1.40208
1.30201
1.27215
1.82185
0.797512
1.27876
1.2551
2.17241
1.66603
1.60303
1.84624
1.89125
1.16291
1.04784
1.76302
1.44939
0.929204
1.23455
1.94304
1.14771
1.71374
1.96125
1.7283
1.7912
1.50985
2.30349
1.18423
2.0557
1.83421
0.710609
0.82403
1.61173
2.11791
1.39943
1.56866
1.60706
2.1794
0.946131
0.779456
0.813092
1.86347
1.78827
1.08056
1.25207
0.783772
1.97417
1.23803
1.69348
1.07885
1.19822
1.72306
1.42063
2.35046
1.73307
1.53059
1.35241
1.9249
2.12161
2.11397
2.15325
2.16136
1.74421
2.08791
1.34244
0.968397
1.18455
1.98034
1.45801
2.00597
2.13672
1.62074
1.48841
2.06029
1.41557
1.62007
1.53233
1.77516
1.27155
0.813622
1.41495
1.02968
1.33466
1.53409
2.09253
1.08227
1.7601
1.52771
2.39278
1.74588
1.06613
1.4977
1.6408
1.13006
2.01903
1.19071
2.68288
1.86761
1.7299
1.04205
1.83298
2.25718
1.18099
1.14408
1.58146
1.09226
2.31208
0.860872
1.73168
2.46485
1.39682
1.27356
1.65506
2.17005
2.08421
1.01755
1.14516
1.32769
2.55741
0.921928
1.89982
1.64083
1.92912
1.99827
2.06704
2.20574
0.745922
1.03785
2.01143
1.33579
1.22216
0.99398
1.01518
1.66358
1.84922
1.78994
1.86411
2.41184
1.56103
1.9006
1.11254
2.08319
2.2412
1.1996
2.40662
2.0766
1.33636
2.19581
0.77783
1.81901
1.8463
1.4305
1.19232
2.05954
1.93623
1.39484
2.0049
1.62496
1.41131
1.05773
1.2032
1.473
1.65337
2.10323
1.33993
1.70406
1.67853
1.3833
1.49222
2.13354
1.52349
1.26695
0.828298
1.93676
1.8444
1.18716
1.99978
1.43543
0.929708
0.87858
2.09237
1.87247
1.61989
1.65402
2.5977
0.795001
1.56079
1.53792
2.47375
1.90998
2.17977
1.86896
1.05427
1.17187
1.39118
2.17657
2.01467
1.8202
0.937897
1.3923
1.58033
1.97019
1.47194
0.861482
1.10204
2.03788
0.828841
0.658032
1.89118
1.16012
2.08543
2.04017
2.01684
1.24636
1.3224
1.99897
2.26452
1.45279
1.26826
2.0715
1.41563
1.13804
0.61935
1.57879
1.08832
1.65439
1.38442
1.41328
1.64897
1.81875
1.89847
2.06616
0.956701
1.66303
1.74275
1.85405
2.0226
1.62472
2.63847
0.924501
1.54538
1.62151
1.42088
1.68868
2.38328
1.27529
2.24344
1.80367
1.56517
2.32784
1.56411
1.05774
0.912673
1.27704
2.54428
1.28468
1.17624
1.84862
1.22026
1.13771
2.24409
1.59543
1.47384
1.04104
1.99736
2.11218
1.61854
0.916681
1.40085
1.51417
1.65517
1.35142
1.91105
1.93708
1.15009
1.17643
0.788151
1.53472
0.920976
2.20551
1.24648
0.860185
0.891774
1.24898
1.35964
2.25324
1.79088
2.46834
1.83709
1.18826
1.36986
0.932227
1.13409
1.24892
1.26337
2.06047
1.53948
1.20298
1.37944
0.890812
2.18524
1.07412
1.22647
1.89608
1.67935
0.810533
2.31572
2.13607
0.933701
1.52508
1.80423
1.7809
1.84396
1.03538
0.760006
2.21571
1.13731
1.6717
1.50465
2.05681
1.42212
1.10624
2.1979
0.81
1.5982
0.814939
2.33597
1.49069
1.86806
1.19786
2.24233
1.4494
1.77099
2.4668
1.8876
2.3016
2.06296
2.20373
1.77747
2.10529
1.81255
0.80165
1.23784
2.20171
1.00343
2.18978
2.15667
1.82665
1.21802
1.33551
1.22417
1.41724
1.57645
1.16458
2.22114
1.76243
1.23066
1.21671
1.51614
1.0074
1.97374
1.86854
1.73653
1.8282
0.927315
2.04058
1.61977
1.43611
1.38665
1.62734
1.09276
1.15625
1.00843
2.01377
1.90118
1.7787
1.80794
1.30349
1.25638
1.61463
1.46742
1.86535
1.9314
1.00089
1.42158
1.55862
1.18601
1.44574
1.3479
1.39769
1.13394
1.56039
1.5374
2.1229
1.37789
2.12526
1.76996
