0.476583 4.56717
0.450104 4.33302
0.816435 3.57575
0.201727 3.80366
0.994209 5.45596
0.370965 4.34839
0.865204 4.05751
0.907465 4.66095
0.61483 5.22198
0.695212 4.97678
0.370683 4.55668
1.43608 5.04856
1.32949 6.39213
0.457306 4.5451
1.1526 6.19118
0.505646 4.38911
0.363167 4.06595
0.676042 4.92007
0.435087 4.57674
0.744508 4.11083
0.255643 4.18054
0.378575 4.61054
0.979428 3.96096
0.543706 3.97384
0.354434 4.37991
0.42762 4.3475
0.533317 4.78848
0.654588 5.25196
0.709192 4.67462
0.852533 3.86527
0.459701 4.51764
0.561704 4.16189
0.332876 4.2516
0.483963 4.68932
0.82258 4.21603
0.575261 3.79413
0.732168 5.4136
0.585694 4.93677
0.4963 4.67435
0.332713 4.0752
0.472358 4.23297
0.941032 4.95959
0.821294 4.62141
0.220989 4.31856
0.172011 3.89858
0.187343 4.21507
0.896612 3.80136
1.21603 3.62877
0.41448 4.50578
0.554533 4.46813
0.357531 4.43089
0.966509 3.37901
0.884222 5.38672
0.416872 4.15516
0.750246 4.38738
0.294654 3.71027
0.893305 4.27844
0.276385 3.6488
0.316059 3.90953
1.20984 5.47723
0.998733 4.01305
0.633301 4.03706
0.667331 5.05165
0.405976 4.73573
0.656089 4.33186
0.566742 3.72847
0.830231 4.0061
0.346352 4.46572
0.460942 4.63953
0.683878 4.14212
0.746816 5.48092
1.013 6.90726
0.679423 5.17922
0.76246 3.96426
0.269333 4.09649
0.262021 4.22385
0.868921 4.15526
0.807455 3.6856
0.764924 5.76244
1.02138 4.89188
0.421459 4.52383
0.638662 4.55153
0.243904 4.05939
1.2726 5.8444
0.625697 5.01703
0.595744 4.5198
0.412598 4.47157
0.306111 3.78415
0.800957 6.88493
1.0935 4.09992
0.243165 4.24984
1.0109 6.23366
0.308859 4.12358
0.793936 4.68478
0.24038 3.52143
0.569771 3.90659
0.471796 4.38646
0.422354 4.57996
0.581195 4.72922
0.293162 4.3209
0.840244 3.9073
0.77625 4.20889
0.578591 3.72868
0.548346 5.08889
0.134943 3.5305
0.471172 4.85485
0.800174 5.57546
0.50749 4.70104
0.361012 4.30733
0.60049 4.94226
0.436119 4.75785
1.06067 4.41607
0.464968 5.06815
0.522201 4.79783
0.371947 4.03152
0.644108 3.7739
0.390078 3.94817
0.148317 3.28122
0.620837 5.12633
0.278467 4.15503
0.337979 4.27083
0.804974 4.68542
0.365093 4.34311
0.590805 5.20972
0.380665 4.22526
0.667011 4.1204
1.20848 4.3869
0.668726 4.74814
0.457812 4.64114
0.456659 4.10065
0.625596 3.83251
0.778177 4.427
0.564977 4.67639
0.922388 4.69338
0.743783 5.49616
0.48421 4.29836
0.48572 4.26893
0.744795 4.80087
0.552273 4.73349
0.532468 4.37585
0.413191 4.49956
0.832737 3.91847
0.187966 3.99439
0.872278 4.65047
0.59991 4.73803
0.99575 3.69549
0.288803 4.30321
0.836084 3.96491
0.475568 4.48559
0.681169 3.85579
0.674737 5.14406
0.512825 4.66095
0.519943 5.17063
0.699562 5.63341
1.16575 6.08933
0.964425 6.20743
0.58652 3.85641
0.565914 4.54716
0.158155 3.77543
0.221504 4.19406
0.567273 3.92599
0.619262 4.50361
