0.39906 344.807
0.913821 409.13
0.557852 235.902
0.38333 334.345
0.44445 348.253
0.702811 401.432
0.977701 62.8157
0.728371 419.961
0.86961 453.779
0.56843 369.967
1.27573 172.994
0.691107 113.785
0.984873 251.925
0.455049 352.827
0.4156 348.794
0.510493 355.15
0.593723 378.074
0.581462 376.639
0.840436 288.23
0.864673 520.293
0.638647 388.284
0.753012 386.801
0.515917 364.083
1.38077 249.042
0.379988 239.226
0.447683 313.139
0.295522 329.604
1.05916 300.143
0.538945 366.74
0.396576 340.944
0.263213 326.904
0.708801 398.337
0.689922 407.545
0.37804 345.446
1.29171 976.115
0.569611 386.106
0.305786 332.901
0.698096 212.398
0.773471 441.081
0.527399 224.569
1.02668 339.265
0.893854 318.181
1.07546 339.334
0.421109 341.634
0.507232 236.314
0.771886 320.304
0.45308 273.753
0.583692 380.776
0.300493 305.855
0.973326 238.672
0.576433 379.16
0.359111 169.648
0.846812 390.284
0.924657 421.414
0.617722 391.752
0.58579 521.099
0.842138 453.432
0.59079 375.171
0.311835 337.596
0.501555 365.288
0.667876 240.602
0.741565 469.517
0.254637 324.525
0.438011 346.233
0.485068 354.441
0.834311 456.526
1.01787 245.96
0.441938 354.576
0.588208 364.042
0.337088 331.903
0.711616 410.048
0.57701 224.606
0.293663 328.648
0.597679 359.178
0.479808 350.655
0.144068 317.543
0.283797 329.704
0.477408 357.044
0.257264 325.989
0.542706 368.166
0.687945 394.291
0.361805 340.636
0.560995 376.028
0.242114 329.38
0.646331 403.583
0.691255 329.555
0.908069 347.994
0.360761 278.638
0.51276 364.955
0.861167 465.675
1.31104 289.358
0.916758 130.213
0.442107 347.094
0.420205 342.72
0.848213 85.725
0.608475 364.176
0.187218 322.307
0.55562 251.76
0.824352 446.918
0.462788 211.984
0.73171 401.927
0.247772 322.763
0.476698 326.264
0.693647 400.894
0.336685 319.961
0.66023 184.674
0.81072 463.404
0.651822 384.071
0.532408 361.18
0.358095 353.1
0.42786 353.416
0.657872 401.55
0.354855 329.057
0.234464 323.49
0.632426 221.936
0.485762 356.106
0.291772 325.416
0.486614 359.996
0.599768 291.709
0.324107 58.5178
0.514417 359.198
0.186867 316.417
0.894676 391.716
0.666167 389.521
0.515535 305.577
0.366039 268.579
0.537187 366.023
1.07217 336.389
0.363296 334.476
0.959648 533.448
0.83474 460.942
0.479231 348.06
0.536476 372.733
0.495959 356.973
0.598118 381.877
0.221203 320.354
0.368172 238.644
0.849858 216.74
0.334474 333.622
0.493033 148.773
0.97592 539.555
0.405302 75.7674
0.887807 282.506
0.686468 406.28
0.321045 330.791
0.408823 351.71
0.412384 369.821
0.104403 315.29
0.660953 381.349
0.53075 366.296
0.89759 468.248
0.360608 335.573
0.488318 361.393
0.397595 329.784
0.656488 357.823
0.841809 475.853
0.721773 335.97
0.417074 343.781
0.607917 227.03
0.565099 158.04
0.60942 348.361
0.839306 394.257
1.11812 703.849
0.848108 493.712
0.467008 351.376
0.655526 401.251
0.545139 367.713
0.369142 335.088
0.459933 349.659
0.510238 357.65
0.643035 383.049
0.968664 279.523
0.518644 168.162
0.514166 366.051
0.537995 368.644
0.29697 286.007
0.385566 341.137
0.686412 390.016
0.815026 449.991
0.556165 324.523
0.442819 348.617
0.508957 359.964
0.315192 330.981
0.521825 345.391
0.494064 358.815
0.438867 337.775
0.322341 330.814
0.717979 259.919
0.372596 271.153
0.0602483 318.421
0.180474 320.121
0.83752 462.532
0.621377 385.273
0.350148 338.199
0.332636 328.382
0.67612 241.58
0.822115 356.027
0.880063 118.085
0.494695 362.388
0.443221 346.943
0.370864 278.307
0.561271 258.472
0.640282 388.086
0.689282 406.606
0.587657 375.691
0.258483 323.688
0.487366 359.702
0.451493 344.344
0.196596 314.101
0.382711 157.552
0.592973 372.454
0.299267 321.345
0.288215 326.423
0.937852 444.417
0.560939 369.748
0.540077 365.157
0.9476 364.826
0.581676 368.735
0.594493 186.744
0.246822 322.974
0.725317 366.7
0.630671 397.109
0.303621 328.38
0.39625 340.323
0.521211 337.68
0.390974 343.434
0.895867 316.079
0.522911 367.161
0.25572 319.302
1.12833 406.045
0.588316 369.834
0.573541 381.895
0.408314 342.131
0.316277 332.109
0.542943 316.899
0.194282 320.774
0.618529 299.237
0.85825 313.194
0.608731 391.405
0.774444 171.067
0.16267 318.491
0.815151 190.001
0.765445 283.938
0.754493 258.571
0.492993 360.283
0.296644 326.665
0.420781 345.086
0.325371 317.147
0.544964 373.455
0.31562 334.729
0.7975 427.356
0.837164 383.906
1.15503 795.295
0.487309 356.253
1.06903 280.914
0.829446 453.657
0.342134 332.273
0.332373 302.651
0.945436 51.5834
0.299779 328.75
1.00836 577.028
0.33976 329.555
0.698044 405.529
0.530616 381.826
0.808748 443.268
1.13412 498.399
0.179568 316.893
0.579876 378.857
0.412642 324.194
0.7729 137.399
0.88695 75.7707
0.618929 385.789
1.0333 484.273
0.8437 474.533
0.771401 437.611
1.0806 377.273
0.660097 416.902
0.615056 387.764
0.729906 327.502
0.842925 111.965
0.430715 277.358
0.361057 343.171
0.375162 334.252
0.574445 251.744
0.420852 345.715
0.693871 402.224
0.27521 325.93
0.834725 476.171
0.765497 439.963
0.713806 286.036
0.586836 377
0.810916 193.93
0.547655 368.055
0.325434 332.245
0.761712 253.124
0.710847 412.374
0.707095 414.586
0.759988 437.018
0.586644 243.889
0.567473 366.371
0.39877 341.594
0.531708 361.499
0.487713 354.988
0.923582 236.179
0.971741 242.404
0.280447 271.867
1.40747 161.857
0.70644 277.034
0.440973 344.899
0.903424 297.333
0.616833 391.969
0.429685 348.423
0.8096 418.836
0.833587 218.475
0.433556 346.954
0.425926 344.631
0.891782 169.161
0.307571 330.514
0.440707 360.769
0.797415 384.542
0.18917 321.579
0.321444 330.947
0.522783 363.437
0.349638 335.689
0.747899 92.4095
0.510692 228.505
0.920061 171.291
0.42472 352.682
0.464393 350.264
0.710781 341.957
0.558896 368.998
0.804278 294.721
0.271809 234.097
0.426971 332.138
0.527217 364.539
0.825808 77.5949
0.238304 248.1
0.596577 387.295
0.814309 437.263
0.602583 380.79
0.377781 343.333
0.689928 377.447
0.919971 341.347
0.343198 347.555
0.678194 298.919
0.790314 445.083
0.350544 79.6132
0.233317 324.74
0.506419 359.13
0.481499 354.959
0.43275 348.068
0.782498 248.047
0.320924 329.882
0.644988 378.502
0.48685 321.556
0.368192 332.744
0.966983 471.539
0.293741 329.483
0.953888 441.397
0.645569 381.452
0.697742 409.551
0.894934 363.361
0.69107 402.678
0.617564 307.067
0.401754 339.304
0.742428 429.182
0.580769 365.267
0.603017 404.523
0.549174 367.571
0.873588 356.201
0.595808 385.698
0.180403 319.778
0.710017 421.379
0.829034 297.828
0.453822 359.025
0.583504 379.805
0.421381 336.02
0.461038 351.79
0.330395 333.573
0.603823 374.201
0.570359 380.081
0.502454 360.211
1.00715 304.772
0.979791 107.723
1.42527 695.464
0.889526 483.882
1.04338 354.763
0.72156 251.543
0.444889 296.672
1.04319 645.084
1.10468 65.0861
0.501796 327.678
0.218332 319.64
0.644457 410.269
0.593614 163.454
0.463546 355.714
0.630986 384.526
0.885839 130.715
0.839754 308.861
0.463198 359.873
0.767339 315.542
1.17614 237.877
0.768345 426.526
0.270319 101.191
0.594096 372.378
0.402081 341.747
0.761225 238.91
0.833184 269.966
0.428683 344.563
0.279854 325.372
0.301854 334.143
1.23571 223.215
0.408872 341.814
0.764191 448.294
0.543167 329.119
0.624977 400.305
0.403073 341.726
0.509537 357.194
0.504965 314.226
0.551822 64.404
0.59209 384.899
0.399414 210.266
0.529815 362.217
1.10545 677.836
0.813133 455.611
0.964168 472.381
0.310859 331.84
0.941861 319.164
0.218404 321.519
0.659637 315.714
0.334665 330.645
0.761648 412.909
0.488364 354.437
0.618284 385.292
0.780293 214.284
0.547249 367.749
0.512535 352.168
0.385078 334.909
0.591455 379.874
0.542476 368.458
0.402741 344.373
0.334314 322.772
0.373951 338.618
0.523685 369.399
0.397388 336.371
0.384579 302.174
0.370195 340.518
0.85465 135.944
0.458391 281.537
0.649662 389.475
0.372157 338.224
0.216566 321.286
0.751271 219.304
0.787281 444.969
0.180778 292.307
0.353384 328.947
0.694273 402.697
0.423941 347.193
0.329812 331.329
0.723024 269.958
0.531278 370.975
1.00515 592.094
0.638783 289.948
0.642247 397.979
0.351557 335.671
0.563922 371.659
0.0670144 312.262
0.432613 346.823
0.799647 449.476
0.374179 339.535
0.733421 433.756
0.864079 415.358
0.854532 241.211
0.385835 340.68
0.092016 316.049
0.723024 269.958
0.531278 370.975
1.00515 592.094
0.638783 289.948
0.642247 397.979
0.351557 335.671
0.563922 371.659
0.0670144 312.262
0.432613 346.823
0.799647 449.476
0.374179 339.535
0.733421 433.756
0.864079 415.358
0.854532 241.211
0.385835 340.68
0.092016 316.049
0.691337 293.736
0.742148 410.367
0.383009 350.914
0.566188 377.962
0.697955 411.112
0.81765 292.498
0.628035 376.888
0.513884 364.147
0.412285 343.733
0.307156 326.155
0.443882 336.217
1.00043 602.431
0.465919 350.894
0.777001 420.481
