0.39906 4.33033
0.913821 4.58589
0.557852 5.09241
0.38333 4.26776
0.44445 4.47617
0.702811 3.3476
0.977701 6.14207
0.728371 5.46156
0.86961 5.09989
0.56843 4.63233
1.27573 4.55988
0.691107 5.00216
0.984873 5.76225
0.455049 4.74273
0.4156 4.4827
0.510493 4.89355
0.593723 4.08671
0.581462 6.41471
0.840436 4.29657
0.864673 3.39711
0.638647 5.17959
0.753012 5.45254
0.515917 4.71204
1.38077 5.26001
0.379988 4.13496
0.447683 4.69689
0.295522 4.17078
1.05916 4.90447
0.538945 4.91499
0.396576 4.55716
0.263213 4.25693
0.708801 4.47697
0.689922 4.28238
0.37804 4.52028
1.29171 3.39953
0.569611 5.00642
0.305786 4.3256
0.698096 4.22346
0.773471 3.9398
0.527399 5.13966
1.02668 3.81089
0.893854 5.2615
1.07546 3.99762
0.421109 4.35903
0.507232 4.68148
0.771886 5.8062
0.45308 4.49402
0.583692 4.60419
0.300493 4.19719
0.973326 6.72805
0.576433 4.91074
0.359111 4.31211
0.846812 3.63349
0.924657 4.91626
0.617722 5.34789
0.58579 3.64155
0.842138 4.30969
0.59079 4.93843
0.311835 4.56944
0.501555 5.95768
0.667876 4.54409
0.741565 4.80151
0.254637 4.20398
0.438011 4.4413
0.485068 4.4853
0.834311 4.21083
1.01787 7.10029
0.441938 4.36926
0.588208 4.13246
0.337088 3.95633
0.711616 4.48631
0.57701 4.5723
0.293663 4.35202
0.597679 4.4258
0.479808 4.65529
0.144068 3.87401
0.283797 4.02347
0.477408 4.04439
0.257264 4.17114
0.542706 4.71172
0.687945 5.04197
0.361805 3.88552
0.560995 4.83418
0.242114 4.27454
0.646331 4.0294
0.691255 4.32932
0.908069 4.65356
0.360761 3.9619
0.51276 4.92824
0.861167 3.36359
1.31104 4.39131
0.916758 4.21843
0.442107 4.35279
0.420205 4.48579
0.848213 4.46215
0.608475 4.24232
0.187218 4.11399
0.55562 5.05715
0.824352 4.62654
0.462788 4.43411
0.73171 5.19831
0.247772 4.04139
0.476698 4.74767
0.693647 3.70684
0.336685 4.1192
0.66023 5.20658
0.81072 3.65493
0.651822 4.33627
0.532408 3.96254
0.358095 3.96916
0.42786 4.20443
0.657872 5.20623
0.354855 3.8952
0.234464 4.12111
0.632426 4.86915
0.485762 4.90324
0.291772 4.24928
0.486614 4.76056
0.599768 4.78121
0.324107 4.45925
0.514417 4.20282
0.186867 3.82214
0.894676 3.85447
0.666167 3.83664
0.515535 5.04011
0.366039 4.53458
0.537187 4.96249
1.07217 6.63281
0.363296 4.07661
0.959648 3.88377
0.83474 3.87681
0.479231 4.58255
0.536476 4.87657
0.495959 4.20574
0.598118 4.54471
0.221203 4.02928
0.368172 4.01384
0.849858 5.84681
0.334474 4.24923
0.493033 4.46653
0.97592 3.82251
0.405302 4.22374
0.887807 4.51028
0.686468 3.94281
0.321045 4.37681
0.408823 3.96207
0.412384 4.62326
0.104403 3.59194
0.660953 3.94493
0.53075 4.14295
0.89759 4.97581
0.360608 4.51326
0.488318 5.02083
0.397595 3.91876
0.656488 5.57633
0.841809 4.05805
0.721773 5.58973
0.417074 4.48456
0.607917 5.20845
0.565099 4.97296
0.60942 4.7176
0.839306 4.8472
1.11812 4.00282
0.848108 4.28936
0.467008 4.57279
0.655526 4.46312
0.545139 4.82791
0.369142 3.99462
0.459933 4.47975
0.510238 4.28331
0.643035 3.51589
0.968664 5.92031
0.518644 4.34184
0.514166 4.88184
0.537995 4.79488
0.29697 4.11916
0.385566 3.53836
0.686412 5.46587
0.815026 4.46809
0.556165 4.19035
0.442819 4.38406
0.508957 4.57662
0.315192 3.68686
0.521825 4.24649
0.494064 4.70222
0.438867 4.30164
0.322341 3.77071
0.717979 6.44547
0.372596 3.97517
0.0602483 3.63994
0.180474 3.98308
0.83752 3.94915
0.621377 3.92854
0.350148 4.53836
0.332636 4.08023
0.67612 4.64034
0.822115 5.51284
0.880063 3.91377
0.494695 4.40806
0.443221 4.08968
0.370864 4.14598
0.561271 4.38352
0.640282 4.7291
0.689282 4.88531
0.587657 4.86599
0.258483 4.08607
0.487366 4.37054
0.451493 4.23979
0.196596 3.41503
0.382711 3.99249
0.592973 3.92307
0.299267 3.65092
0.288215 4.24542
0.937852 4.26292
0.560939 4.66326
0.540077 5.32383
0.9476 6.4448
0.581676 5.5573
0.594493 5.66204
0.246822 4.05128
0.725317 5.8445
0.630671 4.25093
0.303621 4.1597
0.39625 4.3805
0.521211 5.14612
0.390974 4.32341
0.895867 4.0475
0.522911 4.95847
0.25572 3.86385
1.12833 4.63434
0.588316 3.65012
0.573541 3.81945
0.408314 3.75536
0.316277 4.03035
0.542943 4.82218
0.194282 3.98952
0.618529 4.7022
0.85825 4.04235
0.608731 4.1161
0.774444 6.09212
0.16267 3.76982
0.815151 4.57111
0.765445 4.4194
0.754493 4.51258
0.492993 4.46352
0.296644 4.22149
0.420781 4.55299
0.325371 4.18343
0.544964 4.68021
0.31562 4.40683
0.7975 4.16315
0.837164 4.64353
1.15503 3.60571
0.487309 4.4845
1.06903 4.69705
0.829446 4.20342
0.342134 4.15495
0.332373 3.57649
0.945436 5.98378
0.299779 4.16232
1.00836 3.36577
0.33976 4.1975
0.698044 5.08897
0.530616 3.87243
0.808748 3.8065
1.13412 3.86211
0.179568 3.29134
0.579876 4.96262
0.412642 4.5331
0.7729 4.53494
0.88695 4.59862
0.618929 4.65263
1.0333 4.12357
0.8437 4.6017
0.771401 3.86939
1.0806 4.21557
0.660097 4.85126
0.615056 5.0717
0.729906 4.82332
0.842925 5.97386
0.430715 4.30212
0.361057 4.75081
0.375162 4.2639
0.574445 4.48785
0.420852 4.21069
0.693871 4.53077
0.27521 4.24266
0.834725 4.45215
0.765497 4.23679
0.713806 5.56469
0.586836 4.8873
0.810916 4.64972
0.547655 5.13735
0.325434 4.26183
0.761712 5.60849
0.710847 4.49846
0.707095 4.03118
0.759988 4.53653
0.586644 3.96342
0.567473 4.41404
0.39877 4.26402
0.531708 3.76389
0.487713 3.85192
0.923582 4.66653
0.971741 5.08775
0.280447 4.03469
1.40747 6.75533
0.70644 5.9945
0.440973 4.84407
0.903424 3.71478
0.616833 4.9947
0.429685 4.24853
0.8096 4.33843
0.833587 4.99187
0.433556 4.57172
0.425926 4.43212
0.891782 4.82097
0.307571 4.35709
0.440707 4.8435
0.797415 5.71658
0.18917 3.9231
0.321444 3.89288
0.522783 4.69815
0.349638 4.38464
0.747899 5.01591
0.510692 3.94342
0.920061 4.36882
0.42472 4.65273
0.464393 4.09108
0.710781 4.3135
0.558896 3.85004
0.804278 3.979
0.271809 4.39653
0.426971 4.22983
0.527217 3.80438
0.825808 6.07019
0.238304 4.16717
0.596577 5.07514
0.814309 4.32349
0.602583 4.44068
0.377781 4.23984
0.689928 6.72119
0.919971 6.68368
0.343198 4.57824
0.678194 3.97291
0.790314 5.4071
0.350544 3.9747
0.233317 4.19351
0.506419 4.51834
0.481499 4.39228
0.43275 4.30869
0.782498 4.43213
0.320924 4.06386
0.644988 4.84355
0.48685 4.65642
0.368192 4.14981
0.966983 3.68921
0.293741 4.19188
0.953888 4.61226
0.645569 4.88197
0.697742 6.04048
0.894934 4.2872
0.69107 4.64118
0.617564 6.12126
0.401754 3.94562
0.742428 3.98441
0.580769 7.04645
0.603017 4.69713
0.549174 4.10911
0.873588 5.52405
0.595808 4.53365
0.180403 3.79498
0.710017 4.23941
0.829034 5.01113
0.453822 4.33015
0.583504 4.00595
0.421381 4.48764
0.461038 4.5592
0.330395 4.31145
0.603823 4.92186
0.570359 4.46035
0.502454 4.45415
1.00715 6.85626
0.979791 6.28989
1.42527 3.81797
0.889526 4.6788
1.04338 3.72441
0.72156 5.75074
0.444889 3.55339
1.04319 3.72242
1.10468 5.37471
0.501796 4.25028
0.218332 3.91118
0.644457 3.7262
0.593614 4.58469
0.463546 4.39329
0.630986 4.81083
0.885839 3.83667
0.839754 3.80566
0.463198 5.41568
0.767339 3.56832
1.17614 4.40517
0.768345 4.26478
0.270319 3.89577
0.594096 4.23692
0.402081 4.39101
0.761225 5.64699
0.833184 4.93307
0.428683 4.58335
0.279854 3.99094
0.301854 4.2347
1.23571 4.79852
0.408872 4.19056
0.764191 4.07779
0.543167 4.70122
0.624977 4.81534
0.403073 4.47863
0.509537 4.52305
0.504965 4.66603
0.551822 4.63272
0.59209 5.07134
0.399414 4.71203
0.529815 4.26741
1.10545 3.96264
0.813133 4.15395
0.964168 4.47522
0.310859 3.96889
0.941861 6.00375
0.218404 4.05251
0.659637 4.43709
0.334665 4.3043
0.761648 4.33115
0.488364 4.87906
0.618284 4.96671
0.780293 4.30154
0.547249 4.80337
0.512535 4.36037
0.385078 3.5732
0.591455 4.76354
0.542476 4.75707
0.402741 4.50185
0.334314 3.8982
0.373951 4.43009
0.523685 4.82349
0.397388 3.85507
0.384579 3.99435
0.370195 4.34824
0.85465 4.51107
0.458391 4.40728
0.649662 3.92303
0.372157 4.46567
0.216566 3.92251
0.751271 5.88122
0.787281 4.0588
0.180778 4.04534
0.353384 4.29607
0.694273 4.6962
0.423941 4.62463
0.329812 4.05916
0.723024 5.21726
0.531278 6.49515
1.00515 3.69812
0.638783 5.81975
0.642247 4.00268
0.351557 4.1092
0.563922 4.74956
0.0670144 3.22583
0.432613 4.2156
0.799647 3.82477
0.374179 4.34944
0.733421 4.3105
0.864079 3.73154
0.854532 5.59708
0.385835 4.27953
0.092016 3.421
0.723024 5.21726
0.531278 6.49515
1.00515 3.69812
0.638783 5.81975
0.642247 4.00268
0.351557 4.1092
0.563922 4.74956
0.0670144 3.22583
0.432613 4.2156
0.799647 3.82477
0.374179 4.34944
0.733421 4.3105
0.864079 3.73154
0.854532 5.59708
0.385835 4.27953
0.092016 3.421
0.691337 3.9163
0.742148 4.37615
0.383009 4.41744
0.566188 3.86303
0.697955 4.74258
0.81765 5.1612
0.628035 4.16803
0.513884 4.58835
0.412285 4.32931
0.307156 4.23172
0.443882 4.18586
1.00043 4.07972
0.465919 4.93389
0.777001 4.34856
