1.47183 4.56717
3.05571 4.33302
-0.261634 3.57575
-1.47048 3.80366
1.72136 5.45596
-1.19757 4.34839
0.396205 4.05751
1.81836 4.66095
0.785215 5.22198
2.57222 4.97678
1.19471 4.55668
-1.44215 5.04856
3.97219 6.39213
10.6862 4.5451
5.68227 6.19118
-1.79942 4.38911
-1.59333 4.06595
0.587274 4.92007
18.8932 4.57674
0.415386 4.11083
16.2805 4.18054
-0.755744 4.61054
0.486144 3.96096
-0.648386 3.97384
-5.41836 4.37991
6.2231 4.3475
-146.132 4.78848
1.25358 5.25196
0.969165 4.67462
-0.411098 3.86527
-18.5172 4.51764
0.712226 4.16189
2.83839 4.2516
298.951 4.68932
0.725519 4.21603
-0.529643 3.79413
-2.08332 5.4136
2.69759 4.93677
1.41387 4.67435
0.684139 4.0752
0.697179 4.23297
-1.14699 4.95959
0.589706 4.62141
3.91864 4.31856
3.06437 3.89858
-43.8957 4.21507
0.28608 3.80136
0.162431 3.62877
10.1015 4.50578
-0.459434 4.46813
2.31439 4.43089
-0.132538 3.37901
-1.24002 5.38672
0.916965 4.15516
0.342133 4.38738
0.721013 3.71027
0.738921 4.27844
0.458538 3.6488
0.794645 3.90953
-1.67018 5.47723
-0.523216 4.01305
0.326986 4.03706
-5.94862 5.05165
-10.4732 4.73573
-0.61373 4.33186
0.289582 3.72847
0.487609 4.0061
4.58179 4.46572
-1.45435 4.63953
0.564922 4.14212
-7.29886 5.48092
1.81572 6.90726
12.2886 5.17922
-0.504888 3.96426
-3.26557 4.09649
16.2728 4.22385
0.488702 4.15526
0.331635 3.6856
2.17553 5.76244
1.25994 4.89188
5.38158 4.52383
-1.87879 4.55153
6.37123 4.05939
4.12822 5.8444
-2.14398 5.01703
-1.16768 4.5198
1.21671 4.47157
-1.03076 3.78415
-1.87848 6.88493
-0.473419 4.09992
-9.78678 4.24984
-8.70962 6.23366
-0.746993 4.12358
0.954477 4.68478
-0.20382 3.52143
-0.411182 3.90659
1.0215 4.38646
15.2307 4.57996
1.28095 4.72922
-1.51979 4.3209
0.267395 3.9073
-0.332675 4.20889
-0.271802 3.72868
-1.73552 5.08889
-0.73921 3.5305
-1.54069 4.85485
-1.27771 5.57546
-3.27002 4.70104
-2.68175 4.30733
11.7735 4.94226
2.69589 4.75785
2.10743 4.41607
-1.58528 5.06815
1.20025 4.79783
-0.52499 4.03152
0.373359 3.7739
0.668791 3.94817
-0.379611 3.28122
5.95895 5.12633
-4.20012 4.15503
4.11458 4.27083
0.398241 4.68542
2.02607 4.34311
3.63947 5.20972
2.20095 4.22526
0.465502 4.1204
0.594919 4.3869
-0.751601 4.74814
-1.33475 4.64114
0.413426 4.10065
0.335353 3.83251
0.806378 4.427
1.46149 4.67639
0.730488 4.69338
39.7491 5.49616
-0.707557 4.29836
-1.26997 4.26893
-0.508486 4.80087
1.72201 4.73349
1.73525 4.37585
-7.08841 4.49956
0.350732 3.91847
-11.8706 3.99439
-0.838595 4.65047
-1.72209 4.73803
-0.255621 3.69549
-8.06751 4.30321
-0.380148 3.96491
2.06218 4.48559
-0.428632 3.85579
-13.1343 5.14406
-3.01457 4.66095
-2.125 5.17063
-2.83609 5.63341
-5.85302 6.08933
-3.12411 6.20743
-0.678148 3.85641
-0.740757 4.54716
4.25582 3.77543
-3.42808 4.19406
-0.397213 3.92599
1.476 4.50361
