0.691122 4.07976
0.970783 5.44613
0.502971 4.28361
0.415501 4.64232
0.219407 4.26055
0.42959 4.20042
0.501686 4.98861
0.0614651 4.15085
0.375439 4.4331
0.506329 4.7418
0.594023 5.29411
0.840335 3.93426
0.873411 6.02361
0.331573 4.6668
0.741814 4.03403
0.390619 4.39318
0.433198 4.81207
0.288008 4.14597
0.800088 5.70771
0.788211 4.34364
0.110326 4.3608
0.534213 4.69459
0.0774707 4.09962
0.737883 5.7027
0.656422 4.15101
0.17102 4.1407
0.793671 5.0579
0.251122 4.45153
0.659254 4.69758
0.191151 4.19494
0.423365 4.53219
0.199742 4.16276
0.0635216 4.04976
0.474529 5.10887
0.298897 4.25768
0.366095 4.54394
0.287055 4.29808
1.04726 3.96902
0.658438 4.47615
0.283348 4.32508
0.753134 5.67723
0.205929 4.28329
0.17577 4.27485
0.264578 4.29021
0.361974 4.72361
0.776571 4.43674
0.828337 5.28048
0.830708 4.77373
0.352363 4.53412
0.274394 4.28308
0.361035 4.60321
0.49614 4.62395
0.605156 4.64475
0.239441 4.1977
0.591823 4.04361
0.376813 4.70834
0.775379 3.8254
0.44815 4.14124
0.894632 3.92731
0.432787 4.14562
0.357312 3.87643
0.477937 4.73189
0.400517 4.26214
0.325139 4.2849
0.413774 4.80569
0.38994 5.63554
0.672679 4.33907
0.23938 4.41918
0.368456 4.63367
0.257174 4.40454
0.318504 4.38916
0.853627 4.87433
0.783794 6.27337
0.810999 4.13954
0.498639 3.9119
0.168236 4.22773
0.292679 4.44668
0.705871 4.95798
0.315132 4.26385
0.491832 4.4902
0.886541 4.18744
0.286781 3.93803
0.211953 4.22513
0.679307 4.716
0.238102 4.28056
0.39812 4.17857
0.655944 5.16884
0.400557 4.58099
0.180797 4.03038
0.625763 4.6752
0.197763 4.24288
0.590921 4.9381
0.0980762 4.09166
0.873558 5.2453
0.241037 4.43726
0.381299 4.70528
0.688422 4.06651
0.303144 4.2465
0.170577 4.33683
0.74411 4.19863
0.737014 4.9509
0.57482 4.63058
0.14529 4.0021
0.110673 4.02912
0.659937 3.78711
0.668919 4.21794
0.445709 4.14935
0.834193 4.79717
0.13056 3.90185
0.484686 4.04724
0.35096 4.15906
0.41948 4.08652
1.13177 6.07101
0.269379 4.51156
0.324752 4.55162
0.565133 4.39604
0.626288 4.47648
1.05797 4.86657
1.05416 3.84402
0.402346 4.9947
0.539278 4.91594
0.373605 4.36327
0.16825 4.16885
