-2.35913 344.807
0.948736 409.13
2.63145 235.902
18.8866 334.345
-1.0551 348.253
-0.200491 401.432
315.948 62.8157
3.08665 419.961
0.957965 453.779
-0.732502 369.967
-4.3895 172.994
5.44605 113.785
-1.43442 251.925
-4.25349 352.827
-5.75729 348.794
-2.78886 355.15
-0.616365 378.074
-0.863803 376.639
0.612259 288.23
0.119749 520.293
0.896816 388.284
22.5665 386.801
-87.8505 364.083
-1.65787 249.042
1.13977 239.226
-2.30324 313.139
-1.23152 329.604
0.756847 300.143
-1.39527 366.74
0.932692 340.944
-3.04264 326.904
-1.24483 398.337
-1.23287 407.545
-5.14629 345.446
0.125419 976.115
-0.494036 386.106
-32.7575 332.901
1.01345 212.398
-0.362403 441.081
-5.60618 224.569
0.241487 339.265
-1.13376 318.181
0.417221 339.334
-1.51586 341.634
-1.26584 236.314
1.99756 320.304
10.8205 273.753
-1.48693 380.776
-1.7597 305.855
3.92781 238.672
4.83122 379.16
-4.21064 169.648
0.170537 390.284
0.976969 421.414
-0.338247 391.752
0.00872157 521.099
-0.643361 453.432
-5.82545 375.171
-0.450256 337.596
1.11362 365.288
1.13315 240.602
1.47103 469.517
-3.04681 324.525
-10.7609 346.233
-0.42962 354.441
0.346893 456.526
8.88426 245.96
0.638503 354.576
0.537417 364.042
-0.916938 331.903
0.643806 410.048
4.57386 224.606
-1.09129 328.648
1.10482 359.178
-1.60968 350.655
15.637 317.543
6.16962 329.704
-0.847466 357.044
-9.94664 325.989
-5.48567 368.166
2.52859 394.291
0.740586 340.636
13.9671 376.028
-3.55023 329.38
0.446368 403.583
0.862743 329.555
-0.975354 347.994
0.585872 278.638
-0.716669 364.955
0.094125 465.675
-0.541173 289.358
-0.634312 130.213
0.970235 347.094
1.64464 342.72
0.648996 85.725
0.169428 364.176
1.31041 322.307
-5.77714 251.76
0.477017 446.918
3.0729 211.984
10.2861 401.927
-1.62803 322.763
4.54926 326.264
0.120192 400.894
2.7328 319.961
1.68979 184.674
0.275121 463.404
0.605163 384.071
0.558904 361.18
0.992395 353.1
0.823978 353.416
-2.88977 401.55
-1.26053 329.057
-46.9815 323.49
-0.987808 221.936
1.64529 356.106
-10.0638 325.416
-3.58799 359.996
-1.8411 291.709
4.25398 58.5178
0.866322 359.198
-1.16452 316.417
-0.284802 391.716
0.280362 389.521
-1.08454 305.577
42.4819 268.579
