-2.35913 446.556
0.948736 400.801
2.63145 504.567
18.8866 403.964
-1.0551 577.069
-0.200491 219.813
315.948 550.37
3.08665 622.647
0.957965 593.887
-0.732502 546.441
-4.3895 397.053
5.44605 421.908
-1.43442 581.905
-4.25349 609.347
-5.75729 463.085
-2.78886 577.416
-0.616365 393.229
-0.863803 1362.76
0.612259 325.919
0.119749 225.958
0.896816 850.234
22.5665 618.513
-87.8505 536.075
-1.65787 455.319
1.13977 332.902
-2.30324 656.238
-1.23152 476.938
0.756847 563.046
-1.39527 633.275
0.932692 754.339
-3.04264 461.341
-1.24483 395.857
-1.23287 501.77
-5.14629 558.767
0.125419 210.123
-0.494036 1063.1
-32.7575 463.501
1.01345 304.625
-0.362403 305.579
-5.60618 594.533
0.241487 272.064
-1.13376 493.132
0.417221 304.325
-1.51586 456.289
-1.26584 447.748
1.99756 635.434
10.8205 468.779
-1.48693 449.925
-1.7597 474.07
3.92781 711.178
4.83122 551.324
-4.21064 380.648
0.170537 289.397
0.976969 519.853
-0.338247 1825.06
0.00872157 256.84
-0.643361 418.945
-5.82545 622.012
-0.450256 1123.42
1.11362 1258.62
1.13315 391.609
1.47103 466.826
-3.04681 505.126
-10.7609 414.788
-0.42962 853.827
0.346893 583.693
8.88426 707.696
0.638503 680.955
0.537417 401.68
-0.916938 404.88
0.643806 500.349
4.57386 415.705
-1.09129 618.394
1.10482 433.796
-1.60968 561.351
15.637 367.052
6.16962 342.067
-0.847466 340.896
-9.94664 426.83
-5.48567 503.235
2.52859 550.369
0.740586 332.997
13.9671 547.411
-3.55023 420.454
0.446368 389.159
0.862743 338.586
-0.975354 424.182
0.585872 371.882
-0.716669 768.825
0.094125 242.886
-0.541173 543.105
-0.634312 270.771
0.970235 483.346
1.64464 523.413
0.648996 366.163
0.169428 1069.83
1.31041 481.959
-5.77714 628.07
0.477017 745.255
3.0729 423.746
10.2861 565.885
-1.62803 408.68
4.54926 497.941
0.120192 671.682
2.7328 404.096
1.68979 497.961
0.275121 221.935
0.605163 414.956
0.558904 306.734
0.992395 298.227
0.823978 395.571
-2.88977 649.362
-1.26053 317.169
-46.9815 420.101
-0.987808 483.114
1.64529 739.527
-10.0638 471.95
-3.58799 550.859
-1.8411 479.624
4.25398 464.415
0.866322 345.746
-1.16452 377.343
-0.284802 314.357
0.280362 470.8
-1.08454 742.915
42.4819 435.515
