0.212827 320.708
1.41443 249.097
1.42695 324.5
0.783934 440.855
0.16774 316.834
0.403338 295.64
0.872956 531.913
0.683022 363.619
0.41482 349.695
0.264629 323.69
0.204939 320.936
0.562729 373.434
0.734319 71.9474
0.522956 362.915
0.299485 331.358
0.656673 417.055
0.474436 349.658
0.658959 45.1998
0.619682 391.897
0.803942 437.594
0.244511 324.88
0.586583 378.568
0.391506 340.55
0.457283 354.052
0.646925 377.565
0.134866 315.132
0.296609 329.926
0.699024 366.455
0.570288 227.472
0.336438 334.115
0.742424 429.107
0.366877 330.456
0.304261 327.443
0.605996 391.564
0.561363 366.061
0.547122 385.726
1.2397 847.512
1.0728 503.964
0.549429 228.441
0.843052 277.646
