0.212827 4.18179
1.41443 3.84786
1.42695 4.94593
0.783934 4.02619
0.16774 4.1565
0.403338 4.56104
0.872956 4.04067
0.683022 5.1935
0.41482 4.00451
0.264629 4.06682
0.204939 4.15436
0.562729 4.00804
0.734319 5.26378
0.522956 4.71507
0.299485 4.06093
0.656673 5.18593
0.474436 4.32186
0.658959 3.67539
0.619682 4.91925
0.803942 4.19448
0.244511 4.13643
0.586583 4.70907
0.391506 4.29209
0.457283 4.38683
0.646925 4.77156
0.134866 4.06168
0.296609 4.27867
0.699024 5.29653
0.570288 4.79298
0.336438 4.26821
0.742424 4.15914
0.366877 4.24369
0.304261 4.24168
0.605996 4.3403
0.561363 3.82579
0.547122 4.78452
1.2397 3.96703
1.0728 4.06197
0.549429 4.36895
0.843052 5.33421
