0.476583 488.061
0.450104 417.184
0.816435 261.061
0.201727 362.933
0.994209 552.76
0.370965 560.748
0.865204 384.699
0.907465 365.209
0.61483 739.096
0.695212 431.454
0.370683 760.589
1.43608 460.503
1.32949 516.829
0.457306 468.646
1.1526 617.352
0.505646 354.203
0.363167 354.841
0.676042 686.465
0.435087 487.345
0.744508 473.698
0.255643 431.684
0.378575 906.656
0.979428 259.89
0.543706 339.476
0.354434 451.972
0.42762 472.062
0.533317 571.416
0.654588 660.658
0.709192 472.522
0.852533 249.493
0.459701 548.698
0.561704 337.172
0.332876 439.73
0.483963 450.987
0.82258 344.043
0.575261 454.95
0.732168 495.948
0.585694 553.254
0.4963 762.593
0.332713 654.717
0.472358 454.438
0.941032 525.366
0.821294 596.383
0.220989 488.866
0.172011 408.993
0.187343 470.608
0.896612 232.106
1.21603 279.944
0.41448 540.406
0.554533 704.219
0.357531 490.05
0.966509 227.763
0.884222 545.573
0.416872 382.044
0.750246 622.411
0.294654 306.841
0.893305 350.688
0.276385 371.571
0.316059 339.196
1.20984 539.147
0.998733 282.987
0.633301 376.919
0.667331 576.745
0.405976 525.681
0.656089 404.654
0.566742 329.623
0.830231 344.615
0.346352 501.888
0.460942 552.307
0.683878 329.556
0.746816 728.679
1.013 735.266
0.679423 490.259
0.76246 318.184
0.269333 414.179
0.262021 468.622
0.868921 412.008
0.807455 250.857
0.764924 401.096
1.02138 421.825
0.421459 595.064
0.638662 432.145
0.243904 374.845
1.2726 442.963
0.625697 550.107
0.595744 431.202
0.412598 495.099
0.306111 400.035
0.800957 1038.24
1.0935 354.402
0.243165 442.508
1.0109 653.958
0.308859 443.012
0.793936 391.382
0.24038 357.417
0.569771 313.905
0.471796 354.501
0.422354 428.69
0.581195 461.179
0.293162 587.781
0.840244 472.62
0.77625 463.954
0.578591 280.966
0.548346 644.883
0.134943 306.599
0.471172 845.262
0.800174 588.277
0.50749 504.17
0.361012 430.687
0.60049 565.931
0.436119 678.945
1.06067 391.62
0.464968 860.409
0.522201 587.496
0.371947 616.812
0.644108 248.595
0.390078 344.14
0.148317 242.611
0.620837 559.359
0.278467 448.892
0.337979 438.482
0.804974 971.429
0.365093 501.155
0.590805 593.49
0.380665 393.162
0.667011 386.819
1.20848 336.309
0.668726 491.913
0.457812 538.814
0.456659 656.326
0.625596 295.771
0.778177 364.878
0.564977 495.333
0.922388 360.2
0.743783 637.082
0.48421 421.209
0.48572 380.844
0.744795 873.045
0.552273 500.45
0.532468 405.149
0.413191 519.148
0.832737 312.176
0.187966 432.814
0.872278 494.818
0.59991 478.434
0.99575 239.585
0.288803 472.853
0.836084 323.139
0.475568 456.521
0.681169 276.071
0.674737 591.141
0.512825 529.904
0.519943 779.788
0.699562 666.458
1.16575 552.568
0.964425 647.503
0.58652 462.509
0.565914 456.731
0.158155 425.01
0.221504 413.116
0.567273 379.744
0.619262 409.44
