0.39906 4.33033
0.913821 4.58589
0.557852 5.09241
0.38333 4.26776
0.44445 4.47617
0.702811 3.3476
0.977701 6.14207
0.728371 5.46156
0.86961 5.09989
0.56843 4.63233
1.27573 4.55988
0.691107 5.00216
0.984873 5.76225
0.455049 4.74273
0.4156 4.4827
0.510493 4.89355
0.593723 4.08671
0.581462 6.41471
0.840436 4.29657
0.864673 3.39711
0.638647 5.17959
0.753012 5.45254
0.515917 4.71204
1.38077 5.26001
0.379988 4.13496
0.447683 4.69689
0.295522 4.17078
1.05916 4.90447
0.538945 4.91499
0.396576 4.55716
0.263213 4.25693
0.708801 4.47697
0.689922 4.28238
0.37804 4.52028
1.29171 3.39953
0.569611 5.00642
0.305786 4.3256
0.698096 4.22346
0.773471 3.9398
0.527399 5.13966
1.02668 3.81089
0.893854 5.2615
1.07546 3.99762
0.421109 4.35903
0.507232 4.68148
0.771886 5.8062
0.45308 4.49402
0.583692 4.60419
0.300493 4.19719
0.973326 6.72805
0.576433 4.91074
0.359111 4.31211
0.846812 3.63349
0.924657 4.91626
0.617722 5.34789
0.58579 3.64155
0.842138 4.30969
0.59079 4.93843
0.311835 4.56944
0.501555 5.95768
0.667876 4.54409
0.741565 4.80151
0.254637 4.20398
0.438011 4.4413
0.485068 4.4853
0.834311 4.21083
1.01787 7.10029
0.441938 4.36926
0.588208 4.13246
0.337088 3.95633
0.711616 4.48631
0.57701 4.5723
0.293663 4.35202
0.597679 4.4258
0.479808 4.65529
0.144068 3.87401
0.283797 4.02347
0.477408 4.04439
0.257264 4.17114
0.542706 4.71172
0.687945 5.04197
0.361805 3.88552
0.560995 4.83418
0.242114 4.27454
0.646331 4.0294
0.691255 4.32932
0.908069 4.65356
0.360761 3.9619
0.51276 4.92824
0.861167 3.36359
1.31104 4.39131
0.916758 4.21843
0.442107 4.35279
0.420205 4.48579
0.848213 4.46215
0.608475 4.24232
0.187218 4.11399
0.55562 5.05715
0.824352 4.62654
0.462788 4.43411
0.73171 5.19831
0.247772 4.04139
0.476698 4.74767
0.693647 3.70684
0.336685 4.1192
0.66023 5.20658
0.81072 3.65493
0.651822 4.33627
0.532408 3.96254
0.358095 3.96916
0.42786 4.20443
0.657872 5.20623
0.354855 3.8952
0.234464 4.12111
0.632426 4.86915
0.485762 4.90324
0.291772 4.24928
0.486614 4.76056
0.599768 4.78121
0.324107 4.45925
0.514417 4.20282
0.186867 3.82214
0.894676 3.85447
0.666167 3.83664
0.515535 5.04011
0.366039 4.53458
