0.518227 4.07976
-2.70688 5.44613
0.913316 4.28361
-1.70385 4.64232
-inf 4.26055
-0.533804 4.20042
1.59785 4.98861
-0.514246 4.15085
1.16343 4.4331
-1.27048 4.7418
0.582865 5.29411
-0.495154 3.93426
-209.308 6.02361
1.72237 4.6668
0.163158 4.03403
-21.3408 4.39318
0.998048 4.81207
3.73029 4.14597
-9.92784 5.70771
0.347594 4.34364
0.365152 4.3608
0.572055 4.69459
0.00216877 4.09962
34.2151 5.7027
-0.297475 4.15101
0.641457 4.1407
4.51286 5.0579
0.516031 4.45153
13.0975 4.69758
-0.967151 4.19494
0.613648 4.53219
-7.17094 4.16276
-0.466578 4.04976
5.16207 5.10887
-1.00323 4.25768
10.7948 4.54394
0.462708 4.29808
0.211605 3.96902
0.21412 4.47615
-389.83 4.32508
-3.2656 5.67723
3.24721 4.28329
-0.779597 4.27485
-1.58298 4.29021
-0.615299 4.72361
0.327316 4.43674
-2.66243 5.28048
0.982675 4.77373
-5.21042 4.53412
0.140225 4.28308
-2.07308 4.60321
-1.71764 4.62395
-2.34817 4.64475
0.187615 4.1977
-0.0285667 4.04361
2.73082 4.70834
-0.107428 3.8254
0.39036 4.14124
1.41571 3.92731
-0.0628463 4.14562
-0.217009 3.87643
-2.96887 4.73189
0.140334 4.26214
0.445304 4.2849
-21.7897 4.80569
1.17252 5.63554
0.325761 4.33907
34.3628 4.41918
-6.86294 4.63367
-0.369468 4.40454
4.11197 4.38916
-1.1422 4.87433
14.7241 6.27337
0.606346 4.13954
0.387095 3.9119
-0.49056 4.22773
1.34902 4.44668
1.10333 4.95798
-0.889379 4.26385
0.492867 4.4902
0.618794 4.18744
-0.268488 3.93803
2.04055 4.22513
0.696283 4.716
-1.9371 4.28056
3.63688 4.17857
3.46164 5.16884
-4.70931 4.58099
-26.8858 4.03038
-11.8715 4.6752
1.79744 4.24288
0.272425 4.9381
0.114021 4.09166
1.75809 5.2453
2.07267 4.43726
17.1029 4.70528
-0.527933 4.06651
1.41634 4.2465
-1.63599 4.33683
0.334046 4.19863
0.211985 4.9509
-0.463133 4.63058
2.32276 4.0021
-1.12033 4.02912
0.0504399 3.78711
0.689762 4.21794
-0.555637 4.14935
-1.06584 4.79717
10.1567 3.90185
-0.172993 4.04724
-0.809089 4.15906
0.312608 4.08652
-9.20318 6.07101
1.41544 4.51156
-1.81168 4.55162
0.557847 4.39604
-6.61707 4.47648
0.747085 4.86657
-0.138726 3.84402
-0.652876 4.9947
-0.414035 4.91594
0.317105 4.36327
-0.425749 4.16885
1.80493 4.25715
-1.03828 4.95481
2.9633 4.436
0.682706 4.27121
-0.0364732 4.11533
0.356948 4.75743
-0.604429 4.50237
-2.40474 4.5933
3.6203 4.33147
0.959738 4.48913
0.342133 4.3567
-0.217141 3.7091
-12.3898 4.30443
-1.70414 4.22889
80.1957 5.93559
5.52889 4.40202
-5.09607 4.54295
-0.413879 3.95216
0.221624 4.16679
0.802751 4.06966
0.264025 4.1141
-0.272752 3.97771
0.103688 4.16517
-1.00419 4.52382
0.382752 4.14604
-2.41259 4.44625
3.33245 4.67911
-0.154973 3.87635
-0.508143 4.4961
0.341925 4.25279
-1.02573 4.75326
-1.50177 4.26368
0.631763 4.52024
-1.14393 3.91001
6.60635 6.38134
1.70046 4.39811
-0.623172 4.25163
-0.496286 4.19677
0.155325 4.15985
-4.57776 4.35141
0.558865 4.08966
-6.67763 4.01214
-0.644291 4.1021
1.79212 4.72413
-0.139463 4.14563
0.3468 5.19726
0.244531 4.14683
0.614341 4.05215
-0.141649 4.02608
-0.148706 4.10713
7.61763 4.64428
0.127756 4.12455
0.81656 3.99152
0.763437 4.17348
-0.199825 4.02516
-0.0472109 4.13508
-0.534595 4.58601
10.6052 4.31631
1.07966 4.33844
-0.0985129 4.05438
20.2626 4.65648
-2.7718 4.30875
5.55553 4.66545
0.527429 4.85494
54.4989 4.58618
-6.57184 4.00207
-2.19062 4.52138
-0.805255 4.18426
5.86623 4.48754
-0.727889 4.028
0.586521 4.10318
43.1055 4.42026
-1.86194 4.13734
2.50624 4.81385
0.132121 3.75053
-0.0935037 3.75253
0.080111 3.99293
-0.138134 3.82723
1.57138 4.1719
1.87987 4.19055
7.57021 4.64337
0.298185 4.3726
0.523877 4.44074
-0.624445 3.95235
-0.0523636 4.01099
-0.20543 3.93378
-0.260951 3.96942
-2.30105 4.64777
4.4672 4.28754
-53.8779 4.28453
-0.197758 4.43641
-1.21743 4.85455
0.0925812 3.91204
0.884573 4.75695
-1.64466 4.35483
-1.84195 4.08839
2.48541 5.04484
-1.39823 3.84723
0.450205 4.27322
0.336815 4.00255
-0.525423 4.17183
-1.76851 4.123
-0.425394 3.8932
1.08713 4.96203
-0.740817 4.08655
-0.766493 4.61833
0.226797 4.12893
-11.5083 4.78288
-1.93444 4.91712
-0.114045 4.40377
1.5873 5.07037
-0.812673 4.29958
5.90983 4.31965
-1.30739 4.12177
-0.335465 4.43842
0.387189 3.95343
-0.95433 4.19252
11.275 5.74523
-0.0688606 3.986
-3.26089 4.46124
-1.85114 4.15311
-1.74099 4.046
-0.502739 4.40337
1.26166 4.28166
0.581486 4.1789
2.91056 5.56428
-1.4901 5.1538
0.204458 4.21725
0.666908 5.7612
0.129145 4.04884
1.87851 5.1725
0.565217 4.14222
14.0551 6.34605
-0.421355 3.83302
-0.186098 4.21711
-6.86528 5.03408
0.430206 4.20935
0.394514 3.98426
-0.379137 3.99283
1.35423 4.65489
0.248285 4.09974
-1.00838 4.37331
-49.2281 3.97599
11.1095 6.77311
0.495907 3.9866
0.768384 4.4571
0.810071 4.11635
-0.388557 4.12821
0.187108 4.16592
0.881998 4.25607
0.865137 4.43811
10.7861 4.42307
-0.279989 4.2134
1.7573 4.64006
-4.50404 4.70513
0.89066 4.10852
-0.812033 4.2383
-0.166299 4.14621
3.48267 3.86124
-0.246527 4.07443
-1.00181 4.95234
-2.32721 5.1876
-0.048902 4.08181
-0.431361 4.05649
-1.29497 4.30503
10.4211 4.86073
-0.901337 3.95274
-1.09897 6.19321
0.165181 4.32759
0.582403 4.54559
1.19717 4.50823
0.970376 5.4261
-0.645909 4.08241
0.295312 4.27229
-0.558249 4.16187
1.19914 4.08673
-0.708883 3.96738
-0.0499278 3.74464
-6.3197 4.3243
0.838637 5.29615
1.26806 4.33251
1.29902 3.97848
-0.294975 4.06883
1.23075 4.43152
-0.931763 4.98456
0.0813979 3.97962
-1.64049 4.34525
-2.59494 4.41482
1.50693 3.78238
0.126161 3.35842
0.0967693 4.12604
641.25 4.18337
0.524935 4.19812
-0.179337 4.00798
