-2.35913 446.556
0.948736 400.801
2.63145 504.567
18.8866 403.964
-1.0551 577.069
-0.200491 219.813
315.948 550.37
3.08665 622.647
0.957965 593.887
-0.732502 546.441
-4.3895 397.053
5.44605 421.908
-1.43442 581.905
-4.25349 609.347
-5.75729 463.085
-2.78886 577.416
-0.616365 393.229
-0.863803 1362.76
0.612259 325.919
0.119749 225.958
0.896816 850.234
22.5665 618.513
-87.8505 536.075
-1.65787 455.319
1.13977 332.902
-2.30324 656.238
-1.23152 476.938
0.756847 563.046
-1.39527 633.275
0.932692 754.339
-3.04264 461.341
-1.24483 395.857
-1.23287 501.77
-5.14629 558.767
0.125419 210.123
-0.494036 1063.1
-32.7575 463.501
1.01345 304.625
-0.362403 305.579
-5.60618 594.533
0.241487 272.064
-1.13376 493.132
0.417221 304.325
-1.51586 456.289
-1.26584 447.748
1.99756 635.434
10.8205 468.779
-1.48693 449.925
-1.7597 474.07
3.92781 711.178
4.83122 551.324
-4.21064 380.648
0.170537 289.397
0.976969 519.853
-0.338247 1825.06
0.00872157 256.84
-0.643361 418.945
-5.82545 622.012
-0.450256 1123.42
1.11362 1258.62
1.13315 391.609
1.47103 466.826
-3.04681 505.126
-10.7609 414.788
-0.42962 853.827
0.346893 583.693
8.88426 707.696
0.638503 680.955
0.537417 401.68
-0.916938 404.88
0.643806 500.349
4.57386 415.705
-1.09129 618.394
1.10482 433.796
-1.60968 561.351
15.637 367.052
6.16962 342.067
-0.847466 340.896
-9.94664 426.83
-5.48567 503.235
2.52859 550.369
0.740586 332.997
13.9671 547.411
-3.55023 420.454
0.446368 389.159
0.862743 338.586
-0.975354 424.182
0.585872 371.882
-0.716669 768.825
0.094125 242.886
-0.541173 543.105
-0.634312 270.771
0.970235 483.346
1.64464 523.413
0.648996 366.163
0.169428 1069.83
1.31041 481.959
-5.77714 628.07
0.477017 745.255
3.0729 423.746
10.2861 565.885
-1.62803 408.68
4.54926 497.941
0.120192 671.682
2.7328 404.096
1.68979 497.961
0.275121 221.935
0.605163 414.956
0.558904 306.734
0.992395 298.227
0.823978 395.571
-2.88977 649.362
-1.26053 317.169
-46.9815 420.101
-0.987808 483.114
1.64529 739.527
-10.0638 471.95
-3.58799 550.859
-1.8411 479.624
4.25398 464.415
0.866322 345.746
-1.16452 377.343
-0.284802 314.357
0.280362 470.8
-1.08454 742.915
42.4819 435.515
-1.99501 647.703
7.10294 789.586
0.385713 756.48
0.24266 414.845
0.490963 251.917
17.5816 515.137
9.25056 542.934
0.375253 740.209
-1.63858 415.889
-2.16352 448.766
1.16903 346.322
9.32381 570.569
3.3018 411.895
2.00412 380.754
0.356662 270.13
1.68329 379.107
-1.21432 361.958
-1.18689 317.149
1.35604 656.357
0.753045 319.303
1.44615 506.702
-1.31807 318.426
-0.329965 685.786
0.869607 342.018
1.16206 465.883
2.57084 627.194
0.795993 822.999
-1.79758 317.779
1.05274 947.233
-0.574231 305.739
2.00165 635.984
53.086 511.363
-6.89897 605.37
13.1755 520.132
-11.5778 460.662
0.76939 534.352
0.379983 335.493
0.345048 540.917
-4.1259 492.85
0.824843 485.84
-2.21408 566.403
-0.8506 381.025
3.78546 461.041
1.72047 361.652
-0.249528 232.246
1.49594 567.332
1.02799 487.793
0.595551 766.164
3.00736 538.13
1.07837 464.809
-0.349364 251.422
3.39047 677.732
0.281771 868.988
1.35632 338.779
-0.741025 710.561
-12.434 462.85
0.64817 280.022
-0.843049 498.826
-4.68449 557.505
-3480.88 432.876
-0.614006 358.051
-2.55233 921.952
0.329391 728.387
-1.70541 366.229
2.00038 406.606
0.440311 301.64
-0.671893 301.047
7.07116 561.576
-0.640804 493.229
2.27809 413.381
-0.662095 1088.77
-0.421601 237.544
1.92214 401.919
-1.12283 358.165
1.55145 360.355
2.07094 394.025
-1.2674 466.377
0.582436 700.601
-12.8731 539.583
2.49326 405.94
0.624462 507.658
1.2683 392.476
-0.612587 271.64
0.895251 292.154
-0.570122 326.433
0.800968 305.822
8.36166 473.514
-0.445045 488.199
-0.998743 472.693
1.94668 834.788
11.4551 751.223
0.515561 1218.88
2.42448 737.756
3.94761 385.726
-2.20681 724.4
1.03326 500.336
6.6168 411.564
5.39012 449.979
3.27265 761.111
3.12357 415.054
0.542693 271.933
2.73913 638.063
2.15843 345.665
0.890054 444.562
-0.361016 244.067
-0.392309 295.814
-0.503701 275.087
-0.571186 602.297
-0.766634 556.633
-1.191 446.036
4.87098 475.962
-0.355577 403.494
0.956827 477.989
-0.864688 874.295
1.52352 425.282
-0.744224 411.853
-0.335385 792.745
1.03332 352.044
1.70516 437.098
-1.2335 513.828
1.56594 549.916
2.5625 438.127
-1.58046 489.742
2.7536 546.931
0.662812 328.915
0.921714 398.98
0.176655 260.004
-2.92841 440.372
-2.59295 432.364
-0.584967 354.357
1.59415 387.34
0.613342 246.243
6.24509 509.088
1.82295 393.374
0.141249 193.022
-6.3646 429.647
26.1757 572.145
0.575932 300.158
-0.232028 426.791
0.344882 287.844
0.541683 212.088
0.823413 830.312
5.1053 488.745
-1.44426 326.891
1.58557 390.491
-0.95772 457.872
0.405386 421.529
-0.451551 839.564
0.2882 424.305
-0.70818 313.378
0.93322 486.253
0.968488 541.94
-1.75832 382.602
-3.42639 547.241
0.935686 433.382
-1.82717 706.633
0.795604 564.697
-1.4783 362.657
2.19982 376.63
0.86773 512.271
-6.10243 437.059
-0.468398 662.93
-0.603166 393.879
-1.85747 599.031
7.5835 554.13
1.13179 370.623
1.02629 719.348
-2.2449 467.452
-157.049 596.635
-0.414633 765.947
0.970219 405.79
0.924353 420.129
-0.533269 497.587
-1.25442 440.442
4.17899 438.015
-0.331526 439.953
-0.735128 260.696
5.70024 409.57
1.57066 433.12
0.581633 351.228
-77.3421 737.258
-2.91319 781.33
-0.912496 1040.48
-0.349012 219.905
-3.21351 550.946
-2.71008 378.513
0.684751 359.538
2.72493 457.084
-8.30316 488.894
-2.678 448.121
1.27048 369.347
-1.33552 590.523
23.0446 609.833
-3.36243 835.24
1.9341 408.553
0.756055 366.83
3.25854 505.877
-6.88792 486.835
-0.687568 492.835
0.4028 321.983
-0.338064 555.674
14.2837 512.003
0.670824 437.926
-0.943505 452.532
-0.24791 713.767
0.304708 279.793
-2.46597 611.389
-2.33614 420.705
-0.499288 278.287
2.43894 521.719
3.11111 410.057
6.21614 602.003
0.693372 391.493
-1.54072 448.466
-2.53606 414.773
1.38384 1308.21
4.28436 702.683
4.44045 488.258
0.748193 354.078
2.45941 622.38
1.15351 296.449
-17.3078 466.856
-4.23324 450.642
-1.64466 427.708
-1.79844 393.61
0.839711 332.63
0.844795 496.019
0.954526 558.395
7.90489 478.807
-0.509182 813.523
0.295666 204.348
4.00566 403.492
0.813718 445.615
229.244 541.782
0.761943 965.926
-1.89322 377.958
-0.888821 534.072
-1.8939 963.539
-0.705913 347.679
0.527173 316.08
1.18078 1572.61
1.31051 499.323
0.493155 413.931
-3.92788 557.456
-1.96685 423.703
1.38605 357.854
0.373176 641.694
-1.02652 468.633
0.926091 398.426
-0.491852 317.96
1.60927 476.496
0.615595 808.468
2.29139 459.535
1.20138 569.639
-1.06714 406.222
-1.9326 422.898
-10.3732 721.61
-1.41956 648.841
-0.264788 264.985
1.06177 438.168
0.21505 209.853
6.87861 743.551
-0.00304921 474.254
0.275822 224.73
-1.59835 417.823
5.00478 383.352
-0.997115 456.184
0.132046 584.697
3.59821 432.655
0.961371 483.15
0.876978 540.144
1.80002 312.701
0.172747 352.695
-0.761396 1086.09
0.253946 198.331
0.881412 320.815
-0.407302 630.53
-0.541721 499.106
1.02131 347.584
-0.919386 572.48
4.56974 539.491
0.653571 669.266
-3.89764 631.133
-0.714625 517.309
-2.42322 400.248
1.10957 373.867
-1.8217 373.332
0.303185 449.694
2.75688 499.818
1.21891 567.325
-5.04098 468.363
2.45947 445.143
2.65914 494.119
1.18988 410.124
2.3649 600.956
-1.20743 606.746
1.6086 363.307
0.395241 280.294
0.545803 376.796
-0.757549 430.499
-0.769608 423.064
1.15226 784.868
2.18915 451.007
-1.79906 404.232
-8.90549 444.549
-0.907683 334.677
2.59245 711.533
2.11157 625.255
-0.755382 310.951
3.91469 551.96
1.12946 387.293
0.443215 312.275
-1.71076 486.535
-62.1857 502.627
3.88687 455.17
0.674933 346.1
4.42944 482.661
3.50902 534.528
0.482446 440.526
0.525639 423.874
16.2096 478.352
-1.46396 371.445
-1.37219 404.735
0.292032 394.28
1.43854 609.694
-0.604381 530.841
-0.827231 781.367
1.20848 406.202
3.21062 401.883
-1.28935 528.294
-0.49012 615.991
-2.57785 582.125
1.04889 454.546
8.25307 510.521
-0.900267 1452
0.277242 230.481
2.94798 814.251
-0.435215 509.525
-2.29222 369.943
1.50609 510.697
2.66062 238.521
1.55139 375.659
0.413048 265.294
2.39303 444.018
-0.783474 365.023
0.421344 253.342
-8.82126 621.718
2.29747 424.531
-27.8611 310.001
8.25307 510.521
-0.900267 1452
0.277242 230.481
2.94798 814.251
-0.435215 509.525
-2.29222 369.943
1.50609 510.697
2.66062 238.521
1.55139 375.659
0.413048 265.294
2.39303 444.018
-0.783474 365.023
0.421344 253.342
-8.82126 621.718
2.29747 424.531
-27.8611 310.001
0.522235 256.132
0.649634 399.145
-2.05706 444.134
0.411653 244.513
1.04731 477.969
4.53503 499.054
-0.659263 420.891
1.51977 482.007
-3.29418 447.676
4.6793 469.137
0.596954 580.072
0.455547 383.474
2.03919 767.668
0.329476 541.879
