0.39906 446.556
0.913821 400.801
0.557852 504.567
0.38333 403.964
0.44445 577.069
0.702811 219.813
0.977701 550.37
0.728371 622.647
0.86961 593.887
0.56843 546.441
1.27573 397.053
0.691107 421.908
0.984873 581.905
0.455049 609.347
0.4156 463.085
0.510493 577.416
0.593723 393.229
0.581462 1362.76
0.840436 325.919
0.864673 225.958
0.638647 850.234
0.753012 618.513
0.515917 536.075
1.38077 455.319
0.379988 332.902
0.447683 656.238
0.295522 476.938
1.05916 563.046
0.538945 633.275
0.396576 754.339
0.263213 461.341
0.708801 395.857
0.689922 501.77
0.37804 558.767
1.29171 210.123
0.569611 1063.1
0.305786 463.501
0.698096 304.625
0.773471 305.579
0.527399 594.533
1.02668 272.064
0.893854 493.132
1.07546 304.325
0.421109 456.289
0.507232 447.748
0.771886 635.434
0.45308 468.779
0.583692 449.925
0.300493 474.07
0.973326 711.178
0.576433 551.324
0.359111 380.648
0.846812 289.397
0.924657 519.853
0.617722 1825.06
0.58579 256.84
0.842138 418.945
0.59079 622.012
0.311835 1123.42
0.501555 1258.62
0.667876 391.609
0.741565 466.826
0.254637 505.126
0.438011 414.788
0.485068 853.827
0.834311 583.693
1.01787 707.696
0.441938 680.955
0.588208 401.68
0.337088 404.88
0.711616 500.349
0.57701 415.705
0.293663 618.394
0.597679 433.796
0.479808 561.351
0.144068 367.052
0.283797 342.067
0.477408 340.896
0.257264 426.83
0.542706 503.235
0.687945 550.369
0.361805 332.997
0.560995 547.411
0.242114 420.454
0.646331 389.159
0.691255 338.586
0.908069 424.182
0.360761 371.882
0.51276 768.825
0.861167 242.886
1.31104 543.105
0.916758 270.771
0.442107 483.346
0.420205 523.413
0.848213 366.163
0.608475 1069.83
0.187218 481.959
0.55562 628.07
0.824352 745.255
0.462788 423.746
0.73171 565.885
0.247772 408.68
0.476698 497.941
0.693647 671.682
0.336685 404.096
0.66023 497.961
0.81072 221.935
0.651822 414.956
0.532408 306.734
0.358095 298.227
0.42786 395.571
0.657872 649.362
0.354855 317.169
0.234464 420.101
0.632426 483.114
0.485762 739.527
0.291772 471.95
0.486614 550.859
0.599768 479.624
0.324107 464.415
0.514417 345.746
0.186867 377.343
0.894676 314.357
0.666167 470.8
0.515535 742.915
0.366039 435.515
