-2.18169 360.63
0.0690573 188.016
-1.3358 566.583
0.237804 285.946
-3.57948 364.528
1.92617 401.022
-0.293595 302.636
2.25173 550.043
-0.630752 252.481
-1.17017 317.8
-1.63142 398.76
0.408069 277.525
-1.61561 433.055
1.94674 507.973
1.6877 346.746
2.52262 506.804
1.15425 373.483
0.626353 349.14
1.09521 459.983
-1.19297 418.071
2.8529 344.618
0.846316 520.648
-5.05606 408.905
4.42367 533.894
-11.7207 486.943
1.07359 374.101
-3.19839 469.572
-2.55916 614.855
-6.56494 490.577
-2.04503 414.862
0.439404 309.871
-17.2053 374.023
-1.90489 408.726
-0.55998 371.521
-0.109343 367.003
4.64472 479.738
0.228154 261.835
0.326032 309.613
-8.46265 400.781
1.29778 434.768
