0.691122 312.98
0.970783 528.277
0.502971 377.958
0.415501 488.481
0.219407 465.764
0.42959 421.99
0.501686 548.663
0.0614651 469.782
0.375439 451.215
0.506329 543.195
0.594023 798.78
0.840335 276.036
0.873411 653.852
0.331573 524.278
0.741814 274.129
0.390619 509.787
0.433198 531.931
0.288008 397.79
0.800088 709.435
0.788211 601.077
0.110326 708.055
0.534213 764.109
0.0774707 433.708
0.737883 638.859
0.656422 321.83
0.17102 374.944
0.793671 451.154
0.251122 631.941
0.659254 499.055
0.191151 382.729
0.423365 454.017
0.199742 379.974
0.0635216 364.954
0.474529 517.204
0.298897 422.569
0.366095 459.993
0.287055 548.039
1.04726 317.695
0.658438 470.532
0.283348 445.666
0.753134 613.647
0.205929 491.008
0.17577 490.039
0.264578 390.139
0.361974 538.728
0.776571 553.687
0.828337 570.682
0.830708 412.023
0.352363 466.664
0.274394 680.889
0.361035 473.504
0.49614 511.321
0.605156 480.549
0.239441 343.703
0.591823 395.296
0.376813 566.953
0.775379 542.249
0.44815 309.828
0.894632 337.837
0.432787 330.673
0.357312 454.338
0.477937 476.303
0.400517 459.682
0.325139 673.818
0.413774 516.853
0.38994 843.125
0.672679 419.27
0.23938 443.314
0.368456 496.082
0.257174 671.595
0.318504 528.618
0.853627 435.994
0.783794 685.12
0.810999 293.713
0.498639 300.938
0.168236 542.137
0.292679 583.865
0.705871 528.481
0.315132 376.842
0.491832 441.311
0.886541 325.221
0.286781 311.275
0.211953 384.626
0.679307 459.287
0.238102 437.524
0.39812 424.226
0.655944 501.331
0.400557 531.761
0.180797 384.905
0.625763 505.856
0.197763 485.757
0.590921 678.379
0.0980762 373.082
0.873558 620.512
0.241037 604.607
0.381299 509.717
0.688422 282.071
0.303144 436.892
0.170577 481.033
0.74411 301.536
0.737014 929.697
0.57482 473.701
0.14529 317.139
0.110673 372.602
0.659937 260.751
0.668919 311.935
0.445709 348.051
0.834193 361.674
0.13056 383.223
0.484686 296.126
0.35096 358.198
0.41948 292.409
1.13177 580.717
0.269379 671.739
0.324752 486.415
0.565133 410.912
0.626288 454.789
1.05797 521.077
1.05416 276.375
0.402346 527.534
0.539278 597.401
0.373605 586.863
0.16825 459.5
