1.10111
0.900268
0.373721
0.626753
0.760303
0.545245
0.580752
0.94602
0.587931
1.24293
0.499813
0.962788
0.95535
0.944606
1.09385
0.968606
0.932961
0.792402
1.11617
0.262856
0.603503
1.17724
0.951429
0.836151
1.3539
1.2205
0.665618
0.60426
1.09528
0.632945
0.786661
0.848275
0.894004
0.737902
0.771702
1.0262
1.40267
0.861486
0.816266
0.660686
0.6483
1.13754
0.480984
0.436986
1.03123
1.30262
1.27483
0.85711
0.453629
0.40093
0.886545
0.572818
0.350018
0.552867
1.30524
0.492928
0.595622
0.832713
0.576173
0.81039
0.754664
0.606519
0.941941
0.460416
0.288434
0.269937
0.461323
0.888525
0.608178
1.2232
0.932749
0.800172
0.95338
0.945773
1.17849
0.573733
0.864808
1.42749
1.13648
0.485508
0.985672
0.825652
0.568834
0.398041
1.42959
0.798151
0.554061
0.24405
0.958061
0.361117
0.716145
0.680331
0.628859
1.09282
0.43777
0.887635
0.558662
0.305925
0.516548
0.914252
0.338998
0.756659
0.816616
1.50805
0.525495
0.263893
0.698578
0.904001
0.819135
0.839801
0.411891
0.697288
0.763599
0.683917
0.965534
1.40224
1.20647
0.529671
0.793018
0.659608
0.716613
0.633595
0.462802
0.474905
1.43353
0.615767
0.952611
0.362225
0.979308
0.529194
0.451456
1.037
0.222977
0.740565
0.703671
1.10012
0.426034
1.0658
0.480367
0.695799
0.245781
1.01023
0.393556
1.02107
0.845034
0.735381
0.885674
1.04149
1.05773
0.334474
1.25401
1.53654
0.888865
0.74093
0.945
1.23254
0.555785
0.768048
1.19042
0.319072
0.66336
1.05108
0.626028
0.903503
0.479005
0.843089
0.667069
0.834718
0.529187
0.476539
1.16083
0.807798
0.881282
0.325939
1.02222
0.945694
0.508713
0.886071
0.677514
0.342536
0.454693
0.553597
0.535945
0.940511
0.893851
0.413003
0.987507
0.884813
0.600721
0.561758
1.3813
0.632517
0.141979
0.997488
0.487919
0.570803
1.22941
0.468638
0.486921
0.106096
0.747279
1.01762
0.762514
0.346834
0.748643
0.843341
1.15478
0.974164
0.589344
0.588352
0.7944
0.344663
0.319521
0.564915
1.10746
0.444541
0.153363
0.379017
1.14027
0.341025
0.539144
0.802024
0.66176
1.06161
0.767788
0.941343
1.15006
1.23556
1.08359
0.830341
0.520788
0.778242
0.693266
0.815854
0.554427
0.524548
0.190717
1.06393
0.777203
0.772797
0.41908
0.81712
1.26702
1.24004
0.80268
0.463767
1.08036
0.711229
0.58005
0.429317
0.432133
0.443473
1.12098
1.35007
0.58877
0.361137
1.28515
1.32883
0.490271
1.23215
1.26683
0.996607
1.23039
0.957143
0.882836
0.632433
0.647979
1.47706
0.603984
1.53231
1.01525
0.299326
1.2135
0.652147
0.504405
0.453443
0.385408
0.999299
0.672753
0.845274
1.0358
0.795103
1.42959
0.996748
1.41932
0.584568
0.430884
0.961414
1.06335
0.680801
1.02745
1.33318
0.661403
1.31681
0.707797
1.37689
1.29692
0.839412
1.13544
0.544664
0.950455
1.22561
0.935013
0.874033
0.531186
0.88017
0.520856
0.522788
1.25498
1.17796
0.997769
1.51635
0.90216
0.990266
0.622458
1.16449
0.612434
0.561821
1.14879
0.792291
0.922504
0.992456
0.710469
0.949931
0.815622
1.03707
0.46594
0.496196
0.383847
0.296737
0.293186
1.03471
0.604553
0.939444
0.733057
1.15252
1.53319
0.242046
0.53099
0.863028
1.14031
1.219
0.685069
0.805382
0.926295
1.03802
1.43157
1.09504
0.809663
1.20768
0.414533
0.698408
0.664885
0.470524
1.0577
0.983703
0.372419
0.997802
1.07621
0.210425
1.05997
1.48493
0.948229
1.42318
0.996064
0.790179
0.920755
0.450365
0.830835
0.991967
0.485604
1.37199
0.437843
0.623132
0.572415
0.995413
0.765746
0.444508
1.34593
0.457708
0.863015
0.2412
0.469316
0.830189
0.646234
0.8206
1.37497
0.394422
1.05901
1.2767
0.738266
1.21307
0.976519
0.759281
0.510326
0.638866
0.642994
0.350922
0.778891
0.225011
0.413596
1.12365
0.554205
1.21484
0.318871
0.968915
1.38408
1.05838
0.776614
0.909685
0.777147
0.54598
0.911988
0.610239
1.30129
1.07005
0.572552
0.747121
1.1166
0.835098
0.725604
0.545713
0.476375
1.22281
0.281404
0.31087
0.226465
0.765696
1.2686
0.940334
0.536664
0.377168
0.773442
0.979482
0.385282
0.479299
0.980893
1.35477
0.815403
0.642877
0.306201
1.32847
0.999458
0.831613
0.77584
1.40878
0.756044
0.525339
0.519514
1.43276
1.13328
0.682583
0.925401
1.42366
0.618286
0.167328
0.559658
0.890051
0.448463
0.972167
0.853463
0.773915
0.94754
1.17665
0.873566
0.558467
0.626679
1.43036
0.383871
1.28092
0.351811
1.03828
0.549745
0.64659
0.537703
0.394217
1.33141
0.347978
0.79967
0.375326
0.530916
0.534506
0.861674
0.497358
0.908641
1.50321
0.778552
1.13974
0.579442
1.51782
1.02001
1.10876
0.911039
0.741423
0.461103
0.99395
0.847029
0.94271
0.515792
0.561951
0.665707
0.512562
0.331278
0.470427
0.477215
0.298228
0.78993
0.34446
1.42922
0.559787
0.917611
0.542425
0.613517
0.57163
0.849261
0.764559
0.706299
0.455631
0.486219
0.898819
0.939151
0.788624
0.433073
0.929552
0.991053
1.50668
0.893848
0.701956
1.39801
0.736796
1.09395
1.47587
1.359
0.712168
1.56508
0.738704
0.768348
0.503276
0.849161
0.846588
1.53041
0.96308
0.670181
0.753175
0.579122
0.816023
0.141074
0.930746
1.32986
1.12767
0.444496
0.51441
0.807689
0.219212
0.171059
0.720154
1.0063
0.998008
1.03758
0.988609
0.637017
1.23143
0.744253
0.647288
1.10991
1.08795
0.863011
0.725025
1.13804
1.03381
0.429899
0.936131
0.235802
0.453024
1.20512
0.825934
0.324738
0.988205
1.35669
0.602798
1.04497
0.53932
1.12738
0.940955
1.12716
1.20662
0.426229
0.970851
1.07122
1.09887
0.564137
0.938542
1.30909
0.91762
0.980459
0.387621
1.43936
1.06394
1.13203
0.989747
0.658808
1.00626
0.739565
0.474114
0.597815
0.508018
0.887885
0.737479
0.512123
0.347701
0.280604
0.988611
0.63802
0.641576
1.03538
1.19601
0.678128
0.784782
0.871647
0.947284
0.79586
1.10715
0.94768
0.24416
0.580405
1.01073
0.49921
0.678614
0.511876
1.04612
0.923216
1.19369
0.935725
1.01743
1.25668
0.649267
0.473695
1.08199
0.532226
0.59003
0.660833
0.715758
1.3984
0.421829
0.631239
1.26272
1.50478
0.517829
0.759536
0.440861
0.850336
0.624703
1.06481
0.914546
1.30327
1.03798
0.970517
0.652073
0.464608
0.819727
0.960003
0.657325
1.01959
0.153676
0.603169
0.680094
1.45758
0.52629
0.942479
0.510576
0.506641
1.05186
0.454553
0.548515
1.13791
0.69352
0.827087
0.984478
0.289592
0.878002
1.17501
1.26297
1.14401
0.98122
1.16212
0.583243
0.718739
0.900528
1.04245
0.545769
0.982636
0.820231
0.35473
0.966822
0.566073
1.29366
0.956436
0.443345
0.673646
0.41917
1.39651
0.623717
0.524227
1.29366
1.29178
1.0886
0.487738
0.967694
0.687285
0.742095
0.718783
1.25743
1.48781
0.75622
0.632379
0.780666
0.814513
1.28752
1.15524
0.95177
0.453292
0.497038
0.485879
0.76373
0.569766
1.38731
0.646992
1.07956
0.307403
1.22127
0.935657
1.08288
0.217604
0.599053
1.10881
0.565429
0.0804271
1.16646
0.815494
0.884404
1.35302
0.715592
1.04676
0.952663
1.05851
0.59783
0.578603
0.42035
0.585144
0.856556
1.13011
0.463741
0.368186
1.08798
0.823041
0.95323
1.04621
0.839533
1.01747
1.02651
0.914314
0.884534
0.501503
0.658338
0.637093
1.45001
0.349176
1.30308
0.158164
0.539119
0.433326
0.661866
0.610702
0.947361
1.34792
0.737574
1.48186
0.818644
0.667915
1.15657
0.699701
0.423211
1.04133
1.00942
0.538531
1.12778
1.42867
0.60856
0.49172
0.639957
1.19565
1.1846
0.701937
1.00576
0.775596
0.424844
1.26573
1.16332
1.4196
1.1168
0.487074
1.13171
0.559967
1.04947
1.31532
0.403237
0.399075
0.335514
0.650834
0.892186
0.596339
1.29899
0.500562
0.109797
1.23727
1.03345
1.30962
0.75259
0.638289
1.0529
0.831085
0.485258
1.12007
0.68934
0.774181
1.03281
0.735508
0.473491
0.661291
0.608686
1.12832
1.36033
1.21445
1.25077
0.483386
0.85477
1.06171
0.754025
0.969658
0.313495
1.07053
1.33244
1.24029
1.31344
1.03554
0.777286
1.50224
0.457235
1.3664
0.284505
0.400421
0.686862
0.472829
0.993019
0.773572
0.938538
0.759521
0.92336
0.29734
0.686769
1.17159
0.397915
0.948142
1.23706
0.941214
0.38991
0.659475
1.28586
1.21333
0.914657
1.00471
0.951093
0.793451
0.339694
1.23377
0.574327
1.00551
1.01183
0.522483
0.607382
0.539183
0.639219
0.893337
1.37263
0.585584
0.823661
1.19752
1.11824
0.355674
0.701009
1.24615
1.44995
0.159462
1.04173
0.821451
0.98228
1.41699
1.29209
0.32985
0.438788
0.77153
0.923819
0.737979
0.752855
0.734529
0.141428
0.888661
0.557672
0.103218
0.464776
0.701237
0.955822
1.05997
1.56351
1.0229
0.910509
0.588964
0.35467
0.836532
0.714945
1.18311
0.834699
1.08621
1.3863
0.642875
0.76314
0.45478
1.43205
0.598597
0.420131
0.388897
0.442485
1.01766
1.12193
0.26774
0.728826
0.530418
0.602739
1.32584
0.741142
1.34626
0.895185
0.38495
0.776
0.673312
0.859378
0.648625
0.644623
1.07567
0.893792
0.836455
0.349711
0.788126
1.25798
0.856269
1.24044
0.879983
1.4471
1.31257
0.481283
1.27933
0.742281
0.530862
0.841088
0.346023
1.49406
1.14678
1.11383
1.1084
0.241619
0.737483
0.661997
0.895028
0.337359
0.212076
1.51477
1.53197
1.15484
1.271
0.84131
0.830485
0.682742
1.51341
0.837462
0.457524
0.651215
0.560304
0.597484
0.889411
0.675446
1.09899
1.50581
0.498953
0.439138
1.41137
0.266482
1.06555
1.08878
0.501081
0.496207
0.79648
1.24845
1.32538
0.263174
0.910676
0.868351
0.65231
0.782349
1.23393
0.702521
0.500863
0.977
1.04173
0.965113
1.01012
0.317672
0.794187
1.05936
0.50726
0.867686
1.23498
0.201379
1.20274
1.19348
0.850793
0.999975
0.779509
0.693575
0.644655
0.427483
0.857181
0.766481
0.551455
1.24452
0.660916
0.736187
0.79772
0.729961
0.714734
0.365934
0.348912
0.749503
1.2979
1.52049
1.19451
0.443197
0.400981
1.06355
0.641087
0.449494
0.922248
0.733837
1.10582
1.12181
0.419159
0.94723
0.683951
0.223069
0.897026
0.590796
1.12273
0.771996
0.683036
0.178487
0.925728
0.80399
0.984386
0.737847
1.13036
0.876665
0.508218
1.14231
0.379207
0.939274
0.36515
0.347006
0.798947
0.556385
0.180783
0.829626
1.30858
1.00933
0.691139
0.207144
0.396653
0.80184
1.25498
0.248321
0.473788
0.549176
0.62862
0.611753
1.05672
0.217328
1.11672
1.20945
0.863067
0.918039
0.795579
0.611853
1.29297
0.217085
0.848678
1.27247
0.346642
1.01302
0.879238
0.871191
0.4723
0.891943
0.763585
1.33024
0.371752
0.203719
0.302389
1.06978
1.34435
0.309424
0.481565
0.307279
0.965032
0.984707
0.947052
0.550983
0.213227
0.675725
0.248842
1.32352
0.613522
1.23621
0.519846
0.422569
1.11222
1.30368
0.465153
0.42869
0.745165
1.11166
1.16477
0.981854
1.30516
0.468251
0.763754
0.346069
1.0888
0.66586
0.658095
1.08624
0.86578
0.417806
0.95012
0.827172
1.29431
1.04016
0.376783
0.505563
0.287834
0.353694
0.510347
1.26749
0.439555
1.10897
0.714118
0.749504
0.612333
0.796039
0.805248
0.877662
1.15137
0.25279
0.986711
0.926001
0.448687
0.596536
0.8955
1.35736
0.687224
0.909198
0.386351
0.739984
1.12726
0.683767
0.460932
0.456881
1.42508
0.706275
1.42094
1.11222
0.766161
0.878381
1.32208
0.545479
1.06821
1.19149
0.496422
0.668251
0.840968
0.998791
0.90625
0.989614
1.32621
1.18286
0.889341
0.79953
0.406619
1.1579
0.802151
0.576269
0.388793
1.0243
0.831339
0.4992
1.45656
0.69253
1.02065
0.533725
1.42511
0.97545
0.74661
0.418294
1.02216
0.71056
0.767022
1.17287
0.22781
0.59069
0.865854
0.989042
0.209583
0.655381
0.668844
1.17268
0.841854
0.790914
0.614701
0.513918
0.26602
0.842887
0.35052
0.948168
1.02578
1.35817
1.07002
0.326356
0.749586
0.827338
0.479751
0.862155
1.13332
1.13283
0.847403
0.374647
1.56922
1.24205
0.867244
0.777004
0.7249
0.682011
0.918266
0.626231
1.32386
0.329541
0.693101
0.705998
0.591051
0.738018
0.848076
0.726309
0.697283
0.609059
0.324736
0.730252
1.006
1.0753
0.498092
1.53057
0.319792
1.21443
0.405507
0.229516
0.737164
0.787927
1.13731
1.18938
0.551152
0.535476
0.576333
0.609314
0.607361
0.83673
0.398454
0.53798
0.787072
0.598257
0.926776
0.780077
0.618348
0.412151
0.936679
1.22831
1.51814
0.94865
1.25537
0.663709
0.908234
1.03709
0.403839
1.03692
1.38839
0.613212
0.329161
1.31767
0.728952
0.425177
1.14995
0.291546
0.464803
0.817516
1.1
0.748461
0.861215
1.38149
0.530107
0.661348
0.348647
0.700078
0.804777
1.42087
0.645448
0.449179
0.398247
1.39875
0.793985
1.04908
0.615791
0.524907
1.25325
0.842517
0.810293
0.672915
0.547952
0.455532
0.82934
0.565427
0.957951
0.821192
0.512639
0.618592
1.20122
0.751615
1.09065
0.599129
1.37214
0.726761
0.623963
0.786231
0.866563
0.631837
1.03162
1.18545
0.550674
0.833736
0.726763
1.13303
1.0718
0.552397
1.49852
0.87028
0.903539
0.377209
1.20439
0.672625
0.888901
1.02548
0.881996
0.87738
0.802137
0.908923
1.01797
0.908017
0.630848
0.707912
0.239485
0.333216
1.2413
0.993788
0.567665
0.749515
0.555851
0.615117
0.665239
0.72762
0.877949
0.606181
0.861613
0.91368
0.501638
0.855983
0.953606
0.834662
0.798542
0.43689
1.07057
1.44253
1.45653
0.345479
0.313619
1.18884
0.819212
1.29572
0.705069
1.14648
0.771031
0.80167
1.22393
0.424444
1.2527
0.291534
1.18289
0.774828
0.536006
0.703892
1.16717
1.1018
1.02509
0.576822
0.918973
0.846526
1.0637
0.535747
0.68327
0.133364
0.814654
1.18408
0.589401
0.830182
1.29639
0.586007
0.592621
0.579547
0.935176
0.879025
0.764552
1.55133
0.691738
0.829676
1.35963
0.615871
0.74539
0.480367
1.05792
1.10224
0.27681
0.731091
1.51817
0.706662
0.309461
0.357174
0.694462
0.889044
0.941674
0.425563
0.587237
0.394136
0.698761
0.323684
0.438958
1.3877
0.801177
1.12423
0.904864
0.764567
0.741924
0.221821
0.435998
0.456513
0.958887
0.3261
0.482352
0.809661
0.856774
1.06017
0.146817
0.862715
0.954985
0.894119
0.968859
1.35193
1.14827
0.396547
0.601219
0.946024
0.942742
0.691579
1.32273
0.506798
0.833919
0.645704
1.14272
0.383832
0.80688
0.493174
0.401373
1.01516
1.02145
0.860949
0.760567
0.928216
0.524756
0.53817
0.247448
0.247812
0.659835
0.678122
0.393965
0.697496
1.06954
0.73125
0.926768
0.512573
0.764863
0.163709
0.410656
0.455618
0.443941
0.484437
0.69404
0.478731
0.594027
0.956842
0.690618
0.844808
1.55608
0.436111
0.711396
1.27681
0.956978
1.0641
0.666162
0.590525
0.629079
1.11662
0.572153
1.02045
0.738224
0.876266
0.518429
0.537727
0.578793
0.794606
0.816513
0.358104
1.14287
1.12892
0.645922
1.07545
0.683011
0.923534
0.566521
0.700499
0.358482
0.664419
1.4935
0.639627
0.912009
0.739505
0.794663
0.798806
0.387062
0.911132
0.964685
1.25127
0.318067
0.78559
0.280727
1.155
0.846863
1.3299
0.380261
0.568482
0.299851
0.496991
0.93174
0.718051
1.15989
1.0561
1.46321
0.867256
0.457698
0.906114
0.666426
0.428007
0.537748
1.43614
0.755174
1.11412
0.827984
0.299118
0.503794
0.624483
1.1668
0.996949
0.571626
0.846062
1.01058
0.949414
0.711353
0.593536
0.705077
0.570026
0.515844
0.481649
0.66926
1.01929
1.42747
0.857298
0.88118
0.633158
0.417699
0.92778
0.134343
1.14365
0.893758
0.480656
0.56406
0.595081
0.53167
0.899096
0.948117
0.787596
0.458942
1.36366
0.911308
0.589416
0.416467
0.463104
1.5196
0.950065
1.00028
0.978587
0.458023
0.22051
1.112
0.805332
0.52563
0.781422
0.712241
0.67243
0.392297
0.765835
1.52015
1.19173
0.280575
0.325021
0.317344
0.611903
0.30389
0.961536
1.01034
1.11248
0.554989
1.25284
0.660342
0.468866
0.787594
1.25841
1.19879
0.753196
0.402229
1.14871
1.08658
0.825108
0.571542
0.221972
0.451033
1.35362
0.90095
1.05843
0.292125
1.43068
1.5066
0.721644
1.46878
0.669397
0.579504
1.23648
1.00088
0.483037
1.32339
0.466632
1.19795
1.09077
1.32961
1.19495
0.656041
1.32197
0.659407
0.234724
0.652155
1.30227
1.03759
0.968627
0.695282
0.822667
1.04155
0.572651
0.377592
0.813558
1.07226
0.645328
0.645716
0.564835
1.22514
1.51608
0.613089
0.920826
1.16548
0.860296
0.718891
1.43929
1.03756
0.762629
0.727857
0.6536
0.677173
1.34607
1.34678
0.662484
1.19929
1.03666
0.816161
0.947626
1.55613
0.550763
0.53706
0.554888
0.826565
0.360609
0.53184
0.359191
0.863898
0.545434
0.45509
1.44594
0.917575
0.908378
1.24515
1.09121
0.995537
0.353372
0.58347
1.2129
0.695071
1.14819
1.45899
0.63831
1.20578
1.55982
0.634273
0.857991
0.826339
0.509206
0.512547
0.781393
0.457609
0.80071
1.17579
0.240694
0.815501
0.459376
1.17591
0.745133
0.742481
0.693614
1.30172
0.493926
0.425383
0.540692
0.96925
0.22997
0.47392
1.076
0.151727
0.656989
0.245625
1.50146
0.981224
0.741737
1.04406
1.04147
0.710107
0.808732
0.612032
0.902797
0.809888
0.433305
0.105352
0.840396
0.423167
1.37861
0.323175
1.2693
1.25655
1.33444
0.261591
0.490313
1.06979
1.15636
1.15294
1.19681
1.09453
0.582054
1.23602
0.633356
0.629272
1.27109
0.751094
1.20752
0.790189
0.669674
0.517497
0.827447
1.45404
1.14098
0.627405
1.31576
0.825204
0.706638
0.735937
0.759908
1.14509
0.877931
0.682979
1.30076
0.829238
0.513661
1.02372
0.741248
0.848617
1.18434
0.671927
0.721306
0.275746
1.35638
1.41053
0.897193
0.62554
1.03402
0.835664
1.43503
0.68037
0.848034
1.14852
1.13506
0.806988
0.44729
0.706938
0.523402
0.619238
1.04429
1.14466
1.18445
0.888833
1.10149
0.348811
1.14542
1.04398
0.697935
0.220079
1.06597
1.12577
0.731922
1.13201
0.987313
0.994743
0.99473
1.23474
0.676675
1.02916
1.06313
1.12925
0.922456
0.556928
0.851648
1.49097
0.564793
0.800239
0.746326
1.53397
0.889841
0.896903
1.08319
0.81708
1.07135
0.612286
0.940477
0.605608
0.769016
1.01403
0.571912
1.23222
0.742616
0.760262
1.39969
1.32345
1.41124
0.651949
0.908586
0.939711
0.333894
0.727518
0.852823
0.827708
0.456007
0.7789
0.774791
0.73614
0.61426
1.06245
1.27608
0.812275
0.971274
1.03229
0.379793
0.776788
0.95055
1.13268
0.912348
1.0369
1.03162
0.380775
0.731775
1.063
0.824975
1.24591
0.263785
1.07892
0.765247
0.445869
0.445801
0.261697
0.183565
0.664937
1.28845
0.90268
0.579149
1.17602
0.772055
0.143242
0.616107
0.830265
0.471509
1.44142
0.429576
0.340514
0.590447
0.641743
1.48953
0.330162
1.52657
0.986475
1.25269
1.43605
0.569562
1.2244
0.973902
0.719643
0.321046
0.465541
0.365436
1.52579
1.42889
1.49588
0.767563
0.754997
1.56173
1.35288
0.472754
1.00732
0.580339
1.26153
0.251584
0.678961
0.648477
0.45656
0.853413
0.895231
0.591958
0.621278
1.03188
1.13424
0.795395
0.623785
0.851487
1.14945
1.46149
0.414719
0.564823
0.791874
1.02545
0.538152
0.779266
1.48433
0.445284
1.05704
0.645334
0.351942
0.751933
0.37224
1.1728
1.2862
1.25657
0.450548
1.32892
0.624339
1.12373
0.985094
0.832213
1.29995
0.918562
0.934444
1.09415
1.06884
0.944171
0.15057
0.410889
1.45466
0.562982
0.992096
0.434673
1.41326
0.420621
0.408764
0.677749
1.48205
0.297863
1.5668
0.833811
0.643675
0.429701
0.466834
1.16407
0.713012
0.43158
1.06247
1.22765
0.640236
0.639066
0.38367
0.684118
0.907536
0.347529
0.933135
1.13396
1.22467
1.24977
1.30789
1.03316
1.51194
1.53967
1.05451
0.656347
0.620586
0.937055
0.611273
1.07616
1.31004
0.273078
0.313384
0.887615
0.447503
0.278815
0.988692
1.38511
1.33231
0.973616
1.20018
0.490136
0.527215
0.548661
1.51255
1.07599
0.605279
1.25692
0.488491
1.05472
0.456244
0.540596
0.608189
1.20247
1.24802
0.91096
0.918479
0.610939
0.733668
1.36207
1.37158
0.828454
0.835581
0.451366
0.332948
0.59208
1.17141
0.389703
0.581348
0.792314
0.453488
0.892079
0.599924
0.887366
0.53901
0.681558
0.383398
0.768004
0.683193
1.00221
0.782716
0.449984
1.07867
0.424149
1.06728
0.869394
0.346666
0.762492
1.20266
0.919687
0.432038
1.19875
1.15026
0.634556
1.00562
0.383168
1.14246
0.387351
0.752968
0.772698
0.797512
0.831213
0.760832
1.39527
0.861311
0.639985
0.651125
0.7859
0.648315
0.851422
1.39577
0.822445
0.723892
1.18148
0.943815
0.288833
0.543107
0.399996
0.580252
0.32177
1.00196
1.31967
0.980773
1.11342
1.16108
0.324736
0.34986
0.506448
1.04057
1.34953
0.601077
0.720473
0.278677
0.547285
0.445433
1.0384
1.30866
0.644168
0.488377
0.23688
0.97953
0.510399
0.95483
0.611921
1.45246
0.325767
0.810203
1.04749
0.61887
1.26833
0.598486
1.31885
1.2944
0.727378
0.74463
1.19
0.540892
0.570551
0.555499
1.27737
0.809623
0.991199
0.987472
0.867232
0.630519
0.45199
0.842728
0.637304
0.782157
0.885753
0.949434
0.368349
0.340076
0.653517
0.408482
0.703498
0.959504
1.05917
0.564903
0.98088
0.519638
0.592606
0.725959
0.713188
0.813673
1.00212
0.390278
0.401815
0.575956
0.712183
0.773285
0.726448
0.537724
0.687504
0.831135
0.738386
0.450506
1.03213
0.749831
1.07051
1.16275
1.12592
0.590212
1.15984
0.927232
1.01002
0.33071
0.889893
0.682225
1.01626
0.947475
0.556763
0.754777
0.57918
0.528351
0.624778
0.381925
0.723825
0.475524
0.870338
1.26781
0.769246
1.00259
1.06142
0.520851
0.81632
0.555393
0.662784
1.19974
0.351829
0.382886
0.482529
1.10753
1.32359
0.596516
0.745012
0.489649
0.728882
0.585394
1.3149
0.398595
1.09225
0.653455
1.39816
0.721264
0.991451
0.969096
0.699024
1.03675
0.527332
0.544268
0.774926
0.795887
0.390509
0.581999
1.14388
0.243693
0.123457
0.849475
0.913073
0.92846
0.497233
0.875383
0.730293
1.42302
0.741222
1.05696
0.63484
1.51464
0.810564
0.523021
0.840561
0.95151
0.986823
0.742769
1.18054
0.676891
0.444196
1.02499
1.13091
1.2988
1.3157
1.41564
1.53426
0.489948
0.707667
0.215312
0.766094
0.517983
0.622403
0.783555
0.82735
1.52254
0.989081
0.712733
1.26587
1.37026
0.489471
1.3454
0.470874
1.03203
1.11359
1.50361
1.43144
0.475575
0.790788
0.993584
0.961348
1.04008
0.751548
1.25457
0.421253
0.904152
1.03917
0.653013
0.582633
0.380452
0.489413
1.0835
0.544
1.22428
0.626176
1.38675
0.844099
1.2545
0.75327
0.284567
1.40126
0.57722
1.13026
0.466989
0.773725
1.16471
0.743321
0.618232
1.3963
0.777318
1.10841
0.340064
0.645055
0.521149
0.442017
1.54571
1.47906
1.20261
0.150324
0.821974
0.459411
0.711361
0.424454
0.795649
0.626083
0.546047
1.35639
1.39923
0.835012
0.997813
0.471303
0.728232
0.696054
1.04842
0.683613
0.406117
0.309352
0.443782
0.449962
0.990097
0.808823
0.389132
1.23089
0.888761
0.302213
0.563035
0.591345
0.216228
0.438569
0.832757
0.570057
0.833308
0.985007
1.48783
0.782278
0.338882
1.00086
1.23967
0.567242
0.836623
0.795679
0.808062
1.46122
1.27317
0.698028
0.892902
1.1184
0.512383
0.673206
0.563787
0.831786
0.300983
1.34039
0.810651
0.765581
1.372
0.53324
1.55806
0.905159
0.68689
0.915229
0.814812
0.599103
0.276693
0.21551
0.639071
0.635311
0.379408
0.850503
0.971215
0.637431
0.720665
1.00807
1.17929
0.357101
0.490335
1.36444
1.11078
1.24442
1.42513
0.445614
1.29234
1.41592
0.804371
1.00463
0.379984
0.249738
0.255732
0.895457
0.573471
1.03328
0.690337
0.269395
0.403552
0.759965
0.730259
0.69498
1.28174
1.10474
1.01087
0.96964
0.293781
0.779005
0.490099
0.735394
0.864745
1.19976
0.660672
0.67927
0.662996
0.773223
0.664059
0.667233
0.989685
0.450405
0.228569
1.009
1.47012
0.767792
1.38911
1.01333
1.05158
1.13655
0.603257
0.17016
0.488979
1.13355
0.491178
0.84663
0.786973
1.274
0.940992
0.428097
1.14332
0.690456
0.534976
0.859515
1.29101
0.927429
0.28071
0.818765
0.944332
0.47653
0.646975
0.942571
1.01675
0.855121
1.49214
0.496641
0.631916
1.35577
0.66533
0.653934
1.35399
0.65044
1.084
0.558746
0.973856
0.363591
0.21566
0.839868
0.452896
1.32804
0.533673
0.828412
1.54859
0.291444
0.530567
0.432163
0.426935
1.01325
0.743621
0.663498
1.32507
0.0654666
0.946045
0.882322
0.666781
1.03768
0.693845
1.03721
0.554503
0.861192
1.18318
0.484374
0.809309
0.614936
0.088151
0.671535
0.612064
1.11476
1.11162
0.801028
1.39522
0.571328
1.12355
0.578977
0.661411
1.01383
0.992402
1.06801
0.97103
0.843721
0.921103
0.573447
1.28401
0.693472
0.882793
0.956699
0.760995
0.468972
1.00098
0.74039
0.463085
1.23099
0.701241
0.363872
0.678548
0.494065
0.501175
0.993329
0.471238
0.996146
0.988924
0.847108
0.290448
0.891804
0.789415
1.30136
0.351923
0.808105
0.208642
0.819351
0.58313
1.23352
0.152956
0.279897
0.315457
0.0540677
0.930686
1.42498
0.835208
1.02129
1.38486
0.858958
0.72918
0.493429
0.624366
0.9043
0.835438
0.651375
1.16332
1.11817
1.14868
0.58705
0.581103
0.8189
0.682373
0.650696
0.750354
0.240182
1.31043
0.600329
0.342543
1.50185
0.680372
0.787832
0.512802
1.24049
1.0119
0.91271
0.507965
0.512672
0.720728
1.50505
0.922262
0.322149
0.811917
0.456865
0.29349
0.711238
1.09326
1.13055
0.963114
0.823512
0.76855
0.817817
0.286169
0.793989
0.19018
0.448694
1.5111
0.210542
0.518085
0.103223
0.3487
0.564002
0.670277
1.19489
0.475338
0.661084
0.823865
0.32307
0.577097
0.748257
0.698595
0.675735
0.600465
0.765458
1.57065
0.723637
0.741545
0.98494
1.00696
0.466619
0.526401
0.404207
1.3106
0.544704
0.581949
0.832663
0.855183
1.30906
0.228014
0.371964
0.721607
1.16252
0.862745
0.697034
0.473939
1.14264
0.915071
0.47947
0.381151
0.775999
0.939097
0.625772
0.200425
1.33967
0.913256
0.569596
0.753677
0.428357
0.801912
1.08594
0.674429
1.04019
0.442438
0.467922
0.810882
0.99665
0.936336
1.24249
0.664145
1.19412
0.524386
0.396109
1.03318
1.39419
1.38303
0.407292
0.91174
1.18094
0.965159
0.38348
0.52994
0.653204
0.618151
0.718541
0.249354
0.74912
0.920518
0.303743
0.457097
0.175645
0.667507
0.782629
1.34406
0.685456
0.946293
0.965922
0.297507
0.299042
0.526125
0.827192
0.550256
0.216584
0.726519
1.39647
1.00151
0.574729
1.42493
0.795913
0.792344
0.768211
0.927344
0.988498
0.876527
0.909222
0.389823
0.474188
0.303121
1.43094
0.395769
0.375655
0.492082
1.06448
0.233185
0.665136
1.09179
0.295066
0.565667
0.436144
0.395064
0.524652
0.68758
1.20223
0.832568
0.754358
0.652359
1.1771
0.599562
0.312345
0.416855
0.919866
1.49809
1.08004
1.1281
0.199972
0.740753
1.501
0.920614
0.283775
0.546622
1.17519
1.23883
1.47128
1.02412
0.930954
0.588655
1.04423
0.443969
1.20424
0.503524
0.606021
0.617354
0.576652
0.631601
0.969301
1.17299
1.14755
1.10516
0.620976
0.972128
0.714672
0.238854
1.44817
0.943333
0.609974
0.701197
0.293822
0.460694
0.440133
0.963931
0.950363
0.556056
1.34472
1.40637
0.835719
0.477606
0.917826
0.68685
1.39689
0.424616
1.08824
0.629847
1.03435
0.720146
0.867111
0.710673
0.790764
1.32791
0.685026
1.48175
1.09432
1.01716
0.893299
0.937052
0.319147
1.06816
0.565881
0.604004
1.44678
0.181715
0.421216
0.520962
0.66267
0.478667
0.574987
0.877427
0.367234
0.316257
1.22474
0.670045
1.37045
1.07263
0.865464
0.27455
0.896066
0.967029
0.532193
0.920944
0.461996
1.19542
1.02521
0.796657
0.881933
0.595431
0.671128
0.550657
0.356411
0.66912
1.04573
0.73293
0.441455
0.785115
1.0755
0.687065
1.12201
1.07283
1.03582
0.341265
0.454726
0.91958
0.535851
1.1464
0.702586
0.71589
1.25014
0.520602
0.77029
0.399424
0.441296
0.596351
0.917662
0.831211
0.572742
1.35578
0.538257
0.424334
0.333299
1.00165
0.743678
0.531302
0.809496
0.752782
0.72519
0.660658
1.46355
0.707518
0.897076
0.850325
0.988146
0.435586
0.759598
0.876626
0.541262
0.216767
0.357161
1.17109
0.586833
0.687702
0.410245
1.05364
0.249869
1.32504
0.834584
1.28598
0.29444
0.582866
0.53906
0.471774
1.05898
1.49062
0.977449
0.926898
1.08191
1.18266
1.20297
0.709929
0.835673
1.10869
1.43018
0.906477
1.0683
1.48649
1.02722
0.680315
1.17188
0.680203
1.50629
0.240909
0.35932
0.867635
0.360501
0.771344
0.418572
0.656921
0.668134
0.685511
0.840289
0.670104
0.878159
1.45448
1.38586
0.48911
1.13201
0.73266
1.20636
1.36833
0.725084
0.439218
0.355327
0.337986
0.58863
0.639181
0.237179
0.377596
0.639333
0.714846
0.635795
0.415317
0.730132
1.53946
1.15053
0.696409
0.910132
0.588511
1.13579
1.00997
0.35893
0.846616
0.565514
0.801235
0.530197
0.509672
0.289694
0.425476
1.30839
0.873802
1.03559
0.712049
0.433145
1.15789
0.436428
0.672446
1.20515
0.578682
0.710367
0.501651
0.839477
1.02082
0.50083
0.787806
0.86784
0.82566
0.929772
1.25873
0.890494
0.365122
0.259642
0.714401
0.788158
0.366264
0.571708
1.26608
0.565414
0.885715
0.415281
0.40905
1.43811
1.10286
0.470422
1.27463
0.715346
0.516173
0.079033
0.575154
1.02664
0.338069
0.744452
1.5516
0.622583
0.596198
0.729358
1.16609
0.29585
0.756951
0.315934
0.92074
0.646653
0.781043
1.54585
1.31339
1.25812
1.44506
1.50132
1.13235
0.458404
0.522339
1.03738
1.2843
0.349327
0.531678
1.27911
0.522428
0.765848
0.746083
0.943124
1.17595
0.5622
0.938267
0.532963
0.716102
0.939114
0.877111
0.886132
1.52912
1.28448
0.721131
0.713091
0.976114
0.815444
0.382199
0.623798
0.172402
1.10453
1.05806
0.818141
0.614456
0.894109
0.832457
0.814167
0.878679
0.213149
1.26443
0.606184
0.760604
1.25433
0.819324
0.617626
0.838621
0.574483
0.929909
0.32026
0.993863
0.319854
0.817614
0.957177
1.07357
0.480642
1.45405
0.865908
0.986502
0.776938
1.01731
0.994842
0.568658
0.692869
0.891954
0.298292
0.549265
0.0796009
0.658235
0.692033
0.465127
0.515449
0.161912
1.00664
0.27153
0.636713
0.433986
1.32733
1.50013
0.862112
0.195813
0.751565
0.186166
1.53893
0.921874
0.91307
0.47061
1.37987
0.745719
0.75807
1.21376
0.93067
0.522571
0.717188
0.488418
0.394997
1.36893
0.796327
0.701792
1.08962
0.691875
0.746759
0.286901
0.642849
0.840923
1.26234
0.719137
0.920224
1.37988
1.06419
1.3591
0.881969
1.34594
0.789958
0.896894
0.601262
0.433434
1.28133
0.673949
0.365095
1.57071
0.859021
1.16256
0.49256
1.02604
0.762433
1.23809
0.996086
0.851292
0.509905
0.632117
0.87828
0.421156
1.00806
0.772966
0.51983
1.18217
1.21806
0.356642
0.983912
0.865081
1.17817
1.03426
1.34924
0.567663
0.986197
1.17876
0.7467
0.73469
0.865616
0.611051
0.864597
0.551283
0.92341
0.591808
0.606475
0.981134
1.55329
0.913674
0.567029
1.56891
0.282431
0.490827
0.761738
0.818274
0.626722
0.554429
0.474822
1.23484
0.965868
0.272669
0.567203
0.776813
0.738081
1.03723
0.651407
1.34218
0.889941
1.33587
1.51973
0.962068
0.446016
0.559528
0.916814
0.324408
0.330493
1.09367
1.1492
0.324829
1.05063
0.451811
0.535163
0.483415
1.29279
0.874784
0.736647
0.732279
0.36212
0.720109
0.919286
0.835392
0.809559
1.51691
0.190321
0.832479
0.615318
0.366337
0.932398
1.35745
0.844902
0.940224
0.985732
1.54816
0.863486
0.964741
0.648048
1.32807
0.367398
0.223012
0.738063
0.892248
0.619222
0.667151
1.05291
0.829735
0.998328
0.877523
1.24527
0.71717
0.511178
0.489592
0.857689
0.81188
0.530741
0.731468
1.20838
1.19037
1.20446
1.52034
0.311268
1.29647
0.836134
0.292748
1.00254
1.07942
0.985691
1.21371
0.517947
0.97903
0.267912
0.749829
0.72633
0.620826
0.947224
0.744088
0.729677
0.608599
0.849726
1.5654
0.673426
0.713014
1.41142
1.23986
0.268724
0.792523
0.351472
0.96321
0.820946
1.08119
0.4068
0.466058
1.27267
0.813404
0.607945
0.428558
0.592571
1.4459
1.01646
0.743535
0.403434
1.083
0.745746
1.04676
0.506102
0.637099
0.716245
0.449892
0.984806
0.996181
0.125025
0.572698
1.34333
0.554644
0.570179
0.836035
0.450709
0.863223
1.20963
1.23962
0.817426
0.948826
1.29415
0.46728
0.273977
0.116111
0.694907
0.864256
1.08382
1.13665
1.10135
0.246358
0.779055
0.340125
0.45067
0.946382
1.43342
0.534
0.831846
1.08165
0.828518
0.788209
0.771596
0.508001
0.307873
0.732774
0.753506
0.80099
0.37626
0.854944
0.88371
0.785852
0.314295
1.10623
1.25225
1.04356
0.597107
0.325778
0.741808
0.551478
0.766723
1.02511
0.866237
0.728428
0.526853
0.498378
1.17822
0.993765
0.562846
1.54717
0.447433
1.08545
0.579564
1.24689
0.978212
0.711531
0.9447
0.629241
0.676494
1.51328
0.575029
0.887195
0.30873
0.439384
1.14809
0.561618
0.884432
0.59237
0.667602
1.0228
0.941892
0.462824
0.437414
1.04607
0.870384
0.748101
1.43138
0.806242
0.879305
1.18487
1.29194
1.5576
0.128756
0.492097
0.611803
0.619711
1.13702
1.09672
1.53877
1.14561
0.280707
1.34899
0.498295
1.13256
0.391339
1.45517
0.902201
1.03899
0.72285
1.31519
0.676539
1.15675
0.556419
0.989287
1.05469
0.461206
1.42929
0.524852
0.388477
0.496771
1.00164
0.893223
0.74321
1.40304
0.398113
0.71655
0.77564
0.632384
0.74371
0.608305
0.475549
0.671336
0.364096
0.941946
1.00625
1.46336
0.693946
0.405204
0.967497
0.891001
1.41365
0.54391
1.11059
1.05677
1.2038
0.798986
1.05394
0.595295
0.344623
0.58826
1.57022
0.724027
0.44785
0.531383
0.260229
0.626111
0.992721
0.505731
0.578049
1.21561
1.00219
0.263482
0.890105
1.24464
0.803506
0.764688
0.606296
0.823073
1.10781
0.772214
0.681512
0.373785
0.260484
1.05037
0.89627
0.897654
0.498678
0.798216
0.870712
1.16441
1.03759
0.420275
0.496809
0.789787
0.569905
0.599726
0.363632
0.620988
0.293489
0.679104
0.561583
0.878888
1.17235
0.343983
1.26331
1.12479
0.619231
0.298503
0.95614
0.853798
0.761434
0.749414
1.01328
0.621657
1.12301
0.342587
0.318062
0.531977
1.08531
1.30348
1.43025
1.37048
0.753667
1.53082
1.40256
1.53339
1.49207
0.458836
0.921267
0.323473
0.515368
0.655885
0.44604
1.04862
1.4871
1.38326
0.738857
0.636853
0.384889
0.601428
1.24068
0.739205
0.513182
0.142647
0.446234
0.667745
0.794159
0.665107
1.22184
0.550467
0.951403
0.655227
1.02913
0.98134
1.38819
1.15843
1.21217
0.763653
0.785762
0.899691
0.63609
0.844294
1.05662
0.959445
0.863779
0.897855
0.406523
0.728067
0.789193
0.470407
0.490257
1.08246
0.671044
0.830081
0.882168
0.314842
0.683611
0.513294
0.299698
1.10109
1.02038
1.05415
0.972701
0.667184
0.343185
1.19834
0.963765
0.87436
0.52294
0.542984
0.770752
0.307471
0.380125
0.791045
0.724131
0.4226
0.919153
0.126426
0.636913
0.92473
0.505713
0.164569
0.671871
0.956307
0.601447
1.4316
0.708962
0.782793
0.864539
1.20133
0.709838
0.642032
1.40807
0.661511
0.486523
0.486817
0.991966
1.09645
1.0225
0.657879
0.541328
0.790275
0.8711
0.296938
0.435106
0.532699
1.00283
0.50165
0.467634
0.761318
0.916871
0.499258
1.18291
0.490363
0.518342
0.439493
0.813846
0.7667
0.883881
1.22861
1.02041
0.871355
0.857931
0.888268
0.633583
0.685042
0.429517
0.916043
1.03274
1.05162
1.07911
1.01894
0.483266
0.558782
1.38325
0.555265
1.3423
0.61139
0.9426
1.10374
0.428019
0.682854
1.0277
0.759692
0.832931
0.695603
0.669763
1.24968
0.709435
1.18214
0.542783
1.20279
0.530872
0.721409
1.13356
1.35371
0.91969
1.13223
0.878697
0.747904
0.283819
0.885387
1.25418
1.06153
0.327623
0.278856
0.274746
0.589196
1.13758
0.844987
1.31521
0.378272
0.610708
1.13332
1.04423
0.951124
0.429649
0.572697
0.715459
0.62226
1.36925
1.37255
1.00629
0.719377
0.271955
0.855505
0.976233
0.658526
0.580719
0.620656
1.34625
0.542755
0.573337
0.947796
0.46019
0.547701
1.36456
0.540755
0.34018
0.995792
0.717633
0.291177
0.830863
0.819761
0.739735
0.76503
0.443415
0.572925
0.969282
0.619132
0.678378
0.833583
0.792084
0.933499
1.05793
0.703029
0.440175
0.366374
0.198296
0.555302
0.365016
0.970328
0.661133
0.875929
0.496588
0.638046
0.47464
0.424772
0.387449
1.42873
0.823576
0.576369
0.985613
0.922615
0.805694
1.44956
0.688198
1.15332
0.871392
0.830392
0.420755
0.727198
0.686924
0.795915
1.17189
1.08226
0.696026
0.386691
0.571511
1.10747
0.970111
0.926016
1.17895
1.18307
0.637842
0.353779
1.5102
0.648991
0.794689
0.325142
0.314996
0.512132
0.596154
0.94011
1.5443
0.958153
0.889555
1.0365
0.286525
0.525432
0.777537
0.462361
0.925189
0.245841
0.782593
0.51998
0.867124
0.317689
1.29395
0.694015
0.520843
0.308268
0.783493
1.02255
1.37903
0.719059
0.130918
0.628148
0.210222
1.20159
0.327091
0.548739
1.43386
1.12015
0.838644
0.796194
0.284703
1.28983
1.30648
0.718828
1.06961
0.568786
0.502306
0.645392
1.008
1.48428
0.586789
0.373485
0.681781
0.877407
0.22116
0.768101
0.487068
0.539442
0.424567
0.763752
0.363419
1.37893
1.23182
0.293784
0.69906
0.322252
1.01813
0.618997
0.598819
1.43947
0.98868
0.976655
0.483312
0.743362
0.487098
0.988678
1.23675
1.30692
0.212315
0.612016
0.314026
0.513515
1.55484
0.705131
1.17379
0.486714
1.01321
