0.598781
1.43506
0.769452
1.28333
1.35526
0.559176
0.393268
0.524899
0.90964
1.10214
0.934887
0.641888
0.744587
0.678621
0.826952
0.843611
0.412092
0.495171
1.08829
0.782655
0.912747
1.12119
1.3425
1.34565
0.804455
1.18416
1.00671
0.860412
1.10414
0.633786
0.949623
1.34881
0.573757
0.797824
0.756415
1.27409
0.585484
0.587486
0.67311
0.576337
0.778576
0.413784
0.243935
0.997173
0.553104
0.533817
0.764628
0.816556
0.523931
0.719206
1.34847
0.87338
0.925923
0.853612
0.984791
0.534192
1.14007
1.04479
0.350356
0.680857
0.81113
0.39377
1.02383
1.01067
1.30908
0.635583
0.977842
0.887237
1.30982
1.01682
0.999874
0.387347
0.734007
0.713305
1.2433
1.35801
0.963625
0.617824
0.987346
0.130309
0.315729
0.790023
0.491955
0.738705
1.00034
0.867322
0.498772
0.606913
0.240454
0.865411
1.12846
0.859835
1.13642
0.874854
1.23845
0.501152
0.944872
1.0035
0.618133
0.599989
1.21723
1.31975
0.839548
0.433433
1.32577
0.78851
1.06847
0.664986
0.425379
1.09077
0.938289
0.746497
0.93088
0.589037
0.972729
1.4055
0.568073
0.853526
1.09253
1.23374
0.37431
0.729508
1.53466
0.554937
1.56698
0.523504
0.849404
1.09179
1.08384
0.567147
0.859883
0.364233
1.18297
0.736665
0.572797
0.612303
0.761042
0.22788
1.41528
0.867395
1.55409
0.85828
0.573662
0.4249
0.434396
0.534535
0.784052
0.183089
0.54254
1.18391
0.649247
1.06244
0.382878
0.38543
0.531226
1.05295
0.4531
0.620628
0.628178
1.34947
0.851442
1.19617
0.523247
0.758596
0.576685
0.38393
1.07545
0.865433
0.987407
1.13013
0.976131
0.714846
1.46461
0.311127
0.540908
0.746113
0.672999
0.483657
0.928517
0.139604
1.22348
0.559548
0.521282
1.2134
0.53976
0.398764
0.882014
1.3353
0.93886
0.805567
0.402591
0.768753
0.30547
0.296033
0.588564
0.518842
0.786113
0.990386
0.500994
0.938687
0.719449
0.783197
0.36998
1.49922
1.13417
1.19242
0.808494
0.279013
1.31687
0.505599
0.787779
0.358569
1.14866
1.28259
1.42941
0.642757
1.46396
1.27827
0.765666
0.513758
0.761155
0.812995
0.904023
0.648366
0.914867
0.352636
1.09366
1.0188
1.31442
0.833347
0.566635
0.397632
0.403844
1.19199
1.26453
0.461527
1.14131
0.434994
1.27772
0.739315
0.354232
0.408995
0.360252
0.749493
0.47778
0.914319
0.738165
0.652303
0.645393
0.770526
0.406464
0.866364
0.597008
0.946756
1.03606
1.46244
1.05189
0.369849
0.729141
0.809451
0.748776
0.955728
0.607934
0.704724
1.45759
0.261533
0.384388
0.399808
1.05465
0.942232
0.759164
0.754923
1.08314
1.02096
0.841619
0.723444
1.04908
0.88718
0.711487
0.814903
1.20951
1.40078
1.0812
1.05992
0.514603
1.20643
0.384024
0.572536
1.25606
0.930412
1.33277
0.415786
0.51545
0.943455
0.422225
0.532714
0.446449
0.247975
1.39041
0.795896
0.428684
0.474666
1.49555
1.204
1.14018
1.46954
0.866572
1.06531
1.28255
1.33409
0.286052
1.20416
0.769959
0.667409
0.322882
1.21645
0.558765
0.936133
0.53583
1.09982
1.303
0.316479
0.328463
0.929792
0.309156
0.239143
0.877658
0.708501
0.824271
1.48112
0.354708
1.42281
0.490807
0.476391
1.00263
1.043
0.96239
0.146013
0.465429
1.34511
0.626066
0.46653
0.508395
1.07091
0.702191
0.882942
0.802206
0.603299
0.351436
0.837884
0.536333
0.872165
0.479441
1.26083
0.714636
1.02482
1.0524
0.808627
0.640222
0.939194
1.16699
0.788654
0.745089
0.88147
1.54759
0.837811
0.833499
0.826332
0.471398
1.16086
0.791465
1.42378
0.876429
0.913869
0.841092
0.795928
0.974868
0.30281
0.792809
1.18073
0.611868
0.584387
0.981953
0.760938
1.36821
0.943718
1.03426
0.797374
1.12275
0.575412
0.54551
1.28519
0.857306
0.212608
0.490777
0.835624
0.360872
1.53224
1.19707
1.07748
0.811998
0.927718
0.267467
1.12118
0.668768
1.04701
1.41114
0.722914
1.50979
0.966179
0.952546
0.884681
1.27277
1.16666
0.552026
1.16991
0.665143
1.0874
1.18232
0.760133
0.490031
0.890254
0.293167
1.2261
0.88425
0.393061
0.242436
1.22758
0.899099
0.906672
1.01323
0.958189
1.19757
1.46696
0.641041
0.362282
1.37233
0.868427
0.457052
0.733176
0.221097
0.899298
0.487784
1.39429
1.18728
0.815463
0.955162
0.964749
0.910349
0.666596
0.654385
0.625467
0.609139
0.786868
0.564713
0.847071
0.928376
1.41173
1.23052
0.524972
0.196277
0.537543
0.858281
0.897343
0.863919
0.289107
1.10585
0.414099
1.03764
0.722902
0.856461
0.619503
0.740509
0.589495
1.31758
0.715125
1.47048
1.26809
0.569661
0.807966
0.866815
0.361044
1.20935
1.07796
0.553669
0.596555
0.860991
1.05765
1.34059
0.66432
0.375623
0.862089
1.16773
1.4006
0.497405
0.91818
1.46492
0.776125
0.397219
0.888373
0.794547
0.474524
0.70398
1.12023
0.712674
0.785269
0.837183
0.784976
0.603615
1.04901
1.34053
1.15972
0.31996
0.351367
1.38468
1.10098
1.04339
0.318821
0.182622
0.584421
0.92962
0.899649
0.356451
1.07876
1.16261
0.257723
0.713823
0.963005
0.752584
0.326604
0.463427
0.371748
1.21108
0.513871
0.735487
1.17203
1.03725
1.06112
0.988838
0.882211
1.16087
0.86406
0.860321
1.3733
1.35353
0.397483
0.851435
0.667794
0.262095
0.929784
0.460016
1.19709
1.12011
0.671923
0.708568
0.370701
0.741329
0.587998
0.758623
0.921973
1.38967
0.733544
1.51528
0.576027
0.769481
1.56763
1.01373
0.612026
0.306846
1.22465
0.526919
1.28721
1.21198
0.554602
0.6175
0.949679
1.2358
0.500708
0.477983
0.433869
1.05117
0.588083
0.474308
0.988289
0.399539
0.417485
0.690073
0.872251
1.25559
1.10465
0.858153
0.928339
0.641059
0.77619
0.828343
0.831089
0.714138
0.77801
0.23909
1.24991
0.655537
1.14635
1.35985
0.457794
0.732263
1.04089
1.02327
0.889862
0.827128
1.34424
0.9885
0.242057
0.455402
0.528275
0.57156
0.649483
1.00643
0.813829
1.11717
0.900081
1.50934
0.394176
0.971151
0.800106
0.46844
0.922426
1.23244
0.483649
1.11304
0.11579
0.185756
1.03951
0.8363
1.5329
0.230398
0.997341
0.981937
0.666566
0.578077
0.782115
0.533829
1.28784
0.124157
0.656625
0.522693
1.32355
0.580246
1.12196
0.857462
0.920941
0.522522
1.18658
0.543441
0.544317
1.33756
0.459607
1.27019
0.860313
0.997383
1.30934
0.914683
0.605229
0.862411
0.864534
1.31059
0.625666
0.601372
0.578523
0.524488
0.934595
0.891149
0.773609
1.18356
1.45418
0.467627
1.00085
0.391183
0.261649
1.15796
0.532579
0.721161
0.609404
0.926206
0.872944
0.251552
0.687794
1.11466
0.964623
0.677399
0.722682
1.47459
0.742296
1.07741
0.46
1.56209
0.923987
0.686083
0.403082
0.516532
1.38087
0.894027
0.557612
0.334149
0.241523
0.730969
0.480814
1.14992
0.66135
0.933472
0.900916
1.07992
0.373191
0.663796
1.11541
0.479167
0.782134
0.856787
1.33451
0.706475
0.246079
0.462711
0.633801
0.745781
0.899523
0.920899
1.21411
1.27795
0.979385
0.479061
0.699113
1.08918
0.323272
0.551933
1.13008
0.537322
1.22815
1.01031
0.8926
1.34752
0.932908
1.14092
0.704435
0.993003
0.614093
1.10346
0.835305
0.886261
0.541081
0.676281
0.625551
0.743184
0.568518
0.637517
0.707954
0.86443
1.17493
1.56064
0.669475
0.19681
0.271761
0.58667
0.69915
0.529281
0.581202
0.78364
0.714725
1.42697
0.529028
0.846583
0.960043
0.946008
1.43067
1.20349
0.626196
1.03534
0.709369
0.315279
0.772241
0.865005
1.06708
0.464526
1.36625
0.865013
0.81142
0.310629
0.38017
0.513473
0.881421
1.16989
0.524576
1.02349
1.02386
0.365612
1.5202
1.28964
1.03857
0.733853
1.32579
0.842572
1.16429
1.5309
1.3153
0.674943
0.845606
0.425861
0.718878
1.33907
0.287946
0.948775
0.704219
0.404363
0.762195
0.244143
0.674447
0.583118
0.990197
0.524206
0.629595
0.563953
0.258539
0.907692
1.20977
0.706828
0.520864
0.326901
0.841693
0.987032
0.750277
1.44984
0.958837
0.641297
0.580401
0.6739
0.670497
0.639559
0.814637
1.39593
0.537155
1.05371
0.791451
0.773945
0.797368
1.56817
0.326126
0.390355
1.05823
1.15659
0.582279
1.14427
0.365247
0.503307
1.0961
0.541238
0.512071
0.703942
1.35427
0.34121
1.07381
0.556074
0.890518
0.904769
0.641626
0.821549
0.41858
0.740212
0.760936
1.00091
0.799343
0.659937
1.03894
0.495137
0.465782
1.26782
0.674251
0.84346
1.06648
0.57339
0.718928
0.55699
0.90509
1.0966
1.18625
0.482689
0.12313
1.42858
1.06098
0.554841
1.18357
0.554609
1.11998
0.826102
0.692601
1.10604
0.861612
0.520225
0.847498
0.885349
0.881313
0.878911
0.825333
0.744341
0.659613
1.11097
1.56856
1.06111
0.308725
1.26227
0.832817
0.736452
0.723154
1.37385
0.914829
0.561648
1.11044
1.0107
0.569163
1.45653
0.498993
1.34138
1.14416
0.341781
0.438159
1.24999
0.796505
1.33751
1.03814
1.23047
1.11652
1.3549
0.367436
0.588824
1.2315
1.39645
0.167434
1.13747
1.28668
0.777315
0.932083
0.83943
1.0305
0.770151
1.06437
0.668437
0.741207
1.15865
0.810153
0.440478
0.497772
0.576243
0.704312
1.28836
0.997794
0.669899
1.1219
0.447378
0.589536
0.580784
0.663067
0.609755
0.873933
0.397349
0.758526
0.451682
0.997837
1.02983
1.03842
0.598908
1.33158
0.405151
0.584297
0.915706
1.40857
0.967793
0.71987
1.16758
0.713726
0.629874
1.46551
0.79346
0.907435
1.07637
0.877832
0.449329
0.500848
0.275812
1.04402
0.699659
0.875316
0.390258
0.307069
0.417862
0.504483
0.650686
0.340506
0.907288
0.833429
0.986849
1.21271
1.11812
0.695369
0.539175
1.41269
1.31651
0.914131
0.782556
0.476567
0.586439
0.974664
0.975558
1.27039
1.41205
1.25855
0.578072
0.600298
0.25056
1.22163
0.870463
1.10118
0.586147
1.05159
0.911004
1.26926
0.605571
0.640704
0.854131
0.722325
0.888771
0.481489
0.567354
1.30693
1.35575
0.620455
0.652447
1.29331
0.844171
1.057
0.635501
0.89817
1.03235
0.516362
0.790577
0.686219
1.27652
0.637683
0.929207
0.738758
0.915929
0.844078
1.0596
0.52274
0.599925
1.38348
0.594637
0.205109
0.292801
0.980016
0.685658
0.74693
0.800246
0.843399
0.729735
1.26647
1.21041
1.23133
1.12358
0.482692
1.4923
1.08337
1.08802
0.501142
0.73232
0.128711
0.883478
1.03426
1.39208
1.03935
0.910005
0.884553
0.436523
0.806908
0.277756
1.1679
1.24699
0.819504
0.60231
1.40701
1.32434
0.905532
1.53335
1.4914
1.48758
0.707314
0.729749
0.604263
0.846655
0.476549
0.998208
0.941509
0.275249
1.53693
0.682668
0.686211
1.25653
0.595314
1.27177
1.52361
0.55397
1.26766
0.641015
1.01041
1.31132
1.24938
0.884923
1.08598
0.502427
0.516726
0.61434
1.02535
0.460435
0.623494
1.0067
1.18926
0.587483
1.39369
1.06356
1.51917
0.436988
0.618404
0.629332
0.887292
0.515371
0.382875
0.702244
0.680349
0.856726
0.444404
0.822601
0.977211
0.439198
0.519864
0.821037
1.02516
0.493401
1.05829
0.495165
0.42108
0.493587
0.855504
0.426774
0.278014
0.766035
1.10013
0.535519
0.818752
0.42128
0.457053
0.782104
0.802644
0.948262
0.338953
0.850492
0.446492
0.374058
0.999304
0.594331
1.0591
0.705556
0.512665
0.88157
0.53955
0.495145
0.614303
1.53076
0.886193
0.49929
0.736335
1.08576
0.353755
0.952931
0.500639
0.572138
0.876548
0.522176
0.678197
1.47785
0.339979
0.930874
0.735481
1.41492
0.669917
1.09997
1.52099
0.660746
1.27743
0.424775
0.421338
0.871267
0.521537
0.985129
0.790457
0.959586
0.8422
0.563483
0.928215
0.963605
0.317957
0.451269
0.724086
0.906973
0.457061
1.03913
0.578174
0.442323
0.525494
0.793955
0.617874
0.343505
1.12632
0.425591
1.30868
0.545978
0.641241
0.329633
0.780365
0.652653
0.540477
1.26677
0.829636
0.576086
0.515649
1.48652
0.755403
0.526931
0.944246
1.07148
1.42287
0.5358
0.813916
1.44968
1.40768
1.19555
0.560065
0.698829
0.893929
0.766606
0.82577
0.692586
1.07852
1.18568
1.34141
1.25872
0.55737
0.66133
1.11091
0.972557
0.779917
0.561915
0.929102
0.721857
0.595806
0.954525
0.576257
0.675709
1.35077
1.05591
0.697543
0.830826
0.524724
0.829727
1.18509
1.12928
0.718495
0.381782
0.207269
0.902977
0.511856
0.429515
0.533622
0.755652
0.335297
1.38919
1.25846
1.2432
0.812039
1.54548
0.983732
1.23979
1.42511
0.616
1.02904
0.914249
1.10489
0.681192
1.14205
0.696752
0.768542
1.01552
1.27337
0.570493
0.376319
0.556765
0.62506
1.12695
0.986995
0.291108
0.908821
0.937931
0.517939
0.704318
1.15277
0.313993
0.760163
0.961639
0.39233
1.07754
1.09074
0.942681
1.51266
1.21647
0.5998
1.00832
0.767279
1.10167
0.937258
0.332413
0.787736
0.665842
0.360128
0.721901
0.414217
0.856728
1.28465
1.34004
0.763397
0.289427
0.567581
0.598218
0.63791
0.950735
0.591026
0.681205
0.817468
0.315838
0.899879
1.25335
0.973815
0.913762
0.606861
1.5447
0.674468
0.920154
0.28606
1.34787
0.803465
0.670099
0.753595
1.17107
0.830964
0.477284
0.841194
0.527194
0.726112
1.34698
0.596679
0.286399
0.683675
0.899707
1.35431
1.07827
0.535554
0.96383
0.411662
0.379232
0.686827
1.24194
0.722027
0.730643
1.52804
1.31479
1.19855
0.833216
1.00563
0.729561
1.05192
0.842338
1.0191
0.923775
0.511177
1.01073
1.0067
0.546539
0.438055
0.830874
0.617351
0.449541
1.11461
0.984418
0.604139
0.898196
1.38634
0.859338
0.445348
1.40633
0.646653
0.643513
0.808997
1.10284
1.00653
1.02842
0.998477
0.833141
1.34707
0.652836
0.964743
0.877023
0.509296
0.504252
0.248766
0.606327
1.0412
1.11408
1.24364
0.852317
0.963489
0.394593
1.37028
0.905048
0.633384
0.966701
1.42577
1.12554
1.02417
0.616485
0.974223
1.18662
0.94617
0.910775
0.746418
1.47638
0.415678
0.996938
0.775436
0.617382
1.46888
0.599945
0.988319
0.465809
1.39874
1.5062
1.09693
0.426614
1.27626
1.12164
1.52991
0.591519
0.781548
0.600301
0.752143
0.468926
0.53025
0.831297
0.579832
0.723567
1.02275
0.936569
0.915424
0.45221
1.31766
0.462112
0.773249
0.967493
0.810346
0.978802
1.34935
1.24983
0.499059
1.2312
0.362432
0.756979
0.24497
0.691719
1.10771
0.543331
0.486825
0.527136
0.490305
0.821915
1.05872
0.877381
0.930423
0.513141
0.431937
1.5416
0.991692
0.868493
1.23509
0.883869
0.648793
0.666588
0.694359
0.741486
1.16707
0.817869
0.282542
0.670578
1.153
1.20821
0.855902
0.782845
0.632713
0.349646
0.821945
0.832746
0.310152
0.60535
0.895732
0.849343
0.593085
0.807369
0.293129
1.15682
1.42153
0.464439
0.266993
0.844531
0.720885
0.693944
0.856785
1.22946
0.653702
0.578047
1.14566
1.23685
0.380117
0.989108
0.78353
0.396995
1.10057
0.66615
1.2168
0.336093
0.749555
0.40359
0.838636
0.245166
0.635507
0.807476
0.766604
1.03207
0.498719
0.56327
0.7935
0.354418
0.965673
0.532611
1.13009
0.991475
0.686519
0.349259
0.590898
0.495571
0.836623
0.82467
0.646713
1.49772
0.89543
1.16355
0.695618
0.430042
1.09241
0.663113
0.771543
0.372292
0.838461
1.06063
0.355358
0.638244
0.364103
0.259403
0.876184
0.842866
1.16236
0.456361
1.18296
0.986143
1.27353
0.56556
1.42816
1.35699
0.558612
0.674971
0.560532
1.0828
1.46285
0.766418
0.202959
0.743278
1.02727
0.877502
1.32666
0.839051
0.949196
0.942652
0.932988
1.25922
0.373513
0.431662
0.362394
0.551765
0.626809
0.64159
0.923954
0.226547
0.791022
0.332737
0.933806
1.55545
0.815163
1.30638
0.853204
0.797182
1.11272
0.645001
0.743031
0.597168
1.15132
0.604014
1.12261
0.272669
0.342677
1.54207
0.859236
0.727036
0.430775
0.544979
1.21933
0.263789
0.686
1.02629
0.469204
0.720627
0.656804
0.705971
1.08279
0.55673
1.28867
0.335885
1.08068
1.19921
0.429887
0.599666
0.894759
1.43558
1.32978
0.853391
1.14154
0.729888
0.759448
0.529344
0.981035
0.720753
0.538801
0.688258
1.40525
0.861183
0.738242
0.787134
0.723394
1.39729
1.39063
0.746952
1.07306
0.484132
0.871987
0.321668
0.527896
0.586309
0.767502
0.632345
1.41602
0.634402
1.37207
0.699825
0.633175
0.330682
1.0729
1.29529
1.18979
1.1474
1.02301
0.995655
0.554895
1.54877
1.495
1.22709
0.892872
0.249385
1.13918
0.951971
0.601874
0.794252
0.654172
0.67313
0.898904
1.55385
0.699911
0.877099
1.27076
1.45062
0.850039
1.03263
1.20859
0.91609
0.537027
1.2605
0.54313
0.379707
0.593661
1.23848
0.709817
0.45161
1.35795
0.804323
0.333501
0.715099
0.95968
0.689876
0.726657
1.09723
1.29048
0.88632
0.580554
1.18875
0.622048
1.27375
0.907983
0.972773
0.673131
0.579707
1.03732
0.876813
0.560833
0.140586
0.767495
0.632087
0.651863
0.410558
0.759541
0.767491
1.23464
0.247686
1.11244
1.2664
0.99674
1.1114
1.04384
0.701449
0.282036
0.488243
0.468079
1.23035
1.00145
1.18587
0.781057
0.277453
0.898956
1.1332
0.397627
0.754499
0.777195
0.557989
1.09126
0.951476
0.240392
0.932379
0.266393
0.576365
0.348213
0.545476
0.4942
0.582289
1.18774
0.987381
0.703293
0.507573
0.146439
1.36443
1.17499
0.397081
0.754555
0.653921
1.32848
0.590905
0.968656
0.840986
1.05468
0.939681
1.56449
0.956867
1.00917
0.613869
0.266678
0.955802
0.570088
0.436468
0.141181
0.481015
1.09171
0.868258
0.511214
0.55374
0.686974
1.16361
0.620952
0.713969
1.02659
0.945924
1.36674
0.527426
1.55336
0.372901
0.604146
0.833289
0.570434
1.09661
0.994533
0.830797
0.555644
0.710648
1.28099
0.422166
0.774893
0.788659
0.623282
0.897208
0.893404
0.487497
0.598976
0.556664
1.15636
1.15772
0.290419
1.25195
1.43268
0.61755
0.420456
0.552228
0.587898
0.412705
1.0907
0.932111
0.631892
0.646765
0.573769
1.39619
1.27001
1.39774
0.381743
0.421408
0.493546
0.707833
1.24967
0.823648
0.826614
0.684901
0.319306
1.5194
0.8202
1.47359
0.68386
0.930377
0.473802
0.634544
0.93214
0.742476
1.56271
0.614068
0.794316
0.301456
0.254828
1.02377
1.08615
0.698754
0.412719
1.34219
1.2024
0.78846
0.837208
0.739624
0.580712
0.7964
0.44274
0.715061
0.924282
0.923392
0.630062
1.2801
0.393319
0.952065
1.03422
0.773456
0.769818
0.898103
0.93192
0.824855
0.47999
1.34854
0.52256
1.40643
0.653277
0.352155
1.56948
0.703344
0.582078
0.829068
1.1298
0.712087
0.403105
1.38253
0.616348
0.780336
0.367508
1.23714
1.47931
1.03888
0.419068
0.969378
0.697845
0.910478
1.22602
0.734076
1.17749
0.951262
1.21572
0.527983
0.609254
0.570181
0.745294
0.589848
1.16772
0.715797
1.35393
0.936978
0.627817
1.55868
0.663415
1.27414
0.885827
0.3386
0.860459
0.83402
0.6322
1.25038
0.556286
1.28824
0.836361
0.328883
0.931238
0.940224
0.642788
1.31356
0.670523
0.884248
0.767738
0.459426
0.905446
0.657907
0.672049
1.41319
0.788694
0.865812
0.615699
1.19133
0.606355
0.318364
0.167486
0.960953
0.827912
1.43134
1.3693
0.872082
0.563835
0.659668
0.880239
1.18048
1.05118
0.923098
1.50746
0.844053
0.678127
0.399687
1.2263
1.21378
0.345794
1.20717
1.34457
0.377994
1.39395
0.340938
0.967403
0.704689
0.618005
0.837161
0.571961
1.01107
0.974434
0.317075
1.01088
0.843467
0.389366
1.4975
0.745743
0.938439
1.14174
1.06001
0.894924
0.760515
0.781248
0.359645
0.547635
0.333947
1.05372
0.76615
0.772555
0.647935
0.561801
0.4288
1.34309
1.48127
0.916543
0.700505
0.467385
1.2851
0.78055
0.689625
0.48766
0.726674
0.603953
0.37466
0.431759
0.989065
1.46641
0.59117
0.947095
0.92514
1.1866
0.618509
0.882981
1.12289
0.931912
0.790955
0.422957
0.610296
1.10464
0.832147
0.974523
0.979461
0.651677
0.60323
0.980479
0.498094
0.52794
0.547715
0.710967
0.53991
1.26657
0.371696
1.22491
0.728449
0.525676
0.533819
1.39005
1.30954
0.566168
0.487953
0.996285
0.656213
0.513623
0.836491
0.852282
0.93745
1.01139
0.427861
0.636379
1.01575
1.38086
1.1498
0.665364
1.38705
0.460578
1.32786
1.39836
0.676688
0.363718
0.954689
0.833973
1.0129
0.450034
1.05069
0.598763
0.502472
0.89931
0.897328
1.11889
0.817444
0.722111
0.514319
0.752737
0.75406
0.320012
1.08202
0.825303
0.404354
1.07258
0.788043
1.45969
0.320436
0.843372
1.4362
0.766731
0.810535
1.53235
1.00353
0.666216
1.01432
0.558192
0.600533
0.261479
0.812505
0.815682
1.05783
0.97835
1.12162
0.236644
0.98224
0.953854
0.580158
0.341649
0.497174
0.613561
0.76251
0.396323
0.634654
1.05798
1.23427
0.720383
0.765385
0.917643
0.962981
0.520841
1.49666
0.74044
0.711359
1.0239
1.52368
0.778811
0.689069
1.16037
1.00406
0.579799
1.4481
1.10549
0.545739
0.890429
0.746902
0.948267
0.667297
0.528067
0.53221
1.44315
0.675768
0.326622
0.742352
0.525669
0.337452
0.420911
0.820278
1.05722
0.755531
0.660507
1.34994
0.504619
1.04001
1.05827
0.723776
1.4048
0.965322
0.388066
0.58656
0.884107
0.707778
0.548583
1.20707
0.339682
0.217868
0.256457
0.804967
0.65182
1.04128
1.05315
1.23941
1.04351
1.06133
0.66607
0.749492
1.08383
0.252557
0.638688
0.386335
1.04527
0.328451
0.66122
0.793083
0.975357
1.2988
0.934739
0.54424
1.18135
0.795692
0.255968
0.594291
0.94159
0.721889
1.00873
0.355137
0.919065
0.698505
0.905732
1.36388
0.547328
1.07192
0.904858
1.12473
1.52981
0.913553
0.316338
1.11862
1.52633
0.305783
1.19199
0.179515
0.964511
0.681448
0.889672
1.04218
0.824854
0.252077
0.817595
0.883895
0.543894
0.748821
0.821522
1.2303
0.929107
0.637647
0.860509
1.35348
1.03833
0.448934
0.289372
0.670785
0.855702
0.235959
0.672769
0.454467
0.612827
0.915972
0.386377
0.472539
0.660272
0.717417
0.885758
0.42029
0.383915
0.384651
0.834207
0.276088
1.33052
1.35981
1.29224
1.24845
0.83916
1.08147
1.09026
0.689838
0.548701
0.495234
0.409621
0.521722
1.03459
0.654295
1.12182
1.30811
1.33614
0.972913
1.14423
0.660341
0.664778
1.23573
0.76885
0.569015
1.49298
0.86404
0.605752
0.29127
0.618205
0.901599
0.490779
0.617544
0.328766
0.968797
1.01194
0.812566
1.16103
0.580312
0.746048
1.18011
1.27789
1.21802
1.20866
0.603597
0.898321
0.264983
0.486939
1.01749
0.984215
0.70625
0.623034
0.671368
0.334384
0.938806
0.899167
0.961751
1.03906
1.27429
0.855158
1.06636
0.720317
0.767451
1.09363
0.709872
1.21013
1.32452
1.19303
1.35372
0.794209
0.991795
0.726017
1.45017
1.03233
0.396351
0.639942
0.685686
1.21155
1.08579
0.736097
0.848196
0.890055
0.715971
0.840361
0.67925
0.408212
1.51766
0.832968
0.86652
0.916477
0.938371
0.900628
0.347837
1.07695
1.1261
0.83276
0.599966
1.24354
0.476274
0.643413
0.984529
0.538651
0.596044
0.721213
1.21195
1.07897
0.890245
0.381316
0.822907
0.709773
0.49622
0.535849
0.755044
0.75084
1.0375
0.688533
1.13043
0.782243
0.704612
0.738409
0.675355
0.687357
1.30741
0.742709
1.26485
0.634894
0.790628
0.563273
0.992556
0.885384
0.718701
0.932836
1.03247
0.505659
0.965567
0.692462
0.661853
1.03549
1.39267
0.576089
0.789868
0.792159
0.322011
1.26449
0.554403
0.786072
0.972376
0.986613
0.351072
0.899799
1.14967
0.519639
0.546893
1.2372
1.38502
0.501595
0.216675
0.505666
0.269266
0.567496
0.819958
0.65141
1.1744
0.699115
0.747949
0.762082
1.49794
0.477133
0.567929
0.996465
0.321781
1.18363
0.91716
0.72936
0.395199
0.362965
1.44601
0.894129
0.590937
0.667045
1.38167
0.289235
0.954532
0.769269
0.229481
0.428341
0.488419
1.47146
0.481903
1.0983
0.967486
0.716598
0.630862
0.39029
1.4503
0.643797
1.24204
0.767618
0.412252
0.737768
1.23426
0.544948
0.792374
0.566587
0.588054
0.686621
0.866324
0.657988
0.573474
1.19649
0.825364
1.25628
0.960531
0.945187
0.497912
1.03264
0.784061
0.643876
0.738842
0.729299
1.02698
0.945512
1.28103
0.440673
0.476924
0.66709
0.903286
0.433145
0.743727
0.821773
1.54832
1.10869
0.511127
0.801204
0.989876
1.22242
0.610954
1.41177
0.661402
0.824872
0.808796
1.34163
0.81645
1.50133
0.570792
1.07986
0.9421
0.741225
0.482648
1.05477
0.510315
0.237555
0.444926
0.935813
0.548021
1.04838
1.04875
0.8674
0.370641
1.20861
0.31318
0.754021
0.73065
1.11646
1.21275
1.06974
1.01969
0.750726
1.06507
0.951903
1.38227
1.4143
0.949264
1.25841
0.541849
0.887797
0.349557
1.20397
0.307581
0.0614009
0.932488
1.13043
1.33436
0.448125
1.09571
0.350588
0.940588
0.763619
1.41135
0.946612
1.02453
0.683602
1.46771
0.877345
0.515596
0.372761
1.42279
1.44588
1.00844
0.378263
0.617691
1.12463
0.591468
0.901787
0.773023
0.907012
0.868913
0.474017
0.245162
0.428504
0.973489
1.42996
1.19737
0.880585
0.859531
1.09347
0.548456
1.50825
0.883766
0.167876
0.470543
1.24342
1.11628
0.286109
0.214019
0.93771
0.836766
0.894438
1.06879
0.226486
1.26285
0.830619
0.989537
1.02919
1.35597
1.20953
1.30669
0.423391
1.37577
0.819177
0.371167
0.383006
0.559372
0.453283
0.564514
0.825489
0.314875
0.387442
0.294865
0.543044
0.2719
1.23577
1.28383
0.256946
1.01764
0.393279
0.410309
0.613409
0.534083
0.85841
0.683862
1.27236
1.14697
0.844621
0.640848
0.785247
1.05449
0.396573
0.382098
0.816472
1.11841
0.413973
0.645914
0.485041
0.44524
1.16459
0.998213
1.13403
0.962075
0.396425
0.768423
0.805284
0.773407
1.48981
1.39639
0.875015
0.710519
0.692523
0.485895
1.14311
0.738472
1.00876
0.734798
0.226737
0.231179
0.211041
0.889929
0.92387
0.214757
0.691
1.01618
0.69082
0.517391
0.853205
0.823723
0.445269
1.12133
0.587416
0.531771
0.55965
0.763862
0.339213
0.661616
0.783096
1.29016
0.627533
0.584061
0.613792
0.510506
0.175139
0.692455
1.202
0.577421
0.719983
0.771386
0.657339
1.28086
0.826418
0.510173
1.22619
0.942902
0.800489
1.48957
0.759691
0.775763
0.809369
0.865644
0.860109
0.824367
1.38821
1.12066
1.09473
0.288729
0.829826
0.267302
0.890479
1.33968
0.852292
0.828033
0.327211
0.97252
1.23425
0.688809
1.24687
0.663995
0.582773
0.540945
0.600009
0.994361
0.683748
0.310757
1.0677
0.675667
0.732414
0.365338
0.749341
0.805604
0.41643
1.43413
0.726317
0.883178
0.505774
0.997395
0.280289
1.41295
1.09753
0.339173
0.691626
1.17809
0.558024
0.94965
1.09126
0.677345
0.264672
1.29692
0.220918
1.1437
1.10889
0.7541
0.789596
0.634777
0.401593
0.417787
0.671477
1.39491
0.5526
1.23684
0.5946
0.901663
0.567768
1.16011
0.535348
0.340491
0.887375
0.745889
1.52846
0.884884
0.992427
1.06891
0.420781
0.829001
0.959197
0.900325
1.25153
0.93862
1.45707
0.98242
0.411296
0.409366
0.698836
1.14177
0.798968
1.05901
1.55051
1.15799
0.775444
0.475343
0.524293
0.149662
0.678444
0.587312
1.13835
0.464294
0.709426
0.700647
1.44285
1.29854
0.745565
0.994455
0.611546
0.460607
0.75924
0.839512
0.156175
1.31066
1.00965
0.896426
0.406765
0.826364
1.46518
0.876568
0.919948
0.819091
0.869374
1.33408
1.20381
0.903944
0.800523
1.0439
0.900439
1.28951
1.44287
0.508258
0.658603
1.17853
0.912066
1.10091
0.780815
0.513389
1.4863
1.54357
0.309192
0.265711
0.775503
1.08062
1.48476
1.28452
1.19124
1.01682
0.822124
0.977445
1.13487
0.605489
0.635649
0.842707
1.00915
0.553518
0.994689
0.846427
1.34759
1.02073
1.24198
0.423478
0.541118
1.22655
0.702258
0.745064
0.592556
0.690539
0.370704
0.330281
0.630351
0.444208
1.06044
0.342106
1.03625
0.763767
0.851072
0.520114
0.326391
1.13944
0.804041
1.22735
0.763114
0.438213
0.895688
1.03239
0.679244
0.421567
0.660883
0.619393
0.853214
0.702044
1.35426
0.370662
0.630508
0.432314
0.721801
0.70499
0.580671
1.02567
1.09623
1.22858
0.877398
0.819644
0.851543
0.8873
0.815999
0.719298
1.5596
0.450447
1.46317
0.993413
0.837533
1.20405
0.584707
0.70589
0.835096
0.255312
0.466744
1.24372
1.53825
0.445831
0.544583
0.606004
0.732366
0.844637
1.18195
0.778458
0.0608482
0.615212
1.22152
0.709682
1.17768
0.93753
1.20947
0.191984
0.555539
0.468195
1.03833
0.540457
1.12372
0.885139
0.909478
0.761059
1.0049
0.722711
1.47265
0.486352
1.15094
0.482134
0.158183
0.623711
0.562664
0.877026
1.11997
1.02895
0.517946
0.469888
1.25518
0.326332
1.00216
0.746722
1.1385
0.487954
1.42566
1.03525
0.777061
1.49981
0.646921
1.16691
0.881925
1.02495
0.774561
0.410466
0.888397
0.758731
1.04228
0.941598
0.984797
0.950719
0.728619
0.572508
0.951721
0.689881
1.17689
1.06812
0.349181
0.624368
1.52165
1.11354
1.0337
0.969703
1.37563
0.74465
1.17261
0.441643
0.252734
0.945984
0.394696
1.10045
1.01115
0.198103
0.817549
0.611207
0.838846
1.10372
0.994496
0.334028
1.32686
1.26333
0.810827
0.982313
0.928985
0.444143
1.28216
0.90886
0.629964
1.05127
0.993963
1.18273
0.792718
0.665048
0.637014
0.973375
0.593306
1.1408
1.17317
0.845916
0.843797
0.917294
1.03366
0.446437
0.321922
1.15603
0.759377
1.28395
1.12202
1.16726
0.625813
0.630555
1.10206
0.380871
1.12473
1.22908
0.431373
0.794206
1.06331
1.26625
1.18278
1.24309
1.23589
1.07849
0.369299
1.28318
0.418671
0.709148
0.595323
0.42955
0.933279
0.65782
1.26868
1.03905
0.362978
0.965508
1.0232
0.6141
0.573771
0.403792
0.487424
0.362785
0.472615
1.08977
0.735171
0.866143
0.983113
1.19427
0.87853
0.542176
0.861266
1.23259
0.989958
1.20324
0.399274
0.956239
0.474934
0.395226
0.441666
1.0803
0.869653
0.904239
0.281502
0.888253
0.865063
0.860386
0.550818
0.495108
0.919273
0.644924
0.219241
1.3794
1.23028
0.498128
0.606606
0.874737
1.05956
1.49734
0.698942
1.04026
0.488448
0.469163
0.369639
0.179689
0.520551
0.312853
0.82786
0.180441
0.516937
0.418016
0.225202
1.19484
1.05169
0.381089
0.40649
0.804201
0.790955
1.01136
0.405167
0.395713
0.347365
1.33836
0.290329
1.11117
1.04716
1.43027
0.989166
0.859423
1.08074
0.486036
1.52818
1.46893
0.734596
0.544294
0.817102
0.630038
0.460099
0.946032
0.838876
0.809517
0.350275
0.682239
1.14356
0.881189
0.981099
1.31921
0.421164
0.868183
0.866808
0.816467
0.392533
1.03929
0.826947
1.10625
0.561505
1.25329
1.39765
0.977994
0.964914
0.963287
0.454346
1.51217
1.09357
0.481758
0.301016
0.39671
0.624421
0.504327
0.386896
0.764802
0.592541
0.44108
0.563611
0.674842
0.792158
1.10841
0.576421
0.910849
1.0186
0.61818
0.479255
1.10807
0.540784
0.774155
0.843641
1.13701
1.40912
0.701521
0.916027
0.662253
0.947346
1.43141
0.655064
1.10798
0.621146
0.643676
0.339901
1.09322
0.771229
0.455147
0.993799
1.41777
1.01982
1.19876
0.888353
0.881844
1.28259
1.42221
1.13658
0.87851
0.725196
0.727791
0.595358
1.29173
0.697123
1.05486
0.647592
1.33622
1.37748
1.36123
1.13638
0.13372
0.900958
1.05253
1.13288
0.355289
0.74266
0.753495
0.514025
1.06781
0.552158
0.279054
0.314558
0.75932
1.25488
0.542525
0.786122
1.15696
1.14147
1.08941
0.919756
1.38315
1.01808
0.791255
0.406538
1.40938
0.762144
0.454604
1.23265
0.234718
0.745633
0.590622
0.375491
0.480567
0.42268
0.994811
1.28795
0.373813
1.14761
0.598032
0.446984
0.785411
1.07362
0.976784
1.03735
0.955676
0.780754
0.900786
0.836334
0.657062
1.49426
0.640596
0.643544
1.0018
0.59538
1.18419
0.854508
0.769825
0.655059
0.695321
0.996027
0.551251
0.688703
0.902691
0.634678
0.86501
0.381068
1.1407
0.928901
1.46831
1.20038
1.4265
0.940509
1.13864
0.350416
0.627328
0.45016
0.771054
1.0382
0.716983
0.477788
0.872597
1.25816
0.876337
0.831224
0.858383
1.35156
1.38014
0.639525
1.44383
1.3889
1.5255
1.50859
0.645146
0.798495
1.228
1.35138
0.596785
1.25756
1.41756
0.892122
1.30688
0.62031
1.17055
0.838243
0.972239
0.298794
0.884873
0.377889
0.282388
1.52829
0.582337
0.876724
0.804254
0.716894
1.00597
0.697756
1.43941
0.654666
0.674933
0.501852
0.848251
0.656457
0.693666
1.20667
0.580472
0.703895
0.652489
0.747119
0.53035
0.383676
0.56244
0.802665
1.25549
0.786852
1.3968
1.18343
0.430695
0.661332
0.665364
0.55569
0.657294
0.712318
0.391689
0.599543
0.595287
0.57369
1.53659
0.461489
0.839531
0.331834
1.45092
0.776609
0.785552
0.244616
1.13413
0.318586
0.726104
0.2869
0.377664
0.266355
0.689894
0.883992
0.598066
0.58124
0.336141
1.0882
0.630718
0.19434
0.497806
0.53401
1.28335
0.987168
0.397929
1.06175
0.457282
0.602603
1.32807
1.18467
0.709959
1.08096
1.00135
0.612132
1.07314
1.2045
1.05672
1.07894
0.96458
0.147798
1.07405
1.16275
0.712046
0.961114
0.883848
0.566682
0.444287
0.856167
1.06427
0.885049
0.854644
0.414905
0.350614
1.31563
0.177935
1.29811
1.53659
0.676769
0.852679
0.668425
0.428122
1.03004
0.542141
0.38774
1.24477
0.572702
0.725135
0.547928
0.324369
0.463706
0.78162
0.589731
0.446614
0.437084
1.33812
0.747744
0.577764
0.931952
0.367138
1.24989
0.229979
0.456862
1.22533
1.11947
0.309772
0.357057
0.708693
0.51396
0.506464
0.95966
0.535354
1.07085
0.799373
0.406018
0.902732
0.480798
0.317423
0.767091
0.261241
1.3959
0.883054
0.907092
0.973489
0.336357
0.630155
0.274933
1.33484
0.998456
1.16199
0.873414
1.53881
1.18108
1.37977
0.83009
0.656502
1.03618
1.28453
1.04059
0.447065
0.988825
1.08823
0.329253
0.993257
0.794593
0.242936
0.989821
0.963474
0.841719
0.509609
0.614402
0.529671
0.797209
0.384195
0.519675
0.849034
0.702657
0.27554
0.717669
1.21885
0.325631
0.737284
0.934688
0.778283
0.985353
1.0154
0.768488
1.34955
0.478003
1.26858
1.15438
0.910192
0.784021
0.624613
0.524966
1.34175
0.76604
0.517014
0.982019
0.792843
1.03983
0.587044
0.991121
1.3625
0.628631
0.610619
0.24264
0.612872
1.48186
1.0982
1.46149
0.830923
0.826467
1.11354
0.22348
0.935673
1.50832
0.288433
0.949627
0.700608
0.669152
0.437796
0.3945
0.401514
0.870301
0.932295
0.289763
1.51208
0.826127
1.00002
0.662086
0.594868
0.955502
1.15651
0.373968
0.732586
1.24498
0.799674
0.596351
1.08471
0.576271
0.3842
1.36732
0.919098
0.909005
1.1931
1.07194
1.04676
1.07758
1.54672
0.967537
1.19932
0.51705
0.42106
0.675999
0.783863
0.863092
1.34277
0.898319
0.624881
0.570901
1.31963
0.867386
1.01782
0.834417
1.218
0.606311
0.625893
0.669031
0.685597
1.21854
0.730068
0.753676
0.744609
0.505727
0.672385
0.921939
1.02449
1.2112
1.25796
1.03794
1.04743
0.986471
0.533845
0.586887
0.572084
1.01709
1.23315
1.41508
0.783821
0.8968
0.942911
0.46287
0.268637
1.00768
1.13283
1.46399
0.180491
1.17168
1.14043
0.985228
0.340797
0.613976
1.54423
0.640687
1.37555
0.938977
1.02662
0.555343
0.848046
1.52175
0.564184
0.806308
0.986785
0.978259
0.441694
0.553568
0.576298
1.39415
1.16283
0.977656
0.637311
0.7285
0.225859
0.24495
0.432656
0.507594
0.652969
0.944351
0.593537
0.953718
1.1577
0.998753
0.670188
1.01832
0.67612
0.839933
0.986187
0.414545
0.66866
0.433629
0.233305
0.710214
0.969343
0.820584
0.460636
1.07831
0.608339
0.675816
0.714086
1.3445
1.23497
0.952607
0.736577
1.14648
0.14989
0.461077
0.912736
1.11997
0.90527
0.87515
1.4453
0.324354
1.22363
0.459324
0.962105
0.713574
0.290688
0.874658
0.643208
0.498673
1.00403
0.703688
0.67177
0.457769
1.30271
0.685427
0.817827
0.710523
0.6768
1.31398
1.02794
0.742905
0.629983
0.428108
0.576692
0.863749
0.737872
0.646225
0.70401
0.611977
0.837705
1.54252
1.14325
1.29784
0.508918
0.738137
0.901989
0.639929
1.16341
0.999603
0.708164
0.722134
1.09719
0.939734
0.286101
0.862264
0.416885
0.721953
0.748126
0.877165
1.16336
0.883241
0.826063
0.955476
0.53998
0.566182
1.16704
0.952568
1.37199
0.572075
0.809032
0.346723
1.0182
0.531312
1.38213
0.873652
0.65188
0.681231
0.811786
0.547097
0.60049
0.86937
0.786603
0.321223
0.614064
0.397402
0.749751
0.77364
1.08722
1.13163
0.805755
0.795748
1.13017
1.10446
0.409091
0.851845
0.56687
0.993405
0.310398
0.49104
1.48701
0.396114
0.549142
1.16785
0.806178
0.646564
0.664801
0.605007
0.871401
0.775593
1.36489
1.23258
0.389787
0.816376
0.399597
1.08756
0.900182
0.725592
0.36728
0.589348
1.22188
0.691624
0.723902
1.30141
0.621563
0.376456
0.43924
0.761959
0.64477
1.0726
0.587371
1.46598
1.01739
0.399546
0.600824
1.37035
0.796968
1.02594
1.06786
0.720907
0.239146
1.23684
0.845684
1.12466
1.01732
1.50494
1.22342
0.794702
0.678515
0.729713
1.17532
0.587716
0.85679
0.569081
0.544568
1.33398
0.342427
0.770999
0.466236
0.770271
0.67294
0.234862
0.611887
1.19814
0.718749
0.337444
1.16252
0.483469
0.885205
0.513214
0.831595
0.358433
0.637635
0.840295
0.993515
0.986493
0.557545
0.460613
0.719356
0.576463
1.24508
0.347655
0.993954
0.419821
1.17416
1.02575
0.381959
0.832263
0.457393
1.48127
0.57309
0.906145
1.2666
0.564499
0.909551
1.19085
1.29787
1.44143
1.32695
0.438292
0.601224
0.576889
1.39705
0.783352
1.20264
0.733092
0.357005
0.373168
0.995699
0.615186
0.511985
1.20228
1.54608
1.34482
0.931045
0.495321
0.829418
0.480013
1.01115
1.18589
0.430875
0.81031
0.239399
1.09213
1.18618
0.480745
0.245201
1.077
0.269854
0.58168
0.258366
1.48117
0.718842
0.406909
0.555979
1.09905
0.419084
1.24226
0.674775
0.236525
0.436874
1.05172
0.876159
0.889599
0.713325
0.910762
0.838028
0.659834
0.88667
0.634271
1.28518
0.977695
1.36316
0.563841
0.664991
0.586118
0.597809
0.5687
1.05783
1.10514
0.913271
1.1573
1.27819
1.46275
1.00052
0.685989
0.46756
0.614042
0.528081
0.692379
1.10766
0.820685
1.4147
0.943581
0.753648
1.07632
0.50883
0.655027
0.870743
1.00071
0.73999
0.968542
0.736528
1.37001
1.03301
0.832778
1.48284
0.532768
0.870098
1.21739
1.01183
1.16311
0.711287
1.09857
0.692356
0.776682
0.66192
0.499232
0.524255
0.233804
1.00706
1.36578
0.6339
0.623698
1.33223
1.08654
1.0846
1.0246
1.08888
1.38907
0.691002
0.928049
1.46545
1.07854
1.28766
0.874698
0.419816
0.906275
1.22896
0.821919
0.966088
0.843957
0.887905
0.936171
0.924561
0.670574
1.03504
0.391096
1.16465
1.11328
1.09189
1.42165
0.667063
0.959265
0.82359
0.773099
1.29645
0.841365
0.995899
0.832426
0.948238
0.667773
1.02464
0.553883
1.33113
0.400017
0.6918
0.929263
0.84901
0.926495
0.864278
0.486112
0.881797
0.18917
1.48335
0.387293
1.10334
0.755687
1.45479
1.23057
0.288048
0.279518
0.595677
1.39688
1.088
1.14191
1.53034
0.331599
1.12471
0.996107
1.16667
0.434917
0.652505
0.604154
0.742623
0.276596
1.06696
0.328406
1.06751
1.19112
1.37473
1.013
1.22252
0.196585
0.472818
1.09438
0.848045
0.494346
0.544827
0.8479
0.65543
0.744185
0.613211
1.53827
0.998726
0.951284
0.652575
0.494941
1.12412
0.424189
1.10742
1.27969
1.05634
0.531783
0.749912
0.591855
0.58582
0.51735
1.13361
0.396936
0.456097
0.691705
0.5274
1.10716
1.11344
0.879349
0.483935
1.17576
0.655055
0.992042
0.654733
0.750396
0.891605
0.717759
0.33305
0.581529
0.997728
0.871567
0.920245
1.41887
0.460226
1.11925
1.14592
0.878279
0.406522
1.35026
0.603674
0.861758
0.243915
0.385483
1.01537
1.35836
1.55134
0.751867
0.516131
0.361543
0.974884
0.943847
0.690128
0.233356
0.806566
1.08755
0.805755
1.13117
0.51331
1.11818
1.02256
0.96918
0.270655
0.413308
1.00446
1.53495
0.684905
0.897216
0.309054
0.696507
0.790812
0.735948
1.14209
0.906437
0.964477
0.75423
0.389973
0.699224
0.651174
0.329673
0.753994
1.02513
0.70852
0.838325
1.02951
0.600153
0.530761
0.704049
1.43017
0.791407
0.625709
1.12215
0.616422
1.21536
1.08903
1.35503
0.688045
0.380335
0.482858
0.923308
0.462214
1.12125
0.496388
0.711781
0.0473143
1.0487
0.987751
1.07426
0.626376
0.477162
0.76657
0.383323
0.7074
0.940246
0.728359
0.328415
1.09352
0.556931
1.27342
0.642388
0.354298
0.389406
1.00235
0.706915
0.439845
0.500289
0.736645
1.28281
0.475319
1.05204
0.751997
0.618351
0.693753
1.43298
1.46624
0.859468
0.360366
0.516072
0.421583
0.955628
1.53584
0.97079
1.37756
0.792525
0.488602
1.01717
0.715309
0.407501
0.422892
0.841752
0.89209
0.700616
0.705212
0.44167
1.38364
0.297973
0.901851
0.573715
0.321008
0.478056
0.755093
0.366864
0.593076
0.59045
0.836554
1.08434
0.562984
1.02621
0.716225
0.336668
1.29647
1.42881
1.34945
0.555234
1.11278
1.28015
0.660289
1.11571
0.721825
0.774946
0.521255
0.77192
0.308596
1.45403
0.954054
0.878949
1.06982
0.301991
1.05159
0.542986
0.942909
0.789347
0.58136
0.933666
0.549832
0.477527
0.761224
0.869703
0.688288
1.11046
1.48306
1.11916
1.11776
0.660214
1.18527
0.956611
1.11467
1.21169
0.849341
0.929665
1.14154
1.32348
0.873984
0.823058
0.86424
1.07213
0.754855
1.56276
1.10573
0.614432
0.817733
0.678712
0.798258
0.837505
1.03066
0.901766
0.799193
1.41489
0.299461
0.967403
0.815803
1.146
0.789281
0.585248
0.656144
0.839121
1.07942
1.20291
0.784505
1.15127
1.11483
0.743742
0.83448
0.328648
0.525494
0.754154
0.612297
0.984969
0.918339
0.574419
1.00957
0.419696
0.668375
0.920673
0.497564
0.372903
0.705436
0.831889
0.933345
0.785973
0.849199
0.330848
0.815849
0.886107
0.117179
0.466175
0.922371
0.57164
0.686044
0.513713
1.30865
1.0553
0.684869
0.921911
1.16494
1.06111
1.46756
0.56443
1.04249
0.253901
1.05794
0.57212
0.249985
0.647337
0.663507
0.776537
1.25207
0.886375
0.522568
0.571262
0.595093
1.08539
1.21777
0.555657
0.743862
1.03962
0.426349
1.42537
1.3206
0.423413
0.744506
0.632462
0.820607
0.665478
0.478123
0.845013
0.76358
0.790421
0.940865
0.846687
