0.291591
0.980778
0.844957
0.975028
0.417907
0.792351
1.17386
0.830503
0.697201
1.29577
1.28379
0.713163
0.277469
0.604726
0.606381
1.41038
0.957158
1.3058
0.604531
0.59089
0.58694
0.781892
0.802692
1.06389
0.646584
1.1506
1.15165
0.800185
1.21013
1.10864
0.942248
0.357788
0.734563
1.17261
0.604037
0.634761
1.0881
0.855602
1.31748
1.13673
0.871427
0.84634
1.02181
0.850527
0.740919
0.905186
0.792459
1.26426
1.16188
0.704637
0.823487
0.847136
1.18516
0.900635
0.512507
1.07409
1.11042
0.893719
0.892741
0.685179
0.375529
0.411351
0.540444
0.729154
0.311498
0.380195
1.2842
1.25223
0.639398
1.00651
1.11003
1.18683
0.890405
0.652811
0.552481
1.04719
0.52552
0.706819
0.283212
0.905251
1.56615
1.26544
0.838897
0.810383
0.383726
1.27746
1.04574
0.677259
0.500407
0.911068
0.907426
0.729571
0.685801
0.76762
0.649356
0.711205
1.12308
0.912417
0.793479
0.628987
0.921883
0.683596
0.730293
0.348106
0.797764
0.874242
0.406011
0.82581
0.499347
0.636686
1.5247
0.910801
1.02795
0.838102
0.434344
0.53023
0.697569
0.798767
1.37542
0.639731
1.03435
0.730042
0.645126
0.814808
1.096
0.321664
1.13483
0.794407
1.35735
0.486766
1.09623
1.35359
1.18283
1.03402
1.16624
1.12208
1.17805
1.14849
0.670087
0.8219
0.999304
0.318141
0.556302
0.698446
0.886767
0.649824
0.915475
1.07038
1.125
1.56406
0.879213
1.52333
0.778973
1.25129
1.23158
0.23108
0.47431
1.53264
1.46708
0.872666
0.845912
0.253136
0.326861
0.719684
1.07646
0.601462
1.18363
1.21492
0.718409
1.06716
1.18278
0.358507
0.293638
0.911799
0.641588
0.836214
1.2082
1.06971
1.31659
0.554613
0.972712
0.238855
0.656681
1.127
1.26672
0.938804
0.264683
1.2884
0.748856
1.34687
1.45861
0.161813
0.817408
0.574028
1.19139
1.49748
0.503092
0.726037
0.650907
1.57011
0.94786
0.630002
1.33012
1.04372
0.559802
1.20908
0.929001
0.875183
0.475086
0.752719
1.40013
1.01927
1.55768
0.736843
0.936175
1.51759
0.965122
0.548763
1.08162
0.743912
0.971406
1.21597
1.21893
0.794624
0.711713
0.402221
0.616593
0.620375
0.917666
0.278246
1.50797
1.19608
0.558813
0.930106
0.97099
1.07861
1.03228
0.870767
1.39468
1.19005
0.495058
1.02401
0.598205
1.55851
0.922234
1.28287
0.801522
1.41735
0.409214
0.990392
0.658164
1.35409
0.684066
0.710101
1.02446
1.49216
0.76125
1.24402
0.515217
0.778783
0.92446
0.98906
1.11955
0.409655
0.225089
0.525904
0.877834
1.56304
1.5488
0.527251
0.889724
0.634555
1.00242
0.591018
0.886468
1.41046
0.539356
1.51127
1.5341
0.495758
0.550345
0.745143
1.10927
0.248477
0.373223
1.21564
1.42383
1.09498
0.781591
0.568231
1.23975
0.28579
0.535144
1.00209
0.983727
0.930617
1.27861
1.05737
1.3014
0.634056
1.00979
1.55781
0.66844
1.52646
0.0786275
0.198299
0.966586
0.480385
1.07818
0.958
0.404851
0.719236
0.682392
1.07886
1.43416
0.765091
0.602547
0.46785
0.614207
0.908131
1.23012
0.639875
1.1022
1.41422
0.210089
0.19446
0.795507
0.929728
0.933053
0.701133
0.82759
1.40274
0.621644
0.980238
0.527245
1.10303
1.26063
1.51088
1.15762
0.778204
0.831041
0.673071
0.985676
1.33469
1.4442
0.565981
0.503905
0.562387
0.889854
0.300248
0.289471
1.52962
1.47717
1.49573
1.31018
0.533492
0.747918
0.797145
0.495914
0.951165
0.575385
1.34918
0.663719
0.847727
0.68026
0.712089
1.07911
0.488232
0.53509
0.645897
0.747574
0.399856
0.718431
0.73959
1.04823
0.52973
1.04787
0.425667
1.33705
0.807291
0.816718
0.382522
1.20147
0.811891
1.08609
0.986304
0.936174
0.773467
0.721553
0.798196
0.330841
0.937117
0.982471
0.60536
1.06473
1.11633
1.4444
1.46672
0.927843
1.54555
0.630979
0.460743
0.819511
0.825841
0.793658
1.14876
0.141122
1.18833
1.15193
0.975738
0.515502
0.784398
0.983909
0.520972
1.54294
0.931308
0.453779
0.79953
1.45334
1.00256
1.48145
0.970315
0.417951
0.514214
1.19909
0.371954
0.719646
0.763672
1.19467
0.526556
1.15522
1.55988
1.50557
0.864337
0.682444
0.651353
0.834307
1.49972
0.904786
0.873347
0.304228
0.574272
0.704385
1.25059
1.5323
1.1652
1.40133
0.83043
1.10042
0.268018
0.891018
1.15651
1.22481
0.352584
1.0721
0.544351
0.707883
0.806323
0.7276
0.942607
0.634134
0.620633
0.704238
1.48103
1.19586
0.830878
1.44601
0.944611
1.26304
1.22766
0.534476
0.210998
0.912554
1.52959
1.43795
0.628614
1.30397
0.957605
0.950974
0.655417
0.909865
1.23161
0.807323
1.11869
1.46002
0.362313
1.22494
1.55091
0.881062
1.50827
1.54339
1.13252
0.265745
0.421387
0.95112
0.655209
0.353911
1.5488
0.480355
1.43352
0.734303
0.712614
1.13682
0.824155
0.912639
0.660145
0.98663
0.355427
0.868152
0.490178
0.713131
0.799593
0.9775
0.954247
0.722443
0.614483
0.937653
0.668721
0.711959
1.00277
0.758087
1.50829
0.641007
0.602739
0.744353
0.596775
1.09585
0.493554
0.712161
1.04737
0.757561
1.16714
0.819012
1.08509
0.443139
0.693945
0.567983
0.271205
1.51217
0.709666
1.09085
1.27613
0.582508
0.284558
1.02223
1.07659
0.651812
0.33667
0.559142
0.741724
1.17107
0.421202
0.660812
0.793318
1.08672
0.749766
0.900577
0.300921
1.5423
1.13302
0.958951
1.51768
0.188296
0.598753
0.795673
1.06533
0.671835
0.601349
0.581294
1.28046
0.45536
1.20039
0.904418
0.584661
1.08534
1.20841
1.0516
0.992892
0.802591
0.950078
1.27618
0.71198
0.630565
0.765541
0.605042
0.773317
0.55885
0.979528
1.1368
1.37494
0.84768
0.971643
1.00646
0.93893
1.10155
0.184724
1.03879
1.33097
0.403003
0.424139
0.873974
0.31593
0.606682
0.691726
1.03212
1.39115
1.53475
0.838591
1.18581
0.875632
1.07226
1.17741
1.08011
0.906695
0.916971
0.364082
0.25566
0.476284
0.900666
0.824631
0.611806
1.47934
0.874207
0.605963
0.625748
0.810967
0.655037
1.50951
0.965882
0.565912
1.42274
0.171262
0.662407
0.404259
0.922074
0.81642
1.05182
0.689888
0.891253
0.530225
1.20367
0.63971
0.489325
0.302149
1.21371
1.12172
0.480585
0.747
1.47928
0.64451
0.678922
0.479093
0.0912178
0.31055
0.505301
1.00956
0.94635
0.397911
0.625007
0.869767
1.18776
0.71732
0.586521
0.749269
1.51551
0.357261
1.33817
0.998424
0.343136
1.09614
0.64552
0.84324
1.40078
0.3309
1.20101
0.706846
0.362322
0.889344
1.08037
0.614923
1.15048
0.443033
0.884308
1.47702
0.539565
0.979843
1.24173
0.786536
1.18793
0.516964
1.02974
0.998149
1.096
0.836573
0.969966
1.07249
1.06179
0.988054
1.19716
0.349584
1.01428
1.09986
0.595329
1.29829
1.04113
1.1454
0.856547
0.824173
1.33437
0.583572
1.44718
1.17195
0.563999
1.12806
0.913577
1.04655
0.662397
0.884786
0.377139
0.368235
0.584709
1.54569
0.272328
0.899673
0.619475
0.383371
0.756241
0.589939
0.584279
0.790812
0.665073
0.348523
0.506529
0.9932
0.578944
0.701074
0.380587
0.508763
1.23848
1.3211
1.31699
0.64316
1.45687
0.774559
0.921887
1.12915
1.09149
0.336539
0.300333
0.609509
0.516733
1.01111
1.22844
1.05959
0.614732
0.432404
0.453536
0.689601
1.22408
0.679646
0.719295
0.693468
0.798719
0.843953
1.44728
0.400313
0.827755
1.50599
0.860198
0.643907
0.961369
1.09006
0.596379
1.15323
0.539166
1.53446
1.27498
0.665012
0.823249
0.773558
0.966158
0.58737
0.36517
0.987602
0.694865
0.0905303
1.45592
0.924819
1.29045
1.27512
0.821219
0.575376
0.605284
0.459042
0.868478
1.19577
0.85882
0.662919
1.29198
0.464274
0.845414
0.85035
1.05117
0.839371
0.190227
1.27599
0.603623
1.12229
0.61723
0.894904
0.862158
1.28577
1.39276
0.556324
0.748831
0.37912
1.12231
0.997311
0.221563
1.13511
0.551441
0.938152
0.617676
0.658192
0.689296
1.10541
1.0076
0.995915
0.31673
0.836812
0.411124
1.30184
0.496477
0.206122
0.782598
0.880278
1.13603
1.36709
1.42246
1.29963
0.551948
0.654549
0.659673
1.20885
1.56985
0.838491
0.934432
0.676105
0.602125
1.19129
0.669561
1.07225
1.22707
0.674991
1.1598
1.40341
0.447706
0.538102
0.478424
1.41014
0.38464
1.00275
1.41285
0.825418
0.365677
0.335675
1.20217
1.13392
0.762791
0.536754
1.07003
0.822264
0.734275
0.652464
0.545561
1.42314
1.08102
0.875024
0.766403
0.972451
1.03978
1.03116
1.29809
0.657992
0.40505
1.40232
0.260641
0.63486
1.16151
1.25153
1.06973
1.20695
1.02878
0.320084
0.89846
1.33163
1.45189
0.756445
0.305342
1.13785
0.465375
1.27233
1.22618
1.26598
1.1287
0.910072
1.19479
0.78052
1.24591
0.525496
1.21812
1.03327
0.392808
0.448017
0.45838
1.00876
0.39328
1.19558
1.42292
0.489827
0.869144
1.207
0.639836
0.368303
0.710596
0.86064
0.961662
0.904324
1.28221
0.577813
0.594871
0.837998
1.01936
0.292289
1.47598
0.992032
0.489175
0.54294
1.56941
0.659558
1.30468
0.502079
0.728788
1.16555
0.243091
0.718064
0.621071
1.55897
1.22461
0.27665
1.20311
0.865687
0.478585
0.50242
1.49729
1.47605
0.970482
1.06969
1.4274
1.11259
1.1267
0.791802
0.827562
1.28362
0.621212
1.43616
0.864413
0.587886
0.448784
0.735308
0.330261
1.48893
1.14539
0.942792
0.831558
1.44623
0.642851
0.549812
0.587762
0.477355
1.02771
0.221624
1.5195
1.41887
0.627289
0.896135
0.62804
1.44228
0.22666
0.524593
0.168816
1.24914
1.09236
0.658937
1.23622
0.456481
0.382298
0.356238
1.52244
0.775911
1.01819
0.811277
1.09435
0.657289
0.411285
0.779972
1.18971
1.03593
1.51747
0.337766
0.39498
0.810225
0.428948
0.690536
1.31193
1.52565
0.957488
0.626569
1.50414
0.797996
0.424371
0.72219
0.972968
1.08913
0.896619
1.2599
0.923207
0.746947
0.943656
0.262559
0.391024
1.21747
0.869478
0.766924
1.41468
1.03491
1.23494
0.780903
1.23366
0.158314
0.929231
0.649474
1.22633
1.13026
1.24781
1.31951
0.791013
0.467238
1.03911
0.899872
0.764537
1.02399
1.09599
0.568878
0.681073
1.10287
0.519352
0.572979
0.419436
0.68916
1.18254
1.33804
0.890965
1.35338
0.839957
1.28391
0.489799
1.19745
1.22298
0.773288
0.851312
1.37369
1.08903
0.59014
1.47325
0.814563
0.886325
0.352368
1.5521
0.893361
0.53504
0.742121
0.959071
1.05107
1.46314
0.966956
1.12621
1.33008
0.448698
0.289748
0.643354
0.873159
0.373974
0.284926
0.876241
0.415517
0.471497
1.228
0.445275
0.76757
0.288522
1.3754
1.03987
0.706135
1.41208
0.63882
0.405495
1.31007
1.48823
1.51723
1.22479
0.648272
0.879095
0.847333
0.361925
0.44834
1.09096
0.529795
0.85668
1.53189
0.90453
0.607188
0.427233
0.824961
0.614214
0.203584
1.24222
1.44464
1.18033
0.50802
0.821095
0.720582
0.696832
0.825583
0.591169
0.830904
0.890249
1.45374
0.559315
1.26933
0.901001
1.1871
0.783389
0.687975
0.990664
0.680288
0.939949
0.643643
0.544491
0.671791
0.775666
1.37724
0.431932
1.49697
1.51379
0.791193
0.861421
1.45633
0.551228
1.05992
0.703486
1.4485
0.546243
0.625242
0.903346
0.663601
1.52941
1.37291
0.783148
0.188729
0.849169
0.780658
0.402742
0.415825
0.481088
1.13236
1.11651
0.277059
0.381971
0.526313
0.904309
0.95101
0.796383
1.14037
1.01472
1.1211
1.00516
0.50805
0.508814
0.615529
0.368234
0.996254
0.787748
0.522271
1.17173
0.85654
0.736542
0.947964
0.739988
1.1048
1.31216
0.466878
0.245466
0.388106
0.195094
1.22479
1.10676
0.579876
0.963841
0.776412
0.685454
1.10678
0.248298
0.0858272
0.364991
1.06596
0.582558
0.733617
0.892343
1.28355
0.716773
0.439094
0.807534
1.41105
0.896348
0.867014
1.18438
0.884805
0.651082
0.483092
0.92756
0.391428
0.900127
1.5682
1.07844
0.879484
0.978966
1.4948
1.46714
1.11315
0.913978
1.40826
0.197015
1.4963
0.489448
0.88795
0.676752
0.381704
0.932907
0.45808
0.574199
0.424188
0.792859
0.776397
0.98842
0.798251
0.738241
0.820078
1.26794
0.338236
1.05664
0.476041
1.14336
0.797132
1.02977
0.714752
0.962916
0.889236
0.757319
0.18016
0.712347
1.12586
1.12338
0.435316
0.827597
0.954918
1.10552
0.979218
0.922491
0.411551
0.938601
1.12094
0.790654
0.6534
0.862203
0.799451
0.618728
1.0117
0.591486
1.07898
0.336066
1.21759
1.0431
0.432131
0.813003
0.988836
0.888854
1.22395
1.27512
0.247391
1.03523
0.33326
0.601652
0.678464
0.844599
0.979045
0.993825
0.864763
1.01445
0.7536
0.979581
1.05148
0.865763
0.703585
0.282555
0.961007
1.26603
0.147399
0.731502
1.0445
1.35741
0.461563
1.37868
1.31027
0.15802
0.440887
1.42285
0.673511
0.972759
0.610084
1.05724
0.889507
1.01103
1.09074
0.821289
0.819078
0.544213
0.902438
0.418585
1.33805
0.710579
1.20569
1.15793
0.968589
1.08275
1.02085
0.820281
0.885636
1.04552
0.54712
0.407331
0.715145
0.464995
0.867018
1.42341
0.394075
0.468932
0.55316
0.625172
0.76053
1.55809
0.212939
0.835212
0.667273
0.72659
1.05247
0.745102
0.967501
1.06392
1.09596
1.46531
0.494856
0.746344
1.01034
1.13461
0.528998
0.974431
0.771198
1.14684
1.08854
0.431419
0.926962
1.11099
0.887939
0.395323
1.02302
0.882728
0.388648
0.499164
1.47808
1.29506
0.671353
0.867986
1.51765
0.829054
0.900555
1.44958
0.455479
1.06141
1.35481
0.676137
0.515773
1.04333
0.522018
0.5657
1.0948
0.446695
0.951356
0.716189
0.692043
0.382148
0.88949
0.533587
0.549695
0.319819
0.986018
0.787865
1.1524
0.791487
1.00303
1.4637
1.28669
0.995219
0.694851
0.664178
0.553085
1.21769
0.657623
1.17983
0.968533
1.52925
0.858858
0.357454
0.841145
1.40972
0.869475
0.590759
0.347581
0.71491
0.537043
1.03767
0.543521
0.756714
0.80141
0.837658
0.392509
1.11729
1.12781
0.782402
0.618596
1.38156
0.353656
0.591553
0.405305
1.24515
1.0293
1.24
1.45313
0.56227
0.836366
0.399999
0.666372
0.99858
0.766116
0.706541
0.772182
1.44177
0.723909
0.717034
0.978262
1.44617
1.27791
1.29192
0.453917
0.522944
0.511301
0.742347
0.988007
1.40753
0.56032
0.561686
0.891677
0.645619
0.583495
0.820535
0.678363
0.881865
0.0959461
0.92993
0.270686
0.570471
0.721307
0.624298
0.810181
1.18692
1.23635
0.792298
0.533825
0.734838
1.37366
1.36657
0.805394
1.07152
1.17312
0.483409
0.680051
1.36044
1.1789
0.589859
0.482141
0.225173
0.483253
0.349282
0.528576
0.267192
1.36052
1.29638
0.536451
0.963782
1.38356
1.48946
0.249301
1.48981
1.31477
0.622755
0.608437
0.546844
0.298404
0.846499
1.1824
0.958501
0.759278
1.19604
1.10745
0.615334
0.901028
0.537629
1.288
1.31144
1.02616
0.34984
0.671614
0.649476
0.731874
0.895876
1.22729
1.16221
0.396623
0.634611
0.803734
1.30563
0.895633
0.469606
1.09225
1.10786
0.627157
0.753389
0.692355
0.336962
0.763004
1.41171
1.48368
1.16431
0.657023
1.00059
1.33726
0.728966
0.92273
0.811651
0.389706
1.03555
1.19283
1.04938
0.358999
0.960454
0.829203
0.71867
0.497373
1.10633
0.997403
0.960983
1.0074
0.887926
0.608229
0.480535
0.913427
1.09056
0.809577
0.355411
0.414424
1.17852
0.979734
1.21105
1.44613
0.928059
1.4102
1.0381
1.20759
0.499295
0.689235
0.940921
0.63304
1.03163
1.06929
0.963717
0.730782
0.234764
0.267725
0.465338
1.36549
1.15246
0.679463
0.966465
0.998163
0.660755
0.597963
0.822059
0.507693
1.01641
1.09962
0.400201
1.04292
0.45442
0.813014
1.21467
1.03502
1.09723
0.864961
0.652987
0.333926
0.41036
0.737177
1.31839
1.15817
0.533102
0.488471
1.49389
0.582078
1.4986
1.05736
0.863848
0.925768
0.99684
0.940021
0.35154
0.875419
1.06559
0.408462
0.868671
0.65734
0.821213
0.503849
0.338793
1.32521
0.752218
1.37047
0.717222
0.913271
0.833835
0.780858
1.39353
0.704054
1.05336
0.832551
0.792876
1.06753
0.645503
0.7458
0.657723
0.55882
0.330637
0.945159
0.892282
1.30797
0.841719
1.06411
0.772464
0.424595
0.876018
0.715789
1.00823
0.8317
0.991762
1.3119
0.669733
0.666275
0.241115
1.18257
1.47563
0.858156
0.869937
0.212902
1.01235
0.582802
1.0077
0.558856
1.03313
0.561123
0.763726
0.274946
0.895859
0.973687
0.577852
0.160856
0.444921
1.06396
0.568602
1.37455
1.11976
1.06961
1.1232
1.24475
0.477177
0.452647
0.580125
0.900786
1.33784
1.45697
0.255918
0.642232
0.773234
0.967951
0.53054
0.518049
0.331203
1.54742
1.569
1.06849
0.872196
0.922287
0.840915
0.525626
0.968529
0.385305
1.33377
0.876344
0.421085
0.581992
0.395937
0.346334
1.4985
0.770325
0.380775
0.791325
1.07917
1.13468
0.416043
0.663979
0.774255
0.59942
0.950658
0.275294
0.812566
0.781922
0.296757
0.751762
0.906121
0.92436
0.750937
0.75919
0.724606
1.17495
0.286038
0.809373
1.03995
0.453887
0.747781
0.773501
1.48751
1.24662
0.560452
0.688632
0.509251
0.614218
0.793763
1.51745
1.30624
0.67117
0.779191
0.855208
1.18871
0.198294
1.35671
0.672702
1.06387
1.39691
1.0168
0.740689
0.27024
0.707111
0.571736
1.25542
0.385729
1.01441
0.76119
1.38605
0.793077
1.08438
0.58415
1.03549
0.768419
0.958683
1.11628
0.451051
0.9042
0.509916
0.958242
0.69925
1.47285
1.09032
0.670058
0.748487
0.734335
0.953257
0.534525
0.766867
0.970869
0.438544
0.971894
0.876275
0.803077
0.822416
0.623322
0.5055
1.00248
0.563162
0.505999
0.486347
1.06922
0.613623
1.00579
0.730075
0.722229
0.66715
0.513128
1.56117
1.23833
0.579649
0.498186
0.765525
1.2314
1.27837
0.976814
1.0839
0.383451
1.37392
0.992066
0.657598
0.686897
0.702537
1.50412
0.518768
0.819431
1.09424
0.303036
1.43026
0.495511
1.40219
0.506154
0.926017
0.793129
0.702656
1.43729
1.32647
1.50866
0.489842
1.21162
0.615111
0.735472
0.909071
0.374928
0.796439
1.28969
0.818704
0.618751
0.602776
1.34172
1.46827
1.31944
1.12601
1.45042
0.870395
1.20087
1.54229
0.800378
0.16797
1.00933
0.959567
0.757747
0.626644
1.03196
0.362334
0.696319
0.913954
0.855548
1.16923
0.624839
0.790553
0.983171
0.757472
0.668966
0.105726
0.475632
0.74076
1.45012
0.700803
0.671006
0.482812
1.29548
0.664954
1.53665
0.371116
1.23794
0.728261
1.02398
0.832138
0.72608
1.31252
0.735939
0.482546
0.609745
1.47348
1.37168
1.13745
1.33876
0.440907
0.867428
0.906913
0.702915
0.711778
1.56035
1.02581
1.08439
0.926447
1.35937
1.20566
0.70007
1.44628
1.05167
0.707103
1.14635
1.18112
0.665426
1.03838
1.52636
1.36897
0.625425
0.470253
1.53166
1.06831
0.671154
0.555117
1.06099
1.32016
1.39137
0.726215
1.02668
1.08836
0.258301
0.877597
1.06962
0.955431
0.923763
1.20902
0.372556
0.692515
0.594357
0.797322
0.95469
1.28655
0.359709
0.531795
1.24924
1.12794
0.42894
0.617291
0.461296
1.37382
1.3557
0.335803
0.788539
0.760578
1.45323
0.823889
0.758852
0.642383
1.0829
0.267954
0.408913
0.972384
0.573415
0.996402
0.532487
0.399251
1.01189
0.181099
1.27172
0.385603
0.999255
0.421277
0.963682
1.23032
0.742981
0.430804
0.645591
0.865576
0.860337
0.396262
0.689922
0.719287
0.569289
1.32484
0.687703
0.509525
0.318841
0.920437
1.14177
0.401293
0.620653
0.617394
0.681174
1.3767
0.449618
0.909511
1.10158
1.02837
1.32848
0.623051
1.224
0.670613
1.11116
1.37701
0.71206
0.738392
0.804264
1.22776
1.28556
0.790693
1.41595
0.720341
0.835433
1.2686
0.86825
0.303209
1.03176
0.45967
0.741219
1.01975
0.90536
0.67955
0.834438
0.769759
0.537545
1.12343
0.74501
0.578017
0.692884
0.816903
1.03584
0.517163
0.157098
0.650648
0.563049
0.56134
0.741181
0.829607
0.687701
1.01278
0.814642
0.893371
0.745342
1.11827
1.40627
0.32744
0.627291
0.8663
1.18151
0.752349
0.917202
0.615193
0.757588
0.704544
1.03337
0.852961
0.996406
1.00646
0.82423
1.25164
0.518969
0.780583
1.27227
1.37822
0.918966
0.556882
0.927257
1.31703
1.20221
1.37332
0.418958
1.13469
1.19908
0.830872
0.959263
0.923284
0.713889
1.02864
0.424911
0.310487
1.00635
1.0003
0.235219
0.718833
1.30995
0.416098
0.806194
0.848368
1.53648
1.34125
0.504772
1.35331
0.549947
0.760372
0.560857
0.88997
0.733567
0.953642
1.22634
1.48492
0.850713
1.15863
0.771727
1.32729
0.688808
0.605748
0.844014
0.466957
0.637488
0.701592
1.1506
0.292749
0.769936
0.574612
0.886325
1.00455
1.07761
0.644741
0.659895
1.0444
0.222484
0.676605
1.00714
0.982784
0.329808
0.888991
0.700376
0.675613
1.0598
1.03868
0.609789
1.50337
1.2842
0.79424
1.12041
0.752958
1.26558
0.575532
1.40675
0.756007
1.4303
1.55547
1.30914
0.474923
1.31489
1.23306
1.26493
1.20408
1.39393
0.822171
1.20132
0.634844
0.70821
0.965555
0.470208
0.144904
0.958494
0.67914
1.22252
0.977575
0.611632
1.51919
0.783972
0.676352
1.11106
1.13124
1.43088
0.859419
0.998944
0.60945
1.12651
0.349482
0.402265
0.42722
1.35421
0.824049
0.526829
0.128208
1.54614
0.96892
0.977528
0.663535
1.03194
0.850471
0.898397
1.42447
1.07529
0.700287
0.764133
0.816872
1.05159
1.23769
1.01302
0.867136
0.527923
0.552092
1.36408
0.454077
0.750149
1.26073
0.743377
1.04634
0.577964
1.55521
0.982988
0.720591
0.417709
1.55851
1.11485
0.757958
0.894947
0.771146
0.58976
0.955352
0.846373
0.538339
0.829877
1.23289
0.650188
1.53517
0.566103
1.53092
0.915622
0.983974
0.407821
1.48406
1.07752
0.856587
0.539318
0.833463
1.10204
0.223751
0.782431
1.01286
0.742267
1.11487
0.582847
0.875148
0.809656
0.163751
0.624893
0.992963
1.54784
1.11642
0.742208
0.676206
1.51213
0.581718
0.718668
0.121172
0.939218
0.6296
0.887179
0.783928
0.787963
1.13003
0.777636
0.631954
0.818498
0.224953
1.15291
1.18096
0.570902
0.440728
1.10193
0.427285
0.437786
0.626498
0.74982
0.546965
0.561114
1.4972
0.564575
0.932857
0.350716
0.312708
0.498558
0.778363
0.78652
1.15217
0.432243
0.781024
1.16939
0.696612
0.37992
1.0674
0.697815
0.677032
0.695813
0.984151
0.838001
1.19716
0.706748
0.944547
0.588268
0.417835
0.639238
0.184098
0.826722
1.53107
1.19907
1.4198
0.943076
0.385128
0.973923
0.291014
0.69043
0.448939
1.0063
0.247892
1.53936
0.956455
1.06836
1.18048
0.693924
0.871961
0.81785
0.312729
0.830192
1.33728
0.930526
0.854743
0.894723
0.999153
1.32988
1.54631
0.596683
1.12423
1.50083
0.170724
0.840023
0.608912
1.05033
1.25324
0.386067
0.617246
1.4634
1.01875
1.5046
0.67
0.4738
0.870089
0.745971
0.546231
0.894267
0.290318
0.837359
0.58725
0.809215
1.1364
1.2275
0.409699
1.46199
1.18168
0.707696
0.852056
1.02621
1.36366
1.33447
1.05237
0.336571
0.895304
0.782393
1.11596
0.672901
0.3865
0.444202
0.711043
0.645367
0.776239
0.71461
0.601851
1.11879
1.22971
0.556848
0.32477
0.564303
1.03804
0.742643
1.42066
1.4143
0.990236
1.39901
1.12336
1.06043
0.637605
0.840975
1.01375
0.532733
0.968197
1.43429
0.408989
1.04939
0.601465
0.889913
1.40984
0.739942
0.845641
0.996173
0.688895
0.579827
1.57034
0.676726
0.618813
0.99504
0.360674
0.88944
1.07108
0.693753
1.45651
0.628344
1.55525
1.04629
0.653085
0.830305
0.998278
0.818784
0.735342
0.330337
0.717862
1.34794
0.801796
0.646888
0.712091
0.603312
1.1731
1.27667
1.48466
1.2773
1.37094
0.390681
1.34713
0.796457
1.22917
0.368047
0.676384
0.538178
0.828592
1.47047
0.549701
0.768232
0.603956
0.553452
1.20741
0.85383
0.903318
1.06898
1.07378
1.06677
1.05273
1.10189
1.41731
0.280386
0.970023
1.39967
1.03462
0.487646
0.286164
1.22225
1.33121
0.476886
1.24761
1.14267
1.34213
0.322087
1.11217
0.861908
0.713544
1.18784
1.3655
0.617706
0.90844
0.217117
0.471542
1.13507
0.505271
1.43193
1.20528
0.587202
0.940864
0.40291
0.666905
0.681727
0.872645
0.397043
0.691901
0.976851
1.23807
1.08639
0.479456
0.764969
0.794817
0.70736
0.844271
1.20998
0.970997
0.488523
0.69878
0.742817
1.45567
0.755335
0.849522
0.5534
0.89138
0.785806
0.819863
1.08846
0.603716
1.24768
0.594905
0.461023
0.444046
0.826876
0.485564
0.613493
0.970242
0.901478
0.616764
0.696543
0.860321
0.50771
0.868409
1.4434
0.187064
0.660195
0.965543
0.649377
1.09967
0.566927
1.36018
0.667248
0.181132
0.683579
0.794436
0.896049
0.890816
1.22595
1.02068
1.34814
0.364284
0.825373
1.16942
0.967689
0.67642
0.896557
0.918338
1.0343
0.764016
0.579367
1.36645
0.767569
0.968553
0.438346
1.23658
0.828732
0.445914
0.82253
0.933023
1.48401
1.20184
0.783682
0.33065
0.425405
0.485709
1.16414
1.27637
1.222
0.25802
0.533956
1.13706
0.771637
0.696974
1.47255
0.759998
1.05265
1.27783
1.52525
0.889574
0.296461
0.976731
0.863868
0.801743
1.15838
1.10839
0.688373
0.724428
1.02292
0.430954
1.31542
0.906213
0.93096
0.270715
0.834962
0.972093
1.01113
0.535953
1.18143
0.378459
1.08559
1.0284
0.835604
0.658202
0.669839
0.529259
0.708587
1.07115
1.18084
0.583291
0.522597
0.617233
0.560887
0.514177
0.982366
0.566084
1.31337
0.835446
0.302751
1.14064
0.439373
0.893992
0.853973
0.77445
0.265078
1.32737
0.556333
1.36539
0.912287
0.48051
1.0138
0.677225
0.365132
0.844293
1.09661
0.570083
0.507849
1.42129
0.723522
1.13579
1.45407
0.954527
0.587907
1.49575
0.381817
0.968644
0.646566
1.03969
1.11656
0.722821
0.698221
0.692623
0.435599
0.736288
0.587011
0.913876
0.566117
0.348023
0.738066
1.23197
0.825296
0.519039
1.53076
1.00217
0.463773
0.222676
0.169664
0.985603
1.44616
1.45939
1.05959
0.549534
0.588298
0.705076
0.703505
0.989362
1.10265
0.851127
0.949445
0.729941
0.531068
1.09134
0.703865
0.91463
0.704532
0.695253
1.39162
0.593899
0.733028
0.970705
0.3785
1.1169
0.644248
0.672718
1.05515
1.27602
0.752055
0.97246
1.22505
1.13817
1.1827
0.935073
1.5563
1.52861
1.12892
1.34372
0.772032
1.01485
0.965575
1.09306
1.38486
0.649376
0.332142
0.984174
0.832165
0.782413
1.42704
1.01862
1.03891
0.27733
0.97613
0.96191
0.617291
0.379169
0.625859
1.47242
1.03216
1.09639
0.82922
0.487518
0.621393
0.5175
0.780898
0.753541
1.12019
1.10931
1.50391
0.592864
0.439457
0.909591
1.1544
0.710589
0.681542
0.927751
0.764992
1.25642
0.947538
0.242836
1.02701
0.768903
0.953396
0.537918
1.09974
0.928446
0.784765
0.450391
0.684502
0.292539
0.770952
0.615886
0.692095
0.650346
0.524737
1.48782
1.20442
0.974954
0.707747
0.687836
0.463965
0.619666
0.466072
0.768861
0.927895
0.976959
1.01835
0.279956
0.675403
0.970784
1.47675
0.47124
0.487682
1.02423
0.774688
0.97047
0.476337
0.622541
1.05397
0.683035
1.32285
1.17684
1.32012
0.215168
0.734279
0.35177
1.03515
0.583901
1.04919
1.22424
1.16777
1.24224
0.258707
1.20694
1.47639
0.437235
0.654167
1.07754
1.11481
0.65337
1.34273
1.17443
1.20471
1.00133
1.43969
1.23403
0.777125
0.288746
0.930732
0.926382
0.743377
0.829484
1.01156
0.659896
1.32177
0.523063
1.50695
0.893519
1.2625
0.60263
0.847112
0.237559
0.996437
0.131671
1.37514
0.412939
0.928301
0.825397
1.01227
1.28737
0.437026
0.377808
0.97476
0.601931
0.77555
0.909484
0.409268
1.03473
0.430633
0.588897
1.30627
0.355404
1.25015
0.390002
0.909962
1.23745
0.519909
0.701101
0.414029
1.3746
0.795217
0.345856
1.14792
0.541634
1.34668
0.701445
0.879679
0.961614
0.841278
0.623544
0.501518
1.45826
0.872092
0.865736
0.476166
1.42154
0.620934
0.518401
0.8303
0.861403
0.659703
1.02506
0.919572
0.395657
1.53784
0.702004
0.32737
0.677853
1.10493
1.23719
1.22868
1.26299
1.26233
0.82792
1.20359
1.01807
0.699755
0.659909
0.858086
0.736742
1.22456
0.127066
0.82729
1.15083
0.681376
0.663753
1.12108
1.04359
0.775383
0.901624
1.19563
0.630879
0.804441
0.697408
0.698739
1.04555
0.542776
0.96699
1.32528
1.09998
1.42344
0.401913
1.37623
1.05502
0.576167
0.856743
0.819766
0.871464
0.524798
0.815397
0.388004
0.200867
1.36761
1.24712
0.620396
0.996415
1.07864
1.37163
0.862341
0.35411
0.439601
1.47717
0.873167
1.56464
1.31141
0.831461
1.44115
1.08646
0.93948
1.32913
0.847001
0.782981
1.09091
0.566017
0.611053
0.53169
1.02625
1.09599
0.831925
0.757341
0.965168
1.11717
0.576607
1.30401
0.890993
1.53964
0.355067
0.345788
1.25324
0.704769
0.584516
0.82638
1.06751
1.35729
1.28772
1.56351
1.34868
1.09494
1.20309
0.444725
1.20391
1.37551
0.452114
1.52088
1.37481
1.01438
0.650821
0.640242
1.32065
1.41574
0.732469
0.89899
1.00063
0.788743
0.309154
1.14946
1.27216
0.642979
1.56113
0.909484
0.456991
0.892845
0.669003
1.04675
0.528024
1.42183
0.775729
0.278817
0.711435
0.859547
0.444525
1.21708
0.957377
1.17054
1.49066
0.777814
0.522348
1.07602
0.767449
0.731997
1.10522
0.418349
0.515261
0.279717
1.43334
1.00508
1.24697
0.646654
0.477004
0.259891
1.43326
1.16748
0.815015
0.455339
0.767325
0.89419
1.31651
0.794185
0.728032
0.722819
0.75268
0.25575
1.13618
0.605263
0.580226
1.07799
0.906448
0.469244
0.140302
0.830693
0.842506
1.44787
0.513672
0.641436
0.472075
0.435156
1.12944
0.643951
1.48318
0.992716
0.39456
0.46474
0.387201
1.0088
1.01172
0.661543
1.01464
1.1678
0.791789
0.478829
1.06457
1.54877
0.416135
1.1242
0.502891
1.45826
0.403353
1.03583
0.557275
0.841471
0.537292
0.792589
1.06862
1.44728
0.314795
0.890386
0.90467
0.302913
0.968115
0.773141
0.615408
0.501137
0.782726
1.37751
0.118699
1.55447
0.537619
1.14291
1.00981
0.596441
1.16253
0.477073
0.892075
1.48428
1.1859
0.994217
0.435347
1.32724
0.885234
0.648095
0.888715
1.08833
0.718679
0.748379
0.722881
1.29976
0.930059
0.607538
1.233
0.772601
0.806358
1.04047
0.397844
0.594567
0.744992
0.730302
1.5078
1.28064
0.884421
1.0145
1.53468
0.599409
1.10194
0.867002
1.2733
0.817282
1.10806
0.665481
1.55447
1.07195
0.996494
1.01167
0.58776
1.03396
1.262
0.308585
0.361751
0.974608
0.483962
1.54029
0.755874
0.979845
1.04527
0.848499
0.997257
0.906682
0.910962
0.488705
0.949077
0.952234
0.471838
0.961226
1.17119
1.3882
0.975815
1.04154
1.20105
0.332709
0.361254
0.357514
0.523815
0.777901
1.31664
0.97217
0.867456
1.52739
1.38007
0.858118
0.569945
1.20215
0.442983
0.70355
1.28143
0.241641
0.41147
0.747297
0.827219
1.29253
0.985177
1.21718
0.629926
1.05164
0.88261
0.762322
0.901169
1.09335
0.601358
0.826153
0.630957
0.830646
1.42442
1.24696
0.393621
0.426267
0.818728
0.82021
0.463138
1.45995
0.736063
0.772808
0.902861
1.07628
0.940049
1.2713
0.587802
0.932541
1.07839
0.720681
0.922966
1.29556
0.999654
0.506303
0.839412
0.351425
0.452847
0.707498
0.246385
0.429365
1.17683
1.22851
0.969293
0.789513
0.392721
1.3681
1.00392
0.697254
1.34797
0.473994
1.31291
1.45802
0.393733
0.517149
0.588851
0.386204
0.979148
0.583639
1.29728
0.176034
0.659374
0.702309
1.44634
0.296706
1.44721
0.78323
0.716731
0.525731
0.560817
0.709855
0.81841
0.381502
0.603569
0.397432
0.984386
0.878752
0.786561
1.11363
0.964367
0.449908
1.53112
0.982732
0.921225
1.21262
1.3118
0.526952
1.24502
1.12298
0.34809
0.880935
0.561939
0.214085
0.19404
1.19246
1.04593
0.3282
1.1061
0.574108
1.40779
0.959043
1.45905
0.147287
0.935764
0.526181
1.00946
0.916205
0.734452
0.309941
0.964958
1.07762
0.661641
1.13701
0.688387
0.98972
1.10161
0.774075
0.491746
0.576274
0.988556
1.08325
0.960823
1.22954
1.26058
1.08571
0.981329
1.11688
0.878349
0.459391
1.21238
1.09703
0.155052
1.29844
0.407474
0.237409
1.09293
0.908234
0.976817
1.02867
0.830356
0.912626
0.565194
0.330787
1.05876
0.820013
0.396737
0.843778
0.588174
0.789978
0.549201
1.4728
1.16531
1.40823
0.876894
1.28062
0.43315
1.16236
0.578304
0.417156
0.805784
1.01505
1.43924
0.729157
0.790261
0.94347
1.19389
0.832921
1.04038
0.549225
0.837337
0.75884
0.562025
1.25442
1.21169
0.256529
0.705003
0.693843
1.28208
1.32114
1.26879
0.608663
1.17428
1.28453
1.04929
1.13691
0.976767
0.345041
0.964039
0.947352
0.338359
0.870137
0.39794
0.415531
1.17827
0.42163
1.2904
1.41355
0.642102
1.14383
0.978
0.609278
0.925014
1.37195
0.922821
1.01561
1.29109
0.795365
0.321634
0.543184
0.646702
0.646501
1.26596
0.471583
0.452846
0.986858
0.728073
0.826856
1.34095
0.754223
0.889371
1.06031
1.44645
0.76213
1.21663
0.584627
0.434489
1.32953
0.891167
1.05721
0.654064
1.07473
1.07713
1.37243
1.39093
0.75401
0.787661
0.486531
0.544996
1.24746
0.552209
0.472811
1.15219
0.567021
0.385762
1.2531
0.632788
0.699715
0.551876
0.946156
0.734404
0.89102
0.512943
0.851214
0.590778
0.978538
0.820522
0.957399
1.04502
1.2004
0.670338
0.241424
0.766727
1.17849
0.68971
1.02784
1.22306
0.334854
0.394876
0.385102
1.35947
1.21605
1.5105
0.800444
0.954678
0.658266
0.293644
0.417693
0.810355
0.940555
0.921001
0.571612
1.30237
1.25576
0.691893
0.398552
1.4747
1.12544
0.477753
0.719356
1.13101
1.22023
1.44683
0.285114
1.26149
0.756576
0.815805
0.863976
0.484451
1.07215
0.259254
0.442243
0.342535
0.357089
0.91534
0.426472
0.599687
0.743693
0.580964
0.427749
0.894968
1.09305
1.26169
0.229424
0.636395
0.865961
1.29845
0.365528
1.2445
0.307862
1.12151
0.8508
1.21409
1.18385
0.652265
0.985388
0.821206
0.837788
0.844159
0.846482
0.381471
0.988994
0.754067
0.806706
0.88115
0.465648
1.1836
0.302766
1.04021
1.23084
0.928359
1.23181
0.815973
1.17296
1.26502
0.850654
0.875524
0.925155
0.824702
0.732179
0.656175
0.635594
0.815054
0.390693
0.861383
0.601268
0.644811
1.1145
1.43561
0.721502
0.835642
0.87522
0.590318
0.819289
0.502453
1.40683
0.87116
1.03783
0.743901
1.07877
1.00805
0.953434
1.00604
0.387378
0.8209
0.81156
1.22336
0.169129
1.41903
0.631779
0.613947
1.54811
1.04499
0.347566
1.05139
0.456145
1.34122
0.388682
0.15958
1.12264
0.971673
0.636557
0.829946
0.751818
0.510085
0.849723
0.307281
0.609679
0.172219
0.790094
1.21728
0.457129
1.49755
1.31142
1.38482
0.868357
0.829721
0.960174
0.880773
1.34637
0.504754
1.39098
0.699784
0.521524
0.44073
0.36071
0.956452
0.560832
0.777518
0.895161
0.681957
0.775462
1.53066
0.320356
0.670555
0.846358
1.27938
0.352441
0.791322
0.988005
1.11552
1.05979
1.27314
1.12345
0.505646
0.911149
1.02021
0.642964
0.921975
1.30695
1.40935
0.97279
1.27567
1.0083
0.467758
0.553966
0.90633
1.2093
0.823939
0.73559
0.828819
0.887544
0.805354
1.10689
1.39336
1.1598
1.08492
0.476985
0.830666
1.15588
0.338937
0.953551
0.949279
0.684665
1.47995
1.017
0.871511
0.801669
1.1432
0.876152
1.16366
0.648318
0.429912
0.881437
0.793187
0.394566
0.642396
1.49504
0.54384
1.00701
1.18871
0.530366
1.07682
1.03993
0.843677
1.03284
0.598186
1.0488
1.06773
1.41245
0.914119
1.01429
1.00147
0.699168
1.43556
1.11859
0.657222
0.99485
0.449181
0.742703
0.566611
0.930611
0.861498
0.516082
0.807096
0.688793
0.443385
0.511952
0.710392
0.578431
1.1738
1.28735
0.509222
0.886117
0.357495
0.794602
1.39421
0.362846
0.398315
0.295452
1.443
1.12975
1.07122
0.536757
0.546051
0.909488
1.1467
1.14169
0.550025
1.19808
1.07547
0.635205
0.450268
0.483048
0.31555
0.259568
0.700662
0.740747
0.945204
0.679222
1.26738
0.245414
1.29702
1.52879
0.328252
1.51531
0.830658
0.360117
0.44688
1.10083
1.04931
1.10179
0.726092
1.05598
1.0543
0.567372
0.858224
0.861385
0.280404
0.803425
0.698351
0.80997
1.52396
1.16804
0.760662
0.935705
0.640258
1.02736
0.67391
0.979787
0.447659
1.05922
0.615637
0.533186
0.219129
0.907403
0.32166
1.2253
0.452013
1.18282
0.184318
1.25237
0.979322
0.45376
1.15022
1.04149
1.35321
0.808824
0.22552
1.33422
0.780296
1.53696
0.743692
0.817937
1.11235
0.883035
0.497795
0.997114
1.17153
0.672114
0.628253
1.20293
0.414511
0.744288
1.38158
0.909461
0.731907
1.12361
1.16699
0.742736
0.911521
0.829572
0.369422
1.10084
1.05244
0.850057
1.04688
1.01239
0.85342
0.642876
0.684981
0.408346
0.398614
0.324684
0.800027
0.817329
0.823717
0.582587
1.16342
1.16522
0.812342
0.773056
0.906299
0.117455
1.02918
0.952427
0.617672
1.31012
1.27838
0.892981
0.795787
0.794461
0.659085
0.744228
0.693841
0.981909
0.383778
1.04563
0.904985
1.0222
0.420111
0.663869
0.649609
1.42232
0.601379
0.866806
0.339354
0.973988
0.702674
0.779633
1.39117
0.757774
0.632912
0.560406
0.766122
0.712357
0.391658
0.534867
0.502865
0.656471
0.944899
0.482653
1.00049
1.33917
0.614375
0.734268
0.731071
1.04327
0.958892
0.50598
0.582326
1.18557
1.11232
0.505747
1.08249
1.28159
0.838628
0.92343
1.17485
0.409921
0.643654
0.977987
0.32843
1.20657
0.781186
1.29414
1.09573
0.700129
0.558211
0.750484
1.46742
1.06992
0.898047
0.398802
0.353714
0.700618
0.838908
0.431605
0.0670993
0.539442
0.951218
1.37085
0.429099
0.652589
0.460836
0.962204
0.644937
0.998289
0.992269
1.38633
1.21086
0.351728
0.796904
0.643931
1.2134
0.509597
1.12122
1.4897
0.229556
0.896578
0.690635
0.677322
0.697845
0.807358
0.735845
0.993738
0.714907
0.447135
0.835397
0.692462
0.283922
1.28512
0.785761
1.06904
0.44978
0.644466
0.637935
1.13185
0.581921
0.517382
1.13539
0.53298
1.39564
0.862414
1.05949
0.66089
1.05203
1.43802
1.33071
1.22988
0.431156
0.836922
1.03181
0.753291
0.391625
0.699256
1.4269
0.732449
1.00901
0.828826
0.531779
0.662874
0.797504
0.839759
0.913915
1.27105
1.30993
0.747515
0.55529
0.914571
0.930784
1.22673
0.730806
0.959309
1.31968
0.893736
0.614801
1.27066
1.22609
0.447003
0.426176
0.993361
0.603754
0.780617
1.23478
0.808486
0.503415
0.585976
0.755702
0.780517
0.379214
1.17089
0.589677
1.00532
0.335568
1.11944
0.315917
0.635542
0.71832
0.57958
0.757665
0.72389
0.99886
0.901193
0.921288
1.2468
0.424183
0.409621
0.324816
0.560026
1.10654
0.706029
0.88543
1.31864
0.75933
0.742473
1.02624
0.612463
1.17793
0.60687
1.24014
1.02965
1.07881
0.660222
1.10771
1.35456
0.39422
0.766015
0.720212
1.01335
0.697926
0.409021
0.702045
1.52679
1.19319
0.912653
0.477714
1.16644
0.977497
1.06184
0.869267
0.329269
1.12382
0.614568
0.95592
0.868037
0.861194
0.831326
0.561989
0.803811
0.930053
1.22043
1.12938
1.31655
1.19233
0.320215
0.810879
1.13179
0.961406
0.977116
1.38272
0.818628
0.939753
0.606184
0.707234
0.67159
0.46533
0.561261
1.09813
1.4822
0.384542
1.17156
1.51766
0.995073
0.963723
0.986526
0.641734
0.297832
0.976356
0.315179
1.17213
0.637624
1.29681
0.692626
0.360474
1.4076
1.41918
0.631478
0.2595
0.822794
0.58776
0.602189
0.346942
1.17301
1.49876
1.51315
0.506084
0.343388
1.28996
0.892588
1.40916
0.577626
0.983115
0.964439
1.15499
0.981728
0.776786
1.15102
0.848952
0.788634
0.878814
0.917086
0.883458
0.969131
0.349683
0.343255
0.455187
0.538264
0.364768
1.44199
1.2035
0.961973
0.45286
0.979201
0.512461
0.648021
0.685581
1.20227
0.255519
0.952242
0.663649
0.951759
0.667712
1.13223
1.31972
0.906738
1.22988
0.9921
1.34351
0.28409
1.18047
0.440984
0.780204
0.429837
0.859969
1.22758
0.788038
1.02344
1.25312
0.290648
0.860233
0.915593
0.364333
0.412957
0.361226
1.14967
0.892369
0.629017
1.09643
1.20202
0.837279
1.42225
0.746098
1.30314
0.511953
0.447391
0.710737
0.881717
0.600231
0.39226
0.489217
1.20056
1.03599
0.884618
0.821023
1.28178
1.10714
0.614604
0.975412
0.542828
0.790344
0.243211
1.38397
1.17795
0.670934
0.78535
1.10604
1.17254
1.12202
0.632695
0.519854
0.701154
0.770027
0.64331
0.592144
0.326829
1.26057
0.45111
0.19329
1.25728
0.398676
0.481713
0.808653
0.807309
1.50013
0.620319
0.339698
0.96347
0.936761
1.13064
0.690019
0.945402
0.752854
0.75952
1.25743
1.06969
0.901491
0.730494
0.96508
0.429186
0.823657
0.767979
0.874317
0.804767
0.686491
0.818516
0.921999
0.856081
1.42529
0.500924
0.38825
0.935023
0.408671
0.681184
1.20475
1.27009
0.178952
0.575916
0.48152
0.580599
0.703616
1.40818
1.19979
1.05604
0.800155
0.643577
0.607232
0.400971
1.23473
1.10249
0.796291
0.0952967
0.779466
0.445356
1.42789
0.873053
1.32216
0.397335
0.81577
1.51733
1.26653
0.528063
1.29539
1.51386
0.684894
1.05575
0.206395
0.690718
0.267271
0.843927
0.965366
0.444743
0.298152
0.853269
1.01044
0.737083
0.763662
1.14262
1.52529
0.901551
1.12645
0.508421
1.01334
0.894292
0.4516
0.539623
0.448291
0.37313
1.16185
0.662466
0.852981
0.291801
0.598164
0.674272
0.601067
1.35298
0.881435
0.869258
0.941779
0.696608
0.387264
0.947191
0.675988
0.665543
0.672448
0.609607
0.640533
1.20528
1.22958
1.03707
0.530251
1.12835
1.18549
0.519895
0.920355
0.973828
0.273714
0.807717
1.16688
1.34149
1.33287
0.463443
0.463576
0.62829
1.1842
1.0562
0.986009
0.575183
0.942756
0.347421
1.13686
1.17015
1.35618
1.45306
0.619383
1.39232
0.405496
1.09977
1.48395
0.844223
0.903069
1.47139
0.532663
0.717517
0.657502
0.471051
1.0317
1.09109
1.32556
1.00377
1.33847
0.990279
0.355452
0.709743
1.06529
0.847053
1.3337
0.648716
1.30284
1.21658
0.191521
0.755259
1.42112
0.407228
0.161152
1.17066
1.05505
0.329402
0.981047
0.379154
0.859151
1.51829
0.34479
1.10666
0.723495
0.836303
0.582243
0.927463
1.08295
1.17037
0.681923
1.32993
0.676413
1.31672
0.559908
0.653724
0.692199
0.776765
0.267725
0.821818
0.410064
0.531687
0.791341
0.279339
1.0064
0.237356
0.806461
0.894093
1.14054
1.46386
1.42413
0.123344
1.40513
0.57336
0.240652
0.568443
1.02219
1.07429
0.886765
0.679163
0.605852
1.04576
0.750277
0.513002
1.29263
0.99016
1.03397
1.16623
0.25143
0.330159
0.405773
1.25497
1.25319
0.814532
0.63283
1.03318
1.00209
0.682454
1.51991
0.957669
1.29564
1.09593
1.12397
1.06167
0.9548
1.12606
1.10347
0.619083
0.820031
0.404005
0.223999
1.23102
0.78003
0.618121
0.983664
0.665852
0.882818
0.756567
0.977357
0.759137
0.991507
0.488995
0.884895
0.435455
0.513586
