1.15687
0.80353
0.52411
1.06022
0.483791
0.806042
0.642952
1.34469
0.58879
0.613604
0.936554
0.875026
0.85491
0.660185
1.28941
1.29861
0.885944
0.542533
0.631572
0.627049
0.365156
0.598329
0.317003
1.21904
1.47644
0.95202
1.12451
0.738641
0.482785
1.5243
0.462997
1.51513
0.911301
1.4462
0.86105
0.532354
1.1047
0.806532
0.33516
1.19676
1.09946
1.19182
0.63107
0.622839
0.801434
1.18115
1.05112
1.30308
0.945603
1.13029
0.559655
0.744017
0.587325
1.2676
1.05112
1.08473
1.01283
0.848474
1.09705
1.37905
0.593682
0.219754
1.22269
1.26683
1.37351
0.818239
1.11166
1.04988
0.553834
0.763102
0.914601
1.19806
1.18948
1.02976
1.05934
0.739438
0.748429
0.609521
1.1348
0.372906
0.873265
0.270623
0.681978
1.2355
0.321466
0.583112
1.36828
0.900118
0.488275
0.383964
0.13429
1.20813
0.470239
0.664041
0.625031
0.950247
1.52087
1.20244
0.886429
0.573107
0.976662
1.04952
1.00259
0.890543
0.260228
0.408308
0.776789
0.546446
0.970842
1.32347
0.773282
1.09341
0.846803
1.17114
0.821715
0.338128
1.18693
0.822352
0.682261
1.21149
0.514001
0.822528
1.50457
0.223889
0.84058
1.21305
0.370568
0.760252
0.253468
0.656926
1.181
0.710287
0.729413
0.846074
0.750864
0.598137
0.886456
0.771458
0.291555
1.50307
1.29536
0.360218
0.898367
0.928358
0.848002
0.359597
0.963
0.751709
0.352394
0.424293
1.06967
0.50795
0.674342
1.08277
0.92643
0.524481
0.529647
0.853581
0.731441
0.763159
0.636814
0.691301
0.725131
0.997093
1.21746
0.983662
0.795466
0.545076
0.658267
1.11052
1.01832
1.16094
0.221684
0.695138
0.285917
0.359331
1.02624
0.597389
1.33014
0.362484
0.977891
0.641069
0.662038
1.16587
1.20782
0.710007
0.907099
1.03151
1.40976
0.571964
1.08172
1.3034
0.645548
0.293832
0.841698
0.954112
0.819013
0.547077
0.331062
0.288721
0.605433
1.45436
1.48856
0.849102
1.22188
1.31255
0.65934
0.976165
1.06717
0.477814
1.13242
1.52934
1.13037
1.19472
0.612914
1.52289
0.981386
0.974522
0.679574
0.549218
0.231015
0.362405
1.03974
0.791126
0.206632
0.775647
1.00689
0.278393
0.129444
1.06026
0.118145
0.236982
0.153149
0.737511
0.8259
1.01487
1.08075
0.868422
0.968601
1.18799
0.838964
0.675033
1.1071
1.31228
1.10176
0.422807
1.00182
0.302921
1.16989
0.342314
1.03531
0.960921
1.1906
1.26206
0.304136
1.03415
1.46204
1.03528
0.366505
0.259742
1.08398
0.9891
0.290687
1.17777
0.756844
1.42944
0.325516
0.557582
0.965865
0.27017
0.484449
1.03841
1.47213
0.480377
0.664046
0.840301
1.28439
1.5387
0.445141
0.584182
0.743628
0.955025
1.20895
1.56117
0.851054
1.01057
0.961077
0.782062
0.463322
1.0366
0.755199
0.513072
1.00649
0.796244
0.578405
0.928684
0.90897
1.49888
1.47653
1.54064
0.817309
1.03314
0.708584
0.577999
0.262749
0.834972
1.24466
0.816615
0.823555
0.942323
0.762682
0.987549
1.02468
1.01195
1.19379
1.32831
0.503565
1.269
1.01397
1.43019
0.777403
1.41649
0.756666
0.829141
1.0699
0.833951
0.842825
0.603182
0.735386
1.14582
0.487521
0.195833
0.804839
0.599167
1.49713
0.743154
0.336556
0.747257
0.634786
0.831884
1.25413
1.22532
1.04395
1.19705
0.780168
1.37606
0.98287
0.916635
0.67891
0.64895
1.49813
0.729761
0.960854
0.480826
1.09101
0.76124
1.00872
0.834064
1.32479
1.2576
1.10703
1.30181
0.684069
1.20294
1.21012
0.852503
1.00216
0.317239
0.625804
0.973887
0.783219
0.601317
0.864886
0.955009
1.23768
1.07767
1.4251
0.584884
0.97244
0.360813
0.54813
0.784395
1.08709
1.09538
1.17375
1.17397
1.35222
0.789944
1.54023
0.948721
0.204442
1.18787
0.424315
0.398557
0.858061
0.434959
0.634474
1.05573
0.830818
0.427727
0.674695
1.17242
0.326356
0.652937
0.865473
0.497698
1.13929
1.20008
0.857312
0.938452
0.436119
1.05534
0.261293
1.05774
0.506584
1.12024
0.611522
1.19322
0.609953
1.14446
0.54665
0.556398
1.0873
0.822471
0.816799
1.30917
0.570792
1.10828
0.951297
1.02876
1.00242
1.25035
0.852645
0.534692
1.02126
0.0897804
0.146753
0.857399
0.886728
1.34799
0.904533
1.11968
1.13476
1.05924
0.656795
0.882537
1.25409
1.13581
0.905019
1.39693
1.10481
0.758634
0.891813
0.493792
0.97508
0.0797629
0.289388
0.776058
1.09355
0.32155
0.742544
0.97105
0.630069
0.641974
1.11476
1.12833
0.566649
0.949097
0.947803
0.834304
1.00183
0.795802
0.716624
1.18087
0.942225
1.36104
1.18778
1.16241
1.36329
0.653406
0.971921
1.01287
0.543627
1.3588
0.863928
1.12622
0.616499
1.23663
1.13282
0.899295
0.737047
0.838947
0.997807
1.04049
0.40277
0.737081
0.603395
0.228057
1.01988
0.264005
1.53974
0.541337
0.42061
0.796899
0.700173
1.53561
1.05845
1.08445
1.16671
0.981984
1.13391
1.0127
0.711479
0.1881
0.439949
1.07648
0.697437
0.768804
0.327221
0.90078
0.497734
1.12449
0.406433
0.680163
0.944101
0.723242
0.722757
1.13403
0.991844
0.954628
1.35063
0.617771
0.806865
0.697744
1.23919
0.444638
1.426
0.88447
0.301219
0.706948
0.601915
1.51646
1.05746
1.14474
1.08161
1.06537
1.39251
0.821905
0.828868
0.982259
0.602633
1.25051
0.450699
1.19519
0.442108
1.2543
0.757654
0.95773
1.35821
0.907795
0.705187
0.154854
0.438765
1.15994
1.26559
1.055
0.990981
1.00232
1.44142
0.930382
1.07659
0.908458
0.550144
0.273497
0.79074
0.683609
0.591798
0.143459
0.87751
1.14447
0.904898
1.05593
0.869491
0.46524
1.38404
0.731469
0.484537
1.09861
1.17453
1.46398
0.296019
1.17714
0.923778
0.803603
0.965399
0.759468
0.560963
0.78313
0.208456
1.07015
1.25069
1.44219
0.53688
1.4082
0.709629
1.01368
0.347718
0.838593
1.05307
0.654153
0.948769
0.915421
1.34744
0.635968
0.919241
0.630831
0.487615
0.87767
0.583041
0.664454
0.722639
0.509407
0.499536
0.868418
1.17712
0.343729
0.607522
0.508702
1.18255
0.604619
1.3545
0.786617
0.887457
0.904414
0.769456
0.882761
0.991736
0.737639
0.964515
1.4825
0.488385
1.06689
1.23895
0.282568
0.180165
0.571487
0.626072
0.537976
0.400493
1.56806
1.39925
1.05359
0.928297
0.632329
0.499977
0.6692
0.842047
1.10519
0.411896
1.16334
0.905198
0.957286
0.557131
0.548568
0.176074
0.691388
0.296473
0.968772
1.2405
0.999398
0.496998
1.52225
1.05699
0.687169
0.501353
1.10657
0.258292
0.4997
1.01501
0.171567
0.879743
0.708217
0.707289
1.06874
0.955337
1.55293
0.619119
0.598144
0.831767
0.863321
1.28858
0.966673
0.996985
0.303539
0.611074
0.482934
0.30153
0.465803
1.15602
0.373326
0.356515
0.663196
0.885317
1.02849
1.08177
0.739459
1.03665
0.857512
0.496563
0.861739
0.550674
0.346778
0.796263
1.26277
0.679341
1.47517
1.39195
1.36541
0.598464
0.188813
0.552398
1.07779
0.274248
0.647652
0.993772
1.38659
0.722959
0.547432
0.358557
0.893584
0.958521
0.512479
0.774238
1.27258
1.09945
0.528007
0.767147
1.54383
0.882872
0.826828
0.824641
1.14469
0.834199
0.317674
0.765455
1.36516
0.582909
0.989776
0.855808
0.413452
0.809094
0.523349
0.771693
0.410526
0.870633
0.891374
1.05533
0.352757
1.17488
1.02017
1.10634
0.345425
0.327736
1.03645
0.832698
0.543837
1.41996
1.51839
0.854335
0.975508
0.811889
0.826392
1.39423
0.715308
0.165884
0.772541
0.831041
0.490829
0.463465
1.24956
1.55538
0.707932
1.02493
0.416154
0.290752
0.612759
1.24298
0.48594
0.892299
0.699665
0.905376
1.24956
1.10894
1.18781
1.18429
1.42972
0.866581
0.391716
1.08502
1.51726
0.828166
0.368596
0.516683
0.740019
0.901924
0.637938
1.21153
0.701139
0.897649
0.846265
0.807992
0.608389
1.18827
1.2804
1.39121
1.35681
0.77306
0.303729
0.464941
1.30851
0.919085
0.812972
1.33527
0.923921
0.745564
1.1696
0.373195
1.41105
0.299159
0.614844
0.737029
1.11734
1.46744
1.18309
0.92702
1.04216
0.702416
0.564842
0.987483
0.665852
0.358897
0.844249
0.202345
0.619009
1.08564
0.437646
0.865287
1.11321
0.965056
1.27499
0.58194
0.932834
0.643714
0.480718
0.294549
0.97872
1.11012
0.926982
1.14373
0.23214
0.798983
0.862989
0.664709
0.123889
1.17739
0.784529
0.781515
1.20398
1.29223
0.871655
0.466828
0.865978
1.31484
0.982167
0.877474
1.20856
1.20085
0.708509
1.01037
0.347512
1.02254
0.393574
0.783223
1.25542
0.340494
0.881498
1.32867
0.879833
0.402861
0.21752
0.679961
1.02372
1.08592
1.05305
1.01965
1.44618
1.10906
0.399908
1.29734
1.31795
1.028
0.289327
0.468035
1.40285
0.595274
0.565147
0.529535
0.593077
1.20538
0.811406
1.08676
0.887941
0.676446
1.44856
0.932609
1.56318
0.891692
1.31528
1.1571
1.34886
1.4271
0.541849
0.999083
0.731281
0.554503
0.969909
0.594719
0.495808
0.921692
0.522949
1.16731
1.11244
1.04174
0.659493
0.885998
0.773539
1.03641
0.941976
1.09754
0.396596
0.420395
0.918326
1.01837
0.45113
0.884898
0.273196
1.08443
1.54542
1.36939
1.01432
0.622007
0.341879
0.517496
0.522172
0.657111
0.532202
1.35237
0.561107
0.84577
0.745322
1.27268
0.799773
0.525349
0.979849
0.851385
0.871208
0.355711
0.239039
0.778745
1.28652
0.45115
1.19225
0.878186
0.842463
0.464043
1.17047
1.56577
0.775917
0.92561
0.949759
0.379824
0.645808
1.04314
0.483469
0.581505
0.903713
0.787035
0.795788
0.577435
1.37047
0.379583
0.104241
1.02937
0.587677
0.680181
0.862971
0.624491
1.06255
0.969374
1.44332
1.29747
0.606445
0.929707
0.65307
0.483172
1.09981
1.41873
0.661707
0.76257
1.39341
0.630116
0.99537
0.933708
0.414891
0.394223
1.43256
0.483338
1.21386
0.974649
0.854291
1.13618
1.26091
1.26323
1.27726
0.612465
1.38857
0.300473
0.233373
0.295775
0.706244
1.24604
0.436007
1.09443
0.995697
1.5424
0.745526
0.810623
0.854984
0.984235
0.722487
0.517642
0.639769
0.562761
1.17288
0.573133
0.789484
0.975639
0.957614
0.890049
1.14961
0.521883
0.943233
0.208805
0.791775
1.13999
0.723055
0.676172
1.26932
0.617793
0.827977
1.06267
1.16027
0.605015
0.681255
1.47763
0.56886
0.877459
1.47034
0.914609
0.882162
1.01111
0.93776
0.933428
1.4926
0.910919
0.618788
1.56691
0.578021
0.541931
0.465733
0.547381
0.681702
0.478353
0.932459
1.45847
1.34037
0.514789
0.636444
1.43813
0.617781
0.504906
1.53524
0.670644
1.03606
1.26735
1.0011
1.29975
0.89833
1.12093
0.636423
1.21111
0.729057
1.03666
0.706276
0.407836
0.517976
1.0716
0.794236
0.666237
0.135624
0.408847
0.448256
1.21462
0.312928
0.467717
1.18113
1.54491
0.880536
0.901703
0.117351
0.666886
0.386493
1.50131
1.43614
1.31034
0.923805
0.397111
0.932776
0.715666
0.701462
0.599255
1.55222
1.28586
0.860685
1.26304
0.873497
1.49056
0.603639
0.882356
0.371282
0.974685
0.645693
0.750253
1.52805
1.48842
0.922123
1.10881
1.11614
1.28121
1.32627
0.515063
0.979041
0.130344
0.651158
0.755097
0.215011
0.593762
0.581231
0.623775
0.596424
1.17148
0.797374
0.876521
0.430184
0.60584
0.883226
0.955401
0.495798
0.832517
0.921217
1.1825
1.17988
0.411004
0.436319
0.937102
0.989194
0.916259
1.22333
0.927582
1.02351
1.22004
0.899643
1.21124
0.904303
0.723668
1.22103
0.450678
0.61978
0.620305
0.974245
1.02334
0.579343
0.633957
0.384846
1.16589
0.973919
0.386297
0.779755
0.388291
1.01181
1.28378
0.782454
1.13716
1.14083
1.13609
1.5258
0.844032
1.01514
0.424748
0.636175
0.227509
1.38399
1.04689
0.906742
0.346072
1.03527
0.315589
0.19399
1.09933
0.391083
0.670866
0.932378
0.721933
1.24109
0.759291
1.22693
0.534561
0.288219
0.727674
1.15176
0.919488
0.53293
1.2078
0.588515
1.17657
1.29247
1.23638
1.50573
0.668278
0.54339
0.312748
1.34469
0.924569
1.4602
1.16632
1.4561
1.52049
0.830264
1.00783
0.228511
0.589522
1.35393
0.633501
1.02448
0.840181
1.20744
0.815596
1.4677
1.03719
1.51465
0.825896
1.28414
1.38188
0.303678
0.409953
0.870061
1.56083
0.936858
1.41104
1.42016
1.20855
0.463051
1.11457
0.747735
0.834176
0.99338
0.201639
1.54414
1.05379
0.704631
0.606322
0.646288
0.640789
0.617601
0.773562
1.09284
1.22794
0.339937
0.561946
0.541089
1.51883
0.422995
0.514664
1.09122
0.420662
1.35266
0.901879
0.893413
0.660157
0.926439
0.511571
0.499523
1.45125
1.26629
1.062
1.09349
1.20722
0.554667
1.41581
1.28171
1.26917
0.850814
1.01632
0.871403
1.03298
1.33659
1.44392
0.696177
0.809354
1.3587
0.962082
0.195706
0.383858
0.697616
1.25615
0.814627
0.681654
1.52915
1.38314
0.916401
0.362968
1.21176
1.45092
0.837296
0.825408
0.309626
0.499981
0.72515
0.483935
0.484602
1.34106
0.51572
0.378245
1.4388
0.453906
0.748928
1.22584
0.894278
1.21622
1.27085
0.66333
1.22876
0.689034
0.501409
0.446372
0.920831
1.0868
1.19782
0.714863
0.983736
0.566184
1.37907
0.755325
1.2486
0.763139
1.02142
0.360002
1.43168
0.294632
1.10063
0.877414
1.55624
0.534409
0.796212
0.915759
0.681909
0.745718
0.537954
0.999473
1.39346
0.735571
1.27882
1.41484
0.794796
0.889096
0.420796
1.24001
0.785096
0.478131
1.20463
0.584959
0.738551
1.33959
1.10067
0.445998
1.44121
0.715943
0.725727
0.363191
1.27504
1.1297
0.423959
1.06301
1.13297
1.02784
0.617358
0.638183
1.09725
0.763805
0.579968
1.00056
1.16844
1.05631
1.0874
0.906335
0.494976
0.805018
0.951208
0.884596
0.792996
1.19984
0.966352
0.541363
0.945701
0.44685
0.880543
0.671074
1.36337
0.880799
1.34386
1.15979
1.18329
0.269566
1.52671
1.17816
1.00611
1.3688
0.731959
0.949624
0.98125
0.917413
0.462237
0.954066
1.46732
1.00848
0.867
0.874346
0.707565
1.1265
0.776692
0.797422
0.735416
0.654027
0.361859
0.503783
0.595151
1.24207
0.346447
0.637379
0.880953
0.727335
1.1444
1.10155
0.661607
0.642471
0.352951
0.297571
1.24176
0.877972
0.608418
0.988502
0.327893
1.18783
0.42118
1.1187
0.808989
0.685077
1.49525
1.05
0.475904
1.06867
1.15682
1.38748
0.325776
1.13492
1.07562
0.649007
0.586351
0.391245
1.07392
0.857859
0.770976
1.38861
0.41696
1.15292
0.91109
0.433264
1.54776
0.788352
0.984698
0.597902
1.26181
0.633985
0.596294
1.07502
0.664009
0.996367
0.826815
0.944054
1.49588
1.48984
0.72582
0.612944
1.31811
0.622321
0.537074
0.541916
0.564673
0.456894
0.583031
0.558774
1.06508
1.31713
0.489922
1.56467
0.524746
1.24045
0.196032
0.320561
0.699397
1.38504
0.458708
0.397466
0.0580982
0.866575
0.765152
1.26015
0.762678
0.587485
0.835546
0.757747
1.23489
0.787249
0.687269
0.972193
0.962385
1.08997
0.9402
1.18191
0.698068
0.528097
1.24882
1.27676
1.35183
0.763839
1.31395
0.447133
0.29918
0.763826
0.742382
0.914017
0.35466
1.34616
1.32423
1.36164
0.896148
1.10669
0.371411
1.19269
0.903642
0.968122
1.35505
1.0456
0.520012
0.634919
1.02016
0.771823
1.17425
0.704432
0.213542
0.924311
1.02657
0.249781
0.807763
0.785548
0.516861
1.12637
1.02143
1.3777
0.517779
0.864187
0.663815
0.938826
1.18092
0.826431
1.0228
0.854095
1.49141
0.718608
1.12219
0.695585
0.893335
0.431366
0.373574
1.01733
1.08755
0.939439
1.13353
1.08946
1.37166
1.5289
0.934971
1.49874
1.42223
1.55351
0.982935
0.310998
0.650696
1.00382
0.478702
0.472732
0.699293
0.696935
0.393525
0.952728
0.624505
1.35681
1.35086
1.23597
0.431209
0.594177
0.803209
0.884393
1.08666
0.763612
0.600039
0.596035
0.686305
0.54777
1.45477
0.866509
0.706071
1.12041
0.464947
0.750152
1.19934
0.223474
0.799096
1.18075
0.840786
0.886885
1.4255
1.43328
1.15768
1.11101
0.371586
0.877828
1.41261
0.59922
0.982233
0.269625
1.02512
0.611081
0.587002
0.671772
0.701411
0.515177
0.915287
0.0971339
0.716167
0.776477
1.19751
0.413682
0.846193
0.812517
0.606356
1.3076
0.345848
0.774509
0.944391
1.01221
0.649044
0.222359
0.957449
1.22642
0.656732
0.959819
1.31615
1.06997
1.12752
1.16986
0.454411
0.694946
1.0575
1.24069
0.805469
0.655622
0.740746
1.05291
0.857696
0.266921
0.946039
1.2083
1.17877
0.887807
1.07848
0.514181
0.821104
0.244142
1.03561
0.267927
0.303006
0.947641
0.601525
0.627482
1.35817
0.669048
0.604956
0.311245
1.33687
1.01002
0.800327
1.13124
0.497501
1.38562
1.03749
0.900265
1.25087
0.708287
1.27957
0.974342
0.541688
1.34611
0.554827
0.941543
0.817188
1.29426
0.961366
0.769007
0.697434
1.36013
0.42953
0.805719
0.966758
0.825476
0.416151
1.51345
0.984766
0.799644
0.948826
0.488868
0.779741
1.11693
0.700718
0.623788
0.645213
0.376406
0.657058
0.460027
1.2845
0.627228
0.697531
1.00819
0.457912
0.865327
0.880781
0.922197
1.3056
0.780946
0.535253
1.07169
1.24948
1.35311
0.456236
1.21823
1.47163
0.942722
0.791536
0.639296
0.783474
0.629815
0.514319
1.12504
1.16186
0.481927
0.649562
0.572935
0.695672
0.291323
1.10651
0.728984
1.01485
1.5208
0.568359
0.640937
0.832903
0.742883
0.811485
1.01003
1.14847
1.30904
0.469882
1.38267
0.347707
0.421982
0.266547
0.574174
0.253663
0.942625
0.998548
0.158007
0.7467
1.05778
0.879073
0.906152
0.244274
0.659763
1.2771
0.655842
1.44961
1.13101
0.503153
0.648631
0.54969
0.991134
1.18535
0.983339
1.24931
0.471812
0.509781
0.422389
0.830369
0.698361
0.638724
0.861213
1.24842
0.508929
0.555786
1.22071
1.00713
1.12871
1.04159
0.349981
1.39652
0.838506
1.0194
0.754147
0.888187
0.413594
1.14891
0.435495
0.986293
0.640608
0.730486
0.947683
1.01857
1.09703
0.968979
1.56862
0.779534
0.790717
1.19408
0.537484
1.12957
1.15684
0.32169
1.08661
0.733311
0.994443
0.479357
1.45288
0.866117
1.34848
0.859568
0.56561
1.26581
0.454074
0.960895
0.627705
1.17203
0.614217
1.138
0.810559
0.683738
1.42772
0.457545
0.879143
0.411639
0.917335
0.863686
1.03737
0.354018
0.399575
1.01768
1.52529
1.44062
0.677224
0.747739
0.268477
0.970159
1.13297
0.743852
1.30713
0.266414
0.835089
0.374499
0.509276
0.925887
0.774387
0.705634
1.32519
0.909386
0.767974
0.533121
1.07671
0.691021
1.31347
0.451248
0.506704
0.813226
0.278459
0.431533
0.680156
1.10453
0.847817
0.734651
0.740097
0.441577
0.730096
1.24308
0.794421
1.10719
0.564248
0.64783
0.514966
0.510269
1.2259
1.54428
0.452115
0.461822
0.973488
0.778423
0.752353
0.714202
0.514259
0.51295
0.267355
0.540488
0.496594
0.339965
0.744445
0.439806
0.798965
0.789969
1.10793
0.953659
1.31975
0.77782
0.856454
0.854473
1.06221
1.49324
0.697134
0.619765
1.09596
1.13937
0.490455
0.391632
0.748417
1.14436
0.308281
0.940573
0.543687
0.449011
0.520718
0.868275
0.611352
0.9416
0.830478
1.47141
1.13459
0.720622
0.877453
1.00161
1.07325
0.942976
1.25922
1.20924
0.932392
1.28361
1.06438
1.13399
0.389879
0.62745
0.761103
0.856855
0.872096
1.28023
0.932495
0.907711
0.276113
1.19885
0.560159
1.23372
1.13167
0.68035
0.590087
0.183451
0.557773
0.423424
0.418613
0.774909
1.24317
0.582707
0.436163
0.793091
1.56371
1.17442
0.777351
0.427379
0.58237
0.650591
0.486097
0.820792
0.620826
0.748163
0.132843
0.490068
1.2789
1.23579
1.56256
0.340267
0.345575
1.41471
1.29914
1.13319
1.36696
0.53383
1.19015
0.313312
0.606371
0.921001
1.07583
0.97633
1.34286
0.744979
0.59435
0.896896
0.431536
0.772408
1.03697
0.624302
0.485659
0.604317
0.975056
1.55622
0.381571
1.11418
0.426116
0.841852
1.31457
1.56231
1.0542
0.741543
1.20648
1.11033
1.30217
0.375843
0.598423
0.957015
0.269266
0.657771
1.43756
0.451448
0.668452
0.96268
0.6175
1.036
1.14611
0.42807
0.409726
0.647952
0.492987
0.226004
0.938633
0.930713
1.35343
0.568889
0.395424
0.580882
0.854188
1.07002
1.4958
1.12761
0.571995
0.836038
0.795004
1.52292
0.588428
0.483512
0.590002
1.03666
0.953529
1.25736
1.28036
1.14716
1.40531
0.248433
0.358903
0.847926
0.785313
0.938852
0.706958
1.30522
0.275272
0.929716
0.50874
1.21903
0.389553
0.999621
0.503185
0.358445
0.965364
0.493205
0.798786
1.01824
0.334972
1.0521
1.07409
0.781315
0.938763
0.649629
1.0353
0.581677
1.25019
0.850526
0.944328
1.44504
0.844944
0.529769
0.823139
0.771561
0.424088
0.664085
1.07166
0.420968
1.09774
1.04587
1.1368
1.09522
0.531413
0.995346
1.03118
0.803254
0.844425
1.26458
1.31465
0.731897
0.606637
0.425164
0.687789
1.10879
0.74236
0.832309
0.622455
0.664873
1.02208
0.891644
1.03309
0.416331
0.949838
0.386092
1.49584
0.398275
0.404169
0.546658
0.886391
1.01513
1.01424
0.302381
1.19601
1.48152
0.182913
0.921338
0.905481
0.975123
0.655663
0.889996
1.05761
1.4611
0.87525
1.40965
0.545207
0.559501
0.78049
0.416847
1.06235
0.528032
0.681344
1.32048
0.541201
0.568898
1.55435
0.921838
1.30556
0.699879
1.4243
0.575534
1.12426
1.08727
0.705181
1.16777
1.28328
1.09492
0.714406
0.438872
1.05231
0.952431
0.757132
0.83995
1.20127
0.589397
0.789567
0.250328
1.13377
1.10491
1.29133
0.605081
1.28542
0.263799
0.710955
0.821246
0.970906
0.907262
0.9787
0.657743
0.912563
0.783915
1.05879
0.985694
1.18974
0.911323
0.488495
0.419985
1.00331
0.421556
1.08593
1.10544
1.27238
0.96838
1.53331
1.50421
0.812769
0.870543
1.50122
0.557549
1.36222
0.60058
1.27078
0.48749
1.10664
0.251675
0.541394
1.43438
0.605886
0.796338
0.982773
1.0051
1.0437
1.00754
1.33078
0.817354
0.508087
1.23506
0.429539
0.89592
0.684081
0.966081
0.515057
1.01924
0.969597
0.585847
0.62488
1.44654
1.06134
0.389992
0.811163
0.686307
1.1699
0.930092
0.397235
1.28578
0.180599
0.950776
0.920791
0.364341
0.72389
0.383995
0.384717
0.787679
0.7146
1.26217
0.548367
1.10066
0.925502
1.13526
0.623796
1.35916
0.891874
0.394283
0.639373
0.579306
1.10156
0.982865
0.760058
0.39409
0.488401
0.948787
0.90987
1.08323
0.384113
0.831787
0.733896
0.878012
1.3372
0.765226
1.09423
0.985562
0.571788
0.390968
1.428
1.06758
1.15335
0.689852
0.644754
0.532407
1.00518
0.756977
0.898106
0.874295
1.04542
0.821106
1.39595
1.09559
0.66153
0.566759
0.295104
0.612933
0.315993
0.37324
0.224932
0.675945
1.22826
1.37322
1.02647
1.5001
0.305234
0.950955
0.375793
0.958228
0.556965
0.341574
1.22233
1.14428
1.24382
0.411486
0.390296
0.52135
0.771543
0.994999
1.05198
1.43364
0.873357
0.489059
0.771154
0.690715
1.3616
0.77178
1.00599
1.37051
0.665582
0.313093
0.959646
0.682441
0.661627
0.860162
0.377666
0.510009
0.924204
1.25527
1.28224
1.06169
0.40611
0.911683
0.789758
1.23165
0.502168
1.17216
1.14357
1.2493
0.400916
0.766285
1.53382
1.39513
1.24312
1.1268
1.25373
0.961978
0.380927
0.37925
0.116164
0.945738
0.117321
0.90061
0.946087
0.972764
1.15058
0.628787
1.3301
0.604412
1.27346
1.08928
0.639983
0.38267
1.01361
1.13302
0.731087
0.689469
0.701903
0.263283
0.871291
0.579571
0.536919
0.51673
1.07629
0.209892
1.25512
0.833016
0.871047
0.910927
1.41226
0.0768305
1.16087
1.16237
1.17487
1.33871
1.05451
1.24031
0.813851
0.739224
0.67644
1.16201
0.735994
1.12778
0.728706
0.727008
0.587625
1.32261
1.03576
1.46651
1.05859
1.11494
0.891276
0.458023
0.705256
0.787685
1.10721
1.20967
1.17853
1.01369
0.917474
1.23573
0.440327
0.627674
1.03796
1.13126
1.09734
0.579491
0.952841
1.10552
0.891887
1.05056
0.613399
1.17242
0.960433
0.779994
0.942844
0.581366
0.663545
1.31163
0.643096
0.661805
1.00274
1.28595
1.14063
1.14011
1.06796
0.625926
0.850496
0.616371
0.850952
1.37616
1.4381
1.19311
0.859427
0.990427
0.580512
0.898847
1.18308
0.691254
1.56354
0.650107
1.03077
1.45545
1.23802
0.465316
0.988829
0.977003
0.355015
0.938998
0.317295
1.06453
0.859412
0.682401
0.961669
0.603094
0.536711
1.20337
0.913859
0.388273
0.238349
1.28139
0.463395
0.93993
1.06023
0.910986
0.918075
0.888876
1.43718
1.21646
0.770628
0.889665
0.337177
0.533304
0.171361
0.583802
0.212726
0.256146
0.938965
1.16409
0.463239
1.00202
0.216734
0.649358
0.851313
1.02384
0.72191
0.865862
1.37333
0.444677
0.813338
0.962948
1.19715
0.784109
0.545579
0.660953
1.19092
1.18419
0.568867
1.14333
0.824919
0.424922
0.568464
0.751388
1.20795
1.20086
0.829487
0.621478
0.694045
1.0157
1.1581
0.781131
0.574058
0.649427
1.54327
1.44395
1.22648
0.687618
0.581045
1.3933
0.881959
1.17235
0.444532
1.47582
0.28402
0.480476
0.8587
0.631918
0.851886
0.333965
1.07722
0.26496
0.917203
1.47391
0.519149
1.0915
1.3784
0.780694
0.579939
0.851862
0.762737
0.62016
0.996164
0.688853
1.19904
0.359127
0.719684
0.686762
1.02911
0.894763
0.670555
1.0192
0.377528
1.21247
1.56936
0.480586
0.427106
0.605893
0.539337
1.34809
0.816043
1.41557
1.25124
1.0179
0.540812
0.847547
1.1009
0.667689
0.801292
0.615389
0.663415
0.831363
0.918218
0.213534
0.840785
1.08528
0.579994
1.37023
0.206285
1.04098
1.26184
0.966122
0.807419
1.45601
0.228426
0.198487
0.569913
1.10521
0.223546
0.908664
0.21961
0.535087
0.668573
1.12441
1.20258
1.34674
0.921035
0.593977
0.810734
1.43544
0.643232
0.795174
0.883014
0.951054
1.25012
1.2625
1.13384
0.492147
0.441898
0.548582
0.594832
1.30949
0.542655
0.716096
1.26514
0.871493
0.70656
0.242088
0.772059
1.12351
0.991896
0.405679
1.00362
1.13172
1.11695
0.976607
0.881702
1.00078
1.24284
0.358754
0.365505
0.917806
0.354279
0.947384
0.708865
0.587966
0.654467
1.34316
1.22782
1.15921
0.561337
0.685576
1.37064
0.538433
0.442473
1.46812
0.884998
1.14961
0.688706
0.931313
0.922195
0.852584
1.11076
1.4684
0.359749
0.567428
0.702243
1.33056
0.543514
0.539143
1.22647
0.738006
0.772136
1.27796
0.68331
1.35727
0.400267
0.16633
1.21925
0.70321
0.859609
0.51652
0.902091
0.508582
1.04162
1.05629
1.33261
0.863432
0.757236
0.120715
0.704305
0.794314
0.463351
0.614784
0.862726
0.593477
0.425396
1.39712
1.50968
0.95918
0.916249
1.05079
0.571022
0.585729
1.18885
0.399002
0.312927
0.346027
1.29005
0.646658
1.20463
1.09578
0.540784
0.489466
0.564479
0.662014
0.781039
0.781621
1.15256
1.33263
0.279293
0.842171
1.35491
1.55657
0.904491
0.800989
1.18631
1.11554
0.578893
0.409575
0.857257
1.33383
1.50381
0.621827
0.425386
0.694979
0.333861
1.06272
0.604778
0.927267
0.324183
0.531009
1.20324
0.892892
0.784888
0.710384
0.993126
0.926296
0.450001
0.712714
0.605353
0.616933
0.308128
0.531561
0.520307
1.21299
0.558882
0.492288
0.989713
1.14172
0.111238
0.627486
0.872801
1.40342
0.761086
0.751387
0.230201
1.39659
0.377276
1.06357
0.917967
1.4831
0.224493
0.286929
1.15848
1.01609
1.12367
0.682076
1.42883
1.11377
1.42074
0.687984
0.432732
0.482844
0.362483
0.396743
0.518431
1.50539
0.86956
0.326192
1.24729
0.656202
1.00073
1.02115
1.47944
0.815764
1.30084
1.02709
0.963834
1.11398
0.425388
1.45405
0.9222
0.963912
0.338579
1.47991
0.272196
1.19654
1.07156
0.53677
0.917684
0.497556
0.971731
1.1491
0.998789
0.61182
0.825246
0.3492
0.989757
0.432006
0.77216
0.24669
0.416645
0.708695
0.90246
1.1215
0.497973
0.888114
0.467816
0.450769
0.377599
1.11571
1.18246
0.348037
1.3088
0.92694
0.662646
0.677847
0.724219
0.720975
0.993873
0.615119
0.749205
1.3245
0.499296
0.432362
1.3043
0.568514
1.30113
0.863191
1.4834
0.61004
1.36045
0.674916
0.82627
0.565946
1.14229
1.03213
0.707617
0.92476
0.301731
0.952912
0.907308
0.811385
0.609961
0.57598
0.441304
1.02215
1.22904
1.07994
0.91638
0.276526
1.51117
1.20782
0.748909
0.54603
0.705078
0.768882
0.358798
1.21339
0.400642
1.15276
0.830848
0.490675
1.33733
0.412109
0.276919
1.33297
0.648422
1.05302
1.16889
1.49678
0.438796
0.537883
0.671001
0.790563
0.774896
1.03481
0.534861
1.32325
0.384051
0.740019
0.413621
0.865916
0.655643
0.566568
0.116814
1.0859
0.592089
1.04455
1.0362
1.1589
0.845687
0.862232
1.0701
1.21479
1.1338
0.43035
0.795488
0.936845
0.482329
0.399481
0.990094
0.879081
0.872013
0.923316
0.875846
0.331205
0.930884
0.2843
1.19199
0.551905
0.484929
0.888925
0.94898
0.783045
0.798026
1.52084
0.520035
0.991558
1.20788
1.14823
0.727569
0.266637
0.417784
1.12943
1.20457
0.704437
1.24154
0.817422
1.26766
0.320193
1.02055
0.934261
1.4369
0.199111
0.708361
0.51118
0.757649
0.962416
1.2955
0.419193
0.41294
1.34892
1.32216
1.3019
1.09546
0.578848
1.1763
1.51148
0.640451
1.07322
0.887745
1.25247
1.29065
1.2009
0.328266
0.683586
0.628446
1.11412
0.88065
0.819584
0.481762
0.794753
0.587439
0.797904
1.10798
0.544383
1.45358
1.31324
0.581147
1.12432
0.204691
1.29427
0.767294
0.663165
0.646211
0.773085
1.07333
0.904904
0.724379
0.326792
1.29943
0.991047
1.01512
0.856096
0.754433
0.76223
0.393839
0.903969
1.15762
0.905957
1.52592
0.96512
1.13782
0.578718
0.579803
0.238744
0.934473
1.06116
0.983411
0.524923
1.18895
1.19529
1.48523
0.568936
0.98666
1.32847
0.842426
1.28054
1.10467
1.44888
0.39582
0.684124
1.05522
0.460031
1.09201
1.21071
0.492801
0.854431
1.56065
0.320408
0.932392
0.559541
0.42083
0.694193
0.961083
0.501652
0.36664
0.13544
0.735468
0.825839
0.354269
0.768532
1.13732
1.0021
0.947023
0.794825
1.29005
0.973755
0.983422
0.637433
0.491545
0.715867
0.205657
0.96849
0.124932
0.959095
0.538257
0.431989
0.315559
1.00893
0.871125
1.43779
1.1419
1.06584
0.54467
1.15914
0.766469
0.555879
1.45957
1.06131
0.892149
0.668312
1.3394
0.743175
0.723486
0.922056
1.30224
0.954833
0.308907
0.200319
1.28002
0.812679
1.21234
0.528451
0.808982
0.885264
1.47217
0.668587
0.343468
0.508964
0.187637
1.22531
0.346892
0.372277
1.15068
0.28053
1.38288
0.733424
1.00224
1.07196
0.415323
1.337
0.802562
0.554676
0.685746
0.600175
1.06786
0.413504
0.64541
0.554197
1.36488
0.767289
1.04739
0.224941
1.14623
0.640946
1.50066
0.749637
1.13587
1.12491
1.31829
0.266407
1.329
0.715088
0.880517
0.797566
1.19573
0.444938
1.39385
0.412472
0.877192
0.32612
1.1643
1.05844
0.865144
1.29358
0.7328
1.15271
0.901209
1.47441
1.51436
1.05015
0.539123
0.269956
1.36484
0.957507
1.05214
0.761104
0.319766
1.05727
0.555513
0.227744
1.328
1.0212
0.631308
0.32789
0.631885
0.912641
0.402743
0.21509
0.586425
0.580435
1.14861
0.519634
0.590638
0.494724
0.631753
1.03867
1.42281
0.868715
0.805048
0.911679
0.324752
0.763749
0.542792
0.709314
1.07301
0.240279
0.805071
0.960598
0.721828
0.8116
1.13242
0.574508
0.745212
0.914017
1.40322
0.519225
1.36534
0.963648
0.641587
0.40053
1.006
0.480857
0.633773
0.913359
1.19849
1.17185
0.533771
0.72863
0.634658
1.50369
0.497334
0.823185
0.515981
1.39006
0.676528
0.346039
1.35718
0.941995
0.991283
0.939454
0.877002
1.4783
0.556821
0.957317
1.00021
0.727232
0.828099
1.42202
0.182584
0.977742
0.773689
1.08725
0.522506
1.11372
1.31749
0.663397
1.17648
0.34634
0.687422
0.634902
0.501055
0.803707
0.904883
0.885416
1.2663
0.718709
0.927945
1.26573
1.31395
1.23673
0.506147
1.09461
1.36014
1.50229
1.37512
0.755276
0.337926
0.439704
0.563237
1.24723
0.660416
0.983198
1.55279
0.637259
1.25083
1.43479
0.887984
1.49576
0.740804
0.498811
1.37354
0.74984
0.719939
0.522376
1.00739
1.37683
0.693045
0.39348
0.424294
1.35322
0.768282
1.05204
0.936047
1.03399
0.679954
1.18101
0.873721
0.854996
0.962555
1.2597
1.14116
1.24858
0.34887
0.611895
1.36481
0.372445
1.48783
0.829138
0.790241
0.605817
1.01864
0.973272
0.561266
1.25002
0.345508
1.14086
0.467909
0.809928
0.885364
1.50975
1.25296
1.08494
1.37932
0.993128
1.39076
0.959691
0.553231
0.757664
0.411279
1.02325
0.354754
0.920795
1.07689
0.873766
0.74057
1.08494
0.969425
1.0734
1.00177
0.209616
1.45288
0.37863
0.901466
0.845415
1.27599
0.373824
1.3639
0.358554
1.33108
1.44378
1.07166
0.997978
0.764344
0.543218
0.910597
0.755533
0.914314
0.428683
0.841946
0.443934
1.46861
0.782022
0.497069
1.22325
0.462289
0.946687
1.2911
0.376336
0.499267
0.940156
0.434725
1.24317
0.927496
0.745861
0.370652
0.473442
1.00274
1.06434
0.339781
1.06884
1.21874
0.328129
0.45618
0.864839
0.803246
1.12472
0.296142
0.821805
1.12161
0.937838
0.417408
0.728326
0.544688
1.05254
0.310703
0.592628
0.677674
0.820071
0.865135
0.615276
0.313309
1.14899
0.810779
1.42421
0.417454
0.816182
1.34627
1.50756
0.869407
0.904536
0.755802
0.151135
1.07375
1.42608
1.54546
0.62512
1.03884
1.19718
1.32578
0.807507
1.49713
0.787381
0.93015
1.16182
0.539927
0.24949
0.385462
0.770204
0.831302
0.702562
1.46418
0.982442
0.847283
0.835309
0.405962
0.767527
1.39979
0.558623
0.368344
1.3826
1.10091
0.963817
0.77061
1.29704
1.52321
0.497028
0.624471
0.54909
0.906286
0.604286
0.618374
0.862211
0.848078
0.688276
1.08041
1.36089
0.836272
0.46895
0.986524
1.15985
0.780455
0.697769
1.30461
0.801072
0.399742
0.363162
0.927296
0.783203
0.777629
1.52898
1.13284
0.673411
0.974554
0.655883
1.23836
1.24224
1.01043
1.036
0.455882
0.869948
0.18594
1.34309
0.552862
0.752498
0.462574
0.967281
1.00028
0.929566
1.42517
1.03883
0.252955
0.864433
1.12982
1.26478
0.858949
0.294242
0.261109
1.44293
1.2446
1.4878
0.957114
0.258599
0.697421
0.493098
0.744529
1.16692
1.05251
0.897096
1.21824
0.780596
0.699616
0.430468
0.541822
0.347766
0.930765
0.650126
0.849917
1.28694
1.19274
0.919732
0.630303
1.0332
0.662908
0.868791
0.958476
0.703307
1.36429
1.1111
0.464544
0.921968
0.963177
0.870143
1.50456
1.50781
0.802454
1.56239
0.591348
0.648543
0.938233
0.37658
0.615177
0.316143
0.443924
1.08312
1.22897
0.268743
1.0528
0.553418
0.547604
0.359357
0.911221
0.656552
0.993021
0.985308
1.43024
0.880628
0.867377
0.842009
0.467422
0.562347
0.914346
1.01618
0.919595
0.674754
0.554739
1.45233
0.980604
1.17821
0.634607
0.576107
0.794775
0.787364
1.09802
0.560375
0.738272
0.277023
0.52857
0.831971
0.622494
1.37184
0.997209
0.655629
0.985776
0.856087
0.870129
0.919206
1.14195
0.796179
0.765415
0.874935
0.764359
0.406833
0.590669
0.681718
1.26885
1.5361
0.36563
0.271593
0.334867
0.380425
1.37103
0.516152
0.801808
0.73461
0.562327
0.383236
0.342972
0.540194
0.699744
1.32148
0.601444
0.448397
0.916694
0.446634
0.405008
0.686089
1.10286
1.15808
1.32946
0.128058
0.813175
0.889614
0.981908
0.594686
0.61044
1.0209
0.55071
1.29449
0.830476
0.513735
0.782444
1.24762
0.562439
0.653344
0.846897
0.369279
0.730816
1.27429
0.44412
0.719732
0.595158
0.579229
0.678618
0.512315
1.24145
1.03619
1.00089
1.264
0.766307
1.25565
0.817571
0.80073
1.02087
0.549106
0.473532
0.934092
0.945759
0.564595
0.489728
0.562996
0.987203
0.603581
1.18479
1.19319
0.537467
0.998853
1.43847
1.25579
0.834784
0.642308
1.40422
1.25284
0.963913
0.815738
1.32545
0.782439
0.703341
0.823446
0.359401
1.56718
1.02193
0.879786
0.105714
1.22619
1.50497
0.176002
1.38324
0.907576
0.714719
0.5049
0.62787
1.14951
0.312341
0.541364
0.680032
0.553713
0.674903
1.43928
0.775603
0.481221
0.291825
0.711694
0.86756
0.320165
0.777043
1.41173
1.24921
0.957282
0.650279
1.44842
0.430863
0.423201
1.33045
0.810584
0.963107
0.858161
0.854878
0.694105
1.20525
0.959032
1.45763
0.715637
1.10451
1.24086
0.857911
1.15171
0.682362
1.14464
0.737626
0.662141
1.13957
0.556225
0.276328
0.556515
0.716884
0.555388
0.734377
0.905863
1.12037
1.31594
1.27441
0.771321
0.576877
1.53252
1.43526
0.892326
0.923428
0.857247
0.360156
0.325937
0.274429
0.96264
1.28002
1.55693
1.5159
0.80018
0.462812
1.05263
0.851494
1.32343
1.0846
0.372359
0.66336
1.02912
0.608111
1.23358
0.293831
0.469278
0.891947
0.726787
1.29903
0.352731
0.717026
1.33354
0.612865
1.0351
1.17218
0.489435
0.318919
1.29942
0.664878
0.57235
1.24779
0.649668
0.92599
0.610131
0.75018
0.455779
0.907894
1.51524
0.964981
0.676149
0.607147
1.00958
0.712622
0.637017
0.670692
0.770419
0.973353
1.23208
0.855946
1.50698
0.802512
0.469776
0.218237
1.1295
0.125028
1.14891
0.928927
0.643954
0.969683
0.967826
0.684741
0.31203
0.908668
0.464156
0.559449
1.06153
0.208988
0.835425
1.20921
0.599975
1.22179
0.823819
1.44442
0.376789
1.12618
0.559876
0.556442
1.56218
1.396
0.916878
0.444919
0.689034
0.77717
0.707232
1.40641
0.613758
0.524132
0.55717
0.692361
0.559932
1.06533
1.22794
0.711043
0.454209
0.561345
0.503136
1.05597
0.504961
0.497393
0.97006
0.343131
1.02868
0.711395
0.3786
0.417138
0.594466
0.845671
1.02794
0.614009
1.19898
0.376799
0.262243
1.436
0.458557
0.822989
0.839571
0.1198
0.248527
0.890095
0.481272
0.78949
0.42273
0.940339
1.15891
1.488
1.17292
0.698427
1.41293
1.45466
1.35286
1.13517
1.13426
1.33925
1.1227
0.558875
0.729396
0.651775
0.976323
0.719519
1.12559
1.20677
0.573576
1.24959
0.814916
0.987007
0.0546736
0.910267
0.63927
0.979629
0.918608
1.00372
1.32172
0.806014
0.770861
0.556233
0.575224
0.396006
1.38231
1.11596
0.446984
0.80787
0.603321
0.536183
1.12828
0.786738
0.681394
0.949722
1.49732
1.30317
0.402017
1.07792
0.358399
0.412734
1.02027
0.68638
0.269219
0.481196
0.711246
1.23718
0.769213
0.998478
0.803899
1.17582
1.05968
1.37065
1.20622
0.526123
0.675239
1.17168
1.1955
0.0699063
0.884269
0.378255
0.537044
0.632403
0.833735
1.37113
1.4637
1.23806
0.719779
0.702772
1.14981
1.04926
0.340245
0.929164
0.899028
0.468631
0.601826
0.862835
0.80816
1.27335
0.688467
0.617573
1.33996
