0.932144
1.45574
0.372168
0.682898
0.617372
0.89112
0.424432
0.962237
1.17117
0.389576
0.663784
0.746918
0.393895
1.31761
0.514369
0.392624
0.785829
0.889778
1.30497
0.639935
1.05757
0.629362
0.556218
0.457711
0.777778
0.244388
0.725948
0.571886
1.03365
0.381583
0.587378
0.800204
1.12561
1.501
0.895766
0.422815
0.173012
0.892421
0.949633
1.11867
0.766407
0.8316
0.557464
0.944426
0.800673
0.428492
0.421422
1.2948
0.927885
0.761431
1.4133
0.851274
0.639427
0.90838
0.907905
0.664857
1.20087
0.88859
0.499799
0.340625
0.513027
0.399353
1.16392
0.973896
0.300967
0.309109
1.11172
1.03124
1.085
0.702485
0.508858
0.814401
0.578125
0.670962
0.718832
1.08856
0.511107
0.848081
1.43217
0.343255
0.545217
0.87701
0.440262
1.25297
0.318464
1.38402
1.28405
0.387869
0.859466
0.370882
0.570092
0.833215
0.335076
0.57581
1.15975
1.29037
0.61674
1.07989
0.560242
0.778133
0.967232
0.707821
0.902092
0.523976
0.850339
0.209618
0.895166
0.789348
1.3194
0.790961
0.399742
0.603245
0.788203
0.601011
0.522775
1.13727
0.532493
1.36603
1.20025
1.41068
0.818038
1.14226
0.723117
0.948748
0.781685
0.831514
0.65801
1.31688
1.05821
1.14252
0.34967
0.827578
1.13885
0.987913
1.03683
1.32109
1.11063
1.26048
0.796086
0.592932
1.47317
0.716298
1.01866
1.53199
0.705204
1.13927
1.25922
0.544633
0.611071
0.99562
0.71321
0.916244
1.03867
1.4727
0.622816
0.967563
1.14494
0.823598
0.364614
0.464529
0.75308
0.722095
0.847479
0.726014
0.77947
0.784152
1.21338
1.00599
0.554205
0.58556
1.46801
1.01183
0.693034
1.49614
0.492783
0.769363
1.3333
0.758526
0.896437
1.21706
1.12412
0.737925
0.454792
0.574693
0.975671
0.954021
0.974546
0.635163
1.20894
1.24577
0.639797
0.492052
1.15345
0.883739
0.370275
0.537834
1.26348
0.607898
0.497174
0.687239
0.856957
0.843207
1.2234
0.758788
0.859731
0.461699
0.896105
1.0016
1.00294
0.652315
0.274307
1.4316
0.895283
0.744415
0.426183
1.21774
0.703912
0.373154
1.42419
0.945492
1.02749
1.53695
0.980758
0.917953
0.458539
0.964553
0.340141
0.598192
0.784585
0.405292
0.635727
1.11102
0.59403
0.740167
1.46494
0.943847
0.492323
0.896263
0.430972
0.834847
1.25149
0.412223
0.802628
1.1588
0.904706
1.20093
0.647178
1.17878
0.924721
0.683811
0.33009
0.515944
0.700663
1.3009
0.883501
0.901841
0.947661
1.16028
0.305608
1.55151
0.402814
0.927569
1.56447
1.30429
1.10404
1.40074
0.778973
0.36977
0.852952
0.785541
1.16584
0.817629
1.13734
1.56572
0.661388
0.562929
0.679766
0.540897
1.1417
0.517627
0.630941
0.280127
0.748858
1.22469
0.523784
1.33061
1.16216
0.634569
1.20042
0.883666
0.746117
0.880847
0.797099
0.788614
0.237106
1.33832
0.853187
0.880204
0.720743
0.876545
0.918563
0.827157
0.153408
0.868664
0.834072
0.563292
0.227878
0.444151
0.343849
1.09527
0.852459
1.11709
0.816289
1.45404
0.44737
0.576254
1.00124
1.20961
0.181713
0.0833383
1.48365
0.648974
0.728344
1.0891
0.541838
0.719696
1.13001
0.324586
0.772792
1.03253
0.73131
0.47106
1.2085
1.08568
0.892663
1.56774
0.201723
0.679592
0.371217
1.29197
0.494082
1.26247
1.37385
1.12428
0.668057
0.952032
0.668719
1.38864
0.11574
1.00134
1.24705
1.35737
0.329757
1.00109
0.489337
0.766112
0.303627
0.482433
0.735323
0.80817
1.08432
0.468563
1.22081
0.79392
1.27155
1.55203
0.348588
0.842244
0.823648
1.03888
0.870055
1.16877
0.204186
0.732371
0.762731
1.42606
1.40858
0.763758
0.886386
0.268761
1.16982
0.427553
1.29552
1.01903
1.20374
1.17444
1.23671
1.38603
0.254446
1.29801
0.622673
0.641744
0.969825
0.569239
0.763384
0.674208
1.49276
0.750536
0.860623
0.976802
0.848473
0.545696
1.16422
0.780478
0.775729
0.258876
0.353278
0.887929
1.10174
0.562336
0.660779
1.04217
0.494234
1.05133
1.03519
0.833219
0.533182
1.4392
0.333998
0.826729
1.02381
1.14881
0.735393
0.413013
0.672578
0.613256
0.516505
0.3531
0.849116
0.411483
0.918813
1.22088
0.774768
0.611158
0.772425
0.804749
0.721581
1.34906
0.717925
0.319421
1.14754
0.833886
1.11026
0.877817
0.608026
0.783866
1.26981
0.873836
0.557612
0.672525
1.32948
1.21204
0.319113
0.706889
1.09919
0.64857
0.546623
0.448253
0.775446
0.307247
1.02752
1.36797
0.505191
1.30806
1.39878
0.749724
1.25654
0.536027
0.355291
0.510941
1.07672
0.577271
0.504274
0.441815
0.892651
0.245511
1.11669
0.906067
1.31445
0.743342
0.410514
0.437263
0.895549
0.934007
0.420436
0.628533
0.941814
1.11579
0.596163
0.92698
0.669869
0.972546
0.363421
0.785824
0.511288
0.488322
0.686335
0.794101
0.402299
1.23295
0.873843
0.9856
0.599236
0.763435
1.56238
1.15038
1.0171
0.236215
1.5286
0.837261
0.359889
0.831372
1.37999
0.971708
0.585282
1.04671
0.409252
1.37981
0.800718
0.942468
1.08641
1.17598
1.46666
1.39247
0.871963
0.749944
0.570215
1.19062
0.823382
0.64576
1.10259
0.711998
1.06995
0.528951
1.26211
1.0708
0.827387
0.981066
0.596567
0.271495
1.40474
1.00148
0.662978
0.844194
0.954125
0.754142
1.03468
0.703104
1.13191
0.565164
0.723729
0.777871
0.729079
0.999781
0.446388
1.18229
0.868248
1.18677
1.28277
0.526096
1.56371
0.459533
0.7074
0.746684
0.677068
1.05643
0.493217
0.955896
1.53418
1.03126
1.47143
0.552428
1.15552
0.91979
0.695116
0.806064
1.05918
0.631361
1.40306
0.975522
0.937728
0.465183
0.850585
0.748405
1.07966
1.35979
0.776581
1.04647
1.13745
0.871843
0.276064
0.655002
1.20633
0.6139
1.45891
0.549223
0.344491
0.972043
0.270724
1.01781
0.410996
1.20256
1.44486
0.958778
1.36619
0.449742
0.723957
1.00152
1.21628
0.140782
1.02451
1.32688
0.967082
1.03209
0.735063
1.27004
1.38109
0.730607
0.368169
0.492381
0.408135
0.868621
1.32849
0.711346
1.31417
1.31098
0.38745
1.1766
1.52056
0.442653
1.44761
0.395796
1.43266
0.817779
1.38781
0.120428
0.468009
0.416313
1.11227
0.560902
1.37449
1.0453
0.804503
0.853071
0.836198
0.927864
0.581662
1.44166
1.45582
0.775349
0.914369
1.34011
0.89902
0.876363
0.838886
0.700293
0.967774
0.878109
0.927761
0.897578
1.51544
0.703451
0.42318
0.222283
0.952885
0.680466
0.224461
0.952896
0.616573
1.07699
0.506994
0.627883
0.800934
0.912876
0.763431
0.38398
0.801371
0.80231
1.49107
0.466514
0.55385
0.0920565
0.69719
1.12592
0.339174
0.625196
0.623352
0.2358
1.40561
0.688783
1.06633
0.772068
0.749405
0.693045
0.537274
1.41188
0.421031
0.388517
0.76597
0.78031
0.536804
1.13716
0.59522
0.305694
0.786146
0.608284
0.611014
1.10375
0.82757
1.3553
1.4486
0.475232
0.563657
0.958813
0.911196
0.852162
0.609728
0.519277
0.964749
0.755661
0.743418
0.518318
1.04818
0.865182
0.665885
1.54192
1.10912
0.929633
1.26088
1.20702
0.331624
0.934923
0.383142
0.760658
0.995564
0.610356
0.587294
0.494043
0.666284
1.22676
0.882311
0.676775
1.17253
1.09779
0.270092
0.567441
0.668938
0.599228
0.875728
0.749292
1.26405
0.825354
1.27119
0.247678
0.555548
1.52762
1.07848
0.465228
0.825193
0.581751
0.978559
0.916563
0.905939
0.38717
0.876298
1.13138
0.403575
0.719116
0.472628
0.927239
0.332246
0.892977
0.561582
0.335227
1.1335
0.342322
0.386845
0.74732
0.791572
1.13122
0.557079
0.661772
0.921596
0.478782
0.741653
0.689231
1.39331
1.11774
1.4301
0.455626
1.14679
1.26518
0.518274
0.778507
0.632367
0.92451
1.1949
0.794678
0.6043
0.673188
0.706239
0.233867
0.612513
0.74871
1.21652
0.260774
0.725719
1.17505
0.74425
0.231438
0.458044
0.856469
1.09219
1.22284
0.54597
0.367499
1.34573
0.70265
1.13946
0.937433
0.479074
0.489402
0.694867
1.3377
0.533726
0.719679
0.896473
1.05027
0.535534
0.708928
1.30913
0.810907
1.49959
0.993769
1.22106
0.385833
0.979913
0.796103
0.893575
0.877968
0.949436
1.06781
1.32292
0.359173
0.504253
0.738376
0.565528
0.727345
1.51111
0.703855
0.314383
1.18214
0.28573
0.55231
1.06759
1.07011
0.724669
1.14128
0.678437
1.12078
0.760785
0.848743
1.13285
0.928779
0.53309
0.53423
0.870925
1.11523
1.44749
0.762803
1.16472
1.44663
0.591381
0.57393
0.601189
1.19169
0.817306
1.27501
0.764642
0.260888
0.698697
0.785098
0.990165
1.09612
0.213836
0.523057
0.742971
0.795271
0.633325
0.770629
0.85075
1.01345
0.421717
0.667701
0.626288
0.265802
0.25661
0.614433
1.08992
0.625876
0.901864
1.15226
0.605116
0.713645
1.00431
0.154995
0.263534
0.584741
0.32496
1.36604
0.482339
1.09367
0.203273
0.889395
1.41281
0.619977
0.975213
1.02347
1.31578
1.39243
0.661771
0.548205
0.820371
0.845534
0.945837
0.352055
0.792899
0.50486
1.28214
1.15211
0.650469
1.14275
1.01937
0.795333
1.51766
0.761164
0.779647
0.473453
0.729142
0.891316
1.01612
0.605515
0.311114
0.818386
0.40538
0.410433
0.589305
0.433431
0.728175
1.32748
0.654532
0.400911
1.5049
0.441263
1.16845
0.719082
1.02997
0.273117
0.247337
1.43599
0.698879
0.32411
0.699323
0.226201
0.771304
0.37819
0.882841
0.752404
0.957792
0.62975
0.436426
0.413217
1.56713
1.07962
0.486653
0.547727
0.543173
0.770972
0.553961
1.04748
1.32992
0.266009
0.854438
0.424061
1.34193
0.687764
0.661233
1.53277
0.336669
0.849241
1.02527
0.276225
0.477555
0.718334
1.14499
0.396806
1.01315
0.969304
0.69023
0.724137
0.637614
0.624437
1.56964
1.29102
0.91194
1.48181
1.31914
1.24713
0.800591
1.08999
0.893734
0.348865
0.754119
0.976065
0.749858
0.424818
1.27241
0.527443
1.42071
1.31841
0.706185
1.15285
0.689208
0.950086
1.00943
0.369816
0.437061
0.922375
0.869594
1.21902
0.830793
1.43353
1.303
0.923442
0.396956
0.981056
1.49648
0.875971
0.469628
0.624069
1.35189
0.987401
0.715569
1.12611
1.14103
1.19148
0.953527
0.262783
1.01629
0.539924
1.17573
0.946135
1.14984
1.07151
0.987446
0.713311
0.885228
1.41412
0.997199
0.736747
0.77613
1.19446
0.301695
1.42172
0.915737
0.661732
0.774305
0.855315
0.74038
1.33072
0.93881
0.680053
0.204802
0.166709
1.28076
1.25437
0.627847
1.1008
0.79838
1.04977
0.314691
0.653449
0.277637
1.40586
0.944123
0.959827
0.69857
0.837665
0.915256
1.46179
0.32273
1.29414
1.03793
0.983213
0.401462
1.09882
0.672019
0.469116
0.652083
0.147465
1.04095
0.600407
0.724088
1.09311
1.09751
1.50854
1.42652
0.675476
0.696204
1.08618
0.787462
0.547603
0.879116
0.566012
0.596545
1.25699
0.795451
0.421316
1.16605
0.939991
0.401733
1.20445
1.46796
0.739898
0.722856
0.867873
0.921801
1.41378
0.9158
1.27181
1.00076
0.542157
1.45614
0.392042
1.09597
0.41946
1.19808
0.775646
1.21095
1.0859
0.854673
1.17308
0.710701
0.841694
1.32359
0.419315
0.543947
0.258222
1.2376
0.469018
0.687701
1.09581
1.04636
0.17309
1.11074
1.35074
1.16652
0.785656
0.353642
1.20743
0.615263
0.546521
1.26268
1.01596
1.05938
0.284674
0.795088
1.17045
0.778355
1.00734
0.319426
0.601317
1.14305
1.40952
0.709435
0.964504
0.773043
1.05217
0.720466
0.488981
1.54354
0.374197
0.979411
1.18928
0.32934
0.84267
0.614589
0.705283
0.797809
0.457423
0.557303
0.967826
0.648801
0.818458
0.521466
0.553231
0.566035
0.316809
0.412315
0.485587
0.510917
0.994179
0.941909
0.73239
0.956918
0.250323
0.744289
1.03653
0.826908
0.665157
0.553746
0.188555
1.07159
0.766978
0.347637
0.839737
0.485681
0.640034
0.493986
0.799525
0.861533
1.00574
0.64957
0.319115
0.604127
0.384124
1.38864
0.302685
1.03718
0.6967
0.778835
1.17676
0.456938
1.2239
0.849471
0.988332
0.823045
1.05696
1.46683
0.587285
0.693432
0.48604
0.255149
1.25516
0.608268
0.508477
0.466974
0.396803
1.46527
0.684695
0.813005
0.961224
1.28607
1.1409
1.14405
0.868081
0.972301
0.756254
0.371032
0.32382
0.206655
1.33542
0.861575
0.779864
0.756827
0.32318
0.770434
1.14627
0.557891
0.794614
1.1904
1.08601
0.162962
0.525981
1.3364
0.663639
1.07083
1.47893
1.49486
0.690014
0.991725
1.04286
0.455574
0.835622
1.54899
1.48399
0.598474
0.372736
0.573787
0.621648
1.00113
0.659964
1.19022
0.655133
0.782588
0.997999
1.10876
0.465761
1.11671
1.08717
0.893409
1.50821
0.993073
0.973052
0.89145
1.04075
0.656329
0.247919
0.619552
0.4677
0.235172
0.819042
0.789042
1.16196
0.928113
0.750732
1.04831
0.636833
1.42331
0.743644
0.221362
0.945627
1.42726
0.910861
0.557143
0.969616
1.37097
0.807013
1.3582
0.954508
0.910598
0.795346
0.927804
0.946198
0.576902
1.13361
0.880667
1.52425
1.47061
0.262216
0.871347
1.53659
0.734473
0.397132
0.761277
0.293131
0.308175
0.668095
0.545647
0.503929
0.820732
0.846132
0.619049
0.636682
0.509591
1.18959
0.92128
1.30214
0.733619
0.656103
0.770972
0.450668
1.52582
1.13651
0.460694
0.966608
0.624608
0.542363
0.929422
0.949504
0.963508
0.614514
0.820776
1.55002
1.53346
1.17873
0.292781
0.553892
1.3625
0.620295
0.773805
0.829018
0.825039
0.61561
0.866862
1.03784
0.838143
1.336
0.845611
1.31717
0.571922
0.904848
1.36746
0.127855
0.596243
1.35101
0.849625
0.638522
0.740311
1.41551
0.343011
0.67625
0.246597
1.47574
0.856116
0.652801
1.08275
1.0084
1.39097
0.665607
0.877849
1.32009
0.804269
1.18168
1.14164
0.540966
1.45271
0.296761
1.30078
1.3795
0.974849
0.415819
0.686008
1.30855
0.47767
0.651895
0.513914
0.467981
0.975184
0.831818
1.33179
0.899246
1.40897
0.856976
0.35832
0.76391
0.738389
0.933692
0.693597
0.994211
0.925893
0.65309
0.77689
0.952321
0.807743
0.244772
1.45353
0.621689
0.748277
0.642034
1.19551
1.14969
0.845666
1.30192
0.683097
0.374934
0.636538
0.499214
0.876173
0.843549
0.66535
1.44463
0.512485
0.771924
0.86113
0.534333
1.34144
0.740484
1.06022
1.15847
0.964609
0.923677
0.716073
0.678052
0.963712
0.656157
0.644014
0.431561
0.352276
1.56341
0.794733
0.629075
0.645291
1.06501
0.724435
0.400129
1.2145
1.46574
1.00591
0.706093
1.10903
0.124348
0.707526
0.518126
0.339696
0.875367
0.723399
0.837811
0.859661
0.8084
1.22885
0.9886
0.880015
1.00818
0.603591
0.920056
0.393978
0.507929
0.777916
0.743406
0.345036
1.48811
1.38323
0.60448
0.682839
1.17196
1.3021
1.03887
0.751997
0.703375
0.800943
1.10137
0.977399
1.17278
0.689506
0.592653
0.555493
0.857213
0.717312
1.01371
0.828039
1.09591
0.745333
0.923609
1.23664
0.40063
1.46895
1.1856
0.697248
0.891702
0.354461
1.1659
1.28716
1.56976
0.496326
0.267211
0.691452
0.648662
0.940146
0.673726
1.12624
0.673157
0.319176
1.43327
1.36685
0.582699
1.11908
0.197411
0.814736
0.609081
1.08828
0.798004
0.711505
0.424596
0.464372
1.12287
1.15829
0.382064
0.390178
0.753919
0.868367
0.629055
0.535162
1.27639
0.499419
0.32222
0.913853
0.287621
1.43935
0.892451
0.509826
0.410989
1.3998
0.494525
0.926182
1.07784
0.99166
0.615102
1.07137
0.911094
0.398996
0.667887
1.14904
0.47485
0.955908
0.265492
0.976258
0.71877
0.713604
0.411939
0.345364
1.23902
0.677872
0.533726
0.696853
0.429452
0.906404
0.519667
0.622428
0.964645
0.933268
0.971484
1.55329
1.37455
1.2659
1.51774
0.565154
1.23865
1.19984
0.860078
1.49096
0.889956
0.936202
0.941745
0.665943
0.578352
0.79315
1.53911
0.709392
0.2635
1.09482
1.11197
1.14352
0.346667
0.854415
1.29684
0.211452
0.916906
0.385822
0.521398
0.416544
1.00855
1.3408
0.237727
0.149068
0.911586
1.31819
1.08038
0.472096
0.869838
0.44782
0.534587
0.876425
0.429611
0.85842
0.890354
1.33459
0.334866
0.356696
0.60362
1.01603
0.184478
0.854873
0.816015
1.0794
0.735576
0.570857
0.739418
0.35677
0.597638
1.18051
0.40015
0.688774
0.886586
0.88089
0.415223
1.16395
1.01396
0.646399
0.80083
0.768583
1.42437
1.35509
0.708239
1.11663
0.834252
0.765264
0.759755
0.777065
0.523988
1.05237
0.774558
0.824286
0.605565
0.892951
0.587796
0.735576
0.62089
0.591194
0.432755
1.04343
0.653993
0.35407
1.46174
0.821208
0.930218
0.801162
1.46935
0.440026
0.72185
1.26758
0.565158
0.892855
0.591442
0.728137
0.740645
0.864636
0.459925
0.900083
0.953943
0.814906
0.788982
0.733145
1.09888
0.590403
1.12332
1.40333
0.893501
1.20089
0.545637
1.16743
1.27167
1.52159
1.21606
1.23573
0.980912
1.15427
0.931091
0.666545
1.42427
0.971539
1.17511
0.851973
0.964025
1.12333
0.926657
0.831579
1.2151
0.24729
1.39486
0.722508
0.395035
0.526835
1.53191
0.636156
0.526172
0.948517
0.834464
0.877324
1.13438
0.636453
0.233038
0.546278
1.00203
0.731186
1.21116
0.944024
0.23026
0.980203
0.376804
0.72642
1.36082
0.763817
0.436366
0.858742
1.55894
0.784046
0.204002
0.417128
0.815323
0.870561
0.414465
0.742418
0.639982
0.568424
0.709019
1.41946
1.09635
0.742651
1.2253
0.728058
0.774217
0.391176
0.604594
0.94004
0.499372
1.26463
0.749694
0.949873
0.874561
0.952557
0.87037
0.349078
0.545071
0.947778
0.891662
0.977332
0.560413
1.39792
0.486626
1.17587
1.31203
0.672803
0.856282
0.322453
1.36539
0.308878
0.757622
0.444867
0.138863
1.49323
0.896856
0.771462
0.936951
0.81657
0.672988
1.01395
0.606694
0.394976
0.388292
0.648306
0.985707
0.581641
0.253654
1.0712
1.12471
0.641119
1.35987
1.14772
1.30768
1.06716
0.869395
0.846948
0.949697
1.10734
1.17679
0.302434
0.58677
0.55398
0.619643
0.605683
0.790558
0.894137
0.527378
0.570087
0.978873
0.883851
1.07072
0.826234
0.271354
0.906198
0.601041
0.556063
1.40481
1.10273
0.286526
0.441037
0.884312
1.42573
0.924729
0.876807
1.21183
1.02295
1.24807
0.846919
0.895084
0.984265
0.794724
0.676178
1.02164
1.21977
0.8734
0.429759
0.756316
0.677041
0.2959
0.899754
1.35366
1.13342
1.01198
0.826628
0.66661
0.764964
1.06097
0.520428
0.802719
0.933184
0.685704
0.356244
0.724193
0.425452
0.884005
0.863217
0.945328
0.691794
0.472434
1.00674
1.48842
0.745774
0.632223
0.381604
1.22564
1.1076
1.00731
1.45934
1.12059
0.504707
0.82456
1.0856
0.60441
0.880094
1.01882
0.525447
0.669947
1.17635
0.870476
1.51359
0.588745
0.922734
0.471801
0.814113
1.14785
0.438951
0.596657
0.840908
0.486535
0.415085
0.827621
1.14869
0.252808
0.430542
0.74708
0.540404
0.86342
1.03918
0.701568
1.46093
0.699807
0.597753
0.503879
0.938842
0.631911
1.29553
1.53052
0.645176
1.36013
0.54845
0.637251
0.525493
0.689483
0.877688
1.49681
0.899838
0.934063
1.04109
1.42403
0.440021
1.17745
0.209011
1.24752
1.28331
0.437884
0.885196
0.778301
0.495247
1.24316
0.434327
1.09746
1.0472
0.807568
1.36422
0.696223
0.85239
0.535602
0.519532
1.00756
0.999024
0.841765
0.740011
0.831142
1.55454
1.44746
1.08961
1.1426
0.696525
0.552585
0.542952
0.530751
0.657625
0.519605
0.553854
0.46169
0.510146
0.819348
1.26956
0.53987
0.375489
0.645568
1.19354
0.608384
0.476551
0.662766
1.2785
0.596593
0.816183
0.642015
0.753315
0.792244
1.55569
0.626944
1.12236
1.35692
1.2588
0.398522
0.657566
0.910675
1.06311
0.684719
0.345893
0.647764
0.844179
0.987507
1.03624
1.21112
0.531982
0.415355
0.811145
0.616375
1.18489
0.620918
0.871857
1.00959
0.615355
1.52161
0.646078
0.976259
0.827957
1.02328
1.25375
1.15095
0.854959
0.958005
0.40401
1.18646
1.03896
1.40737
1.16302
0.777232
0.371702
1.19071
0.559612
0.91512
0.640205
0.725093
0.480178
0.286245
0.670438
0.446416
0.67862
0.506534
0.932988
0.639007
0.880279
1.09306
1.38951
0.868832
0.804671
0.905984
0.82737
0.381002
0.707158
0.73096
0.299371
1.37448
0.26172
0.56143
0.623328
0.481884
1.20635
0.806065
1.39017
0.459351
0.549108
0.86944
0.778474
0.591634
0.902831
1.04444
1.03038
0.624646
1.0973
0.960859
0.278151
0.618597
0.496002
1.10417
0.985333
0.989968
0.890631
1.35195
1.13548
0.268424
1.3918
0.950654
0.330461
0.676377
0.973901
0.871584
1.08387
0.479299
0.448551
0.674733
0.665503
1.21585
1.02389
1.40415
0.777694
0.41942
0.343754
1.45815
0.847256
0.382962
1.11724
1.10543
1.23939
1.20561
0.805784
0.922333
0.532987
0.352358
0.911282
1.02099
0.496891
0.820704
0.495125
1.33298
0.539764
1.12214
0.533678
1.35698
0.609357
0.850057
1.17803
1.10772
1.21235
1.01315
1.07553
1.0913
1.51219
0.622639
0.996533
1.25355
0.422289
0.714462
0.947921
1.04569
1.12237
1.00175
1.0504
0.910401
0.948715
0.899778
1.02706
0.950176
1.03349
0.627864
0.700424
0.562961
0.52006
0.717535
0.747596
0.855586
1.10749
1.03265
0.618938
0.736389
0.808432
0.656564
0.387691
0.809445
0.572369
0.258174
0.348156
0.990018
0.790362
1.49373
1.0307
0.604428
0.574763
0.698656
0.354005
1.13475
0.26571
1.14055
1.52854
1.03903
0.889604
1.21603
0.729358
1.24951
0.617702
1.06019
1.01471
0.555841
0.916524
0.237208
1.53126
0.497022
0.433042
0.763792
0.534559
0.93957
0.983127
0.612218
0.605888
0.375586
1.05895
0.51204
1.0574
0.558399
0.975933
1.21733
0.336923
1.22222
1.15498
1.10762
0.87344
0.434814
1.49547
1.40388
0.990887
0.754081
0.793315
0.775121
0.529718
1.53266
0.406522
1.45112
0.957515
0.506517
0.474061
0.695054
1.08764
1.21394
0.969939
0.436456
1.15708
0.56701
0.639328
0.408069
0.534274
0.360445
0.582954
1.17846
1.28358
0.627006
0.479796
0.682294
0.619124
0.924473
0.602654
0.854887
1.04732
0.886689
0.511398
1.54865
0.732709
0.576573
1.47267
0.574421
1.42582
0.260763
0.668593
0.431796
0.750674
0.287359
0.7081
0.504198
0.806374
1.06643
1.24706
0.903213
0.396491
1.01533
0.862951
0.894216
0.709485
0.643272
0.850453
0.8811
0.845513
0.764195
0.956427
1.08423
0.981966
0.467879
0.703859
1.03134
0.97663
0.764881
0.907551
0.644038
0.342058
0.777792
0.69884
1.27734
0.231581
1.07645
0.884798
1.30054
1.24348
0.723504
0.876004
1.00879
0.663993
0.668382
0.816017
0.483904
0.613238
1.36868
0.993354
0.987911
1.32866
0.401904
0.396756
0.268273
1.34127
0.820406
1.49699
1.25215
0.576378
0.464008
0.597044
0.73168
0.21541
1.27593
0.576692
1.16865
0.962549
1.22201
0.529694
0.338222
0.129219
0.863874
0.545375
0.89283
0.822435
0.356792
0.821548
1.42014
0.395647
0.614527
1.11363
0.656988
0.817328
0.899057
0.915202
1.22544
1.14164
0.621639
0.30007
0.457814
1.44186
0.184235
1.05378
0.938244
0.22601
0.450416
0.227564
1.26836
0.523209
0.671412
1.21584
0.796301
0.710088
0.433449
0.570766
0.961255
0.151847
1.40019
0.839078
0.553017
0.654623
1.05538
0.768014
1.22305
0.875086
1.23958
0.410576
0.577441
0.667047
0.286749
0.94874
1.50068
1.35568
0.809519
0.32363
1.23855
0.950184
0.72052
1.35464
1.2751
0.221182
0.607615
0.786806
0.725011
0.577635
1.01513
1.42169
1.34889
0.826364
1.51205
0.766441
0.216531
0.754155
0.743051
0.532182
0.484503
1.07419
0.532906
0.390897
0.645656
0.545021
0.979457
1.5412
1.02538
0.876733
0.52686
1.17911
0.873875
0.974799
1.56176
1.1313
0.329111
0.750762
0.556962
1.30708
0.57641
0.57237
0.847273
0.347821
0.664432
0.788288
0.481483
0.475191
1.27055
0.215851
0.363556
0.960359
1.39346
1.47786
0.914199
0.659622
1.19338
0.463678
1.24847
0.943394
0.763281
0.876731
0.773618
1.0018
0.33684
0.797014
1.47968
1.09503
0.713876
0.869746
0.492931
1.04454
0.477448
0.914336
1.36922
0.827162
1.38469
1.20453
0.661075
0.540305
0.891535
0.794242
1.36818
0.733267
0.556115
0.43807
0.725008
0.672508
0.170998
0.891345
1.272
0.603218
1.44896
0.70072
0.486493
1.03431
1.1652
0.622247
0.576974
0.607387
0.557619
0.554218
1.13696
0.781851
0.742491
0.519373
1.33935
0.975727
0.361
0.952527
0.8448
0.353291
0.599131
0.391502
0.0849155
1.47465
0.464981
1.1418
1.09543
1.40506
0.8391
0.984278
0.933923
0.753831
0.616998
0.280351
1.36065
1.05099
1.19715
1.23439
0.900734
0.345151
0.80582
0.802261
0.721302
0.524106
1.25926
1.02136
0.81825
0.34425
0.690121
1.06291
0.754325
0.872796
1.15838
0.530627
1.14756
0.966131
0.529949
0.578826
1.07063
0.639125
1.2451
0.949467
0.75161
0.734457
0.797486
0.840956
0.824552
0.953888
1.40769
1.56296
1.48686
0.698863
0.672451
1.4678
0.133941
0.642742
1.05455
0.489618
0.30964
0.362767
0.624028
0.559329
0.686478
0.779513
0.500726
0.821731
0.903288
1.14937
0.566715
0.823323
1.08725
0.815435
1.28923
1.01174
0.610107
0.601165
0.953975
0.217981
0.513489
0.979679
0.77925
0.751217
0.802878
0.595863
1.406
0.426708
1.06209
0.865915
1.25076
0.487534
0.357826
0.900665
0.961095
1.16848
0.219375
0.962754
1.05898
0.876042
1.42222
1.51228
1.27375
1.03017
0.378044
0.879154
0.515443
1.52309
0.406851
1.0656
1.13678
1.43358
0.367665
0.8012
0.690969
0.728295
0.623689
0.678504
1.47504
0.735239
0.585691
0.42233
1.13088
1.39411
1.03398
1.52448
1.4229
0.32648
1.01118
0.80714
1.1452
0.741342
0.917935
1.24685
0.999144
0.396299
0.341793
0.842668
0.961813
0.977201
0.947913
1.00857
1.28012
0.916917
0.5932
1.27897
1.01156
0.992715
0.447506
0.501821
1.22048
1.42466
0.572045
0.724724
0.997021
0.783343
1.10343
0.847684
1.07195
0.642697
1.17347
1.41792
0.292991
0.519561
0.541478
0.623441
1.39319
1.36815
0.883439
0.780021
1.20098
0.856416
0.746401
0.849426
0.720998
0.394375
1.34712
1.26036
1.25905
0.685712
1.05479
0.77276
0.573364
1.08929
1.35313
1.43917
1.06031
1.45733
0.504932
0.582547
0.6581
0.35827
0.966718
0.234489
0.736422
0.85714
0.653409
0.63675
0.661748
0.923635
0.202758
1.01686
0.648845
0.503454
0.456815
0.969851
0.69524
1.46559
1.00533
1.00279
0.69525
0.933552
0.710901
1.45623
1.10463
0.452122
1.04668
0.620018
0.351891
1.35905
0.94857
1.36028
0.276211
0.983078
1.17649
0.300064
0.770622
0.922563
0.906997
0.672171
0.976926
0.938445
1.55782
0.540793
0.660362
1.02917
0.729762
0.853413
0.743763
1.04402
0.55034
0.796257
0.471585
0.615631
0.910443
0.504358
0.899863
1.10734
0.749814
0.56001
0.390871
1.03136
0.576159
0.90179
0.68745
0.864616
1.02615
0.489754
1.16069
0.771932
0.990093
0.331451
1.13137
0.997954
0.805361
0.647499
1.30261
1.23198
1.24742
1.24048
0.863864
1.05827
1.10583
0.506419
0.221222
0.570652
0.556714
0.776563
0.531897
0.744368
0.422079
0.852791
0.774907
0.671707
0.810412
1.3188
0.374041
1.17217
1.30945
0.661969
0.46056
0.685847
0.625882
0.93301
0.914579
0.37039
0.935004
0.505223
0.502085
0.502993
0.552424
1.51237
1.28295
0.466526
0.683408
0.881932
0.556781
1.00225
1.01748
1.05039
0.408826
0.62628
1.31958
0.763262
0.604773
0.662261
0.754122
1.02076
1.38362
0.702621
0.956133
1.0293
0.736723
0.785934
0.478043
1.53749
0.731981
0.714364
0.889446
1.42934
1.06001
0.993504
1.36948
0.986048
0.332153
0.71182
1.17322
0.490462
0.495604
0.555392
1.20743
1.10835
0.608198
0.727362
0.605444
0.199724
0.504588
0.716783
1.18268
1.34605
0.860914
1.18421
0.725688
0.74412
0.513571
1.53361
0.307171
0.970974
1.29062
1.15046
0.666739
0.81153
0.759926
0.904884
1.17453
1.17494
0.56343
0.763922
1.06169
0.930746
0.76627
0.603996
0.87298
0.999078
0.246928
0.488024
0.718674
0.737494
0.609616
0.334402
1.28281
0.109011
1.30566
0.746462
0.623836
1.25259
1.20814
1.23549
0.546501
0.637899
0.770814
0.424754
0.505453
1.51383
1.49248
0.931154
0.788567
1.28564
1.52329
0.402771
1.53604
1.20884
0.301951
0.85142
1.0651
0.978139
1.27335
1.10701
0.449234
1.26152
1.17167
0.694521
0.613607
0.584146
0.295805
0.849166
1.03378
0.858603
1.07394
0.602378
0.766376
0.696653
0.512498
0.510471
1.27479
0.827194
0.382011
1.36739
0.985458
1.09667
0.852749
0.814776
0.909446
1.34258
0.803871
1.01082
0.822018
1.19449
0.44363
1.30965
0.874183
0.932662
0.706657
0.714385
0.42073
0.32772
0.850255
0.572234
1.02619
1.0309
0.549172
0.591929
0.991785
1.17615
0.899179
0.632177
0.610572
0.979087
0.857335
0.930081
0.64807
0.50914
0.372557
0.395277
1.28886
0.13837
0.120078
0.383603
1.3817
0.632858
0.651382
0.861486
0.481093
0.432836
1.35523
0.398427
0.553951
1.55854
1.0664
0.816258
0.591456
0.8348
1.51793
1.16426
0.750491
1.02
0.497059
0.391806
0.768611
0.602262
0.727693
1.0142
0.492251
0.322231
1.41308
1.05829
0.990023
0.609696
1.06953
0.846212
0.576047
0.877176
0.735677
0.719546
0.521736
0.814882
1.18724
0.869132
0.997844
0.577109
0.492231
0.322607
0.956461
0.425133
0.974152
1.26756
0.40796
0.918276
1.30243
0.712113
0.705465
0.654937
0.386724
0.539038
1.00861
1.30089
0.577337
0.407143
0.867159
0.762041
1.06624
0.291916
0.424856
1.38961
0.417276
0.827452
1.44723
0.700551
1.15789
1.49295
1.44472
0.798156
1.33988
1.3809
1.0664
0.354344
0.443918
0.275997
1.23371
0.436869
0.180699
0.573389
1.52256
0.972285
0.271882
0.720587
0.978008
0.414079
0.712435
0.899758
1.15422
0.392781
1.25512
0.210235
0.855416
1.37588
1.4404
0.742179
0.837559
1.08208
0.723297
1.23745
0.560086
0.969724
0.611994
0.812047
0.568458
1.17517
0.886932
0.669913
0.916958
0.64564
1.13749
0.786076
1.11971
0.395799
1.38861
1.33711
0.963154
0.661915
1.03639
0.723874
1.0975
0.651705
0.554864
0.975668
1.18836
1.18755
0.407498
1.06975
0.54804
0.619079
1.09013
0.662972
1.53057
0.577861
0.37358
0.335849
0.688881
1.147
1.00788
0.721858
0.961931
0.92566
0.522627
0.698103
0.392315
0.867047
0.476791
1.13634
0.707918
0.156271
0.782206
1.12008
1.25496
1.04838
0.993604
0.904138
0.834802
1.32082
0.448743
0.528624
0.858347
1.29764
0.331693
1.06061
0.51981
1.3251
0.986294
0.486782
0.888163
0.787296
1.01419
1.52121
0.754193
1.14287
0.513914
0.548878
1.558
0.609363
0.590876
0.669763
0.480339
1.35097
0.324958
0.296053
1.01649
1.01981
0.789776
0.892601
0.931228
0.436957
0.760247
0.552291
0.798627
0.908246
0.563561
0.561462
0.777401
0.871312
0.25701
0.610344
0.24468
1.11885
0.735944
1.07477
1.43362
0.814677
1.43815
0.753078
0.591877
0.773988
0.695161
0.587037
1.39831
0.489795
0.985893
0.795028
0.419674
0.38903
0.913383
0.863674
0.852778
0.933413
1.18307
0.362349
0.623994
0.666616
1.25107
1.14728
0.660094
1.02542
1.22347
0.429154
1.41117
0.430184
0.594313
0.683585
0.921852
0.475673
0.806087
0.976048
0.25288
0.583601
0.35774
0.272494
1.5221
1.17665
0.663796
0.928038
0.812203
0.288599
0.999699
0.745195
0.258228
1.56422
0.470361
1.29792
0.974672
0.909098
0.788684
1.24737
0.657149
0.560169
0.913066
0.505607
0.541495
0.825231
0.380247
1.51603
1.53205
0.866487
1.31885
1.24809
0.896687
0.301264
0.739405
0.644927
1.43333
0.664383
0.652373
0.793266
1.1424
0.89089
1.4665
1.15348
0.576315
1.25671
0.72576
1.09583
0.985992
0.781214
1.01146
0.474283
1.04746
0.961527
0.420625
1.12246
0.364874
0.762213
1.2427
1.18925
0.678219
1.18134
0.4475
0.158893
0.833691
1.25562
1.12077
0.321819
0.464397
1.00469
0.22074
0.431076
1.49702
0.558626
0.727677
1.05593
1.25785
0.218578
0.749212
0.899044
0.856823
0.975033
0.849672
0.880082
1.14203
0.693209
0.567232
0.948307
1.08338
1.5526
1.00837
0.517497
0.952499
0.433938
0.368798
0.572519
0.870054
0.984686
0.541822
0.813082
0.526015
0.533952
1.29057
0.772107
0.515945
1.05725
0.735474
1.0371
1.05778
0.755673
0.832292
1.11633
1.01069
0.346566
0.95465
0.707231
0.919698
0.533608
0.821957
0.957869
0.851988
1.01912
0.307588
1.25564
1.33353
0.653156
0.996612
0.743038
0.395585
0.936664
0.617415
0.477009
0.579302
0.917119
1.1552
0.410281
1.11975
0.560669
0.475345
1.02078
0.75065
1.30934
0.876535
0.911619
0.592405
0.527381
0.454473
0.631935
0.580603
0.982631
1.35216
0.815714
0.701476
1.23548
1.33523
0.995193
1.11888
0.900863
0.486643
1.27381
0.743848
1.3415
0.134959
1.29766
1.04441
0.351719
0.938425
0.681776
0.407471
0.595153
0.989455
0.825972
1.24202
1.19621
0.512674
0.768607
1.26101
1.0334
0.547051
0.977745
1.07551
1.30177
0.609668
1.35885
0.722182
0.801347
1.5348
0.782399
0.918417
0.792807
0.443437
0.966824
0.842186
0.349297
0.431367
1.16168
0.963668
1.25328
1.13359
1.30349
1.26804
0.832568
1.13384
0.343672
1.50345
0.704262
1.08277
0.611542
0.817973
1.08978
1.03104
0.583558
0.761084
1.24776
0.382596
0.602415
0.690711
0.634913
0.741031
0.926143
0.751617
0.764082
0.540378
0.440188
1.24072
0.512256
0.486953
0.703346
0.891499
0.853752
0.627864
0.949163
0.603295
1.48669
1.38542
1.18943
0.967981
1.10469
0.677324
1.09624
0.578189
0.407744
1.38898
0.376368
0.872722
0.87812
0.414898
0.478521
0.580532
0.920197
0.340027
0.782806
0.787226
0.689523
0.547353
0.596731
0.496689
0.761141
0.729163
0.627554
0.509198
1.18069
0.802422
1.37315
1.15706
0.8626
1.45666
1.34039
0.580762
1.17542
0.550771
0.416232
1.03482
1.32943
1.22283
0.891516
1.02151
0.473043
0.902056
0.475136
0.914669
1.42273
0.406575
0.204843
1.05437
0.833021
0.728277
0.523333
1.28956
1.00047
0.700469
0.902811
1.08357
1.15972
0.544082
0.864888
1.01736
0.823721
0.637839
0.689032
0.959957
1.02
0.929145
0.791485
0.6107
1.41733
0.712797
1.47945
0.983143
0.212418
0.532317
0.877704
0.4523
1.51122
1.48167
0.630317
0.267124
0.64799
1.1751
0.979507
0.359581
0.498654
0.945714
0.515782
0.410351
0.57576
1.27938
1.46869
0.678658
0.598062
0.557993
1.36429
0.855301
0.971052
0.60778
1.29966
0.662069
0.906828
1.02705
1.12514
0.737154
1.19541
0.571825
0.375458
0.823383
1.23785
0.860841
1.08403
0.767902
1.39105
1.18246
0.437537
0.394376
0.777206
0.873948
1.51766
0.5983
0.650567
1.01189
0.221062
0.54782
1.43869
0.381876
0.859587
0.682767
0.822041
0.446102
0.398545
0.830115
0.319595
1.0356
0.346707
0.750911
1.19362
0.786573
1.20561
0.329952
0.713443
0.63597
0.975352
0.659783
0.20016
1.16999
0.874197
0.432193
1.26717
1.47901
1.14636
0.500237
0.349772
0.209467
0.880621
0.879285
0.527858
0.53479
1.29613
0.647596
0.664865
0.914427
0.641645
0.70728
0.832459
0.899078
0.595025
0.631069
1.52796
0.245769
1.27849
0.85187
0.538326
1.04002
0.190056
0.844466
0.52648
0.616929
0.863031
1.14566
0.348382
0.471556
1.16273
0.555705
1.19929
0.62779
0.555475
0.631958
1.33596
1.05991
0.864413
1.24183
0.316791
0.350754
1.11319
1.16722
0.756019
0.543244
0.448884
1.10636
0.648239
0.73815
1.03833
1.13686
0.626987
0.686679
1.19696
0.50553
0.59031
0.964296
0.872828
0.773423
0.457048
0.794401
0.731169
0.465839
0.699692
0.346057
0.918043
1.46538
1.42933
0.649999
0.960227
0.49418
0.418772
0.386959
0.956959
1.43018
0.884528
1.38909
0.385412
1.53962
1.0294
0.974646
0.689311
0.799605
0.970956
0.705628
0.406046
0.445906
1.28247
1.25765
0.817017
0.648357
0.332161
0.992505
0.944271
0.871848
0.788399
1.24735
1.23965
0.777318
1.21518
1.12237
1.26255
0.97327
0.677564
0.384494
0.358564
0.563258
0.53351
0.654829
0.463758
1.33099
1.19746
1.15046
1.24676
0.923871
0.648414
0.401714
0.504748
0.744408
0.567901
1.00998
0.680659
0.744478
1.17871
0.833756
0.94149
0.856158
0.875391
0.913829
0.994271
0.31564
0.583535
0.721171
0.719661
0.428866
0.540718
0.419081
0.54156
1.47162
0.509213
1.04286
0.710982
0.669593
0.514673
0.579951
1.03489
0.962988
0.944913
0.925223
0.849273
1.48044
0.6141
1.03391
0.98703
0.911814
0.475341
0.458934
0.951528
0.999712
1.05193
1.39852
0.792283
0.843429
0.942361
1.01615
0.583945
0.555187
0.731645
0.781743
0.962232
1.35397
0.67846
1.02714
0.579446
0.922303
0.779628
0.299415
1.12657
0.537446
1.30415
0.741751
0.40069
0.448894
0.829518
0.718663
0.779431
0.463366
0.582458
0.883446
0.885176
0.437265
1.41644
0.881057
0.304668
0.943187
1.54405
1.04171
0.56034
1.40356
0.271501
1.4752
0.938648
1.23369
0.602285
0.644799
0.713253
0.609733
0.46561
0.678897
0.595945
0.736334
0.376602
0.408391
1.18387
0.767289
1.0512
0.840467
0.396985
0.696233
0.789037
0.73757
1.45723
0.773685
1.0968
0.402997
1.36957
0.497248
1.34354
0.911583
0.786731
0.369946
1.35324
0.561575
1.30077
0.865537
0.672017
1.01564
0.625545
0.731243
1.24548
0.872287
1.02709
0.775567
1.19173
1.00721
0.564614
0.285594
0.795972
0.352323
1.22095
0.608463
0.708006
0.487247
0.832207
1.01748
1.02239
0.636046
1.37514
1.34734
1.04011
0.170386
0.369004
0.708356
0.966593
0.471728
0.749057
0.715837
0.826463
0.566325
0.601482
0.549987
0.458376
0.964856
0.954756
0.439825
0.519434
0.83661
0.536407
0.703571
0.724079
0.824879
1.24334
0.467531
1.1886
0.938391
1.28962
0.710135
0.433406
1.23473
1.05373
0.905553
0.53553
0.627661
0.460991
0.703098
0.367514
0.195116
1.16223
1.34834
0.526882
1.20447
1.03454
0.415788
1.08772
0.551615
0.813356
0.668893
1.26265
0.647304
0.965591
1.44829
0.769151
0.400742
0.885136
1.15126
1.39809
0.784221
1.23299
0.657642
1.49978
0.501187
0.560284
0.780332
0.481377
0.680601
0.938417
0.131583
0.743793
0.928691
1.1306
0.770832
0.869486
0.867197
1.32485
0.389905
0.908189
0.567192
1.17998
0.670562
0.582613
0.295252
1.25151
0.212
0.938092
0.38
0.570933
0.939303
1.02805
0.574195
1.21217
1.39594
0.468713
0.800572
0.681921
0.69333
0.453035
0.883776
1.2263
1.18622
0.729598
1.0034
0.735679
1.49725
1.03764
1.08824
0.359319
0.604924
1.25417
1.08689
0.196809
0.849943
0.820919
0.959151
0.681065
0.485106
0.377823
0.544008
0.452945
1.17317
0.46787
0.809949
0.922447
0.7838
0.365771
0.589629
0.810545
0.623414
0.627208
0.709954
0.9345
0.529145
0.520818
0.720788
0.343153
0.604822
1.19633
0.635718
0.541048
1.09979
0.95536
0.353793
0.544757
1.06227
0.9641
1.38246
0.564893
0.730671
1.42246
0.618097
1.38928
1.0917
1.17147
0.563948
0.894384
0.919125
0.872644
0.384392
0.354873
0.385009
0.515793
0.604901
0.669543
0.756727
0.63128
1.35534
1.10914
0.175788
1.53738
0.784191
0.570079
1.23957
0.589147
1.06747
0.471394
0.631753
0.449845
1.1822
0.341601
1.498
1.18906
0.572004
0.627899
0.951155
0.388102
0.840909
0.609562
1.14118
0.406179
1.07394
0.717732
0.91504
0.542229
0.339623
0.39202
1.46721
0.945398
0.704114
0.291975
1.05534
0.904576
0.726823
1.17061
0.597124
0.823329
0.638056
1.49394
0.149714
0.726179
0.923343
0.34617
1.07458
0.699872
1.42078
0.223711
0.452097
1.44479
0.532521
1.14738
0.855676
1.50034
0.946821
1.21631
1.33503
0.571904
0.268339
1.10739
0.550038
0.790076
0.145903
1.42024
0.674399
0.473049
0.962507
0.588788
1.21211
0.887565
1.05413
1.18324
0.891806
1.34329
1.12168
1.3521
0.97806
0.816277
1.53091
0.757561
0.583586
1.09916
1.53412
0.8719
1.20122
0.417818
0.693589
0.444676
0.311437
1.4259
1.14765
0.378844
1.25762
1.36257
0.805814
1.19386
1.28729
1.51715
1.01875
0.865199
1.04177
0.380629
0.607838
0.455826
0.202956
1.04728
1.52345
0.813329
0.365075
0.865359
0.637579
0.600072
1.33482
0.413847
0.633824
1.39529
0.551264
0.371241
0.582508
1.50756
1.36282
0.928367
1.04817
0.189381
1.08665
1.19454
0.913789
0.554356
0.562233
0.715628
0.691342
0.343576
1.09496
1.17847
0.722301
0.677763
0.273607
1.39775
0.546869
0.829641
1.0568
0.823966
0.459633
0.826556
1.35104
0.701758
0.411328
1.28545
0.478641
0.278618
0.589454
0.173121
0.87173
1.15412
0.490364
1.04269
0.859902
1.02609
1.27668
0.949941
0.737348
1.31831
0.63948
0.606868
0.728335
0.724833
0.980866
0.788654
0.991936
0.462452
0.409538
1.32269
0.918124
0.365249
1.26409
1.08561
0.599892
0.61862
1.14135
0.460668
1.50989
0.635009
0.541324
0.208188
0.971129
0.52648
0.41434
0.318885
0.865614
1.01011
1.11568
0.814922
0.666231
0.57022
1.54179
1.11018
0.456874
0.931436
0.895196
0.854683
0.79571
0.304915
0.241619
0.593554
0.969754
0.967696
0.564952
0.733181
0.870181
1.24466
1.03613
0.627367
0.509122
0.56442
0.727612
0.205628
0.46516
0.86189
0.786243
0.966653
0.808898
1.11351
0.837326
0.897073
1.39681
1.1673
0.384465
1.00927
0.385742
0.94027
0.562088
0.651213
0.521186
0.439685
0.65698
0.819364
0.657325
0.365124
0.972695
1.10258
0.532216
0.803889
0.861416
0.348978
1.09352
0.542125
0.688617
0.93164
0.491591
0.931002
1.26765
1.04437
0.318306
0.984622
0.655672
0.981391
0.170945
0.814764
1.1807
0.421926
0.290585
0.548847
1.20874
1.31814
1.38667
0.556659
1.14653
0.547509
0.889654
1.31985
0.943561
0.863173
1.1197
0.951377
0.646875
0.93852
0.221549
0.661723
0.791939
0.348098
1.27627
1.40845
1.47023
0.571114
0.533221
1.09525
0.498329
0.771093
0.813076
0.543672
1.46947
0.597703
0.739481
0.602616
0.743401
0.587681
1.10942
0.555943
0.399811
0.555494
0.775733
0.56992
1.13776
1.49963
0.618525
0.822883
0.872112
0.559847
1.22664
0.9408
0.494576
1.00519
0.127255
0.600279
0.869087
0.661024
1.07947
0.887672
1.14381
1.40123
0.216189
0.71481
0.68702
0.815291
0.519244
0.547242
1.01503
0.559911
0.467899
0.992246
0.415409
1.39288
0.185385
0.834527
1.11915
0.966503
0.93099
0.882264
0.673532
0.919675
0.830626
0.729957
1.3756
0.48921
1.30571
0.315209
1.11417
0.602375
0.865553
1.24353
0.538822
1.1137
0.992108
0.724599
1.10038
0.479234
1.07834
0.942845
0.790092
0.96683
1.15693
1.11703
0.367646
0.983343
0.255086
0.976539
0.566853
0.646206
0.839195
0.6827
0.540906
0.587009
0.810656
0.409026
1.24722
0.81632
0.336546
1.10775
0.745014
1.18474
0.676111
0.248759
0.384856
0.742269
0.84994
0.367161
1.29028
1.39991
0.842648
0.786961
1.14472
0.634207
0.474054
0.622725
0.808382
0.443666
0.563963
1.01231
0.891949
0.474359
0.366221
1.01362
1.23595
0.583572
0.858213
0.789064
