0.996273
0.616751
1.49411
1.42964
1.12929
0.286232
0.0714148
1.5047
1.39122
0.546185
0.729798
0.933299
0.785348
1.26841
0.742784
0.702613
0.632057
1.32145
1.2897
1.56078
0.402616
0.743356
0.967089
0.576589
1.04242
0.746427
0.321567
1.55201
0.732795
0.499723
1.19503
1.12496
1.55772
0.684683
0.520418
1.13512
0.88371
0.338679
0.842396
0.994272
0.768449
1.25004
0.706011
0.968248
0.610191
0.31142
0.147051
0.850713
0.525316
1.14353
1.20484
1.07228
1.23859
0.986095
1.04103
0.625312
0.470839
0.755834
1.23983
0.721566
0.524921
1.31621
1.36959
0.971187
1.12617
1.42025
0.775305
0.911493
0.135779
1.39465
1.01455
0.231563
1.26672
1.19252
0.303525
1.1691
0.478537
0.882574
1.51523
0.843463
1.19187
0.283401
1.26052
0.99426
1.19029
0.616482
0.723205
0.290443
0.730523
0.926165
0.951776
0.496347
0.739152
0.883529
0.955544
1.05996
0.483284
1.19075
1.03109
0.547318
0.352775
0.900957
1.29047
1.53802
0.7921
1.34707
1.0313
0.227407
1.41425
1.30227
0.960675
0.900015
0.724242
0.789005
0.787557
1.42116
0.91039
0.968444
0.786243
0.357802
0.719373
0.909523
1.10584
0.762295
0.582297
0.921417
0.561605
0.84574
1.35564
0.669948
0.539401
0.304217
0.592161
0.966382
1.19986
0.959059
0.541845
1.12998
0.643398
1.01569
1.21372
0.700881
1.13499
0.987421
0.57131
1.08894
1.1197
1.19994
1.32142
1.51029
0.93369
0.768472
0.41513
1.25192
0.686673
0.875629
1.0072
1.25591
0.992205
1.29837
1.48169
1.16994
0.778805
0.863819
0.925042
0.539431
1.19145
0.73447
1.17859
0.637303
1.42512
1.53023
0.21028
0.779575
1.16026
0.767551
1.08169
0.24357
0.377183
1.09324
1.23102
0.228716
1.51655
0.835448
0.297642
1.51796
0.959094
0.849175
0.521914
0.860542
0.58562
0.692418
0.998885
0.786291
0.28043
1.38832
0.679445
1.29406
1.16329
0.297813
0.431543
1.04949
0.591026
1.1035
1.53347
0.517343
0.201067
1.13081
1.17323
0.735988
0.919737
0.521522
1.2022
1.01774
0.421536
0.878926
0.937892
1.31981
0.943737
1.5534
0.822085
0.881572
0.82601
1.06753
0.53291
0.705367
0.22306
0.813979
0.573042
0.843974
0.693907
1.09375
0.627442
0.856582
0.688613
1.22417
0.668059
0.947619
0.80218
0.456792
0.191306
0.627053
0.537967
1.20899
0.708963
0.891671
0.351857
1.09063
1.48061
0.750558
0.340078
1.07949
0.438396
0.922059
0.345953
0.980975
0.470533
1.06593
1.41008
0.882871
0.747914
0.956242
0.774318
0.95718
0.200277
1.03661
0.830487
0.570543
0.969591
1.22072
0.352215
1.03283
0.488992
1.14726
0.491397
0.753595
1.17978
1.04714
0.450578
0.515157
0.987747
1.27276
0.328246
1.468
1.0719
1.25796
0.904411
0.377626
1.43597
0.429574
1.22103
0.570308
1.32169
1.06933
0.747312
1.22734
0.298787
0.706592
0.735789
0.912086
0.0739354
0.579115
0.334831
0.897608
0.363743
1.09297
0.974101
0.67861
0.936103
0.404038
0.991514
0.662286
0.77499
1.37175
0.690434
0.575856
0.888385
1.00619
0.934192
0.465135
0.633956
0.928441
0.604871
0.715418
0.760881
1.30992
0.941914
1.29265
0.828483
0.915416
0.685633
0.169186
0.646605
0.894885
0.556634
0.736525
0.7968
1.1623
0.851015
0.686404
1.46384
0.887273
1.05943
1.15462
0.630323
1.01537
1.3274
0.668442
0.669784
0.986459
1.55716
1.17406
0.929264
0.400168
0.835275
1.16207
0.731424
0.963358
0.555966
0.323021
1.29819
1.51371
0.198489
1.04524
0.890011
1.36334
0.528495
0.989725
0.801488
0.47592
0.225915
0.491389
0.869902
0.467858
0.973462
0.241015
0.402515
1.1108
1.01988
1.22483
1.52966
0.584105
0.938192
0.374052
0.342504
0.592131
0.861908
0.915906
0.767236
1.16366
1.13852
1.2487
0.763252
0.948704
1.02471
0.973322
0.850482
1.50496
1.1992
0.813367
1.35864
0.911236
0.983984
0.917797
0.977761
0.909804
0.583123
1.23459
0.902895
0.454994
0.906588
0.558866
1.43352
0.872589
0.69114
1.15136
0.903203
1.23573
0.550429
1.06244
1.04375
0.414749
0.905294
1.05815
0.541927
1.52687
1.0246
0.491212
0.532607
0.507962
1.42286
0.598616
0.600863
0.659027
0.646064
0.908387
0.733408
0.746237
0.936938
0.724015
0.663698
1.23156
1.18949
1.15389
1.24369
1.20228
1.11453
0.858473
1.18573
1.48873
0.870697
1.18098
1.02526
1.04477
0.782588
0.166347
0.742219
0.685259
1.01431
0.197676
1.064
0.377085
1.5635
0.77777
0.671375
0.644739
0.656209
0.396689
1.00579
1.44978
1.44901
0.79324
0.891202
0.538498
1.45234
1.40543
0.250016
0.679831
0.779649
0.422183
0.474859
1.22015
1.15336
1.08393
0.31321
0.718511
0.423023
0.491991
0.856664
1.25289
0.455042
0.621769
1.04609
0.882713
0.646491
1.01432
1.24618
1.38537
1.512
1.42955
0.61393
0.728282
1.51041
0.716428
0.758685
1.06914
1.05604
0.924578
1.01323
0.550897
1.42074
0.930675
1.16777
1.09816
1.08131
0.445241
1.17888
1.10974
1.16238
0.900505
0.9382
0.57332
0.801309
0.839217
1.30274
0.553164
0.876512
0.594299
0.709238
0.901858
1.40509
0.867681
0.283377
0.942734
0.544783
0.841445
1.20567
0.45678
1.10212
1.54675
0.905891
0.994813
0.853394
0.72292
0.567093
0.955721
0.871556
0.942436
0.947234
0.32458
0.696531
0.4803
0.915627
1.05863
0.736091
0.653511
0.482385
0.436488
0.538347
0.819919
1.19976
0.816108
1.04676
1.14857
0.568473
1.25646
0.881746
1.02112
0.651757
1.33251
1.00085
0.77387
0.96357
0.755352
1.3398
0.824284
0.556441
1.1746
0.570434
0.624328
1.11962
1.4017
1.36031
0.497213
0.999212
1.06483
1.44701
0.97517
0.277306
0.449094
1.26942
1.0794
0.829971
0.794067
0.74028
0.457915
0.791209
0.488303
1.32372
0.702202
1.03341
0.906212
1.10202
0.733124
0.479715
0.573938
0.0552667
0.68012
1.05882
0.80523
0.34125
1.46966
0.943227
0.723885
0.814493
0.570321
0.694369
0.266042
1.0762
0.695505
0.677641
1.09393
0.909108
1.06123
0.416375
1.21161
0.464837
0.251052
0.73388
1.23645
0.934237
0.706298
0.901177
0.683141
0.742086
1.10508
0.318421
0.768224
0.178679
0.975128
0.948063
0.738102
1.14875
0.982628
0.563472
0.452387
0.495651
0.619513
1.02493
0.487511
0.618713
1.05816
0.473529
0.741873
1.23763
0.66709
0.847234
1.23912
1.00735
0.319069
1.19272
0.679691
0.259385
1.23105
0.255287
1.43549
0.860206
0.395961
0.548995
0.949252
1.34909
1.45503
0.843466
0.721757
1.33687
1.01815
0.733486
0.61663
0.892814
0.6006
0.494287
0.912501
1.16403
0.485938
1.37277
0.715653
0.46661
1.11615
0.977982
0.957605
0.42241
0.703759
0.245845
0.673801
0.388557
1.01023
1.28236
1.31662
0.518203
1.2974
0.899198
0.926172
0.466894
0.707073
1.32475
1.32433
0.708365
0.637918
0.378423
0.835247
0.981377
1.49758
0.183316
0.801672
1.06157
1.07393
0.388336
1.0394
1.15218
1.18885
1.17422
1.55976
1.12978
1.22044
0.930943
0.790256
0.439618
0.442864
0.782492
0.768497
0.936741
0.897666
1.29715
0.684088
0.570991
0.569751
1.32172
1.11309
0.236735
1.05772
0.925661
0.892736
0.324806
0.96676
1.1243
0.778414
1.51572
0.463039
0.671067
1.10011
0.784429
0.399178
0.350839
0.419995
0.189412
0.366122
0.502074
1.28436
0.556769
0.462935
1.08336
1.00359
0.546224
0.507453
1.2033
0.984823
0.770203
1.51375
1.23329
0.9494
1.02227
0.686203
0.727263
0.974426
0.528787
0.244748
0.486289
1.0811
1.06546
1.2086
0.409677
0.71117
1.49811
1.49379
0.351567
1.43122
0.501609
0.737404
0.85593
1.37014
0.616245
0.743795
0.828091
1.35841
1.08477
0.790857
1.53826
0.562192
0.273015
0.708971
0.858737
0.989844
1.12534
0.352903
0.469207
0.74053
0.102862
0.347736
0.961305
1.00624
0.320382
0.796672
1.1844
1.49257
0.664288
0.504805
0.930917
0.83327
0.332571
0.895976
0.97158
0.610742
1.35319
0.638301
0.551382
0.710043
0.701779
1.25436
0.501001
1.09211
0.49198
1.01932
0.630478
1.0355
0.805733
0.698389
1.35201
0.540552
0.503651
0.554663
0.530243
0.993656
0.720088
1.16575
0.986125
0.604797
0.53699
1.13882
0.728877
1.01488
1.29898
0.374224
1.24704
0.997386
0.967868
1.50068
0.456742
0.715437
0.498338
0.739764
0.836307
1.3128
0.663834
0.584268
1.17516
1.46263
1.37541
1.28111
0.714472
0.913976
0.940589
1.06302
0.451922
0.249129
0.923223
1.12596
0.369631
1.31256
1.266
1.01397
0.517433
0.701414
1.11284
0.327364
0.396656
1.5241
1.22866
0.292535
1.45064
0.639361
1.26028
0.706007
0.705162
0.63122
1.02125
1.04442
0.903621
0.374407
1.08337
1.35659
1.16755
0.536999
0.871336
1.11521
0.600899
0.928818
0.551142
0.224013
0.526072
0.253584
0.836444
1.10667
0.601978
1.10331
0.365986
1.21728
0.985737
0.932055
0.94987
0.490227
0.792881
0.602946
0.749376
1.25435
0.486766
0.628152
1.46763
0.292314
0.579148
0.748636
1.27798
0.886782
0.514932
0.642528
1.25522
0.95971
1.01775
0.863053
1.10113
1.26915
0.862824
0.488426
1.09131
0.545653
0.341833
0.620136
1.45735
1.20214
1.01249
0.930426
1.45049
0.776378
1.27496
0.489616
0.671831
0.522835
0.267625
0.930928
0.896923
1.29618
1.26289
0.517075
0.766471
1.30905
0.556553
0.406657
0.90682
0.364211
1.14425
0.547878
0.872671
0.886634
0.764329
0.396014
0.408503
1.48224
1.23536
0.936593
1.1554
0.745376
1.19656
0.782562
0.924988
0.713426
0.848039
1.48553
1.31977
0.310337
1.13683
0.692935
0.55229
0.210927
1.44918
0.650138
0.523846
0.787181
1.23195
1.48434
1.51814
1.36783
0.776912
1.09705
1.38813
0.35374
0.83884
1.31651
1.45131
0.854575
0.998822
0.274904
0.850327
1.2303
0.63779
0.656562
0.756987
0.677464
0.349922
1.14208
0.258189
0.283404
0.692964
0.758373
0.929811
1.08675
1.17706
0.740684
0.424232
1.32044
0.854939
0.710477
0.474745
0.902589
0.757563
0.641448
1.23176
0.552971
1.24959
0.658519
1.20939
0.859096
0.652115
1.27793
0.875356
1.39983
0.79298
0.63318
1.44486
1.36401
0.992759
0.546836
0.313868
0.634075
1.34498
1.4421
0.830594
0.568133
0.561143
0.831291
0.856119
1.12779
1.18591
1.0753
0.447418
0.752726
0.784676
0.562345
1.42266
0.752417
1.12082
1.27834
0.442961
0.165505
0.719953
0.918372
0.830669
0.714275
1.08981
0.543432
0.569968
0.395294
0.467275
0.974083
0.078615
0.60746
0.908019
0.362103
1.03846
0.991302
0.47943
1.13916
0.243053
0.29293
1.50603
0.832493
0.569854
1.10842
1.17941
0.328928
1.31315
0.953201
1.55824
0.936021
1.0039
0.635186
1.44526
0.726649
0.916401
0.473195
0.650705
0.844917
0.481026
0.84659
0.112985
0.635193
1.4121
1.2124
1.00128
0.919103
0.4629
0.996924
0.504892
1.48256
1.18736
0.670843
0.759937
0.892004
1.07464
0.405551
0.439106
1.54112
1.19677
0.20483
0.822774
0.397008
0.536803
1.14036
1.02467
0.916845
0.538171
0.644886
1.26032
1.37154
1.43156
1.5449
0.48328
0.589636
0.493234
1.14369
0.680349
0.790253
0.89167
0.35465
0.684421
0.336139
0.504222
1.10328
0.14128
1.29672
1.37961
0.864512
0.998976
0.570049
0.73828
0.864773
0.92555
0.995825
1.24601
0.616952
1.06766
0.789421
1.02496
1.26968
1.09538
0.516454
0.747409
0.479849
0.621191
0.79744
0.771764
0.813179
1.23623
1.17743
0.734019
0.532841
1.12215
1.16931
1.27053
1.26479
0.944539
1.2263
1.50109
0.793075
1.16779
0.774792
1.27148
0.602738
0.803934
0.656393
1.08099
1.40518
1.03957
1.02709
0.436336
1.16008
0.300081
1.1188
0.966083
1.27456
1.00199
0.926257
0.342487
1.31758
0.437637
0.927955
1.07078
0.260845
1.20491
0.826291
1.00543
0.731061
1.17995
1.14463
1.48512
1.31643
0.495808
0.693955
1.13865
0.722086
1.51165
1.32564
1.46655
0.926967
1.30582
1.32718
0.962871
1.14828
0.366099
1.12447
0.752193
0.262372
1.07518
0.844164
1.43488
0.562221
1.02672
0.736068
1.41585
0.335078
0.731333
1.23381
1.54859
1.18458
1.05349
0.99054
0.295386
0.993788
1.0271
0.390929
0.937498
0.891034
1.11339
0.707003
0.985013
0.650442
1.09756
0.550228
1.09874
0.927598
0.694376
0.515496
0.944401
1.43412
1.35276
0.637664
0.6662
0.764233
0.750109
0.863393
0.641872
1.30654
1.07371
0.869528
1.01391
1.11811
0.591047
1.13895
0.860917
0.983824
0.853992
1.27468
0.944649
0.519581
1.30341
1.25694
0.57271
1.25805
0.46742
0.817213
1.07488
0.924273
0.863566
0.785064
0.687266
1.23723
1.54498
0.328053
0.538177
0.759788
0.849246
1.11114
0.984219
1.31011
1.05505
0.373945
0.619093
0.966273
1.12185
0.851948
0.651401
1.44612
1.21618
0.726269
0.626812
0.580974
1.23966
1.17815
1.14777
0.521382
0.914524
0.523287
0.465057
1.28575
0.992093
1.15146
0.529555
1.1791
0.764595
0.228445
1.35133
0.581868
0.681696
0.751144
0.681719
1.54913
0.641747
0.752017
0.29491
1.27803
0.863272
0.646273
0.52817
0.452682
0.561047
0.754537
0.915789
0.530653
0.633735
0.768931
0.908067
1.1253
0.331557
0.924612
0.463875
1.2032
0.403746
0.692765
1.24429
0.625131
1.19439
1.25879
0.46564
0.989251
1.19536
0.858262
0.724751
1.52166
0.522493
1.22363
0.694505
0.615106
1.0809
1.00576
0.52464
0.405982
0.587408
0.375279
0.72593
0.717962
0.642096
0.806888
0.487047
1.13549
0.418899
1.42107
0.472066
0.605244
0.581641
1.01876
0.76231
0.165145
0.899624
1.52197
0.866151
0.452587
0.895993
1.21174
1.49413
0.431622
1.06455
0.728089
0.198821
1.52288
0.479272
0.310335
0.901724
1.1469
0.923911
1.12205
1.09444
0.656983
0.988533
0.836263
0.973209
0.51603
1.15572
0.602824
0.920903
0.368051
0.223015
0.786295
1.10283
0.282134
1.25628
1.34244
0.527934
0.506051
0.98312
0.21251
0.895176
0.950296
1.04289
0.325853
1.24712
0.416201
1.03836
1.10365
0.693407
0.84228
1.1198
0.296445
0.611025
1.0118
0.833323
0.541327
0.508608
0.748073
0.675108
0.381354
0.90507
0.883521
0.4583
0.519925
0.577149
1.07033
0.50863
1.34517
0.236075
1.12131
0.536788
0.621463
0.986296
1.12963
0.984199
0.975686
1.12304
0.472343
0.579538
1.19239
1.52698
1.01656
0.875796
0.525162
0.874397
0.854647
0.632224
0.806005
0.480645
1.24166
1.03018
0.494641
1.1712
0.833682
0.846433
1.35633
1.06014
1.07227
0.654565
1.42358
0.515253
0.811802
1.4596
1.05493
0.997079
1.19805
0.955113
1.03703
0.670979
0.810669
0.718759
0.147109
1.41654
0.659433
0.714902
0.768087
0.841144
1.24808
0.626277
1.16094
1.01361
1.10728
0.393356
0.736636
1.4919
1.48018
1.08843
1.30043
0.465788
0.857282
1.36609
0.828137
0.97279
1.07506
0.305301
1.32356
0.695444
1.01576
0.884704
0.626837
0.898324
0.825607
0.751173
0.697159
0.265073
0.261342
0.827753
0.60717
0.265997
0.75583
0.732552
0.646963
0.949416
0.729093
1.06975
1.29908
1.36786
1.012
0.443459
0.986748
0.407354
0.647964
1.08773
0.517557
1.1253
1.21761
1.16104
0.711323
0.338218
0.590941
0.529729
0.465761
1.4105
0.518823
0.585413
0.984447
0.681335
0.681994
0.822274
0.68227
1.36896
1.02401
0.906702
1.08713
0.882144
1.21284
1.31275
1.55484
1.07441
1.21376
1.00085
0.870043
0.940902
0.34796
0.468021
1.12926
0.815397
1.17512
0.475453
0.842061
0.413781
0.934176
0.615466
0.615435
1.16449
1.01217
0.517288
1.4962
0.489995
0.403568
1.16185
0.531474
0.999264
0.649196
1.10391
0.766381
1.05919
0.36264
1.38636
1.37475
0.849097
0.861017
0.682871
0.862421
0.781636
0.725962
1.17541
0.948942
1.32025
0.755593
0.790542
0.563261
0.74584
0.591762
1.0813
0.473731
1.43025
0.363681
0.674686
0.662653
1.27288
0.519364
0.850925
0.768339
0.86892
0.586311
1.06915
0.462334
1.33012
0.844911
0.704829
1.31477
0.68648
0.880473
1.0968
1.02911
0.735115
0.787179
1.08191
1.0047
0.709768
0.482438
0.544097
1.42884
1.16613
0.982637
1.01818
0.660718
0.912312
0.744753
0.791109
0.198263
0.33985
0.732922
0.987062
0.578374
1.00144
1.1085
0.919819
1.13245
0.592835
0.878936
0.770234
0.725842
1.0089
0.761882
1.50358
0.625957
0.344324
0.958756
0.315212
0.870167
0.98379
0.381367
0.30476
0.388555
0.5911
1.12555
0.854686
0.542447
1.07464
0.810375
0.940251
1.19624
1.18786
0.635855
0.694848
1.19667
1.47303
1.00195
1.4763
1.48595
0.624726
0.741617
0.703424
1.17996
0.254918
0.958432
0.790958
0.727295
1.31716
0.644124
1.35599
0.500453
0.543284
0.645594
0.447541
1.26241
0.907499
1.49395
1.00554
0.336522
0.395423
0.555903
0.893694
0.514059
1.33822
0.816132
0.486023
1.33405
1.0573
0.610055
0.788759
0.471825
1.5306
0.874043
0.871841
1.08642
1.53672
1.06322
1.42171
0.35589
0.549191
0.5747
1.06416
1.21627
0.459117
0.158063
0.880194
0.934934
0.332895
1.41094
1.06433
0.884476
0.681752
0.964654
0.90716
0.582721
0.511736
0.534623
0.514122
0.993301
0.449038
1.31923
1.23584
0.56895
0.571806
1.38864
0.865189
0.279731
1.0337
0.912563
0.916984
1.31386
1.51828
0.72931
0.646482
0.79713
1.21367
0.839042
0.690464
0.589185
0.788721
0.727633
1.23224
0.946796
1.21265
1.17525
0.909907
1.32729
1.08681
0.577864
0.433838
0.848041
1.10587
0.389558
1.2442
0.954234
0.903635
0.263014
0.830277
0.32003
1.27728
0.547435
0.554446
0.657105
0.468807
0.507031
1.26341
1.06806
1.21014
1.4337
0.568768
1.5495
0.947966
0.844944
0.882193
0.569502
1.01001
0.485874
0.437203
1.15885
0.679891
1.19395
0.337036
0.913947
0.599704
0.616233
1.09672
0.253168
1.48479
0.815715
1.34635
0.847818
0.743817
1.09518
0.749084
1.19166
0.85123
0.844889
0.48193
1.53994
0.418036
0.803359
0.779976
1.0476
0.949879
1.14664
0.885739
0.868796
0.688465
1.17639
0.483122
0.853314
0.565713
0.474358
1.14812
0.567104
1.21248
0.838605
1.01365
1.54814
0.950688
1.52332
1.40574
1.1422
1.36634
1.08475
0.983548
0.826355
0.303259
0.507084
1.33038
0.373254
1.19912
0.986521
1.17344
1.13125
0.986547
0.920018
1.38633
0.926647
1.38549
0.578704
1.08276
0.618501
0.95614
0.592281
1.38699
1.01269
0.802111
0.803122
0.705289
1.54758
0.583975
0.849822
0.580237
0.487407
0.821452
0.827915
1.17099
0.864322
0.46595
0.314092
0.985149
0.614885
0.90236
0.765218
0.697947
1.09494
1.03857
0.789852
1.1194
0.971985
0.768572
0.796328
1.2025
0.227484
0.759356
0.490963
0.771317
0.644662
0.63343
1.4635
0.345667
0.89079
1.28034
0.986663
1.12334
0.712608
0.572271
0.921572
1.01293
0.740277
1.10137
0.607927
0.885105
0.499364
0.743545
1.14436
1.02106
1.4708
0.487273
1.04385
0.928563
0.889149
1.24757
0.452723
1.06749
1.05307
1.30635
1.53797
0.945114
1.21371
1.02878
1.05745
0.524631
0.622864
0.732977
0.255387
0.466054
0.188358
1.09663
0.434875
1.12623
0.496198
1.26783
1.4268
0.509359
0.780653
1.47868
0.668748
0.304593
0.923583
0.334177
1.50766
0.752862
1.11484
0.400934
0.772624
0.81089
0.862279
0.483386
0.405442
1.46543
0.255758
0.704746
1.21636
0.823349
0.764931
1.3501
1.35672
1.18113
1.54746
1.21172
0.294218
0.739896
1.06252
0.125177
0.656899
0.294853
0.874088
1.08859
0.380301
1.55148
1.14804
0.960317
1.56258
1.4334
1.10192
0.431804
0.905257
1.50681
0.712645
0.765616
0.180192
0.840021
0.796789
1.02374
1.2231
1.45095
0.748925
1.0511
0.370488
1.27385
0.381458
0.848333
0.906153
0.746705
0.0991818
1.29191
0.90685
0.867699
1.13033
0.851435
0.903696
0.775924
0.655186
1.36224
0.932042
0.995849
1.30827
0.880493
0.597369
1.06791
0.466668
0.813353
0.653757
0.536766
1.30272
1.16598
0.757852
1.2062
0.884694
0.70706
0.965446
0.313511
0.774761
1.2498
0.391064
0.781985
0.622174
1.18032
1.03177
1.54492
0.216256
0.707646
0.748919
0.834523
0.676117
1.18381
0.474658
0.85084
0.388642
0.812683
1.45426
0.907588
0.606349
1.00651
1.13119
0.873881
0.675999
1.12162
0.731929
1.0558
1.00155
1.07517
0.881838
0.918878
0.944528
0.65231
1.19152
0.574576
1.38754
0.831363
0.600287
0.548173
0.170581
1.28092
1.10759
1.20441
0.766972
0.333298
0.599501
0.775211
0.573756
0.589472
0.868319
1.25514
0.729151
0.422325
0.46511
1.41087
0.522507
0.463612
1.17939
0.659999
1.1411
0.493676
0.834421
0.380081
0.560822
0.479866
0.739891
1.22156
1.14706
1.18061
0.471248
1.22515
0.267579
1.01701
0.854956
0.222067
1.21191
1.15519
1.02818
1.39801
1.1887
1.09605
0.252465
0.85717
0.875594
0.763822
0.297905
0.59102
1.1109
0.749843
1.0507
0.191509
0.760109
0.592636
1.42212
0.625524
1.22241
0.514584
0.478788
1.18684
0.218561
1.29143
1.12305
0.88162
0.798646
0.84954
0.468083
0.743881
1.13979
0.834222
0.959421
1.29787
0.924937
0.363159
0.251028
0.702118
0.948507
1.43176
0.927163
1.10288
1.11233
1.52845
0.742895
0.75932
0.780602
1.37424
0.457829
0.550884
0.979076
0.530188
0.488231
0.516238
0.490846
0.953225
0.643545
1.45394
0.575179
0.947256
0.442377
1.1814
0.734598
1.3647
0.9197
1.17617
1.334
1.09302
0.945132
0.460747
0.878575
0.17634
0.582959
1.24421
0.638611
0.745417
0.849462
0.923312
1.12227
0.88299
0.288251
1.23936
0.231954
1.0365
0.875106
0.596868
0.44965
0.223975
0.603014
0.847124
1.38556
1.54125
1.03178
0.411555
0.89517
0.9149
1.12151
1.11923
1.34452
0.535703
0.35654
1.35439
1.12225
1.44808
1.17883
0.660712
1.37371
0.727953
1.53426
0.948168
0.977003
0.776525
0.869491
1.05064
0.495989
0.465396
0.717136
0.779268
1.50165
1.33768
1.33416
0.446475
0.40545
0.832996
1.43777
1.38006
0.676625
0.756905
0.373667
1.12589
0.657362
1.1242
0.927345
1.14529
0.771146
0.657241
0.75398
1.24157
0.716429
0.868111
1.36871
0.429089
1.05591
0.456794
1.42247
0.902523
0.786785
1.40708
0.54351
0.823327
0.5802
0.75263
0.303233
1.0026
1.08963
0.581405
0.189085
1.22029
0.604417
1.23613
1.13467
1.11967
0.570352
0.922926
1.10908
0.594182
0.934465
0.547906
1.03787
1.08166
0.67936
1.04703
0.779121
0.678589
0.975478
0.793135
0.844811
0.815285
0.755015
0.661045
0.344289
0.92481
1.20616
1.30129
0.718918
0.358846
0.959973
0.859341
1.04205
0.664641
1.23777
1.24235
0.986887
0.941427
0.447927
0.770702
0.300174
0.521645
1.05775
0.708728
0.381224
0.632735
0.768533
0.979519
0.911828
0.433706
0.991582
0.46507
0.657231
0.602952
0.867062
0.469649
1.29948
1.01702
1.40863
0.852168
0.968315
1.03728
0.901934
1.05803
0.408097
0.566626
1.06475
0.166006
1.34601
0.926994
1.14759
0.940886
0.671489
0.833712
1.43594
0.917972
0.15423
0.999985
1.10001
1.29959
0.936258
1.07926
0.343567
0.734228
0.452892
1.25776
0.457071
0.5278
0.837237
0.817642
0.58239
0.935778
1.53989
0.834399
0.267868
0.231982
0.324624
0.793166
1.02738
0.192287
0.69357
0.91826
1.28385
0.950358
0.695564
0.778181
0.37688
1.02447
0.53546
1.41846
1.1167
1.02997
0.94436
0.377062
0.709302
0.499386
1.15955
0.82958
1.10474
0.954301
1.29208
0.385962
0.9085
0.838824
0.901787
0.469145
0.656361
1.44227
0.411469
1.14686
0.234767
1.04418
0.349707
0.200847
1.12851
0.549783
0.349233
0.860003
0.847204
0.891917
0.346517
1.41807
0.722704
0.733401
0.732954
0.734544
0.72393
0.921769
0.99556
1.03138
1.54241
0.753142
0.494147
0.742129
0.647239
0.443844
0.260753
0.522588
0.522122
0.862251
0.912787
1.20912
0.772533
1.19126
1.33692
1.0617
1.01866
1.28994
1.10446
0.569357
0.961228
0.757743
1.11578
1.27457
0.997805
0.212576
0.393172
1.02496
1.05642
0.556342
0.518508
0.724859
1.01583
0.504825
0.620773
0.530699
0.932378
0.697084
0.798017
0.705278
0.382456
0.91255
0.321612
0.236471
1.44622
0.98851
0.850494
1.48944
0.825425
1.13731
0.46196
0.489314
0.374349
0.892836
1.33104
0.653288
1.01915
1.23882
0.901845
1.19827
0.343612
0.597549
1.07821
0.551379
0.710814
0.451601
0.830231
0.952832
0.638776
1.11731
0.604171
1.44326
0.681373
0.534539
0.69692
0.519254
0.589057
0.481901
0.319953
1.03161
0.764599
0.326274
1.01986
0.411829
1.05005
1.07677
0.587685
0.585342
0.442224
0.419735
0.704318
0.655785
0.908497
1.16772
0.779513
1.47684
0.357855
1.28782
0.828348
0.236029
1.03689
0.852072
0.602626
1.06678
1.29701
1.09883
0.976362
0.82192
0.552717
1.23007
0.798927
0.952712
0.292758
1.13212
0.671809
0.579681
0.213504
0.606002
0.951092
0.946933
0.275497
1.01604
0.314091
0.579234
0.596369
0.90568
0.50688
0.582273
0.822784
0.776157
1.41717
0.534511
1.10345
1.08718
0.571917
0.607208
0.349575
1.55208
0.533053
0.719213
1.14526
0.233421
1.34116
0.769265
1.49096
0.908383
0.402652
0.960842
1.03169
0.986523
0.998632
1.32139
0.862623
0.629748
1.15929
0.783045
1.1149
0.738673
0.467753
0.826544
1.17571
1.32335
1.179
1.29829
0.548985
1.11077
0.690197
0.860793
0.79514
0.305415
1.22921
0.259615
0.647468
1.14846
1.44935
0.82496
0.866127
1.20391
0.658064
0.469172
0.891907
0.865328
0.550924
1.43183
1.23642
0.442825
1.088
0.516717
1.33099
0.677757
0.657629
0.630427
0.426418
0.65312
1.42607
0.985878
0.713163
0.98711
0.704045
0.296713
0.504591
1.29947
0.843447
0.818113
1.02453
0.914137
0.516832
0.422775
0.339858
0.901185
1.26824
0.614503
0.588055
0.520271
0.699008
1.17053
0.648273
0.848967
0.818689
0.652167
0.698755
1.34934
0.882713
0.733325
0.548825
1.31524
0.439192
0.464185
0.938168
0.687607
0.150135
0.690027
1.04774
1.47473
0.795278
1.45246
1.10343
0.659567
0.405193
1.09512
0.469314
0.887432
0.672693
0.882301
1.12478
0.417911
1.0855
1.09743
0.595355
1.18298
0.456211
0.988112
0.707523
0.532443
1.0376
1.32416
0.346886
0.973578
1.06603
0.847669
0.539691
0.775241
0.966113
0.510575
0.731044
1.44247
0.846906
1.15018
1.23986
0.796232
1.29725
0.649608
1.00118
0.86185
0.833673
0.594392
1.19039
1.00807
0.894018
1.15358
0.355846
0.830688
1.52433
0.316324
0.340457
1.0898
1.5415
1.15295
0.9199
0.176417
0.799413
0.80311
0.466861
0.32661
1.06366
1.13814
0.453552
0.603553
0.847047
0.632019
1.0736
0.792972
1.26086
0.760229
1.159
0.879759
1.0218
0.94655
0.823018
0.852653
0.817894
0.643083
0.289482
0.769807
1.40917
0.962687
0.824894
0.229931
1.06413
1.38966
0.446036
0.721975
0.905212
1.25041
1.14073
1.47469
0.509475
0.612674
0.556983
0.766357
0.585328
0.915952
0.680631
0.806453
0.757535
0.538161
0.281097
0.955993
0.813037
0.734777
0.605312
0.937802
0.66725
0.503296
1.49433
1.13615
0.308933
0.519833
0.402751
0.716869
1.38491
1.0152
0.709095
0.537311
0.625208
1.13952
1.02562
0.566928
1.02666
0.586341
0.814688
0.171349
1.48853
0.9142
0.727358
0.373064
1.43044
0.261202
1.21014
0.614032
1.46987
1.23118
1.0694
0.918173
1.05179
0.836562
0.605788
0.907679
0.435833
0.369288
1.46485
0.952223
0.752183
1.54502
0.925727
1.40539
1.20759
0.547953
0.422471
0.777844
0.481547
0.978351
1.07197
0.71055
0.934296
1.03024
0.75181
0.687519
1.13441
1.00172
0.405609
0.770279
0.857686
1.02337
0.496707
1.27991
0.657062
1.1641
1.34451
1.04734
0.415534
1.19441
0.486775
1.01692
0.859136
0.756714
1.11479
0.775296
1.37931
0.963644
1.07849
1.07509
1.21425
0.336689
0.457166
0.933115
0.706707
0.34612
0.876752
0.921202
1.17051
0.337756
0.316668
1.49222
0.838247
0.349983
1.32817
0.944062
1.12069
0.726512
1.07885
1.15616
1.16794
0.7069
0.901494
0.954079
0.640818
0.983728
0.728952
0.796979
1.09389
1.20544
0.254918
1.19544
0.55358
1.10105
0.823056
1.16265
1.2175
0.980729
1.23715
1.39964
1.27217
0.557546
0.798684
0.882976
0.762698
0.447318
0.828003
0.981027
1.38066
0.730977
0.61951
1.20856
0.419247
0.253774
0.626219
0.880524
0.717821
1.23336
0.867839
0.855997
0.690033
0.258124
0.640704
1.23888
0.804308
0.159368
0.418577
1.2013
0.460911
0.649707
1.24879
1.0196
0.700712
1.42489
1.39017
0.428034
1.06386
0.387165
1.11178
0.631826
1.19942
1.00991
1.05968
1.14066
1.0095
0.430965
0.846783
1.05828
0.766686
0.727957
0.508285
0.854932
0.441876
0.505281
0.835265
1.11564
0.232906
0.816784
0.344218
1.24034
0.828895
0.759886
0.888337
1.1665
0.776024
1.3433
0.653658
1.25372
1.08559
1.02353
1.17118
0.624338
0.705557
0.5168
0.42837
1.19828
0.728291
1.18223
1.20872
1.49791
0.582993
1.14897
0.755403
1.36861
1.02499
0.999748
1.19062
0.986962
0.667097
0.998186
0.671756
0.358579
0.681417
0.700745
1.07906
0.905425
0.719907
0.861224
1.23807
0.175796
0.744602
0.957928
1.43291
1.14316
1.04237
0.667497
0.556619
0.625288
0.765428
1.13144
0.947073
0.337346
0.851839
0.680756
0.814521
1.18104
1.17402
0.683628
1.31364
0.824036
0.852083
0.226296
1.37085
0.666445
0.726353
0.937469
0.677918
0.573198
0.559118
0.536563
0.552154
0.767626
1.25271
0.797507
0.25041
0.828983
1.27368
0.468591
0.62467
1.08345
0.997554
1.07043
1.07599
1.3156
0.988479
0.720914
0.522741
1.0582
1.0811
0.946423
0.894788
0.540404
0.928357
0.627796
0.479721
0.705553
1.09663
1.53589
0.737725
0.61344
0.301369
0.155447
0.616554
0.898144
1.1783
1.43268
0.721321
1.53897
0.556739
1.28235
0.334442
0.856171
1.0795
0.419806
1.16701
0.980314
0.784445
1.32259
0.671864
1.06376
0.290108
0.708112
1.39877
0.108044
0.120226
1.2224
0.728469
1.16185
0.597149
1.06894
1.33634
0.133799
0.573625
0.523281
1.11978
1.50755
0.521414
1.05056
0.779595
0.283141
1.09891
1.37355
1.47589
0.833514
1.41339
1.09318
0.894611
1.17715
1.44627
0.612456
0.625151
1.19234
1.10158
1.26173
0.493962
1.1214
0.847302
1.03216
0.656698
0.824177
0.477055
0.716296
1.30656
0.647759
1.20711
1.02385
0.533826
0.387847
0.991827
1.01867
0.98435
1.54918
0.933025
0.530672
0.23367
0.483287
0.643394
1.04823
0.801617
1.27015
0.768929
0.401716
1.32495
0.481937
1.01042
1.07273
0.404994
1.34687
0.630624
0.906941
0.915194
1.39718
0.867769
0.983672
0.892124
0.965886
1.34752
0.739386
1.41123
0.691585
0.569869
1.10935
0.63724
0.579562
0.71953
0.552243
0.503796
1.49415
1.49781
0.281931
1.24735
0.494512
1.00896
0.73537
0.516302
0.715946
0.453354
0.703886
1.04816
0.238737
0.567961
1.25368
0.549308
0.730901
0.728182
0.987436
0.795394
1.5251
0.707694
1.20694
0.978388
1.53007
0.465886
0.299295
1.01426
0.319934
0.613599
0.599096
0.979764
0.790907
1.55682
0.552095
1.16089
0.334503
0.322675
0.843955
0.748363
0.616924
0.495318
1.1614
0.819407
0.612248
0.751726
1.04241
0.876393
0.954824
1.30016
0.582058
0.47219
0.586323
1.21806
1.35642
0.949132
1.36406
0.466383
0.536403
0.40036
0.752166
0.901291
1.29823
0.996051
0.567664
0.515876
0.526768
1.1338
0.825274
0.354477
0.606045
0.553406
0.969468
0.957662
0.790876
0.933972
0.7008
0.553654
1.13154
0.360253
1.3485
1.30393
0.810492
1.55881
0.816976
1.26138
0.480206
0.392053
1.2793
1.18622
0.64336
1.20404
0.766412
0.8745
0.482115
0.995547
1.05754
0.681824
0.717837
1.21357
0.664495
0.858634
0.281756
0.882806
0.929314
1.42539
0.809598
0.662559
0.673823
0.705429
1.48146
0.445414
0.517292
0.678441
1.47659
1.43725
0.760021
0.975796
1.11064
0.762285
0.578444
0.217319
1.05754
0.434418
1.40139
1.506
1.20859
1.27802
0.391785
0.862227
0.944233
1.10205
0.331316
0.403328
1.54985
0.380838
0.887057
0.891682
0.692965
0.346961
0.505676
0.712901
0.570377
1.56067
0.825569
1.45989
0.686837
1.10985
1.15025
1.31529
1.38569
1.25864
1.07713
0.850882
0.356633
0.957826
0.872576
0.881916
0.653616
0.79607
0.733196
0.895073
1.23327
1.20137
0.674045
1.20702
0.560942
0.39739
1.0179
0.600217
1.28641
0.828335
1.42824
0.814345
0.925777
1.55895
0.649238
0.56561
0.742154
1.01642
0.369706
1.42421
0.40974
0.272542
1.00853
0.688697
0.849787
1.33838
0.130965
0.815327
0.354431
0.313405
0.680221
0.65972
0.58713
1.40064
0.870715
0.732796
0.680398
0.822602
0.755184
1.02635
0.978907
0.316056
1.55994
0.485562
0.751114
0.528789
0.826478
1.08884
1.01737
0.815663
1.23014
0.829127
0.50104
0.454783
0.925407
0.848398
0.824061
0.387656
1.24054
0.676739
1.03442
0.896954
0.843807
0.905014
0.853992
0.774252
0.740662
1.05085
1.39596
0.710342
0.979962
1.08351
1.40609
0.682117
0.818839
1.0906
0.590395
1.03646
0.451985
0.553223
0.730876
0.463498
0.556129
0.809421
1.38966
0.753024
1.49371
0.414439
1.02599
0.973426
0.728015
0.636349
1.04704
0.530901
1.42572
1.01546
0.384451
1.34128
0.524528
0.727231
1.48098
0.719251
0.835178
1.07023
1.01338
0.144578
0.971284
0.843474
1.06975
1.27943
0.558856
0.707877
0.689924
0.734786
0.552342
0.961428
0.707868
0.846425
0.499549
0.882814
0.616424
0.921958
0.621508
0.726775
0.789667
1.1906
0.449112
0.779028
0.522649
1.36196
1.35729
1.51105
0.74174
1.2894
0.570866
0.459135
0.906057
0.961306
0.587209
0.40228
0.660214
0.422145
1.33803
1.26421
0.642095
1.32002
0.426149
0.876021
1.01047
1.31693
0.488641
1.03909
0.448162
0.82895
0.643587
0.891208
0.915687
1.24952
0.948585
1.29778
1.04639
0.823368
0.777943
1.54773
0.509603
0.449232
0.430707
0.412614
0.727392
0.286706
0.671424
0.306906
1.10749
1.13239
1.10088
0.853863
1.01387
0.506447
1.22819
1.12874
0.891024
0.901808
1.38643
0.624159
0.753363
0.620508
1.13939
0.963801
1.08271
1.00874
0.261061
1.11324
0.493478
1.35175
0.597964
0.878115
1.13032
0.987844
0.953768
0.634435
0.804873
1.25501
1.48419
1.25029
0.680515
1.05931
0.965623
1.07746
1.18547
0.565189
0.548427
1.08271
1.27898
0.908457
0.591741
0.431714
0.367567
1.20339
0.700442
0.935282
0.874254
0.998919
0.88949
1.40344
1.01891
0.886336
1.3527
0.187962
0.667641
0.821564
0.836045
0.643206
0.793262
0.237342
0.430261
0.950392
0.808125
1.4057
0.882012
1.34688
0.678103
0.863541
1.29543
0.790871
1.18394
0.520716
0.757242
0.238685
0.455446
0.858354
0.554673
0.78807
0.487033
0.873708
0.951655
0.468254
1.28766
0.383679
0.957231
1.47309
0.620024
0.711213
0.530317
0.976041
0.683853
0.828992
0.941929
0.568081
0.177897
1.00245
0.461628
0.731319
0.204518
1.30852
1.10288
1.12385
0.35868
1.14436
1.42062
0.508435
0.783684
0.736598
1.01988
0.235432
0.715151
0.439719
0.49496
1.36115
1.10738
0.563892
1.27749
1.29301
1.28091
1.27036
1.22256
0.142771
0.524569
0.982653
1.36512
0.489635
0.528738
0.199239
1.14223
1.31215
0.708354
1.15393
0.465983
1.53575
0.754012
0.920544
0.377094
1.01628
1.01504
0.682993
0.607351
0.541678
1.01679
0.536676
0.737369
0.590885
0.741349
0.463719
1.30376
1.24862
0.898364
1.47009
1.28683
0.153742
0.370585
0.222328
1.04454
0.669144
0.983207
1.3254
1.43114
0.958802
0.896696
0.440757
0.46916
0.936996
1.4258
0.699284
1.14244
1.40852
1.52718
0.807984
0.881367
0.404041
0.460766
1.13521
0.7448
0.532653
1.42747
1.07373
0.676257
0.788573
0.542214
0.693127
0.909274
0.413096
0.83209
1.35429
0.295888
0.41863
0.55948
0.35932
1.30561
1.40296
1.04886
0.227415
1.2723
0.717291
0.894174
1.30303
0.888957
0.645928
0.772345
1.29682
0.552773
1.15456
1.001
1.01397
0.858005
0.9473
1.26002
0.918177
0.941246
0.791214
1.20771
0.442292
1.18923
0.663326
0.473741
1.5175
0.748418
1.02871
1.18804
0.554827
1.16354
1.09226
1.0103
0.641344
1.02301
0.250238
1.46319
1.42925
0.945611
0.959872
1.29425
0.36239
0.336217
0.109124
0.459226
0.720973
0.960884
0.779187
0.372301
1.03813
1.29634
0.460469
0.828572
0.181175
0.851765
0.636223
0.718526
0.783218
0.962444
1.03998
1.3135
0.444884
1.2512
0.726457
0.743723
0.333764
1.1016
0.862279
0.786159
0.996337
0.679348
1.22325
0.888869
1.18013
1.41098
0.141757
0.734474
1.00923
1.2255
0.881212
0.808933
0.455822
1.06549
1.28257
0.303972
0.907294
1.56271
0.82555
0.599239
0.782029
1.13524
0.647728
1.38056
0.549635
1.01713
0.640075
1.47239
0.903707
0.400168
1.22851
0.954509
0.392725
0.43631
0.639332
0.61808
1.00682
1.19192
0.542128
0.375258
0.548969
1.34595
0.329457
1.20394
1.4242
1.14037
1.26871
1.51239
1.00548
0.52985
0.382402
0.776298
1.08862
1.0098
1.22707
0.364167
1.37973
1.25144
0.925979
0.769818
0.875268
0.70816
1.3473
0.491944
1.16305
0.721364
0.778106
0.873642
0.367243
0.602031
1.18036
0.668994
1.09775
1.10969
1.00701
1.07292
0.447603
1.04963
0.760712
0.788521
1.20425
1.35251
1.5184
0.612385
0.643279
0.315232
0.574294
1.4549
0.382996
1.06183
0.770856
0.916537
0.887344
1.28109
0.831403
0.976383
0.486475
0.974237
0.436364
1.55787
1.01534
0.420202
0.813912
0.868295
1.02975
0.578443
0.825484
0.63684
0.923823
0.852374
0.755763
1.34849
0.527796
1.29157
1.4719
1.07078
0.748246
1.56417
0.630228
0.478986
0.748786
0.652851
1.06627
0.488439
1.02848
1.16619
1.15413
0.348422
1.47869
0.390595
0.457921
0.637633
0.612703
1.36752
0.61718
0.742863
0.901124
0.673291
0.19528
0.94333
1.26747
1.4008
0.53157
1.32073
0.368105
0.569652
0.372643
0.392052
0.411065
0.260603
0.800135
0.261016
1.55588
0.971524
1.0406
0.775674
0.88392
0.935563
1.52501
0.990232
0.884895
0.758314
0.430542
0.467
0.918659
1.03458
1.50927
1.14756
0.808028
1.04216
1.21881
0.953468
1.09295
1.13119
1.48946
0.911428
1.22318
1.25645
1.09322
0.828374
0.950068
0.80048
0.742297
1.04295
0.999604
0.412743
1.50037
1.00946
1.24693
0.680276
0.136795
0.869969
0.539312
1.05789
0.754943
0.940245
0.949818
0.302541
0.774839
0.705095
0.879708
0.692571
1.27045
0.26729
0.611722
1.02168
0.837814
0.80715
0.820255
1.54985
1.26432
0.654174
1.01604
1.2947
1.48055
0.80348
0.848859
1.09612
0.664871
1.27144
0.764005
0.978806
1.15866
1.123
0.906598
0.731477
0.44207
0.450358
0.680644
0.313966
1.03566
