0.996343
0.617011
1.4942
1.42972
1.12971
0.288023
0.154367
1.5047
1.39212
0.544073
0.73011
0.933934
0.786013
1.26843
0.742034
0.694545
0.632033
1.3214
1.28976
1.55725
0.403765
0.743337
0.968603
0.577668
1.03946
0.745014
0.321919
1.55171
0.732754
0.496768
1.19504
1.12481
1.55772
0.684683
0.513936
1.12793
0.883156
0.339442
0.860005
0.996071
0.768449
1.24824
0.705459
0.969499
0.608805
0.311654
0.0917057
0.850076
0.526929
1.14339
1.20648
1.07238
1.23859
0.985738
1.04142
0.625112
0.469855
0.756073
1.24046
0.721195
0.524908
1.31624
1.36958
0.972145
1.12776
1.42024
0.774805
0.895131
0.142235
1.41066
1.01508
0.231557
1.2675
1.19167
0.30333
1.1555
0.477742
0.882574
1.51499
0.843463
1.19183
0.281124
1.26142
0.994738
1.19102
0.616726
0.72314
0.274781
0.729012
0.926184
0.951727
0.497183
0.740591
0.883799
0.968275
1.06092
0.482549
1.19061
1.03244
0.547318
0.354464
0.900871
1.30379
1.53796
0.792685
1.34708
1.03095
0.227236
1.41575
1.30303
0.961327
0.899561
0.723841
0.789044
0.787943
1.42164
0.910348
0.967831
0.788644
0.359757
0.716546
0.909523
1.10693
0.762335
0.58221
0.921417
0.562443
0.846086
1.35592
0.668911
0.539166
0.297421
0.592586
0.966884
1.19993
0.959005
0.541845
1.13099
0.643016
1.017
1.21357
0.699923
1.13825
0.98962
0.572876
1.088
1.11985
1.19993
1.32254
1.51037
0.933108
0.768634
0.415672
1.25192
0.685833
0.875544
1.00751
1.25595
0.989856
1.2977
1.48154
1.16891
0.77828
0.863698
0.92343
0.543019
1.18257
0.734759
1.17854
0.637825
1.42512
1.53061
0.209817
0.779424
1.16044
0.767863
1.12816
0.243551
0.381222
1.09321
1.23104
0.228945
1.51728
0.834308
0.301084
1.51789
0.957108
0.849119
0.521708
0.864227
0.585841
0.690841
0.996048
0.786916
0.279522
1.38805
0.67877
1.29618
1.16315
0.297638
0.433743
1.04973
0.59099
1.10166
1.53426
0.517302
0.20185
1.13081
1.17309
0.735658
0.919727
0.50824
1.20446
1.01753
0.422296
0.878929
0.893065
1.31994
0.943577
1.55317
0.822028
0.881395
0.823714
1.06702
0.548686
0.703867
0.226167
0.81616
0.573116
0.843919
0.69561
1.09409
0.62825
0.856582
0.688914
1.22236
0.666607
0.947649
0.802228
0.456452
0.19588
0.627027
0.536797
1.20881
0.709772
0.892358
0.351781
1.09132
1.49238
0.750661
0.341095
1.08067
0.438561
0.92242
0.34623
0.980861
0.469672
1.06511
1.40992
0.882767
0.747222
0.956605
0.774155
0.956869
0.201721
1.03661
0.830666
0.57116
0.9696
1.22052
0.354202
1.03271
0.478327
1.14782
0.491574
0.753761
1.17837
1.04701
0.450438
0.515112
0.987603
1.26505
0.328002
1.46793
1.07064
1.25724
0.903473
0.379565
1.43598
0.429581
1.21894
0.568609
1.3222
1.06933
0.747312
1.22875
0.299361
0.707633
0.73171
0.912607
0.0768207
0.579383
0.334668
0.897564
0.364869
1.09209
0.97515
0.679729
0.936154
0.408711
0.993519
0.662199
0.777312
1.37184
0.690531
0.576097
0.887957
1.00667
0.959933
0.472667
0.634521
0.92819
0.606004
0.716798
0.761171
1.30926
0.94192
1.29217
0.825269
0.884965
0.684175
0.169558
0.646782
0.896102
0.556533
0.736525
0.796941
1.16235
0.848897
0.686404
1.46384
0.888188
1.05937
1.15517
0.630499
1.01647
1.32664
0.66851
0.669935
0.986416
1.55732
1.17474
0.929325
0.400486
0.834115
1.16043
0.731236
0.964759
0.555987
0.324332
1.29807
1.51364
0.19571
1.05343
0.890212
1.36345
0.528522
0.989562
0.801913
0.475388
0.238806
0.491389
0.872044
0.469634
0.97371
0.241286
0.402418
1.11084
1.0271
1.22479
1.52984
0.584072
1.01833
0.345068
0.594786
0.861699
0.915749
0.767425
1.16366
1.13877
1.24899
0.761824
0.946444
1.02412
0.972522
0.850465
1.50531
1.19983
0.814387
1.35861
0.911436
0.98376
0.917424
0.977761
0.909804
0.583497
1.23565
0.900556
0.454994
0.907465
0.558848
1.43356
0.872558
0.689507
1.15066
0.903692
1.2356
0.826885
1.06257
1.04311
0.906981
1.05819
0.541739
1.52678
1.02578
0.490196
0.532649
0.508351
1.42112
0.598487
0.599695
0.643627
0.645933
0.909091
0.735646
0.746262
0.936974
0.723302
0.663927
1.23166
1.18947
1.15364
1.25012
1.20233
1.1143
0.85838
1.18539
1.48947
0.870697
1.18127
1.02524
1.04474
0.783364
0.17093
0.742219
0.683894
1.01205
0.201691
1.06456
0.377085
1.56355
0.777032
0.671128
0.644739
0.656666
0.396835
1.00578
1.44985
1.44777
0.790882
0.891941
0.5375
1.45229
1.40456
0.243566
0.681543
0.779673
0.420477
0.476846
1.21971
1.16642
1.08364
0.304629
0.718787
0.423724
0.491608
0.856664
1.25768
0.454851
0.622144
1.04403
0.882407
0.646584
1.00893
1.24623
1.3843
1.51196
1.42931
0.613926
0.727832
1.51129
0.716397
0.758523
1.0702
1.056
0.925255
0.551173
1.42104
0.930675
1.17188
1.09754
1.08077
0.44365
1.17852
1.10961
1.16236
0.900575
0.933698
0.5729
0.800953
0.839217
1.30294
0.553414
0.876537
0.594315
0.708442
0.901722
1.40527
0.867739
0.283239
0.944736
0.543992
0.841469
1.20636
0.456794
1.10149
0.904429
0.994877
0.853578
0.722633
0.567208
0.954542
0.872442
0.942427
0.94344
0.324773
0.698054
0.480397
0.915244
1.05866
0.733866
0.653481
0.481795
0.437265
0.538021
0.819147
1.18844
0.815967
1.04684
1.15107
0.568486
1.25498
0.882908
1.01063
0.651491
1.33251
1.00222
0.772612
0.964446
0.755362
1.34036
0.824346
0.556731
1.18092
0.58555
0.611443
1.11925
1.4017
1.36031
0.497167
0.999212
1.06172
1.44701
0.975239
0.277722
0.446434
1.26701
1.08197
0.830019
0.794556
0.740485
0.450854
0.791209
0.487058
1.32521
0.702584
1.03444
0.905258
1.10232
0.72841
0.479613
0.575427
0.0589293
0.680132
1.06088
0.805193
0.34034
1.46362
0.939215
0.723688
0.814666
0.569889
0.694598
0.264477
1.075
0.690321
0.677656
1.09441
0.909104
1.06121
0.416008
1.21121
0.465271
0.308396
0.734549
1.23645
0.935113
0.706137
0.899901
0.683014
0.742044
1.10443
0.768788
0.24264
0.975136
0.948732
0.738295
1.14873
0.982628
0.563462
0.452387
0.495452
0.619633
1.02428
0.487475
0.618748
1.05826
0.472952
0.742491
1.23591
0.66709
0.846265
1.24041
1.00837
0.319846
1.19274
0.680946
0.264677
1.23033
0.254562
1.43552
0.860127
0.395192
0.547685
0.949291
1.34891
1.45503
0.843821
0.721757
1.33636
1.02108
0.733523
0.616601
0.89377
0.60039
0.511553
0.913291
1.17104
0.486129
1.37252
0.715653
0.466802
1.11635
0.977752
0.957613
0.423308
0.703897
0.245847
0.673535
0.391229
1.01049
1.28211
1.3166
0.521091
1.29714
0.891339
0.926585
0.470585
0.706866
1.33281
1.32418
0.708553
0.637918
0.379203
0.818252
0.981996
1.49748
0.181601
0.804908
1.05513
1.07629
0.372097
1.043
1.19188
1.19119
1.17445
1.55981
1.12997
1.2203
0.931532
0.78969
0.444
0.443497
0.782582
0.768339
0.93617
0.89748
1.2971
0.571007
0.567977
1.32422
1.11316
0.236063
1.05725
0.926065
0.892672
0.322543
0.966962
1.12428
0.776457
1.51576
0.463996
0.670653
1.09705
0.78497
0.393132
0.351052
0.420003
0.19365
0.366122
0.502799
1.28465
0.557115
0.464186
1.08475
1.0049
0.546234
0.507697
1.20302
0.984945
0.770101
1.51361
1.23334
0.949257
1.02095
0.687479
0.727219
0.975262
0.528787
0.243562
0.486521
1.07647
1.06594
1.20775
0.406686
0.71117
1.49817
1.49379
0.366277
1.43065
0.501928
0.737372
0.85593
1.36939
0.616515
0.743868
0.828174
1.35829
1.08877
0.790972
1.53731
0.562312
0.26728
0.708241
0.858273
0.990117
1.12574
0.349599
0.468987
0.740772
0.0973451
0.349622
0.961305
1.0062
0.323996
0.797177
1.18535
1.49204
0.664338
0.5005
0.93107
0.833531
0.33488
0.894931
0.971651
0.611048
1.35307
0.638122
0.551361
0.710013
0.70236
1.25437
0.501001
1.09029
0.491947
1.01917
0.625921
1.0355
0.80912
0.698138
1.35138
0.53981
0.496314
0.554101
0.529539
0.993596
0.71986
1.16457
0.986426
0.602791
0.531706
1.13927
0.729364
1.015
1.29145
0.371686
1.24702
0.995557
0.967883
1.50064
0.456588
0.715035
0.498573
0.737838
0.836304
1.30995
0.662498
0.584194
1.17359
1.46186
1.37595
1.28291
0.714472
0.913865
0.94067
1.06321
0.45024
0.250737
0.923457
1.12896
0.368203
1.31262
1.26619
1.01403
0.517411
0.70102
1.11298
0.327343
0.396822
1.52428
1.22865
0.291577
1.45064
0.641857
1.2593
0.704663
0.703636
0.631768
1.02063
1.03949
0.903712
0.37584
1.07805
1.16784
0.536347
0.875331
1.11498
0.601562
0.921409
0.549141
0.224744
0.526072
0.25381
0.8327
1.10709
0.601314
1.10343
0.359937
1.21602
0.98488
0.932061
0.94806
0.489854
0.793344
0.602943
0.749628
1.25517
0.487344
0.619343
1.4674
0.293664
0.579047
0.748945
1.27802
0.90614
0.514932
0.642468
1.25313
0.962006
1.01941
0.86336
1.10104
1.27424
0.862596
0.487938
1.09121
0.546625
0.34132
1.45673
1.2024
1.01348
0.931036
1.45054
0.776149
1.27473
0.49847
0.671861
0.524031
0.265909
0.931181
0.899822
1.26007
1.25662
0.51806
0.767036
1.31094
0.556553
0.405974
0.907142
0.365485
1.18932
0.873004
0.887002
0.764784
0.390704
0.408387
1.48278
1.2371
0.936291
1.15531
0.745385
1.19822
0.782178
0.924976
0.711321
0.84541
1.48624
1.31841
0.312435
1.13701
0.692684
0.552286
0.208762
1.4488
0.655669
0.513748
0.786623
1.2299
1.48445
1.51686
1.36804
0.776885
1.09936
1.38802
0.353959
0.838934
1.31793
1.45069
0.855181
0.998341
0.278845
0.850508
0.637922
0.658376
0.755532
0.677283
0.349809
1.14272
0.239516
0.279038
0.692877
0.758409
0.929636
1.08664
1.18365
0.740408
0.424273
1.32197
0.854973
0.710173
0.469621
0.902014
0.75768
0.641722
1.23182
0.552695
1.25133
0.66002
1.20974
0.858199
0.652208
1.2772
0.875292
1.39985
0.791377
0.63318
1.44429
1.36477
0.993465
0.547593
0.314027
0.633707
1.34419
1.44236
0.838302
0.568181
0.559849
0.83042
0.855665
1.12854
1.18546
1.07315
0.448844
0.752726
0.78469
0.564603
1.42259
0.753662
1.12082
1.27697
0.442327
0.168838
0.720574
0.918378
0.827018
0.707182
1.06362
0.543432
0.565236
0.395645
0.466781
0.951328
0.0770265
0.607354
0.908775
0.36156
1.03836
0.993504
0.482078
1.1398
0.242192
0.29276
1.50597
0.8326
0.569854
1.10966
1.18024
0.327241
1.31315
0.95296
1.55791
0.935276
1.0045
0.635094
1.4454
0.727578
0.997546
0.470157
0.651463
0.845056
0.481026
0.843683
0.112985
0.635052
1.41224
1.21087
1.00113
0.922182
0.462396
0.997617
0.533417
1.48341
1.2002
0.663228
0.759799
0.89122
1.07379
0.405163
0.436557
1.54131
1.19602
0.205642
0.823133
0.401556
0.545594
1.13751
1.02595
0.91667
0.537493
0.644185
1.24468
1.37153
1.43156
1.54423
0.48328
0.589791
0.493239
1.1425
0.680349
0.789962
0.891586
0.384574
0.685733
0.335387
0.504134
1.10343
0.147836
1.2941
1.37893
0.86596
0.999339
0.569649
0.738335
0.864196
0.93015
0.987889
1.24499
0.616938
1.06752
0.789114
1.02632
1.27
1.09596
0.51329
0.747662
0.479782
0.61981
0.797364
0.771781
0.813161
1.23658
1.18108
0.733908
0.532818
1.12247
1.17073
1.26034
1.26393
0.944537
1.22647
1.49921
0.788143
1.16817
0.77344
1.27116
0.603593
0.803934
0.656856
1.08116
1.4048
1.03957
1.02848
0.436333
1.16143
0.301038
1.12004
0.965797
1.27462
1.00257
0.926509
0.342487
1.31772
0.438076
0.925555
1.07103
0.259201
1.20312
0.826291
1.00676
0.73143
1.18248
1.14854
1.48458
1.31619
0.49648
0.693962
1.13837
0.722177
1.51208
1.32517
1.46649
0.926826
1.30577
1.32692
0.963622
1.14849
0.367923
1.12449
0.751838
0.262295
1.07419
0.813161
1.43479
0.595195
1.02678
0.729834
1.4187
0.328164
0.731333
1.23328
1.54743
1.18481
1.00597
0.990526
0.295246
0.993424
1.02732
0.340094
0.937401
0.891023
1.11546
0.706902
0.986631
0.650237
1.09989
0.551272
1.09874
0.927838
0.694126
0.514633
0.948143
1.43411
1.35364
0.636248
0.667002
0.764345
0.750719
0.863573
0.641948
1.28968
1.08684
0.869882
1.01394
1.1179
0.58802
1.13852
0.860916
0.983853
0.852698
1.27404
0.944728
0.521163
1.30333
1.25209
0.572304
1.25763
0.465403
0.817942
1.07518
0.924314
0.866376
0.784839
0.687114
1.23696
1.54498
0.328176
0.539574
0.759904
0.849218
1.10957
0.986434
1.31023
1.05486
0.372768
0.619108
0.966524
1.1217
0.852848
0.651737
1.44601
1.21827
0.72262
0.626402
0.58118
1.23889
1.17827
1.14882
0.514324
0.91455
0.520905
0.465356
1.28548
0.987109
1.15181
0.530001
1.17911
0.76434
0.231715
1.3513
0.577853
0.681696
0.75104
0.682059
1.54929
0.640983
0.751845
0.310869
1.27863
0.863289
0.647103
0.528129
0.451604
0.560386
0.753458
0.915681
0.532533
0.633726
0.767897
0.91575
1.12517
0.327942
0.924642
0.462621
1.20338
0.410769
1.24588
0.625249
1.19407
1.25856
0.465895
0.992584
1.19562
0.859081
0.725683
1.5261
0.522387
1.22314
0.694505
0.607859
1.08109
1.01014
0.524047
0.405914
0.585133
0.375785
0.725979
0.717628
0.642096
0.806886
0.4871
1.13294
0.419014
1.42188
0.47145
0.604498
0.581883
1.01953
0.756015
0.171501
0.900189
1.52031
0.865622
0.452565
0.896529
1.21174
1.49423
0.437391
1.06455
0.728235
0.198906
1.51975
0.479093
0.30961
0.902006
1.14382
0.924035
1.12685
1.09711
0.657041
0.988756
0.836161
0.973529
0.515948
1.15553
0.602699
0.920987
0.368362
0.222072
0.789251
1.10278
0.285254
1.25684
1.34818
0.528286
0.505218
0.98348
0.25248
0.896671
0.950937
1.04127
0.325853
1.247
1.038
1.10345
0.693293
0.844071
1.12383
0.296211
0.612834
1.01245
0.83214
0.542764
0.50856
0.748065
0.67422
0.381661
0.90479
0.883438
0.458754
0.521055
0.577149
1.07008
0.50806
1.3448
0.216219
1.12118
0.538562
0.621478
0.988805
1.12979
0.98499
0.975065
1.12422
1.2036
1.52668
1.01394
0.874768
0.525196
0.874346
0.854641
0.630977
0.80601
0.480168
1.24169
1.02672
0.519056
1.18114
0.834234
0.84712
1.35599
1.06664
1.07321
0.654313
1.42358
0.516188
0.812024
1.45959
1.06374
0.997146
1.19845
0.955643
1.03699
0.670993
0.812174
0.718274
0.148321
1.4166
0.659006
0.714521
0.768097
0.840676
1.24186
0.626326
1.16471
1.0135
1.11086
0.393153
0.756016
1.49206
1.48034
1.09372
1.30053
0.46619
0.856791
1.36562
0.828166
0.974513
1.07506
0.307515
1.32397
0.695632
1.01461
0.884527
0.626891
0.894201
0.82559
0.751173
0.697812
0.268575
0.263506
0.827328
0.607448
0.265435
0.756035
0.733198
0.647121
0.949863
0.729093
1.06937
1.29921
1.3687
1.012
0.44264
0.986703
0.427006
0.647986
1.07781
0.505159
1.1253
1.21803
1.16022
0.713176
0.336636
0.590943
0.529722
0.465567
1.4098
0.5204
0.585754
0.98425
0.681288
0.681994
0.822357
0.680319
1.36918
1.24467
0.907124
1.08462
0.882144
1.21283
1.31108
1.55482
1.0647
1.21376
1.00085
0.870031
0.94089
0.347849
0.468021
1.12864
0.815623
1.17502
0.475428
0.844527
0.414326
0.931701
0.616463
0.61538
1.18478
1.01165
0.51321
1.49631
0.490337
0.403355
1.1686
0.531474
1.00351
0.648798
1.10511
0.766381
1.05999
0.363249
1.38641
1.37483
0.849321
0.8612
0.682824
0.863001
0.781743
0.725962
1.17553
0.948832
1.32225
0.75569
0.790542
0.564096
0.745758
0.582915
1.07984
0.471622
1.43067
0.362141
0.675092
0.666289
1.27232
0.519662
0.851365
0.767023
0.868661
0.586383
1.05099
0.463627
1.3331
0.844814
0.704869
1.31541
0.685498
0.773167
1.09512
1.02544
0.735685
0.795262
1.07987
1.00352
0.709753
0.48383
0.538449
1.42471
1.16562
0.982386
1.01417
0.660718
0.911654
0.744774
0.780065
0.198067
0.339857
0.734166
0.988475
0.578394
1.00198
1.10871
1.0511
1.13156
0.594304
0.878197
0.768523
0.726861
1.00874
0.751935
1.50337
0.626408
0.346448
0.958885
0.315456
0.87777
0.983747
0.381367
0.305825
0.39344
0.593178
1.12163
0.854686
0.542501
1.07463
0.811463
0.942747
1.1986
1.18784
0.635855
0.695029
1.19667
1.47296
0.998697
1.47606
1.4863
0.623105
0.74245
0.704436
1.1785
0.254068
0.958802
0.790201
0.72834
1.3173
0.644359
1.35395
0.50638
0.543169
0.645627
0.447616
1.25956
0.907573
1.4939
1.0081
0.337499
0.39604
0.556146
0.893665
0.513533
1.33824
0.812541
0.486018
1.33511
1.05761
0.610215
0.789776
0.467539
1.52979
0.874412
0.872218
1.08656
1.53764
1.07861
1.40686
0.35707
0.549227
0.576215
1.06104
1.21619
0.458281
0.162241
0.880209
0.93571
0.333314
1.41097
1.06541
0.883623
0.682006
0.965473
0.914387
0.582721
0.509444
0.514113
0.993284
0.448029
1.31879
1.236
0.569594
0.570853
1.38884
0.864764
0.280103
1.03358
0.912469
0.917446
1.31374
1.51295
0.728722
0.643668
0.750358
1.21328
0.838335
0.690953
0.588959
0.788907
0.727599
1.23198
0.946989
1.21324
1.17279
0.90999
1.32741
1.08545
0.577497
0.434476
0.848033
1.14534
0.389761
1.2437
0.955234
0.903648
0.269784
0.830854
0.324405
1.27728
0.550505
0.553773
0.65691
0.468734
0.506652
1.26265
1.06813
1.21016
1.43233
0.568798
1.54945
0.947966
0.844863
0.882258
0.569584
1.00978
0.485773
0.436916
1.15609
0.680227
1.19204
0.337197
0.913814
0.602107
0.615758
1.09448
0.255033
1.48534
0.815715
1.34638
0.846224
0.743306
1.09876
0.748964
1.19026
0.851052
0.843867
0.482833
1.54005
0.418611
0.803337
0.780371
1.04761
0.949983
1.14676
0.887177
0.869727
0.69374
1.177
0.497221
0.850589
0.564402
0.468929
1.14355
0.566998
1.20571
0.83845
1.01365
1.54825
0.950718
1.52281
1.40573
1.14306
1.3721
1.09342
0.983412
0.820552
0.303613
0.507526
1.33051
0.373364
1.2051
0.986438
1.18131
1.18107
0.985724
0.920018
1.3856
0.925933
1.38553
0.578307
1.08308
0.618508
0.956783
0.584412
1.38688
1.01342
0.802111
0.802562
0.705267
1.5476
0.583701
0.849484
0.580362
0.48874
0.821381
0.827491
1.17188
0.864631
0.465861
0.332578
0.9851
0.614757
0.903288
0.766062
0.698771
1.09469
1.03789
0.789705
1.11906
0.972493
0.768767
0.797929
1.20255
0.227278
0.758402
0.491132
0.771593
0.644442
0.633755
1.46362
0.340202
0.890842
1.29606
0.985888
1.12305
0.712666
0.572045
0.914361
1.01293
0.742425
1.10137
0.608079
0.886344
0.497429
0.743545
1.1426
1.0181
1.4708
0.489072
1.04382
0.92778
0.888559
1.24934
0.448534
1.06573
1.0535
1.2767
1.53918
0.947006
1.22769
1.031
1.05742
0.524854
0.622864
0.732977
0.255275
0.45982
0.188358
1.10127
0.434733
1.12678
0.49092
1.26765
1.4268
0.509467
0.780567
1.47874
0.668676
0.309467
0.92271
0.333757
1.51876
0.754371
1.11519
0.400955
0.771831
0.81066
0.86213
0.48633
0.406484
1.46775
0.260301
0.704721
1.21627
0.823286
0.766287
1.35181
1.35678
1.1083
1.54746
1.2129
0.294554
0.740579
1.06302
0.124789
0.883704
0.301328
0.872542
1.08859
0.379767
1.55151
1.14916
0.960186
1.56258
1.43372
1.10053
0.431778
0.905257
1.50661
0.711972
0.76613
0.179512
0.841202
0.796541
1.0255
1.22313
1.4505
0.748113
1.04487
0.370779
1.27165
0.407671
0.84838
0.907921
0.746525
0.0955859
1.29174
0.907068
0.867648
1.13255
0.850118
0.906331
0.775898
0.635056
1.36226
0.932228
0.997065
1.30752
0.87959
0.597357
1.06907
0.466637
0.81398
0.653757
0.536719
1.30502
1.16597
0.757852
1.20846
0.884737
0.649217
0.966375
0.313286
0.774606
1.24999
0.392603
0.781629
0.621748
1.18061
1.03185
1.54491
0.216889
0.707646
0.748875
0.834557
0.679638
1.18711
0.475635
0.850363
0.388254
0.812179
1.45426
0.907042
0.602307
1.00596
1.13131
0.873355
0.676997
1.12219
0.731929
1.05544
1.0026
1.07521
0.881156
0.943416
0.65267
1.19183
0.57616
1.38749
0.829358
0.598697
0.548675
0.171107
1.28092
1.10495
1.20407
0.767052
0.335844
0.599049
0.775211
0.574126
0.58832
0.871189
1.25485
0.728998
0.422293
0.465321
1.41057
0.522507
0.463626
1.18012
0.662662
1.14422
0.490781
0.834574
0.380081
0.561352
0.477926
0.739891
1.22162
1.14672
1.18145
0.466537
1.21961
0.264708
1.01382
0.854774
0.224284
1.21267
1.16295
1.02818
1.39799
1.18607
1.09605
0.252352
0.856858
0.875594
0.763822
0.294851
0.590995
1.11112
0.749856
1.05113
0.191115
0.760017
0.58977
1.42212
0.625059
1.22233
0.514023
0.476859
1.18684
0.218561
1.28675
1.12619
0.881269
0.79887
0.849698
0.468085
0.743881
1.14188
0.832836
0.982434
1.29755
0.930563
0.361898
0.250431
0.701923
0.949007
1.43205
0.928731
1.10301
1.12202
1.52297
0.742615
0.759368
0.781913
1.36332
0.457997
0.552943
0.978634
0.530362
0.488692
0.51308
0.489539
0.952152
0.643383
1.45298
0.575339
0.947256
0.442578
1.18006
0.734598
1.36458
1.17395
1.17617
1.33205
1.09338
0.944487
0.463624
0.878463
0.178502
0.582871
1.2442
0.639651
0.745273
0.849462
0.923433
1.12941
0.882926
0.284722
1.23958
0.233138
1.0365
0.875553
0.594181
0.449896
0.222838
0.606802
0.848515
1.3856
1.54133
1.03266
0.405511
0.9205
1.1233
1.1187
1.34444
0.533981
0.357328
1.35439
1.13255
1.44942
1.18968
0.660671
1.37371
0.727716
1.53441
0.948115
0.977437
0.776474
0.869455
1.08834
0.495901
0.465988
0.71714
0.77556
1.49967
1.33734
1.33499
0.444356
0.419007
0.83326
1.43813
1.36052
0.676625
0.756905
0.372997
1.12826
0.657122
1.12497
0.927986
1.15869
0.771619
0.657355
0.75454
1.24229
0.722379
0.872286
0.908055
0.429384
1.06482
0.455634
1.42204
0.902776
0.786768
1.4067
0.542594
0.823387
0.581746
0.753037
0.300467
1.00744
1.08826
0.581419
0.189631
1.21668
0.604234
1.23697
1.13543
1.11792
0.5705
0.924205
1.10866
0.59433
0.937953
0.548478
1.03749
1.08204
0.677633
1.04694
0.778857
0.680738
1.00178
0.800862
0.844462
0.815285
0.754857
0.661088
0.344348
0.92478
1.20637
1.30284
0.718566
0.358387
0.959984
0.859137
1.04255
0.664986
1.23663
1.24511
0.987192
0.941721
0.448078
0.770475
0.299826
0.521645
1.05633
0.708758
0.381099
0.632711
0.768737
0.980882
0.911982
0.437375
0.990218
0.464752
0.657607
0.602218
0.865763
0.471749
1.29954
1.01412
1.40862
0.852062
0.968568
1.03685
0.92933
1.05896
0.407977
0.566754
1.06563
0.166313
1.34602
0.926892
1.14094
0.9416
0.671503
0.833789
1.44167
0.917909
0.166071
1.00006
1.11635
1.2995
0.935608
1.07926
0.343494
0.734054
0.451835
1.25981
0.457188
0.527994
0.837399
0.817662
0.582404
0.935761
1.52381
0.833132
0.269887
0.233234
0.323829
0.794162
1.02832
0.193766
0.693644
0.91826
1.28277
0.949097
0.695564
0.778255
0.376056
1.02451
0.535547
1.41868
1.11691
1.03054
0.945024
0.376819
0.708288
0.496554
1.1593
0.830455
1.09235
0.953744
1.2948
0.388403
0.908534
0.83881
0.901645
0.465594
0.632568
1.44203
0.418098
1.14671
0.234749
1.04317
0.331057
0.197825
1.13931
0.55066
0.349357
0.860922
0.846498
0.89189
0.351248
1.41829
0.722384
0.733423
0.732885
0.735062
0.722293
0.921753
0.995515
1.0314
1.54233
0.752352
0.494071
0.742269
0.642006
0.443771
0.258762
0.522791
0.523819
0.204979
0.907102
1.21003
0.796085
1.18963
1.33446
1.06194
1.0186
1.28983
1.10899
0.569176
0.961269
0.758045
1.07468
1.27474
0.972001
0.214065
0.393077
1.0253
1.05642
0.555283
0.5189
0.725235
1.01592
0.504913
0.62049
0.526922
0.932172
0.697045
0.798264
0.704414
0.376737
0.91255
0.321612
0.23441
1.44675
0.988774
0.85063
1.48813
0.825317
1.13919
0.461525
0.48926
0.374353
0.892905
1.33108
0.652593
1.01712
1.23882
0.903823
1.19469
0.343612
0.597549
1.07824
0.550241
0.711145
0.451601
0.829315
0.950532
0.636067
1.11716
0.604521
1.44334
0.681374
0.53349
0.697523
0.519222
0.589165
0.482804
0.320405
1.03107
0.764507
0.326482
1.01986
0.413217
1.05122
1.07669
0.581704
0.587363
0.441672
0.420935
0.704891
0.655906
0.908631
1.16645
0.779499
1.47681
0.357465
1.28909
0.828365
0.236388
1.03681
0.849847
0.602823
1.06617
1.29671
1.10068
0.976585
0.82192
0.553752
1.23503
0.799403
0.952658
0.292682
1.13213
0.670261
0.579108
0.212955
0.606698
0.951199
0.946673
0.226502
1.01577
0.310986
0.551437
0.591098
0.905716
0.50643
0.583103
0.819126
0.77602
1.41511
0.533286
1.1035
1.08718
0.57265
0.606773
0.349648
1.55229
0.532749
0.719402
1.14547
0.241912
1.34107
0.769228
1.49148
0.90961
0.403692
0.960747
1.03109
0.98667
0.998031
1.32134
0.862684
0.630897
1.15922
0.783201
1.11287
0.738378
0.469227
0.826713
1.17479
1.32335
1.1776
1.29537
0.548502
1.10985
0.690197
0.859938
0.794723
0.30598
1.2292
0.269065
0.647196
1.14846
1.44963
0.823742
0.865703
1.20459
0.658104
0.470273
0.891823
0.865445
0.554805
1.4319
1.22145
0.442435
1.08816
0.516159
1.33115
0.67812
0.68024
0.630326
0.417555
0.653136
1.42628
0.985466
0.712709
0.983634
0.699623
0.301362
0.503
1.29947
0.844767
0.81809
1.02363
0.914388
0.516312
0.424276
0.340226
0.901585
1.26708
0.614738
0.588485
0.519759
0.699049
1.16637
0.64736
0.848715
0.818518
0.680783
0.701441
1.34964
0.881697
0.731583
0.548603
1.31501
0.440036
0.466833
0.95707
0.686624
0.153198
0.69115
1.04804
1.47466
0.795194
1.45239
1.1038
0.659954
0.40473
1.09554
0.469267
0.887233
0.674073
0.882469
1.12469
0.42062
1.08578
1.09791
0.595322
1.18324
0.457393
0.991175
0.707616
0.531304
1.03765
1.32421
0.355576
0.973555
1.06596
0.84821
0.539763
0.775258
0.966298
0.510552
0.731372
1.44248
0.877101
1.15014
1.23972
0.796639
1.29729
0.646449
1.00155
0.86252
0.833536
0.594375
1.19197
1.00806
0.893698
1.14843
0.356338
0.830797
1.52404
0.316622
0.340424
1.08962
1.54171
1.15294
0.920036
0.186153
0.79997
0.803094
0.46696
0.33334
1.06361
1.13686
0.453552
0.603667
0.846667
0.629755
1.07455
0.793023
1.26075
0.760242
1.04159
0.879584
1.02135
0.947124
0.82196
0.857191
0.817064
0.64295
0.29276
0.770687
1.41041
0.963345
0.82516
0.230622
1.06448
1.38954
0.447546
0.720282
0.905212
1.25048
1.14095
1.47457
0.509412
0.610258
0.55703
0.766436
0.585128
0.915999
0.680498
0.806507
0.757103
0.53801
0.289131
0.967543
0.813333
0.735622
0.605288
0.937831
0.667098
0.503537
1.49407
1.13879
0.310693
0.519618
0.406222
0.716869
1.38485
1.01581
0.709019
0.53603
0.625286
1.13912
1.02589
0.566928
1.02855
0.586591
0.814567
0.184847
1.4864
0.914306
0.727283
0.372995
1.43035
0.263946
1.21005
0.615203
1.46949
1.23139
1.07163
0.917975
1.05109
0.836898
0.604942
0.90779
0.424439
0.450902
1.46455
0.752671
1.51079
0.925541
1.40679
1.20767
0.548178
0.422083
0.777762
0.48166
0.974691
1.07199
0.709513
0.933261
1.03085
0.757446
0.687433
1.13416
1.00248
0.405609
0.771053
0.857686
1.03086
0.49615
1.27821
0.657062
1.16475
1.34408
1.04703
0.407551
1.24196
0.4869
1.01738
0.85912
0.756949
1.10542
0.772899
1.37992
0.963679
1.07977
1.07522
1.21364
0.337235
0.44823
0.933143
0.706224
0.343464
0.876307
0.921405
1.16948
0.347769
0.316681
1.49222
0.83866
0.359097
1.32811
0.947522
1.09261
0.726
1.08069
1.15552
1.17036
0.706488
0.901719
0.954066
0.641411
0.983328
0.725776
0.797108
1.09506
1.20542
0.249786
1.19615
0.553269
1.10235
0.822785
1.16362
1.21656
0.980492
1.23716
1.40327
1.27241
0.558143
0.820065
0.886622
0.761798
0.447084
0.828003
0.981052
1.38062
0.727396
0.619953
1.20895
0.418453
0.25773
0.626266
0.880524
0.717779
1.23369
0.86745
0.848282
0.69015
0.259115
0.640771
1.23881
0.80409
0.159465
0.403826
1.20403
0.461709
0.650386
1.25055
1.01796
0.700304
1.42394
1.3911
0.427742
1.06356
0.3868
1.11175
0.632282
1.19864
1.0099
1.05979
1.14077
1.00934
0.430919
0.846783
1.05849
0.766711
0.728224
0.507733
0.854707
0.442744
0.5053
0.835608
1.11556
0.233027
0.807644
0.347807
1.23972
0.822231
0.759879
0.888481
1.167
0.774305
1.34405
0.650801
1.25378
1.08405
1.02356
1.17348
0.624338
0.705563
0.518841
0.426131
1.19926
0.725833
1.18093
1.20714
1.49772
0.5829
1.14881
0.755403
1.37332
1.02553
1.00108
1.18602
0.985179
0.667574
0.998429
0.671801
0.385685
0.680451
0.6994
1.0787
0.905271
0.719615
0.861507
1.23809
0.178057
0.746275
0.960994
1.43291
1.14205
1.03896
0.668008
0.558122
0.62335
0.765987
1.1183
1.00296
0.337526
0.851684
0.680653
0.814349
1.1807
1.17483
0.683848
1.31337
0.823257
0.852153
0.22582
1.37398
0.666352
0.726394
0.937663
0.678032
0.580417
0.559132
0.52393
0.552069
0.767588
1.25548
0.797507
0.324426
0.829065
1.2692
0.468416
0.624382
1.08336
0.99714
1.06991
1.07534
1.3163
0.988518
0.720914
0.523007
1.05947
1.08223
0.946151
0.894712
0.540671
0.928451
0.627839
0.479472
0.704819
1.10342
1.53604
0.73771
0.611019
0.302751
0.157597
0.616187
0.898097
1.19159
1.43279
0.721949
1.53943
0.556607
1.28747
0.336132
0.855965
1.07947
0.420293
1.1673
0.980556
0.784607
1.3224
0.671864
1.06476
0.292985
0.707067
1.39888
0.108044
0.126074
1.22591
0.727258
1.16228
0.597207
1.06515
1.33914
0.132058
0.573621
0.523572
1.07017
1.51715
0.521927
1.05075
0.778598
0.283065
1.09763
1.37345
1.47602
0.832498
1.41374
1.09315
0.894663
1.17798
1.44708
0.656489
0.625357
1.18891
1.10221
1.26173
0.493981
1.12232
0.847349
1.03124
0.656698
0.823411
0.477055
0.717581
1.30426
0.647723
1.20805
1.02359
0.533526
0.389797
0.991812
1.01956
0.983598
1.54929
0.933115
0.529107
0.234634
0.462801
0.644178
1.04848
0.801029
1.27196
0.770981
0.402066
1.3249
0.48234
1.01271
1.07325
0.404189
1.34745
0.630703
0.935258
0.915932
1.39713
0.867845
0.98239
0.892124
0.96637
1.34756
0.739513
1.41191
0.693474
0.56943
1.10973
0.637121
0.580116
0.720418
0.553788
0.503095
1.49422
1.49802
0.284003
1.24742
0.494506
1.00895
0.73524
0.517028
0.716158
0.453354
0.704511
1.04831
0.239066
0.567961
1.25349
0.549308
0.730595
0.728108
0.911456
0.795992
1.52509
0.707573
1.20661
0.976567
1.52978
0.466017
0.298337
1.01401
0.318905
0.613599
0.598992
0.979757
0.790757
1.55619
1.15459
0.3339
0.322768
0.843917
0.748844
0.615655
0.495482
1.16219
0.821193
0.612528
0.751659
1.04513
0.865307
0.954891
1.29713
0.582138
0.47194
0.58401
1.21819
1.3513
0.949227
1.36459
0.466761
0.537479
0.39681
0.752194
0.901351
1.29831
0.996048
0.573996
0.516273
0.527587
1.12564
0.825627
0.351384
0.60589
0.556923
0.969468
0.957398
0.790987
0.933992
0.700996
0.553709
1.13071
0.358968
1.34823
1.30367
0.81054
1.55881
0.816133
1.26155
0.480441
0.393287
1.2795
1.18302
0.64336
1.20298
0.764733
0.874503
0.482576
1.01528
1.05974
0.682165
0.718223
1.21477
0.66416
0.858634
0.283395
0.882874
0.928846
1.42539
0.808821
0.661596
0.670411
0.705394
1.48093
0.445576
0.516973
0.677651
1.47653
1.43743
0.759715
0.975796
1.108
0.76216
0.536496
0.214344
1.05425
0.435256
1.40087
1.50409
1.20873
1.27718
0.392291
0.861525
0.946035
1.10207
0.331927
0.403202
1.55007
0.378189
0.886382
0.891886
0.692717
0.348648
0.505567
0.713171
0.569968
1.56072
0.825371
1.45981
0.684646
1.10949
1.14874
1.31526
1.38754
1.25872
1.07733
0.867326
0.357132
0.957896
0.873934
0.8834
0.653616
0.796035
0.733216
0.895073
1.23214
1.20133
0.673807
1.11898
0.560924
0.397351
1.01213
0.599621
1.28158
0.821151
1.42828
0.814129
0.927608
1.55955
0.653079
0.567762
0.740092
1.01678
0.36619
1.42495
0.40985
0.271016
0.998591
0.688178
0.863347
1.33862
0.09082
0.816286
0.353833
0.312403
0.680202
0.659781
0.587118
1.40081
0.871651
0.732796
0.681495
0.82323
0.754865
1.02624
0.978956
0.316485
1.55983
0.485776
0.751128
0.528727
0.826532
1.08847
1.01908
0.815809
1.23008
0.829023
0.501282
0.455176
0.925219
0.848289
0.822121
0.387252
1.24058
0.67613
1.03442
0.897873
0.843826
0.904891
0.854704
0.774386
0.740651
1.05074
1.38941
0.710946
0.983232
1.08287
1.40609
0.682074
0.818894
1.08854
0.590314
1.03534
0.451985
0.553164
0.730415
0.553816
0.809023
1.39223
0.754413
1.49372
0.424094
1.02452
0.971763
0.732519
1.04704
0.531407
1.42612
1.01456
0.383924
1.34079
0.531532
0.729022
1.48128
0.719889
0.834394
1.07008
1.01403
0.200616
0.987518
0.842522
1.06883
1.27943
0.559206
0.708047
0.689321
0.737284
0.55479
0.961428
0.692596
0.846486
0.499103
0.882869
0.616124
0.923562
0.621708
0.726757
0.789563
1.19055
0.447121
0.779212
0.524243
1.3616
1.35445
1.51107
0.742339
1.28934
0.57084
0.459001
0.904025
0.961306
0.584028
0.403115
0.66008
0.42224
1.33856
1.2642
0.642095
1.31893
0.426303
0.876059
1.01047
1.31638
0.488641
1.04065
0.449486
0.828907
0.643578
0.891021
0.91566
1.24576
0.948799
1.30153
0.823423
0.778499
1.54756
0.509557
0.44931
0.429993
0.412687
0.72953
0.284828
0.671957
0.306499
1.10746
1.13237
1.09855
0.853914
1.01426
0.504489
1.22759
1.12866
0.891108
0.902026
1.38754
0.620369
0.753176
0.620198
1.13939
0.963233
1.08272
1.00372
0.262737
1.1136
0.489892
1.35278
0.598058
0.878635
1.13035
0.953729
0.635305
0.804606
1.25477
1.47838
1.25029
0.680581
1.06281
0.965523
1.07911
1.18503
0.564965
0.548571
1.08268
1.27713
0.910411
0.591946
0.431373
0.370099
1.20372
0.700606
0.933847
0.874567
0.996158
0.885511
1.4035
1.03411
0.882064
1.35367
0.187739
0.668538
0.821298
0.83841
0.636829
0.793166
0.376926
0.430058
0.951066
0.807421
1.40582
0.882097
1.34689
0.678103
0.863541
1.29543
0.790803
1.18393
0.519315
0.757472
0.250229
0.456128
0.858539
0.550233
0.788026
0.487735
0.873486
0.951753
0.46804
1.28801
0.383679
0.956702
1.47279
0.620182
0.708872
0.530861
0.985577
0.684442
0.830379
0.941929
0.568132
0.168193
1.00227
0.461403
0.730003
0.20413
1.31
1.10422
1.12381
0.358636
1.14189
1.42069
0.508435
0.784054
0.736247
1.01853
0.238009
0.714024
0.439598
0.494222
1.36068
1.1076
0.563753
1.27749
1.30674
1.28166
1.26921
1.22259
0.135908
0.519674
0.982155
1.36467
0.48972
0.527348
0.20111
1.143
1.31165
0.707319
1.15204
0.465983
1.53575
0.754017
0.920398
0.371615
1.01607
1.01553
0.68283
0.607237
0.541806
1.01676
0.53466
0.737369
0.591004
0.741193
0.463418
1.30417
1.25451
0.89957
1.47026
1.28668
0.154472
0.370585
0.227057
1.04567
0.669123
0.983145
1.32542
1.42935
0.964758
0.898616
0.439339
0.470006
0.937052
1.42578
0.697483
1.14299
1.40842
1.52696
0.80809
0.881422
0.400409
0.450075
1.13746
0.745491
0.533348
1.42747
1.07154
0.676152
0.788014
0.54246
0.7025
0.909674
0.410882
0.832296
1.35419
0.297944
0.418699
0.55948
0.360264
1.3057
1.40357
1.04911
0.241785
1.27448
0.717267
0.892401
1.30315
0.888965
0.645954
0.751312
1.29694
0.5596
1.15773
1.00168
1.01329
0.861132
0.9473
1.2601
0.918382
0.94106
0.790774
1.20742
0.443015
1.19038
0.664505
0.473568
1.53091
0.748175
1.02918
1.18657
0.554776
1.16458
1.08413
0.990134
0.641358
1.02309
0.249337
1.46321
1.42925
0.94584
0.959819
1.29522
0.365775
0.336128
0.101735
0.463364
0.72286
0.960695
0.881948
0.369776
1.03826
1.29585
0.459561
0.828015
0.190483
0.851969
0.635846
0.722755
0.782877
0.962988
1.04008
1.31349
0.445228
1.2527
0.74133
0.743343
0.333536
1.11052
0.861271
0.785766
0.9963
0.676772
1.22325
0.88868
1.17933
1.41099
0.139467
0.734474
1.00944
1.22537
0.880036
0.810784
0.455822
1.06492
1.28255
0.303573
0.909447
1.56105
0.826498
0.598685
0.78246
1.12797
0.646537
1.38217
0.548521
1.0173
0.640061
1.47899
0.903707
0.400168
1.22868
0.954339
0.390242
0.435183
0.617337
1.00684
1.19194
0.542552
0.373913
0.549949
1.34875
0.329168
1.2252
1.42424
1.14129
1.26869
1.51239
1.00784
0.530123
0.38261
0.775992
1.08842
1.0098
1.22744
0.364637
1.37973
1.25216
0.926167
0.769721
0.874755
0.708193
1.34664
0.490085
1.17057
0.721236
0.779461
0.874756
0.368144
0.602101
1.182
0.669117
1.09779
1.11003
1.07292
0.447894
1.04953
0.738272
0.788311
1.20388
1.35225
1.51916
0.612413
0.643255
0.314887
0.574159
1.45486
0.385962
1.06271
0.770778
0.916577
0.887358
1.2811
0.831723
0.975541
0.486435
0.974579
0.435901
1.55605
1.01353
0.420193
0.814171
0.866533
1.02759
0.578274
0.825197
0.636827
0.923282
0.850704
0.755556
1.34872
0.527536
1.29069
1.47181
1.07099
0.74825
1.56539
0.630228
0.477314
0.748584
0.65309
1.06821
0.491276
1.03413
1.16567
1.15402
0.348319
1.41334
0.389834
0.458946
0.637689
0.612228
1.3672
0.613535
0.743648
0.901124
0.673322
0.200205
0.94346
1.26802
1.40103
0.532687
1.32087
0.369256
0.568179
0.348104
0.391658
0.411524
0.260381
0.80006
0.261305
1.5558
0.972025
1.04123
0.775681
0.875708
0.93378
1.52456
0.990189
0.882751
0.759551
0.427796
0.466403
0.920484
1.03402
1.50806
1.14761
0.808904
1.04188
1.23896
0.961501
1.09909
1.12595
1.48755
0.902667
1.22252
1.25645
1.09269
0.82801
0.950049
0.80022
0.7424
1.073
0.999697
0.41279
1.50037
1.0103
1.24027
0.679681
0.136676
0.870074
0.537655
1.05915
0.754924
0.940157
0.951592
0.300543
0.77491
0.705239
0.881138
0.692809
1.27087
0.268088
0.611875
1.02308
0.838086
0.807633
0.820405
1.55444
1.2748
0.654681
1.01613
1.2951
1.48526
0.8034
0.844158
1.09574
0.662661
1.27269
0.764005
0.980036
1.15715
1.12329
0.903767
0.731477
0.448545
0.450198
0.677396
0.313754
1.03556
