1.44148
1.47682
0.522581
1.11164
0.812994
0.772009
0.486515
0.928296
0.473723
0.846959
0.617524
0.404981
0.368743
1.12278
1.13314
0.913854
0.6537
1.31694
0.587494
1.23349
0.852272
1.17319
0.38684
0.480769
1.4368
0.657292
0.567174
0.518049
0.595909
0.550748
0.998005
1.27116
0.746372
0.91048
0.360628
1.15489
1.40925
1.45401
1.45209
1.45672
1.52004
0.448786
0.265307
0.713433
0.476901
0.864677
1.14085
0.627453
0.832901
1.37847
0.80297
0.148111
0.596083
0.998114
0.928951
1.20312
0.782178
1.30449
1.32442
1.27972
0.846643
0.816868
0.644194
1.52056
0.853588
1.27849
0.860435
0.635458
0.756989
1.4307
0.307345
0.510441
1.50999
0.777857
1.41249
0.549546
0.711985
0.953403
0.748277
1.25763
1.391
0.864433
0.22796
0.428229
0.404641
0.776422
1.13863
1.10487
0.699663
0.515201
1.32057
0.69693
0.864714
0.540758
0.544596
1.14266
0.867942
0.786275
1.15767
0.556208
1.43495
1.14949
1.29674
0.881641
0.910042
0.39137
1.08467
0.942991
0.484366
1.45015
1.4937
0.909564
0.485695
0.705358
0.647943
1.16446
1.10697
0.537242
0.933808
1.01855
0.721912
0.987934
0.974842
0.429459
0.729285
0.78952
0.435256
0.63727
0.940973
0.56821
0.804197
0.766821
0.333055
0.618434
0.792848
1.22341
0.245383
0.503686
1.23029
1.4791
0.196147
0.558758
0.547141
0.751868
1.48217
0.633157
1.2074
0.641249
0.52021
0.727402
0.928338
0.84966
0.921881
0.733681
0.329163
0.412511
1.17982
0.882565
1.3821
1.08703
0.853951
0.407276
0.630904
1.11557
0.793674
1.5087
1.02603
1.21817
0.586644
0.92726
0.616267
0.796779
0.287114
0.683285
1.16072
0.367405
0.948922
1.18013
0.519403
1.01998
0.507404
0.419734
0.179284
0.406327
0.600419
0.967792
1.38826
0.946915
0.825904
0.407515
0.429981
0.522258
1.47696
1.15833
0.506818
1.18715
0.886903
0.646163
0.748834
1.05017
0.783813
0.425635
0.474108
1.22644
0.455177
0.660393
0.228209
0.917664
1.12724
0.60014
0.8034
0.673911
0.944979
0.619522
0.644355
0.670923
0.564202
0.59544
0.68646
0.680888
0.342943
0.445919
0.941308
0.634169
1.02688
1.17463
0.727974
0.880417
0.610796
0.68069
0.51475
0.763106
0.618289
0.576438
0.216499
1.30775
0.444642
0.421119
0.393809
0.738932
0.692344
0.971985
0.82771
0.665942
0.413919
0.748024
0.859046
1.23245
0.781568
0.331021
0.429599
1.16947
1.55349
0.397797
0.897323
1.4277
1.47815
0.254774
0.496844
1.46402
0.418486
1.51434
0.920609
1.08828
0.863487
0.392194
0.312265
0.604059
1.40202
1.02919
0.657732
1.29283
1.30062
0.423485
1.17547
1.11308
1.16396
1.49387
0.997123
0.353376
0.805759
0.994711
0.99794
0.566318
0.813171
1.3267
0.532233
0.584537
0.438623
1.43429
0.320338
0.95042
0.547929
0.677597
0.374916
0.713656
1.50484
0.670038
0.787578
0.422359
1.42505
1.52532
0.817833
0.895359
1.52777
0.434001
0.806575
0.801324
0.379985
0.709585
0.70375
0.631395
1.23286
1.14777
0.843747
1.44061
0.704196
1.25548
0.903817
1.06643
0.366676
0.625625
0.582362
0.479131
0.561347
0.498567
0.70859
0.552008
0.367825
0.862439
0.535862
1.19438
0.954997
0.673632
0.490876
0.873271
0.911703
0.822566
0.79822
0.0629531
1.34132
1.14552
1.34488
1.07841
0.384586
1.20669
0.410576
0.743017
0.612263
0.926236
0.452721
1.32165
0.78819
0.818387
0.466183
0.765694
0.992479
0.471793
0.939786
0.49794
0.636848
1.12821
1.23515
1.18899
0.484106
0.776078
0.982734
1.55431
0.281446
1.44526
1.04799
0.673113
1.40482
0.89417
0.52413
1.12159
0.703757
1.34929
0.294413
0.9614
1.32536
0.895075
0.440381
0.994107
0.700505
0.625855
1.033
0.708036
0.738083
0.873326
0.909525
1.26459
0.557879
0.486262
0.500346
1.17842
0.93482
0.608703
0.568852
0.954312
0.797473
0.563897
1.44736
0.503875
0.879199
0.868783
1.43384
0.371701
0.168556
1.13946
0.772089
1.02215
0.899225
0.466349
0.952953
0.257282
0.407143
0.582267
0.441926
0.845773
0.656016
0.343063
1.20675
0.837964
0.774586
0.806626
0.970297
0.597463
0.739375
0.79843
0.717901
1.19167
0.702699
0.531464
0.696412
0.695884
0.442129
0.699172
0.706692
0.867781
0.377647
0.599366
1.56373
0.971996
0.666222
1.24393
0.951427
0.623975
0.919361
1.17281
1.20211
0.881556
1.03509
0.82299
0.919701
0.445755
0.814885
0.74006
1.05038
0.618849
0.709455
0.695295
0.775506
0.823087
0.482335
0.98491
0.558078
1.34134
1.41656
0.396526
0.355799
1.40929
0.613509
1.01012
0.891338
0.791796
1.33269
0.796112
0.989213
0.527883
1.08779
0.844476
0.621358
0.77522
0.316772
0.988696
0.412333
1.04536
0.693999
0.879188
0.808785
0.703662
0.314703
0.701801
0.645225
1.14376
0.611716
0.402034
1.30055
0.934517
0.963937
0.472407
0.921939
0.458406
0.493731
0.597429
0.786337
0.666581
1.20478
1.32459
0.964076
1.3218
0.303827
0.990735
0.908164
0.930756
0.715973
0.914038
0.999981
1.31048
0.745168
1.14721
1.16354
0.447106
0.84597
0.854175
1.54147
1.49796
0.973217
0.98805
1.22322
1.20512
1.35811
0.46309
0.5936
0.288204
0.697465
1.09178
0.457136
0.838444
0.907066
1.51157
1.09683
1.51584
0.934228
0.550835
0.398401
0.525673
1.26895
0.759368
1.28424
0.694497
0.191415
0.672532
1.28856
1.36726
0.708504
0.513031
0.839278
1.00376
0.284472
0.909927
0.717554
0.359532
1.01241
1.13762
0.563114
1.186
0.487811
0.679843
0.834434
1.09405
0.279562
0.77013
0.739933
0.771591
1.04007
0.971009
0.656139
0.663126
0.596996
0.815211
0.781332
0.702562
0.79164
0.431178
0.614285
1.01233
1.39797
0.366783
0.418117
0.511397
0.814389
0.661485
0.811232
0.942728
0.81979
1.44715
0.864165
0.530446
0.918831
1.39598
0.933094
1.05478
1.41026
0.993956
1.0878
0.689553
1.03165
0.564988
0.818644
0.929108
0.123156
0.420921
0.918172
0.500121
1.11207
0.684457
0.641726
0.68944
1.38402
0.949226
0.68284
1.18663
1.48673
0.433875
0.491728
0.370114
0.354249
1.11416
1.14849
0.667959
0.776834
0.245804
1.04625
0.55824
0.852061
1.36837
1.12642
0.618882
0.357412
1.36692
0.553433
0.292782
1.05334
1.01135
0.790029
1.12332
0.737271
0.978111
0.849011
0.83825
1.07106
0.608849
0.592341
1.29873
0.917722
0.774685
0.794944
1.04156
0.701719
1.3439
1.14197
0.962745
0.190896
1.01154
0.13687
1.17985
0.994446
0.673267
1.32688
0.381863
0.854375
0.536358
0.647483
0.869993
0.756152
0.732316
0.520085
0.547913
1.14352
0.598411
1.12105
0.532562
1.13396
0.383738
0.410491
1.24286
1.07535
0.872313
0.897081
1.52633
0.425785
0.278034
0.803498
0.878324
0.76831
0.270059
0.112216
1.17438
0.366867
0.437252
1.25892
1.15451
1.07428
0.998355
0.784324
0.65833
1.22088
1.0637
0.370584
0.462647
0.444394
0.857946
0.601758
0.625368
1.22921
0.965701
1.24731
0.963274
1.1642
0.837508
0.655376
0.221676
1.0286
0.881639
0.64559
0.575251
1.03021
1.32685
0.716412
1.56836
1.53674
1.27045
0.320392
1.0677
0.630266
0.297201
0.376805
0.926451
0.906488
0.767144
0.671992
0.700282
0.762782
1.09087
0.518658
0.64574
0.67677
0.685304
0.811854
0.494343
1.08362
1.48464
0.912188
0.453634
0.475205
0.457573
0.465423
0.704896
0.744186
0.780155
1.02889
0.379853
0.798783
0.658384
1.09505
0.439728
0.268356
0.3816
1.1848
0.615986
0.774417
0.862173
0.631889
0.973564
1.25584
0.954819
1.25975
1.25383
0.405754
1.31481
1.09091
0.709257
1.06317
0.38018
0.703728
1.02298
1.32558
0.526403
0.659064
0.867234
0.442646
0.612446
0.328282
0.87045
0.718248
0.508997
0.651858
0.931835
1.52646
1.3063
1.27475
0.996949
0.8214
0.74569
0.976896
1.39221
0.379888
0.918746
0.419346
0.630227
0.771838
0.810913
0.554853
0.989794
0.546302
0.366203
1.03187
1.18335
0.456583
0.683964
1.0739
1.52879
0.605511
1.49346
0.528831
0.521165
1.32435
0.723836
0.521271
0.859058
1.0792
1.3979
0.825058
0.367577
1.32775
0.898245
1.01598
1.48205
0.443876
1.33173
1.05866
0.95059
0.891332
1.03224
1.10358
0.562642
0.335566
0.331016
0.568345
0.344466
0.504852
1.09892
1.33941
0.558835
0.877027
0.445271
0.902106
0.359687
1.04389
0.347393
1.15027
0.880093
0.554361
1.43114
0.794798
0.434683
0.750216
0.407583
1.18269
0.781147
0.574104
0.864975
0.637566
0.629362
0.784638
0.940152
1.24223
0.891028
0.528591
1.28669
0.550904
0.834425
1.15851
0.795643
0.433833
0.758779
1.00657
0.790597
1.1772
0.806825
1.42164
0.976398
0.498652
0.868963
0.915677
0.939173
0.314232
0.330125
0.460731
0.838904
0.930147
0.220763
1.16573
1.03253
0.731567
0.751939
1.05809
0.531544
0.747896
0.300487
0.837308
0.296936
0.934948
0.910044
0.332572
0.408962
0.436117
0.900281
1.39706
0.345548
0.337455
0.485105
1.14226
1.18798
0.432498
0.573803
1.24191
1.27858
0.641323
1.3835
0.910969
0.233311
1.04874
1.25692
1.48621
1.23681
1.03489
0.882358
1.05577
1.20755
1.50141
0.882853
0.94631
0.796465
0.756556
0.813975
0.925391
0.849917
0.350231
0.302821
1.46758
1.05205
1.4153
0.400983
0.383891
1.47773
1.27852
1.2322
0.834305
1.41556
0.876817
1.46452
0.747104
1.05093
0.258796
1.14202
0.80426
0.532405
1.2278
0.362095
0.356575
0.85788
0.432591
0.607649
0.555764
0.468649
0.999844
0.669319
0.581604
0.719987
0.480711
1.07493
0.534733
0.430759
0.968301
1.17235
1.09912
0.978642
0.502777
0.273372
1.06452
1.07902
0.756128
1.21931
0.501038
1.16982
0.73301
1.44603
0.46411
1.09388
0.32806
0.803077
0.886745
1.55038
1.5683
0.979902
0.617826
0.918777
0.923781
0.406266
0.973525
1.49441
0.967697
0.86631
0.944555
1.15025
1.09288
0.398241
0.671557
0.828059
0.808193
0.573566
0.205365
0.626869
0.348205
0.405691
0.858308
0.718858
0.807141
0.829937
1.11297
0.405091
1.08581
0.563691
0.958279
0.793361
1.11672
1.18354
0.911659
1.224
1.31362
0.477122
0.629935
0.448572
0.319798
0.814318
1.23911
0.67803
0.678298
0.612518
0.56884
0.291883
0.656825
0.862955
0.778921
0.557295
0.981442
0.682451
0.669887
0.825039
1.23305
0.864629
0.565614
0.689063
0.850837
1.18146
0.601167
0.320234
0.548938
0.763547
1.26464
0.452342
0.584389
0.666379
0.921671
1.20002
0.891789
0.432077
1.00725
0.830476
0.486293
0.664286
0.674045
0.28986
0.548607
0.377281
0.814529
0.237538
0.380121
0.40606
0.484075
0.399081
0.857158
0.813375
0.868153
1.01156
0.349321
0.929204
1.24334
0.963294
0.418548
0.59328
0.789403
0.530393
1.50634
0.834929
1.03763
0.46495
1.01023
1.22017
1.46482
0.491796
0.759079
0.798995
1.55549
0.578146
0.880668
1.12592
1.31902
0.888928
0.976786
0.143018
0.87685
0.519479
0.984683
1.18361
0.92758
1.13702
0.576897
0.327042
0.705072
0.30609
0.783082
0.688639
0.53121
0.488293
0.783939
0.51444
0.62705
0.894697
0.783424
0.730587
1.11377
1.13462
0.676365
1.27903
1.23842
1.20055
0.426978
0.818157
0.608694
1.27041
1.37341
1.01542
0.376791
0.684105
1.03544
0.295532
1.48661
0.870885
1.15299
1.50202
0.38876
0.696039
0.777477
0.834925
0.398734
1.17321
1.02249
0.462749
0.153898
0.731912
0.24608
0.273443
0.217085
1.05727
0.97063
0.981769
1.31369
0.448009
0.477358
0.556084
0.464704
0.746788
0.98356
1.18728
0.967798
0.788415
0.527597
0.381666
1.25394
1.19074
1.42262
1.43755
0.347739
1.01156
0.925426
1.28984
0.894083
1.31836
0.161401
1.04747
1.23573
0.53382
0.61643
0.98359
0.691912
0.387568
1.31565
1.21662
1.10801
0.522712
1.40989
1.3126
0.621662
0.812908
0.6751
1.32963
0.63625
0.789571
1.01934
1.37578
1.55973
0.624156
0.718653
1.49983
1.26903
0.356047
0.957405
1.03329
0.154063
1.36531
0.833194
0.805484
0.698194
0.274563
0.841377
1.34678
1.03401
0.670332
0.459308
0.645933
1.24744
0.697198
1.56388
1.42993
0.556269
0.341148
1.18187
0.510547
0.986024
0.6722
0.976797
1.03867
0.690249
1.13661
0.509139
0.876766
0.573289
0.587897
0.344842
0.89447
0.597138
1.50586
1.02914
0.988061
0.587156
0.24662
1.06043
0.49793
0.210089
1.54342
1.03119
1.17497
0.336202
1.36412
0.754179
0.665508
0.952997
0.299605
0.355412
1.14412
0.79219
0.923026
1.06289
0.890024
0.373307
0.467345
0.601989
0.537849
0.709292
1.35393
0.524533
0.521033
0.708959
0.682097
0.57876
0.582443
0.956573
0.292404
1.52598
0.428177
1.13665
0.561799
0.360244
0.84239
0.561976
0.992242
1.05343
0.923456
0.443431
1.35015
0.413731
1.15523
0.736102
0.511926
1.12775
0.379865
0.80205
0.423561
0.989326
0.186584
0.812365
0.463849
0.365611
0.964014
0.733822
0.377587
1.38459
0.914753
1.28001
0.450625
0.799895
1.20296
0.533878
0.98531
0.404637
0.474949
1.47473
0.739664
0.536273
0.646186
1.51664
0.871513
0.494623
0.775483
0.450979
0.461684
0.719819
0.479377
0.763073
0.749304
1.34962
0.678439
1.19448
0.768194
0.760191
1.28242
0.471414
1.02837
0.703609
0.926614
0.399437
0.477781
1.26405
1.45681
0.902192
1.14479
0.919438
0.438844
0.802906
0.940009
0.725987
0.704538
0.454444
0.655924
0.414292
0.691354
1.13477
1.02073
0.947925
1.22484
0.64159
1.56899
0.736197
0.778223
1.16908
1.4817
0.413776
1.20577
0.591729
1.53346
0.288357
1.08349
0.921723
0.809446
1.36335
0.33728
1.0068
1.21854
0.399579
0.998736
0.256931
0.937178
1.06838
0.976295
0.882174
1.12399
1.53261
0.503009
1.1509
0.560904
1.27842
0.60762
0.79092
0.724654
0.760582
0.806354
0.848896
0.40659
0.930959
0.538304
0.997702
0.395657
0.357991
0.474057
0.606804
1.228
0.492455
0.460638
0.380349
0.916681
1.19781
0.791665
0.541496
1.06727
0.501956
0.899443
1.21551
0.479819
1.1336
0.846938
0.373127
0.902235
1.18289
0.399012
0.593319
1.42705
0.645153
0.588771
1.44319
1.0301
0.466783
0.367648
0.79241
0.704398
1.28074
1.14683
1.49379
1.25942
0.921622
0.222353
0.810522
0.855375
0.566768
0.512686
1.21235
0.729428
0.534296
0.229062
1.03037
0.369324
0.676048
1.26472
0.616844
1.12692
0.449911
1.28974
1.08359
0.525319
1.29101
0.359972
0.199879
0.145841
0.722055
0.748925
1.28901
0.813864
1.09376
1.30488
0.734502
0.658821
1.25204
0.46082
0.997784
0.27502
1.52419
0.406038
0.859087
0.705547
0.865552
0.349876
0.627064
0.166328
0.927459
0.605688
1.00744
1.35535
0.690858
0.855106
0.363239
1.34237
0.408717
1.12377
0.314104
0.536411
1.40647
0.337685
0.588888
0.768413
1.13383
0.983513
1.27791
0.897705
0.827163
0.740998
0.201652
0.569431
1.3926
0.772347
0.82801
1.55279
1.23076
0.492011
0.496619
0.529404
0.72703
0.905448
0.985693
0.541563
0.93993
1.1467
1.25265
1.2277
1.30546
1.44613
0.857121
1.01019
0.787303
0.464318
1.05133
1.08898
0.623724
1.21408
0.400803
0.244636
0.77253
1.1517
0.977965
0.770098
0.411362
0.465184
0.833533
0.910235
0.987785
1.17303
0.0999477
0.676475
0.580143
0.970896
0.456593
1.13027
0.848488
1.19332
0.618242
1.15471
0.844545
0.904983
1.13579
0.874841
1.28127
0.509855
0.404557
0.881479
1.34656
0.683041
0.747593
0.501737
1.31979
0.276535
0.948661
1.50126
0.987852
0.871566
0.953341
0.556859
1.38843
0.897858
0.615811
1.04237
0.570908
1.20225
1.16285
1.43104
1.4084
0.507059
0.810823
0.197226
1.22129
0.700629
1.35976
1.54622
0.291586
0.251831
1.48334
0.827687
0.374564
0.382838
1.07973
0.545666
0.499513
1.02528
0.952063
0.814956
1.38033
1.0642
1.15009
1.31732
0.665798
1.42906
0.570202
0.580054
1.09339
0.901506
0.645607
0.812668
0.987879
1.16293
0.307338
0.241619
0.558398
1.38295
0.853892
0.869109
0.923826
1.54731
0.675963
0.497004
0.397606
1.06501
0.773592
0.50593
0.421967
1.04115
0.410939
1.28468
0.948965
1.365
1.36712
0.727763
0.423303
0.767313
1.13289
0.74441
0.818217
1.27741
0.681396
0.68184
0.893471
0.595157
0.753912
1.03488
0.488248
0.370802
0.491822
0.715055
0.541492
1.04812
1.03087
1.13701
0.662846
0.280965
0.935422
1.25396
0.802195
1.32579
1.04313
0.900703
0.611746
1.14438
0.969177
0.498186
0.510845
1.15227
0.742331
1.17797
1.33504
1.11282
0.780528
0.881824
0.632715
0.281926
0.952783
0.695137
0.474446
0.697332
0.816566
0.789838
0.881026
1.10535
0.323818
0.492406
1.23401
0.919846
0.722819
0.966451
0.687081
1.41267
1.21695
1.25843
0.342495
0.985779
0.732103
0.702943
0.24852
0.589742
1.06653
0.853047
0.390432
0.959203
0.658056
0.631274
0.620743
0.747632
0.918264
0.513473
1.0616
0.428104
0.154712
0.585013
1.00145
0.561238
0.258478
0.983345
0.293061
0.936798
0.641682
0.610926
0.431433
0.455179
0.754082
0.992253
0.748545
0.884608
0.55594
0.696996
1.08706
0.374514
0.660027
0.903939
0.337371
1.50519
0.403741
0.873893
0.331643
0.406448
0.347166
0.800633
0.832412
0.718696
1.12846
0.522506
1.46236
0.929595
0.736204
1.22459
0.904729
0.679542
0.962895
1.12932
0.687694
1.00282
0.72365
1.19088
0.388631
1.11825
0.9927
1.02631
0.465129
1.072
0.966375
0.73055
0.785588
0.433623
1.0975
0.345938
0.867222
0.684747
0.752081
0.760805
0.751572
1.09483
0.529039
1.52628
1.35517
0.693862
0.963376
0.667842
0.361804
1.10628
0.255212
0.242267
0.928938
0.29162
1.00447
0.7832
0.686432
0.310804
0.808584
0.473563
0.954212
0.672676
0.833942
0.994391
0.734053
0.920664
0.740861
0.644914
0.291805
0.45658
0.539883
0.301872
0.297912
1.29679
1.01575
1.01498
1.30385
0.794743
0.64001
0.528982
1.49853
0.651547
0.912936
0.962952
0.952903
0.797511
1.45312
0.657699
0.902475
0.536277
0.255463
0.726196
0.329727
0.424445
0.403408
0.73096
0.653138
0.844968
0.948237
0.871546
0.658737
0.598965
0.831276
0.245425
0.864651
1.07283
0.525188
1.04937
1.01825
1.00525
0.444873
0.805337
0.362124
1.06277
1.40422
0.304324
0.268436
0.626027
0.688939
0.709145
0.73123
0.98538
1.11626
0.257384
1.07399
1.06922
1.41836
0.728597
1.07174
0.471595
0.599717
0.36556
1.13976
1.45276
0.824999
1.1159
0.501186
0.599278
0.860683
0.949603
0.517953
0.475914
0.993191
0.433717
1.01185
0.780769
0.772771
0.949034
1.43587
1.09389
0.774074
1.02139
0.748693
0.421908
0.840388
1.28393
1.29229
0.571844
1.2106
0.34729
0.737051
0.199828
1.16156
0.299897
1.22753
0.64346
1.21279
1.13137
1.08345
1.4884
0.411985
0.278765
0.867632
0.966229
1.55523
0.503453
0.804789
0.479942
0.742143
0.221747
1.23105
0.326942
0.837719
1.49673
0.287077
0.997498
1.26643
1.1717
1.5062
0.986433
1.44573
0.5272
0.306669
1.56008
1.20915
0.739144
0.529309
1.26838
1.17809
0.574715
0.292232
0.8454
0.418008
0.667905
0.423677
0.198648
0.854577
0.867491
1.05682
0.489504
1.37178
1.06102
0.55313
0.718918
0.498643
1.33896
0.827312
0.564724
1.19633
0.535806
1.05915
0.806231
0.924916
0.92977
1.15631
1.14079
0.826368
0.221859
0.729843
0.413039
0.817185
0.875743
0.51333
0.805937
0.669088
0.509023
0.827304
1.16851
0.851685
0.295588
0.724205
0.485165
1.0948
0.380724
0.373182
1.12906
1.09951
1.00248
0.654962
0.654188
1.43934
1.1092
0.931199
0.700668
0.972167
0.300908
0.34365
0.465873
0.378303
1.37441
0.593532
0.662175
0.401497
0.40912
0.632992
1.08956
0.163161
0.86799
0.402332
0.887823
1.3748
1.18687
1.19278
0.38705
1.43247
0.49468
0.495752
1.40216
0.914359
0.779802
1.38946
0.685264
0.223551
1.01942
0.806315
1.38712
0.724874
1.02999
0.432192
0.339064
0.670369
0.383177
0.625642
0.874318
0.284598
0.411212
0.688882
0.402609
0.454804
1.25824
1.30845
0.311377
0.766061
0.935382
1.21784
0.233756
1.22484
0.429824
0.892131
0.396382
0.940798
0.843666
0.395946
0.855856
1.45807
1.13316
0.760746
0.718215
0.369851
0.798769
1.309
1.08922
0.295966
1.24615
0.680808
0.643297
0.859065
0.295435
0.858873
1.01525
0.662597
1.13536
0.451512
0.454799
0.734623
1.14773
0.407525
0.411986
0.595063
0.622828
0.551595
1.17606
1.10538
0.328033
1.28493
0.627885
0.828925
0.910204
1.2875
0.708739
0.87051
1.49595
1.00886
1.24943
0.445622
0.708335
0.682948
0.455758
0.632481
0.483556
1.17693
0.943433
0.263757
1.26106
1.57038
1.12425
0.777902
0.361909
0.682103
1.11964
1.15662
1.4644
0.881884
0.451932
0.722664
0.372246
0.503232
0.444331
1.27948
0.918422
0.209398
0.984185
0.408249
1.06098
0.559948
1.12774
1.40236
0.284536
1.14466
0.952133
0.797313
0.794941
1.4546
1.45613
0.545079
0.774492
0.684611
0.733079
0.899024
0.499846
0.583078
1.08902
0.923644
1.34875
0.998414
0.720462
1.24336
0.846358
1.46265
0.722716
1.4032
1.20513
1.13436
0.726696
0.705301
0.992884
0.914881
0.633329
0.268676
1.28882
0.865485
1.1641
0.86973
1.04045
0.638372
0.257951
0.714546
0.51996
0.958066
1.25146
0.91425
0.383145
1.23138
0.365157
0.574268
0.664944
1.35567
0.859171
0.422037
0.632796
0.28778
0.801114
0.609599
0.883228
0.575459
0.443509
0.384553
0.663708
0.688047
0.776241
0.440368
1.52019
0.367611
0.130654
0.951175
0.780916
0.492083
0.870881
0.29826
1.10367
0.369143
0.0818871
0.922537
1.2723
0.56329
1.2632
0.55806
1.20835
0.210622
0.941775
0.894415
1.18679
0.840904
0.980099
1.40512
0.414341
0.513838
0.215613
1.08674
1.48997
0.788803
0.565981
0.544854
0.702959
0.411546
0.944634
0.518584
0.37529
0.785329
1.22491
0.643471
1.08394
0.537791
0.974211
0.254836
0.919427
0.676232
0.793546
0.229173
0.773323
0.43986
1.0202
0.64329
0.432139
0.349149
0.805273
0.338
1.43623
0.459748
0.174334
0.962318
0.724517
1.0754
1.06325
0.64448
1.34546
0.923967
0.347414
1.39304
0.733316
0.456037
1.26134
0.625617
0.874039
0.9135
0.677551
1.02875
1.04885
0.796301
0.753379
1.45267
0.98913
1.3482
0.744569
0.475687
0.422938
0.680623
0.52119
0.553114
0.513338
0.360389
1.16924
1.0027
0.847009
0.512075
0.356956
1.29389
0.615717
1.25789
1.06623
1.33556
1.00784
0.440937
0.601741
1.51975
0.820515
0.215526
0.719873
0.627859
0.914233
0.405439
1.05092
0.766214
0.515532
1.52643
0.712078
0.29942
0.587788
1.17863
0.300584
0.840687
1.0791
0.57797
0.771125
0.419613
1.23652
1.19523
1.36191
0.899343
1.48804
0.363978
1.01028
0.344592
0.287517
0.679756
1.15798
0.569863
1.13479
1.21242
0.470701
0.226261
1.1449
1.51581
1.4511
1.12125
0.829746
1.47074
1.17359
0.526516
0.614668
0.568948
0.545181
0.268417
0.854469
0.754565
1.11059
1.51084
0.311012
0.843922
0.562933
0.493296
1.54024
0.406978
0.975578
0.484878
0.68641
0.485419
0.889043
1.31509
1.0886
0.866078
0.73197
1.55714
0.597263
0.901568
0.723162
0.532451
1.36118
0.508382
0.360096
1.09736
0.977992
1.24384
0.776766
0.277635
1.48812
0.951044
0.846738
0.906547
0.614065
1.30465
0.487712
1.13774
1.45011
0.451413
0.392804
0.454952
0.246483
0.213685
0.824279
0.646208
1.13983
1.45776
1.20431
0.205774
0.378412
0.588801
0.595334
0.41377
0.799912
0.372238
0.73324
0.874181
0.527437
0.28338
1.21729
1.13195
1.16434
0.693852
0.728941
0.439147
0.670306
0.961763
0.740468
0.661712
1.39628
0.0955427
1.15129
1.12218
0.543021
0.348996
0.979267
0.74346
0.573048
0.87467
0.786269
1.50895
0.985756
1.0445
0.470561
0.440467
0.602667
0.848194
1.53851
0.897599
0.719188
1.51691
0.6979
1.11943
0.304996
0.912028
1.16288
0.459611
0.535832
1.14816
0.402076
0.605869
0.33523
1.17279
0.461496
0.352622
0.369062
0.274157
1.11751
1.13413
0.668598
0.374053
0.541805
0.708436
0.465836
0.626353
0.445621
1.21761
0.483649
0.626672
1.41957
0.757084
0.658214
1.17462
0.387818
0.849213
1.14313
1.12091
0.283995
0.738375
0.630466
0.391899
0.561818
0.785225
0.622887
0.308266
1.31024
0.828568
0.643203
0.608125
1.2942
1.2693
1.11395
0.914799
0.511608
1.04067
1.10081
1.40602
1.03206
1.28605
1.20077
0.315399
0.269656
0.938409
1.45041
0.484844
1.00196
0.70519
1.33274
0.51375
0.860868
0.738982
0.245712
0.373406
0.542633
0.984372
0.453119
0.569207
0.463093
0.319745
0.584335
0.780791
0.616844
1.38424
0.948528
1.54427
1.37845
0.983977
0.488799
0.2448
1.13294
0.796591
1.24719
0.449808
0.824277
0.718126
1.33278
0.52407
0.81546
1.33639
0.407356
0.355861
0.809287
0.869426
0.894479
1.31961
0.736041
0.872919
0.670564
0.413863
0.522524
1.45294
1.20163
0.794908
0.50466
0.365895
0.896003
0.764874
0.119126
1.53596
0.515668
0.493755
1.41884
0.773565
0.261858
0.83616
0.594042
0.275756
0.519996
0.186697
0.345536
0.466601
0.357881
0.96542
0.557014
0.390123
1.33436
0.409473
1.02962
0.620615
1.53934
0.308473
1.11188
1.24591
0.621298
0.932667
0.493417
0.252923
0.59212
0.80936
0.527938
0.806958
1.38913
0.823955
0.31789
0.389493
1.2617
0.470221
0.725217
0.479586
0.708619
0.14944
0.420257
0.596471
0.870545
0.656553
0.667799
0.782654
1.2257
0.659656
1.38705
0.956682
0.849101
0.409318
0.412507
0.950495
0.473787
0.214588
1.25815
0.804366
0.78438
1.06656
1.19964
0.76047
0.976754
1.26171
0.470142
0.868573
1.40246
0.71201
0.435783
0.676027
0.591899
0.515583
0.310066
0.84026
1.3188
1.03459
0.992803
1.53396
0.33547
0.647051
1.3457
1.37847
0.862361
0.634516
1.00927
0.401197
0.397617
0.218547
0.551801
0.393625
0.923885
1.29588
1.02911
0.865989
0.795933
0.723407
1.03046
0.166351
0.991342
1.28924
0.323739
0.51053
0.867946
1.27489
0.454722
0.785448
1.11627
0.780746
0.995617
1.13341
1.24385
0.866545
0.782578
0.435163
0.478576
0.459652
0.936915
1.36081
0.779409
0.774742
0.863534
0.922836
0.262649
0.993399
0.946093
0.67031
0.366174
0.2593
1.21007
0.592414
1.51722
0.952117
1.12313
0.787129
0.668041
1.27809
1.37022
0.42138
0.361656
0.654201
1.4912
1.35263
1.37279
0.974473
0.975001
1.11854
0.272392
0.66783
1.11679
0.939944
0.876727
0.850261
1.13635
0.597359
1.11628
0.257929
0.418119
1.07214
1.03679
0.299968
0.690637
0.676997
0.471148
1.47464
0.886398
1.10583
1.03469
0.486507
0.562985
1.26086
1.22192
0.276835
0.647784
0.662647
1.08179
0.964671
0.530225
0.568081
0.344993
0.604774
0.557937
0.658048
1.28031
0.828382
1.08905
0.692615
0.73664
0.504253
0.390294
0.945995
0.481426
0.768296
0.425615
0.485543
0.45135
0.587791
0.725083
0.339018
1.0298
0.410073
0.991366
1.11606
1.00304
1.15416
1.17211
0.5241
1.1895
0.293774
0.326383
1.51825
0.1918
0.419473
1.14569
0.836989
0.870065
0.661736
0.432797
0.978348
0.855889
0.39331
1.00539
0.782416
0.621782
0.16729
1.09192
0.639316
1.10329
0.738145
1.43011
0.429361
1.37143
0.488861
0.502926
1.01087
1.26031
0.903054
0.799795
1.35758
0.282085
0.744041
0.308136
0.977733
1.13446
0.966791
0.505347
1.00434
1.16971
1.44274
0.410867
0.674256
0.843576
0.839891
0.591833
1.25315
0.432885
0.781689
1.06041
1.47222
1.10798
1.02531
1.49831
1.49881
1.252
1.25586
1.14048
1.25303
0.462577
0.932289
1.12089
0.758776
0.79408
1.56852
0.53256
0.963556
0.694093
1.18628
0.916054
0.237374
0.94616
0.535056
0.805919
0.359669
0.927585
0.393173
0.680867
0.395513
0.570538
0.921973
1.11544
0.300353
0.482357
0.738981
0.567098
0.82171
1.00675
0.671341
0.69542
1.12229
0.576204
1.35715
1.49948
0.473378
0.896609
1.39499
0.379704
1.5388
0.529304
1.22101
1.30916
0.767369
0.917436
0.880542
0.286206
1.35749
0.405899
1.22979
0.879689
0.578298
0.593219
0.440428
0.515679
0.655289
0.77037
0.497568
1.28759
0.5254
1.204
0.330954
0.943404
0.560022
1.26366
0.971796
0.693545
0.80111
0.602806
0.626122
0.501473
0.944678
0.917178
0.468779
1.30582
1.31753
0.76656
0.637337
0.576343
1.26548
0.702026
0.526401
0.849443
0.419799
1.25396
0.713013
0.599682
1.15605
1.30575
0.812415
0.861268
0.577243
0.466927
0.711175
0.937246
0.394884
0.864292
0.612047
1.15362
0.806688
0.345976
0.182157
1.29213
1.01964
1.40171
1.00188
0.720518
0.332042
0.999942
1.03383
0.448247
0.723892
0.887416
1.52924
0.604284
0.430502
0.953359
0.807567
1.09939
0.971614
0.628696
1.36266
0.69619
0.220815
0.782326
1.51974
1.15175
0.56099
0.44422
0.450051
0.480127
1.11499
0.6958
0.690561
0.422719
0.198611
0.483623
0.674642
0.961704
0.89969
0.586529
1.11622
0.644944
0.336013
0.768931
0.798893
0.526828
0.986331
0.529658
0.757907
0.399652
0.782656
0.686628
0.851078
1.15711
1.14548
1.11423
0.946941
0.543813
0.582813
1.31779
0.483314
1.00354
0.474013
1.07333
1.22698
0.700422
0.81937
0.500882
0.610527
0.186596
0.282765
1.18072
0.688525
1.081
0.472768
0.936319
1.40342
1.55794
0.57746
0.434568
0.802198
0.811672
0.711818
1.45257
0.252416
1.55889
0.559632
0.699698
0.751757
0.897659
0.259054
1.5622
1.48678
0.536942
0.314688
0.798761
1.10308
0.668472
1.39254
0.319268
1.14392
0.583173
0.806185
0.604041
1.21925
1.12469
0.579548
0.545696
0.382882
0.542164
1.03697
1.11386
0.114154
1.06517
0.416403
0.576419
1.12897
0.698222
1.11546
0.58702
0.51594
0.898516
0.985984
0.462526
0.819387
1.27871
1.07044
0.817212
0.741098
0.885647
0.165141
0.495785
0.601075
0.470455
1.38833
1.18604
0.905722
0.339226
0.899732
1.53489
0.653128
0.960329
0.648915
0.501131
0.356126
0.719672
0.492928
0.682343
0.834011
0.305012
0.346276
1.04091
0.627721
0.869572
0.735463
0.26463
0.735073
0.871126
0.489192
0.0968805
1.29585
0.717546
0.760198
0.707747
0.596224
0.988475
0.937538
0.748122
0.747186
0.510175
0.959358
0.725394
1.27563
0.255904
0.818504
0.744511
0.974095
0.647017
1.52944
0.987012
0.776185
1.30197
1.38006
1.04687
0.803123
1.03859
0.280892
0.31155
1.36561
0.5475
0.347513
0.601184
1.16442
1.29665
0.799831
0.483811
1.26723
0.545221
1.41739
0.671763
0.897452
0.56391
0.659539
0.764307
0.424012
0.741324
0.600609
0.688354
1.26828
1.02831
1.21133
0.473205
1.15788
0.587174
0.804488
1.38382
0.44992
0.364055
0.750585
0.896605
0.44743
0.65185
0.539282
0.409332
1.02592
1.01004
1.21401
0.486282
1.09002
0.697612
0.92275
1.30356
0.529854
0.189807
0.73219
0.673361
0.993733
1.20801
0.559488
0.697646
1.12647
0.569415
0.595072
0.35213
1.34772
1.12042
1.17903
0.702659
0.456203
1.2552
1.11918
0.710697
0.814076
0.93497
0.281869
0.728843
0.621737
0.306528
1.53793
0.65549
0.297465
0.825539
1.16795
0.891882
0.349278
0.511998
0.970715
0.540306
0.396005
0.721141
0.473007
0.591633
1.26112
0.964171
0.683803
1.03228
0.531323
0.89925
0.350231
0.434025
0.772197
1.2995
1.0404
0.751097
0.700402
1.18065
0.873783
0.556552
1.54847
0.728707
0.45217
0.989827
0.66916
0.646353
1.20898
0.545712
0.77664
0.888027
0.668803
0.986737
0.949622
0.503301
0.52991
0.745198
1.26353
1.18146
0.879671
0.371941
1.33338
0.650778
1.01396
1.12784
0.817797
0.901732
0.904703
0.828261
0.916063
0.74831
1.12306
0.238506
0.888004
0.278172
0.541538
0.719864
1.42481
1.44924
0.324552
0.563874
1.00385
0.887129
1.30357
0.818178
1.16026
1.10343
0.752751
0.604055
1.2311
0.571806
1.47861
0.569315
1.17934
0.685676
0.999687
0.51984
0.922965
0.370869
0.97229
0.986652
1.02708
0.827841
0.385842
0.997135
0.690759
0.539587
0.656837
0.530916
0.851274
0.421204
0.375629
1.07507
0.612385
0.939001
0.724829
0.332483
0.7276
1.46443
1.34649
0.973958
0.732086
1.3201
1.22162
1.40067
1.21629
0.579461
0.858554
1.32454
0.94001
0.919001
0.686253
0.821524
0.621036
0.736672
1.24847
0.509222
1.27645
0.735401
0.780398
0.315503
0.904027
1.51896
0.191881
0.89473
0.637144
0.154944
0.866033
0.597559
0.746673
1.14391
1.14955
1.53033
0.497463
1.37183
0.477462
0.839548
0.53521
0.136358
0.952684
0.351314
1.17337
0.625002
0.748369
1.1276
1.3515
0.633377
1.07898
1.0577
1.13987
0.817132
1.19525
0.340509
0.448994
1.28127
0.265056
0.867397
0.973822
1.35691
0.827021
0.953806
0.743149
1.17234
1.14018
0.293226
0.619065
0.934649
1.14649
1.23821
0.754957
0.738307
0.470806
0.504822
0.541991
0.379019
0.423916
1.06392
0.859527
1.1499
0.629781
0.541566
0.906728
1.03039
0.562633
1.04135
0.786409
1.43844
0.375987
0.626608
0.916065
0.936776
0.740273
1.06754
0.850223
1.1749
0.50315
1.0055
0.56592
0.29457
0.938022
0.770636
1.50994
0.945168
0.818913
0.585255
0.61398
0.852861
1.37841
0.772852
0.541301
0.946173
0.809816
1.47669
0.440738
1.06895
1.40233
0.920546
0.756799
0.680708
1.52565
0.913566
0.717503
1.41375
0.396281
0.979238
0.37436
0.689631
1.2381
1.10301
0.870891
0.84109
0.987991
0.250549
0.458647
1.06961
0.737414
0.498058
0.645268
0.686105
0.37476
0.649959
0.956939
1.06074
0.601488
1.47737
1.40534
1.2551
1.0203
0.712352
0.793162
0.765096
1.19703
0.561205
1.40038
0.652303
0.682175
0.157943
0.685414
0.761206
0.951392
0.38757
1.35803
0.630329
0.71631
0.400348
0.42899
0.360989
0.567801
0.343305
0.557819
1.27767
1.08657
1.03042
1.3376
1.09889
0.821564
1.25606
0.225707
1.32943
1.0354
0.871047
0.656125
0.613064
1.29578
0.900202
0.259813
1.20862
0.621347
0.351873
0.298387
0.63786
0.556714
0.578716
0.816157
0.608578
0.982085
0.689197
0.40282
0.517106
0.892252
0.326498
0.509453
1.197
1.14868
1.27721
0.879224
0.653693
0.711872
0.779301
0.855942
0.481358
0.45504
1.33357
0.701553
0.863877
1.53911
0.476869
0.363162
0.800409
1.45531
0.988196
0.839173
0.700884
0.50068
0.775269
0.42316
0.420819
0.406397
1.04354
0.251585
0.863705
1.13336
0.652428
0.784984
0.173501
0.652936
1.09422
1.21587
1.00163
0.383533
0.350004
0.578197
0.61885
1.18418
1.42759
1.35857
0.449381
1.23082
0.512812
0.436033
0.95171
1.1612
0.813842
0.960921
1.41802
0.455838
0.386406
0.399851
0.271005
0.869492
1.48922
0.544847
1.24459
0.468903
0.999641
0.207429
0.346327
1.32916
0.556679
0.922835
0.448126
0.169689
1.4774
0.855782
0.603195
0.619738
1.04282
0.321858
1.2987
0.870646
1.21958
0.336281
0.779606
0.600089
0.409873
0.787297
1.31068
0.526582
0.373529
1.52713
1.33839
1.04116
1.14549
1.52428
0.489941
0.40838
0.479011
0.537803
0.757741
0.654997
1.18649
0.507415
0.628298
0.598262
0.572254
0.130466
1.13237
0.580331
0.476771
0.65818
0.902224
0.64497
0.697217
0.543368
0.806154
0.564576
0.930274
1.13552
0.837007
0.928323
0.144769
0.413041
0.287026
0.448555
0.349245
0.520237
1.07617
0.498512
1.08012
1.34987
0.632113
0.610101
0.390691
0.912479
0.665544
1.28634
0.737965
1.1712
0.282975
1.27962
0.67565
1.40527
0.993196
1.24998
1.16606
0.705111
0.751581
0.619439
0.992824
0.920632
0.798982
0.589159
0.799303
0.635121
0.771814
0.442497
1.23029
0.727449
0.575231
0.805017
0.734256
0.806851
1.21454
0.772949
1.08543
0.544513
1.00113
0.947347
0.709143
1.41254
0.663491
0.430255
0.831825
1.12989
0.614412
1.11324
0.194725
1.13896
0.468754
0.380563
0.23925
0.806728
0.562523
1.21651
0.473662
0.900914
0.791554
0.892715
0.577198
1.07354
1.48181
1.18338
0.539452
1.20493
0.522328
0.836496
0.731983
1.07257
0.82993
0.80597
0.35146
0.411902
0.857528
0.760377
1.12124
0.637307
0.799626
1.44137
1.03698
0.927987
0.625773
0.736001
0.641719
0.381697
1.34034
1.12018
0.345051
0.923073
0.798815
1.32599
0.870368
1.55409
0.465592
0.417716
0.522555
1.12844
1.00444
1.21108
0.862504
0.725591
1.1524
1.11394
1.26858
0.802977
1.37345
0.705404
0.833717
0.813308
0.663744
1.43265
0.835516
0.905654
0.749322
1.33623
1.26587
0.212528
0.533633
0.433503
0.17935
0.566392
1.4392
1.04935
0.706192
0.250733
0.721036
1.44321
0.602799
0.371662
0.30459
0.587002
1.295
0.643362
0.855966
0.960873
0.48583
1.08777
1.09719
0.424845
0.532062
0.823319
0.625967
1.54181
0.836675
0.888207
1.0139
1.24002
0.833378
0.418959
0.435823
0.824563
1.28382
0.260594
0.469074
0.806273
0.651036
0.693567
0.926305
0.475973
0.633947
0.622347
0.965476
0.386366
1.4434
1.31289
0.502004
0.658479
1.01879
0.886468
1.06799
1.07732
0.863517
1.35958
0.48904
1.10217
0.410226
0.841086
0.460949
1.50572
1.56074
0.1635
0.52128
0.835096
0.816392
1.24483
0.61675
0.469918
1.31866
1.08461
1.44779
0.743455
0.940073
0.168423
0.994848
0.930976
1.29108
0.649598
1.45868
0.582375
1.00396
1.19979
1.21681
0.975398
0.650139
1.35465
0.77193
0.662113
1.11247
0.774684
0.84098
0.275289
1.26761
1.05375
1.00726
0.652206
0.85602
1.30398
0.363684
0.347477
0.449786
1.24367
0.967231
0.50739
0.497456
0.384006
0.906662
1.24385
0.94866
0.88412
