0.18065
0.980924
0.845401
0.973319
0.417907
0.792153
1.17403
0.831915
0.697382
1.29576
1.28379
0.712782
0.276481
0.604826
0.606329
1.41054
0.958193
1.30607
0.603927
0.591645
0.587066
0.782249
0.802423
1.06309
0.646897
1.15083
1.15149
0.800061
1.21022
1.10849
0.94366
0.357788
0.733363
1.1727
0.604018
0.634724
1.088
0.85525
1.31558
1.13664
0.871427
0.849075
1.02179
0.861224
0.740919
0.904746
0.790863
1.26437
1.16182
0.703954
0.826105
0.847266
1.18491
0.901405
0.510892
1.06745
1.11114
0.894662
0.891321
0.682754
0.376019
0.401552
0.540486
0.732351
0.320841
0.382582
1.28533
1.25118
0.639502
1.00829
1.10674
1.1868
0.890478
0.653158
0.552999
1.04663
0.524967
0.707214
0.284492
0.905253
1.56617
1.26491
0.838827
0.810615
0.383632
1.27747
1.04588
0.677357
0.911455
0.908654
0.728543
0.686283
0.767781
0.649398
0.711861
1.12316
0.919188
0.794042
0.629036
0.923161
0.683891
0.732064
0.348441
0.797775
0.87428
0.407533
0.825871
0.498096
0.637418
1.5247
0.910884
1.02832
0.838733
0.433913
0.530776
0.697656
0.798757
1.37585
0.639494
1.03435
0.729828
0.64519
0.816487
1.09642
0.3214
1.13716
0.796792
1.35766
0.48621
1.09704
1.35402
1.18261
1.03394
1.16715
1.12234
1.17805
1.14816
0.670141
0.822085
0.999002
0.311091
0.555974
0.698151
0.886522
0.649778
0.915497
1.07279
1.125
1.56413
0.879322
1.52315
0.779017
1.25086
1.23169
0.228395
0.474335
1.53313
1.46648
0.853575
0.841104
0.253505
0.32778
0.719524
1.07657
0.600764
1.18369
1.21771
0.71859
1.06702
1.18566
0.35959
0.292395
0.911821
0.641066
0.836069
1.20808
1.07061
1.3167
0.554649
0.972712
0.240916
0.640354
1.12792
1.26675
0.939636
0.262071
1.28835
0.748544
1.34275
1.45861
0.164701
0.81824
0.574258
1.19153
1.49749
0.495893
0.726375
0.650763
1.57009
0.947666
0.629965
1.34121
1.04395
0.559303
1.20928
0.930001
0.843292
0.476654
0.753428
1.40011
1.01926
1.55652
0.736553
0.935533
1.51786
0.965135
0.54824
1.08162
0.743534
0.971085
1.21257
1.21751
0.794639
0.711564
0.402158
0.616077
0.620311
0.91849
0.279165
1.50843
1.19638
0.55681
0.931552
0.971101
1.08026
1.03211
0.870767
1.39468
1.18962
0.495058
1.02203
0.599636
0.922742
1.28287
0.802631
1.41637
0.407647
0.990101
0.656941
1.35409
0.684085
0.710008
1.02447
1.49227
0.764321
1.24432
0.516369
0.777921
0.924448
0.989273
1.11949
0.409964
0.226895
0.524593
0.87784
1.5631
1.54865
0.526851
0.890167
0.635126
1.00251
0.591035
0.886356
1.41039
0.532952
1.51131
1.534
0.496326
0.54917
0.746961
1.10943
0.248523
0.373223
1.21562
1.42389
1.09631
0.781112
0.498018
1.23903
0.286715
0.534938
0.983805
0.930623
1.27894
1.0574
1.29799
0.634026
1.00964
1.55856
0.668529
1.52899
0.106012
0.96649
0.475948
1.07798
0.958077
0.4045
0.719173
1.06921
1.43432
0.764234
0.602543
0.468127
0.614194
0.908543
1.22919
0.640085
1.1023
1.41248
0.214647
0.199181
0.795193
0.929743
0.933053
0.701249
0.831111
1.40272
0.621631
0.979111
0.525744
1.10303
1.25999
1.51087
1.15537
0.777586
0.831871
0.675681
0.985544
1.44415
0.56294
0.502549
0.560077
0.893071
0.33051
0.289713
1.51847
1.47723
1.49719
1.30996
0.533572
0.751095
0.797578
0.495038
0.951691
0.575385
1.34892
0.663778
0.867678
0.681993
0.712125
1.07959
0.486103
0.535346
0.645184
0.747574
0.399791
0.721377
0.739953
1.04006
0.529831
1.35194
0.807515
0.816884
0.382522
1.2018
0.812127
1.08564
0.985111
0.935221
0.773319
0.721468
0.798299
0.325983
0.938013
0.981807
0.605373
1.06721
1.11644
1.49293
1.46921
0.927949
1.53657
0.631509
0.456572
0.81993
0.825841
0.789818
1.15135
0.164878
1.18825
1.1519
0.975596
0.515571
0.764857
0.982381
0.520972
1.54659
0.93241
0.444085
0.804956
1.45334
1.00232
1.48145
0.970601
0.419332
0.514221
1.19851
0.373486
0.719576
0.763672
1.19649
0.52659
1.15573
1.55978
0.862725
0.682344
0.651549
0.83433
1.52463
0.904773
0.872628
0.29135
0.574206
0.703518
1.25059
1.53339
1.1652
1.41068
0.830702
1.10042
0.260072
0.890975
1.22505
0.348556
1.0718
0.543941
0.707883
0.806376
0.727597
0.942457
0.635197
0.611121
0.704248
1.48136
1.19541
0.831148
1.44624
0.944804
1.26297
1.22762
0.533669
0.211581
0.914834
1.52936
1.43725
0.624442
0.957633
0.952033
0.652912
0.909554
1.23191
0.807351
1.11869
1.45995
0.359795
1.22601
1.55145
0.880089
1.50836
1.55006
1.13279
0.265745
0.420285
0.951087
0.657061
0.353818
1.54906
1.43366
0.734521
0.710543
1.13682
0.824024
0.906088
0.660009
0.986435
0.355064
0.868533
0.490023
0.713672
0.79873
0.97814
0.954247
0.720802
0.614069
0.937498
0.670683
0.714316
1.0026
0.76072
1.51112
0.641007
0.603064
0.744136
0.596768
1.09586
0.494269
0.71249
1.04779
0.757529
1.16715
0.818862
1.08509
0.454623
0.689635
0.566839
0.268096
1.51216
0.709727
1.09064
1.27498
0.582729
0.283427
1.03132
1.07625
0.650454
0.337088
0.559838
0.741653
1.17107
0.421714
0.662156
0.793396
1.08671
0.749798
0.900887
0.303123
1.54241
1.13317
0.959451
1.51889
0.191196
0.598279
0.795662
1.06457
0.665912
0.600944
0.581171
0.544002
1.2004
0.904222
0.583926
1.08539
1.20845
1.05031
0.992892
0.804005
0.950198
1.27618
0.712965
0.606399
0.765537
0.605131
0.773317
0.539669
0.98001
1.13656
1.37701
0.84768
0.971657
1.00656
0.936445
1.1016
0.178433
0.735941
0.402573
0.423919
0.874115
0.317789
0.606781
0.691762
1.03214
1.39115
1.53449
0.837894
1.18539
0.875441
1.07242
1.17769
1.08107
0.906341
0.917033
0.364087
0.252596
0.474593
0.900625
0.824631
0.613068
1.47938
0.873957
0.608065
0.810059
1.50898
0.966268
0.566056
1.42275
0.171819
0.660191
0.398964
0.92288
0.816605
1.05231
0.690868
0.891253
0.530377
1.20388
0.639808
0.490988
0.306295
1.21337
1.12202
0.478383
0.747001
1.47892
0.643525
0.678624
0.479339
0.0779011
0.31445
0.504922
1.00953
0.94538
0.398735
0.625056
0.869908
1.19077
0.712544
0.586537
0.747662
1.51535
0.352347
1.33821
0.998419
0.390067
1.09636
0.645587
0.843513
1.40077
0.332689
1.20728
0.706933
0.365572
0.88741
1.0796
0.614886
1.15056
0.443145
0.884153
1.47702
0.539837
0.980232
1.24178
0.780854
1.18799
0.517584
1.03064
0.99809
1.09624
0.835072
0.968399
1.0725
1.06178
0.988151
1.19871
0.347763
1.01473
1.09797
1.29843
1.04113
1.14511
0.856575
0.823842
1.33496
0.583547
1.44719
1.17215
0.562989
1.1269
0.915556
1.04657
0.661789
0.886968
0.377052
0.366801
0.584173
1.54578
0.272295
0.899828
0.619475
0.383371
0.756162
0.594824
0.583112
0.794248
0.666087
0.348635
0.507571
0.993444
0.580384
0.700711
0.380587
0.509103
1.24194
1.3208
1.31688
0.644354
1.45675
0.767055
0.922286
1.09149
0.33703
0.301324
0.612074
0.51673
1.0116
1.22791
1.05996
0.619635
0.433493
0.451477
0.690823
1.2216
0.679689
0.721413
0.693198
0.799028
0.844004
1.44688
0.400864
0.827719
1.50736
0.860198
0.642741
0.963213
1.09133
0.596837
1.15316
0.53894
1.53436
1.27473
0.665058
0.82442
0.772956
0.587399
0.36573
0.696389
0.088768
1.45427
0.924851
1.29067
1.27512
0.821218
0.574859
0.605284
0.457605
0.869954
1.19595
0.858765
0.662939
1.29187
0.464063
0.845422
0.850339
1.05118
0.83939
0.19383
1.27603
0.603596
1.12242
0.601132
0.894803
0.862281
1.28526
1.39247
0.5562
0.749665
0.378198
1.12231
0.997405
0.222573
1.12992
0.551465
0.938073
0.617817
0.659001
0.689349
1.10506
1.0114
0.99603
0.317813
0.836659
0.411465
1.30184
0.497421
0.206305
0.782999
0.880892
1.1361
1.36711
1.42245
1.29995
0.552529
0.654443
0.659667
1.20908
1.56766
0.836746
0.941211
0.675892
0.602212
1.19217
0.66944
1.07309
1.22967
0.677625
1.15962
1.40126
0.447886
0.537058
0.467704
1.41408
0.382793
1.0035
1.41288
0.825965
0.365609
0.335769
1.20318
1.13433
0.762574
0.533755
0.819437
0.734542
0.653138
0.545514
1.42322
1.07909
0.875039
0.766583
0.971846
1.04069
1.03264
1.29807
0.658707
0.405043
1.40477
0.261525
0.634766
1.1615
1.25154
1.06924
1.20692
1.02642
0.321121
0.89821
1.33179
1.45189
0.756445
0.305128
1.13785
0.45441
1.27223
1.22678
1.26607
1.12899
0.910015
1.19512
0.781309
1.2459
0.525745
1.21812
1.03444
0.392773
0.448012
0.457848
1.00874
0.40402
1.17805
1.42288
0.497502
0.8699
1.20747
0.639673
0.36912
0.711644
0.860317
0.962323
0.908824
1.28226
0.579315
0.594871
0.836321
1.015
0.292289
1.47825
0.992457
0.489175
0.54297
1.56938
0.659821
1.30472
0.502704
0.729009
1.16516
0.240844
0.713694
0.620995
1.55889
1.22461
0.277676
1.20311
0.865727
0.475816
0.502882
1.49568
1.47555
0.970956
1.06962
1.42676
1.11317
1.12644
0.791929
0.827562
1.28359
0.621521
1.43613
0.866647
0.587886
0.450243
0.735466
0.330661
1.48893
1.14493
0.942811
0.832014
1.44615
0.642851
0.549938
0.58441
0.481803
1.02761
0.218906
1.51841
1.41943
0.627356
0.629011
1.44242
0.22666
0.525147
0.174335
1.24883
1.09463
0.658753
1.236
0.456198
0.380791
0.357175
1.52247
0.771804
1.01819
0.811191
1.09527
0.659062
0.406655
0.780269
1.18954
1.03586
1.5181
0.339589
0.395525
0.809413
0.430935
0.69022
1.32134
1.52497
0.95712
0.626602
1.50466
0.797996
0.422829
0.721964
0.972707
1.08907
0.896731
1.26009
0.922157
0.943237
0.213652
0.39108
1.21746
0.868526
0.766935
1.41454
1.03502
1.23537
0.780855
1.23178
0.159017
0.929102
0.649654
1.2263
1.13024
1.24905
1.31951
0.792248
0.467238
1.03851
0.89987
0.764074
1.02405
1.09755
0.567965
0.681832
1.10383
0.518614
0.573077
0.420935
0.689469
1.18155
1.33531
0.891063
1.35336
0.840834
1.28391
0.492562
1.19712
1.21243
0.773346
0.8527
1.37424
1.08902
0.590253
1.47102
0.814318
0.886116
0.352369
1.5519
0.893496
0.536649
0.741959
0.958923
1.05107
1.4635
0.967649
1.12629
1.32968
0.44813
0.291213
0.643982
0.873363
0.37635
0.287084
0.879918
0.415936
0.47207
1.22804
0.445593
0.766559
0.288473
1.37748
1.04468
0.706691
1.41203
0.639014
0.405374
1.31007
1.22489
0.648984
0.879094
0.847453
0.374242
0.448815
1.09122
0.529171
0.85668
1.51235
0.90453
0.60707
0.424219
0.825109
0.613531
0.212724
1.24065
1.44471
1.1804
0.508344
0.820073
0.721355
0.695412
0.825916
0.591055
0.832899
0.890249
1.45409
0.558981
1.26933
0.903082
1.18622
0.783096
0.687689
0.990664
0.68061
0.940089
0.643643
0.545197
0.671791
0.775687
1.37725
0.431588
1.49908
1.51359
0.788991
0.872673
1.45624
0.551228
1.06003
0.703527
1.4501
0.547047
0.625805
0.903027
0.662961
1.53038
1.37299
0.783106
0.189921
0.850186
0.780532
0.402354
0.415761
0.480861
1.13241
1.13008
0.335093
0.382396
0.525603
0.904659
0.941892
0.797111
1.1404
1.01468
1.12045
1.0053
0.508835
0.509912
0.615507
0.368234
0.996512
0.78772
0.522474
1.17173
0.85619
0.738942
0.942685
0.736111
1.10459
1.31734
0.467017
0.247665
0.387629
0.200018
1.21386
1.10724
0.580316
0.964622
0.776289
1.10645
0.25624
0.0885881
0.364991
1.06586
0.58287
0.733821
0.892645
1.2833
0.716464
0.451422
0.769973
1.41113
0.896348
0.867999
1.18426
0.65192
0.483028
0.92675
0.392061
0.900127
1.5684
1.07991
0.87735
0.978479
1.48931
1.4668
1.11326
0.913776
1.40843
0.197015
1.4963
0.48955
0.887738
0.672955
0.381939
0.947148
0.45741
0.573957
0.426046
0.792013
0.77589
0.989188
0.798341
0.738235
0.820026
1.26791
0.336312
1.05664
0.476006
1.14367
0.797132
1.02977
0.962922
0.888939
0.757293
0.181325
0.712243
1.12604
1.12333
0.434954
0.827451
0.954062
1.10557
0.979482
0.922407
0.411511
0.938499
1.12095
0.791474
0.654502
0.862021
0.799408
0.618761
1.01201
0.591605
1.07868
0.333397
1.21878
1.0431
0.433531
0.812506
0.989648
0.88884
1.22397
1.27637
0.243069
1.03666
0.333686
0.601799
0.679468
0.845463
0.971924
0.864511
1.01444
0.751737
0.979608
1.05141
0.865763
0.703585
0.282069
0.962165
1.26586
0.148035
0.731063
1.0445
1.35772
0.460773
1.37938
1.31013
0.138117
0.440887
1.42288
0.672404
0.972711
0.610939
1.05643
0.890188
1.01026
1.09084
0.821197
0.819142
0.544213
0.902426
0.400445
1.35531
0.711906
1.20565
1.15794
0.967722
1.08275
1.02417
0.821608
0.885267
1.04539
0.547326
0.40081
0.717306
0.465103
0.867274
1.42319
0.393351
0.468961
0.553913
0.625172
0.760662
1.55872
0.213759
0.835296
0.666999
0.726277
1.05231
0.745072
1.06527
1.09505
1.46545
0.49523
0.746344
1.01066
1.13461
0.529006
0.975002
0.771385
1.14684
1.0888
0.4314
0.927001
1.11178
0.887835
0.392833
1.023
0.901651
0.389842
0.49848
1.47821
1.2935
0.6717
0.869363
1.51756
0.902297
1.44956
0.454413
1.06005
1.35483
0.676744
0.515773
1.04309
0.524615
0.56584
1.09523
0.445012
0.963114
0.716768
0.690817
0.381308
0.889481
0.533541
0.549872
0.321057
0.986456
0.788777
1.15261
0.787711
1.00322
1.45574
1.2865
0.995208
0.694827
0.663949
0.552116
1.21745
0.65879
1.1799
0.968705
1.52914
0.858891
0.390237
0.841134
1.40881
0.869783
0.590164
0.348214
0.715722
0.537347
1.03571
0.542334
0.754516
0.801355
0.837651
0.391326
1.1174
1.12578
0.782402
0.619821
1.38149
0.323496
0.59295
0.414471
1.24535
1.02848
1.23954
1.45237
0.560421
0.836366
0.411767
0.666396
0.998712
0.766262
0.706695
0.770716
1.44177
0.72484
0.717036
0.978326
1.44617
1.27791
1.29235
0.45385
0.522817
0.510312
0.742234
0.987646
1.40713
0.560676
0.561251
0.891765
0.645917
0.583955
0.822084
0.679283
0.882006
0.105286
0.941143
0.271287
0.721372
0.625806
0.810181
1.18692
1.23635
0.791914
0.532407
0.734762
1.37366
1.36664
0.804009
1.07346
1.17292
0.483409
0.680811
1.36028
1.17607
0.589875
0.482069
0.221103
0.483236
1.3554
1.29635
0.536496
0.964217
1.38297
1.48937
0.248784
1.48944
1.31477
0.622755
0.608372
0.548414
0.297853
0.846435
1.18276
0.958584
1.19411
1.10745
0.615206
0.901133
0.535203
1.28619
1.31324
1.02612
0.352767
0.671092
0.649472
0.731723
0.897454
1.22685
1.16221
0.396548
0.634954
0.803736
1.30555
0.8956
0.493265
1.09234
1.1078
0.627296
0.753652
0.68934
0.327141
0.763205
1.41172
1.48325
1.16434
0.657513
0.971397
1.33295
0.72703
0.924356
0.81284
0.398765
1.03556
1.19336
1.04933
0.360116
0.961727
0.829473
0.719219
0.49791
1.10636
0.997249
0.961265
1.00925
0.88791
0.608305
0.479196
0.914071
1.09036
0.807978
0.355648
0.409989
1.17741
0.979884
1.21972
1.4467
0.926913
1.40961
1.04284
1.20759
0.499262
0.688943
0.941008
0.632476
1.03175
1.07007
0.963191
0.730768
0.232281
0.265406
0.46476
1.36552
1.15226
0.679933
0.968806
0.660623
0.597463
0.821442
0.507056
1.01646
1.09952
0.345497
1.04298
0.452012
0.813713
1.21414
1.03499
1.09782
0.864935
0.653274
0.333977
0.492302
0.733642
1.3184
0.533105
0.489399
1.4941
0.582078
1.49858
1.05738
0.861745
0.929919
0.997065
0.939974
0.351577
0.876305
1.06541
0.408348
0.867941
0.657056
0.821334
0.503491
0.340084
1.32527
0.752707
1.37051
0.716643
0.913383
0.827172
0.78022
1.39474
0.703908
1.0534
0.832641
0.795052
1.06753
0.645446
0.749888
0.655803
0.558314
0.336895
0.947266
0.893384
1.30806
0.843717
1.06398
0.760986
0.425062
0.877824
0.716476
1.00843
0.991984
1.31276
0.669693
0.666275
0.241935
1.18177
1.47551
0.858169
0.869583
0.215295
0.981185
0.5828
1.00768
0.557272
1.03461
0.561348
0.763696
0.276423
0.896233
0.972763
0.579112
0.167097
0.445428
1.06397
0.568317
1.37466
1.10956
1.0695
1.1232
1.24432
0.478073
0.452615
0.580298
0.900632
1.33624
1.45591
0.27465
0.640841
0.775377
0.96787
0.530731
0.517816
0.329151
1.548
1.56904
1.06865
0.871852
0.922882
0.84079
0.526896
0.969026
0.3867
1.33359
0.876073
0.421085
0.581992
0.397557
0.346279
1.49847
0.770325
0.380651
0.79145
1.07898
1.13487
0.411398
0.6644
0.772615
0.599765
0.950632
0.269267
0.812467
0.782411
0.751102
0.905833
0.924902
0.753771
1.17479
0.285654
0.809338
1.04001
0.45445
0.747881
0.773501
1.46633
1.24501
0.560687
0.686157
0.494188
0.614717
0.793763
1.51799
1.30623
0.670993
0.779191
0.854902
1.18894
0.199345
1.3584
0.672502
1.06387
1.39691
1.01617
0.740747
0.267631
0.707547
0.569243
1.25666
0.389586
1.0154
0.760832
1.38685
0.792991
1.0843
0.586215
1.03539
0.768287
0.958808
0.454928
0.903922
0.504438
0.95986
0.699299
1.47284
1.09033
0.669589
0.748584
0.734183
0.953625
0.535436
0.766934
0.96916
0.439071
0.971894
0.803272
0.822373
0.623322
0.508736
1.00248
0.563153
0.505861
0.486738
1.06919
0.613698
1.00606
0.731716
0.721735
0.666958
0.512841
1.56117
1.23746
0.579806
0.534446
0.76536
1.22517
1.27832
0.976851
1.08449
0.380686
1.37472
0.99304
0.657119
0.686801
0.702279
1.50294
0.511311
0.819251
1.09406
0.304176
1.43028
0.482983
1.40252
0.507916
0.926675
0.793098
0.702502
1.4372
1.32647
1.50876
0.489871
1.21135
0.614841
0.735472
0.909222
0.376325
0.796447
1.2894
0.818842
0.617902
0.602345
1.4683
1.31871
1.12582
1.45033
0.871361
1.20064
1.55443
0.803251
0.166174
1.00972
0.979715
0.761376
0.629013
1.03253
0.368249
0.696352
0.914612
0.855047
1.16986
0.624839
0.791065
0.983227
0.757239
0.667196
0.105265
0.473784
0.74076
1.45026
0.701792
0.672629
0.486136
1.29543
0.663345
1.53663
0.371942
1.2382
0.728312
1.02396
0.830702
0.723427
1.31286
0.735927
0.482573
0.610936
1.47309
1.37167
0.440642
0.867317
0.906735
0.703363
0.712164
1.56136
1.02581
1.08408
0.926447
1.34727
1.20648
0.700202
1.44628
1.05175
0.707937
1.14161
1.18109
0.663618
1.03804
1.52635
1.36833
0.62625
0.4729
1.53166
1.06814
0.671694
0.555347
1.06156
1.32017
1.39138
0.726491
1.02671
1.08826
0.260828
0.877595
1.06943
0.955381
0.925684
1.209
0.372532
0.692831
0.594608
0.797214
0.954437
1.28712
0.358252
0.53163
1.24972
1.1277
0.428677
0.617005
0.46169
1.37376
1.35462
0.338808
0.791316
0.760617
1.45249
0.823578
0.787862
0.642168
1.08323
0.269893
0.408695
0.970921
0.573234
0.997043
0.532803
0.400044
1.01039
0.178865
1.27172
0.386935
0.999246
0.420178
0.96524
1.23032
0.743094
0.431296
0.64613
0.862929
0.861029
0.395768
0.690591
0.719144
0.569812
1.32486
0.682815
0.506288
0.325642
0.920764
1.14177
0.402569
0.620345
0.617496
0.68141
1.37683
0.449878
0.909324
1.10185
1.02835
1.3285
0.62352
1.23356
0.671007
1.11347
1.37655
0.71206
0.737963
0.804071
1.22755
1.28547
0.7908
1.41676
0.720341
0.835771
1.26902
0.868016
0.31019
1.03176
0.459968
0.741424
1.01953
0.90389
0.677854
0.834396
0.769932
0.537479
1.12456
0.745013
0.577367
0.693884
0.816704
1.03559
0.513898
0.157549
0.65051
0.563049
0.56198
0.739679
0.829723
0.687784
1.01371
0.814782
0.893371
0.745076
1.12136
1.40632
0.32746
0.626903
0.865326
1.18151
0.753496
0.917132
0.615363
0.758348
0.704671
1.03327
0.85465
0.996706
1.00618
0.824705
1.25177
0.780366
1.27217
1.37822
0.918934
0.556856
0.92714
1.31749
1.20757
1.37593
0.419308
1.13469
1.19914
0.83139
0.959263
0.926513
0.718471
1.02825
0.416485
0.310209
1.00624
0.997933
0.235829
0.719056
1.31111
0.415937
0.807434
0.84774
1.53934
0.508336
1.35322
0.549947
0.760855
0.559906
0.890838
0.73356
0.953589
1.22677
1.47818
0.85059
1.15982
0.772027
1.32729
0.688372
0.621236
0.844396
0.468321
0.637306
0.701221
1.15064
0.291075
0.769919
0.572963
0.886414
1.00493
1.08173
0.643694
0.659903
1.04503
0.225994
0.675991
1.00712
0.982807
0.331145
0.887518
0.700235
0.675404
1.05966
1.03928
0.609677
1.50339
1.2842
0.794104
1.12232
0.752503
1.26546
0.575509
1.40686
0.755315
1.42834
1.55794
1.30934
0.474927
1.31466
1.23306
1.26528
1.20445
1.39396
0.817019
1.20232
0.635216
0.708199
0.96531
0.470144
0.144723
0.958402
0.679466
1.22236
0.977575
0.611632
1.52339
0.780799
0.675255
1.1114
1.1314
1.43088
0.85954
0.999793
0.609988
1.12658
0.347985
0.401886
0.422359
1.35421
0.823819
0.527392
1.54467
0.968455
0.979207
0.667282
1.03191
0.850471
0.898123
1.42426
1.07532
0.70091
0.764133
0.81685
1.05157
1.23761
0.86771
0.552067
1.36424
0.454194
0.750506
1.26073
0.74553
1.04618
0.577964
1.55505
0.926713
0.721104
0.41763
1.55851
1.11506
0.757831
0.894644
0.771129
0.589946
0.955349
0.846414
0.538901
0.830232
1.22005
0.649503
1.53476
0.568156
1.53087
0.915973
0.983883
0.409399
1.48401
1.07752
0.856612
0.53881
0.833545
1.10246
0.226556
0.782412
1.01267
0.742226
1.11602
0.582267
0.87777
0.809656
0.164017
0.626457
0.991955
1.54769
1.11622
0.741913
0.677844
1.51185
0.581822
0.71682
0.120776
0.940048
0.6296
0.886961
0.784424
0.788107
1.13018
0.777442
0.633708
0.818728
0.227047
1.15301
1.18096
0.571276
0.440424
1.10135
0.427746
0.436906
0.61692
0.750025
0.546465
0.560768
1.49776
0.564248
0.933532
0.349637
0.316043
0.49915
0.779241
0.786486
1.15217
0.431793
0.778402
1.16958
0.696679
0.379964
1.0674
0.697998
0.676798
0.69862
0.985078
0.838005
1.19727
0.709335
0.944934
0.58804
0.417835
0.639508
0.182285
0.82906
1.53212
1.19909
1.41979
0.943214
0.385397
0.97333
0.291303
0.690024
0.449315
1.00642
0.250063
1.53785
0.957025
1.06791
1.1806
0.694028
0.872503
0.817509
0.312732
0.829821
1.33738
0.930555
0.854617
0.894424
0.998145
1.32943
1.54604
0.591641
1.12142
1.50088
0.16808
0.839806
0.608912
1.05167
1.25336
0.391776
0.617519
1.46876
1.01878
1.5069
0.665204
0.474376
0.86987
0.743181
0.546651
0.894188
0.301936
0.837503
0.58725
0.809198
1.13659
1.22562
0.4069
1.46395
1.18035
0.707696
0.850376
1.0262
1.36363
1.33447
1.05257
0.336652
0.895339
0.775603
1.11662
0.672603
0.38332
0.436619
0.711395
0.621225
0.777185
0.715575
0.601845
1.11893
1.2296
0.555908
0.324861
0.573846
1.03804
0.742729
1.42173
1.41566
0.99036
1.40111
1.12429
1.0603
0.638123
0.838731
1.0211
0.531918
0.937793
1.43411
0.415285
1.01756
0.890312
1.40939
0.739814
0.845385
0.996276
0.689574
0.739977
1.57045
0.67672
0.621909
0.995102
0.362929
0.889485
1.08522
0.693712
1.45656
0.630286
1.55523
1.04237
0.653157
0.830616
0.998491
0.818788
0.735147
0.331502
0.718995
1.34794
0.801754
0.646552
0.714186
0.603309
1.1731
1.27662
1.48466
1.27749
1.36588
0.388287
1.34676
0.795871
1.22839
0.369945
0.676632
0.538079
0.828703
1.47045
0.549975
0.769248
0.604257
0.552944
1.20763
0.863694
0.903353
1.06902
1.07483
1.06662
1.05263
1.10192
1.41722
0.28065
0.970376
1.39968
1.03489
0.48718
0.286086
1.22261
1.33072
0.475675
1.24761
1.14286
1.34054
0.322087
1.11008
0.864871
0.623668
1.18782
1.36547
0.61725
0.908198
0.223565
0.469163
1.11785
0.505592
1.43165
1.2055
0.586903
0.940535
0.401564
0.666643
0.682343
0.872773
0.397043
0.69178
0.975247
1.23816
1.08745
0.477833
0.765845
0.795047
0.70703
0.844576
1.20965
0.970408
0.488523
0.743757
1.45538
0.756465
0.849322
0.553074
0.89161
0.781073
0.819873
1.08877
0.602832
1.24768
0.595164
0.460004
0.443982
0.826864
0.486847
0.613042
0.969552
0.901789
0.617476
0.695244
0.860755
0.505327
0.868317
1.44346
0.187937
0.659487
0.965504
0.649348
1.09974
0.56678
1.36004
0.667226
0.187354
0.683895
0.793853
0.89597
0.89137
1.22609
1.02078
1.34834
0.362061
0.82524
1.16943
0.967722
0.676154
0.896565
0.91815
1.03438
0.763626
0.581961
1.3663
0.766187
0.968518
0.43839
1.23658
0.828168
0.446864
0.823159
0.934307
1.48354
1.1907
0.783109
0.33025
0.426645
0.484299
1.16984
1.27641
1.21941
0.257698
0.533565
1.13387
0.77172
0.696974
1.47223
0.760534
1.05265
1.27797
1.52606
0.890042
0.297914
0.976898
0.863968
0.80053
1.25375
1.10735
0.721709
1.02165
0.434256
1.3152
0.906249
0.932344
0.269139
0.834962
0.972093
1.01107
0.537469
1.17838
0.378357
1.0867
1.02786
0.836262
0.657995
0.66906
0.530135
0.711956
1.07115
1.18079
0.583253
0.522662
0.621557
0.555426
0.514187
0.985339
0.565686
0.835636
0.302221
1.14092
0.439174
0.8941
0.853483
0.266544
1.32749
0.555937
1.36515
0.912509
0.480472
1.01406
0.677121
0.365264
0.844158
1.0973
0.56986
0.500797
1.42049
0.723522
1.13537
1.45406
0.954806
0.589012
1.49557
0.968604
0.646324
1.0397
1.11656
0.723207
0.698412
0.691552
0.436587
0.735257
0.586939
0.914292
0.566967
0.34747
0.737975
1.23177
0.825166
0.514389
1.53142
1.00059
0.46513
0.228839
0.168718
0.985884
1.44556
1.45659
1.0624
0.549598
0.588323
0.702749
0.703501
0.989957
1.10266
0.851127
0.949445
0.730013
0.5308
1.09421
0.703021
0.904487
0.704693
0.695747
1.39165
0.59421
0.734942
0.970309
0.377379
1.11692
0.64423
0.672744
1.05551
1.27583
0.753059
0.974479
1.22506
1.13817
1.18271
0.900951
1.56226
1.52862
1.13055
1.34302
0.772446
1.01485
0.966911
1.09298
1.34277
0.650829
0.331319
0.981689
0.831951
0.78249
1.42719
1.01763
1.03976
0.275763
0.97613
0.961948
0.617321
0.380165
0.62552
1.50215
1.03226
1.0965
0.828871
0.487518
0.619562
0.520385
0.780453
0.753145
1.12096
1.11005
1.40842
0.592819
0.439752
0.909587
1.1544
0.710576
0.682707
0.927951
0.764992
1.25642
0.947414
0.242909
1.02726
0.769103
0.953567
0.537572
1.10426
0.925192
0.786316
0.450432
0.684381
0.292619
0.772574
0.616483
0.691959
0.649882
0.522971
1.4914
1.20447
0.974674
0.715515
0.686914
0.619965
0.46751
0.768939
0.92747
0.976231
1.01648
0.279656
0.675535
0.970821
1.47685
0.471339
0.487856
1.02482
0.774412
0.964853
0.476337
0.624459
1.05409
0.682844
1.32281
1.17442
1.33783
0.215386
0.73408
0.352441
1.03714
0.58289
1.04927
1.22436
1.16775
1.24182
0.260238
1.20762
1.47686
0.434786
0.6541
1.07752
1.12086
0.657436
1.34272
1.17428
1.20471
1.02158
1.43969
1.23404
0.776865
0.291089
0.934099
0.924415
0.743377
0.829748
1.01177
0.65961
1.32162
0.523878
1.50701
0.893482
1.2625
0.60536
0.846955
0.235975
0.996491
0.129394
1.37514
0.412444
0.92841
0.82539
1.01285
1.28736
0.437126
0.379181
0.974795
0.601595
0.77634
0.909957
0.409114
1.03457
0.432692
0.588928
1.3052
0.355404
1.25016
0.390541
0.910561
1.23746
0.520238
0.700181
0.417884
1.3746
0.79474
0.347785
1.1479
0.539006
1.34666
0.701669
0.879593
0.963229
0.841182
0.623755
0.501518
1.45826
0.872092
0.867536
0.475113
1.42166
0.620138
0.517713
0.830144
0.861403
0.659934
1.02515
0.91957
0.39064
1.53783
0.700495
0.335577
0.681898
1.10489
1.23849
1.26295
0.831439
1.20358
1.01814
0.700365
0.659929
0.858291
0.739344
1.22468
0.128265
0.8279
1.15101
0.681513
0.663677
1.12045
1.04393
0.775207
0.901193
1.19549
0.633745
0.804378
0.696155
0.698845
1.04556
0.542454
0.96699
1.3253
1.10051
1.42364
0.401982
1.37512
1.05455
0.575761
0.857231
0.81997
0.871887
0.524088
0.814264
0.387495
0.19851
1.36829
1.24698
0.626685
0.996497
1.0781
1.37233
0.86165
0.352855
0.439784
1.47742
0.868522
1.55169
1.31125
0.831708
1.4421
1.08648
0.939525
1.32856
0.846926
0.783897
1.09158
0.56608
0.611069
0.530935
1.02385
1.29426
0.83193
0.757298
0.965515
1.11768
0.578855
1.30533
0.890915
1.53846
0.350599
0.346323
1.25283
0.704726
0.57669
0.830282
1.10186
1.35741
1.28774
1.56214
1.34858
1.09494
1.2031
0.444778
1.20371
1.37533
0.451918
1.51846
1.37622
1.01438
0.650847
0.644423
1.32058
1.41602
0.732567
0.899202
1.00063
0.787602
0.309305
1.14942
1.27238
0.641792
1.56117
0.909313
0.457783
0.894347
0.669269
1.04683
0.532525
0.773886
0.280945
0.710937
0.85984
0.444438
1.21684
0.957314
1.17065
1.49042
0.783157
0.522263
1.07603
0.766429
0.733064
1.10475
0.416692
0.529375
0.27884
1.46905
1.00523
1.24751
0.646382
0.48023
0.258843
1.43326
1.16879
0.814665
0.455221
0.763663
0.894169
1.31755
0.794402
0.735566
0.722786
0.752858
0.257987
1.14037
0.606874
0.578956
1.07702
0.90687
0.468583
0.142805
0.831922
0.843891
1.44609
0.515692
0.641235
0.47171
0.463201
1.12946
0.642738
1.48041
0.992688
0.395101
0.464294
0.386431
1.00875
1.0114
0.659867
1.01483
1.1678
0.790331
0.478156
1.06453
1.53745
0.417639
1.12488
0.502891
1.45892
0.406145
1.03579
0.557424
0.841883
0.537258
0.79264
1.06836
1.44517
0.314954
0.890732
0.904643
0.302641
0.968057
0.771789
0.610421
0.501137
0.783243
1.37797
0.12058
1.55467
0.542093
1.14332
1.00705
0.597764
1.16257
0.477292
0.892059
1.48582
1.18597
0.997237
0.436018
1.32645
0.885256
0.647927
0.889212
1.08908
0.718679
0.748259
1.30022
0.930069
0.63409
1.23281
0.806358
1.04047
0.403888
0.594996
0.744548
0.730903
1.50739
1.28058
0.884488
1.01797
1.53448
0.599742
1.10193
1.2733
0.817894
1.10806
0.665351
1.5545
1.07106
0.996239
1.0132
0.585735
1.03379
1.26189
0.30869
0.361825
0.974688
0.484995
1.54048
0.755713
0.990109
1.04454
0.848504
0.996766
0.906801
0.910943
0.487688
0.949053
0.953015
0.471838
0.961226
1.17298
1.38825
0.977745
1.04189
1.20274
0.332517
0.362009
0.358742
0.523203
0.778243
1.31608
0.972348
0.870559
1.52743
1.38002
0.858179
0.56951
1.20229
0.442983
0.705935
1.28152
0.243447
0.411044
0.748764
0.826212
1.29253
0.985177
1.21466
0.629888
1.0513
0.882813
0.76033
0.902349
0.607014
0.824264
0.631296
0.828205
1.42441
1.24722
0.393492
0.424924
0.829754
0.820259
0.463138
1.45962
0.736341
0.772249
0.902621
1.06554
0.94007
1.27445
0.587979
0.930071
1.07839
0.720639
0.923039
1.28741
0.999654
0.506334
0.839488
0.360784
0.458016
0.243833
0.427103
1.1768
1.2284
0.969293
0.78968
0.389519
1.36798
1.00415
0.698303
1.3476
0.473862
1.31297
1.45876
0.392843
0.529183
0.576946
0.386546
0.979148
0.586427
1.29665
0.175627
0.65933
1.44634
0.288768
1.4476
0.783273
0.715917
0.525715
0.560794
0.707698
0.81896
0.398541
0.9848
0.878375
0.785965
1.11363
0.964781
0.448571
1.53094
0.983808
0.921371
1.21158
1.29518
0.526876
1.25181
1.12298
0.348543
0.875445
0.56379
0.2012
0.195969
1.1937
1.04621
0.346555
1.10539
0.574092
1.40787
0.958732
1.45458
0.146049
0.935111
0.526267
1.01077
0.915779
0.735764
0.306782
0.96495
0.662064
1.13712
0.688897
1.10112
0.773084
0.491926
0.576508
0.98834
1.08295
0.961251
1.22953
1.26058
1.08554
0.981301
1.11748
0.878977
0.458503
1.21131
1.0975
0.157683
1.29839
0.407259
0.223782
1.09355
0.908172
0.97704
1.02847
0.830531
0.91281
0.566346
0.273432
1.05944
0.821929
0.39672
0.844043
0.590267
0.791055
0.549916
1.46338
1.16533
1.41057
0.878797
1.28093
0.433355
1.16236
0.578825
0.416251
0.805778
1.01507
1.43936
0.729396
0.789732
0.943453
1.19046
0.832987
1.04044
0.550147
0.837337
0.760881
0.563063
1.25412
1.21169
0.25845
0.704817
0.694372
1.28209
1.32207
1.26875
0.608618
1.17428
1.28402
1.04932
1.13687
0.976736
0.345041
0.9643
0.949573
0.338518
0.869537
0.39644
0.413117
1.17717
0.422653
1.28923
1.41491
0.64238
1.14397
0.976963
0.924545
1.37202
0.92283
1.02728
1.29106
0.795384
0.325388
0.542457
0.646741
0.646703
1.26582
0.471112
0.453226
0.987339
0.728073
0.829262
1.34195
0.752057
0.881653
1.06031
1.44652
0.76213
1.21665
0.575864
0.433942
1.333
0.89111
1.05784
0.654064
1.07479
1.07723
1.37285
1.39091
0.754529
0.789333
0.486498
0.54224
1.24016
0.552223
0.472955
1.15126
0.567818
0.385827
1.25315
0.632489
0.683177
0.551693
0.945929
0.73445
0.891901
0.513589
0.852831
0.591206
0.97903
0.820417
0.959042
1.04622
1.20037
0.67059
0.243648
0.766756
1.17827
0.6903
1.02749
1.22316
0.334195
0.392116
0.389178
1.35955
1.21736
1.5105
0.811005
0.956329
0.658746
0.293551
0.416821
0.810377
0.952206
0.920915
0.571789
1.30236
1.25307
0.690763
0.390459
1.47487
1.12542
0.47913
0.718396
1.13104
1.2194
1.44732
0.285604
1.26385
0.757787
0.815805
0.865672
0.484923
1.07206
0.259013
0.443002
0.342451
0.373092
0.915337
0.426508
0.599146
0.743658
0.58085
0.427794
0.893258
1.0927
1.2641
0.230514
0.636468
0.865827
1.29848
0.367061
1.2445
0.30699
1.12149
0.84938
1.18456
1.18413
0.652221
0.985674
0.809459
0.83782
0.843957
0.847002
0.382354
0.988994
0.754067
0.80658
0.882641
0.464034
1.1841
1.04026
1.23109
0.927324
1.23197
0.815165
1.1731
1.26453
0.851572
0.87609
0.925122
0.82527
0.733985
0.659991
0.635698
0.815913
0.396601
0.862411
0.602049
0.644967
1.11441
1.43584
0.721502
0.835653
0.874747
0.596983
0.818855
0.503641
1.4065
0.872243
1.03786
0.743916
1.0789
1.01054
0.953307
1.00603
0.389137
0.81992
0.812835
1.22386
0.163854
1.41801
0.633024
0.613883
1.54886
1.04411
0.347603
1.05168
0.457305
1.34253
0.388682
0.157944
1.1227
0.970427
0.636084
0.832027
0.750316
0.511042
0.849432
0.308896
0.609109
0.166838
0.791114
1.21748
0.457594
1.49755
1.31199
1.38468
0.870033
0.830681
0.960073
0.880889
1.34639
0.505167
1.38829
0.699784
0.523133
0.441166
0.359357
0.956442
0.560021
0.77604
0.895516
0.774751
1.53086
0.321004
0.670521
0.846507
1.27904
0.353448
0.791982
0.987681
1.1154
1.06056
1.27382
1.12624
0.506103
0.911492
1.02002
0.631036
0.92392
1.30695
1.40911
0.973427
1.28071
1.00627
0.467543
0.554854
0.906185
1.20859
0.823906
0.735379
0.828461
0.887544
0.805269
1.10698
1.39329
1.14584
1.0849
0.476485
0.831072
1.15388
0.33839
0.953597
0.948973
0.684638
1.47995
1.01532
0.871515
0.800494
1.1429
0.87626
1.16357
0.648512
0.42908
0.881663
0.793159
0.387647
0.642227
1.49772
0.543259
1.00756
1.19029
0.530801
1.07682
1.0407
0.843812
1.03363
0.596898
1.04831
1.06847
1.41235
0.914139
1.01429
1.00156
0.699086
1.43558
0.657235
0.995008
0.449478
0.743534
0.564835
0.931376
0.861608
0.516695
0.80655
0.687705
0.443385
0.512171
0.710392
0.578431
1.17383
1.28736
0.509266
0.886104
0.35677
0.794601
1.39431
0.364942
0.398287
0.295634
1.44477
1.13043
1.07126
0.541277
0.90917
1.14703
1.14196
0.552141
1.19804
1.07499
0.63523
0.48308
0.319779
0.260727
0.946179
0.679254
1.26981
0.246296
1.29774
1.52882
0.330046
1.51529
0.830907
0.360072
0.446799
1.10257
1.0481
1.10186
0.725819
1.05225
1.05404
0.566992
0.859199
0.850726
0.280896
0.803419
0.698106
0.809611
1.52389
1.16789
0.761502
0.938389
0.635379
1.02719
0.673901
0.978869
0.447053
1.05045
0.617084
0.533262
0.906505
0.322997
1.22527
0.452855
1.18504
0.18907
1.25576
0.979189
0.453399
1.12985
1.04193
1.35237
0.80877
0.223874
1.33422
0.78114
1.53554
0.74496
0.817519
1.11553
0.882922
0.497795
0.997114
1.17165
0.672114
0.628039
1.21082
0.41531
0.743887
1.38152
0.910642
0.731586
1.1218
0.742982
0.911536
0.829568
0.369184
1.10082
1.05294
0.850091
1.01249
0.854242
0.644199
0.685634
0.407816
0.398772
0.323488
0.800446
0.817046
0.82361
0.581946
1.16297
1.16558
0.812725
0.773017
0.906556
0.0927989
1.02932
0.952128
0.616893
1.31023
1.27851
0.891602
0.795989
0.794657
0.65936
0.744476
0.693657
0.981683
0.38375
1.04608
0.905094
0.419932
0.666356
0.649198
1.41631
0.601334
0.866455
0.340105
0.974025
0.702995
0.779164
1.38969
0.75711
0.632611
0.560337
0.767527
0.710459
0.392158
0.534985
0.496531
0.656263
0.945061
0.481142
1.00014
1.36345
0.614647
0.735373
0.730811
1.04203
0.959716
0.506403
0.594273
1.18557
1.11278
0.505747
1.08023
1.28158
0.838619
0.924282
0.410345
0.645959
0.977724
0.328967
1.20779
0.781581
1.29373
1.09547
0.700414
0.558712
0.750223
1.46653
1.07002
0.898047
0.39807
0.354007
0.699874
0.83802
0.433385
0.0700759
0.540292
0.951064
1.37063
0.43056
0.652791
0.460305
0.965403
0.645383
0.998337
0.992093
1.21086
0.352304
0.797288
0.644293
1.21336
0.510479
1.12121
1.48949
0.230437
0.8966
0.69064
0.676243
0.69683
0.807624
0.736348
0.993834
0.715071
0.450034
0.835414
0.692597
0.286336
1.28529
0.785455
1.06893
0.449379
0.643411
0.637981
1.13127
0.581847
0.51751
1.1359
0.5334
1.39546
0.863945
1.05948
0.660375
1.05233
1.43846
1.32883
1.21778
0.429582
0.839098
1.03182
0.755951
0.391162
0.700624
1.42669
0.666889
1.00914
0.828858
0.531687
0.665969
0.796951
0.839773
0.915369
1.27094
1.30993
0.747596
0.555449
0.914353
0.930582
1.2269
0.731387
0.965452
1.31959
0.891266
0.614801
1.27064
1.22642
0.438219
0.426749
0.993396
0.608151
0.780617
1.23384
0.809559
0.503609
0.585268
0.755695
0.781758
0.380926
1.17092
0.583327
1.00505
0.335657
1.11874
0.317932
0.636685
0.718885
0.578768
0.758045
0.721967
0.998651
0.900969
0.921043
1.24674
0.423948
0.409563
0.326913
0.560097
1.10645
0.706029
0.885239
1.31884
0.76108
0.742253
1.02614
0.61284
1.17795
0.603983
1.24189
1.03018
1.08055
0.660792
1.10927
1.35607
0.393917
0.765819
0.72081
1.01389
0.696721
0.411175
0.702009
1.52664
1.32122
0.912653
0.478077
1.16657
0.978533
1.06195
0.869309
0.32915
1.12318
0.614275
0.952026
0.868037
0.861066
0.830125
0.562619
0.804622
0.930053
1.23198
1.12903
1.31657
1.19106
0.323629
0.810668
1.13407
0.961595
0.978655
1.38284
0.817284
0.939761
0.608686
0.707153
0.671608
0.466908
0.572294
1.09808
1.48448
0.384003
1.17084
1.51766
0.9943
0.956954
0.990321
0.642415
0.297723
0.976356
0.315421
1.17473
0.631822
1.29675
0.692677
0.354921
1.40777
1.41981
0.631209
0.265541
0.829446
0.587755
0.602284
0.345852
1.17279
1.49876
1.5048
0.508718
0.346332
1.2993
0.893453
1.41017
0.575131
0.983115
0.964293
1.15622
0.981592
0.777582
1.15114
0.848604
0.789992
0.8768
0.916666
0.883513
0.969065
0.349655
0.341961
0.457125
0.537638
0.366512
1.44204
1.20441
0.966569
0.453933
0.97834
0.512399
0.648021
0.685535
1.20207
0.252756
0.952234
0.671119
0.913118
0.669329
1.13223
1.31899
0.90845
1.2255
0.992101
1.34396
0.296821
1.18082
0.439124
0.783689
0.430309
0.859969
1.22784
0.788519
1.02325
1.25312
0.289549
0.91562
0.70179
0.412989
0.364491
1.15019
0.891585
0.62899
1.09688
1.20245
0.837279
1.42214
0.745501
1.30317
0.511953
0.447966
0.712053
0.60036
0.394392
0.487993
1.19907
1.03583
0.886896
0.820069
1.28163
1.10714
0.614557
0.976083
0.542354
0.79093
0.241683
1.38406
1.17842
0.670607
0.785203
1.10639
1.17326
1.12204
0.633014
0.518347
0.701041
0.76983
0.642931
0.592048
0.327348
1.26036
0.45175
0.19329
1.25675
0.399166
0.481192
0.808476
0.807457
1.50014
0.621716
0.47368
0.963467
0.936798
1.13072
0.690019
0.944971
0.754188
0.75952
1.25743
1.06961
0.901901
0.439203
0.823712
0.767689
0.874305
0.804469
0.686491
0.818311
0.923237
0.854356
1.40706
0.499537
0.38721
0.934245
0.410111
0.680809
1.20561
0.19426
0.576044
0.4815
0.581231
0.728081
1.40815
1.20051
1.056
0.806866
0.641454
0.607965
0.400002
1.25785
1.1027
0.794064
0.0884446
0.779466
0.447606
1.43007
0.87339
1.32235
0.396748
0.802561
1.51731
1.26631
0.529049
1.29653
1.51471
0.674316
1.05562
0.205998
0.690718
0.271055
0.843072
0.963625
0.445378
0.302418
0.854484
1.01063
0.736993
0.763662
1.14262
1.52526
0.901484
1.12645
0.512179
1.01336
0.895328
0.450389
0.5392
0.446396
0.37556
1.16134
0.663548
0.850985
0.292382
0.598068
0.674391
0.59188
1.33497
0.881504
0.868865
0.933614
0.696874
0.384048
0.947245
0.677694
0.665665
0.672566
0.609696
0.641014
1.20607
1.22934
1.03455
0.529836
1.12916
1.18583
0.518226
0.920582
0.973227
0.272425
0.77445
1.16688
1.34334
0.462314
0.463252
0.62859
1.17833
1.05613
0.986115
0.576095
0.942727
0.346998
1.13674
1.16987
1.35635
1.45783
0.61854
1.39201
0.406141
1.10009
1.48402
0.845648
0.907359
1.46689
0.53213
0.717857
0.657608
0.472151
1.03004
1.09109
1.3256
1.00312
1.33853
0.990317
0.358011
0.709686
1.06887
0.84631
1.33425
0.647924
1.30275
1.21663
0.264068
0.755538
1.42108
0.407302
0.160842
1.17092
1.05508
0.327595
0.981095
0.376615
0.860825
1.51825
0.344849
1.10667
0.72477
0.836602
0.582602
0.927486
1.16959
0.682376
1.33016
0.676731
1.31633
0.560035
0.653481
0.690614
0.776527
0.268828
0.821413
0.411532
0.530279
0.791855
0.279994
1.00797
0.234539
0.806452
0.893998
1.13997
1.46417
1.42413
0.123039
1.40585
0.57251
0.240387
0.568443
1.02211
1.0744
0.878198
0.676926
0.605543
1.04534
0.750415
0.513002
1.29259
0.990157
1.03433
1.16627
0.25012
0.328285
0.406392
1.24977
1.25321
0.813222
0.63283
1.03312
1.00195
0.682782
1.52001
0.955416
1.29553
1.09593
1.15244
0.953947
1.12589
1.1036
0.619103
0.819657
0.404956
0.22301
1.23122
0.779805
0.618279
0.983661
0.666239
0.881851
0.756549
0.976867
0.759392
0.991751
0.487393
0.884875
0.438237
0.514297
