1.15797
0.803477
0.523421
1.06308
0.48429
0.806054
0.64405
1.34476
0.589076
0.613604
0.936402
0.875107
0.854836
0.659396
1.28833
1.29823
0.88538
0.546059
0.631682
0.62691
0.365258
0.598089
0.317022
1.21958
1.4787
0.952476
1.12233
0.739331
0.481373
1.52427
0.4647
1.51614
0.905963
1.44626
0.861033
0.53254
1.10465
0.806559
0.335001
1.19675
1.09963
1.19178
0.631111
0.625725
0.801291
1.18106
1.05112
1.30254
0.945905
1.12727
0.558159
0.742702
0.587265
1.2676
1.05268
1.08464
1.01259
0.848707
1.10129
1.37921
0.593373
0.220455
1.22233
1.24623
1.37176
0.81798
1.11041
1.0555
0.553687
0.76216
0.914796
1.19695
1.19136
1.02853
1.05969
0.739021
0.747266
0.609924
1.1348
0.371793
0.8729
0.296053
0.683059
1.23852
0.321466
0.583112
1.36807
0.899961
0.489334
0.383449
0.133854
1.20765
0.467177
0.664038
0.623109
0.950199
1.52063
1.20318
0.886418
0.573229
0.976932
1.05006
1.00259
0.890531
0.261092
0.409257
0.777294
0.546446
0.969915
1.32448
0.773029
1.09067
0.847349
1.17219
0.822284
0.337699
1.18546
0.82238
0.682093
1.21141
0.514037
0.822569
1.5042
0.223151
0.840025
1.2122
0.376534
0.759724
0.258987
0.658588
1.17907
0.710507
0.729192
0.845883
0.75168
0.598181
0.752197
0.77166
0.290972
1.48313
1.29557
0.36237
0.898352
0.928958
0.848002
0.362293
0.963
0.751656
0.352339
0.424664
1.07225
0.507741
0.67533
1.08338
0.926737
0.525292
0.529455
0.854288
0.732182
0.76233
0.636656
0.68946
0.725094
0.997608
1.21746
0.983909
0.795647
0.542359
0.657995
1.1104
1.01907
1.15999
0.221689
0.694804
0.245441
0.359892
1.02391
0.597712
1.33033
0.361892
0.97758
0.639882
0.661656
1.16464
1.24172
0.709772
0.909459
1.03151
1.40973
0.571568
1.08151
1.30381
0.64626
0.299894
0.839785
0.952509
0.819019
0.547236
0.331175
0.287717
0.605243
1.45428
1.48858
0.848787
1.22523
1.31259
0.658277
0.975563
1.06714
0.477721
1.13032
1.52933
1.13022
1.19471
0.612669
1.51827
0.981414
0.974659
0.638521
0.546738
0.23092
0.36024
1.04054
0.791126
0.204202
0.776094
1.00693
0.279283
0.12892
1.06086
0.122414
0.244883
0.160331
0.736547
0.825879
1.01749
1.08157
0.8686
0.968601
1.18797
0.839233
0.675003
1.10799
1.31287
1.10183
0.419448
1.00306
0.303232
1.17056
0.341478
1.03536
0.961961
1.19068
1.263
0.305877
1.03539
1.4621
1.04087
0.366511
0.260875
1.08383
0.9891
0.289527
1.178
0.75713
1.4294
0.324916
0.559312
0.965724
0.269288
0.484403
1.03841
1.47075
0.478737
0.664159
0.840348
1.28436
1.538
0.445297
0.583908
0.743929
0.954754
1.20893
1.56113
0.850778
1.00963
0.961078
0.782099
0.462811
1.03758
0.756141
0.512777
1.00782
0.795462
0.578405
0.929239
0.908924
1.49492
1.47674
1.53949
0.817381
1.02521
0.705464
0.577948
0.264455
0.834002
1.25104
0.816747
0.823886
0.942064
0.762222
0.989035
1.0254
1.01123
1.19423
1.32821
0.499805
1.269
1.01395
1.43021
0.776959
1.4165
0.756689
0.829287
1.06904
0.833974
0.84202
0.603088
0.735721
1.14684
0.487719
0.191454
0.786491
0.597999
1.49713
0.74615
0.33622
0.745815
0.631417
0.833085
1.25439
1.22586
1.04395
1.1971
0.780095
1.37605
0.982848
0.910787
0.679616
0.651096
1.49814
0.729742
0.961013
0.481008
1.0911
0.761337
1.00899
0.83372
1.32485
1.25487
1.10704
1.30424
0.683638
1.20742
1.21032
0.852528
1.00403
0.31859
0.625704
0.972891
0.78105
0.601317
0.864584
0.954802
1.23765
1.08143
1.42505
0.580679
0.972507
0.361556
0.546295
0.784395
1.08835
1.0952
1.16949
1.17397
1.35222
0.790719
1.54048
0.948678
0.256197
1.18763
0.423598
0.397261
0.858749
0.437565
0.634967
1.05648
0.830121
0.427727
0.674784
1.17285
0.326356
0.652417
0.865385
0.497736
1.15414
1.20168
0.870063
0.939763
0.43593
1.05543
0.261293
1.05969
0.505469
1.12056
0.614879
1.19325
0.610405
1.14535
0.546716
0.554661
1.08912
0.816024
0.816672
1.30866
0.570742
1.11867
0.951004
1.02864
0.999796
1.2552
0.852993
0.53503
1.02214
0.0899052
0.138373
0.856361
0.886768
1.34771
0.904285
1.10314
1.13108
1.0576
0.657092
0.882467
1.25383
1.13571
0.904966
1.39653
1.10444
0.75668
0.891837
0.493813
0.975139
0.0916103
0.289285
0.77608
1.09337
0.322707
0.742448
0.97144
0.629275
0.641974
1.11435
1.12663
0.566594
0.948318
0.950548
0.834171
1.00184
0.795684
0.715494
1.1806
0.942395
1.36099
1.18737
1.16241
1.36311
0.653165
0.971384
1.01338
0.546915
1.35857
0.86393
1.12649
0.617085
1.23275
1.13244
0.900584
0.737889
0.839322
0.996396
1.04049
0.403047
0.737015
0.602412
0.229329
1.01969
0.263171
1.53975
0.541346
0.421288
0.79772
0.699378
1.53468
1.05961
1.08436
1.15192
0.981988
1.13304
1.01278
0.711415
0.188089
0.440993
1.07546
0.696825
0.767039
0.326841
0.901452
0.49808
1.12508
0.405838
0.678638
0.945145
0.735364
0.723835
1.13551
0.991877
0.955078
1.35086
0.61766
0.806865
0.697975
1.23798
0.444717
1.42619
0.883681
0.294169
0.706306
0.601786
1.5148
1.06986
1.14507
1.0816
1.07539
1.39029
0.821851
0.784418
0.980512
0.602732
1.25048
0.450511
1.19519
0.44284
1.25423
0.757688
0.95775
1.36262
0.926075
0.705249
0.15487
0.439
1.1623
1.26609
1.05436
1.00017
1.00269
1.4417
0.925555
1.07915
0.907687
0.550516
0.273486
0.789422
0.683582
0.595747
0.14345
0.878443
1.14375
0.904874
1.05645
0.86963
0.464062
1.38305
0.731467
0.484537
1.09628
1.17473
1.46405
0.296019
1.17777
0.92405
0.803369
0.970411
0.758871
0.560963
0.783877
0.222324
1.07131
1.25073
1.44225
0.537644
1.40666
0.709595
1.01368
0.349036
0.838593
1.05321
0.654142
0.948769
0.916441
1.34735
0.63508
0.91209
0.632333
0.487822
0.878619
0.583012
0.663034
0.72292
0.508364
0.499764
0.867652
1.17744
0.343861
0.607735
0.530984
1.18299
0.606077
1.35428
0.788412
0.887162
0.905131
0.768499
0.882896
0.991677
0.734566
0.964546
1.48261
0.488098
1.06522
1.23804
0.286946
0.182298
0.570944
0.627058
0.538239
0.397114
1.56805
1.34761
1.05413
0.928767
0.632471
0.500339
0.669197
0.841714
1.10632
0.412164
1.16391
0.904864
0.957273
0.556747
0.549961
0.210569
0.691116
0.295518
0.967203
1.24038
0.998483
0.497744
1.52216
1.0579
0.686639
0.501288
1.10875
0.257341
0.499749
1.01507
0.156573
0.879581
0.708236
0.705696
1.06468
0.956395
1.5528
0.619161
0.597291
0.830719
0.864075
1.28841
0.965614
1.02927
0.302875
0.610208
0.483789
0.301646
0.465782
1.15538
0.373666
0.362394
0.662987
0.885261
1.03616
1.08335
0.738773
1.03624
0.863219
0.496677
0.861739
0.59768
0.344815
0.796263
1.26011
0.679057
1.47606
1.39285
1.36518
0.598136
0.187983
0.552184
1.0734
0.274669
0.649554
0.993787
1.3861
0.722959
0.54681
0.360727
0.895683
0.957599
0.512393
0.771813
1.27275
1.09937
0.527931
0.767968
1.54383
0.881965
0.827503
0.882989
1.1472
0.834115
0.363605
0.768858
1.37012
0.584908
0.989923
0.855227
0.407234
0.80103
0.523437
0.771659
0.410526
0.869863
0.89138
1.05322
0.354466
1.17211
1.02121
1.10656
0.346094
0.327902
1.03622
0.831479
0.544445
1.42004
1.51793
0.853496
0.975339
0.812304
0.8266
1.39425
0.715469
0.166986
0.773751
0.821864
0.486523
0.465477
1.25071
1.55548
0.707226
1.02486
0.415004
0.290913
0.613016
1.24428
0.485563
0.891753
0.699665
0.906215
1.2498
1.10909
1.18809
1.18417
1.42877
0.865993
0.393118
1.08472
1.51719
0.826177
0.369167
0.517603
0.73994
0.901623
0.637764
1.20909
0.70177
0.897641
0.845949
0.807028
0.609546
1.18818
1.28151
1.39084
1.35319
0.771458
0.285034
0.443704
1.30851
0.919158
0.812185
1.3351
0.920758
0.746199
1.16956
0.374321
1.411
0.303744
0.614829
0.737091
1.11734
1.46727
1.1831
0.927574
1.04216
0.702235
0.565489
0.987585
0.665169
0.357362
0.844343
0.202037
0.619151
1.08659
0.437663
0.865205
1.11331
0.964817
1.27524
0.581964
0.932725
0.643679
0.480629
0.296677
0.978682
1.12469
0.927205
1.14382
0.237439
0.798962
0.871816
0.664379
0.120254
1.17647
0.784669
0.781103
1.20397
1.2923
0.872756
0.466469
0.865978
1.314
0.984812
0.8809
1.20861
1.20268
0.709694
1.01048
0.34819
1.01634
0.393365
0.782946
1.25538
0.341822
0.880922
1.33392
0.879971
0.402711
0.213809
0.680245
1.02419
1.08655
1.04823
1.01998
1.44234
1.10849
0.399842
1.2989
1.31766
1.02852
0.289522
0.467791
1.40272
0.593216
0.566318
0.529437
0.599684
1.20697
0.811212
1.08548
0.887619
0.670168
1.45075
0.875232
1.563
0.891868
1.31558
1.15707
1.34878
1.42712
0.539569
0.99975
0.731742
0.554527
0.967797
0.594627
0.496034
0.965995
0.520901
1.1641
1.11644
1.04098
0.660035
0.885816
0.773369
1.03662
0.941707
1.0972
0.396922
0.421514
0.923527
1.01798
0.449788
0.881972
0.273386
1.08933
1.55101
1.3691
1.01558
0.622161
0.342485
0.517352
0.521849
0.656825
0.532182
1.3505
0.561153
0.843045
0.745024
1.27773
0.79887
0.525213
0.981976
0.851385
0.870789
0.356307
0.238722
0.778762
1.28655
0.452043
1.18964
0.878702
0.843152
0.464712
1.17359
1.56576
0.777627
0.931037
0.949981
0.379004
0.645352
1.04251
0.483435
0.581725
0.904238
0.786796
0.796233
0.577172
1.37044
0.377812
0.103747
1.03327
0.588726
0.680126
0.864142
0.62505
1.06322
0.970419
1.45046
1.29835
0.606744
0.929527
0.652687
0.483102
1.09853
1.41903
0.661931
0.76257
1.39359
0.629639
0.99537
0.933708
0.415629
0.394223
1.43257
0.483217
1.21305
0.974504
0.854246
1.13501
1.25729
1.26875
1.31376
0.608907
1.38678
0.3137
0.232664
0.290763
0.706244
1.24503
0.438796
1.09425
0.995533
1.54238
0.743635
0.81069
0.854904
0.9853
0.722521
0.517594
0.639845
0.562761
1.17199
0.573258
0.788656
0.976452
0.959438
0.890392
1.14966
0.52424
0.943508
0.208805
0.791488
1.13952
0.723081
0.676122
1.26984
0.617292
1.43309
0.827803
1.06286
1.16012
0.605015
0.681249
1.47009
0.569176
0.876788
1.47017
0.914712
0.881372
1.01152
0.938036
0.934548
1.50084
0.910426
0.615599
1.56693
0.577915
0.54189
0.465622
0.547737
0.681351
0.479537
0.931153
1.45849
1.3413
0.514647
0.635865
1.437
0.616722
0.504677
1.5355
0.670664
1.03627
1.26834
1.00155
1.29928
0.898717
1.11932
0.636346
1.21104
0.729063
1.03669
0.706276
0.407183
0.5174
1.07157
0.794236
0.666237
0.139036
0.408257
0.448273
1.21437
0.32189
0.468628
1.18255
1.54485
0.879865
0.901703
0.108716
0.666043
0.408011
1.50161
1.43619
1.31048
0.92388
0.396841
0.932287
0.718062
0.701462
0.597985
1.55206
1.28415
0.86071
1.26313
0.873497
1.49066
0.603606
0.883206
0.381325
0.974454
0.645396
0.750227
1.52822
1.48824
0.922473
1.10864
1.11561
1.28103
1.32748
0.513329
0.978794
0.146723
0.652191
0.752109
0.215748
0.594121
0.581549
0.623593
0.597388
1.17283
0.798582
0.876553
0.430043
0.605899
0.887738
0.955426
0.495056
0.831037
0.92083
1.18119
1.18063
0.412044
0.478216
0.9371
0.996587
0.915829
1.22746
0.927691
1.02561
1.22215
0.899291
1.2122
0.904215
0.72516
1.21948
0.451239
0.61978
0.620532
0.975226
1.02328
0.579389
0.634003
0.383339
1.16559
0.973723
0.386326
0.778889
0.389345
1.00868
1.25979
0.780146
1.1376
1.14079
1.13597
1.52593
0.843942
1.01775
0.419088
0.636341
0.227798
1.38373
1.04646
0.90771
0.346321
1.03709
0.310727
0.191753
1.0988
0.391552
0.669937
0.932477
0.723501
1.24233
0.758033
1.22799
0.535537
0.291818
0.727633
1.15171
0.918202
0.533099
1.20621
0.59094
1.17661
1.28788
1.23689
1.50573
0.668238
0.542931
0.312748
1.34467
0.923712
1.46
1.1743
1.45648
1.52109
0.831864
1.0077
0.229249
0.584652
1.35443
0.633677
1.02314
0.840174
1.20771
0.815369
1.46793
1.03294
1.51439
0.823075
1.28414
1.38186
0.302695
0.412242
0.869928
1.56086
0.934319
1.42234
1.41975
1.20826
0.462316
1.11458
0.747023
0.834107
0.993374
0.204534
1.54407
1.05414
0.704271
0.604788
0.64624
0.640443
0.618268
0.773566
1.09201
1.22651
0.339203
0.561946
0.540971
1.51821
0.423707
0.263682
0.515193
1.08886
0.420667
1.35277
0.901185
0.893413
0.659779
0.926345
0.511571
0.499767
1.45094
1.25791
1.06233
1.09396
1.21949
0.559956
1.41581
1.28171
1.2682
0.850765
1.0153
0.871486
1.03522
1.3365
1.44368
0.696194
0.809281
1.35873
0.962082
0.196355
0.385506
0.697671
1.2561
0.815473
0.681865
1.52942
1.3823
0.915991
0.362403
1.21294
1.44739
0.836944
0.826109
0.309532
0.499306
0.79374
0.481138
0.480818
1.34095
0.517248
0.377991
1.43629
0.453644
0.749961
1.22646
0.894266
1.32628
1.27145
0.663339
1.22876
0.689138
0.504423
0.445718
0.921265
1.08743
1.19828
0.714756
1.00659
0.567153
1.38047
0.755874
1.24721
0.76318
1.02121
0.360322
1.43187
0.298097
1.10065
0.877553
1.55605
0.527681
0.795723
0.91422
0.680966
0.745699
0.539283
0.999817
1.39339
0.734128
1.28082
1.41468
0.795566
0.888599
0.420731
1.24088
0.785073
0.48068
1.20309
0.584354
0.738689
1.33973
1.09084
0.445335
1.44135
0.715871
0.725447
0.382745
1.2756
1.12954
0.434932
1.07374
1.13297
1.02772
0.617125
0.638183
1.09728
0.764176
0.581411
1.00182
1.16774
1.05631
1.0873
0.906058
0.494381
0.804319
0.951328
0.884596
0.793127
1.20069
0.966786
0.541467
0.944478
0.447125
0.881259
0.670766
1.36317
0.881775
1.34389
1.16303
1.18329
0.269547
1.52671
1.17812
1.00485
1.36882
0.733327
0.950722
0.979416
0.918244
0.461896
0.954563
1.46746
1.023
0.868406
0.874954
0.709961
1.12623
0.777534
0.797207
0.735675
0.654939
0.363633
0.506051
0.595365
1.24279
0.34632
0.636483
0.877719
0.726886
1.14541
1.1017
0.661646
0.642687
0.353684
0.293722
1.24248
0.879226
0.60839
0.988502
0.329051
1.18829
0.420785
1.1159
0.808924
0.684035
1.49488
1.0493
0.475737
1.06881
1.15578
1.38942
0.327961
1.1344
1.07667
0.649089
0.586276
0.389436
1.07209
0.857859
0.770537
1.3887
0.414695
1.15169
0.912732
0.43342
1.48215
0.788333
0.985727
0.597465
1.2618
0.634039
0.589587
1.07642
0.661367
0.996367
0.826682
0.943497
1.50563
1.49
0.724126
0.613765
1.31798
0.623386
0.537074
0.541868
0.564739
0.460318
0.583418
0.55915
1.06605
1.3168
0.489863
1.57061
0.52471
1.23982
0.19933
0.316998
0.699087
1.34836
0.458704
0.396027
0.0589463
0.86581
0.764205
1.26116
0.762175
0.586818
0.835546
0.75816
1.23501
0.787183
0.687269
0.998808
0.962773
0.457224
1.09005
0.939378
1.18201
0.697777
0.528097
1.24929
1.27558
1.35185
0.764104
1.31363
0.446363
0.299709
0.764532
0.741456
0.913979
0.35466
1.34695
1.32484
1.36153
0.896442
1.10708
0.371205
1.19269
0.90362
0.968154
1.35514
1.04848
0.520076
0.634949
1.02018
0.771102
1.17402
0.704624
0.21339
0.922518
1.02544
0.251111
0.807773
0.785551
0.518042
1.12371
1.02215
1.3777
0.517981
0.864389
0.663782
0.938488
1.18048
0.826351
1.02291
0.914836
1.49148
0.718858
1.12187
0.695778
0.893331
0.430907
0.373574
1.01833
1.08785
0.997079
1.13354
1.04221
1.37154
1.52901
0.933399
1.4971
1.42203
1.55356
0.988516
0.309782
0.650694
1.00676
0.479517
0.472732
0.700824
0.696935
0.393525
0.952839
0.625181
1.35679
1.35088
1.23424
0.431541
0.594799
0.803212
0.882677
1.08375
0.763276
0.597967
0.596009
0.686359
0.549002
1.4559
0.866326
0.708718
1.111
0.465665
0.749687
1.19956
0.221804
0.799128
1.1805
0.840214
0.854457
1.4254
1.17019
1.16086
1.11127
0.372065
0.878193
1.4121
0.599425
0.982978
0.270827
1.02515
0.61113
0.587
0.671902
0.701215
0.514946
0.915721
0.0936091
0.716139
0.776477
1.19822
0.413368
0.845932
0.812451
0.605752
1.31128
0.345833
0.774792
0.944438
1.01419
0.649834
0.224256
0.961973
1.22634
0.656758
0.958446
1.31646
1.07094
1.12059
1.16997
0.454325
0.694897
1.04775
1.27445
0.805815
0.655611
0.740732
1.04507
0.857712
0.266585
0.945397
1.20882
1.17904
0.888025
1.07817
0.51422
0.819701
0.246933
1.03566
0.275045
0.303147
0.947471
0.601491
0.627748
1.35753
0.669006
0.603947
0.309089
1.33636
1.01219
0.800739
1.13578
0.497501
1.38581
1.03828
0.899398
1.24962
0.703073
1.26847
0.976822
0.541477
1.34622
0.554851
0.940552
0.81255
1.29273
0.960613
0.768063
0.697407
1.36012
0.429745
0.805835
0.967797
0.824893
0.416043
1.51357
0.984358
0.800172
0.948999
0.489515
0.77819
1.11874
0.700718
0.623329
0.645273
0.375019
0.65764
0.460097
1.28972
0.627107
0.696861
1.00804
0.457651
0.86513
0.883288
0.924498
1.30576
0.781282
0.536836
1.07194
1.24956
1.35295
0.458523
1.26108
1.47156
0.942738
0.792036
0.641498
0.784028
0.629674
0.514218
1.12506
1.16085
0.481857
0.649741
0.571924
0.696659
0.291919
1.10705
0.731252
1.01582
1.51748
0.568351
0.641021
0.832642
0.742576
0.812561
1.01003
1.14993
1.29371
0.470357
1.3826
0.35061
0.421828
0.265715
0.574194
0.25688
0.942106
0.996971
0.16612
0.746458
1.05381
0.879894
0.899999
0.244697
0.659692
1.27714
0.655836
1.44969
1.12996
0.504992
0.649203
0.549597
0.991754
1.21155
0.983233
1.24333
0.471459
0.512904
0.420938
0.829813
0.698425
0.637541
0.862107
1.2468
0.509251
0.555793
1.22098
1.00727
1.12904
1.04154
0.349687
1.39587
0.840091
1.02046
0.754147
0.889004
0.403386
1.14898
0.441008
0.98573
0.639809
0.730488
0.94763
1.01855
1.11082
0.968938
1.56868
0.779268
0.790781
1.19468
0.538187
1.12988
1.15959
0.32576
1.08683
0.733232
0.994505
0.479255
1.45295
0.866117
1.34843
0.860828
0.563226
1.26581
0.454984
0.960285
0.627722
1.17216
0.616122
1.13817
0.810809
0.683514
1.4268
0.457502
0.879339
0.396545
0.916185
0.86443
1.0387
0.356195
0.39932
1.01482
1.54936
1.44061
0.677606
0.747955
0.26785
0.969619
1.13101
0.745393
1.30709
0.264418
0.835009
0.374004
0.509378
0.927115
0.774378
0.701216
1.32441
0.910357
0.767974
0.534125
1.07626
0.691088
1.31337
0.44893
0.506113
0.81278
0.276434
0.436611
0.680042
1.09789
0.848314
0.734637
0.740025
0.441459
0.731204
1.25086
0.794401
1.10283
0.564648
0.647839
0.512789
0.505994
1.22586
1.54443
0.452115
0.46179
0.973415
0.776938
0.752716
0.715403
0.514433
0.512934
0.267502
0.546798
0.497221
0.338469
0.743828
0.439744
0.799309
0.789875
1.11445
0.953668
1.32043
0.777615
0.856454
0.854536
1.06198
1.49309
0.696752
0.61979
1.09601
1.13991
0.490436
0.391648
0.745624
1.13139
0.309191
0.940838
0.543988
0.449332
0.520718
0.872731
0.613752
0.941518
0.831125
1.47141
1.13474
0.720433
0.877582
1.0029
1.0734
0.942952
1.25912
1.20921
0.933656
1.28217
1.06359
1.13399
0.391205
0.627543
0.761292
0.856947
0.873379
1.28067
0.933647
0.907631
0.273961
1.19842
0.560521
1.23484
1.13167
0.680412
0.590611
0.125528
0.557531
0.423507
0.420221
0.774994
1.24273
0.582784
0.436023
0.793174
1.56242
0.35258
1.17706
0.776845
0.427968
0.582024
0.6517
0.48462
0.801401
0.621247
0.747732
0.132856
0.488534
1.27805
1.23518
1.56255
0.339786
0.34164
1.41484
1.30004
1.14128
1.36685
0.533404
1.18989
0.314015
0.60659
0.921001
1.07583
0.97645
1.34532
0.745265
0.594734
0.896089
0.431536
0.772199
1.03869
0.625111
0.484895
0.604947
0.974681
1.5563
0.384014
1.1179
0.420127
0.841827
1.31376
1.56231
1.0494
0.74127
1.20643
1.11033
1.31287
0.378154
0.598423
0.956466
0.28296
0.657895
1.43733
0.444256
0.669073
0.96169
0.617676
1.03599
1.14796
0.428099
0.408514
0.67052
0.496637
0.228776
0.938739
0.925028
1.35482
0.568839
0.395415
0.58111
0.85724
1.06869
1.4958
1.1286
0.572329
0.833814
0.795004
1.52263
0.58871
0.48077
0.590319
0.948687
0.953132
1.26594
1.28031
1.14717
1.40155
0.248712
0.363057
0.847952
0.785409
0.938852
0.703118
1.30627
0.283291
0.841721
0.930113
0.508773
1.21716
0.39016
0.99972
0.503733
0.361468
0.963359
0.493301
0.798315
1.01729
0.31896
1.11814
1.0744
0.779624
0.938279
0.642268
1.03778
0.582032
1.25032
0.844268
0.953575
1.4452
0.844386
0.530241
0.822787
0.771631
0.424641
0.664327
1.07179
0.423285
1.09369
1.04564
1.13697
1.09506
0.530949
0.997686
1.03254
0.80337
0.844328
1.26439
1.31483
0.731052
0.605558
0.424954
0.687887
1.10866
0.743035
0.832159
0.622455
0.662828
1.02204
0.891644
1.03331
0.416192
0.951901
0.386067
1.49618
0.398013
0.402734
0.543659
0.88632
1.01505
1.01139
0.302386
1.19723
1.47376
0.186382
0.921076
0.903334
0.975113
0.654558
0.890478
1.06205
1.46403
0.874806
1.41035
0.544064
0.559529
0.78049
0.418481
1.06413
0.528192
0.681344
1.31949
0.540854
0.568896
1.55486
0.922341
1.3058
0.699879
1.42434
0.574703
1.13031
1.08964
0.706075
1.16789
1.27972
1.09422
0.715659
0.439011
1.04693
1.24289
0.952571
0.757055
0.840045
1.20159
0.589352
0.788905
0.250633
1.13324
1.10947
1.29131
0.605081
1.28537
0.269145
0.711809
0.821193
0.970873
0.906813
0.97841
0.656233
0.877534
0.784124
1.06086
0.986833
1.18868
0.911099
0.488444
0.419985
1.00364
0.422201
1.08644
1.10551
1.27162
0.966901
1.53377
1.50421
0.813565
0.870543
1.50158
0.557637
1.36173
0.639993
1.26882
0.487532
1.11035
0.251675
0.541371
1.43482
0.60661
0.796404
0.984227
1.00601
1.04353
1.00559
1.33078
0.817394
0.507049
1.23491
0.428328
0.895898
0.683999
0.966154
0.517095
1.01748
0.969576
0.572979
0.625132
1.44642
1.06134
0.387902
0.80982
0.686206
1.1699
0.92998
0.397296
1.28529
0.18205
0.950802
0.920703
0.364484
0.717992
0.382621
0.384505
0.787897
0.715205
1.26288
0.548367
1.10037
0.925862
1.13307
0.620688
1.33702
0.891874
0.394446
0.639373
0.579241
1.10165
0.982722
0.757385
0.395202
0.488451
0.9755
0.91099
1.08314
0.384295
0.831632
0.735298
0.878012
1.33328
0.764276
1.09423
0.985219
0.572438
0.391006
1.42801
1.067
1.15213
0.689921
0.64498
0.532317
1.00466
0.757039
0.898026
0.872032
1.05579
0.218558
0.821057
1.39595
1.09415
0.661101
0.566895
0.295118
0.611615
0.317839
0.372711
0.225322
0.676065
1.22857
0.146971
1.37327
1.01792
1.50006
0.303696
0.949645
0.373368
0.958067
0.556918
0.340309
1.22244
1.15177
1.24662
0.412387
0.390008
0.521091
0.771946
0.999905
1.05186
1.43361
0.874816
0.489258
0.771119
0.690085
1.36028
0.771758
1.00734
1.37613
0.138315
0.665629
0.314266
0.95989
0.682441
0.662531
0.860246
0.379244
0.507311
0.924746
1.25508
1.28242
1.06168
0.40541
0.911579
0.788624
1.23181
0.502952
1.17288
1.14469
1.24883
0.399243
0.766721
1.53485
1.39533
1.24267
1.12682
1.25291
0.962847
0.379248
0.379136
0.116612
0.946338
0.113525
0.89943
0.946201
0.970618
1.15103
0.628716
1.32976
0.604108
1.27346
1.08826
0.64054
0.383651
1.01473
1.13243
0.731413
0.689823
0.701882
0.264171
0.871215
0.579386
0.5361
0.516638
1.07629
0.209429
1.25508
0.828864
0.871008
0.910884
1.4125
0.0755395
1.16108
1.18376
1.1741
1.3386
1.05448
1.24032
0.813954
0.738099
0.67608
1.16201
0.735811
1.12898
0.728398
0.727008
0.585762
1.32259
1.03576
1.46647
1.05999
1.11451
0.891311
0.457587
0.705804
0.788335
1.10725
1.20966
1.17789
1.01596
0.918103
1.23754
0.438872
0.627747
1.04388
1.13068
1.09764
0.579454
0.951261
1.10546
0.892191
1.05249
0.604908
1.1751
0.960487
0.780952
0.942633
0.579987
0.662132
1.31162
0.641181
0.66006
1.00332
1.28594
1.13968
1.14112
1.0679
0.626038
0.849977
0.616371
0.851217
1.3761
1.43824
1.19301
0.86021
0.988002
0.58048
0.89789
1.18308
0.691106
1.56319
0.649982
1.03077
1.45552
1.23837
0.490631
0.989746
0.976918
0.372438
0.938998
0.31491
1.06452
0.859411
0.683023
0.961618
0.602983
0.536339
1.20337
0.913579
0.387261
0.248695
1.27861
0.463401
0.94028
1.06
0.910513
0.918159
0.888723
1.43715
1.21598
0.770413
0.890274
0.337177
0.532219
1.00295
0.583902
0.221049
0.256241
0.938947
1.16363
0.463157
1.00222
0.214569
0.649719
0.851279
1.02274
0.721625
0.865951
1.37306
0.444662
0.813338
0.91223
1.19709
0.784086
0.545784
0.660785
1.19091
1.18399
0.527404
1.14274
0.824843
0.425652
0.567379
0.751438
1.20475
1.20047
0.828529
0.622921
0.688251
1.01506
1.15815
0.781552
0.573852
0.649465
1.54301
1.44396
1.22645
0.687618
0.580577
1.39258
0.881189
1.17421
0.445423
1.47582
0.282141
0.480076
0.851295
0.631863
0.852051
0.332384
1.07727
0.268396
0.914693
1.47385
0.518911
1.0915
1.37834
0.780526
0.579945
0.851552
0.762984
0.619593
0.995951
0.688885
1.20269
0.359937
0.720267
0.683808
1.02912
0.901938
0.670564
1.01961
0.378147
1.21247
1.56925
0.47899
0.427106
0.606887
0.539337
1.34667
0.819835
1.41572
1.25124
1.01792
0.539725
0.847927
1.10079
0.664935
0.801121
0.615396
0.663934
0.83163
0.91976
0.213955
0.840704
1.08527
0.579778
1.37022
0.20419
1.04127
1.26314
0.966122
0.805552
1.45599
0.226332
0.203346
0.568794
1.10514
0.220914
0.908541
0.220409
0.535219
0.668148
1.12068
1.20285
1.34672
0.921717
0.594169
0.809651
1.43557
0.642533
0.795051
0.883023
0.951054
1.25001
1.2625
1.12531
0.492017
0.441836
0.54835
0.594793
1.31016
0.543185
0.714858
1.26514
0.871512
0.706765
0.242018
0.772033
1.12294
0.993099
0.405913
1.00297
1.13026
1.1171
0.979637
0.881702
1.00078
1.24286
0.38923
0.369418
0.917842
0.354342
0.948377
0.708847
0.588593
0.654158
1.34816
1.22987
1.15853
0.559945
0.685579
1.37061
0.538091
0.441671
1.46813
0.884646
1.14977
0.688545
0.931328
0.920902
0.852938
1.10882
1.46833
0.36037
0.567263
0.693889
1.33551
0.542547
0.537891
1.22254
0.73652
0.772008
1.27764
0.684075
1.35469
0.401724
0.161158
1.21858
0.702767
0.859539
0.514973
0.902091
0.507515
1.03838
1.05659
1.3328
0.863475
0.756955
0.126066
0.704216
0.794178
0.465171
0.614784
0.863205
0.593258
0.425076
1.39724
1.50991
0.959657
0.915826
1.05352
0.572618
0.585716
1.18806
0.397639
0.30828
0.346027
1.29005
0.645467
1.20464
1.09745
0.540961
0.488793
0.564519
0.662063
0.781148
0.781652
1.15473
1.33271
0.280835
0.842639
1.35525
1.55673
0.904107
0.800949
1.16279
1.11579
0.578689
0.41027
0.858542
1.3335
1.50401
0.621744
0.425096
0.695807
0.334184
1.06283
0.601697
0.927774
0.325395
0.530986
1.20495
0.893035
0.785526
0.71296
0.993455
0.927259
0.449618
0.712816
0.605318
0.616798
0.308025
0.538643
0.521682
1.2131
0.558446
0.489747
0.991905
1.14028
0.111257
0.627592
0.875467
1.40349
0.760848
0.750897
0.231683
1.5106
0.377751
1.06272
0.918142
1.48323
0.226044
0.286929
1.15786
1.0158
1.12376
0.679296
1.41609
1.11601
1.42078
0.688182
0.432901
0.482641
0.362026
0.390522
0.517246
1.50541
0.869453
0.320749
1.24378
0.656928
1.00073
1.01388
1.47939
0.815663
1.30069
1.02726
0.96314
1.11381
0.425386
1.45425
0.925377
0.963596
0.335653
1.4802
0.268638
1.19643
1.07039
0.536354
0.917019
0.497539
0.971462
1.15019
0.998743
0.612622
0.824805
0.348103
0.989338
0.432006
0.761448
0.241343
0.413208
0.705264
0.89831
1.1197
0.498059
0.888192
0.541389
0.450526
0.377509
1.11537
1.18279
0.345014
1.30948
0.926907
0.663285
0.679504
0.724011
0.720759
0.992042
0.614888
0.749342
1.32438
0.498056
0.432296
1.30411
0.569755
1.30115
0.860243
1.48343
0.61004
1.35792
0.674405
0.82723
0.564495
1.14065
1.03989
0.707572
0.924253
0.301679
0.9519
0.907604
0.811507
0.610231
0.576126
0.441377
1.01229
1.22929
1.07994
0.915582
0.276519
1.51113
1.20666
0.748428
0.545298
0.705135
0.768727
0.35861
1.21303
0.401339
1.1518
0.830755
0.491384
1.33674
0.412429
0.286853
1.33174
0.648031
1.05411
1.16881
1.49712
0.439748
0.536642
0.670019
0.789748
0.774805
1.0365
0.535196
1.32301
0.381695
0.739242
0.416336
0.866797
0.655846
0.566568
0.132572
1.08946
0.590717
1.04524
1.03762
1.15876
0.845751
0.862586
1.07029
1.21493
1.13501
0.430373
0.795248
0.936555
0.481918
0.410178
0.990756
0.866032
0.875017
0.922745
0.875767
0.331066
0.930954
0.28257
1.19227
0.551914
0.485386
0.889386
0.950145
0.780702
0.793586
1.52192
0.520391
0.992451
1.20802
1.14714
0.728
0.2663
0.419169
1.12936
1.20639
0.704197
1.24224
0.8182
1.26754
0.319577
1.02062
0.934977
1.4223
0.196045
0.707686
0.509165
0.757638
0.962402
1.29576
0.419866
0.412662
0.722692
1.34907
1.32216
1.30188
1.09547
0.578935
1.17631
1.51067
1.05066
1.08246
0.887789
1.25248
1.28754
1.20085
0.327771
0.683687
0.628456
1.11411
0.880701
0.824221
0.481082
0.796332
0.587005
0.801068
1.10628
0.54428
1.4533
1.31411
0.579338
1.12148
0.210189
1.29404
0.767275
0.662709
0.642382
0.766228
1.07324
0.904906
0.724576
0.328946
1.29978
0.990911
1.01547
0.856012
0.754389
0.762027
0.395827
0.904202
1.15661
0.902488
1.52599
0.965993
1.13966
0.578467
0.662815
0.1961
0.947879
1.08284
0.983554
0.524613
1.18961
1.19497
1.48523
0.568856
0.98736
1.32852
0.842161
1.28053
1.10385
1.44868
0.396902
0.683678
1.05595
0.465538
1.09298
1.20963
0.492717
0.852847
1.56048
0.319502
0.932386
0.558572
0.423243
0.694231
0.961092
0.502278
0.395906
0.137688
0.7347
0.824944
0.351409
0.768948
1.13724
1.00138
0.947648
0.795294
1.28999
0.973764
0.983061
0.634872
0.491747
0.699957
0.205707
0.967974
0.123173
0.958945
0.537646
0.440491
0.316164
1.01002
0.871052
1.43776
1.14227
1.06604
0.544843
1.15747
0.766469
0.384553
1.45754
1.05962
0.892043
0.667953
1.33931
0.743286
0.722377
0.922607
1.30103
0.954942
0.311318
0.200319
1.28002
0.813475
1.21489
0.527979
0.808196
0.88592
1.02577
0.668849
0.339306
0.509139
0.187855
1.22778
0.347068
0.370679
1.14732
0.279833
1.38264
0.733613
1.00196
1.07169
0.415323
1.33557
0.796974
0.555792
0.685478
0.600173
1.06828
0.412379
0.645324
0.544357
1.36552
0.765412
1.04724
0.226706
1.14593
0.641181
1.50158
0.748805
1.1363
1.08679
1.31832
0.266927
1.32894
0.717022
0.880461
0.798267
1.19556
0.444938
1.39987
0.413185
0.877077
0.326701
1.16306
1.05794
0.865049
1.29234
0.721213
1.15222
0.900006
1.47449
1.51435
1.05026
0.549163
0.269082
1.38564
0.957507
1.05284
0.761133
0.319256
1.05729
0.52112
0.228081
1.32694
1.0212
0.63098
0.326283
0.632182
0.912881
0.401905
0.215039
0.577217
0.580123
1.15278
0.51991
0.590234
0.494523
0.634263
1.03958
1.42244
0.868683
0.805516
0.91308
0.324752
0.763645
0.544361
0.708325
1.07473
0.240213
0.802825
0.960496
0.721615
0.811917
1.1288
0.574467
0.745257
0.914017
1.40382
0.52036
1.35968
0.963008
0.641605
0.400847
1.02248
0.479432
0.633591
0.912932
1.19862
1.17248
0.533283
0.728651
0.634825
1.50355
0.497294
0.822946
0.51648
1.39059
0.680804
0.3442
1.35713
0.942067
0.98617
0.939454
0.876908
1.47795
0.556293
0.957802
1.00043
0.78971
0.827537
1.42197
0.185589
0.976779
0.773364
1.08728
0.521994
1.11415
1.31754
0.66281
1.17908
0.344062
0.687442
0.634979
0.5031
0.803707
0.904192
0.881901
1.2734
0.718777
0.927945
1.26543
1.31397
1.23617
0.507338
1.09455
1.35979
1.50161
1.37549
0.755451
0.337655
0.439935
0.563237
1.24719
0.660416
0.985124
1.55231
0.637287
1.25059
1.43308
0.888439
1.49657
0.741625
0.499398
1.37163
0.749809
0.719642
0.522264
1.00725
1.37674
0.693736
0.389171
0.424267
1.34609
0.767049
1.05203
0.927392
1.03464
0.679206
1.16699
0.873739
0.855503
0.961958
1.26188
1.16464
1.24838
1.23102
0.364768
0.610751
1.36508
0.372384
1.48799
0.828903
0.786068
0.601592
1.01282
0.973226
0.561315
1.25139
0.345247
1.14101
0.463081
0.809856
0.885991
1.50973
1.25323
1.0844
1.37902
0.993354
1.38748
0.95979
0.55245
0.758034
0.411198
1.02337
0.359036
0.923717
1.07692
0.873879
0.751665
1.08463
0.969425
1.07377
1.00389
0.209106
1.45336
0.380829
0.900891
0.844595
1.27605
0.373792
1.36453
0.358182
1.33109
1.44378
1.1061
0.998256
0.765376
0.544006
0.910548
0.755226
0.915288
0.420529
0.841946
0.445455
1.46864
0.782043
0.494956
1.22493
0.46174
0.946942
1.29096
0.375529
0.500216
0.940952
0.432146
1.24317
0.927507
0.745868
0.370259
0.473747
1.00293
1.06441
0.338899
1.06952
1.2185
0.3266
0.456172
0.86541
0.803203
1.12488
0.297576
0.82095
1.12154
0.936747
0.388649
0.728873
0.543845
1.0527
0.312166
0.59257
0.676697
0.819993
0.865684
0.615347
0.312285
0.115311
1.14415
0.810595
1.42301
0.417506
0.815776
1.34611
1.50714
0.86842
0.904536
0.756567
0.14998
1.0731
1.4262
1.55206
0.625027
1.04018
1.19554
1.32589
0.804984
1.49707
0.786978
0.929903
1.16182
0.541163
0.249482
0.386687
0.770371
0.831352
0.702562
1.46405
0.986058
0.847283
0.835428
0.399824
0.767612
1.39979
0.554839
0.368714
1.38271
1.10117
0.963899
0.768513
1.29692
1.52303
0.495373
0.62839
0.549291
0.906137
0.604286
0.61842
0.862115
0.846652
0.686749
1.09026
1.36153
0.836942
0.447669
0.986495
1.15979
0.775005
0.699818
1.30507
0.800975
0.408032
0.362852
0.945907
0.782516
0.7294
1.52897
1.12289
0.676047
0.972659
0.655903
1.24683
1.24045
1.01628
1.02529
0.455882
0.870263
0.186474
1.34557
0.552163
0.75194
0.461016
0.967261
0.9996
0.929566
1.42507
1.03965
0.254652
0.865838
1.12881
1.26567
0.856916
0.294887
0.264514
1.4443
1.24428
1.48798
0.955074
0.250485
0.695956
0.465221
0.740825
1.16103
1.0541
0.896526
1.20149
0.77986
0.696343
0.430813
0.537769
0.339222
0.929952
0.650057
0.850896
1.27848
1.19014
0.921831
0.622202
1.0329
0.662925
0.870658
0.958548
0.711535
1.365
1.10137
0.464586
0.921968
0.963181
0.870133
1.50455
1.50781
0.802988
1.56246
0.590806
0.648761
0.938233
0.377299
0.615759
0.321373
0.443792
1.0838
1.2283
0.268743
1.05303
0.550971
0.54766
0.360265
0.909909
0.656238
1.02909
0.985336
1.43438
0.88062
0.86739
0.843231
0.467601
0.563067
0.914191
1.01622
0.925737
0.674248
0.554744
1.45534
0.998444
1.17821
0.631674
0.576266
0.794846
0.787416
1.09799
0.558073
0.738437
0.276965
0.528834
0.834275
0.622991
1.3719
0.997207
0.65397
0.985468
0.856087
0.871059
0.919276
1.14099
0.796379
0.765357
0.874438
0.767317
0.406348
0.593521
0.681693
1.26785
1.53617
0.36607
0.265832
0.336639
0.380437
1.37109
0.515581
0.803422
0.73435
0.557955
0.38307
0.34577
0.540346
0.700371
1.32164
0.601676
0.451929
0.916431
0.446992
0.392498
0.686562
1.10283
1.16196
1.32958
0.126678
0.813133
0.891147
0.98485
0.594686
0.610225
0.989489
0.551179
1.29735
0.830909
0.51204
0.782338
1.23855
0.562686
0.653375
0.847359
0.369073
0.730816
1.27233
0.44397
0.720654
0.595141
0.578357
0.678587
0.512291
1.24142
1.03611
1.00085
1.26425
0.766712
1.28967
0.817479
0.799197
1.02172
0.548477
0.47382
0.934092
0.943906
0.565041
0.490208
0.562118
0.987159
0.604646
1.18449
1.20164
0.537272
0.999051
1.42856
1.25904
0.834991
0.643263
1.40391
1.25292
0.982105
0.815738
1.32503
0.782439
0.703844
0.82845
0.360166
1.56715
1.02812
0.881074
0.111209
1.22539
1.505
0.175096
1.38324
0.905456
0.714517
0.5055
0.628405
1.1499
0.316232
0.539845
0.687788
0.553596
0.673497
1.43972
0.775696
0.481304
0.292058
0.711607
0.868626
0.366657
0.776642
1.41179
1.24808
0.956968
0.651012
1.44836
0.430983
0.41805
1.32914
0.810584
0.963071
0.857988
0.854872
0.695136
1.20506
0.959137
1.45794
0.71902
1.10448
1.24081
0.857858
1.15173
0.682398
1.14457
0.737951
0.660243
1.13957
0.556
0.276581
0.555224
0.716561
0.554512
0.734372
0.905779
1.11878
1.31594
1.2772
0.771321
0.576309
1.53148
1.43529
0.887577
0.92314
0.857134
0.361453
0.329041
0.263981
0.961741
1.27981
1.57046
1.51568
0.796987
0.462812
1.05282
0.851494
1.32325
1.08703
0.372514
0.66325
1.02541
0.608317
1.23363
0.294206
0.468972
0.89323
0.726814
1.2972
0.350371
0.717931
1.33318
0.613409
1.03588
1.17921
0.489098
0.321751
1.30096
0.663264
0.571737
1.24766
0.642231
0.926056
0.609348
0.75018
0.455214
0.907894
1.51484
0.964745
0.67573
0.607401
1.01371
0.712622
0.636795
0.670668
0.770419
0.97308
1.23253
0.855913
1.50661
0.803457
0.469899
0.213644
1.12979
0.121215
1.14816
0.943947
0.643898
0.969337
0.968038
0.684614
0.311849
0.908808
0.463545
0.552961
1.0616
0.208792
0.83535
1.2113
0.600068
1.2223
0.824054
1.44442
0.375744
1.12546
0.559774
0.556811
1.56215
1.36727
0.916897
0.445342
0.688602
0.776786
0.707221
1.40652
0.613781
0.521674
0.55717
0.688539
0.561276
1.03841
1.22792
0.71123
0.454256
0.56134
0.503386
1.05878
0.504798
0.498214
0.96933
0.346928
1.04452
0.71114
0.379087
0.416748
0.594362
0.845904
1.02792
0.620182
1.19274
0.373124
0.263643
1.43804
0.420133
0.823243
0.840584
0.11858
0.261173
0.888468
0.481298
0.789315
0.419492
0.939709
1.15724
1.49229
1.17305
0.699223
1.41311
1.45461
1.35357
1.13455
1.13613
1.33903
1.12276
0.562544
0.729351
0.651715
0.976213
0.719501
1.12555
1.20638
0.573533
1.25055
0.815726
1.00767
0.0626057
0.909762
0.63835
0.979516
0.918406
1.00156
1.32174
0.805462
0.77087
0.558244
0.575631
0.396397
1.38015
1.11547
0.447058
0.805567
0.604596
0.536183
1.12836
0.786725
0.681013
0.949702
1.49731
1.31031
0.401516
1.07836
0.358121
0.413644
1.02757
0.686597
0.268249
0.481614
0.71002
1.23654
0.764564
0.998872
0.803643
1.17699
1.05662
1.37235
1.20704
0.527669
0.675233
1.17183
1.19717
0.0697138
0.88437
0.378708
0.536932
0.633971
0.833712
1.37122
1.46362
1.23799
0.720572
0.702728
1.15025
1.04738
0.342121
0.928681
0.899015
0.47003
0.602807
0.861788
0.806279
1.27323
0.688269
0.614363
1.33996
