1.44161
1.48162
0.522559
1.13297
0.811455
0.772009
0.488115
0.929837
0.474386
0.846959
0.617524
0.404979
0.720069
0.357377
1.12278
1.13355
0.913293
0.6537
1.31619
0.5872
1.23213
0.852398
1.17185
0.385886
0.480769
1.43771
0.657195
0.566146
0.517603
0.596011
0.551184
0.99943
1.27117
0.74634
0.910259
0.359034
1.15489
1.40923
1.45468
1.45207
1.45675
1.5199
0.448786
0.264978
0.711496
1.54733
0.477397
0.864804
1.14066
0.627346
0.832655
1.37793
0.808571
0.148123
0.595939
0.998351
0.923896
1.20307
0.782183
1.30226
1.32408
1.27976
0.848333
0.816902
0.644085
1.52096
0.85194
1.27802
0.860479
0.635449
0.758686
1.42987
0.305772
0.509488
1.50966
0.778199
1.41214
0.546453
0.711222
0.959855
0.74816
1.2585
1.3947
0.858202
0.229697
0.42799
0.402619
0.776681
1.14701
1.11436
0.700269
0.514972
1.32371
0.697048
0.86464
0.539556
0.544853
1.14169
0.867833
0.786554
1.15425
0.556515
1.43527
1.14793
1.29683
0.881614
0.909492
0.39027
1.08037
0.941244
0.482811
1.44987
1.49372
0.909197
0.485937
0.703935
0.654713
1.16449
1.10708
0.542671
0.933803
1.0158
0.721912
0.987496
0.977491
0.429867
0.729583
0.789667
0.435273
0.637205
0.946776
0.567403
0.804535
0.767097
0.334281
0.618434
0.793533
1.22342
0.244801
0.502861
1.22821
1.47911
0.195486
0.55859
0.545923
0.751919
1.48428
0.632112
1.20725
0.641221
0.52021
0.726772
0.929453
0.849686
0.922209
0.73249
0.324119
0.415603
1.18478
0.882565
1.38184
1.08652
0.853955
0.407486
0.63078
1.11578
0.792787
1.48876
1.02599
1.21817
0.586465
0.927601
0.616119
0.796759
0.286339
0.683411
1.16152
0.37257
0.948875
1.18271
0.519184
1.01967
0.507404
0.419734
0.179253
0.406814
0.60042
0.966843
1.38894
0.946915
0.824947
0.407094
0.42973
0.521643
1.47696
1.15845
0.506689
1.18712
0.887304
0.647232
0.748459
1.05076
0.78934
0.425525
0.474108
1.22724
0.454478
0.660085
0.228209
0.917664
1.10371
0.600048
0.803472
0.673062
0.945139
0.620662
0.643933
0.670832
0.563816
0.594044
0.684053
0.679455
0.342943
0.446202
0.940632
0.634609
1.02946
1.17423
0.6853
0.880716
0.611964
0.684766
0.514715
0.763292
0.618983
0.576438
0.397482
1.30791
0.445025
0.421114
0.394271
0.738415
0.692535
0.970765
0.82793
0.665814
0.413885
0.747786
0.857716
1.23192
0.782281
0.331357
0.429595
1.16842
1.5533
0.383574
0.897152
1.42871
1.47855
0.261242
0.496394
1.46282
0.417666
1.5145
0.91968
1.08841
0.863042
0.392467
0.313073
0.601671
1.39758
1.02983
0.658069
1.29978
1.30097
0.423485
1.17581
1.1138
1.16396
1.49453
0.994568
0.353376
0.804471
0.993913
0.997011
0.566318
0.813461
1.32685
0.531711
0.584221
0.438659
1.43343
0.320319
0.95042
0.548099
0.678191
0.376023
0.713861
1.48487
0.669478
0.787353
0.422352
1.42507
1.52538
0.817509
0.895852
1.52754
0.434116
0.806468
0.800797
0.885239
0.379969
0.709972
0.703827
0.632
1.23407
1.14809
0.843737
1.44056
0.700532
1.25531
0.904881
1.06631
0.365767
0.625737
0.580416
0.478547
0.561179
0.49874
0.708333
0.552258
0.364747
0.862715
0.520505
1.19508
0.954939
0.677195
0.488358
0.873265
0.912551
0.821576
0.80035
0.0645549
1.34126
1.14534
1.34302
1.07881
0.384543
1.21003
0.407744
0.742987
0.612214
0.925896
0.450049
1.32147
0.788333
0.817721
0.465957
0.765581
0.992174
0.471741
0.939734
0.498102
0.635956
1.12825
1.23888
1.18895
0.484141
0.774851
0.982459
1.55404
0.281798
1.42803
1.04699
0.673531
1.39299
0.893886
0.52413
1.12259
0.703734
1.34325
0.294178
0.960025
1.32433
0.889036
0.439417
0.994107
0.700505
0.624933
1.03575
0.712863
0.738172
0.871886
0.908041
1.26456
0.556607
0.486229
0.500432
1.17803
0.934216
0.167698
0.60568
0.562232
0.953562
0.797473
0.536123
1.4482
0.504575
0.882901
0.868256
1.423
0.372121
0.168556
1.1396
0.771885
1.02229
0.898078
0.466144
0.953948
0.257201
0.407044
0.582617
0.440514
0.845773
0.657006
0.343102
1.21248
0.836394
0.774586
0.806624
0.970267
1.48051
0.597463
0.739767
0.786755
0.717275
1.19185
0.703615
0.531359
0.671942
0.694729
0.442679
0.698841
0.704044
0.873104
0.377315
0.599475
1.56433
0.971479
0.663421
1.24995
0.959665
0.622682
0.919866
1.17281
1.2029
0.880909
1.04428
0.823173
0.919836
0.445613
0.814885
0.74006
1.05052
0.618956
0.710202
0.69489
0.773798
0.822947
0.481535
0.984682
0.558274
1.3414
1.41647
0.395424
0.357352
1.40784
0.613218
1.01328
0.8917
0.791286
1.33298
0.796252
0.990138
0.527258
1.0879
0.838742
0.621339
0.776014
0.317712
0.640244
0.412913
1.04838
0.692465
0.879393
0.807976
0.703445
0.314703
0.702584
0.645225
1.14453
0.61518
0.4017
1.29951
0.934423
0.964111
0.471814
0.920593
0.456966
0.492583
0.597529
0.787823
1.20308
0.66618
1.2058
1.32459
0.961899
1.32331
0.305366
0.99
0.907095
1.42278
0.931932
0.716188
0.91464
1
1.31807
0.739175
1.14715
0.558441
1.16353
0.447555
0.824605
0.854191
1.54163
1.49911
0.973217
0.987981
1.22468
1.20505
1.35803
0.463148
0.593328
0.288811
0.694878
1.08812
0.459317
0.83903
0.907031
1.51144
1.09597
1.5159
0.933813
0.550988
0.398193
0.504296
1.26929
0.759368
1.28366
0.693699
0.183873
0.671471
1.28855
1.36571
0.707619
0.513319
0.83935
1.00154
0.282946
0.910805
0.717953
0.359611
1.01241
1.14184
0.563114
1.18563
0.487839
0.680563
0.831427
1.09233
0.279248
0.770484
0.739174
0.771591
1.0399
0.976894
0.656139
0.663126
0.593904
0.815229
0.781372
0.702767
0.79159
0.431765
0.614349
1.01278
1.3979
0.366783
0.41734
0.505365
0.814761
0.66402
0.809569
0.943022
0.819229
1.44665
0.864347
0.530381
0.916295
1.39106
0.932398
1.0554
1.4098
1.0035
1.08491
0.689724
1.03191
0.564856
0.818701
0.928995
0.12446
0.410556
0.917846
0.500144
1.11223
0.684248
0.640994
0.692168
1.23634
1.3842
0.949832
0.682669
1.18724
1.48658
0.434314
0.492823
0.369716
0.354327
1.11416
1.14797
0.665953
0.777024
0.254093
1.04722
0.556695
0.851435
1.36844
1.12593
0.61872
0.357998
1.36713
0.553453
0.294752
1.05341
1.01123
0.789675
1.12332
0.737301
0.98107
0.84836
0.838232
1.0712
0.800358
0.608802
0.59191
1.29823
0.915935
0.777989
0.794578
1.04227
0.701819
1.34367
1.1422
0.962585
0.188354
1.01031
0.133802
1.1791
0.993756
0.673118
1.32651
0.381863
0.855228
0.536828
0.440377
0.647014
0.870052
0.753874
0.726442
0.516923
0.548724
1.13901
0.59681
1.12105
0.532542
1.13328
0.383804
0.41059
1.24362
1.07494
0.872194
0.896993
1.52237
0.427442
0.278034
0.803667
0.877931
0.768526
0.269611
0.120448
1.17463
0.366665
0.436086
1.29508
1.15531
1.07879
0.9984
0.784643
0.658324
1.22337
1.06864
0.371147
0.462844
0.444318
0.859067
0.601827
0.625686
1.22904
0.965864
1.24726
0.965698
1.16348
0.837672
0.655367
0.232473
1.02859
0.881723
0.645622
0.575384
1.03099
1.32767
0.714949
1.57018
1.53669
1.22347
0.320376
1.06576
0.633207
0.298087
0.376639
0.926661
0.907145
0.767357
0.67281
0.69995
0.763253
1.08213
0.51855
0.644743
0.67677
0.682402
0.810357
0.49429
1.08332
1.48464
0.912034
0.452216
0.475205
0.458024
0.465376
0.710495
0.749311
0.780154
0.767549
1.02889
0.379444
0.798835
0.654206
1.08046
0.440595
0.267688
0.382241
1.12023
0.615994
0.774588
0.862665
0.636426
0.973535
1.2547
0.955458
1.26244
1.25253
0.409623
1.31474
1.08996
0.712848
1.06378
0.382234
0.703413
1.02301
1.32556
0.526387
0.657595
0.865467
0.443256
0.612418
0.328316
0.880122
0.719766
0.508137
0.652495
0.931908
1.52918
1.2958
1.27527
0.996941
0.820933
0.746068
0.976147
1.39364
0.379499
0.917601
0.419401
0.627615
0.7715
0.810623
0.555131
0.993555
0.548349
0.366107
1.03141
1.18322
0.456583
0.684935
1.07385
1.56422
0.605511
1.49377
0.529268
0.52003
1.32611
0.956301
0.522421
0.858981
1.08619
1.39865
0.824528
0.365568
1.32803
0.898092
1.01476
1.48201
0.443555
1.33174
1.05877
0.950622
0.827392
1.03239
1.10369
0.562667
0.338366
0.333052
0.567836
0.344934
0.504694
1.09861
1.33911
0.558888
0.878105
0.444274
0.901539
0.36118
1.04386
0.341466
1.15062
0.879224
0.5545
1.43023
0.79406
0.437088
0.750334
0.407649
1.18962
0.778411
0.572698
0.86568
0.637691
0.628825
0.784016
0.940182
1.2403
0.890798
0.535413
1.28669
0.55098
0.832628
1.15856
0.795644
0.433805
0.75555
1.00705
0.789949
1.17745
1.1365
1.42094
0.976318
0.498536
0.869222
0.914039
0.933726
0.363689
0.340109
0.460565
0.838329
0.930093
0.220763
1.16479
1.03202
0.731267
0.752667
1.05876
0.531475
0.747937
0.300487
0.837862
0.297064
0.935017
0.910044
0.332611
0.408962
0.436188
0.900158
1.39649
0.346371
0.331175
0.485436
1.13976
1.18661
0.431875
0.57148
1.22577
1.27867
0.637586
1.38675
0.910956
0.230876
1.04934
1.25753
1.48687
1.23953
1.03671
0.882599
1.05577
1.2089
1.50141
0.8826
0.946922
0.796173
0.755856
0.814381
0.926068
0.847564
0.350258
0.302509
1.3497
1.05228
1.41582
0.401291
0.377055
1.47907
1.27852
1.23212
0.833888
1.42007
0.877168
1.46449
0.746936
1.04553
0.261908
1.14095
0.800143
0.531948
1.22837
0.362022
0.361118
0.857844
0.43685
0.607672
0.558211
0.468488
0.994596
0.669838
0.581381
0.719943
0.480986
1.07358
0.535213
0.773041
0.430994
0.968309
1.17006
1.09894
0.97872
0.505022
0.273914
1.06409
1.07891
0.755937
1.2191
0.500657
1.16637
0.73301
1.44752
0.464857
1.09402
0.328293
0.802569
0.884487
1.55028
1.56795
0.979856
0.614646
0.918833
0.928759
1.46857
0.405559
0.973531
1.49334
0.967703
0.8664
0.55336
0.944667
1.15049
1.09296
0.396083
0.669825
0.827512
0.80812
0.573923
0.21761
0.626297
0.346768
0.405864
0.862978
0.719528
0.807141
0.829996
1.11423
0.405147
1.08583
0.563768
1.03781
0.958551
0.79296
1.11761
1.18345
0.911659
1.2239
1.31187
0.477239
0.62935
0.452155
0.316521
0.812823
1.23895
0.67797
0.675924
0.612574
0.569912
0.290643
0.656949
0.862955
0.778681
0.557102
0.981572
0.681071
0.666985
0.825423
1.22499
0.864939
0.565701
0.688897
0.850778
1.18165
0.962237
0.599313
0.320945
0.548227
0.763691
1.26697
0.452367
0.584363
0.66558
0.921215
1.20002
0.892367
0.431697
1.00592
0.830791
0.486372
0.664287
0.674362
0.289701
0.548542
0.380036
0.814367
0.235832
0.3808
0.41279
0.484051
0.399312
0.860322
0.812606
0.868068
1.01163
0.349276
0.929288
1.24466
0.963861
0.419397
0.59328
0.787296
0.528473
1.50628
0.832431
1.0368
0.465574
1.0101
1.22009
1.46482
0.491925
0.758981
0.798965
1.55492
0.578039
0.879619
1.12491
1.31902
0.889004
0.976778
0.137465
0.876954
0.519513
0.984592
1.18328
0.927345
1.13702
0.574634
0.327038
0.705098
0.307909
0.782273
0.688653
0.531841
0.487092
0.783902
0.514509
0.626368
0.894697
0.781468
0.728674
1.1133
0.987667
0.67519
1.27839
1.23777
1.20032
0.431585
0.817708
0.698958
0.609079
1.27076
1.37365
1.0156
0.37624
0.684959
1.03538
0.295412
1.48676
0.870853
1.08553
1.50154
0.390891
0.692611
0.778678
0.835596
0.400945
1.1734
1.02305
0.459377
0.154575
0.731946
0.24608
0.27395
0.217031
1.05762
0.970144
0.982124
1.31842
0.448118
0.476412
0.542358
0.465833
0.747731
0.984691
1.19159
0.969323
0.788008
0.527726
0.381514
1.38218
1.19016
1.42263
1.43753
0.34785
1.01152
0.925156
1.28989
0.894083
1.3222
0.161011
1.04714
1.23366
0.533817
0.616483
0.983908
0.696023
0.387854
1.3164
1.21734
1.11574
0.522712
1.40934
1.30965
0.620548
0.804036
0.673802
1.33168
0.635783
0.789421
1.0161
1.37704
1.55973
0.624534
0.718598
1.49983
1.26828
0.356047
0.955435
1.0333
0.152748
1.36549
0.833439
0.805509
0.698574
0.275792
0.841622
1.34507
1.03401
0.67057
0.460073
0.645996
1.24744
0.693732
1.56342
1.42982
0.556124
0.341562
1.18177
0.509558
0.986042
0.671711
0.976797
1.03589
0.688637
1.1368
0.509139
0.876728
0.572937
0.58769
0.344703
0.899645
0.596873
1.50499
1.02923
0.988143
0.587726
0.253008
1.06181
0.497909
0.210089
1.54364
1.02487
1.17497
0.336515
1.36565
0.755285
0.704613
0.952997
0.299553
0.371713
1.12305
0.786021
0.92232
1.06236
0.89095
0.373537
0.467363
0.600626
0.535791
0.709282
1.35349
0.52613
0.521451
0.709152
0.682007
0.578774
0.582443
0.736295
0.292377
1.52579
0.42754
1.13703
0.565524
0.360316
0.842369
0.563656
0.992242
1.0534
0.92357
0.443411
1.34974
0.413864
1.15512
0.736102
0.511926
1.12772
0.380939
0.80205
0.42356
0.994337
0.186992
0.812222
0.463417
0.367176
0.964058
0.733539
0.377618
1.3856
0.914753
1.28231
0.450689
0.800342
1.20309
0.533872
0.985608
0.405647
0.475751
1.47475
0.737984
0.536455
0.646201
1.51669
0.862152
0.476338
0.775052
0.451146
0.462363
0.719847
0.479634
0.764156
0.749982
1.34908
0.677613
1.19472
0.768359
0.760091
1.28238
0.9684
0.471414
1.02806
0.703734
0.926987
0.399437
0.477708
1.26384
1.45681
0.902264
1.14487
0.919695
0.437029
0.802951
0.940246
0.725983
0.704551
0.454596
0.647157
0.414419
0.692111
1.14099
1.02068
1.01727
1.22522
0.642231
1.56925
0.736099
0.778759
1.16897
1.48307
0.414447
1.20536
0.59109
1.53308
0.285514
1.08339
0.921845
0.809036
1.36324
0.34493
1.00691
1.21769
0.397169
0.999441
0.258004
0.937489
1.06529
0.976052
0.882406
1.13228
1.53287
0.499014
1.15371
0.560904
1.27743
0.607627
0.790783
0.725278
0.75985
0.806354
0.848605
0.40659
0.922656
0.538085
0.99836
0.396015
0.357806
0.474313
0.606787
1.22853
0.493118
1.19427
0.46095
0.380208
0.9167
1.20397
0.789827
0.541839
1.07046
0.504126
0.899694
1.21489
0.479115
1.13719
0.846888
0.373127
0.902316
1.18289
0.398589
0.593212
1.42707
0.64472
0.589263
1.44319
1.03527
0.466723
0.367411
0.792298
0.706366
1.28004
1.14683
1.49362
1.25937
0.919017
0.221631
0.81038
0.855403
0.566851
0.509668
1.21267
0.729517
0.535431
0.22972
1.02996
0.369323
0.676048
1.2646
0.615295
1.12847
0.449114
1.28967
1.09969
0.525295
1.29044
0.359579
0.199879
0.274152
0.722032
0.748937
1.28896
0.813257
1.09422
1.30556
0.733755
0.658954
1.25251
0.461403
0.994777
0.273301
1.52439
0.406094
0.859087
0.700932
0.866024
0.349174
0.627016
0.164858
0.927498
0.60614
1.00917
1.35473
0.692019
0.854639
0.362764
1.34399
0.407142
1.12376
0.314489
0.538128
1.40668
0.337624
0.589294
0.771736
1.13264
0.983626
1.2784
0.897633
0.827153
0.740514
0.201966
0.569208
1.39272
0.773241
0.82361
1.55279
1.23076
0.492031
0.496454
0.529513
0.724726
0.906068
0.982734
0.541559
0.939744
1.14688
1.25275
1.22824
1.30511
1.44626
0.857117
1.01021
0.781161
0.464155
1.05154
1.08982
0.623717
1.2133
0.400885
0.244636
0.772234
1.15199
0.978212
0.770096
0.411253
0.465128
0.833036
0.909766
0.986581
1.17241
0.100874
0.676546
0.580143
0.970844
0.456642
1.12986
0.848154
1.19221
0.618247
1.15454
0.844512
0.904724
1.1354
0.874589
1.28132
0.510804
0.402944
0.880263
1.34644
0.685015
0.747455
0.501693
1.31964
0.276574
0.948626
1.50137
0.987639
0.871494
0.954457
0.557018
1.38818
0.898752
0.615123
1.04239
0.569241
1.20066
1.16341
1.4218
1.4084
0.507189
0.81078
0.197058
1.22119
0.700371
1.35969
1.5455
0.28827
0.251831
1.48336
0.82755
0.361535
0.383309
1.08387
0.545346
0.499705
1.02265
0.95204
0.815632
1.37048
1.06372
1.15024
1.31536
0.665537
1.42633
0.569974
0.579528
1.09378
0.901425
0.646385
0.812673
0.9888
0.941766
1.16417
0.307338
0.241522
0.55868
1.38279
0.852086
0.869085
0.924068
1.55818
0.675964
0.497504
0.397581
1.06429
0.773592
0.505811
0.422024
1.03989
0.410493
1.28482
0.949069
1.36539
1.36695
0.726284
1.37277
0.418759
0.767313
1.13299
0.745622
0.818492
1.27704
0.680805
0.677111
0.891597
0.596299
0.752274
1.03615
0.874148
0.487309
0.370732
0.492049
0.714913
0.545904
1.04828
1.22874
1.13653
0.662842
0.311632
0.934634
1.25431
0.799656
1.32586
1.0437
0.898858
0.61077
1.14552
0.969177
0.50005
0.510956
1.1551
0.741883
1.17686
1.33537
1.11102
0.780629
0.881683
0.635115
0.280279
0.952713
0.695671
0.474446
0.692752
0.81633
0.791871
0.880755
1.10536
0.322836
0.492874
1.23402
0.919846
0.722819
0.966592
0.687081
1.41217
1.21748
1.25837
0.325586
0.985947
0.731984
0.702565
0.248502
0.589797
1.06678
0.854274
0.390493
0.95912
0.65799
0.6294
0.629834
0.74716
0.917335
0.512993
1.06239
0.428076
0.154712
0.584306
1.00153
0.562478
0.25919
0.984673
0.293947
0.939522
0.640553
0.604206
0.43332
0.455081
0.754082
0.99417
0.748486
0.862805
0.555666
0.692074
1.08677
0.374564
0.67109
0.90368
0.337054
1.35893
0.403687
0.873834
0.331135
0.405967
0.349666
0.80065
0.833071
0.719162
1.12829
0.521146
1.46255
0.927205
0.736225
1.22709
0.904771
0.679542
0.963044
1.12613
0.687638
1.00238
0.723183
1.18707
0.389569
1.11778
0.993825
1.02398
0.465129
1.0739
0.962539
0.730508
0.925369
0.785553
0.432904
1.09543
0.346035
0.866743
0.684089
0.751299
0.757406
0.751147
1.09508
0.527762
1.52583
1.35375
0.692059
0.96468
0.669156
0.361698
1.10637
0.254966
0.254747
0.928627
0.291025
1.00399
0.783457
0.993038
0.685843
0.310804
0.808532
0.472911
0.954224
0.672343
0.83158
0.994391
0.734326
0.920664
0.735274
0.642819
0.291821
0.457259
0.539964
0.310058
0.297863
1.2969
1.01573
1.01739
1.3038
0.777649
0.633395
0.496885
1.4986
0.651547
0.913053
0.964083
0.951996
0.795838
1.45295
0.65629
0.909916
0.536277
0.255997
0.726412
0.330243
0.424287
0.401237
0.730978
0.652751
0.845849
0.94794
0.870315
0.657985
0.596801
0.832123
0.245425
0.865009
1.07235
0.521846
1.04791
1.0183
1.00492
0.445555
0.803475
0.363783
1.06261
1.40398
0.877862
0.304193
0.265568
0.625987
0.689004
0.709205
0.73132
0.981966
1.11572
0.257384
1.07449
1.06922
1.41831
0.728735
0.728553
1.07174
0.471595
0.597978
0.364357
1.13962
1.40875
0.824067
1.11708
0.501171
0.600363
0.860259
0.949728
0.517511
0.475767
0.994372
0.432747
1.01182
0.779383
1.07328
0.771853
0.948378
1.43553
1.09092
0.773844
1.02084
0.748762
0.422141
0.837216
1.28443
1.27458
0.572214
1.21119
0.352715
0.737164
0.196822
1.16058
0.299811
1.22706
0.643774
1.21286
1.14416
1.08345
1.48953
0.412004
0.282302
0.874052
0.96732
1.5554
0.503453
0.805158
0.480022
0.742186
0.220796
1.20536
0.327098
0.836131
1.50122
0.287101
0.998108
1.266
1.17141
1.50476
0.986145
1.46088
0.527477
0.310821
1.5601
1.20987
0.738692
0.524388
1.26996
1.18044
0.574462
0.291353
0.84535
0.41847
0.668011
0.415401
0.198648
0.854066
0.867541
1.05625
0.489501
1.37296
1.02214
0.550056
0.718633
0.502818
1.33957
0.827255
0.564724
1.18964
0.52797
1.05956
0.806621
0.92455
0.929335
1.15592
1.14061
0.826396
0.221915
0.729843
0.413024
0.816637
0.876329
0.514663
0.807011
0.66691
0.509088
0.826604
1.16908
0.852849
0.295588
0.723296
1.06979
0.488905
1.0948
0.380663
0.373537
1.12936
1.09957
1.00248
0.654866
0.653711
1.4393
1.10969
0.931228
0.70011
0.972996
0.300869
0.343767
0.46568
0.377878
1.37444
0.593542
0.662822
0.401974
0.408952
0.632882
1.0877
0.163161
0.868982
0.403389
0.887284
1.374
1.18742
1.19294
0.384872
1.43228
0.49404
0.49541
1.40213
0.913121
0.779705
1.38681
0.685264
0.22362
1.01908
0.805953
1.38775
0.724874
1.02392
0.386193
0.339074
0.671641
0.383124
0.626062
0.87373
0.284649
0.4111
0.681576
0.402507
0.454096
1.2583
1.30836
0.312637
0.766092
0.935579
1.21842
0.234403
1.22126
0.429772
0.891822
0.396455
0.944052
0.843535
0.395529
0.856148
1.45928
1.13342
0.395078
0.592668
0.760147
0.718343
0.369851
0.799968
1.30889
1.08951
0.289791
1.24452
0.680036
0.639819
0.859065
0.296402
0.858867
1.01552
0.662316
1.14247
0.451575
0.454799
0.734003
1.148
0.408674
0.411911
0.595619
0.622848
0.550622
1.17686
1.10756
0.324906
1.28318
0.62696
0.829318
0.910416
1.28738
0.708292
0.871074
1.49621
1.00837
1.2497
0.445622
0.708609
0.68304
0.287886
0.631106
0.483562
1.17586
0.94361
0.261632
1.25826
1.56879
1.12442
0.777959
0.362143
0.681712
1.13706
1.15787
1.46591
0.882006
0.451976
0.719858
0.37222
0.503274
0.441317
1.27952
0.916338
0.208659
0.983374
0.406315
1.09844
0.543194
1.11748
1.39844
0.284436
1.14427
0.952037
0.797313
0.794769
1.45477
1.45787
0.545172
0.77456
0.68453
0.733448
0.89922
0.4998
0.583105
1.08884
0.930524
1.34865
0.998708
0.719083
1.24347
0.845929
1.46282
0.722742
1.40324
1.20513
1.13441
0.726523
0.704749
0.992869
0.914412
0.635415
0.268609
1.28916
0.865485
1.16475
0.869788
1.0407
0.637122
0.257985
0.71452
0.520096
0.954778
1.25159
0.914203
0.384525
1.23089
0.365679
0.574268
0.665311
1.35554
0.859326
0.423831
0.633196
0.287674
0.800959
0.641775
0.885805
0.575287
0.445598
0.38429
0.667582
0.6883
0.776058
0.440368
0.850197
1.52078
0.358467
0.129567
0.951513
0.761361
0.492288
0.870316
0.297963
1.10335
0.367977
0.0794845
0.921884
1.27299
0.563525
1.26355
0.558092
1.20582
0.212253
0.939416
0.89411
1.1871
0.840904
0.980447
1.40511
0.424217
0.513076
0.215733
1.06882
1.48966
0.789803
0.566724
0.545101
0.702711
0.411624
0.945175
0.520179
0.37529
0.785362
1.22513
0.643983
1.08432
0.538833
1.01695
0.979103
0.25502
0.918516
0.676154
0.794484
0.229032
0.772037
0.43986
1.0163
0.642822
0.432128
0.348504
0.805359
0.338257
1.43626
0.459112
0.174334
0.961517
0.724554
1.07647
1.06257
0.643598
1.34485
0.922674
0.347404
1.3932
0.733013
0.455033
1.26137
0.626198
0.87392
0.9135
0.67779
1.02747
1.0486
0.796408
0.753256
1.45295
0.9888
1.35103
0.744552
0.479142
0.417264
0.681002
0.522472
0.553087
0.513428
0.354699
1.17306
1.00246
0.847012
0.512773
0.357719
1.30428
0.614867
1.25802
1.06806
1.33766
1.00785
0.440907
0.601582
1.51973
0.8194
0.216551
0.71894
0.627838
0.914305
0.409918
1.06506
0.766214
0.515581
1.52787
0.713182
0.299405
0.587144
1.17563
0.301501
0.84116
1.08159
0.57774
0.769247
0.417146
1.21166
1.19301
1.36201
0.900359
1.48152
0.363984
1.00988
0.343972
0.289662
0.67955
1.16285
0.570483
1.1324
1.20557
0.470396
0.227926
1.14592
1.5158
0.236551
1.45106
1.12124
1.09456
0.82967
1.47074
1.17828
0.526188
0.615138
0.569818
0.544802
0.267527
0.850176
0.758365
1.11608
1.19448
1.51107
0.31101
1.09084
0.562847
0.493335
1.50777
0.409197
0.977548
0.485308
0.686122
0.485384
0.889316
1.31561
1.07103
0.846453
0.731986
1.55711
0.59653
0.904362
0.72436
0.532344
1.35959
0.508383
0.363129
1.09725
0.977865
1.24397
0.773451
0.27743
1.48822
0.951284
0.846594
0.910303
0.614734
1.31259
0.481298
1.13785
1.45023
0.452582
0.393137
0.454337
0.247077
0.212978
0.823853
0.646192
1.13854
1.45821
1.20323
0.193735
0.379641
0.585708
0.595377
0.407045
0.801823
0.370114
0.733129
0.877621
0.523909
0.287732
1.21781
1.12961
1.16228
0.693147
0.729401
0.439193
0.669709
0.960983
0.741171
0.661777
1.39592
0.0891467
1.15429
1.12268
0.542927
0.34935
0.97987
0.742765
0.573266
0.874944
0.787535
1.50907
0.985963
1.04609
0.470416
0.440519
0.602122
0.848723
1.53853
0.897616
0.721432
1.51693
0.697129
1.10684
0.304574
0.911991
1.16031
0.453003
0.535738
1.14859
0.40194
0.605882
0.335609
1.1728
0.46097
0.35242
0.368196
0.274157
1.11759
1.13659
0.668742
0.374432
0.542519
0.710448
0.466117
0.620582
0.445712
1.21628
0.479498
0.626616
1.42063
0.756873
0.657447
1.17444
0.388074
0.849379
1.14313
1.11962
0.283913
0.738718
0.630441
0.376538
0.562023
0.785243
0.623174
0.308886
1.31046
0.828704
0.642463
0.6082
1.26144
1.27104
1.11391
0.914799
0.512312
1.03948
1.1046
1.40581
1.03206
1.28559
1.20188
0.313885
0.269038
0.938385
1.45032
0.484851
1.00277
0.705199
1.33245
0.513885
0.86161
0.739627
0.246522
0.373359
0.54241
0.984907
0.452924
0.569214
0.464297
0.321131
0.583173
0.780396
0.617439
1.38428
0.949445
1.53694
1.38906
0.984003
0.487989
0.243843
1.13496
0.795053
1.24771
0.450143
0.823613
0.718126
1.33395
0.523904
0.815524
1.3363
0.432144
0.356893
0.809287
0.870929
0.894376
1.31902
0.736382
0.872919
0.67117
0.414997
0.522176
1.45243
1.19798
0.795058
0.504549
0.366017
0.76504
0.895642
0.76499
0.118304
1.53576
0.515268
0.49459
1.41878
0.773565
0.263531
0.836676
0.593707
0.256053
0.520196
0.186719
0.323772
0.466896
0.357881
0.965819
0.556982
0.390042
1.33419
0.409919
1.02894
0.62048
1.5413
0.306589
1.11191
1.25201
0.621298
0.932712
0.493234
0.252923
0.568867
0.810047
0.527931
0.806571
1.38914
0.825858
0.318089
0.389255
1.25754
0.470017
0.726047
0.478681
0.707111
1.03131
0.149438
0.420673
0.596526
0.870745
0.656372
0.667831
0.782661
1.22993
0.659727
1.38839
0.954688
0.0905825
0.849202
0.408917
0.411682
0.951272
0.474106
0.214588
1.25815
0.804156
0.783538
1.06644
1.19964
0.759992
0.975034
1.26174
0.469002
0.867568
1.40238
0.712218
0.4358
0.67597
0.592233
0.515756
0.309991
0.84026
1.31939
1.03418
0.991947
1.53388
0.323499
0.644433
1.34571
0.757023
1.37799
0.862228
0.634424
1.00912
0.399875
0.397556
0.217468
0.551738
0.382757
0.923212
1.29597
1.0282
0.859887
0.796862
0.743556
1.03054
0.166372
0.990209
1.28877
0.322033
0.507076
0.868089
1.27308
0.453574
0.784846
1.11639
0.783259
0.995332
1.13519
1.24398
0.86652
0.786456
0.432035
0.478625
0.459779
0.92064
1.36099
0.779409
0.774723
0.863205
0.91446
0.263299
0.992329
0.946218
0.670334
0.367669
0.259082
1.20797
0.592652
1.53128
0.953925
1.12809
0.786532
0.668645
1.35224
1.37022
0.421415
0.360471
0.65038
1.48937
1.35262
1.37284
0.973964
0.974837
1.11854
0.272326
0.667786
1.10057
0.940157
0.876664
0.850425
1.14196
0.597503
1.08491
0.257264
0.417909
1.07229
1.03691
0.303134
0.690252
0.677117
0.470431
1.47469
0.886376
1.10498
1.03495
0.501549
0.562985
1.24509
1.22821
0.276978
0.647942
0.662544
1.08352
0.963522
0.471789
0.567585
0.344371
0.604852
0.53078
0.65737
1.28176
0.82684
1.08911
0.693853
0.735681
0.504328
0.390044
0.9464
0.481473
0.768351
0.425914
0.485304
0.452813
0.587831
1.42965
0.724337
0.338448
1.02836
0.409955
0.991765
1.13224
1.00846
0.911461
1.17206
0.526687
1.18844
0.294591
0.326055
1.51853
0.191597
0.420375
1.15478
0.836904
0.871322
0.662039
0.430917
0.942418
0.855018
1.48558
0.39038
1.00661
0.780959
0.621727
0.16842
1.09223
0.639715
1.10137
0.738081
0.773056
1.43015
0.428793
1.37264
0.488824
0.503057
1.01
1.26031
0.901887
0.799795
1.35763
0.282231
0.744071
0.307896
0.977739
1.13458
0.966534
0.505052
1.00271
1.14419
1.44393
0.410578
0.675715
0.858478
0.817392
0.59183
1.25316
0.432684
0.781477
1.06061
1.47149
1.10995
1.02162
1.49837
1.49881
1.25216
1.25598
1.14036
1.25311
0.462151
0.931818
1.12099
0.758129
0.794242
1.56901
0.532967
0.963325
0.694133
1.18628
0.916278
0.236891
0.946293
0.535413
0.804707
0.359567
0.927585
0.393173
0.682215
0.395493
0.570868
0.923436
1.11555
0.300642
0.483526
0.7388
0.567098
0.821391
1.00684
0.673431
0.694078
1.12312
0.5762
1.35759
1.4993
0.472625
0.897231
1.39501
0.378896
1.53887
0.529705
1.22325
1.30979
0.767299
0.91751
0.880542
0.286497
1.35714
0.405712
1.22886
0.879771
0.578298
0.593167
0.423791
0.514488
0.655289
0.770591
0.497183
1.28758
0.52542
1.20384
0.331068
0.93517
0.565838
1.26061
0.971796
0.692572
0.80152
0.603202
0.62591
0.501572
0.943167
0.262609
0.917049
0.466314
1.30544
1.31211
0.765457
0.637192
0.576653
1.26548
0.701721
0.526401
0.848953
0.41634
1.26343
0.713531
0.600067
1.15931
1.3058
0.812415
0.863928
0.577272
0.466761
0.710172
0.937621
0.394696
0.865074
0.61284
1.15572
0.806688
0.346527
0.182461
1.29165
1.04897
0.636014
1.40149
1.00188
0.720898
0.331443
0.999836
1.03477
0.448352
0.724244
0.887906
1.52912
0.604388
0.430631
0.953558
0.809186
1.09012
0.97002
0.63287
1.36209
0.70076
0.22065
0.782395
1.51954
1.15262
0.561541
0.444198
0.44457
0.47995
1.11441
0.695712
0.69042
0.434353
0.198069
0.483549
0.674219
0.981512
0.898467
0.585515
1.08448
0.646006
0.336027
0.768992
0.798936
0.526578
0.98629
0.529791
0.755045
0.398808
0.782719
0.686975
0.851105
1.16424
1.14337
1.1142
0.946816
0.575387
0.590035
1.318
0.482215
1.00523
0.473969
1.0732
1.22644
0.701297
0.81937
0.500989
0.610544
0.187035
0.282551
1.17982
0.688987
1.08131
0.472016
0.936248
1.40388
1.5576
0.579545
0.428701
0.801717
0.812043
0.712157
1.45277
0.249301
1.55909
0.55963
0.700056
0.751757
0.893545
0.255818
1.56219
1.4868
0.537603
0.31063
0.798896
1.1019
0.6684
1.39191
0.31778
1.14392
0.583173
0.806078
0.604035
1.20766
1.1266
0.580865
0.553456
0.382321
0.542166
1.09591
1.11613
0.118226
1.06571
1.20095
0.416496
0.575412
1.12818
0.698074
1.11465
0.588014
0.515951
0.900462
0.98578
0.462227
0.823682
1.27871
1.06971
0.816729
0.739923
0.885511
0.169259
0.496483
0.601075
0.470899
1.38963
1.1868
0.904199
0.339687
0.900903
1.53482
0.652969
0.956997
0.648668
0.496616
0.353577
0.719569
0.494212
0.680792
0.83493
0.30526
0.346276
1.0465
0.627721
0.869849
0.735263
0.264684
0.736369
0.871265
0.488564
0.0967431
1.29629
0.717832
0.760223
0.707636
0.596193
0.987357
0.93758
0.747762
0.764757
0.509536
0.959698
0.725336
1.26467
0.259135
0.818506
0.743033
0.974101
0.646134
1.52948
0.963129
0.776256
1.3022
1.37961
1.04334
0.805331
1.0384
0.280863
0.315237
1.36565
0.547734
0.349492
0.600791
1.16442
1.29642
0.80466
0.491917
1.26734
0.545022
1.41549
0.671666
0.897515
0.565819
0.659539
0.764243
0.423834
0.741264
0.600743
0.768733
1.2538
1.02637
1.16017
0.472453
0.458035
1.15877
0.588509
0.804815
1.38299
0.449657
0.363108
0.750557
0.905407
0.450311
0.656489
0.536606
0.404059
1.02574
0.474578
1.01093
1.21317
0.485542
1.06941
0.697393
0.746395
0.92304
1.30349
0.529854
0.188841
0.732185
0.67374
1.00209
1.2079
0.559486
0.700605
1.1263
0.57162
0.583551
0.352222
1.34489
1.12042
1.17903
0.702659
0.455504
1.25527
1.11892
0.695666
0.813237
0.93497
0.276314
0.728843
0.620998
0.306572
1.53791
0.65601
0.297359
0.826641
1.16682
0.889869
0.350319
0.511998
0.972127
0.539487
0.396026
0.722878
0.474576
0.591097
1.26107
0.965059
0.683346
1.03207
0.527723
0.899862
0.350231
0.432441
0.772197
1.2944
1.04036
0.747927
0.700395
1.18137
0.871761
0.556599
1.54723
0.728675
0.457533
1.01073
0.669516
0.646168
1.20938
0.545531
0.776375
0.888101
0.668838
0.986475
0.948673
0.503096
0.530769
0.745328
1.10598
1.2671
1.17754
0.879795
0.371955
1.33015
0.650703
1.01316
1.12281
0.817928
0.901686
0.904889
0.828612
0.915465
0.769934
1.12269
0.238481
0.885901
0.278489
0.54267
0.720019
1.42492
1.44951
0.322223
0.565027
1.00439
0.887129
1.3039
0.817911
1.15988
1.09659
0.747127
0.604149
1.23115
0.571969
1.47852
0.570667
1.17949
0.676716
0.999911
0.520116
0.923169
0.370741
0.973676
0.985813
1.02697
0.826944
0.384544
0.538479
0.995608
0.690745
0.543047
0.646405
0.535983
0.851879
0.421679
0.374839
1.07491
0.611262
0.939098
0.724821
0.332148
0.72699
1.46446
1.34711
0.974834
0.732282
1.31896
1.22169
0.706683
1.52124
1.22102
0.579184
0.858234
1.32546
0.936222
0.91958
0.686033
0.821798
0.621142
0.736368
1.24915
0.50914
0.964042
1.27661
0.73548
0.780075
0.316211
0.904425
1.51891
0.191881
0.894437
0.637282
0.153894
0.861896
0.596493
0.745397
1.1479
1.14944
1.52931
0.497108
1.4307
0.477389
0.839591
0.535268
0.135673
0.956411
0.348759
1.17224
0.625075
0.748455
1.12764
1.35146
0.63382
1.07929
1.05887
1.13649
0.816108
1.19262
0.340625
0.450357
1.2816
0.265103
0.869093
0.97349
1.35896
0.825763
0.954805
0.743155
1.17182
1.14045
0.293252
0.618908
0.935558
1.14649
1.23746
0.754864
0.738268
0.469252
0.504104
0.541757
0.390789
0.421157
1.06392
0.859193
1.14954
0.630266
0.541548
0.907023
1.03556
0.563242
1.04095
0.786409
1.43841
0.376669
0.626599
0.916743
0.934883
0.740096
1.06774
0.851209
1.17125
0.504614
1.01345
0.565083
0.29453
0.938048
0.769423
1.51004
0.94433
0.814892
0.560181
0.613242
0.452392
0.854272
1.35497
0.772854
0.541753
0.946455
0.810267
1.47662
0.441759
1.06871
1.39157
0.920415
0.750401
0.67999
1.52567
0.913663
0.717503
1.41448
0.40489
0.979253
0.373139
0.689674
1.23037
1.10049
0.871203
0.839241
0.987895
0.246074
0.458505
1.06964
0.737255
0.498043
0.645518
0.686105
0.37525
0.65067
0.957077
1.06078
0.601495
1.47832
1.40529
1.25358
0.995154
0.712096
0.79408
0.763581
1.19101
0.560963
1.40022
0.652568
0.682288
0.157947
0.680897
0.76129
0.951503
0.387674
1.35857
0.630844
0.718844
0.399143
0.428975
0.358569
0.568056
0.338323
0.558141
1.27689
1.09135
1.03061
1.33184
1.09811
0.821683
1.25615
0.22272
0.449315
1.32946
1.0352
0.870143
0.655364
0.614356
1.298
0.900926
0.257215
1.20857
0.621061
0.352716
0.298123
0.637993
0.556696
0.579826
0.817508
0.607803
0.981824
0.689184
0.401799
0.517466
0.878797
0.3055
0.509659
1.1975
1.14989
1.23421
0.878729
0.651768
0.711966
0.779105
0.856823
0.481417
0.451602
1.33495
0.701985
0.864992
1.53911
0.47406
0.356642
0.797256
1.45517
0.986751
0.838631
0.700619
0.501813
0.775229
0.42312
0.417457
0.407178
1.04354
0.252902
0.864105
1.13104
0.652115
0.785974
0.174533
0.652764
1.09584
1.21695
1.00143
0.38521
0.349559
0.579475
0.616553
1.18496
1.42761
1.35496
0.449517
1.2194
0.508086
0.435253
0.951289
1.15924
0.814055
0.960966
1.41762
0.45587
0.373079
0.40096
0.2721
0.869759
1.48934
0.544107
1.24772
0.469551
0.997896
0.207051
0.346499
1.33245
0.556679
0.922988
0.447369
0.169282
1.4774
0.855713
0.603156
0.620773
1.04363
0.320849
1.29856
0.868448
1.22004
0.336198
0.776903
0.600153
0.394512
0.786609
1.31114
0.923609
0.526582
0.373508
1.52704
1.33571
1.04166
1.14523
1.52421
0.490051
0.408436
0.479307
0.53829
0.757052
0.655323
1.18587
0.507774
0.604256
0.598326
0.572774
0.236359
1.13372
0.580086
0.476794
0.657133
0.90216
0.646099
0.697062
0.542641
0.80669
0.567615
0.930445
1.13603
0.836883
0.927457
0.146566
0.413015
0.286748
0.448672
0.349983
0.521323
1.07507
0.497768
1.08047
1.34986
0.632531
0.609206
0.390648
0.910992
0.664962
1.28441
0.738899
1.17122
0.27985
1.28001
0.666031
1.40527
0.99466
1.24998
1.16827
0.705081
0.752036
0.619588
0.992288
0.920099
0.799364
0.589159
0.796653
0.634628
0.771763
0.442463
1.2319
0.727363
0.57093
0.805111
0.734187
0.806851
1.21518
0.771127
1.0849
0.54449
1.00103
0.948887
0.708876
1.41253
0.663411
0.429552
0.831558
1.12955
0.614491
1.11215
0.194609
1.13935
0.468754
0.382378
0.23961
0.806728
0.562523
1.21668
0.473445
0.900614
0.790597
0.892797
0.576806
1.07262
1.48253
1.18343
0.539407
1.20482
0.522134
0.836413
0.731671
1.07922
0.8298
0.802151
0.35146
0.414066
0.857665
0.759526
1.12088
0.63707
0.799158
1.41294
1.03654
0.927733
0.626997
0.735958
0.64168
0.381697
1.34032
1.12046
0.443774
0.887776
0.798981
1.32611
0.870319
1.55422
0.465547
0.41756
0.522628
1.12734
1.00444
1.21112
0.862402
0.726306
1.15244
1.11359
1.26911
0.802977
1.37364
0.705658
0.831671
0.813228
0.662824
1.43276
0.835495
0.905972
0.749335
1.33655
1.26587
0.212528
0.53368
0.434039
0.179501
0.569822
1.43916
1.04916
0.705845
0.250637
0.719263
1.44318
0.602812
0.371095
0.302581
0.580625
1.29483
0.642967
0.855887
0.960459
0.485707
1.17199
1.08704
1.14123
1.0971
0.425051
0.532498
0.822997
0.626454
1.54164
0.838591
0.888237
1.01407
1.24422
0.832718
0.421541
0.433601
0.823984
1.28643
0.254404
0.459568
0.80731
0.649383
0.693585
0.926305
0.483874
0.634139
0.622125
0.96634
0.384595
1.44339
1.31274
0.501828
0.657123
1.01912
0.887957
1.07685
1.07893
0.862258
1.36529
0.48904
1.09338
0.410074
0.840832
0.461568
1.5041
1.56088
0.165942
0.52128
0.834979
0.816253
1.24449
0.616768
0.478341
1.31863
1.0862
1.44761
0.743641
0.941502
0.168515
0.995705
0.932439
1.29206
0.64914
1.45859
0.579587
1.00112
1.20039
1.21681
0.97526
0.65065
1.35453
0.77193
0.662167
1.11337
0.774812
0.840933
0.275283
1.26932
1.05379
1.00738
0.651842
0.856466
1.30384
0.363628
0.349129
0.450141
1.24551
0.966577
0.507416
0.49763
0.383151
0.906822
1.24405
0.948148
0.883964
