0.932672
1.45516
0.372145
0.680542
0.617372
0.89112
0.424055
0.961821
1.17117
0.385375
0.66242
0.746873
0.409644
1.31757
0.51352
0.527186
0.393175
0.785472
0.889762
1.30433
0.639954
1.05726
0.628276
0.556718
1.13854
0.457683
0.777526
0.24437
0.726826
0.571891
1.05548
0.381678
0.58737
0.800166
1.12599
1.4998
0.892105
0.416633
0.167921
0.857847
0.949231
1.11091
0.772462
0.831614
0.557464
0.945609
0.799742
0.429396
0.420646
1.29483
0.927894
0.761437
1.4133
0.851276
0.643785
0.906767
0.907845
0.663003
1.20054
0.888381
0.499677
0.340255
0.513539
0.400067
1.17068
1.16399
0.97449
0.305103
0.307803
1.10812
1.03078
1.08498
0.703207
0.510204
0.814159
0.578021
0.670962
0.713577
1.08701
0.510976
0.848081
1.43132
0.341324
0.546263
0.876435
0.439906
1.25278
0.317477
1.38428
1.28317
0.408983
0.858223
0.374732
0.569959
0.833217
0.335076
0.584104
1.21498
1.2714
0.61641
1.08011
0.560582
0.778646
0.967589
0.707952
0.899671
0.524092
0.500877
0.849661
0.20921
0.890092
0.788129
1.32194
0.790955
0.399724
0.60295
0.822123
0.590029
0.525429
1.13682
0.535276
1.3664
1.20218
1.41061
0.815693
1.14235
0.723572
0.948709
0.781655
0.785463
0.830601
0.657963
1.31645
1.0575
1.14348
0.331307
0.827071
1.13881
0.984306
1.06697
1.03562
1.32104
1.10999
0.434457
1.25992
0.795471
0.593805
1.47316
0.715706
1.01886
1.53257
0.705354
1.13927
1.25915
0.54124
0.611462
0.995572
0.713137
1.26423
0.916235
1.03866
1.47281
0.624097
0.967764
1.14482
0.929012
0.823968
0.364078
0.46513
0.765885
0.722454
0.847671
0.726385
0.778879
0.784167
1.21339
1.00704
0.55346
0.585428
1.46772
1.01199
0.69556
1.49625
0.491817
0.769432
1.33324
0.758394
0.896707
1.2169
1.12419
0.737925
0.457672
0.575154
0.975476
0.947263
0.974546
0.635358
1.20875
1.24558
0.639854
0.491968
1.15292
0.883858
0.368749
0.537529
1.26341
0.607892
0.497444
0.687256
0.85684
0.841778
1.22371
0.758819
0.859452
0.461351
0.897693
1.00159
1.00286
0.652217
0.274307
1.43157
0.89519
0.74301
0.426316
1.2202
0.702867
0.373512
1.42275
0.946516
1.02789
1.536
0.980615
0.917406
0.456392
0.964747
0.342834
0.597847
0.784348
0.40523
0.636488
1.11115
0.594406
0.73759
1.46299
0.943796
0.49187
0.895117
0.430972
0.833802
1.25146
0.411572
0.800082
1.15857
0.932003
1.20092
0.647581
1.17878
0.92864
0.688976
0.328565
0.516581
0.701402
1.30185
0.883298
0.901374
0.948589
1.16028
0.304459
1.54277
0.403419
0.92791
1.56451
1.53186
1.30488
1.10411
1.40036
0.779858
0.369718
0.851281
0.786971
1.1659
0.817461
1.13473
1.56571
0.661442
0.560384
0.701363
0.540531
1.14194
0.51735
0.630646
0.280327
0.748908
1.22466
0.526676
1.33054
1.16248
0.634579
1.20008
0.883751
0.74563
0.881228
0.797089
0.787994
0.236997
1.33881
0.852856
1.37446
0.880204
0.720068
0.87654
0.918451
0.827414
0.15198
0.86881
0.83423
0.563224
0.225456
0.442034
0.343844
1.09519
0.852427
1.12302
0.814382
1.45406
0.446612
0.578652
1.00093
1.20954
0.1794
0.050841
1.48491
0.648805
0.728062
1.0891
0.541586
0.727825
1.13001
0.32446
0.710266
1.03232
0.729449
0.469669
1.34717
1.08662
0.891869
1.56767
0.202831
0.679582
0.372169
1.29201
0.496192
1.26241
1.37395
1.12416
0.66797
0.951082
0.667071
1.38858
0.113073
1.0011
1.24671
1.32033
1.35745
0.327822
1.00301
0.489337
0.766081
0.304553
0.482325
0.735576
0.806889
1.08246
0.46837
1.22088
0.789166
1.27131
0.783533
0.492345
1.55203
0.344443
0.84248
0.823518
1.03883
0.870126
1.04732
0.204782
0.732359
0.762036
1.42668
0.668196
1.40819
0.739803
0.886386
0.259288
1.16997
0.406472
1.29532
1.01893
1.21338
1.17468
1.23614
1.38223
0.259216
1.28012
0.621799
0.64166
0.969167
0.569141
0.763204
0.946074
0.499497
0.674026
1.49329
0.750588
0.860427
0.976369
0.848243
0.545499
1.16412
0.782122
0.775729
0.259945
0.352919
0.887475
1.10174
0.560948
0.660779
1.04218
0.496093
1.05125
1.03521
0.832275
0.534122
1.43941
0.332829
0.826994
1.02396
1.14881
0.73632
0.411124
0.671826
0.611219
0.516341
0.352749
0.848884
0.411572
0.918813
1.22071
0.774415
0.610988
0.77209
0.806922
0.73971
1.34904
0.722191
0.319421
1.13967
0.833932
1.11023
0.877449
0.608243
0.783822
1.26983
0.875141
0.557451
0.676936
1.32942
1.21103
0.311984
0.710148
1.10001
0.649281
0.552731
0.44805
0.769103
0.307807
1.026
1.36828
0.505191
1.308
1.39876
0.749742
1.25977
0.535984
0.353863
0.511415
1.07664
0.577476
0.510458
0.441815
0.892638
0.243987
1.11766
0.905745
1.31454
0.744356
0.411035
0.439232
0.895819
0.932457
0.422231
0.628533
0.941541
1.11568
0.596023
0.926969
0.668088
0.972452
0.364227
0.785608
0.512991
0.479857
0.686283
0.794233
0.401422
1.2342
0.883763
0.985604
0.598822
0.764117
1.5623
1.1507
1.01808
0.240851
1.52867
0.897719
0.36019
0.834604
1.37975
0.971586
0.585997
1.04647
0.407774
1.38002
0.801361
0.942479
1.08631
1.17716
1.46666
1.3924
0.910937
0.748075
0.570215
1.19062
0.823354
0.644472
1.10239
0.711286
1.07045
0.528979
1.2624
1.07174
0.826829
0.981007
0.593321
0.271182
1.40479
1.00162
0.661924
0.844522
0.963454
0.753801
1.0346
0.703125
1.13181
0.56478
0.723586
0.777732
0.729141
1.51739
1.00453
0.446388
1.18301
0.868248
1.18679
1.28056
0.52513
1.56355
0.458047
0.707335
0.747695
0.676303
1.05568
0.493859
0.956142
1.53428
1.03135
1.4715
0.553258
1.15778
0.920472
0.696341
0.801192
1.05761
0.629611
1.40501
0.975425
0.937728
0.465779
0.849522
0.748411
1.08468
1.35986
0.776579
1.0468
1.1377
0.87187
0.276722
0.655451
1.20633
0.614675
1.45922
0.544073
0.339576
0.972029
0.271744
1.01896
0.418903
1.20228
1.44497
0.957332
1.36619
0.449813
0.726434
0.9526
1.21587
0.135696
1.02457
1.32799
0.966972
1.03199
0.737894
1.27
0.37236
1.39928
0.728678
0.368388
0.584984
0.565777
0.408032
0.868001
1.32859
0.711194
1.32975
1.31098
0.387485
1.17591
1.52053
0.44084
1.45455
0.400523
1.43287
0.817876
1.38737
0.118467
0.468071
0.416313
1.11433
0.560877
1.37449
1.04537
0.804647
0.852574
0.836268
0.927663
0.582137
1.44193
1.45636
0.775845
0.579507
0.914814
1.34013
0.898986
0.876329
0.83779
0.700207
0.967774
0.878057
0.908123
0.897393
1.51568
0.703593
0.425219
0.2239
0.952982
0.680162
0.224948
0.953327
0.617035
1.07699
0.506669
0.628261
0.800178
0.913195
0.763584
0.379958
0.800691
0.80231
1.49096
0.461905
0.553851
0.0972076
0.696634
1.12588
0.347971
0.622454
0.62357
0.235522
1.4494
0.688484
1.06448
0.77388
0.749396
0.692982
0.538779
1.41153
0.421031
0.428275
0.762138
0.780078
0.53675
1.13726
0.593106
0.306632
0.786961
0.607446
0.619964
1.10328
0.83881
1.35478
1.44858
0.474159
0.564243
0.958188
0.911637
0.851126
0.610013
0.518598
0.964268
0.757594
0.743429
0.518318
1.04741
0.865811
0.666696
1.54432
1.01461
1.10912
0.929713
1.26078
1.20753
0.324897
0.935448
0.365472
0.762116
0.994959
0.610281
0.587226
0.494247
0.66555
1.2268
0.882337
0.676621
1.17266
1.09847
0.266139
0.566986
0.668467
0.621722
0.875664
0.748589
1.26414
0.824892
1.27122
0.249155
0.551378
1.52925
1.07826
0.463539
0.824459
0.581162
0.978559
0.912591
0.905891
0.389367
0.876958
1.13095
0.409131
0.697616
0.473443
0.92726
0.444837
0.893036
0.563311
0.332763
1.12957
0.339092
0.387424
0.747781
0.793598
1.13122
0.558667
0.661772
0.920883
0.479968
0.74104
0.689858
1.39335
1.11477
1.43006
0.45567
1.14606
1.26509
0.517751
0.778529
0.639346
0.924418
1.1949
0.794457
0.598687
0.673477
0.706695
0.235955
0.842623
0.613592
0.749072
1.21696
0.260853
0.724576
1.17499
0.743821
0.227552
0.457696
0.85656
1.09217
1.22291
0.539404
0.369677
1.34616
0.704887
1.13953
0.93858
0.479074
0.489402
0.694879
1.33898
0.533726
0.719915
0.896043
1.05027
0.535366
0.708246
1.30827
0.810881
1.49759
0.993787
1.21944
0.385833
0.980253
0.79611
0.893617
0.878092
0.949247
1.06781
1.32377
0.359292
0.503707
0.737116
0.563954
0.727459
1.51123
0.704919
0.311299
1.18291
0.28214
0.552271
1.04829
1.07434
0.724675
1.14082
0.678505
1.12078
0.766887
0.848321
1.1348
0.92777
0.533851
0.548958
0.871108
1.11528
1.44751
0.762166
1.16562
1.44945
0.592837
0.574278
0.60302
1.19165
0.817546
1.27488
0.764783
0.258882
0.698154
0.785039
0.989871
1.09556
0.212258
0.523595
0.818002
0.795722
0.635796
0.770536
0.850755
1.01328
0.420342
0.668915
0.626288
0.267107
0.256614
0.614433
1.08892
0.627756
0.902096
1.15273
0.601291
0.713672
1.00431
0.154095
0.264635
0.585117
0.325023
1.36605
0.482339
1.0935
0.200031
0.88929
1.41281
0.617834
0.975
1.02587
1.31536
1.39238
0.661792
0.548679
0.820363
0.845353
0.945985
0.350598
0.793163
0.505002
1.28192
1.15216
0.650327
1.14307
1.02067
0.788966
1.51802
0.761373
0.777453
1.11786
0.474017
0.729412
0.8914
1.0159
0.605515
0.312263
0.818905
0.404912
0.409235
0.5899
0.437318
0.72777
1.3282
0.654164
0.399795
1.54469
0.442234
1.17031
0.718683
0.829117
1.02981
0.273119
0.249113
1.42911
0.698864
0.324039
0.699503
0.224637
0.771802
0.379167
0.878943
0.883259
0.751814
0.957843
0.629909
0.434561
0.413474
1.56713
1.0804
0.489998
0.547727
0.502478
0.770551
0.552412
1.04748
1.32992
0.264541
0.853374
0.422528
1.34406
0.68895
0.659862
1.52971
0.336798
0.851887
1.02527
0.275433
0.478899
0.718771
1.14506
0.396596
1.01312
0.96925
0.690321
0.724129
0.637641
0.622188
1.56954
1.29154
0.912283
1.4817
1.31746
1.24693
0.800591
1.05936
0.894371
0.347788
0.754845
0.976485
0.747729
0.424818
1.27275
0.527715
1.45604
1.31798
0.707346
1.15285
0.688671
0.950275
1.00943
0.3704
0.447084
0.923221
0.869938
1.21908
0.831185
1.46296
1.30292
0.925225
0.399418
0.981112
1.50184
0.874831
0.468125
0.621577
1.35193
0.985071
0.715545
1.01779
1.12489
1.14125
1.19166
0.953478
0.264451
1.01654
0.521955
1.17596
0.946362
1.14979
1.07151
0.987318
0.711697
0.885519
1.41412
0.998601
0.736522
0.776932
1.19315
0.299588
1.42321
0.914817
0.662252
0.774305
0.855669
0.74038
1.33059
0.947084
0.68071
0.208991
0.167207
1.28306
1.25437
0.629869
1.10134
0.798931
1.04937
0.311523
0.653475
0.281197
1.40586
0.944221
0.959878
0.697593
0.838477
0.915806
1.51499
0.319044
1.29411
1.03793
0.983065
0.401378
1.0986
0.672236
0.461196
0.652634
0.147209
1.04058
0.598417
0.724088
1.14519
1.09557
1.50852
1.42333
0.675275
0.697093
1.08647
0.787375
0.547603
0.878699
0.565102
0.596713
1.25699
0.795503
0.422008
1.16868
0.939991
0.401036
1.20405
1.46732
0.741706
0.721931
0.868277
0.92164
1.41401
0.915893
1.27235
1.00071
0.542455
1.45585
0.392042
1.09572
0.419441
1.19815
0.777583
1.21094
1.08679
0.854589
1.17308
0.710711
0.837619
1.32358
0.418793
0.543956
0.258346
1.23463
0.469071
0.687332
1.10119
1.04422
0.171788
1.11074
1.35066
1.16632
0.785784
0.353579
1.20733
0.615552
0.546913
1.26203
1.01467
1.05889
0.286925
0.795116
1.17029
0.7789
1.006
0.31888
0.601301
1.14232
1.40977
0.710905
0.962614
0.772955
1.0522
0.720762
0.482027
1.5439
0.374186
0.979892
1.18907
0.327577
0.839191
0.614225
0.704598
0.798006
0.456953
0.553782
0.967826
0.648496
0.817859
0.521369
0.553166
0.566492
0.31822
0.408478
0.485032
0.511597
0.99351
0.941909
1.36756
0.732104
0.962991
0.25103
0.744277
1.03607
0.826965
0.664209
0.554978
0.182269
1.07135
0.766616
0.347637
0.839623
0.485681
0.639249
0.493644
0.799096
0.82581
0.872439
1.00608
0.648915
0.320831
0.604123
0.383955
1.38954
0.30606
1.03932
0.698167
0.778838
1.17665
0.454472
1.22382
0.851493
0.98834
0.823145
1.05698
1.46708
0.586432
0.693244
0.487258
0.251298
1.25462
0.60814
0.509685
0.469938
0.395736
1.46528
0.685611
0.812273
0.961433
1.28622
1.13831
1.14392
0.867725
0.974956
0.756195
0.376891
0.323259
0.206898
1.33537
0.861233
0.779144
0.756821
0.322544
0.896127
1.14625
0.557891
0.79461
1.18997
1.08603
0.155739
0.526003
1.33542
0.664794
1.07066
1.47888
1.49502
0.68774
0.990715
1.04316
0.455346
0.835545
1.5498
1.48406
0.597657
0.3698
0.574224
0.62154
1.00102
0.659964
1.189
0.655699
0.779792
0.997966
1.10837
0.463402
1.11495
1.08703
0.893411
1.50807
0.992811
0.972477
0.89114
1.04062
0.652069
0.246873
0.619598
0.4677
0.236452
0.829357
0.788655
1.16202
0.928537
0.751689
1.0483
0.63685
1.42326
0.742727
0.221818
0.946885
1.42779
0.910857
0.557127
0.969305
1.37097
0.806485
1.3576
0.954508
0.910598
0.795253
0.927899
0.947212
0.576902
1.13344
0.830346
0.880725
1.52427
1.47062
0.256441
0.870053
1.5368
0.734473
0.394833
0.761702
0.294461
0.304172
0.668429
0.546169
0.503829
0.819944
0.846132
0.618548
1.52926
0.63835
0.509828
1.19556
0.921231
1.30222
0.734291
0.656145
0.771024
0.450093
1.52535
1.13955
0.460661
0.966192
0.624949
0.541108
0.758684
0.93012
0.951277
0.962985
0.614091
0.820827
1.54985
1.53382
1.17818
0.293197
0.555855
1.36248
0.620966
0.773376
0.829043
0.825039
0.615537
0.867587
1.03785
0.838145
1.3359
0.845648
1.31674
0.571191
0.90538
1.36673
0.131115
0.596186
1.35521
0.849785
0.638558
0.740572
1.41529
0.379958
0.674572
0.247507
1.47652
0.856173
0.654383
1.0825
1.00835
1.38907
0.664896
0.877883
1.31983
0.801776
1.18121
1.14167
0.541338
1.45263
0.291405
1.30147
1.37945
0.974475
0.416236
0.686143
1.31053
0.4777
0.649786
0.507957
0.468016
0.975241
0.832203
1.33146
0.893351
1.40894
0.856899
0.366667
0.763974
0.738811
0.932942
0.692487
0.994112
0.925893
0.652721
0.776896
0.952175
0.807604
0.240191
1.45353
0.620509
0.749946
0.643051
1.19554
1.14989
0.845577
1.30021
0.682178
0.373765
0.637072
0.498618
0.876339
0.842722
0.676149
1.44429
0.511506
0.772039
0.861302
0.536816
1.34144
0.740125
1.06024
1.16929
0.964152
0.925713
0.716073
0.678032
0.969871
0.656646
0.646751
0.429798
0.35001
1.55837
0.794606
0.629112
0.647311
1.06499
0.722409
0.401434
1.21442
1.46551
1.00597
0.706093
1.10907
0.126445
0.709756
0.518317
0.340942
0.873463
0.722632
0.837107
0.859624
0.8084
1.2275
0.988944
0.880015
1.00672
0.603405
0.920494
0.393978
0.507989
0.778085
0.744519
0.344952
1.48858
1.38324
0.604439
0.683452
1.15185
1.3021
1.03869
0.752024
0.703414
0.800443
1.10153
0.977298
1.17147
0.689743
0.590777
0.555441
0.856884
0.717655
1.01371
0.828204
1.09504
0.745024
0.919891
1.23515
0.398083
1.46899
1.1856
0.695211
0.891685
0.354461
1.1659
1.28615
1.56978
0.496751
0.257006
0.660142
0.691943
0.648662
0.940242
0.673164
1.12624
0.673414
0.316769
1.43192
1.36591
0.583489
0.418032
1.11031
0.19663
0.814658
0.608578
1.08657
0.798528
0.711388
0.424372
0.463783
1.12258
1.15626
0.381155
0.387117
0.752027
0.868327
0.628149
0.535141
1.27715
0.497391
0.322203
0.912864
0.303404
1.43932
0.892097
0.509826
0.412762
1.399
0.493485
0.925568
1.0774
0.991657
0.613429
1.07129
0.904085
0.40013
0.667653
1.14903
0.472453
0.955375
0.264437
0.97605
0.71877
0.713582
0.412839
0.342731
1.23819
0.677807
0.535744
0.696403
0.964081
0.428253
0.9064
0.519887
0.622844
0.9628
0.933268
0.972175
1.56496
1.37453
1.26591
1.51775
0.564558
1.23842
1.20146
0.859648
1.49131
0.890031
0.936218
0.941672
0.666683
0.578234
0.792592
1.53912
0.437456
0.70734
0.26689
1.09482
1.11197
1.14352
0.363391
0.854415
1.29511
0.226424
0.917472
0.39098
0.521277
0.415837
1.00843
1.34075
0.239867
0.147006
0.911167
1.31721
1.08036
0.470368
0.871132
0.447837
0.535133
0.876498
0.455419
0.857188
0.891182
1.33459
0.333674
0.317758
0.603663
1.01583
0.174557
0.851965
0.814016
1.07975
0.735628
0.570527
0.736762
0.353975
0.597751
1.18034
0.369774
0.690235
0.894655
0.880848
0.412597
1.16421
1.01412
0.64501
0.799848
0.768307
1.42448
1.35523
0.708059
1.11684
0.838646
0.765411
0.760137
0.777185
0.523653
1.05234
0.773967
0.823754
0.605756
0.891379
0.587733
0.735911
0.620815
0.589966
0.432137
1.04387
0.654062
0.353975
1.46174
0.820691
0.928354
0.803367
1.46935
0.439009
0.721941
1.26645
0.566274
0.892808
0.591109
0.728165
0.740425
0.866058
0.459838
0.900236
0.880036
0.948996
0.815157
0.790665
0.733445
1.09881
0.590101
1.12281
1.40326
0.893501
1.20085
0.543367
1.16713
1.27172
1.52159
1.21492
1.23563
1.07397
0.980817
1.15453
0.930789
0.666545
1.42371
0.971516
1.17508
0.852058
0.96403
1.12311
0.927489
0.837905
1.21564
0.247431
1.39428
0.722743
0.382317
0.519401
1.53105
0.635602
0.517369
0.948378
0.834486
0.878003
1.13305
0.636453
0.234798
0.543032
0.999466
0.732115
1.21116
0.943593
0.230803
0.981235
0.375935
0.726536
1.36076
0.763817
0.435271
1.22818
0.858742
1.55895
0.783351
0.207231
0.380588
0.81486
0.870727
0.414385
0.742418
0.635726
0.568255
0.659366
1.4191
1.09636
0.742745
1.2253
0.72793
0.774214
0.391176
0.588021
0.939702
0.499091
1.26477
0.74968
0.948774
0.874561
0.952557
0.868718
0.346418
0.545473
0.947388
0.89245
0.977078
0.559781
1.39766
0.486464
1.17582
1.31178
0.672112
0.858094
0.32386
1.36548
0.308133
0.757639
0.447011
0.134103
1.49331
0.896856
0.771462
0.936867
0.816517
0.670615
1.01366
0.607118
0.394842
0.38742
0.648486
0.985739
0.581764
0.254151
1.10173
1.12511
0.641411
1.35811
1.1468
1.30587
1.06783
0.869205
0.846948
0.648967
0.949434
1.1073
1.17665
0.301837
0.585462
0.554264
0.620287
0.605683
0.790592
0.893808
0.532591
0.569775
0.977931
0.883832
1.07094
0.826234
0.272547
0.906276
0.601066
0.554917
1.40484
1.10276
0.284991
0.445615
0.884283
1.42563
0.924731
0.879275
1.21058
1.02299
1.24815
0.826561
0.888523
0.984223
0.794897
0.676625
1.03726
1.22015
0.873204
0.429422
0.755575
0.676942
0.294148
0.899754
1.35355
1.13238
1.01224
0.826621
0.665217
0.766672
1.06162
0.519825
0.800983
0.932852
0.685491
0.363932
0.724117
0.42641
0.883986
0.862365
0.945229
0.69286
0.472267
1.00782
1.4885
0.745832
0.63442
0.524111
0.380721
1.22565
1.10738
1.00676
1.45934
1.12056
0.505578
0.824308
1.0856
0.604346
0.879291
1.01833
0.525447
0.671884
1.17635
0.870502
1.51112
0.586467
0.922312
0.471623
0.813784
1.14759
0.439818
0.594989
0.840905
0.50364
0.416406
0.827632
1.14852
0.254121
0.428958
0.746311
0.539839
0.863451
1.03926
0.701473
1.45931
0.699149
0.597563
0.502419
0.937011
0.63182
1.27451
1.53355
0.645176
1.35943
0.548891
0.637524
0.524561
0.690683
0.877718
1.49694
0.898499
0.934005
1.04129
1.42403
0.439724
1.17745
0.209577
1.24767
1.28301
0.437795
0.885196
0.778204
0.497678
1.24319
0.433612
1.09775
1.04746
0.807568
1.36282
0.696159
0.852447
0.536562
0.520469
1.00543
0.995027
0.8414
0.743944
0.830902
1.55447
1.44766
1.08929
1.14264
0.696393
0.553018
0.542931
0.529663
0.657921
0.519613
0.550595
0.462504
0.512755
0.819348
1.26981
0.539877
0.375248
0.646246
1.19299
0.608971
0.476976
0.662936
1.27852
0.596593
0.817311
0.64076
0.752496
0.792329
1.53503
0.624542
1.12236
1.35692
1.26001
0.398976
0.657475
0.911789
1.06192
0.68546
0.346331
0.647041
0.844279
0.987556
1.03629
1.21151
0.53174
0.412624
0.811175
0.616774
1.18526
0.620912
0.871648
1.00959
0.627265
1.52181
0.647338
0.975255
0.827915
1.024
1.25375
1.15095
0.856149
0.957784
0.40219
1.18612
1.03891
1.40733
1.16229
0.776903
0.375965
1.19061
0.55929
0.915055
0.639235
0.725263
0.481409
0.286245
0.670542
0.444687
0.677986
0.506301
0.933048
0.639253
0.880444
1.09308
1.3899
0.868832
0.805217
0.906159
0.826718
0.379875
0.703977
0.731549
0.310448
1.37047
0.261915
0.558331
0.623322
0.481884
1.2055
0.805154
1.40511
0.458934
0.549659
0.869014
0.778171
0.591204
0.902825
1.04449
1.03038
0.624834
1.09765
0.96053
0.282152
0.618513
0.494826
1.10569
0.98631
0.989968
0.890455
0.668673
1.35157
1.1352
0.268792
1.39174
0.949934
0.330121
0.676377
0.973179
0.873753
1.08401
0.830736
0.479325
0.448556
0.674708
0.666258
1.21547
1.02422
1.40315
0.777703
0.391882
0.341757
1.45818
0.847264
0.379346
1.08087
1.10551
1.23951
1.2057
0.806565
0.922487
0.532689
0.351557
0.913623
1.02134
1.04615
0.49705
0.822783
0.498494
1.53713
1.33316
0.539613
1.12237
0.533625
1.35698
0.609736
0.876434
1.18063
1.10784
1.21197
1.01313
1.0756
1.09274
1.51241
0.622741
0.996801
1.25341
0.421042
0.714315
0.947935
1.04568
1.12233
1.00174
1.06312
0.90987
0.948659
0.899507
1.02694
0.950185
1.0333
0.627904
0.700424
0.563981
0.519993
0.717402
0.747518
0.844843
1.10743
1.03183
0.620924
0.752555
0.795158
0.656564
0.385317
0.809127
0.530699
0.261187
0.347769
0.990175
0.791047
1.49262
1.03055
0.604702
0.576313
1.53519
0.698656
0.354203
0.706839
1.13481
0.265437
1.14092
1.52853
1.03758
0.889498
1.21576
0.729349
1.24948
0.618073
1.06126
1.01333
0.556358
0.915579
0.227492
1.53131
0.497036
0.442694
0.762855
0.535997
0.939564
0.98357
0.612218
0.605398
0.373445
1.05945
0.511399
1.0574
0.558786
0.975777
1.21739
0.338201
1.22223
1.1551
1.10781
0.873415
0.436367
1.49585
1.40386
0.989474
0.754234
0.793436
0.408577
0.762174
0.530592
1.53261
0.406117
1.45173
0.957289
0.506417
0.474463
0.695257
1.08721
1.21432
0.968491
0.435372
1.15676
0.566625
0.639324
0.391571
0.534168
0.2877
0.581041
1.17852
1.28361
0.627309
0.478021
0.68209
0.617904
0.924697
0.60883
0.854887
1.04798
0.885379
0.511241
1.54865
0.732709
0.576065
1.47403
0.573646
1.42602
0.2598
0.670184
0.451549
0.750625
0.287351
0.708447
0.505862
0.807185
1.04317
1.24706
0.903167
0.39626
1.01574
0.862934
0.894328
0.708112
0.631425
0.850327
0.881779
0.845369
0.764274
0.956374
1.08419
0.981966
0.467838
0.703332
1.03132
0.976366
0.765387
0.907551
0.644347
0.342058
0.777167
0.699624
1.27766
0.230577
1.07641
0.88421
1.30071
1.24138
0.724615
0.876185
1.00877
0.6648
0.668585
0.815653
0.483882
0.613173
1.36957
0.993836
0.986303
1.32863
0.403106
0.393977
0.268273
1.34138
0.820555
1.49699
1.2523
0.576373
0.463864
0.597284
0.731451
0.209272
1.27593
0.576581
1.16865
0.961982
1.22047
0.529694
0.336059
0.120813
0.863863
0.544803
0.892843
0.822271
0.3538
0.821263
1.41962
0.397009
0.614485
1.11397
0.678762
0.817328
0.899057
0.915054
1.22522
1.14382
0.621639
0.294843
0.477381
0.456826
1.44187
0.183619
1.0513
0.932787
0.225686
0.44864
0.227684
1.26821
0.523225
0.670176
1.21571
0.795692
0.709963
0.434041
0.571507
0.961201
0.144114
1.40017
0.835454
0.552584
0.654424
1.05538
0.768014
1.22281
0.873691
1.23962
0.411023
0.578066
0.667701
0.28719
0.948716
1.50111
1.35586
0.808997
0.322568
1.23855
0.951515
0.720498
1.35464
1.2751
0.219428
0.607648
0.787504
0.725129
0.577635
1.01448
1.38419
1.34926
0.826364
1.51217
0.766497
0.218294
0.748082
0.743
0.528894
0.484685
1.07412
0.532847
0.385971
0.645262
0.402698
0.977093
1.54114
1.02508
0.876733
0.527428
1.17911
0.873875
0.974897
1.56003
1.1313
0.321744
0.751304
0.556515
1.307
0.575603
0.572065
0.847451
0.34382
0.666612
0.788275
0.480525
0.474947
1.27024
0.209906
0.365817
0.960044
1.39443
1.47983
0.909934
0.657832
1.19405
0.46375
0.630283
1.24847
0.943496
0.773912
0.876377
0.773921
1.00193
0.33684
0.796485
1.48068
1.09559
0.713677
0.867581
0.49305
1.04441
0.475571
0.910569
1.36878
0.827194
1.38479
1.20523
0.66013
0.540277
0.889863
0.794296
1.36822
0.733279
0.557628
0.438196
0.724913
0.672729
0.173866
0.891801
1.27238
0.729947
0.685586
0.603205
1.45365
0.700961
0.483086
1.03408
1.20484
0.622236
0.577621
0.607405
0.556257
0.543279
1.13653
0.781692
0.745407
0.518787
1.18068
0.976604
0.361309
0.952651
0.84479
0.354779
0.599426
0.391952
0.0811492
1.47489
0.466043
1.14152
1.09666
1.40498
0.8391
0.984275
0.933777
0.752739
0.616996
0.280142
1.3612
1.05099
1.19715
1.23436
0.902314
0.3486
0.805782
0.801348
0.719475
0.52373
1.25926
1.02144
0.817763
0.341625
0.688256
1.06442
0.754337
0.872345
1.15837
0.529675
1.1472
0.966253
0.531265
0.578826
1.0709
0.639076
1.24497
0.949484
0.750984
0.734101
0.794057
0.841425
0.824408
0.954094
1.40857
1.56295
1.48673
0.69853
0.671677
1.47049
0.135558
0.64322
1.0545
0.489645
0.322955
0.3628
0.624491
0.909863
0.559842
0.686532
0.78259
0.50122
0.821587
0.904353
1.14907
0.567065
0.823312
1.08719
0.815444
1.28863
1.01219
0.823258
0.609972
0.600793
0.953356
0.225177
0.513691
0.977285
0.779034
0.751122
0.675522
0.802799
0.597087
1.40611
0.426822
1.05745
0.86516
1.25387
0.485558
0.35626
0.900359
0.957976
1.16848
0.20688
0.962593
1.06011
0.872199
1.42225
1.51228
1.27367
1.02977
0.378135
0.878315
0.514648
1.52239
0.406661
1.06533
1.13674
0.856323
1.43351
0.36765
0.801216
0.691177
0.728533
0.624165
0.679746
1.45565
0.734964
0.586461
0.419923
1.13349
1.39419
1.03435
1.52496
1.42067
0.32589
1.0114
0.806883
1.14576
0.740892
0.916837
1.24488
0.999197
0.385805
0.340426
0.842735
0.956665
0.976402
0.950373
1.00857
1.28026
0.918443
0.5932
1.27805
1.01142
0.992817
0.447506
0.501821
1.22045
1.42477
0.571875
0.725114
0.996235
0.783011
1.10343
0.847684
1.07181
0.642649
1.1735
1.41769
0.302244
0.519415
0.543133
0.623441
1.39348
1.36827
0.844352
0.78071
1.20098
0.856371
0.746457
0.8495
0.721243
0.396223
1.347
1.26033
1.25976
0.685741
1.05437
0.772764
0.573364
1.08905
1.35304
1.43907
1.0602
1.45744
0.505001
0.582138
0.65857
0.358274
0.96725
0.235477
0.737024
0.856884
0.651517
0.636775
0.665362
0.925075
0.211696
1.01684
0.649431
0.506999
0.456242
0.97037
0.694918
1.46559
1.00532
1.00301
0.695524
0.93295
0.710944
1.46014
1.10376
0.453589
1.04648
0.619839
0.351867
1.35887
0.948587
1.35988
0.276211
0.981408
1.18562
0.301576
0.771133
0.922616
0.908889
0.671039
0.976781
0.938558
1.5581
0.540815
0.660376
1.02917
0.730523
0.852651
0.743797
1.04426
0.550347
0.796447
0.469418
0.615495
0.613892
0.910342
0.503757
0.899859
1.10734
0.749826
0.56001
0.390351
1.03104
0.575605
0.901873
0.686743
0.864628
1.02636
0.48964
1.16066
0.771772
0.990335
0.329058
1.13064
0.998064
0.805433
0.643712
1.30276
1.23203
1.24999
1.24034
1.44696
0.863864
1.0578
1.10583
0.506204
0.515147
0.221589
0.570369
0.557551
0.776522
0.531153
0.741445
0.422271
0.852834
0.775854
0.670571
0.8099
1.31868
0.375183
1.17229
1.30956
0.661627
0.467887
0.686192
0.633633
0.625811
0.643417
0.933694
0.914579
0.332576
0.935119
0.504745
0.501726
0.50257
0.552424
1.51254
1.28289
0.468188
0.683408
0.88075
0.557431
1.0007
1.01959
1.04996
0.409194
0.63031
1.3208
0.763632
0.604709
0.662412
0.754265
1.00406
1.38362
0.702621
0.956105
1.02938
0.736802
0.787248
0.477974
1.53742
0.732599
0.714505
0.888733
1.42935
1.05978
0.993153
1.36894
0.985909
0.327985
0.711772
1.17325
0.490878
0.495627
0.555277
1.20732
1.10649
0.608153
0.728206
0.607985
0.198093
0.504588
0.716638
1.18271
1.34605
0.86166
1.18413
0.726246
0.744744
0.513925
1.53365
0.308578
0.970939
1.29059
1.15174
0.666768
0.811634
0.760542
0.903811
1.17519
1.17395
0.563623
0.763541
1.0618
0.930737
0.766307
0.603717
0.872056
0.999369
0.246488
0.487456
0.720746
0.738194
0.610768
0.335576
1.28279
0.108584
1.30503
0.746463
0.622758
1.25269
1.20814
1.2362
0.546944
0.639283
0.7703
0.420908
0.506876
1.5136
1.49309
0.930349
0.788096
1.28533
1.52207
0.403778
1.53581
1.20932
0.301951
0.851623
1.06521
0.978623
1.27324
1.1067
0.450427
1.26134
1.17064
0.694345
0.63131
0.583742
0.299668
0.849218
1.03368
0.856754
1.07713
0.601947
0.76495
0.696502
0.515065
0.510847
1.27517
0.827358
0.384121
1.36752
0.985458
1.09671
0.857802
0.816957
0.909448
1.34267
0.802978
1.01006
0.82027
1.19449
0.442074
1.30901
0.874283
0.931408
0.706004
0.719975
0.420872
0.327555
0.843419
0.571943
1.02701
1.0309
0.549468
0.592866
0.992509
1.17574
0.899984
0.632002
0.614847
0.979542
0.857308
0.930734
0.647919
0.509341
0.372557
0.395974
1.28888
0.130122
0.131857
0.383423
1.3797
0.632751
0.649429
0.861429
0.480646
0.427668
1.35592
0.396853
0.557292
1.55854
1.06871
0.815501
0.595284
0.834441
1.51775
1.16426
0.750344
1.02
0.49623
0.390584
0.765931
0.602637
0.727218
1.01423
0.487865
0.321448
1.39982
0.773406
1.05854
0.990068
0.611875
1.06953
0.846183
0.576083
0.877157
0.736011
0.719098
0.520773
0.819937
1.18778
0.868602
0.998247
0.576542
0.493035
0.322385
0.956603
0.425526
0.974558
1.26756
0.405044
0.918205
1.3035
0.692853
0.705926
0.656148
0.38756
0.540007
1.00914
1.30107
0.577634
0.40672
0.867227
0.761227
1.06647
0.292003
0.424324
1.38921
0.418847
0.827595
1.44963
0.700551
1.15634
1.49182
1.43763
0.798156
1.33915
1.38173
1.06655
0.352015
0.442936
0.271762
1.23371
0.43693
0.18403
0.568759
1.52256
0.967415
0.273665
0.720573
0.973507
0.413206
0.712182
0.901024
1.15397
0.393413
1.25432
0.207411
0.856045
1.36803
1.43276
0.754397
0.843254
1.08208
0.721785
1.23739
0.560483
0.969879
0.612046
0.812087
0.568557
1.17008
0.887038
0.66937
0.916958
0.646503
1.13681
0.785953
0.436615
1.12211
0.39836
1.38603
1.33722
0.967275
0.308511
1.03633
0.723874
1.09822
0.651031
0.55399
0.975512
1.18861
1.18578
0.407419
1.06975
0.54804
0.619118
1.09015
0.657083
1.53129
0.577929
0.378337
0.33478
0.688456
1.14702
1.00788
0.72284
0.961931
0.927251
0.524281
0.697962
0.392315
0.866699
0.47673
1.13643
0.70704
0.166379
0.78188
1.12016
1.25468
1.04861
0.993935
0.903958
0.833957
1.32079
0.448199
0.528592
0.85745
1.29813
0.334615
1.06024
0.518238
1.32509
0.988352
0.485977
0.88965
0.788329
1.01419
1.52122
0.756336
1.14282
0.513903
0.548878
1.55802
0.608605
0.591574
0.669763
0.479541
1.35099
0.324887
0.296615
1.01634
1.01841
0.789421
0.892608
0.930723
0.4377
0.762838
0.550995
0.796516
0.908152
0.563567
0.552053
0.777005
0.871199
0.255332
0.610093
0.244678
1.11863
0.736828
1.07297
1.43325
0.814801
1.43847
0.753319
0.592083
0.774005
0.6961
0.587119
1.39831
0.490247
0.986142
0.795537
0.42006
0.389678
0.911585
0.863408
0.852725
0.933341
1.18172
0.362254
0.623916
0.524639
0.666991
1.25072
1.15239
0.661407
1.02483
1.22365
0.42858
1.40972
0.432181
0.594506
0.683404
0.927748
0.474819
0.80611
0.976164
0.25073
0.581401
0.356725
0.272447
1.53449
1.17723
0.663766
0.927948
0.812203
0.291724
0.999309
0.765328
0.257203
1.56316
0.47031
1.29789
0.974194
0.908395
0.788569
1.24727
0.657306
0.559009
0.913768
0.506515
0.5418
0.825136
0.380247
1.51592
1.53167
0.866406
1.31875
1.24735
0.894815
0.305939
0.742241
0.645331
1.43302
0.664447
0.65246
0.792701
1.14244
0.891265
1.46665
1.15421
0.551754
1.25646
0.725182
1.09572
0.98712
0.780746
1.01139
0.47422
1.04838
0.961527
0.419909
1.12867
0.364082
0.760803
1.23761
1.18655
0.678108
1.18071
0.447372
0.158893
0.834616
0.790128
1.10195
1.25562
1.12073
0.326362
0.460433
1.00567
0.222321
0.429934
1.49298
0.558593
0.727709
1.05548
1.25674
0.219948
0.748651
0.899044
0.856799
0.975035
0.849689
0.880073
1.14208
0.693009
0.567545
0.947102
1.08321
1.55258
1.00293
0.519726
0.952368
0.433933
0.369852
0.575182
0.87081
0.985474
0.54164
0.813082
0.525617
0.534266
1.29083
0.772124
0.515312
1.05767
0.735377
1.03641
1.05797
0.755005
0.831807
1.11603
1.00945
0.347487
0.954334
0.706952
0.919698
0.53463
0.82249
0.957651
0.854031
1.01907
0.307568
1.25539
1.33353
0.653193
0.996612
0.742532
0.917768
0.395648
0.936619
0.617387
0.478611
0.579297
1.20047
0.917306
1.15519
0.410178
1.12005
0.560734
0.473241
1.04398
0.750215
1.33951
0.875614
0.480962
0.912195
0.591505
0.526104
0.454688
0.630426
0.580401
0.98207
1.35236
0.815569
0.701505
1.23574
1.34505
0.995193
1.11822
0.901357
0.300311
0.486876
1.27381
0.743848
1.3426
0.15236
1.29744
0.971784
0.96762
0.352348
0.938147
0.682012
0.395524
0.595153
0.989536
0.826029
1.24202
1.1963
0.511427
0.769183
1.26082
1.0332
0.547657
0.97743
1.07536
1.30245
0.610606
1.35887
0.722466
0.801658
1.53481
0.781685
0.918139
0.791694
0.445805
0.966661
0.845596
0.349399
0.430817
1.16182
0.964807
1.25668
1.1334
1.29663
1.26892
0.832417
1.13392
0.336107
1.50296
0.704503
1.0824
0.615233
0.817949
1.08923
1.03104
0.583543
0.761952
1.2468
0.385074
0.6036
0.690711
0.634806
0.741031
0.926129
0.751134
0.762979
0.540375
0.441162
1.24078
0.511824
0.467546
0.703286
0.891446
0.852707
0.628221
0.949171
0.603371
1.48284
1.38559
1.18898
0.967733
1.10513
0.677655
1.09629
0.578485
0.444939
1.38905
0.376355
0.869451
0.878369
0.408948
0.478449
0.583671
0.919446
0.347417
0.780867
0.788343
0.689598
0.547033
0.594988
0.495404
0.758556
0.728706
0.627375
0.508826
1.18061
0.802533
1.37585
1.15691
0.861974
1.46127
1.34176
0.580121
1.17542
0.550756
0.416262
1.03432
1.32905
1.22192
0.892074
1.02294
0.472472
0.910086
0.858745
0.479305
0.91376
1.42287
0.404368
0.214804
1.05065
0.83315
0.728314
0.519455
1.28978
1.00036
0.688661
0.902811
1.05527
1.15976
0.545638
0.864713
1.01751
0.823721
0.657653
0.689061
0.960118
1.01992
0.920997
0.790612
0.641662
1.41442
0.71302
1.47935
0.983238
0.201327
0.528806
0.937026
0.452291
1.51128
1.4809
0.629322
0.26688
0.647123
1.17507
0.979592
0.361597
0.498831
0.943771
0.515655
0.409661
0.575888
1.2794
1.4687
0.680456
0.598085
0.560312
1.36686
0.855361
0.97242
0.607366
1.29962
0.66236
0.908015
1.02711
1.12543
0.737532
1.19564
0.572201
0.378399
0.822912
1.23783
0.861088
1.08396
0.767902
1.39111
1.18283
0.437979
0.394376
0.777581
0.873326
1.51775
0.594166
0.650149
1.01189
0.218049
0.548074
1.43871
0.38096
0.859774
0.683067
0.821937
0.447262
0.383443
0.827827
0.320157
1.03675
0.346723
0.750799
1.19363
0.786803
1.20484
0.329785
0.713806
0.63597
0.975176
0.659963
0.196154
1.17004
0.874045
0.438625
1.26715
1.47398
1.1474
0.50021
0.349525
0.211655
0.880621
0.876245
0.529453
0.534753
1.29795
0.647665
0.665004
0.914449
0.64218
0.70728
0.832722
0.898992
0.594588
0.630261
1.52985
0.248621
1.27835
0.851776
0.538465
1.03999
0.187929
0.844539
0.526135
0.616885
0.863031
1.14569
0.348147
0.471556
1.16303
0.553881
1.19931
0.627716
0.554788
0.631983
1.33488
1.06003
0.864416
1.24171
0.318624
0.349231
1.1131
1.15276
0.755933
0.543217
0.449302
1.10631
0.671754
0.738911
1.0383
1.13697
0.626162
0.687699
1.19883
0.50648
0.592332
0.964062
0.87273
0.77353
0.460401
0.794859
0.731203
0.465042
0.699503
0.346975
0.909835
1.46521
1.42954
0.650578
0.960175
0.491621
0.418772
0.386593
0.956959
1.42927
0.884955
1.38844
0.38731
1.56058
1.02938
0.975221
0.681895
0.800244
0.970724
0.706782
0.406046
0.436542
1.28201
1.25765
0.817009
0.648518
0.367904
0.992863
1.23906
0.944277
0.871931
0.788399
1.24749
1.23964
0.777232
1.21553
1.12234
1.26265
0.976191
0.677226
0.384858
0.356255
0.562257
0.533295
0.641422
0.464209
1.33103
1.19751
1.15052
1.24763
0.923469
0.631995
0.401578
0.504196
0.745574
0.56768
1.01008
0.679461
0.743871
1.17778
0.833978
0.941469
0.856437
0.87505
0.91387
0.994346
0.315329
0.582968
0.721199
0.719661
0.430579
0.540718
0.419998
0.539652
1.4716
0.52259
1.04221
0.710143
0.670202
0.514695
0.578356
1.03482
0.96177
0.936652
0.925261
0.849337
1.48044
0.613403
1.03421
0.987272
0.9119
0.475406
0.4569
0.950772
1.00007
1.04952
1.39857
0.792295
0.841189
0.942397
1.0163
0.583852
0.555193
0.731615
0.781569
0.962513
1.35395
0.6794
1.02701
0.583993
0.922338
0.780127
0.311352
1.12615
0.537425
1.30446
0.745884
0.399458
0.448253
0.829616
0.722148
0.779603
0.482592
0.580443
0.887757
0.884629
0.415497
1.41608
0.879904
0.303909
0.943231
1.54405
1.04171
0.560608
1.40613
0.271715
1.47448
0.93865
1.23194
0.601409
0.646497
0.713576
0.609865
0.465673
0.67881
0.596074
0.736143
0.375582
0.408392
1.18558
0.784432
1.05145
0.840751
0.396834
0.690382
0.788665
0.738358
1.45695
0.773574
1.09983
0.402359
1.36959
0.496821
1.34358
0.911629
0.786751
0.368612
1.35495
0.561575
1.30161
0.865947
0.671513
1.01445
0.620712
0.731091
1.24548
0.872382
1.0267
0.776372
1.19181
1.00569
0.563847
0.284764
0.795902
0.353075
1.22127
0.608774
0.708006
0.495572
0.831831
1.0182
1.02241
0.636046
1.3752
1.34591
1.0401
0.171777
0.36774
0.708607
0.966402
0.470379
0.749057
0.715758
0.826815
0.566706
0.59975
0.549809
0.467789
0.965481
0.95368
0.439341
0.519502
0.837048
0.537525
0.703849
0.725068
0.825402
1.24295
0.467649
1.18837
0.938391
1.29023
0.711025
0.433828
1.23483
1.05376
0.904507
0.528258
0.430252
0.628177
0.460991
0.702576
0.365208
0.193518
1.16346
1.34831
0.515292
1.20383
1.03422
0.416568
1.08768
0.560884
0.814256
0.667677
1.25329
0.647103
0.965591
1.44873
0.769117
0.40273
0.885123
1.15128
1.39799
0.784221
1.23317
0.651988
1.49996
0.501187
0.560865
0.779802
0.472852
0.680429
0.938562
0.124612
0.744268
0.928642
1.13054
0.770565
0.869486
0.865504
1.3247
0.390018
0.919404
0.567657
1.1814
0.734806
0.582613
0.295252
1.25021
0.209814
0.9374
0.365761
0.57172
0.939734
1.02826
0.57438
1.21203
1.39759
0.468704
0.800572
0.680679
0.691177
0.451877
0.883452
1.22611
1.18624
0.729336
1.00335
0.735888
1.49716
1.03764
1.08776
0.359319
0.606159
1.25425
1.08693
0.194456
0.849254
0.82121
0.958913
0.681059
0.484886
0.380643
0.546463
0.452261
1.17323
0.467817
0.809554
0.921931
0.783671
0.516033
0.361295
0.590654
0.810886
0.617477
0.62765
0.70907
0.934739
0.543127
0.520053
0.71575
0.342619
0.605405
1.19634
0.634789
0.541081
1.09982
0.954615
0.354314
0.544799
1.0605
0.964279
1.38206
0.564891
0.73097
1.42256
0.59688
1.39001
1.08932
1.17147
0.563948
0.894473
0.918342
0.872747
0.381013
0.356394
0.38286
0.522681
0.604846
0.669037
0.757435
0.630414
1.35531
1.10908
0.153983
1.53865
0.763202
0.570947
1.166
0.589588
1.06747
0.474653
0.631864
0.45197
1.18242
0.34158
1.49735
1.18905
0.573533
0.627572
0.951
0.384525
0.840906
0.618061
1.13968
0.799243
0.406677
1.07451
0.716923
0.915228
0.543905
0.339623
0.390884
1.46197
0.945761
0.706128
0.284304
1.05534
0.904492
0.723117
1.17109
0.595921
0.822994
0.63789
1.49408
0.151849
0.725406
0.923079
0.346218
1.07458
0.700164
1.42077
0.220817
0.450237
1.44516
0.53356
1.14752
0.855837
1.50027
0.946271
1.21631
1.33557
0.707212
0.57072
0.260499
1.10679
0.553256
0.78985
0.146617
1.42028
0.674482
0.477421
0.962479
0.589123
1.21312
0.88802
1.05408
1.18296
0.89161
1.34323
1.12164
1.35096
0.977535
0.817333
1.53081
0.757561
0.583112
1.09769
1.53376
0.865682
1.20155
0.41673
0.693269
0.444734
0.313309
1.00273
1.42593
1.14721
0.378462
1.25733
1.36254
0.804032
1.19386
1.28823
1.51744
1.01882
0.858719
1.04262
0.380629
0.60782
0.455826
0.201278
1.04659
1.52995
0.813784
0.368446
0.865562
0.637438
0.600202
1.33476
0.413847
0.633826
1.39466
0.996813
0.551261
0.36999
0.583156
1.50742
1.36235
0.928422
1.02163
0.184173
1.08625
1.19454
0.91095
0.552987
0.539589
0.715638
0.69133
0.346758
1.09482
1.17755
0.723237
0.677684
0.272675
1.39775
0.542854
0.829933
1.0568
0.823986
0.464379
0.82673
1.3511
0.702139
0.412305
1.287
0.481331
0.279401
0.589421
0.169651
0.872091
1.15616
0.49308
1.04269
0.859994
1.02623
1.27654
0.949612
0.737067
1.31824
0.639761
0.606339
0.728178
0.73151
0.980778
0.787644
0.991027
0.464276
0.409538
1.32293
0.919403
0.367003
1.26747
1.08523
0.599947
0.618242
1.14142
0.383479
1.5099
0.634517
0.542107
0.19856
0.971061
0.526508
0.421151
0.317199
0.865584
1.01043
1.11586
0.814969
0.667011
0.569674
1.54188
1.11068
0.457778
0.930979
0.894908
0.855499
0.795944
0.305114
0.234052
0.59053
0.970204
0.966388
0.564019
0.733378
0.870048
1.24453
1.03618
0.627546
0.509362
0.559638
0.727586
0.205362
0.464427
0.860886
0.786227
0.966933
0.808898
1.11361
0.837575
0.905043
1.39681
1.16448
0.384274
1.00577
0.385803
0.941105
0.561883
0.650975
0.521395
0.436877
0.656792
0.819312
0.657325
0.365302
0.971758
1.10245
0.534113
0.807655
0.861054
0.349896
1.09352
0.75701
0.542116
0.688773
0.93067
0.493232
0.917069
1.26516
1.0445
0.319648
0.984637
0.655889
0.980788
0.166125
0.814697
1.18075
0.423848
0.291531
0.548422
1.20872
1.31799
1.38659
0.556619
1.14566
0.547371
0.887944
1.31996
0.940319
0.863196
1.11972
0.951346
0.646674
0.937948
0.221063
0.658421
0.791939
0.349803
1.27576
1.40917
1.3168
1.47023
0.568761
0.533614
1.09435
0.498393
0.770649
0.813548
0.545048
1.46984
0.597075
0.739269
0.586786
0.742724
0.588305
1.10942
0.556251
0.400327
0.555212
0.775471
0.569716
1.13733
1.49914
0.61881
0.822833
0.869472
0.559378
1.22644
0.937432
0.489017
1.00506
0.112981
0.603579
0.867665
0.659853
1.07947
0.887482
1.14328
1.40132
0.213757
0.714686
0.68702
0.813529
0.51948
0.547785
1.01509
0.558793
0.467712
0.992591
0.393212
1.39744
0.18627
0.833264
1.11915
0.967395
0.931116
0.883263
0.673178
0.919748
0.827347
0.730661
1.37624
0.485572
1.30657
0.311505
1.1142
0.602602
0.865553
1.2433
0.539006
1.11351
1.00833
0.725339
1.1
0.479533
1.07773
0.942172
0.790092
0.965065
1.15592
1.11637
0.365351
0.981662
0.259226
0.976539
0.567693
0.645238
0.839181
0.682679
0.541653
0.586977
0.811453
0.40847
1.246
0.815375
0.336589
1.10884
0.745138
1.18482
0.674588
0.248768
0.384957
0.746555
0.850228
0.367262
1.29027
1.39994
0.840497
0.786445
1.14484
0.639152
0.473303
0.622705
0.808351
0.4433
0.563581
1.01318
0.891878
0.474739
0.365525
1.01401
1.23591
0.591589
0.858136
0.788995
